mcsteps,1,2,3,4,5,6,7,8,9,10
0,994.0,1060.0,947.0,110.0,28.0,0.0,138.0,0.0,0.0,28.0
10000,994.0,976.0,806.0,110.0,52.0,0.0,213.0,18.0,3.0,28.0
20000,994.0,880.0,692.0,110.0,81.0,0.0,276.0,19.0,21.0,28.0
30000,994.0,815.0,584.0,110.0,93.0,0.0,312.0,38.0,20.0,28.0
40000,994.0,747.0,490.0,110.0,109.0,0.0,342.0,28.0,61.0,28.0
50000,994.0,680.0,423.0,110.0,124.0,0.0,342.0,40.0,73.0,28.0
60000,994.0,619.0,354.0,110.0,131.0,0.0,345.0,34.0,83.0,28.0
70000,994.0,564.0,299.0,110.0,137.0,0.0,336.0,36.0,92.0,28.0
80000,994.0,493.0,240.0,110.0,145.0,0.0,322.0,39.0,137.0,28.0
90000,994.0,434.0,200.0,110.0,143.0,0.0,301.0,40.0,131.0,28.0
100000,994.0,429.0,262.0,119.0,143.0,0.0,293.0,38.0,137.0,32.0
110000,994.0,404.0,220.0,119.0,138.0,0.0,288.0,31.0,134.0,32.0
120000,994.0,356.0,185.0,119.0,149.0,0.0,265.0,36.0,173.0,32.0
130000,994.0,331.0,156.0,119.0,150.0,0.0,244.0,34.0,174.0,32.0
140000,994.0,307.0,133.0,118.0,144.0,2.0,222.0,29.0,169.0,33.0
150000,994.0,275.0,103.0,118.0,147.0,3.0,207.0,31.0,203.0,33.0
160000,994.0,243.0,76.0,117.0,141.0,4.0,195.0,28.0,195.0,34.0
170000,994.0,216.0,60.0,117.0,132.0,2.0,177.0,18.0,194.0,34.0
180000,994.0,188.0,46.0,117.0,120.0,1.0,163.0,18.0,174.0,34.0
190000,994.0,161.0,40.0,116.0,112.0,1.0,149.0,11.0,198.0,35.0
200000,993.0,163.0,117.0,124.0,95.0,1.0,147.0,22.0,170.0,39.0
210000,993.0,146.0,92.0,123.0,92.0,0.0,150.0,16.0,162.0,40.0
220000,993.0,131.0,73.0,123.0,84.0,0.0,147.0,14.0,183.0,40.0
230000,993.0,114.0,64.0,122.0,81.0,0.0,128.0,22.0,167.0,41.0
240000,993.0,104.0,50.0,121.0,72.0,0.0,111.0,18.0,158.0,42.0
250000,993.0,87.0,37.0,120.0,67.0,0.0,106.0,8.0,183.0,43.0
260000,993.0,76.0,32.0,120.0,67.0,0.0,93.0,12.0,169.0,43.0
270000,993.0,68.0,27.0,120.0,63.0,0.0,76.0,11.0,165.0,43.0
280000,993.0,59.0,21.0,119.0,52.0,0.0,69.0,9.0,180.0,44.0
290000,993.0,53.0,16.0,119.0,44.0,0.0,60.0,11.0,177.0,44.0
300000,992.0,59.0,96.0,129.0,40.0,0.0,68.0,10.0,164.0,47.0
310000,992.0,52.0,77.0,128.0,38.0,0.0,70.0,11.0,177.0,48.0
320000,992.0,45.0,58.0,128.0,39.0,0.0,80.0,5.0,170.0,48.0
330000,992.0,40.0,42.0,127.0,38.0,0.0,86.0,4.0,162.0,49.0
340000,992.0,34.0,32.0,127.0,34.0,0.0,79.0,11.0,169.0,49.0
350000,992.0,30.0,25.0,126.0,33.0,0.0,71.0,9.0,157.0,50.0
360000,992.0,28.0,19.0,126.0,23.0,0.0,65.0,4.0,172.0,50.0
370000,992.0,26.0,11.0,126.0,24.0,0.0,56.0,12.0,154.0,50.0
380000,992.0,22.0,9.0,126.0,21.0,0.0,51.0,5.0,156.0,50.0
390000,992.0,16.0,5.0,125.0,17.0,0.0,46.0,3.0,166.0,51.0
400000,992.0,26.0,78.0,133.0,10.0,0.0,57.0,10.0,155.0,56.0
410000,992.0,21.0,52.0,131.0,13.0,0.0,59.0,9.0,154.0,58.0
420000,992.0,18.0,43.0,127.0,14.0,0.0,56.0,6.0,167.0,62.0
430000,992.0,18.0,30.0,125.0,14.0,0.0,59.0,6.0,165.0,64.0
440000,992.0,15.0,25.0,123.0,15.0,0.0,52.0,6.0,175.0,66.0
450000,992.0,14.0,19.0,122.0,11.0,0.0,42.0,11.0,172.0,67.0
460000,992.0,10.0,13.0,121.0,11.0,0.0,36.0,4.0,175.0,68.0
470000,992.0,8.0,9.0,121.0,9.0,0.0,31.0,4.0,183.0,68.0
480000,992.0,6.0,8.0,120.0,8.0,0.0,25.0,4.0,176.0,69.0
490000,992.0,5.0,6.0,119.0,6.0,0.0,24.0,3.0,180.0,70.0
500000,991.0,14.0,78.0,128.0,6.0,0.0,51.0,1.0,173.0,74.0
510000,991.0,13.0,56.0,125.0,5.0,0.0,59.0,5.0,178.0,77.0
520000,991.0,12.0,43.0,125.0,6.0,0.0,57.0,7.0,182.0,77.0
530000,991.0,9.0,35.0,124.0,9.0,0.0,49.0,7.0,178.0,78.0
540000,991.0,8.0,25.0,122.0,9.0,0.0,47.0,7.0,189.0,80.0
550000,991.0,6.0,18.0,120.0,8.0,0.0,45.0,4.0,186.0,82.0
560000,991.0,5.0,13.0,118.0,7.0,0.0,39.0,7.0,192.0,84.0
570000,991.0,5.0,10.0,117.0,7.0,0.0,34.0,6.0,194.0,85.0
580000,991.0,5.0,7.0,115.0,4.0,0.0,29.0,5.0,203.0,87.0
590000,991.0,4.0,5.0,113.0,4.0,0.0,24.0,6.0,195.0,89.0
600000,991.0,12.0,73.0,120.0,6.0,0.0,50.0,3.0,204.0,95.0
610000,991.0,9.0,54.0,118.0,8.0,0.0,56.0,5.0,203.0,97.0
620000,991.0,8.0,33.0,116.0,9.0,0.0,58.0,9.0,212.0,99.0
630000,991.0,6.0,23.0,115.0,9.0,0.0,56.0,6.0,218.0,100.0
640000,991.0,4.0,15.0,113.0,9.0,0.0,45.0,9.0,233.0,102.0
650000,991.0,3.0,11.0,110.0,9.0,0.0,38.0,5.0,232.0,105.0
660000,991.0,3.0,9.0,108.0,7.0,0.0,35.0,3.0,239.0,107.0
670000,991.0,3.0,7.0,108.0,6.0,0.0,26.0,9.0,231.0,107.0
680000,991.0,3.0,5.0,107.0,6.0,0.0,26.0,2.0,240.0,108.0
690000,991.0,3.0,5.0,107.0,5.0,0.0,18.0,6.0,235.0,108.0
700000,991.0,11.0,74.0,116.0,6.0,0.0,46.0,0.0,244.0,112.0
710000,991.0,9.0,57.0,116.0,7.0,0.0,52.0,6.0,238.0,112.0
720000,991.0,9.0,45.0,112.0,7.0,0.0,47.0,6.0,250.0,116.0
730000,991.0,7.0,30.0,110.0,6.0,0.0,43.0,10.0,251.0,118.0
740000,991.0,4.0,21.0,107.0,7.0,0.0,38.0,5.0,268.0,121.0
750000,991.0,4.0,15.0,103.0,6.0,0.0,33.0,7.0,260.0,125.0
760000,991.0,4.0,10.0,102.0,6.0,0.0,25.0,6.0,273.0,126.0
770000,991.0,4.0,7.0,101.0,5.0,0.0,24.0,1.0,273.0,127.0
780000,991.0,3.0,5.0,98.0,3.0,0.0,19.0,3.0,278.0,130.0
790000,991.0,1.0,2.0,97.0,3.0,0.0,16.0,3.0,275.0,131.0
800000,991.0,10.0,79.0,107.0,4.0,0.0,37.0,1.0,279.0,134.0
810000,991.0,6.0,57.0,102.0,6.0,0.0,47.0,6.0,279.0,139.0
820000,991.0,6.0,46.0,98.0,4.0,0.0,42.0,8.0,292.0,143.0
830000,991.0,4.0,29.0,94.0,4.0,0.0,40.0,5.0,311.0,147.0
840000,991.0,3.0,22.0,92.0,5.0,0.0,40.0,3.0,317.0,149.0
850000,991.0,3.0,17.0,92.0,4.0,0.0,33.0,6.0,325.0,149.0
860000,991.0,2.0,12.0,88.0,4.0,0.0,31.0,5.0,328.0,153.0
870000,991.0,2.0,5.0,87.0,3.0,0.0,28.0,3.0,338.0,154.0
880000,991.0,1.0,4.0,85.0,4.0,0.0,20.0,5.0,345.0,156.0
890000,991.0,0.0,4.0,80.0,4.0,0.0,15.0,3.0,341.0,161.0
900000,991.0,10.0,78.0,88.0,3.0,0.0,34.0,4.0,347.0,166.0
910000,991.0,9.0,63.0,86.0,1.0,0.0,33.0,9.0,342.0,168.0
920000,991.0,8.0,41.0,82.0,2.0,0.0,41.0,3.0,355.0,172.0
930000,991.0,7.0,31.0,79.0,2.0,0.0,33.0,8.0,364.0,175.0
940000,991.0,6.0,23.0,77.0,2.0,0.0,28.0,7.0,365.0,177.0
950000,991.0,4.0,16.0,74.0,4.0,0.0,23.0,7.0,375.0,180.0
960000,991.0,3.0,13.0,74.0,4.0,0.0,22.0,3.0,371.0,180.0
970000,991.0,3.0,11.0,72.0,4.0,0.0,19.0,2.0,377.0,182.0
980000,991.0,2.0,10.0,70.0,5.0,0.0,18.0,2.0,379.0,184.0
990000,991.0,2.0,9.0,68.0,4.0,0.0,16.0,2.0,375.0,186.0
1000000,991.0,10.0,79.0,76.0,5.0,0.0,43.0,2.0,378.0,191.0
