meanconcen,il8mean,il1mean,il6mean,il10mean,tnfmean,tgfmean,il8std,il1std,il6std,il10std,tnfstd,tgfstd
0,7.002128e-10,0.0,0.0,0.0,0.0,0.0,3.42449e-10,0.0,0.0,0.0,0.0,0.0
10000,8.01363e-10,9.443608e-12,0.0,0.0,1.6818226e-11,0.0,5.402545e-10,1.4498677e-10,0.0,0.0,2.6260313e-10,0.0
20000,8.6967006e-10,2.2349522e-11,1.34369104e-11,2.775291e-12,4.4151495e-11,0.0,6.236525e-10,2.2220893e-10,2.1453876e-10,4.4558995e-11,4.0818102e-10,0.0
30000,9.1573366e-10,2.879721e-11,6.4683857e-12,1.3394514e-12,5.331165e-11,2.0414151e-11,6.79863e-10,2.5176913e-10,1.4926947e-10,3.1006333e-11,4.5852458e-10,2.4612454e-10
40000,9.716765e-10,4.423594e-11,1.4943772e-11,3.1037711e-12,8.3732694e-11,9.539937e-12,7.158963e-10,3.1120265e-10,2.2695709e-10,4.714403e-11,5.6829613e-10,1.6597843e-10
50000,1.0219288e-09,5.470946e-11,2.1608897e-11,4.4346003e-12,1.0331572e-10,1.6607502e-11,7.4634704e-10,3.4385272e-10,2.70656e-10,5.6193657e-11,6.273216e-10,2.2160451e-10
60000,1.0870996e-09,6.36144e-11,1.7466256e-11,3.606262e-12,1.1692686e-10,1.5543853e-11,7.675586e-10,3.6954295e-10,2.445168e-10,5.0790098e-11,6.710181e-10,2.1133283e-10
70000,1.0956205e-09,7.0986744e-11,2.565683e-11,5.2664505e-12,1.3131037e-10,2.6657166e-11,8.015117e-10,3.8869188e-10,2.9478678e-10,6.120238e-11,7.0563716e-10,2.7507494e-10
80000,1.1752704e-09,7.564213e-11,3.2483818e-11,6.7538583e-12,1.3999324e-10,2.9392187e-11,8.068402e-10,3.9820666e-10,3.306293e-10,6.9168546e-11,7.2373657e-10,2.885453e-10
90000,1.2299937e-09,6.60806e-11,3.4983474e-11,7.318055e-12,1.2495772e-10,7.413445e-11,8.2004575e-10,3.6821732e-10,3.3924388e-10,7.172955e-11,6.843051e-10,4.5966572e-10
100000,1.2784958e-09,7.7117035e-11,2.7058532e-11,5.548881e-12,1.4135054e-10,5.6988126e-11,8.3266694e-10,3.9745585e-10,3.028039e-10,6.2874005e-11,7.301474e-10,4.0054676e-10
110000,1.3133967e-09,8.3842995e-11,2.7280303e-11,5.567503e-12,1.5212683e-10,6.766865e-11,8.5156693e-10,4.1574086e-10,3.0292927e-10,6.2876135e-11,7.7116763e-10,4.3711565e-10
120000,1.3793618e-09,7.318052e-11,4.0549644e-11,8.7465755e-12,1.3698434e-10,6.3802866e-11,8.5488067e-10,3.8679726e-10,3.63209e-10,7.77786e-11,7.160258e-10,4.1979095e-10
130000,1.4127243e-09,8.561254e-11,2.4090833e-11,5.4526596e-12,1.614451e-10,7.9326865e-11,8.719572e-10,4.17179e-10,2.6679406e-10,6.065404e-11,7.9223744e-10,4.659035e-10
140000,1.4490277e-09,8.571419e-11,3.1066094e-11,6.290715e-12,1.5540924e-10,8.441238e-11,8.835045e-10,4.1493511e-10,3.176558e-10,6.633458e-11,7.7654766e-10,4.826537e-10
150000,1.5132124e-09,9.4209494e-11,2.7548309e-11,5.7215743e-12,1.6838832e-10,1.1960986e-10,8.8089763e-10,4.3256576e-10,2.9832792e-10,6.286922e-11,7.948992e-10,5.7404737e-10
160000,1.5604936e-09,9.576904e-11,2.3160567e-11,4.8360057e-12,1.697526e-10,9.976849e-11,8.924559e-10,4.3642986e-10,2.7283384e-10,5.7734956e-11,8.1537355e-10,5.169952e-10
170000,1.6062331e-09,9.61211e-11,3.1155054e-11,6.3826435e-12,1.7162835e-10,1.09644294e-10,8.9460456e-10,4.2951626e-10,3.158064e-10,6.630233e-11,8.002582e-10,5.450539e-10
180000,1.6666887e-09,1.0369879e-10,3.370884e-11,6.9793767e-12,1.8973918e-10,1.1989311e-10,8.8957874e-10,4.4977522e-10,3.314984e-10,6.964683e-11,8.3916696e-10,5.689229e-10
190000,1.7030124e-09,9.780105e-11,3.0996844e-11,6.2850575e-12,1.8073146e-10,1.240951e-10,9.019476e-10,4.338941e-10,3.157884e-10,6.615523e-11,8.208846e-10,5.7512384e-10
200000,1.7338053e-09,9.262408e-11,3.8562976e-11,7.785144e-12,1.745635e-10,1.1775422e-10,9.1437713e-10,4.201616e-10,3.573649e-10,7.716496e-11,8.0447016e-10,5.597128e-10
210000,1.7751582e-09,8.4694626e-11,1.20576596e-11,2.177648e-12,1.4610695e-10,1.3483789e-10,9.145054e-10,4.0107961e-10,1.8666117e-10,3.8601924e-11,7.5039275e-10,5.954468e-10
220000,1.8331213e-09,8.8578686e-11,1.2558345e-11,2.2523634e-12,1.4675444e-10,1.1694629e-10,9.078503e-10,4.0897682e-10,1.8835321e-10,3.8965248e-11,7.514866e-10,5.49213e-10
230000,1.888182e-09,9.202521e-11,1.5839796e-11,2.826721e-12,1.5919369e-10,8.981966e-11,9.0685187e-10,4.1453846e-10,2.1307857e-10,4.400024e-11,7.92755e-10,4.707943e-10
240000,1.925154e-09,9.46728e-11,1.5243511e-11,2.7839614e-12,1.6378188e-10,9.503388e-11,9.0897634e-10,4.1965828e-10,2.1273806e-10,4.4108307e-11,7.8806767e-10,4.833504e-10
250000,1.9931352e-09,9.251882e-11,1.3285928e-11,2.3363522e-12,1.5724734e-10,8.411354e-11,8.9025e-10,4.1082832e-10,1.9315949e-10,3.9933237e-11,7.7454787e-10,4.523105e-10
260000,2.0516095e-09,9.7614694e-11,8.815088e-12,1.3905502e-12,1.6118702e-10,6.8989106e-11,8.787345e-10,4.2146572e-10,1.3895152e-10,2.8627451e-11,7.8823814e-10,3.9494832e-10
270000,2.064402e-09,8.628939e-11,1.15950565e-11,2.2180432e-12,1.454806e-10,9.059902e-11,8.987538e-10,3.8644368e-10,1.8392411e-10,4.431542e-11,7.445935e-10,4.6177384e-10
280000,2.1064959e-09,7.797973e-11,3.6112422e-12,8.318514e-13,1.3213589e-10,9.4345115e-11,9.048052e-10,3.610425e-10,3.882079e-11,1.9137691e-11,7.1397466e-10,4.730861e-10
290000,2.1655453e-09,6.2007094e-11,1.07715555e-11,1.8262928e-12,1.057886e-10,7.927173e-11,8.9673813e-10,3.080071e-10,1.708478e-10,3.5403316e-11,6.3240096e-10,4.20585e-10
300000,2.1901851e-09,4.9497087e-11,1.9130472e-11,3.563348e-12,8.886425e-11,7.4791805e-11,9.0242425e-10,2.6358385e-10,2.402881e-10,4.9864942e-11,5.873408e-10,4.0686646e-10
310000,2.1968438e-09,5.8338646e-11,1.098877e-11,1.8728823e-12,1.0040471e-10,9.677111e-11,9.1926344e-10,2.8986558e-10,1.697124e-10,3.5105027e-11,6.08117e-10,4.8033244e-10
320000,2.2352455e-09,6.154227e-11,1.2007421e-11,2.165683e-12,1.1052393e-10,9.590507e-11,9.1611685e-10,3.0262046e-10,1.708619e-10,3.6344802e-11,6.3708e-10,4.7001864e-10
330000,2.275601e-09,6.7883095e-11,1.1301476e-11,2.1051097e-12,1.13749635e-10,1.0125229e-10,9.138324e-10,3.249009e-10,1.7075548e-10,3.630019e-11,6.5088473e-10,4.8160953e-10
340000,2.298093e-09,6.541593e-11,1.0939948e-11,1.8695076e-12,1.1988159e-10,1.1043077e-10,9.2337255e-10,3.1970893e-10,1.707193e-10,3.5381618e-11,6.7028794e-10,5.073768e-10
350000,2.336174e-09,6.153347e-11,8.619624e-12,1.546735e-12,1.081808e-10,1.07882064e-10,9.2481567e-10,3.045794e-10,1.4041997e-10,2.9783984e-11,6.313008e-10,5.0673177e-10
360000,2.3657294e-09,5.8186095e-11,6.6633517e-12,1.4030977e-12,1.0270478e-10,1.2740922e-10,9.2758473e-10,2.9051414e-10,1.0668623e-10,3.1867238e-11,6.1332467e-10,5.4999866e-10
370000,2.3947146e-09,5.747576e-11,1.1932851e-11,1.9529521e-12,1.10275206e-10,1.3490327e-10,9.297031e-10,2.9699193e-10,1.7397957e-10,3.56845e-11,6.696467e-10,5.7268645e-10
380000,2.4277662e-09,5.7899078e-11,9.1706495e-12,1.4396988e-12,1.01847225e-10,1.2548561e-10,9.369098e-10,2.925388e-10,1.4291904e-10,2.943761e-11,6.0821115e-10,5.404732e-10
390000,2.4648679e-09,5.808476e-11,8.456735e-12,1.2999355e-12,9.94477e-11,1.178948e-10,9.279612e-10,2.9181588e-10,1.4158195e-10,2.920534e-11,6.014786e-10,5.138382e-10
400000,2.4654012e-09,5.0615012e-11,3.0747499e-12,2.2653597e-13,8.561923e-11,1.3337274e-10,9.515346e-10,2.6154387e-10,1.5684308e-11,3.0169016e-12,5.593629e-10,5.5298427e-10
410000,2.4884774e-09,4.980498e-11,8.8930235e-12,1.3188008e-12,8.994591e-11,1.16391195e-10,9.602775e-10,2.5043428e-10,1.3997671e-10,2.8986329e-11,5.5978605e-10,5.0682725e-10
420000,2.535401e-09,5.288795e-11,1.434871e-11,2.4974762e-12,9.195523e-11,9.9798156e-11,9.532615e-10,2.698581e-10,1.9859887e-10,4.1214504e-11,5.6745453e-10,4.5816906e-10
430000,2.5780742e-09,5.33885e-11,9.244241e-12,1.5851682e-12,8.7544805e-11,1.01269965e-10,9.393056e-10,2.6909386e-10,1.4155223e-10,2.9855625e-11,5.5759886e-10,4.5845008e-10
440000,2.5947553e-09,5.3610654e-11,1.2261248e-11,1.997901e-12,9.499859e-11,1.0842017e-10,9.526745e-10,2.7019334e-10,1.72611e-10,3.5818702e-11,5.7549915e-10,4.776322e-10
450000,2.6234686e-09,5.170746e-11,1.7507966e-11,3.172943e-12,9.113887e-11,1.03614034e-10,9.615356e-10,2.609582e-10,2.2287742e-10,4.6295995e-11,5.5895666e-10,4.6270232e-10
460000,2.650848e-09,5.0573507e-11,1.2669365e-11,2.2443724e-12,8.978968e-11,1.1768389e-10,9.546409e-10,2.5381688e-10,1.7344164e-10,3.6284337e-11,5.511905e-10,5.082587e-10
470000,2.6806795e-09,4.6190326e-11,1.2266373e-11,2.095045e-12,7.949203e-11,1.281998e-10,9.598283e-10,2.3715768e-10,1.7343761e-10,3.6060644e-11,5.1761856e-10,5.346131e-10
480000,2.7136016e-09,3.691579e-11,3.218261e-12,2.991744e-13,6.0791046e-11,1.3626054e-10,9.530668e-10,1.7732533e-10,1.40601975e-11,4.718409e-12,4.423518e-10,5.523072e-10
490000,2.7640958e-09,3.3790592e-11,9.5421735e-12,1.517837e-12,5.07548e-11,1.1867192e-10,9.483491e-10,1.6403152e-10,1.4344931e-10,2.9808638e-11,3.944176e-10,5.035104e-10
500000,2.7422133e-09,3.350267e-11,6.5863083e-12,9.721074e-13,5.7242454e-11,1.2163426e-10,9.857378e-10,1.6168518e-10,1.0101568e-10,2.1066048e-11,4.3177986e-10,5.1107174e-10
510000,2.7528888e-09,3.2176813e-11,6.4877873e-12,9.415952e-13,5.2619333e-11,1.4315334e-10,9.981023e-10,1.4956025e-10,1.0031462e-10,2.1117283e-11,4.0329395e-10,5.6172594e-10
520000,2.7682825e-09,3.596593e-11,3.9363894e-12,3.9988818e-13,6.337424e-11,1.6228577e-10,1.0025251e-09,1.7291313e-10,1.5467965e-11,5.3520972e-12,4.461296e-10,6.014038e-10
530000,2.7855924e-09,3.5843262e-11,7.219474e-12,1.4103177e-12,5.781601e-11,1.580666e-10,1.0242842e-09,1.7559845e-10,1.04297654e-10,2.6213691e-11,4.196503e-10,5.920626e-10
540000,2.836202e-09,2.8365511e-11,6.5304736e-12,8.26668e-13,4.032095e-11,1.640322e-10,1.0018557e-09,1.1591786e-10,1.00507346e-10,2.0797494e-11,3.3055395e-10,6.0303557e-10
550000,2.841215e-09,3.4550186e-11,1.5283833e-11,2.8211535e-12,5.543362e-11,1.6945062e-10,1.0218033e-09,1.6119807e-10,1.9928309e-10,4.162879e-11,3.96918e-10,6.1289007e-10
560000,2.8930187e-09,3.0261467e-11,6.4426624e-12,8.563355e-13,4.476073e-11,1.6199261e-10,1.0013905e-09,1.3260579e-10,1.0105312e-10,2.0912373e-11,3.4677494e-10,6.0100963e-10
570000,2.9163514e-09,3.4469483e-11,1.24149285e-11,2.0227001e-12,6.1622554e-11,1.5869647e-10,1.0040077e-09,1.651893e-10,1.744841e-10,3.60322e-11,4.21148e-10,5.899883e-10
580000,2.9369585e-09,3.3678012e-11,6.2952404e-12,8.4348837e-13,5.5940235e-11,1.5908137e-10,1.013393e-09,1.6298558e-10,1.00832113e-10,2.091972e-11,4.0138765e-10,5.79571e-10
590000,2.9659122e-09,3.0512887e-11,7.532893e-12,1.1654185e-12,4.8652915e-11,1.6591033e-10,1.0189182e-09,1.3419023e-10,1.02566684e-10,2.2945377e-11,3.5906e-10,5.937193e-10
600000,3.0047156e-09,2.7700108e-11,3.782494e-12,3.2040158e-13,3.974486e-11,1.3451348e-10,9.925261e-10,1.1718812e-10,1.43769935e-11,2.987394e-12,3.3940636e-10,5.1273064e-10
610000,2.9912877e-09,2.8573323e-11,6.471427e-12,8.894658e-13,4.398764e-11,1.4310872e-10,1.0287152e-09,1.1665277e-10,1.0063824e-10,2.1073648e-11,3.3216277e-10,5.31529e-10
620000,2.981934e-09,3.194259e-11,6.857368e-12,9.695638e-13,4.6556807e-11,1.4999998e-10,1.0674736e-09,1.477695e-10,1.00260356e-10,2.0855397e-11,3.5423844e-10,5.446104e-10
630000,3.0132157e-09,3.3573266e-11,3.8247196e-12,4.265412e-13,5.4429284e-11,1.6861974e-10,1.0625637e-09,1.6323731e-10,1.4630417e-11,5.133854e-12,4.2027315e-10,5.915536e-10
640000,3.047562e-09,3.50073e-11,6.8188406e-12,1.184084e-12,5.4167146e-11,1.7405818e-10,1.0471262e-09,1.7336114e-10,1.0012933e-10,2.263661e-11,3.928133e-10,5.970769e-10
650000,3.0497045e-09,3.684835e-11,9.6107506e-12,1.4690754e-12,5.94614e-11,1.6331982e-10,1.0701242e-09,1.8448987e-10,1.4062486e-10,2.9156826e-11,4.1703252e-10,5.731381e-10
660000,3.0686993e-09,3.704276e-11,9.30181e-12,1.4638694e-12,6.4035846e-11,1.7927212e-10,1.0664217e-09,1.8620813e-10,1.4005337e-10,2.9084634e-11,4.2900344e-10,6.0976857e-10
670000,3.1046288e-09,3.4565892e-11,1.5217251e-11,2.7909988e-12,5.3439034e-11,1.7391763e-10,1.0631483e-09,1.7391738e-10,1.9830391e-10,4.1363083e-11,3.8236508e-10,5.905115e-10
680000,3.137794e-09,3.3710326e-11,1.2326204e-11,2.094557e-12,5.6660773e-11,1.7828118e-10,1.0669903e-09,1.6681882e-10,1.7263439e-10,3.5864246e-11,3.9254722e-10,6.007185e-10
690000,3.1366505e-09,3.4172016e-11,9.735057e-12,1.4921268e-12,5.7976818e-11,1.8761459e-10,1.0893736e-09,1.6371882e-10,1.4123556e-10,2.9262676e-11,3.9737433e-10,6.176431e-10
700000,3.143384e-09,2.8797135e-11,6.8770575e-12,9.180427e-13,3.8728822e-11,2.135364e-10,1.0906976e-09,1.3142828e-10,9.95761e-11,2.0657812e-11,3.141322e-10,6.722253e-10
710000,3.1341953e-09,3.1344465e-11,3.635181e-12,3.379831e-13,4.7738178e-11,2.1819983e-10,1.1253618e-09,1.4568913e-10,1.3141511e-11,3.634457e-12,3.4739034e-10,6.795233e-10
720000,3.1717466e-09,3.0829006e-11,9.858254e-12,1.6206189e-12,4.9354083e-11,2.1803916e-10,1.1060817e-09,1.4506024e-10,1.3924654e-10,2.8976075e-11,3.5452088e-10,6.740539e-10
730000,3.1967764e-09,3.3082124e-11,6.583933e-12,9.726867e-13,5.5338928e-11,2.387681e-10,1.1035821e-09,1.5934049e-10,9.8728435e-11,2.0695888e-11,3.7539968e-10,7.1359435e-10
740000,3.2107812e-09,3.0190527e-11,1.2179923e-11,2.092336e-12,5.0562613e-11,2.5288127e-10,1.121682e-09,1.4462982e-10,1.7220299e-10,3.620862e-11,3.5103137e-10,7.3966727e-10
750000,3.2411223e-09,3.220326e-11,6.9174115e-12,1.002564e-12,5.0436585e-11,2.4486815e-10,1.1146919e-09,1.5918235e-10,9.959998e-11,2.0667494e-11,3.6519315e-10,7.21153e-10
760000,3.2410516e-09,3.2112736e-11,9.437934e-12,1.4199844e-12,5.3660413e-11,2.551503e-10,1.1437903e-09,1.5881449e-10,1.3956901e-10,2.8959302e-11,3.7638198e-10,7.3822515e-10
770000,3.2621943e-09,3.2008257e-11,1.4898239e-11,2.7324447e-12,5.0239708e-11,2.6538197e-10,1.1368292e-09,1.5851287e-10,1.9612373e-10,4.1072826e-11,3.5548495e-10,7.4986495e-10
780000,3.2915335e-09,3.146374e-11,6.848258e-12,9.464773e-13,6.094988e-11,2.5024086e-10,1.1425874e-09,1.5423164e-10,1.00088826e-10,2.0645215e-11,3.986728e-10,7.1695266e-10
790000,3.3138163e-09,2.8871345e-11,3.9101574e-12,3.9757683e-13,4.4454895e-11,2.642491e-10,1.1317427e-09,1.3039013e-10,1.2591529e-11,3.308117e-12,3.1636488e-10,7.386958e-10
800000,3.304516e-09,2.7643918e-11,9.354527e-12,1.4030133e-12,4.4360442e-11,2.6879413e-10,1.1547867e-09,1.289858e-10,1.3806996e-10,2.8647964e-11,3.1631828e-10,7.51715e-10
810000,3.3121652e-09,2.430543e-11,9.210604e-12,1.4752692e-12,3.7890337e-11,2.7424685e-10,1.1715013e-09,9.178339e-11,1.3774824e-10,2.863334e-11,2.7370667e-10,7.5335016e-10
820000,3.3398158e-09,2.3948146e-11,6.7354516e-12,9.633129e-13,4.7612154e-11,2.9536662e-10,1.1659487e-09,9.2370764e-11,9.808717e-11,2.0403231e-11,3.1409744e-10,7.959654e-10
830000,3.3380974e-09,2.7826094e-11,4.290968e-12,3.521443e-13,4.453062e-11,2.9174424e-10,1.1823484e-09,1.2987017e-10,1.3177491e-11,2.422568e-12,3.217713e-10,7.766046e-10
840000,3.3552476e-09,2.5911715e-11,1.0794593e-11,1.974145e-12,4.0732036e-11,2.832556e-10,1.1836931e-09,1.1372838e-10,1.4585252e-10,3.321667e-11,2.8624472e-10,7.562659e-10
850000,3.3524148e-09,2.2244403e-11,1.2771368e-11,2.369436e-12,4.3860297e-11,3.1432384e-10,1.2088742e-09,6.6251823e-11,1.6802075e-10,3.615251e-11,2.6835972e-10,8.085476e-10
860000,3.396254e-09,2.0384323e-11,9.5711295e-12,1.632723e-12,4.0338066e-11,3.0578456e-10,1.2042617e-09,1.8889095e-11,1.3817429e-10,2.8847206e-11,2.4601343e-10,7.9247575e-10
870000,3.4036924e-09,2.3742605e-11,1.2000385e-11,2.0242946e-12,4.023735e-11,3.3115077e-10,1.2103022e-09,9.242352e-11,1.6946204e-10,3.5311604e-11,2.6619448e-10,8.312428e-10
880000,3.448222e-09,2.368646e-11,1.1867209e-11,2.0181452e-12,4.166844e-11,3.101721e-10,1.1917206e-09,9.258925e-11,1.688078e-10,3.504024e-11,2.8122496e-10,7.862459e-10
890000,3.4558907e-09,2.1527289e-11,9.647815e-12,1.5507941e-12,3.269154e-11,3.4894276e-10,1.2018366e-09,6.5886074e-11,1.3769808e-10,2.8612062e-11,2.1857048e-10,8.48243e-10
900000,3.4749998e-09,2.3606905e-11,8.921229e-12,1.4115252e-12,3.8164878e-11,3.2478845e-10,1.2015619e-09,9.2861774e-11,1.3771322e-10,2.8560895e-11,2.7042044e-10,8.045692e-10
910000,3.454612e-09,2.4556758e-11,6.848306e-12,1.0371767e-12,4.0713852e-11,3.4118397e-10,1.2338849e-09,1.1039422e-10,9.863468e-11,2.040135e-11,2.8750033e-10,8.221976e-10
920000,3.4966923e-09,2.0623593e-11,6.30469e-12,9.105794e-13,2.9482475e-11,3.3700176e-10,1.2130739e-09,6.514565e-11,9.687708e-11,2.017235e-11,2.1576302e-10,8.1349805e-10
930000,3.4959455e-09,2.0765674e-11,1.2724186e-11,2.1981698e-12,3.746871e-11,3.646897e-10,1.2347777e-09,6.575541e-11,1.6744998e-10,3.477654e-11,2.4698737e-10,8.609582e-10
940000,3.516357e-09,2.1050594e-11,1.2191857e-11,2.1219899e-12,3.356747e-11,3.6174996e-10,1.2339174e-09,6.57072e-11,1.6721141e-10,3.475765e-11,2.2037266e-10,8.534581e-10
950000,3.551742e-09,2.094172e-11,4.4168003e-12,5.780229e-13,3.0749528e-11,3.6590514e-10,1.2241175e-09,6.478784e-11,1.47955e-11,4.9636168e-12,2.1873439e-10,8.5284e-10
960000,3.564992e-09,1.9912894e-11,9.277744e-12,1.4662575e-12,3.018653e-11,3.9047038e-10,1.2444048e-09,6.474877e-11,1.3664461e-10,2.8333553e-11,2.1343442e-10,8.903602e-10
970000,3.5640317e-09,2.1864016e-11,4.480698e-12,6.9896725e-13,3.7549668e-11,3.9435158e-10,1.2473265e-09,9.0479325e-11,1.7365593e-11,9.546624e-12,2.524196e-10,8.8816005e-10
980000,3.5759837e-09,2.2225295e-11,4.0424664e-12,4.4271206e-13,3.6880155e-11,4.0941206e-10,1.2625136e-09,9.192047e-11,1.1048013e-11,3.2400328e-12,2.5099708e-10,9.014072e-10
990000,3.5832006e-09,2.3914596e-11,9.414928e-12,1.517623e-12,4.5823623e-11,4.1669587e-10,1.2742358e-09,1.10236764e-10,1.3602634e-10,2.8306472e-11,2.986103e-10,9.1354274e-10
1000000,3.6037018e-09,2.351632e-11,4.219298e-12,4.1106948e-13,4.4565403e-11,4.205549e-10,1.2552586e-09,1.092308e-10,1.2260531e-11,2.9544177e-12,2.911496e-10,9.2487307e-10
