mcsteps,1,2,3,4,5,6,7,8,9,10
0,497.0,1067.0,972.0,108.0,29.0,0.0,123.0,0.0,0.0,29.0
10000,497.0,990.0,823.0,108.0,49.0,0.0,218.0,18.0,1.0,29.0
20000,497.0,911.0,710.0,108.0,74.0,0.0,276.0,27.0,22.0,29.0
30000,497.0,840.0,582.0,107.0,90.0,0.0,337.0,24.0,56.0,30.0
40000,497.0,761.0,470.0,105.0,112.0,0.0,371.0,39.0,87.0,32.0
50000,497.0,700.0,390.0,105.0,123.0,0.0,377.0,40.0,133.0,32.0
60000,497.0,638.0,315.0,105.0,136.0,1.0,385.0,39.0,181.0,32.0
70000,497.0,578.0,261.0,105.0,140.0,1.0,359.0,44.0,234.0,32.0
80000,497.0,514.0,212.0,105.0,147.0,1.0,350.0,36.0,285.0,32.0
90000,497.0,454.0,178.0,105.0,146.0,1.0,325.0,44.0,327.0,32.0
100000,497.0,445.0,242.0,113.0,149.0,1.0,313.0,39.0,380.0,37.0
110000,497.0,416.0,200.0,113.0,152.0,2.0,303.0,33.0,424.0,37.0
120000,497.0,389.0,161.0,113.0,143.0,2.0,283.0,43.0,463.0,37.0
130000,497.0,353.0,130.0,112.0,141.0,2.0,273.0,32.0,510.0,38.0
140000,497.0,317.0,106.0,112.0,147.0,2.0,257.0,28.0,548.0,38.0
150000,497.0,292.0,90.0,111.0,143.0,2.0,231.0,29.0,584.0,39.0
160000,497.0,256.0,72.0,111.0,142.0,2.0,198.0,38.0,623.0,39.0
170000,497.0,227.0,55.0,110.0,120.0,2.0,183.0,22.0,665.0,40.0
180000,497.0,195.0,46.0,109.0,116.0,1.0,160.0,24.0,693.0,41.0
190000,497.0,173.0,38.0,108.0,98.0,1.0,143.0,17.0,723.0,42.0
200000,497.0,177.0,109.0,116.0,82.0,1.0,146.0,23.0,743.0,47.0
210000,497.0,149.0,86.0,116.0,86.0,1.0,131.0,26.0,775.0,47.0
220000,497.0,128.0,68.0,116.0,79.0,1.0,123.0,17.0,804.0,47.0
230000,497.0,116.0,60.0,115.0,74.0,1.0,107.0,17.0,825.0,48.0
240000,497.0,104.0,49.0,113.0,76.0,1.0,89.0,22.0,846.0,50.0
250000,497.0,94.0,39.0,111.0,73.0,1.0,81.0,12.0,871.0,52.0
260000,497.0,81.0,31.0,109.0,64.0,1.0,73.0,10.0,888.0,54.0
270000,497.0,68.0,23.0,107.0,56.0,1.0,66.0,9.0,903.0,56.0
280000,497.0,56.0,20.0,106.0,52.0,1.0,59.0,5.0,916.0,57.0
290000,497.0,47.0,16.0,106.0,46.0,0.0,56.0,3.0,924.0,57.0
300000,497.0,53.0,94.0,116.0,39.0,0.0,68.0,7.0,930.0,60.0
310000,497.0,46.0,74.0,114.0,38.0,0.0,71.0,9.0,941.0,62.0
320000,497.0,39.0,55.0,108.0,35.0,0.0,76.0,10.0,952.0,68.0
330000,497.0,33.0,45.0,106.0,34.0,0.0,75.0,6.0,967.0,70.0
340000,497.0,30.0,31.0,103.0,33.0,0.0,77.0,6.0,976.0,73.0
350000,497.0,27.0,23.0,100.0,34.0,0.0,72.0,6.0,988.0,76.0
360000,497.0,24.0,22.0,95.0,31.0,0.0,61.0,9.0,997.0,81.0
370000,497.0,20.0,17.0,95.0,30.0,0.0,52.0,11.0,1008.0,81.0
380000,497.0,17.0,10.0,90.0,26.0,0.0,46.0,7.0,1023.0,86.0
390000,497.0,15.0,5.0,90.0,24.0,0.0,40.0,8.0,1031.0,86.0
400000,497.0,22.0,74.0,91.0,21.0,0.0,67.0,2.0,1041.0,98.0
410000,497.0,21.0,52.0,85.0,20.0,0.0,77.0,2.0,1051.0,104.0
420000,497.0,20.0,32.0,79.0,17.0,0.0,78.0,10.0,1057.0,110.0
430000,497.0,17.0,24.0,74.0,18.0,0.0,66.0,11.0,1072.0,115.0
440000,497.0,16.0,15.0,71.0,13.0,1.0,59.0,9.0,1086.0,118.0
450000,497.0,15.0,12.0,64.0,13.0,1.0,53.0,7.0,1097.0,125.0
460000,497.0,12.0,8.0,57.0,12.0,1.0,47.0,7.0,1107.0,132.0
470000,497.0,10.0,7.0,51.0,11.0,1.0,36.0,4.0,1121.0,138.0
480000,497.0,9.0,7.0,50.0,11.0,1.0,29.0,6.0,1126.0,139.0
490000,497.0,8.0,4.0,49.0,8.0,1.0,22.0,4.0,1137.0,140.0
500000,497.0,17.0,70.0,57.0,8.0,0.0,51.0,4.0,1139.0,145.0
510000,497.0,16.0,54.0,53.0,8.0,0.0,55.0,8.0,1146.0,149.0
520000,497.0,14.0,37.0,50.0,10.0,0.0,53.0,9.0,1161.0,152.0
530000,497.0,11.0,29.0,47.0,12.0,0.0,51.0,5.0,1173.0,155.0
540000,497.0,8.0,19.0,45.0,14.0,0.0,50.0,5.0,1184.0,157.0
550000,497.0,8.0,16.0,40.0,11.0,0.0,44.0,5.0,1193.0,162.0
560000,497.0,5.0,10.0,37.0,12.0,0.0,40.0,8.0,1199.0,165.0
570000,497.0,5.0,9.0,37.0,12.0,0.0,37.0,2.0,1209.0,165.0
580000,497.0,4.0,6.0,36.0,11.0,0.0,33.0,5.0,1213.0,166.0
590000,497.0,3.0,5.0,33.0,9.0,0.0,24.0,6.0,1222.0,169.0
600000,497.0,12.0,76.0,41.0,8.0,0.0,48.0,3.0,1230.0,174.0
610000,497.0,11.0,53.0,37.0,9.0,0.0,52.0,10.0,1238.0,178.0
620000,497.0,10.0,34.0,35.0,9.0,0.0,57.0,7.0,1252.0,180.0
630000,497.0,9.0,21.0,33.0,8.0,0.0,56.0,4.0,1267.0,182.0
640000,497.0,9.0,16.0,32.0,5.0,0.0,44.0,9.0,1278.0,183.0
650000,497.0,8.0,11.0,31.0,4.0,0.0,41.0,6.0,1288.0,184.0
660000,497.0,7.0,9.0,28.0,5.0,0.0,37.0,4.0,1296.0,187.0
670000,497.0,7.0,7.0,24.0,5.0,0.0,33.0,6.0,1300.0,191.0
680000,497.0,5.0,4.0,24.0,5.0,0.0,27.0,7.0,1307.0,191.0
690000,497.0,5.0,3.0,23.0,3.0,0.0,24.0,2.0,1316.0,192.0
700000,497.0,15.0,78.0,31.0,2.0,0.0,42.0,5.0,1320.0,197.0
710000,497.0,10.0,57.0,28.0,4.0,0.0,51.0,8.0,1328.0,200.0
720000,497.0,9.0,44.0,27.0,4.0,0.0,50.0,7.0,1343.0,201.0
730000,497.0,8.0,25.0,24.0,5.0,0.0,52.0,6.0,1357.0,204.0
740000,497.0,8.0,15.0,21.0,5.0,0.0,42.0,11.0,1370.0,207.0
750000,497.0,7.0,10.0,19.0,5.0,0.0,34.0,8.0,1385.0,209.0
760000,497.0,6.0,9.0,18.0,6.0,0.0,25.0,5.0,1397.0,210.0
770000,497.0,6.0,8.0,14.0,4.0,0.0,18.0,5.0,1405.0,214.0
780000,497.0,4.0,3.0,13.0,3.0,0.0,18.0,3.0,1412.0,215.0
790000,497.0,4.0,2.0,13.0,3.0,0.0,13.0,0.0,1421.0,215.0
800000,497.0,12.0,69.0,16.0,4.0,0.0,43.0,1.0,1423.0,225.0
810000,497.0,11.0,45.0,15.0,4.0,0.0,61.0,3.0,1425.0,226.0
820000,497.0,11.0,40.0,13.0,4.0,0.0,44.0,11.0,1438.0,228.0
830000,497.0,11.0,28.0,12.0,4.0,0.0,38.0,9.0,1457.0,229.0
840000,497.0,11.0,22.0,10.0,3.0,0.0,29.0,7.0,1473.0,231.0
850000,497.0,8.0,17.0,9.0,6.0,0.0,26.0,4.0,1484.0,232.0
860000,497.0,8.0,9.0,7.0,6.0,0.0,23.0,6.0,1491.0,234.0
870000,497.0,6.0,7.0,7.0,6.0,0.0,21.0,1.0,1499.0,234.0
880000,497.0,5.0,4.0,7.0,6.0,0.0,16.0,3.0,1504.0,234.0
890000,497.0,4.0,2.0,6.0,6.0,0.0,13.0,1.0,1510.0,235.0
900000,497.0,9.0,71.0,15.0,10.0,0.0,41.0,2.0,1512.0,239.0
910000,497.0,8.0,51.0,14.0,8.0,0.0,46.0,4.0,1522.0,240.0
920000,497.0,7.0,34.0,12.0,9.0,0.0,49.0,6.0,1531.0,242.0
930000,497.0,6.0,27.0,11.0,10.0,0.0,45.0,4.0,1544.0,243.0
940000,497.0,6.0,20.0,9.0,8.0,0.0,42.0,2.0,1554.0,245.0
950000,497.0,5.0,19.0,8.0,9.0,0.0,35.0,4.0,1560.0,246.0
960000,497.0,5.0,14.0,7.0,9.0,0.0,29.0,4.0,1571.0,247.0
970000,497.0,4.0,11.0,6.0,9.0,0.0,19.0,8.0,1579.0,248.0
980000,497.0,4.0,6.0,6.0,8.0,0.0,19.0,2.0,1589.0,248.0
990000,497.0,2.0,2.0,5.0,7.0,0.0,14.0,2.0,1596.0,249.0
1000000,497.0,11.0,75.0,14.0,8.0,0.0,39.0,0.0,1600.0,253.0
