mcsteps,xCOM,yCOM,zCOM,il8,il1,il6,il10,tnf,tgf
840000,170,80,0,2.1074014e-09,2.5409293e-11,1.2334917e-16,4.4473288e-26,3.664344e-18,2.1273729e-10
840000,217,214,0,2.090181e-09,2.4598043e-12,2.1864788e-11,2.8760878e-13,5.8354336e-15,5.3114038e-14
840000,289,163,0,2.1003883e-09,3.0281478e-12,3.4480278e-15,3.3036995e-22,2.8828727e-21,1.910748e-11
840000,413,269,0,2.7216358e-09,4.4510933e-11,1.6047259e-13,1.9282953e-18,2.2181344e-13,1.0309891e-10
840000,414,200,0,2.1737696e-09,2.967816e-11,5.1114863e-13,5.097742e-18,2.5835476e-17,4.097204e-12
840000,197,139,0,2.132576e-09,1.1128732e-11,1.4913916e-12,2.2878418e-16,3.1919955e-18,9.185442e-11
840000,378,208,0,2.096502e-09,1.3993817e-12,5.6819114e-15,7.014884e-24,2.4182947e-29,3.8317134e-11
840000,155,198,0,2.724848e-09,2.3217378e-11,4.333271e-33,0.0,5.2447183e-15,1.8360897e-12
840000,397,297,0,2.2036641e-09,4.324052e-11,2.7790041e-15,5.223781e-23,2.4163438e-10,2.4258037e-10
840000,409,184,0,2.1791617e-09,3.3683653e-11,2.434186e-14,2.496222e-21,2.7390598e-13,4.7040562e-11
840000,336,94,0,2.287077e-09,2.0782421e-11,2.6479215e-13,1.7630609e-19,3.2013208e-13,5.1547305e-11
840000,438,279,0,2.12087e-09,6.300615e-11,4.379542e-11,5.1336166e-12,1.0608483e-12,3.1389108e-10
840000,307,245,0,2.0885498e-09,1.6928285e-11,2.0971828e-22,2.9113e-41,9.866432e-15,3.5252367e-11
840000,352,156,0,2.1836883e-09,1.8720228e-11,1.6132586e-12,2.8349584e-16,2.6430677e-14,5.2267614e-11
840000,175,364,0,2.3555522e-09,1.0195008e-12,4.8139993e-18,1.1457644e-28,1.0618571e-27,3.805423e-12
840000,312,359,0,2.1181574e-09,1.8658245e-11,2.9284734e-13,2.2825364e-19,4.5708612e-14,3.57168e-11
840000,258,315,0,2.1129953e-09,2.0477901e-13,4.8138133e-28,0.0,7.563545e-39,1.4861157e-11
840000,390,112,0,2.1037272e-09,1.6033468e-11,6.991129e-12,9.086565e-15,1.1371452e-15,5.527796e-11
840000,84,355,0,2.284686e-09,2.5444018e-12,2.7307418e-13,3.1950097e-19,1.4717904e-24,1.6417097e-10
840000,138,255,0,2.0970061e-09,2.0954193e-12,1.0734591e-30,0.0,6.964183e-25,3.5501636e-11
840000,113,137,0,2.0883204e-09,1.4616662e-11,7.430316e-12,1.0749593e-14,6.109643e-11,9.617019e-11
840000,141,300,0,2.204291e-09,1.20964965e-11,1.0436809e-18,3.045894e-33,1.833403e-18,1.957811e-10
840000,434,65,0,2.2094702e-09,2.6054315e-11,4.0500832e-11,5.638658e-12,1.4690034e-12,1.787617e-10
840000,167,372,0,2.3288935e-09,4.7414538e-12,5.05602e-21,9.0886206e-38,6.571784e-22,1.6269451e-10
840000,214,283,0,2.112635e-09,3.731155e-13,1.49072e-40,0.0,1.3425412e-34,6.545606e-11
840000,90,213,0,2.1377815e-09,2.7455756e-11,2.4170297e-20,2.2288016e-34,2.2740335e-17,1.1091797e-11
840000,327,125,0,2.1408135e-09,1.35083455e-11,9.955962e-13,1.7221669e-17,2.0490453e-19,7.517677e-11
840000,270,364,0,2.1278184e-09,8.775998e-12,3.290561e-13,3.6007001e-19,3.3746712e-15,5.6867358e-11
840000,210,112,0,2.1222737e-09,9.1593596e-14,6.5347665e-18,9.738696e-31,2.6542608e-38,2.6640003e-11
840000,412,292,0,2.2671207e-09,1.4225905e-11,4.3576352e-14,2.7864167e-21,8.8206954e-17,9.046577e-11
840000,353,87,0,2.3197424e-09,4.753365e-12,4.842814e-17,7.0575245e-28,1.3118492e-24,7.141129e-11
840000,142,318,0,2.1695454e-09,1.6707639e-11,1.1544121e-15,2.5068917e-24,2.555637e-18,5.9690426e-11
840000,284,205,0,2.1706819e-09,2.3020849e-11,2.9650299e-25,0.0,2.3782009e-14,1.28709005e-11
840000,294,191,0,2.1779951e-09,2.5692254e-11,3.4846355e-30,0.0,3.4984233e-14,1.4738558e-11
840000,247,87,0,2.159904e-09,8.843498e-12,2.890583e-20,1.0580011e-36,1.0550977e-22,1.512179e-10
840000,124,402,0,2.2472157e-09,8.382899e-12,8.044993e-12,6.542126e-15,4.422265e-17,1.3290995e-10
840000,237,303,0,2.1214337e-09,2.06817e-12,7.726277e-24,6.679e-42,8.8640936e-23,2.5592638e-12
840000,406,90,0,2.1298379e-09,3.523301e-11,9.298882e-15,3.4341475e-23,4.995389e-13,1.8379448e-10
840000,121,416,0,2.2154572e-09,1.9599461e-11,2.672408e-12,2.7848177e-16,7.5084154e-20,1.1884294e-10
840000,337,200,0,2.4124451e-09,1.100205e-11,1.7799088e-28,0.0,2.894076e-11,5.1317228e-11
840000,96,73,0,2.0950295e-09,3.468176e-11,9.178727e-15,3.0829748e-23,6.5109333e-13,3.5956307e-10
840000,318,387,0,2.1063902e-09,1.2987521e-11,2.5923251e-17,9.473762e-30,2.7406768e-17,4.9430465e-10
840000,175,139,0,2.1245437e-09,1.2318065e-11,5.2266784e-18,7.6118323e-31,4.2015874e-12,1.7459009e-10
840000,150,197,0,2.8653337e-09,1.02864895e-11,1.5612274e-35,0.0,1.0674836e-20,9.6056696e-12
840000,80,421,0,2.3299649e-09,3.4744624e-11,1.95015e-14,8.909855e-23,2.417995e-16,1.9313012e-10
840000,211,338,0,2.241595e-09,3.2466963e-11,7.680376e-24,1.23e-43,7.764577e-14,9.984406e-13
840000,137,383,0,2.2201603e-09,2.984282e-11,3.5628854e-11,7.021788e-13,3.4042305e-14,9.009481e-11
840000,84,410,0,2.298886e-09,6.035707e-11,3.095435e-12,4.1085137e-16,3.1333441e-10,2.8874966e-10
840000,128,368,0,2.3996911e-09,2.4011002e-11,1.9476627e-19,1.522775e-33,6.798786e-14,2.1296971e-11
840000,345,201,0,2.4141882e-09,2.1239666e-12,2.8718298e-22,2.95008e-40,4.6315487e-24,4.15307e-12
840000,187,277,0,2.1164446e-09,1.9685356e-12,1e-45,0.0,2.4092615e-26,1.628749e-13
840000,82,343,0,2.3807205e-09,2.9829875e-11,1.2047478e-11,6.1180295e-14,1.4975283e-14,1.5212412e-10
840000,59,395,0,2.2399684e-09,4.2890483e-11,9.7438534e-18,1.1428714e-28,1.8512329e-14,1.0330782e-10
840000,339,428,0,2.2351667e-09,2.1573595e-11,8.379942e-12,1.0105898e-14,1.9296674e-17,1.2751268e-10
840000,352,314,0,2.0933064e-09,1.1887459e-11,1.3688684e-13,1.8610507e-19,2.7533692e-20,3.858601e-11
840000,192,347,0,2.2637714e-09,2.9134112e-11,4.8139993e-18,1.1457644e-28,2.390364e-13,3.4337435e-12
840000,90,331,0,2.24046e-09,7.0227647e-12,3.3071652e-16,8.949298e-27,7.9095225e-24,9.283444e-11
840000,210,354,0,2.3790505e-09,1.41720385e-11,2.0310618e-24,2.7e-44,3.872459e-20,2.552263e-11
840000,254,221,0,2.0936737e-09,2.1250673e-11,3.3554396e-13,3.3063355e-19,2.2607851e-14,1.7259845e-12
840000,247,110,0,2.181015e-09,1.3971422e-11,1.2959393e-21,4.58822e-40,2.1932178e-15,4.70095e-11
840000,68,262,0,2.1147826e-09,1.6663182e-10,1.9313846e-13,8.2194314e-20,3.4732208e-09,2.7100977e-10
840000,408,271,0,2.7342555e-09,2.5725606e-11,9.944004e-16,9.4293737e-23,2.7442382e-11,5.144429e-11
840000,354,360,0,2.0948763e-09,1.0547739e-11,1.7248778e-16,1.6145616e-27,1.7004491e-15,5.044535e-11
840000,55,408,0,2.262673e-09,6.107066e-11,3.0853646e-11,2.1089383e-13,5.79281e-15,1.5709258e-10
840000,337,441,0,2.2341273e-09,3.2318537e-11,1.5012453e-13,3.8791032e-20,1.029971e-15,1.7088526e-10
840000,249,131,0,2.131292e-09,1.1784352e-11,8.7543115e-12,3.651986e-15,1.4851896e-17,1.5245581e-10
840000,122,291,0,2.2861695e-09,1.7864052e-11,3.2486255e-14,6.6446227e-21,1.1173014e-15,7.8609645e-12
840000,265,441,0,2.0878255e-09,3.8372815e-11,1.3796448e-13,5.524522e-20,1.3180411e-13,1.9965055e-10
840000,109,292,0,2.2574405e-09,2.7240332e-11,2.8553654e-11,8.502425e-13,2.486564e-13,4.4560675e-11
840000,227,94,0,2.1707693e-09,7.538412e-12,5.1254366e-15,1.4002276e-23,5.4287786e-23,9.107077e-11
840000,340,168,0,2.180218e-09,2.4964557e-12,9.292354e-16,2.3827524e-25,2.6328242e-29,1.0056336e-11
840000,289,374,0,2.146555e-09,1.9244073e-11,6.3966684e-16,5.6104384e-25,2.7065457e-17,1.5645761e-10
840000,193,311,0,2.1034459e-09,3.674966e-14,6.5291328e-34,0.0,1.5114e-41,4.407465e-12
840000,212,418,0,2.0889508e-09,6.341243e-12,1.8563176e-15,6.617892e-24,1.7355984e-20,2.0244405e-10
840000,202,365,0,2.3294884e-09,4.5756936e-12,1.2764034e-21,2.783082e-39,2.9382823e-25,1.756669e-11
840000,63,433,0,2.1558815e-09,6.834081e-11,8.5626325e-11,1.9520945e-12,1.9525543e-13,1.8631748e-10
840000,119,338,0,2.1367683e-09,1.3451727e-11,1.7465597e-14,9.1683084e-20,1.5152275e-12,7.2359753e-12
840000,90,192,0,2.1306323e-09,4.7663734e-11,8.8815424e-13,6.6394847e-18,3.087198e-15,9.38794e-11
840000,147,93,0,2.3432178e-09,2.4453562e-12,1.9885643e-12,3.6646248e-16,2.352216e-19,7.401044e-11
840000,182,249,0,2.1003717e-09,1.0835142e-11,1.0465138e-29,0.0,1.8145136e-15,2.545641e-14
840000,346,76,0,2.2853126e-09,2.2983589e-11,7.496146e-12,8.8388295e-15,2.6933113e-13,1.6939526e-10
840000,359,392,0,2.0946003e-09,4.4549777e-11,8.172651e-12,2.3753472e-14,8.1454033e-13,2.6148347e-10
840000,87,276,0,2.1309585e-09,2.3902354e-11,1.0700982e-13,2.8311022e-20,2.616185e-19,6.2762254e-11
840000,404,256,0,2.2902733e-09,2.716232e-11,3.7021372e-16,7.040076e-25,9.286528e-13,5.240285e-11
840000,135,222,0,2.2146311e-09,3.785631e-12,1.3777087e-26,0.0,2.2476665e-24,9.885348e-11
840000,380,155,0,2.212757e-09,1.3193708e-11,2.5457397e-15,1.6473831e-24,1.7004536e-15,7.101899e-11
840000,444,131,0,2.0878985e-09,2.0666356e-11,3.5430673e-12,5.0578884e-16,3.2865852e-11,1.1508653e-10
840000,165,402,0,2.1116204e-09,3.1772585e-11,1.0927331e-13,1.0584168e-20,1.1282767e-12,1.176083e-10
840000,141,194,0,2.4737903e-09,2.1707688e-11,8.42e-43,0.0,5.878577e-13,5.949969e-11
840000,341,110,0,2.2391426e-09,2.6233363e-11,4.6360363e-16,1.12906996e-26,2.1097226e-12,6.25228e-11
840000,119,223,0,2.1957633e-09,2.6660483e-11,4.530094e-18,8.448693e-29,9.252532e-15,8.442425e-11
840000,409,435,0,2.0873399e-09,5.57684e-11,9.974882e-15,3.9547828e-23,3.3637818e-11,2.5500124e-10
840000,126,66,0,2.1005202e-09,4.519767e-11,8.472468e-14,1.7746191e-19,1.659927e-14,3.1159136e-10
840000,301,62,0,2.087997e-09,4.560243e-11,9.377911e-12,1.6339493e-14,4.9861426e-12,8.111184e-11
840000,141,101,0,2.3276163e-09,2.3383594e-11,1.2009665e-14,1.8599566e-22,3.876518e-14,6.016253e-11
840000,426,77,0,2.2339275e-09,2.926396e-11,1.0458342e-10,2.5240355e-12,1.8791886e-12,3.8229317e-10
840000,322,327,0,2.097647e-09,1.1704247e-11,2.847634e-22,1.23771e-40,6.108577e-16,4.5806e-11
840000,188,383,0,2.1900486e-09,1.7297237e-12,1.4740841e-23,5.0144e-41,1.1531133e-27,5.1252166e-11
840000,119,363,0,2.354559e-09,2.0324357e-11,7.292119e-19,3.2705468e-32,3.0660842e-13,7.953346e-12
840000,395,155,0,2.205075e-09,1.5424472e-11,5.0273553e-12,2.0499885e-15,7.08873e-15,6.832524e-11
840000,497,176,0,-1.3046521e-12,5.8436755e-11,5.5618093e-12,9.105955e-16,1.9748072e-14,1.9137242e-10
840000,331,332,0,2.4486307e-10,4.0393662e-13,2.5154547e-31,0.0,3.5521309e-34,6.4062575e-11
840000,55,182,0,1.8763322e-12,4.588197e-11,5.6695242e-11,3.726682e-12,3.2921427e-10,2.0019794e-10
840000,109,49,0,3.84238e-11,3.026247e-11,5.331885e-11,5.749872e-12,1.867212e-12,4.68167e-10
840000,357,363,0,6.021912e-10,7.1707826e-12,8.508766e-14,8.8498365e-21,9.661681e-24,7.3244674e-11
840000,134,109,0,2.6191888e-10,1.5600143e-11,3.750458e-11,7.510472e-13,6.8422935e-14,1.6600732e-10
840000,66,145,0,-5.7574046e-13,3.443895e-11,1.5286368e-11,6.3295974e-14,4.7129917e-12,5.655664e-11
840000,375,364,0,4.4304425e-11,4.139928e-11,2.7328403e-11,2.1684588e-12,9.362444e-13,5.5037186e-10
840000,483,80,0,-9.809564e-13,7.0908945e-11,2.560886e-12,1.6383583e-16,3.232144e-10,4.871615e-10
840000,165,129,0,1.3281383e-10,1.6242556e-12,4.3998884e-12,1.1966729e-15,6.4830136e-19,1.2643175e-10
840000,294,187,0,6.925558e-10,3.0448578e-11,1.2797045e-26,0.0,5.722088e-12,3.3301337e-11
840000,445,382,0,-8.713499e-13,3.224048e-11,1.3910736e-11,6.775689e-14,4.524911e-16,1.7239224e-10
840000,8,467,0,-9.584736e-13,7.389777e-11,4.26953e-11,1.8952338e-12,1.1186243e-11,4.2327036e-10
840000,356,322,0,2.810955e-10,3.523665e-11,2.679075e-19,4.1012733e-33,6.208029e-11,2.9728095e-11
840000,423,189,0,2.3643312e-10,2.2210013e-11,5.3950984e-15,9.073906e-24,2.162173e-12,1.248148e-10
840000,323,119,0,4.220342e-10,7.956259e-12,1.665012e-14,5.337646e-22,4.133123e-18,4.2009864e-11
840000,270,325,0,1.0230821e-10,2.1692483e-12,5.166262e-30,0.0,1.1610797e-23,7.8646235e-11
840000,318,107,0,1.1368399e-10,3.394972e-11,2.7060655e-14,7.072735e-22,4.7068787e-14,1.3315653e-10
840000,50,323,0,2.325299e-12,2.4870205e-11,1.2080836e-11,5.868629e-14,1.7739032e-12,2.4859914e-10
840000,0,67,0,-1.0040371e-12,3.3686456e-11,4.2164644e-13,7.3821563e-19,2.6070171e-14,2.9346908e-10
840000,474,23,0,-1.280445e-12,5.3732328e-11,4.6656142e-12,6.398891e-16,9.198248e-13,3.9155337e-10
840000,45,178,0,-4.3575018e-13,3.1563658e-11,6.610552e-11,4.4137992e-11,8.6647245e-11,2.366935e-10
840000,271,337,0,3.505447e-11,1.1280112e-11,7.0785996e-22,4.344444e-39,1.2048218e-15,3.2972382e-11
840000,195,133,0,4.7806203e-10,2.6788164e-11,7.932911e-16,1.5156213e-24,4.4903924e-12,1.8685716e-11
840000,427,342,0,-3.5386776e-13,1.6825553e-11,1.298871e-11,2.8198531e-14,3.7823163e-13,1.2645855e-10
840000,7,429,0,-7.058705e-13,2.9152965e-11,1.6341152e-11,2.2555558e-13,6.1108137e-15,5.243523e-10
840000,73,452,0,4.448153e-11,4.3572892e-11,3.558685e-13,5.445855e-19,5.389897e-18,2.36661e-10
840000,364,442,0,2.5288646e-11,5.408911e-11,1.2699255e-11,1.3426194e-14,3.6490177e-12,2.5975175e-10
840000,460,20,0,-1.3308858e-12,7.584e-11,4.5246307e-12,1.2859451e-15,1.2193402e-13,6.152482e-10
840000,485,285,0,-7.3104527e-13,6.098292e-11,4.3311177e-13,1.487627e-18,3.1761267e-11,2.6063493e-10
840000,252,83,0,4.3776693e-10,1.8307156e-11,1.7390883e-17,6.059975e-28,8.969486e-18,1.3807064e-10
840000,160,96,0,2.548263e-10,2.3437153e-11,5.5162794e-11,1.077453e-11,8.823505e-12,1.0200432e-10
840000,408,391,0,-4.279437e-13,4.7045725e-11,2.8846758e-16,6.47611e-26,4.1072096e-13,1.1933667e-10
840000,445,41,0,1.6080715e-11,6.2999723e-11,2.4576844e-11,2.3027797e-12,3.4772e-10,6.376745e-10
840000,98,287,0,2.9816447e-10,2.923837e-11,1.2154832e-11,3.0964045e-14,1.5564388e-15,1.5642526e-10
840000,53,467,0,1.6531226e-12,6.2679466e-11,1.2132606e-11,4.4592066e-14,3.187553e-10,5.595635e-10
840000,215,438,0,4.7802897e-11,3.8717737e-11,2.0222046e-14,1.1258131e-21,3.1735015e-10,1.850736e-10
840000,276,409,0,5.665302e-12,4.0087888e-11,1.6267824e-11,1.0535971e-13,3.3293254e-11,4.8347576e-11
840000,313,471,0,1.0984062e-12,3.329513e-11,1.7046932e-12,1.6249488e-16,4.345412e-12,9.994314e-11
840000,103,429,0,7.753151e-11,1.7237298e-11,6.453766e-17,4.278697e-28,7.4824555e-17,1.9283024e-10
840000,167,230,0,3.6786317e-11,8.865957e-12,3.2062037e-13,1.534384e-18,3.6372227e-20,1.6141576e-11
840000,465,298,0,4.124829e-12,2.5797491e-11,8.6883495e-12,1.967894e-14,1.8098474e-13,9.4249844e-11
840000,63,52,0,6.251961e-13,1.597485e-11,1.8684524e-11,2.412375e-13,4.0669373e-12,2.8639474e-10
840000,423,20,0,-1.9126172e-12,9.326205e-11,2.1870833e-11,2.876681e-13,5.4861085e-13,4.5667367e-10
840000,7,192,0,-5.742956e-13,2.7347421e-11,1.7945286e-11,3.6498426e-14,1.665532e-15,3.3663855e-10
840000,307,42,0,4.221891e-11,4.6967423e-11,1.4094164e-11,4.3232995e-14,4.8684134e-12,1.5925046e-10
840000,59,227,0,5.7111703e-12,3.7629764e-11,7.545719e-13,3.7394334e-17,6.2804486e-15,1.5002544e-10
840000,11,92,0,-8.851873e-13,2.3464952e-11,4.880745e-12,7.0747966e-16,8.723059e-18,3.2042755e-10
840000,193,220,0,2.9672455e-11,3.54533e-12,4.3404923e-20,2.984749e-35,1.6357217e-20,7.799143e-12
840000,61,356,0,5.4888205e-11,3.104382e-11,7.175067e-18,3.213199e-31,2.2357956e-11,3.067781e-10
840000,72,168,0,8.153972e-12,1.6345073e-11,1.8494876e-14,7.175626e-22,1.7515918e-14,2.906159e-10
840000,170,119,0,5.819226e-11,6.8606947e-12,9.231611e-17,1.5874447e-27,7.753248e-21,1.4521206e-10
840000,29,403,0,2.2724508e-11,6.74844e-11,1.5435578e-11,2.1351452e-13,3.0976868e-10,2.1252139e-10
840000,0,274,0,-9.272411e-13,5.335889e-11,2.9366083e-21,1.5224479e-35,3.93312e-10,1.2364275e-10
840000,380,288,0,7.063665e-11,8.49446e-12,1.998093e-11,3.8370153e-13,9.75432e-15,2.4204336e-11
840000,307,153,0,5.1962972e-11,1.5153928e-11,1.9137688e-16,9.879854e-27,1.8156157e-19,2.7169617e-11
840000,109,152,0,1.01734475e-10,2.6543122e-11,1.1754218e-16,1.5122791e-25,3.6287748e-13,5.253975e-11
840000,213,280,0,7.559947e-10,5.9432483e-13,7.2227883e-38,0.0,1.1839181e-31,7.264427e-11
840000,59,75,0,1.1627986e-12,3.370499e-11,4.2345027e-11,5.133585e-12,6.150923e-12,2.4429278e-10
840000,114,473,0,-5.350925e-13,3.9775173e-11,6.9170274e-11,2.2901936e-12,6.4140763e-12,3.756394e-10
840000,341,69,0,3.493941e-10,3.529536e-11,4.14414e-11,1.8385298e-11,1.7625587e-09,7.872766e-11
840000,178,450,0,-2.0040268e-13,1.5847377e-11,2.2737424e-12,1.6342668e-16,5.1409862e-18,1.591061e-10
840000,209,201,0,1.05682504e-10,1.0764097e-12,1.4543291e-14,1.9610891e-21,1.0327893e-25,1.8077988e-12
840000,114,31,0,1.6685288e-12,3.196263e-11,5.308456e-11,7.093013e-11,5.391875e-10,2.3800675e-10
840000,144,11,0,-6.1356963e-13,2.1148711e-11,1.8897104e-12,2.6494351e-16,1.5035652e-17,1.0750222e-10
840000,217,245,0,1.2283139e-11,4.538787e-12,3.7324323e-12,1.9274199e-15,3.285269e-18,4.375209e-12
840000,307,432,0,1.2252719e-11,1.6930148e-11,1.5041833e-12,1.06555964e-16,9.029122e-17,1.8111503e-10
840000,15,72,0,-1.1742737e-12,9.70759e-11,7.1674077e-12,6.0748965e-16,3.4539316e-11,3.2455247e-10
840000,467,272,0,7.991602e-12,4.9631722e-11,5.2174685e-11,1.0683455e-11,1.5222053e-11,2.0799722e-10
840000,350,235,0,7.0354577e-12,4.026254e-12,3.30505e-16,8.949298e-27,3.8491316e-23,3.802132e-11
840000,290,15,0,-4.7650013e-13,1.6871797e-11,1.5522216e-13,2.4375712e-20,2.214932e-14,1.144743e-10
840000,460,458,0,-9.17472e-13,7.2949924e-11,3.0766688e-11,1.5248287e-12,5.959842e-13,4.3369158e-10
840000,187,19,0,-3.8901377e-13,1.3847386e-11,3.358169e-11,4.2672682e-13,9.177926e-15,2.860355e-10
840000,67,250,0,1.7784596e-10,1.8174134e-11,8.4383954e-13,7.531398e-18,1.6466471e-17,1.622722e-10
840000,372,342,0,2.2763224e-11,2.299132e-11,7.771555e-17,3.583779e-24,1.5096821e-15,2.0514407e-10
840000,378,487,0,-1.0260083e-12,4.053942e-11,2.5242124e-14,4.199194e-22,2.3287123e-13,2.8115404e-10
840000,242,473,0,5.0245984e-13,3.3091117e-11,6.9678936e-13,1.223743e-17,6.0475323e-12,4.44816e-10
840000,215,217,0,6.684831e-10,2.7485531e-12,5.152143e-11,1.9515166e-11,1.4667023e-11,4.5243645e-14
840000,277,166,0,1.7377448e-10,2.8136287e-11,7.147705e-25,7.355e-42,2.1761468e-18,1.3278505e-10
840000,52,381,0,1.1492711e-10,2.2307852e-11,1.0467617e-15,2.1877793e-24,8.1294344e-17,2.8746666e-10
840000,424,307,0,7.5648016e-11,4.702595e-11,3.2858271e-12,7.0752863e-16,1.4975044e-14,7.685753e-11
840000,31,97,0,-1.1525266e-12,4.285318e-11,1.2238141e-12,1.2066412e-17,4.092854e-13,3.9631662e-10
840000,219,300,0,1.5334772e-10,1.5194138e-16,2.5678048e-29,0.0,0.0,3.5087867e-11
840000,199,2,0,-4.0210657e-13,2.8711393e-12,1.2794982e-10,9.658051e-12,1.880821e-12,1.9782215e-10
840000,97,318,0,1.4800522e-10,1.824195e-11,2.1495492e-19,1.0067609e-34,1.5152275e-12,4.6516638e-11
840000,324,213,0,9.442221e-11,3.181491e-12,1.2937516e-34,0.0,8.285109e-22,4.939572e-11
840000,76,332,0,3.1224107e-10,2.3916633e-11,1.8153809e-12,2.8337135e-16,6.2129234e-12,7.1963796e-11
840000,433,467,0,-3.1939729e-13,7.523491e-11,9.266713e-12,5.3812384e-15,1.4656758e-12,5.5483246e-10
840000,456,192,0,-1.4391656e-13,2.460784e-11,1.8659952e-12,5.326633e-17,3.2861017e-10,1.6639579e-10
840000,34,123,0,-1.0798943e-12,5.38018e-11,8.2907355e-11,1.6086942e-12,5.464397e-12,2.8634362e-10
840000,44,199,0,-2.5200024e-13,3.064581e-11,4.1985287e-12,8.388488e-16,6.451004e-14,1.826624e-10
840000,383,325,0,1.17260325e-11,2.4216717e-11,3.0664372e-24,1.68e-43,1.112367e-13,2.1136629e-10
840000,175,71,0,2.2774001e-10,1.496526e-11,4.5997047e-14,1.0206342e-21,3.6343476e-16,4.741886e-10
840000,250,346,0,2.3030706e-11,1.9213664e-11,1.1887876e-13,3.0311213e-20,1.2519412e-14,1.2495288e-11
840000,11,94,0,-8.704787e-13,2.0755286e-11,1.8830204e-12,2.3163262e-16,2.1927474e-15,3.848488e-10
840000,172,109,0,3.5679116e-11,3.1608046e-11,8.4079743e-13,5.480577e-18,3.6370303e-11,6.4470096e-11
840000,88,271,0,5.5758687e-10,3.1688704e-11,5.753051e-13,6.6699175e-18,1.3629214e-12,1.00540506e-10
840000,248,447,0,6.81441e-11,3.905742e-11,1.4439969e-11,2.2551495e-13,2.885133e-10,6.925814e-11
840000,348,202,0,9.397876e-10,2.506387e-12,7.1380943e-20,4.0532294e-35,4.1623922e-26,2.8806976e-11
840000,74,364,0,1.7836976e-10,4.907811e-12,1.2157142e-11,5.149544e-14,3.3899982e-16,1.7624689e-10
840000,276,216,0,1.7615798e-10,1.0047581e-11,2.829279e-17,1.6099025e-27,3.1788784e-20,2.3895119e-11
840000,418,42,0,1.3903723e-11,5.839077e-11,1.8245483e-11,1.6134316e-13,1.6214115e-14,2.6996647e-10
840000,334,475,0,3.421857e-12,1.801748e-11,5.9192484e-11,1.978542e-11,1.2990648e-11,1.7305692e-10
840000,251,327,0,1.4464772e-10,1.6982978e-11,1.8931108e-19,9.819511e-32,2.767256e-12,1.0909796e-11
840000,68,411,0,4.31945e-10,9.252171e-11,4.0911345e-12,3.0665066e-15,3.3857782e-12,1.0587147e-10
840000,474,455,0,-9.037699e-13,7.383535e-11,3.2850515e-13,1.2407195e-18,3.6825378e-12,6.843675e-10
840000,419,491,0,-1.4765542e-12,5.9653255e-11,2.5415938e-11,7.051805e-14,1.1841815e-13,3.0242964e-10
840000,271,420,0,3.6084653e-11,2.439194e-11,1.5012727e-13,1.7353506e-20,5.638635e-18,4.349645e-11
840000,199,435,0,3.9287976e-11,1.5583982e-11,2.5188685e-14,1.7697174e-21,2.7022685e-14,3.675093e-10
840000,373,31,0,-1.2285412e-12,6.131946e-11,1.584588e-11,3.6414943e-14,2.6402421e-15,3.382051e-10
840000,2,42,0,-2.367314e-13,5.6649137e-11,2.435156e-10,3.9393013e-11,6.921616e-11,1.8986392e-10
840000,250,313,0,3.9684206e-10,2.2780658e-12,2.4165653e-23,4.48e-43,1.4994752e-23,6.6081585e-11
840000,330,342,0,1.1391894e-10,1.3976067e-11,8.9460346e-26,0.0,6.627446e-16,9.301958e-11
840000,304,334,0,7.334758e-11,2.411601e-11,1.7851036e-12,7.391311e-17,1.9936429e-16,2.3001965e-11
840000,176,427,0,1.5818558e-11,3.764427e-11,1.2155621e-11,3.654135e-14,4.9418136e-11,2.2734473e-10
840000,169,46,0,3.741946e-12,1.3046802e-11,4.2292964e-11,5.363903e-12,1.2166001e-12,2.069686e-10
840000,238,498,0,-7.1639374e-13,6.150114e-11,3.3461546e-11,8.514224e-13,5.3664427e-11,1.2098006e-10
840000,409,80,0,3.089399e-10,2.9599684e-11,3.2091267e-11,5.827363e-12,1.7396476e-12,1.816327e-10
840000,311,142,0,3.8100304e-11,2.2299313e-11,4.7727105e-13,4.122063e-18,6.954797e-16,6.777248e-11
840000,272,301,0,5.433234e-11,1.1990901e-11,7.3622947e-34,0.0,1.2296835e-14,1.5561005e-14
840000,3,189,0,-6.2842716e-13,2.8288394e-11,8.025975e-11,6.911371e-13,6.533819e-13,3.8114056e-10
840000,255,493,0,-5.9548135e-13,3.258216e-11,7.689719e-14,4.2103933e-19,4.0122972e-13,2.6633626e-10
840000,148,189,0,7.9192974e-10,1.1962776e-11,8.7e-44,0.0,6.62546e-16,4.1890384e-11
840000,154,127,0,3.8720065e-11,2.2226075e-12,6.701932e-13,2.6531152e-18,3.5950638e-23,5.9567996e-11
840000,175,57,0,2.7556983e-11,4.6698314e-12,6.9642195e-14,1.6241395e-21,4.1637148e-26,8.256707e-11
840000,68,446,0,1.4375887e-10,6.5222494e-11,5.5786478e-14,9.980426e-21,9.4436745e-15,1.8531546e-10
840000,54,430,0,3.0762348e-10,6.849044e-11,4.588277e-12,5.110871e-16,3.4917685e-13,1.8063076e-10
840000,426,71,0,6.8787975e-10,3.1567207e-11,5.6501485e-14,5.3290865e-21,5.1857448e-17,3.771184e-10
840000,435,125,0,2.07976e-10,9.791394e-12,7.3640486e-13,2.6572937e-18,2.085212e-17,2.349023e-10
840000,34,286,0,1.868623e-13,2.179721e-11,1.20081054e-11,7.432475e-14,7.1642846e-16,2.0224789e-10
840000,25,67,0,-1.1567825e-12,4.7086626e-11,3.2030453e-14,1.0153953e-21,2.0635664e-09,4.1193013e-10
840000,294,64,0,3.572813e-10,4.6465724e-11,6.14712e-11,1.981534e-11,1.8783766e-11,1.9819738e-10
840000,67,242,0,5.215067e-11,2.6168002e-11,1.26992e-10,1.4707504e-11,4.5080905e-12,1.2857948e-09
840000,7,197,0,-4.957811e-13,2.1287767e-11,4.7099607e-13,2.6256514e-18,5.0914095e-12,3.2418923e-10
840000,213,370,0,2.881644e-10,1.1356804e-11,1.2436555e-13,2.1380706e-20,1.3851692e-17,7.0301195e-11
840000,272,490,0,-4.0771116e-13,2.3128763e-11,5.6475986e-14,1.7291607e-21,2.3043353e-15,1.8017209e-10
840000,78,57,0,2.4351151e-11,5.3328755e-11,9.588644e-12,1.6336487e-14,4.6093775e-12,3.0607994e-10
840000,391,236,0,3.5903072e-11,2.7442677e-11,1.2134303e-16,1.4680986e-27,2.2351343e-11,9.789354e-11
840000,146,455,0,-3.10168e-13,3.1480537e-11,4.22648e-19,5.8336934e-33,9.593349e-17,1.3480148e-10
840000,113,499,0,-5.765875e-13,2.7691691e-11,8.7131555e-13,1.7310574e-17,2.0127836e-15,1.6917417e-10
840000,400,217,0,6.642553e-11,3.4561472e-11,1.8125858e-14,2.9455306e-21,3.385747e-12,1.4636904e-10
840000,194,232,0,5.3551857e-11,1.7288681e-11,8.77525e-19,8.3449755e-30,1.7138594e-13,2.3357781e-11
840000,172,47,0,4.464302e-12,8.631625e-12,5.5497346e-11,3.9457604e-11,9.0499164e-11,3.1388492e-10
840000,326,382,0,2.789362e-10,1.1535585e-11,9.964905e-19,7.602956e-31,3.335919e-17,2.1939169e-10
840000,165,100,0,1.2698124e-10,2.552145e-11,1.6948897e-11,2.0160566e-13,5.3895812e-14,1.0211818e-10
840000,270,32,0,-1.6938099e-13,3.5430166e-11,7.531982e-13,6.325165e-18,3.0661105e-13,1.919643e-10
840000,17,488,0,-9.808127e-13,3.7921624e-11,6.5054976e-14,2.5857514e-21,1.7562321e-15,2.1130846e-10
840000,136,467,0,-3.6636975e-13,3.734991e-12,1.2195958e-18,2.814003e-32,1.5237249e-25,1.2444994e-10
840000,61,194,0,1.2744949e-11,2.77518e-11,5.117822e-12,1.0987177e-15,6.047529e-12,1.726412e-10
840000,385,450,0,1.1036263e-11,4.43407e-11,1.358626e-14,1.0846358e-22,2.4500077e-13,3.0006964e-10
840000,439,41,0,2.341588e-11,7.2383106e-11,2.088732e-11,4.3850682e-13,4.8128463e-14,5.158308e-10
840000,209,211,0,2.9433267e-10,1.1083258e-11,5.6242334e-11,1.9723589e-11,7.178767e-11,9.106286e-15
840000,266,77,0,4.158802e-11,3.61278e-11,3.5246882e-11,1.4434982e-12,1.977191e-13,1.0557894e-10
840000,208,10,0,-5.8323507e-13,2.1127386e-11,3.4060966e-12,2.9610893e-16,1.5704475e-14,7.359551e-10
840000,250,449,0,8.0058425e-11,3.72509e-11,1.855311e-11,4.273039e-13,1.81157e-14,1.8440734e-10
840000,452,383,0,-8.4589546e-13,4.7656747e-11,2.816303e-12,6.182849e-17,5.5617694e-12,3.7280282e-10
840000,210,267,0,1.1324176e-10,7.5300535e-13,3.6299523e-27,0.0,2.8184892e-29,3.0242413e-11
840000,413,463,0,1.0185052e-11,1.6245037e-10,3.328118e-11,5.7720486e-12,2.4592012e-12,7.206988e-10
840000,151,224,0,1.4127381e-10,5.484184e-12,3.7854605e-15,3.217266e-24,2.046412e-19,8.525632e-11
840000,376,68,0,1.74267e-11,2.4447732e-11,3.743831e-11,5.509978e-12,1.402261e-12,1.1498394e-10
840000,159,212,0,2.3084162e-10,3.0952983e-11,8.386292e-21,4.9738647e-34,2.9436298e-16,1.118294e-11
840000,393,60,0,7.2081217e-12,5.1516715e-11,5.598717e-17,8.441496e-28,3.1913128e-13,1.4678068e-10
840000,321,39,0,7.298362e-12,4.8895808e-11,2.7188122e-11,1.2709516e-12,2.4993324e-13,6.381924e-11
840000,288,302,0,5.3633014e-12,1.6525415e-11,1.615085e-21,3.634195e-39,3.5766693e-19,4.513106e-12
840000,214,296,0,1.9878126e-10,4.4827085e-16,2.928889e-35,0.0,0.0,1.811023e-12
840000,22,215,0,-4.3986302e-13,1.555227e-11,2.3093296e-11,3.6264847e-13,8.8295545e-15,3.5233602e-10
840000,213,179,0,3.5033107e-12,8.064474e-12,2.1074042e-31,0.0,1.7293303e-15,6.600697e-11
840000,162,123,0,5.876525e-11,6.4325476e-13,1.7651339e-13,3.3336674e-19,4.2998394e-24,5.572429e-11
840000,138,266,0,2.1752891e-10,1.0886727e-11,1.7310462e-24,1e-45,6.876885e-19,2.3000282e-11
840000,48,225,0,3.4882947e-13,7.207357e-11,3.6250553e-12,1.6949808e-15,3.719762e-11,1.3899129e-10
840000,234,400,0,1.1380452e-11,2.3760304e-11,3.5410158e-14,2.3100527e-21,3.2981945e-10,2.78179e-11
840000,449,373,0,-7.3753286e-13,5.491367e-11,3.4694188e-14,1.5271124e-20,1.4363715e-13,2.0227764e-10
840000,432,289,0,2.552103e-10,2.35336e-11,1.5686062e-11,1.3867324e-13,3.0564313e-14,1.0079936e-10
840000,442,14,0,-1.6102962e-12,6.530016e-11,2.431667e-11,2.236826e-13,6.3124377e-15,3.080308e-10
840000,485,126,0,-1.3505089e-13,5.5588267e-11,1.1130083e-10,8.7203626e-11,6.5509376e-10,2.339996e-10
840000,118,4,0,-5.3852013e-13,2.816536e-11,4.884535e-14,1.1656713e-20,1.9100872e-15,4.0294415e-10
840000,33,255,0,2.0290536e-12,4.321771e-11,2.7104246e-11,1.2225335e-13,2.8881205e-12,1.3899615e-10
840000,498,72,0,-1.1994542e-12,2.7436841e-11,5.760537e-12,1.6752995e-15,9.2892767e-17,3.2530085e-09
840000,340,50,0,1.7412847e-11,5.178752e-11,1.1517935e-13,1.7427017e-20,3.897066e-10,2.498501e-10
840000,90,7,0,-5.0336243e-13,1.1630748e-11,4.471308e-12,3.0670347e-15,8.365159e-18,1.035644e-09
840000,212,235,0,4.34088e-11,7.73616e-12,5.090313e-12,1.3809981e-15,3.6537883e-18,2.1563036e-11
840000,223,30,0,-8.7899273e-13,8.021952e-11,7.345592e-15,6.441534e-24,5.2410146e-11,1.4318097e-10
840000,233,325,0,7.103124e-11,2.8936155e-13,3.941261e-11,5.3631544e-12,1.2165885e-12,5.229174e-12
840000,465,341,0,-4.4429618e-13,2.1402444e-11,4.8352915e-11,1.2230566e-12,3.388528e-10,2.9117767e-10
840000,37,442,0,1.4038852e-11,7.1106565e-11,4.8135034e-11,1.0305947e-11,5.1347267e-11,5.2481397e-10
840000,275,423,0,4.4474622e-11,2.7375663e-11,3.8806737e-14,7.1078034e-22,1.5349557e-13,1.0104281e-10
840000,34,431,0,1.6415865e-11,5.4536767e-11,4.416882e-11,3.3586613e-11,9.40758e-11,4.162036e-10
840000,134,100,0,4.886609e-10,3.1878254e-11,1.9746873e-12,7.055201e-17,1.9271178e-12,1.12231065e-10
840000,176,459,0,-3.8619102e-13,1.6455504e-11,5.005976e-11,3.723696e-11,9.201097e-11,1.9853702e-10
840000,124,53,0,1.4946584e-10,3.287209e-11,4.4801042e-12,1.2859406e-15,3.3315937e-11,3.7670614e-10
840000,134,251,0,4.8075244e-10,9.9493955e-12,6.0307807e-31,0.0,1.905634e-18,1.458704e-12
840000,379,113,0,2.088326e-10,1.550816e-11,1.8659731e-16,5.7619883e-27,2.6311777e-17,3.153392e-09
840000,282,29,0,8.6381374e-13,2.6436566e-11,2.9554616e-14,1.1833451e-21,4.250298e-13,3.0644407e-09
840000,437,83,0,2.3204978e-10,2.0574625e-11,3.8350128e-14,6.84278e-22,2.4942605e-14,3.1661662e-09
840000,179,392,0,2.7759295e-10,1.7352413e-11,4.2580787e-14,8.8829776e-20,4.745489e-16,3.0498566e-09
840000,366,418,0,2.7454105e-11,9.370176e-12,6.5777467e-13,2.1367306e-18,3.5007485e-17,3.2905252e-09
840000,451,190,0,1.3429295e-12,2.5419687e-11,2.1809684e-13,1.5668409e-19,5.562883e-12,3.1203375e-09
840000,75,165,0,6.9517963e-12,1.2601935e-11,4.973424e-13,8.544149e-18,9.565455e-17,3.179753e-09
840000,197,375,0,4.3581988e-10,6.412395e-11,9.361955e-22,8.561475e-37,1.3327872e-12,2.993045e-09
840000,366,351,0,1.1141594e-10,2.3654492e-11,8.2829446e-16,1.1117662e-25,4.9256756e-17,3.096199e-09
840000,348,93,0,6.35922e-10,2.2876052e-09,1.562859e-19,8.050436e-34,4.1188084e-09,1.9432171e-10
840000,450,52,0,4.6847266e-11,5.498164e-11,1.8221851e-11,3.4056823e-13,2.6531618e-14,3.441648e-10
840000,196,281,0,3.2007957e-10,5.6500357e-14,1e-45,0.0,2.21e-39,6.12595e-12
840000,131,168,0,2.0201115e-11,4.9489466e-12,5.0754e-41,0.0,2.9258765e-22,1.571387e-10
840000,303,17,0,-4.959977e-13,6.6073445e-11,6.5981254e-13,1.0364397e-17,3.1651038e-12,3.196598e-10
840000,78,50,0,9.218636e-12,4.230215e-11,2.2817484e-11,7.717176e-14,3.2077782e-10,3.2597716e-10
840000,428,258,0,1.4327295e-10,4.788225e-11,1.8179436e-15,8.465493e-25,7.920779e-13,3.740134e-10
840000,16,442,0,-5.8278507e-13,3.7303115e-11,4.858729e-11,1.8726135e-11,3.558063e-10,2.728925e-10
840000,333,410,0,8.490639e-11,2.3680858e-11,2.2704733e-12,2.880998e-17,3.2602548e-10,1.23121e-10
840000,493,254,0,-8.015867e-13,2.9598452e-11,3.906876e-12,2.8808276e-16,5.3412752e-14,3.051777e-11
840000,185,97,0,4.5120217e-11,7.289812e-12,2.0948414e-14,7.243502e-22,5.302116e-17,1.8860538e-10
840000,415,148,0,5.00191e-11,2.0381613e-11,9.427001e-11,9.511468e-12,3.4298137e-12,1.2873669e-10
840000,189,197,0,1.0142651e-11,1.2832725e-11,1.9270454e-26,0.0,5.1112183e-19,6.535629e-11
840000,400,23,0,-1.6569083e-12,1.7090201e-10,8.49563e-14,9.913964e-20,5.9667556e-11,3.4278871e-10
840000,224,27,0,-8.9666566e-13,8.086421e-11,3.506452e-16,1.00556093e-25,3.4332967e-10,3.1080312e-09
840000,413,60,0,8.4180024e-11,2.2187838e-11,3.7877614e-11,1.8144876e-11,1.8410743e-11,3.2731953e-09
840000,126,401,0,1.0396027e-09,6.3656146e-12,2.6714514e-11,1.0820692e-13,2.438222e-15,3.150383e-09
840000,236,412,0,2.2688379e-11,1.1218104e-11,1.7420941e-12,3.2819512e-17,1.2477662e-19,3.1159328e-09
840000,239,31,0,-6.6714326e-13,1.6722016e-11,2.1609505e-17,5.5560547e-30,1.2211646e-16,3.2417535e-09
840000,325,312,0,1.197475e-10,9.724494e-12,3.7620623e-21,6.0008495e-36,6.315213e-17,3.0301708e-09
840000,307,494,0,-5.6173707e-13,3.194258e-11,2.7966855e-11,1.2921136e-12,1.603889e-13,3.069387e-09
840000,90,417,0,4.926513e-10,5.319923e-11,2.2958935e-11,1.2890138e-12,4.0637146e-12,3.2115661e-09
840000,453,206,0,7.090991e-13,2.7139147e-11,7.632432e-13,5.75977e-18,4.0952173e-14,3.2132592e-09
840000,483,305,0,-5.1067625e-13,3.750433e-11,2.8633062e-12,2.6233937e-16,3.5342302e-11,3.0427374e-09
840000,47,16,0,-9.021328e-13,7.833879e-11,2.7134309e-11,3.7272025e-13,8.140608e-14,3.2331549e-09
840000,81,303,0,3.286901e-11,1.1532886e-11,4.487032e-19,4.0949374e-34,1.0949876e-19,3.058695e-09
840000,374,382,0,7.6206236e-11,5.024387e-11,9.603472e-11,1.7903456e-11,7.2630842e-12,3.0255627e-09
840000,456,119,0,8.0291516e-11,3.1689894e-11,1.2906306e-14,4.719302e-22,6.109811e-11,3.3668577e-09
840000,366,200,0,1.7412857e-10,2.1585184e-12,1.7105522e-11,2.621906e-13,1.4211346e-14,2.9913547e-09
840000,467,204,0,-6.2160227e-13,1.8283963e-11,3.2730412e-11,1.0281574e-11,9.463106e-12,3.1325744e-09
840000,133,87,0,2.359653e-10,2.5163864e-11,1.3952351e-11,7.082251e-14,1.1175304e-15,3.173371e-09
840000,120,109,0,5.0311495e-11,2.740778e-11,4.6483952e-18,4.1621514e-31,2.9716306e-18,3.2940577e-09
840000,405,276,0,8.260381e-10,1.8674397e-11,5.9001573e-21,7.111799e-35,2.0808226e-15,3.0180896e-09
840000,499,346,0,-9.270446e-13,6.251923e-11,3.64673e-15,5.7109207e-24,6.808749e-11,3.4536776e-09
840000,247,204,0,7.2611986e-11,1.543308e-11,1.7297872e-18,1.4991162e-32,9.294399e-17,2.9948615e-09
840000,441,459,0,-8.415574e-14,8.0148374e-11,2.421742e-12,9.991136e-17,7.4796094e-13,3.2529401e-09
840000,351,160,0,7.562892e-10,2.1352246e-11,2.6797436e-11,9.978664e-13,1.1595751e-13,2.9931608e-09
840000,371,422,0,1.228392e-11,1.774014e-11,3.2289837e-11,8.538484e-14,1.7017177e-15,3.3409306e-09
840000,482,467,0,-6.917128e-13,3.0006306e-11,4.685037e-12,3.7425574e-16,1.1677169e-13,3.356186e-09
840000,104,392,0,7.30396e-11,3.4533224e-11,1.0024156e-23,1.97537e-40,3.273467e-10,3.0491365e-09
840000,155,275,0,3.7830187e-11,1.7712233e-11,3.5842075e-32,0.0,1.8284625e-16,3.0158944e-09
840000,343,408,0,8.7637946e-11,8.155541e-12,4.803593e-12,1.9241347e-15,1.3259265e-18,3.0652392e-09
840000,437,30,0,1.7275416e-12,7.469739e-11,3.1316044e-11,6.996487e-13,5.4551155e-12,3.4910288e-09
840000,477,148,0,8.994025e-13,3.7163456e-11,5.8671373e-16,2.635726e-26,2.9192503e-15,3.182747e-09
840000,379,427,0,8.6434635e-12,2.3087946e-11,6.050546e-11,7.645593e-11,5.5509874e-10,3.3324885e-09
840000,442,433,0,3.5070558e-12,3.8742114e-11,2.2390957e-11,1.32896e-12,2.4022518e-12,3.2976264e-09
840000,466,120,0,2.2075888e-11,3.948836e-11,1.27856e-14,9.863269e-23,3.2981945e-10,3.1547123e-09
840000,38,157,0,-1.1572857e-12,7.818585e-11,3.3864432e-11,1.1238434e-13,8.17675e-12,3.3464946e-09
840000,256,1,0,-3.8776946e-13,2.4778723e-12,5.0293675e-10,5.3788123e-11,2.9565256e-11,3.0240301e-09
840000,228,311,0,1.9648554e-10,2.3301858e-14,7.09413e-18,1.19423854e-29,2.172405e-39,7.359503e-12
840000,350,21,0,-1.18659735e-11,2.3084785e-09,1.7481168e-15,2.223315e-22,4.119023e-09,2.9324954e-10
840000,41,84,0,-1.1904513e-12,5.983348e-11,3.6918666e-11,3.8270087e-13,1.9526882e-09,1.7899104e-10
840000,22,126,0,-1.1625383e-12,2.8948e-11,3.8811496e-11,1.0526307e-11,8.654658e-12,2.4397148e-10
840000,244,109,0,8.3409535e-10,2.0612501e-11,1.0954809e-21,2.77887e-39,6.483529e-11,6.3942164e-11
840000,188,212,0,1.541322e-11,1.3092547e-11,5.488149e-22,1.4652169e-36,1.1611206e-16,7.7415095e-11
840000,387,173,0,1.362643e-10,1.3459425e-12,3.520967e-16,7.038695e-25,3.2717296e-28,8.676934e-11
840000,368,398,0,2.0873295e-10,5.3717347e-11,4.3906664e-14,1.8580967e-21,2.3958213e-14,1.885459e-10
840000,41,237,0,1.448838e-12,4.589985e-11,2.1181318e-12,4.655967e-16,1.6502214e-15,1.537861e-10
840000,379,232,0,2.9164827e-11,6.00218e-13,5.4592023e-19,1.4046496e-33,1.3221246e-29,1.1400254e-10
840000,176,401,0,2.507796e-10,3.832498e-11,1.160588e-15,9.380353e-25,9.853543e-13,1.0314984e-10
840000,137,15,0,-4.95448e-13,9.09816e-12,6.11164e-11,2.623352e-12,5.274574e-13,9.3234885e-11
840000,58,346,0,4.0542646e-11,2.8383698e-11,4.4141025e-14,1.580944e-20,4.6577816e-17,1.2264147e-10
840000,339,148,0,1.7531349e-10,3.0446732e-11,5.34874e-21,5.3688744e-38,4.303179e-16,1.2168742e-10
840000,182,474,0,-3.4900533e-13,7.222303e-13,2.400601e-11,5.7232966e-14,1.1160411e-15,3.8768738e-10
840000,134,213,0,4.3963336e-10,1.1987512e-11,3.5001693e-32,0.0,8.3845563e-16,3.1199363e-09
840000,94,375,0,5.906299e-11,1.627826e-11,8.574946e-15,4.1738464e-22,1.5920118e-15,3.0888898e-09
840000,186,46,0,1.3525707e-12,2.8959685e-11,1.1815565e-14,3.0139008e-23,4.582528e-13,3.18237e-09
840000,429,52,0,1.4973267e-10,3.0219795e-11,9.208385e-11,2.5177837e-11,1.7920157e-11,4.877368e-09
840000,48,220,0,1.6753924e-13,6.0030196e-11,5.146439e-11,1.9577026e-11,2.135675e-11,3.1685106e-09
840000,346,117,0,3.661381e-10,2.683566e-11,1.8170542e-15,8.464806e-25,3.1133632e-15,3.0793066e-09
840000,493,181,0,-1.2412856e-12,6.576747e-11,3.5019126e-11,5.6731174e-12,6.6074394e-12,3.7534726e-09
840000,34,41,0,-9.896116e-13,4.2586008e-11,5.1813063e-12,2.9147308e-15,3.044863e-11,3.4520857e-09
840000,452,2,0,-1.5612134e-12,9.734539e-11,8.697856e-12,1.1979984e-14,7.8202223e-13,3.5100167e-09
840000,97,18,0,-5.931688e-13,3.002234e-11,2.5442969e-11,1.3095237e-12,1.1899107e-13,3.1170706e-09
840000,411,92,0,5.3944893e-10,4.7013452e-11,4.233706e-15,8.559877e-23,1.879229e-12,3.2342387e-09
840000,44,64,0,-8.569492e-13,4.7820265e-11,5.638377e-12,2.7872968e-15,2.1107801e-13,3.3771224e-09
840000,339,431,0,9.907121e-10,3.826124e-11,1.6546849e-11,3.1715613e-13,2.211349e-14,3.2025889e-09
840000,322,438,0,1.5696996e-10,2.0842923e-11,1.4139768e-11,6.182196e-14,2.856191e-13,3.191252e-09
840000,327,363,0,1.388327e-10,1.0714098e-11,1.6017968e-13,2.6570018e-19,4.5708415e-14,3.0341327e-09
840000,17,165,0,-1.07664e-12,5.450028e-11,2.4032575e-11,2.319201e-12,6.2531274e-13,3.3641956e-09
840000,238,472,0,1.458944e-13,3.412845e-11,1.509807e-14,9.859819e-22,3.1879964e-11,3.2948186e-09
840000,398,479,0,-8.7044586e-13,1.6118771e-11,9.395278e-13,2.2873569e-17,8.9293485e-21,3.2770704e-09
840000,457,89,0,8.6838635e-12,5.6822647e-11,5.780695e-14,2.7550438e-21,8.348643e-12,3.2237826e-09
840000,462,44,0,1.7914275e-12,7.399966e-11,9.107583e-12,2.4664712e-15,4.2482476e-12,3.302062e-09
840000,473,112,0,2.5952003e-12,4.4704823e-11,5.2073337e-12,1.9632811e-15,5.129756e-12,3.3331022e-09
840000,112,371,0,3.321106e-10,2.029839e-11,7.149638e-16,9.775929e-21,6.1109044e-16,3.0627934e-09
840000,400,100,0,2.8577168e-10,4.1112804e-11,6.4237786e-13,9.5181986e-18,4.3664954e-12,3.3251104e-09
840000,38,397,0,8.933684e-11,4.203855e-11,1.1743125e-12,1.356105e-17,3.5787276e-11,3.345878e-09
840000,24,401,0,8.058743e-12,8.439105e-11,2.8078774e-11,4.1717075e-13,3.469518e-11,3.2890184e-09
840000,423,122,0,3.7079187e-11,2.7952998e-11,2.4052422e-14,1.0621516e-22,4.5265045e-19,3.1761573e-09
840000,47,209,0,1.06569105e-13,2.3620115e-11,9.3323075e-12,2.0828993e-15,7.288406e-17,3.346398e-09
840000,360,163,0,3.012439e-10,1.0964328e-11,2.40794e-12,1.2690294e-15,4.4138746e-13,3.0165423e-09
840000,49,65,0,-6.7495315e-13,5.172466e-11,3.9773074e-11,7.094661e-13,1.568006e-11,3.5065004e-09
840000,46,169,0,-6.3048134e-13,3.1204078e-11,4.700606e-13,1.0240845e-18,3.3850005e-14,3.249512e-09
840000,429,117,0,5.0302394e-11,3.8875656e-11,1.7770274e-14,1.9379996e-21,3.1175109e-13,3.508964e-09
840000,222,64,0,1.14323585e-11,1.9654084e-11,1.0024812e-12,3.662304e-17,9.026815e-17,3.1164762e-09
840000,108,80,0,1.628554e-10,3.603491e-11,5.0348163e-11,4.3876053e-12,3.239215e-10,3.4342094e-09
840000,383,395,0,2.3968114e-11,7.292191e-11,2.43266e-12,2.0688109e-16,3.588031e-14,3.0338096e-09
840000,379,296,0,8.016284e-11,1.8197378e-11,8.456917e-14,5.044962e-20,4.6377255e-12,1.446397e-11
840000,108,458,0,1.5781458e-13,3.7662373e-11,6.7068066e-11,1.9529805e-11,7.161263e-11,3.0912723e-09
840000,103,476,0,-7.058391e-13,2.4829161e-11,2.4456706e-15,1.7343604e-22,2.3516103e-14,3.37853e-09
840000,437,365,0,-6.312233e-13,3.139913e-11,4.0315644e-14,2.0855412e-20,8.098124e-12,3.4772483e-09
840000,76,452,0,3.6187147e-11,4.2214208e-11,3.9156595e-12,4.5061586e-16,3.3714272e-15,3.2332244e-09
840000,48,14,0,-8.589552e-13,7.602407e-11,1.7686705e-11,3.4839086e-13,6.467363e-11,2.897341e-10
840000,431,270,0,3.0647415e-10,2.6433593e-11,1.6891607e-14,5.9800365e-23,4.1986559e-13,3.1216083e-09
840000,14,497,0,-1.0077992e-12,1.6495668e-11,3.9066683e-13,5.6476056e-19,4.130861e-20,3.2260348e-09
840000,471,428,0,-8.0520047e-13,2.96128e-11,1.5730313e-11,1.1759648e-13,3.79997e-15,3.2419345e-09
840000,457,403,0,-8.304128e-13,2.3707631e-11,7.650346e-13,9.116785e-18,7.300645e-17,3.3294365e-09
840000,255,162,0,1.0022159e-11,2.0966128e-11,6.8348524e-28,0.0,4.2399293e-16,3.1009546e-09
840000,376,179,0,5.456765e-11,4.3530323e-12,3.0551645e-20,2.3012713e-35,7.8509734e-23,3.0900695e-09
840000,464,61,0,7.440728e-12,7.563502e-11,1.01310106e-10,2.0721718e-11,7.219628e-11,3.3829461e-09
840000,461,464,0,-9.130963e-13,4.0955607e-11,3.8638488e-11,8.4962354e-13,3.7090915e-14,3.699444e-09
840000,440,112,0,5.725328e-11,1.9912802e-11,6.1414616e-11,3.7158026e-13,2.1434879e-14,3.17967e-09
840000,152,102,0,4.379693e-10,1.0108763e-11,1.0953305e-12,1.1858409e-17,8.0903777e-22,3.0854228e-09
840000,472,321,0,-4.4855062e-13,1.8858054e-11,2.7875041e-14,4.8263035e-22,1.32674785e-14,3.0532665e-09
840000,477,217,0,-6.024677e-13,4.17356e-11,2.7171586e-16,9.475508e-25,5.0594423e-14,3.216577e-09
840000,452,30,0,-1.2611163e-13,4.4613535e-11,1.1395036e-10,5.5142453e-11,7.87767e-11,3.4914498e-09
840000,488,170,0,-1.3153744e-12,7.0518126e-11,7.275762e-11,1.9835812e-11,1.9375616e-11,3.343159e-09
840000,94,380,0,3.811829e-11,1.11168835e-11,9.31109e-16,1.047777e-25,1.8145136e-15,3.227227e-09
840000,157,72,0,1.4469216e-10,3.6532624e-11,2.7685167e-11,9.247102e-13,2.934329e-13,3.0511877e-09
840000,60,467,0,2.6223067e-12,3.864344e-11,7.250467e-11,1.6361565e-11,9.844288e-12,3.33811e-09
840000,7,312,0,-1.1369135e-12,6.763456e-11,8.814527e-19,1.1127204e-29,2.1848915e-11,3.025769e-09
840000,451,175,0,3.285518e-13,4.693941e-11,1.0540742e-11,2.1901899e-14,2.4042026e-13,3.0565892e-09
840000,328,313,0,1.3130948e-10,1.121268e-11,4.1557748e-23,9.12818e-40,1.1802222e-14,3.0173586e-09
840000,432,374,0,-8.2641495e-13,9.281405e-11,7.206764e-13,1.1865619e-17,4.1392506e-12,3.1492515e-09
840000,215,484,0,-6.4103936e-13,6.0394925e-11,4.9702356e-15,4.5699085e-23,4.0810207e-13,3.2889353e-09
840000,138,451,0,8.2587425e-13,5.660496e-11,8.578106e-15,6.402748e-22,1.04276085e-13,3.2482743e-09
840000,337,499,0,-4.8337175e-13,3.2297415e-11,7.9653305e-11,6.0179655e-13,6.463582e-11,3.3554914e-09
840000,67,341,0,1.6403957e-10,2.3141558e-11,3.0453965e-14,4.553445e-22,1.7138568e-13,3.5850798e-09
840000,196,322,0,2.5147004e-10,1.1190117e-11,9.807487e-34,0.0,1.6119766e-21,3.0045373e-09
840000,430,227,0,7.89613e-12,1.3853355e-11,1.6786508e-12,1.5187158e-16,2.174521e-19,3.0547562e-09
840000,86,38,0,1.80483e-12,3.1027403e-11,2.6136283e-12,1.4524928e-16,3.0548999e-12,4.1038115e-09
840000,47,406,0,4.0783463e-10,4.7621962e-11,1.2641124e-11,5.8704594e-14,2.6759096e-14,3.4718826e-09
840000,33,449,0,2.9724753e-12,4.2555397e-11,1.2739056e-10,5.5071076e-11,7.299485e-11,3.4536498e-09
840000,36,463,0,-1.7496444e-13,7.9795885e-11,5.902286e-11,8.789151e-13,8.8307165e-12,3.2594842e-09
840000,381,285,0,6.8677806e-11,1.1076531e-11,2.3648826e-11,2.4518256e-13,6.8726034e-15,3.0070424e-09
840000,60,62,0,1.0960973e-12,8.376239e-12,9.163318e-13,6.6396406e-18,1.6601032e-22,3.481631e-09
840000,346,417,0,1.7976604e-10,2.3813652e-11,3.0208431e-12,8.0895385e-17,5.8057915e-16,3.0594578e-09
840000,6,349,0,-8.482956e-13,3.6954717e-11,9.064147e-12,1.5550698e-14,4.06119e-12,3.1989202e-09
840000,21,277,0,-6.3723316e-13,3.7180228e-11,5.0164892e-20,1.9530664e-36,8.021846e-16,3.078648e-09
840000,10,499,0,-1.086062e-12,3.8129732e-11,1.5291734e-12,2.4496671e-17,1.3548318e-17,3.8276884e-09
840000,459,73,0,2.044117e-11,4.3432306e-11,4.1338964e-12,2.3148585e-15,2.99334e-11,3.4151153e-09
840000,388,497,0,-9.737979e-13,2.6283802e-11,9.536677e-11,2.4561167e-11,1.8580871e-11,3.371126e-09
840000,95,359,0,2.717099e-10,1.9978087e-11,1.1603554e-19,1.2286495e-35,1.7647255e-16,3.1672391e-09
840000,45,57,0,-8.132308e-13,3.4823547e-11,2.4528648e-11,2.674162e-13,6.3847504e-12,3.4393854e-09
840000,154,30,0,-7.329548e-14,1.7156568e-11,2.9835e-14,6.272048e-21,7.2647045e-17,3.5253318e-09
840000,41,249,0,7.898737e-12,3.9626597e-11,2.1273223e-11,9.9562014e-14,1.5970802e-13,3.3936516e-09
840000,318,353,0,3.2131992e-10,2.7836492e-11,5.8896276e-15,3.367646e-22,3.5435475e-15,3.0551743e-09
840000,60,334,0,3.991512e-11,4.0112594e-11,3.4343847e-11,5.7082702e-12,2.1335396e-09,3.0524039e-09
840000,92,143,0,3.634295e-11,1.224262e-11,9.307439e-12,4.833415e-14,2.9317845e-15,3.0844505e-09
840000,406,33,0,-4.580155e-13,5.759283e-11,1.047133e-11,3.3740345e-14,4.346803e-12,3.402207e-09
840000,474,62,0,-3.4136076e-13,8.97983e-11,9.334433e-12,2.170806e-14,4.703441e-12,3.9112624e-09
840000,416,410,0,1.7033906e-11,3.2272816e-11,1.4132612e-11,9.398211e-14,4.1475138e-15,3.3513916e-09
840000,372,368,0,6.5459124e-11,3.9883905e-11,1.1336412e-12,1.738087e-17,1.6329582e-16,8.15659e-11
840000,188,269,0,3.700262e-10,1.9058607e-13,5.4921e-41,0.0,2.156125e-39,1.9477742e-12
840000,414,491,0,-1.2342155e-11,2.3217226e-09,2.8751156e-11,3.2459558e-13,4.1188937e-09,4.177585e-10
840000,309,217,0,2.8086231e-11,2.2829496e-09,4.5e-44,0.0,4.1188084e-09,4.1136287e-12
840000,274,240,0,8.6842426e-12,2.2886542e-09,6.622895e-28,0.0,4.118809e-09,3.103402e-11
840000,45,190,0,-2.2638811e-13,3.4358672e-11,2.4249815e-14,2.2441075e-21,2.5578377e-15,2.2940982e-10
840000,40,204,0,-4.8145385e-13,3.157652e-11,3.6819683e-11,5.635756e-12,2.230512e-12,3.1801137e-10
840000,283,402,0,1.3586246e-11,1.9886546e-11,9.513295e-12,2.072911e-14,6.297671e-11,1.3203315e-10
840000,52,64,0,-4.5573484e-13,3.980886e-11,3.3476746e-11,4.7962865e-13,3.3601857e-10,4.4202753e-10
840000,51,195,0,1.1681718e-12,2.8674518e-11,1.6278337e-13,5.159976e-20,1.1586918e-16,2.3006087e-10
840000,261,250,0,8.868592e-12,1.0304288e-11,5.4699326e-32,0.0,8.128905e-17,1.0419879e-12
840000,233,230,0,6.271124e-11,1.1241374e-11,4.0241e-20,1.0256977e-35,3.0506375e-17,2.6498718e-11
840000,342,210,0,4.5463022e-10,9.94552e-13,4.344794e-20,3.4011983e-34,4.8570444e-31,3.738161e-12
840000,269,328,0,8.3574335e-11,6.052647e-12,1.6466663e-27,0.0,1.0668787e-17,5.5612636e-11
840000,386,489,0,-1.2658305e-12,8.040771e-11,8.204926e-13,3.0869191e-18,1.6706615e-12,3.3756115e-10
840000,276,492,0,-4.867639e-13,3.026833e-11,2.4640382e-16,8.182928e-28,3.3412983e-10,1.7619965e-10
840000,477,143,0,2.033006e-12,4.6012628e-11,1.08565866e-13,1.1881198e-20,3.6047304e-12,1.5654299e-10
840000,389,74,0,3.3641395e-11,2.4789488e-11,1.5151593e-13,5.6477495e-20,1.8995152e-17,1.2826071e-10
840000,248,251,0,7.731846e-12,4.652361e-12,9.901522e-33,0.0,1.6624622e-23,1.0300513e-11
840000,134,361,0,4.2572446e-10,1.407756e-11,5.3434246e-18,1.3142487e-30,5.618426e-19,3.0369691e-09
840000,145,481,0,-4.5383798e-13,3.6350326e-11,6.0770264e-15,5.1499388e-24,4.041947e-14,3.1993084e-09
840000,470,369,0,-7.0668287e-13,3.3958076e-11,3.9260522e-11,5.710319e-12,1.5581984e-12,3.233037e-09
840000,84,290,0,1.5082204e-10,4.821264e-11,7.644539e-15,2.0881542e-22,4.492767e-12,3.1076026e-09
840000,433,39,0,1.7909643e-11,7.1136035e-11,2.4037815e-11,2.3192008e-12,9.8397034e-11,3.19243e-09
840000,103,156,0,4.0289112e-11,2.6348883e-11,9.394246e-13,2.2873569e-17,3.385321e-10,3.048787e-09
840000,38,139,0,-1.2114939e-12,4.694924e-11,3.0233572e-12,6.127996e-16,1.9918754e-12,2.658041e-10
840000,467,425,0,-8.678777e-13,4.3580764e-11,4.6950107e-13,1.9540816e-18,3.1005087e-13,3.3000438e-09
840000,410,52,0,2.3702982e-11,3.275934e-11,4.2391785e-13,1.1459487e-18,3.302319e-14,3.299863e-09
840000,411,44,0,8.398718e-12,5.141685e-11,3.031665e-12,6.1280245e-16,5.564075e-12,3.3528866e-09
840000,159,23,0,-3.9328778e-13,2.4677987e-11,2.7946113e-13,9.0334113e-20,3.3598435e-10,3.0299987e-09
840000,0,198,0,-4.675877e-13,1.5554821e-11,4.9888713e-12,4.4655937e-16,5.081881e-17,3.9599657e-09
840000,493,27,0,-1.2519423e-12,5.6067595e-11,3.0115582e-12,1.0796122e-16,2.0470338e-15,3.5277907e-09
840000,294,408,0,9.45048e-12,2.8604797e-11,7.0652467e-15,2.8061173e-22,4.088641e-13,3.0666039e-09
840000,302,24,0,8.143884e-13,3.2768673e-11,4.0180272e-11,1.8501065e-11,1.7633712e-11,3.1146952e-09
840000,292,70,0,1.7216842e-10,3.3445066e-11,2.1466995e-12,8.915563e-17,1.676182e-14,8.267626e-11
840000,42,154,0,-1.1933112e-12,9.179345e-11,5.824988e-14,1.4548304e-20,7.609092e-12,3.2552991e-09
840000,417,210,0,2.3549832e-10,3.3397583e-11,4.503727e-14,1.525048e-21,1.575338e-14,3.0925464e-09
840000,83,106,0,2.2357127e-12,8.062785e-11,3.0762375e-11,3.0204075e-13,1.2756562e-12,3.084316e-09
840000,339,134,0,1.5892829e-10,4.527576e-11,1.8170542e-15,8.464806e-25,1.3739833e-13,3.0486447e-09
840000,368,268,0,3.873121e-12,4.2392322e-12,3.1776094e-17,3.996179e-29,7.514237e-20,1.9427841e-10
840000,360,7,0,-1.7624761e-12,6.093491e-11,5.6915415e-13,5.9996247e-19,2.0541006e-12,4.4086354e-10
840000,90,239,0,3.0422966e-11,9.643999e-13,5.2627135e-11,1.96326e-11,1.41116945e-11,3.0292628e-09
840000,295,61,0,4.3333612e-10,5.584916e-11,4.2239212e-11,1.2229789e-12,2.3159686e-13,3.1610061e-09
840000,43,69,0,-9.315514e-13,4.0968194e-11,7.535858e-13,3.6627016e-18,5.66755e-16,3.3657663e-09
840000,74,408,0,4.7358734e-10,5.87443e-11,1.5036144e-14,5.654475e-23,6.4572683e-12,3.1281546e-09
840000,452,88,0,2.1589766e-11,6.0485936e-11,7.702832e-12,4.875461e-15,2.800735e-11,3.2676966e-09
840000,336,138,0,1.414954e-10,4.5181067e-11,3.28886e-17,9.514407e-28,2.886335e-12,3.0130491e-09
840000,77,366,0,1.8262092e-10,3.597675e-12,6.6353438e-12,6.558059e-15,1.2593003e-17,3.5040273e-09
840000,483,288,0,-5.896029e-13,4.340296e-11,3.8826846e-13,4.704148e-19,3.2321137e-10,3.257001e-09
840000,491,422,0,-7.228505e-13,2.8857899e-11,1.4737267e-11,2.075338e-13,5.1773402e-15,3.3538738e-09
840000,405,479,0,-9.491438e-13,3.4111634e-11,6.519926e-16,2.3377937e-25,3.7252754e-17,3.2780432e-09
840000,102,370,0,1.2118656e-10,2.4619452e-11,1.1959871e-16,3.2605936e-22,6.932363e-17,3.210736e-09
840000,244,325,0,1.1101089e-10,2.9580993e-12,4.390244e-15,5.7764636e-23,2.120129e-25,2.9910001e-09
840000,23,136,0,-1.2675814e-12,4.6037573e-11,6.112158e-12,2.2652511e-15,1.1838453e-12,3.1411078e-09
840000,483,393,0,-7.665182e-13,2.6192987e-11,4.0246608e-11,5.554941e-12,1.3827853e-12,3.3086476e-09
840000,14,27,0,-8.3719533e-13,6.42887e-11,1.6367392e-12,1.2311473e-16,2.340339e-14,3.5574486e-09
840000,482,341,0,-7.540757e-13,3.9716404e-11,4.5817024e-11,1.8273312e-11,1.8160097e-11,3.2190406e-09
840000,193,125,0,1.8849494e-10,2.3869096e-11,1.2503028e-21,3.5027152e-37,1.5526482e-16,1.5808398e-11
840000,31,163,0,-1.0019111e-12,4.4829754e-11,8.883894e-12,1.8675567e-14,1.1842847e-12,3.0607017e-09
840000,487,0,0,-1.2478722e-12,7.198662e-11,5.3412493e-11,7.3131345e-13,1.6190425e-12,3.6137127e-10
840000,20,313,0,-8.2879623e-13,5.341869e-11,9.753832e-16,1.1976958e-24,2.0271709e-09,2.3006032e-10
840000,366,438,0,2.0542961e-11,7.9129044e-11,1.923374e-11,4.2731517e-13,4.280615e-12,3.3096677e-09
840000,19,322,0,-8.326498e-13,3.331918e-11,8.222115e-12,3.167895e-14,1.8816392e-12,1.590295e-10
840000,1,157,0,-1.3079207e-12,4.0230007e-11,5.2256996e-17,7.7421465e-26,1.1230421e-16,3.4023038e-09
840000,243,478,0,-1.8456044e-13,2.974219e-11,1.2464776e-13,1.3604347e-20,1.9430788e-14,3.1932512e-09
840000,104,63,0,1.8756323e-10,5.119604e-11,1.5016884e-11,8.007882e-14,5.997163e-13,3.5557464e-09
840000,474,206,0,-6.8542036e-13,2.843015e-11,2.3141296e-11,1.3125578e-13,3.4996957e-13,1.9938405e-10
840000,59,340,0,4.3978078e-11,4.559229e-11,8.202636e-12,2.5906015e-14,1.8320166e-09,3.0889242e-09
840000,439,447,0,4.3359795e-12,4.5328945e-11,7.9996434e-14,7.29822e-21,5.4762713e-15,3.1847376e-09
840000,41,163,0,-9.206828e-13,3.568654e-11,9.906222e-11,5.304967e-11,7.581705e-11,3.3857925e-09
840000,198,459,0,8.049941e-14,3.1876356e-11,2.8077143e-12,4.79996e-16,2.0330624e-11,3.1117806e-09
840000,494,442,0,-5.1937876e-13,2.7687705e-11,1.8626852e-11,8.03174e-14,3.3664945e-14,1.9190578e-10
840000,74,239,0,3.464469e-11,1.8910462e-10,1.8332995e-11,1.2876524e-13,8.99203e-11,3.1806986e-09
840000,248,108,0,9.870411e-10,1.1933252e-11,4.3224365e-20,1.718259e-36,4.3869793e-15,3.0133671e-09
840000,409,15,0,-1.4057057e-12,8.494592e-11,2.1410003e-12,6.440104e-17,8.8744484e-11,3.425265e-09
840000,211,497,0,-5.7510913e-13,1.748021e-11,3.4931855e-09,7.214579e-10,1.1538419e-09,1.2637298e-10
840000,428,382,0,-8.2620504e-13,3.627922e-11,6.8481267e-13,1.1864924e-17,1.872508e-17,2.9281536e-10
840000,415,468,0,2.674873e-12,1.07038746e-10,2.8414143e-11,1.2499439e-12,2.2702124e-12,3.5960688e-09
840000,24,51,0,-1.0936678e-12,6.084021e-11,8.3362735e-12,2.5906047e-14,2.1085984e-13,3.3534926e-09
840000,237,331,0,4.7260647e-11,4.5670195e-12,2.5371218e-12,1.588288e-16,2.3963934e-20,2.6082325e-14
840000,491,209,0,-7.195594e-13,2.3438857e-11,4.9598914e-12,1.1437908e-15,1.3935625e-15,3.480614e-09
840000,278,494,0,-5.3677673e-13,3.7001034e-11,3.5857113e-18,2.355837e-32,5.7220825e-12,3.1224268e-09
840000,473,99,0,-6.59976e-14,1.00088045e-11,5.348954e-11,3.8893895e-11,9.090135e-11,3.5107055e-09
840000,239,5,0,-6.125161e-13,4.2787152e-11,5.611592e-14,1.4033182e-19,5.141249e-12,3.1734302e-09
840000,40,445,0,1.808761e-11,4.7083552e-11,2.0857333e-11,7.418194e-14,2.3758864e-12,3.3630259e-09
840000,457,465,0,-9.219779e-13,3.119169e-11,5.5924976e-11,4.0228185e-12,6.3423615e-13,4.077049e-09
840000,94,307,0,7.889831e-11,2.057186e-11,7.910341e-24,1.44e-43,3.665134e-14,3.697397e-12
840000,36,222,0,-4.871267e-13,1.8432464e-11,1.3691889e-10,1.8535057e-11,5.7530463e-11,3.2582321e-09
840000,385,132,0,9.432554e-11,3.1828564e-11,4.3483056e-16,3.3950366e-27,1.7059842e-14,3.0875356e-09
840000,275,48,0,7.819908e-12,6.611104e-11,3.0057526e-11,1.5580537e-12,4.0319748e-10,3.1590082e-09
840000,374,2,0,-1.0939771e-12,4.859309e-11,2.619884e-11,1.515878e-13,3.5646684e-14,3.4481422e-09
840000,464,405,0,-8.554736e-13,3.4892644e-11,3.7174218e-15,2.1544515e-24,1.2903758e-13,2.306935e-10
840000,490,152,0,-9.874532e-13,5.0961627e-11,1.18897e-11,3.8188413e-14,2.1940413e-13,3.4221e-09
840000,436,383,0,-8.755231e-13,2.970554e-11,3.1085872e-12,7.0746325e-16,4.9979243e-14,3.212933e-09
840000,398,145,0,2.7025995e-10,1.01437175e-11,1.285767e-11,6.631296e-14,5.1179854e-16,3.0682794e-09
840000,482,331,0,-6.266095e-13,3.685839e-11,4.414021e-14,1.5350813e-20,4.7400077e-11,3.1878027e-09
840000,478,154,0,-3.3898914e-13,4.1292428e-11,1.1726524e-17,6.1157982e-27,4.5151028e-15,3.2004062e-09
840000,468,295,0,3.1831753e-12,3.6943247e-11,6.2496497e-12,4.4907785e-15,7.118739e-13,3.4450454e-09
840000,83,126,0,4.889245e-12,4.2012435e-11,1.1286014e-12,2.666035e-17,1.7564202e-15,6.407508e-11
840000,159,1,0,-5.6595516e-13,3.257202e-11,5.8115613e-11,1.0971495e-11,8.736789e-12,3.215048e-09
840000,24,488,0,-9.089721e-13,4.231302e-11,1.564146e-11,1.0672705e-14,1.9267171e-11,3.296526e-09
840000,140,41,0,1.0699282e-11,1.2397292e-11,1.4866193e-13,2.0006349e-19,1.3039862e-20,3.121582e-09
840000,70,275,0,2.2657728e-10,2.757908e-11,1.1091685e-10,5.0459754e-11,8.0058495e-11,3.434662e-09
840000,355,309,0,4.526026e-10,9.459473e-12,2.3693974e-12,1.2078561e-16,2.3769482e-20,3.0609064e-09
840000,419,72,0,4.1106468e-10,4.861028e-11,6.452472e-14,1.2476815e-21,3.5633485e-10,3.4363863e-09
840000,428,29,0,9.714033e-13,7.317e-11,9.319745e-12,3.2543355e-15,1.5130193e-12,3.4422816e-09
840000,280,50,0,2.3612234e-11,4.4181696e-11,8.342546e-12,9.5253115e-15,4.9356705e-13,3.0940621e-09
840000,70,407,0,4.1400527e-10,7.7941514e-11,6.087229e-14,1.1865297e-20,3.2663375e-10,3.0754825e-09
840000,107,35,0,2.805183e-12,4.6340373e-11,3.2158814e-11,1.4572012e-12,4.7966205e-13,3.1598109e-09
840000,43,377,0,2.9203764e-11,2.963482e-11,1.1143251e-12,1.3560639e-17,2.9389533e-13,3.0195983e-09
840000,486,459,0,-6.3010296e-13,4.8991828e-11,1.5495217e-13,1.3775953e-19,4.5699798e-11,3.5278034e-09
840000,444,243,0,3.566833e-12,4.9600928e-11,3.679779e-11,2.728386e-13,2.5721024e-14,3.3481549e-09
840000,352,229,0,1.9848841e-11,7.40615e-12,1.3665515e-17,9.314135e-31,1.1187479e-16,5.971331e-11
840000,280,364,0,3.8037426e-10,4.3113537e-11,4.5597866e-12,1.4786517e-15,1.9643375e-11,2.917835e-11
840000,58,300,0,3.1805266e-12,8.895622e-12,9.904345e-12,1.4082191e-14,3.139331e-17,2.8318986e-10
840000,314,133,0,9.933561e-11,2.2802016e-09,8.033033e-12,1.8789613e-14,4.1188084e-09,7.2681035e-11
840000,124,314,0,1.7002828e-10,3.5202733e-11,6.7725607e-20,6.867527e-36,5.4399957e-11,1.1204618e-10
840000,342,376,0,9.760462e-11,3.394609e-11,4.5041947e-21,2.0957405e-38,3.2344416e-10,1.7523228e-11
840000,219,183,0,7.0210352e-12,9.531661e-12,1.1664046e-29,0.0,3.066084e-13,7.7948677e-13
840000,232,236,0,3.1605545e-11,1.3508924e-11,1.2895697e-17,8.410797e-29,3.2839422e-11,1.2384176e-11
840000,291,251,0,7.9565854e-11,3.08964e-11,7.2819155e-30,0.0,2.4955615e-10,4.331071e-12
840000,233,201,0,5.493562e-11,1.6579495e-11,1.5178234e-24,1e-45,1.663236e-14,6.8771946e-11
840000,348,407,0,9.817639e-11,9.408208e-12,1.6091524e-12,4.2182112e-17,1.699712e-19,1.4569083e-10
840000,486,239,0,-5.702128e-13,2.1241224e-11,4.2035237e-13,1.1423846e-18,5.0755393e-14,1.2986687e-10
840000,242,184,0,2.6855256e-12,1.7154096e-11,9.311497e-35,0.0,1.0489648e-15,3.7619626e-11
840000,82,247,0,5.835095e-11,3.0585066e-11,1.3190936e-12,4.5083904e-17,1.2472164e-15,2.5846258e-10
840000,141,102,0,1.5241245e-09,2.5381038e-11,2.87024e-14,3.88896e-21,5.7403825e-15,4.746049e-11
840000,78,248,0,8.916633e-11,6.012125e-11,1.5673464e-11,8.345511e-14,1.1295281e-12,5.1516336e-10
840000,290,190,0,7.1517586e-10,1.2175599e-11,5.211861e-31,0.0,2.2452484e-18,1.4983188e-11
840000,34,85,0,-1.1869985e-12,4.7025595e-11,1.6434696e-11,1.722861e-13,6.5531734e-12,3.1923864e-10
840000,97,393,0,6.654368e-11,2.8051105e-11,1.6083063e-21,8.256724e-39,2.0023894e-09,1.0541435e-10
840000,89,185,0,3.8210868e-10,5.2025e-11,6.7170093e-12,9.5570685e-15,2.8929383e-12,9.2501645e-11
840000,251,348,0,2.766001e-11,2.1678328e-11,1.3065525e-12,2.8481466e-17,4.1981677e-13,2.4962732e-11
840000,497,422,0,-6.9785725e-13,4.2743555e-11,1.07837553e-13,1.6597433e-19,3.452899e-11,3.546812e-09
840000,85,63,0,1.1231052e-10,4.6190024e-11,2.630693e-14,6.788711e-22,4.538808e-11,2.2455703e-10
840000,484,243,0,-5.899953e-13,2.862329e-11,1.9821432e-14,1.01183326e-22,1.0642651e-14,1.4448052e-10
840000,492,247,0,-6.651769e-13,2.3866999e-11,1.107032e-12,5.2457114e-18,1.1988596e-17,6.554685e-10
840000,475,34,0,-1.3121452e-12,8.5280276e-11,3.1353697e-11,3.335369e-13,3.7126685e-10,3.0380742e-10
840000,230,428,0,4.669703e-11,1.0665711e-11,1.0462477e-12,4.6438577e-18,5.8730826e-19,4.472514e-11
840000,28,443,0,1.7379375e-12,6.767889e-11,1.5072592e-11,7.465514e-14,2.3534985e-13,3.4189143e-10
840000,455,0,0,-1.5064217e-12,8.29657e-11,6.1564755e-12,5.176364e-15,2.1000806e-09,8.562796e-10
840000,425,27,0,-9.240995e-14,7.8928156e-11,6.52328e-11,1.0462827e-11,1.7753596e-09,3.5195242e-09
840000,302,4,0,-7.5667695e-13,3.5027925e-11,4.7645663e-17,1.3893637e-28,6.7178598e-12,3.0480178e-09
840000,120,39,0,1.3316038e-11,1.6440228e-11,3.8776473e-12,1.8087184e-15,6.439919e-18,4.324718e-10
840000,46,12,0,-7.943697e-13,7.879169e-11,2.8179603e-11,1.7174844e-12,1.7954715e-09,3.3520247e-09
840000,415,5,0,-1.8158265e-12,5.7087897e-11,2.692796e-12,7.4200516e-17,3.7856106e-13,3.4532052e-10
840000,55,343,0,2.283703e-11,4.493376e-11,6.6110274e-13,2.4500045e-18,3.784392e-12,2.706244e-10
840000,161,471,0,-3.8630102e-13,3.9661247e-12,1.5629452e-13,5.0998947e-19,1.798318e-23,1.6820123e-10
840000,470,440,0,-7.875222e-13,3.4948697e-11,2.4834337e-10,5.565769e-11,4.31021e-11,2.2343287e-10
840000,31,149,0,-1.2772217e-12,6.041479e-11,3.4787295e-09,7.195666e-10,1.1594248e-09,3.10042e-10
840000,43,145,0,-1.2554812e-12,8.144957e-11,8.115292e-15,5.1112614e-23,3.066084e-11,1.9466863e-10
840000,282,434,0,6.3964764e-11,5.931366e-11,1.5662643e-13,2.4553802e-18,6.9396984e-13,6.137811e-11
840000,413,16,0,-1.4800451e-12,8.275672e-11,1.4027932e-11,6.1821926e-14,3.2944922e-10,6.448095e-10
840000,386,13,0,-1.4409041e-12,3.299536e-11,8.50357e-11,3.5302972e-11,9.332735e-11,9.679293e-11
840000,491,65,0,-1.3572224e-12,5.279752e-11,2.2609054e-13,9.725282e-20,1.2646413e-14,3.3251892e-09
840000,130,189,0,2.344126e-10,1.6073096e-11,9.9037e-41,0.0,3.1853775e-10,8.154339e-11
840000,366,49,0,4.0939105e-12,7.47989e-11,3.7726753e-14,4.1763537e-21,6.987874e-12,3.1724823e-09
840000,429,63,0,6.1066746e-10,1.87164e-11,1.9192968e-11,4.5998546e-13,1.3972282e-14,3.6200436e-09
840000,371,18,0,-1.1599801e-12,5.9383526e-11,1.1600373e-12,2.896693e-17,1.7616617e-09,4.1678297e-10
840000,388,60,0,4.0433212e-12,3.5840615e-11,2.3965158e-15,9.9428985e-25,5.1874984e-12,1.9709359e-10
840000,52,338,0,1.1042187e-11,4.3707562e-11,2.5305478e-12,2.0686445e-16,8.4880575e-14,2.886709e-10
840000,67,465,0,4.5773055e-12,4.153339e-11,2.4904503e-12,8.231296e-17,4.919474e-18,3.6766679e-10
840000,450,77,0,7.444773e-11,3.481073e-11,8.472367e-12,2.2713871e-14,1.8374412e-16,2.657522e-10
840000,6,90,0,-8.385205e-13,2.2723802e-11,1.2367846e-11,3.4625677e-14,3.0747705e-15,3.4853367e-09
840000,333,133,0,2.712628e-10,4.700051e-11,2.8568443e-14,7.04252e-21,3.3015682e-10,3.0472393e-09
840000,41,243,0,4.0017425e-12,5.234867e-11,5.0860358e-12,1.6915221e-15,2.0767424e-13,3.4950687e-10
840000,164,457,0,-4.950639e-13,4.3872753e-11,5.975156e-12,3.693955e-15,4.849112e-12,8.075052e-11
840000,134,51,0,8.125999e-11,1.0122548e-11,4.657208e-12,3.0685537e-15,6.5186965e-18,1.4025525e-10
840000,343,462,0,3.9778816e-11,5.458383e-11,2.0454255e-11,3.9621423e-13,2.2968986e-11,2.8133232e-10
840000,21,50,0,-1.0951448e-12,5.423596e-11,1.4476451e-12,4.717556e-17,4.740011e-11,6.153066e-10
840000,468,62,0,2.6840453e-12,7.5935876e-11,1.3121297e-10,2.0161131e-11,3.4769382e-10,4.706193e-10
840000,428,357,0,-4.830074e-13,3.0542395e-11,7.042019e-13,1.0391371e-17,7.651818e-14,1.4980325e-10
840000,45,390,0,1.5782567e-10,3.9451126e-11,1.5472046e-11,5.948971e-14,2.599889e-11,3.3891543e-09
840000,29,493,0,-8.7960726e-13,4.9139814e-11,8.9308574e-11,9.848901e-12,3.3547023e-10,3.7085213e-10
840000,196,458,0,1.0997399e-13,3.0579362e-11,2.1162154e-11,1.6393428e-13,2.774625e-12,1.1535636e-10
840000,72,105,0,-2.037362e-14,4.530156e-11,3.6127193e-17,8.532592e-27,3.1510533e-10,6.920009e-11
840000,18,51,0,-1.0878939e-12,5.7011642e-11,1.2242536e-11,2.7534598e-14,2.400431e-11,3.556227e-09
840000,490,354,0,-9.206981e-13,4.1174335e-11,7.313134e-11,1.946775e-12,1.7542126e-13,1.6114136e-10
840000,283,415,0,6.5810608e-12,5.2631788e-11,9.16699e-12,1.882464e-14,3.9244224e-12,6.394424e-10
840000,47,339,0,3.744393e-12,4.483866e-11,4.209884e-12,2.9052353e-15,8.3586244e-16,3.4637828e-09
840000,14,289,0,-8.6825957e-13,3.089113e-11,5.553826e-17,3.7876884e-28,1.9364974e-18,8.488487e-11
840000,421,495,0,-1.4888429e-12,8.2017136e-11,5.2057636e-11,3.5634648e-11,4.6380064e-10,3.3228167e-09
840000,37,475,0,-9.645323e-13,3.7899277e-11,5.3649936e-12,1.3660706e-15,8.452722e-16,3.5896439e-10
840000,481,427,0,-7.3302676e-13,2.7343005e-11,4.188305e-12,2.4574156e-15,1.7422957e-15,1.4610688e-10
840000,402,46,0,2.5315106e-12,3.1983024e-11,1.2622249e-14,3.5117783e-22,6.4172974e-15,1.475483e-10
840000,103,64,0,2.1915746e-10,5.0321667e-11,1.65256e-11,1.04907666e-13,6.5797506e-12,5.67816e-10
840000,444,263,0,8.8674464e-11,3.8707496e-11,2.5020203e-11,3.9708108e-13,2.453135e-14,4.1266474e-10
840000,496,52,0,-1.4621632e-12,7.5365075e-11,4.7462926e-11,5.990686e-11,5.0300225e-10,3.2998533e-09
840000,406,47,0,6.469981e-12,3.2138705e-11,2.2564287e-14,4.3336457e-21,6.1096385e-11,2.5347133e-10
840000,213,16,0,-7.605989e-13,3.4673677e-11,3.1151776e-11,2.2831856e-13,6.4570173e-15,1.8718417e-10
840000,268,495,0,-5.055234e-13,1.285164e-11,3.1152409e-15,8.1631255e-24,4.4529424e-18,1.2487263e-10
840000,464,27,0,-1.2147318e-12,6.752488e-11,1.5610077e-13,2.1912788e-20,3.849302e-10,3.6606862e-10
840000,480,73,0,-9.83345e-13,7.668658e-11,1.1096875e-11,7.379699e-15,4.7460083e-13,3.6770873e-09
840000,232,456,0,2.3568142e-12,2.0248012e-11,1.7710056e-11,6.2581254e-14,1.3051559e-14,1.370888e-10
840000,113,28,0,5.024949e-13,3.8333642e-11,2.5030948e-11,1.1383467e-12,2.1910856e-12,7.156944e-11
840000,475,328,0,-5.201908e-13,3.149279e-11,2.0319988e-16,1.317463e-27,6.0174324e-11,3.1475835e-09
840000,445,425,0,6.989544e-13,4.5081827e-11,1.0009113e-12,2.3234757e-17,9.951801e-16,3.2195315e-09
840000,413,466,0,5.1263434e-12,1.11093905e-10,4.141696e-11,1.8613739e-11,6.8035425e-11,6.066088e-10
840000,440,72,0,3.7753084e-10,3.9263835e-11,4.189497e-12,2.7192661e-16,4.5151377e-13,1.4595289e-10
840000,210,89,0,1.0545533e-10,2.538008e-11,3.4622591e-09,7.191878e-10,1.1560336e-09,2.7937638e-10
840000,428,137,0,8.124174e-11,2.5763272e-11,3.4209154e-14,1.4439441e-21,5.435052e-11,8.8613915e-11
840000,14,485,0,-1.032442e-12,6.5510174e-11,1.5756843e-13,2.2784419e-20,2.1692045e-13,3.9222484e-10
840000,304,454,0,3.6189866e-12,4.3966348e-11,1.6075777e-12,1.855775e-16,4.492072e-12,3.1812883e-09
840000,497,448,0,-3.2879087e-13,3.752989e-11,3.8119247e-12,3.6276502e-16,3.2171596e-10,1.6481627e-10
840000,94,63,0,2.3353794e-10,5.091448e-11,1.519732e-11,8.4125476e-14,2.1940818e-09,3.5305958e-09
840000,280,45,0,1.367957e-11,4.1939556e-11,2.59072e-11,1.0692212e-12,7.56785e-14,3.5799372e-10
840000,16,483,0,-1.0134311e-12,5.2493693e-11,2.1785476e-13,2.4743973e-19,3.1853858e-10,3.746358e-10
840000,403,43,0,1.6012205e-12,3.653155e-11,3.636521e-14,1.3129101e-21,5.091521e-12,2.2041957e-10
840000,21,449,0,-5.4314246e-13,2.8443909e-11,4.738664e-11,1.3396672e-12,1.0340856e-13,3.3348804e-09
840000,413,446,0,1.8096064e-10,6.7214505e-11,1.3381344e-11,5.8706654e-14,2.102086e-10,1.9000643e-10
840000,134,495,0,-4.521668e-13,1.1074081e-11,2.4173788e-11,2.473253e-13,4.5251312e-15,1.4229505e-10
840000,424,133,0,5.227235e-11,3.5614692e-11,2.7725415e-12,6.089119e-16,4.165033e-14,2.513325e-10
840000,33,359,0,-2.2022652e-13,5.0690452e-11,2.6155654e-13,8.446497e-19,3.7987658e-13,2.7475158e-10
840000,274,57,0,1.3962916e-11,3.410402e-11,1.3543344e-14,3.0150443e-22,7.9206305e-16,1.4617375e-10
840000,11,431,0,-6.072043e-13,2.0780225e-11,2.211961e-11,5.740768e-14,3.0852512e-15,4.8870397e-10
840000,476,9,0,-1.3482274e-12,9.496558e-11,4.351002e-11,2.126638e-12,3.2455025e-10,3.6524248e-09
840000,480,265,0,-4.7251585e-13,2.2896e-11,4.367781e-11,3.260311e-11,9.4541965e-11,2.5755822e-10
840000,491,240,0,-5.797318e-13,2.0672613e-11,8.8832075e-12,1.7960556e-14,4.5642526e-17,9.1581215e-11
840000,476,60,0,-8.396454e-13,1.01995225e-10,2.5832112e-11,1.1155777e-12,1.705743e-11,3.6269592e-09
840000,53,424,0,2.5776536e-10,8.442642e-11,8.32364e-12,3.1678958e-14,3.2603853e-10,2.6945507e-10
840000,399,98,0,3.02226e-10,3.685348e-11,2.013181e-12,5.6420563e-16,2.617248e-11,4.4478682e-10
840000,477,493,0,-2.6197195e-13,1.3781253e-11,7.717395e-11,5.482814e-12,7.7303956e-13,3.759313e-09
840000,457,432,0,-7.721524e-13,3.8963173e-11,2.832748e-14,7.528497e-22,1.0386523e-15,1.1776265e-10
