mcsteps,xCOM,yCOM,zCOM,il8,il1,il6,il10,tnf,tgf
730000,170,80,0,2.0750308e-09,2.5939514e-11,3.0063393e-17,5.830387e-27,1.3369869e-18,1.1885527e-10
730000,217,214,0,2.0627804e-09,2.3069435e-12,2.2786299e-11,1.8097106e-13,2.7663349e-15,6.172872e-15
730000,289,163,0,2.0700077e-09,3.099387e-12,7.227833e-16,3.504242e-23,8.205869e-22,1.30628884e-11
730000,413,269,0,2.6433296e-09,4.5794535e-11,4.519054e-16,1.4075207e-21,1.2143933e-13,2.212718e-11
730000,414,200,0,2.1332545e-09,3.0802867e-11,2.1366032e-13,8.728725e-19,8.371144e-18,1.6125096e-13
730000,197,139,0,2.095461e-09,1.1628362e-11,1.0141883e-12,9.176759e-17,9.700922e-19,1.1006613e-10
730000,378,208,0,2.066554e-09,9.689829e-13,1.6489608e-15,7.112606e-25,2.3311133e-30,3.7453214e-11
730000,155,198,0,2.6554694e-09,2.6370604e-11,4.8129982e-35,0.0,2.0940319e-15,7.36112e-13
730000,397,297,0,2.15699e-09,6.3276696e-11,1.174652e-16,6.3583584e-25,1.8942124e-10,1.8760074e-10
730000,409,184,0,2.1367172e-09,3.858369e-11,6.0099355e-15,2.2612353e-22,1.558498e-13,3.2777673e-11
730000,336,94,0,2.2253632e-09,2.2964833e-11,1.3376144e-13,3.5299105e-20,1.9055847e-13,4.9723746e-11
730000,438,279,0,2.0837467e-09,2.5022769e-11,5.2271125e-11,4.2997784e-12,6.789273e-13,2.1283865e-10
730000,307,245,0,2.0617763e-09,2.0153532e-11,1.4848093e-23,6.2e-43,4.603844e-15,3.613453e-11
730000,352,156,0,2.1395972e-09,2.0753609e-11,1.1456197e-12,1.2040065e-16,1.3191378e-14,3.8391505e-11
730000,175,364,0,2.2906705e-09,7.066221e-13,6.692804e-19,7.2090545e-30,9.6357104e-30,2.0729223e-12
730000,312,359,0,2.0821473e-09,2.0385861e-11,1.5451013e-13,4.8559318e-20,2.3708178e-14,2.5240752e-11
730000,258,315,0,2.0803341e-09,1.2465514e-13,1.2414556e-29,0.0,4.34691e-40,1.0936572e-11
730000,390,112,0,2.0722735e-09,1.7338023e-11,6.40614e-12,4.8346616e-15,4.4966237e-16,6.3266684e-11
730000,84,355,0,2.2324387e-09,1.8961835e-12,1.6171263e-13,8.355943e-20,2.8460797e-25,6.1398074e-11
730000,138,255,0,2.066856e-09,1.4318872e-12,2.7266544e-32,0.0,9.8265026e-26,1.3228218e-11
730000,113,137,0,2.0615587e-09,1.6722925e-11,6.163587e-12,4.832826e-15,5.0398925e-11,3.0890235e-11
730000,141,300,0,2.1553779e-09,1.1166486e-11,1.6609937e-19,1.5724777e-34,4.0572092e-19,1.3742648e-11
730000,434,65,0,2.1665196e-09,2.6941688e-11,4.7559474e-11,5.071531e-12,1.0217212e-12,1.3851567e-10
730000,167,372,0,2.269093e-09,2.3647956e-12,5.6321897e-22,8.99764e-40,2.325599e-23,2.5011493e-10
730000,214,283,0,2.0783528e-09,2.8181412e-13,1.18e-42,0.0,1.1157343e-35,6.447963e-11
730000,90,213,0,2.0999822e-09,2.7411512e-11,6.716746e-22,1.7870034e-36,4.0437816e-18,8.019823e-12
730000,327,125,0,2.102393e-09,1.3693699e-11,6.875971e-13,5.6585077e-18,6.428852e-20,8.2989574e-11
730000,270,364,0,2.0927096e-09,9.4937565e-12,1.8999143e-13,8.775091e-20,1.7533036e-15,5.0535076e-11
730000,210,112,0,2.085878e-09,4.0113654e-14,1.0983681e-18,5.777687e-32,1.510624e-39,2.1245592e-11
730000,412,292,0,2.2074347e-09,1.5401094e-11,2.1801303e-14,6.024143e-22,3.3360204e-17,8.90224e-11
730000,353,87,0,2.2596747e-09,4.008365e-12,1.3070874e-17,8.4109784e-29,2.5962953e-25,6.4990964e-11
730000,142,318,0,2.1268256e-09,1.7384668e-11,4.0429947e-16,4.615859e-25,7.891438e-19,6.194031e-11
730000,284,205,0,2.1297177e-09,2.340743e-11,1.377703e-26,0.0,1.3281155e-14,1.2637418e-11
730000,294,191,0,2.1351925e-09,2.9309045e-11,2.2549634e-32,0.0,1.842969e-14,1.248395e-11
730000,247,87,0,2.1175939e-09,8.298096e-12,3.9721795e-21,4.785552e-38,2.5798074e-23,1.4028696e-10
730000,124,402,0,2.195195e-09,8.908276e-12,2.5331746e-12,7.312831e-16,3.986117e-18,1.15843314e-10
730000,237,303,0,2.0859066e-09,2.1280011e-12,4.659582e-25,1.42e-43,2.301092e-23,1.1812836e-12
730000,406,90,0,2.0921338e-09,3.916692e-11,3.948501e-15,5.949461e-24,3.0029223e-13,1.3744289e-10
730000,121,416,0,2.1708397e-09,1.89086e-11,2.1315378e-12,1.1704536e-16,2.2904295e-20,1.0779853e-10
730000,337,200,0,2.360685e-09,1.4164012e-11,2.6217745e-30,0.0,2.337783e-11,4.8499493e-11
730000,96,73,0,2.0659825e-09,3.9589044e-11,3.7583568e-15,6.010655e-24,4.0938463e-13,3.9047307e-10
730000,318,387,0,2.0738018e-09,1.3376907e-11,5.8683547e-18,7.7220533e-31,8.082116e-18,7.796153e-11
730000,175,139,0,2.089954e-09,1.5994185e-11,8.776054e-19,4.3545195e-32,2.767256e-12,2.0181695e-10
730000,150,197,0,2.789296e-09,9.755669e-12,1.0414857e-37,0.0,1.8130509e-21,6.228607e-12
730000,80,421,0,2.2703073e-09,3.578529e-11,8.543552e-15,1.54687e-23,8.568776e-17,1.8449722e-10
730000,211,338,0,2.1868873e-09,3.915791e-11,3.8354743e-25,1e-45,4.011707e-14,3.6890594e-13
730000,137,383,0,2.1654913e-09,3.0523865e-11,3.693308e-11,4.344282e-13,1.5887177e-14,6.219318e-11
730000,84,410,0,2.2438533e-09,6.8662055e-11,2.5916146e-12,1.7338963e-16,2.8853134e-10,1.4878285e-10
730000,128,368,0,2.3360676e-09,2.6403548e-11,3.1827328e-20,9.3338614e-35,3.876615e-14,1.51172e-11
730000,345,201,0,2.3618036e-09,1.8217704e-12,1.2748134e-23,4.012e-42,9.563026e-25,4.8108555e-13
730000,187,277,0,2.081251e-09,1.6098571e-12,0.0,0.0,4.476126e-27,2.915058e-14
730000,82,343,0,2.3191975e-09,3.465376e-11,1.2155621e-11,3.654135e-14,7.340207e-15,2.7747737e-10
730000,59,395,0,2.1913584e-09,4.7518513e-11,9.456633e-19,1.2858706e-30,8.647099e-15,7.1120304e-11
730000,339,428,0,2.1909856e-09,2.020333e-11,7.691763e-12,4.8754607e-15,6.9477935e-18,1.04824566e-10
730000,352,314,0,2.064663e-09,7.2555555e-12,6.6804235e-14,4.1681754e-20,9.198856e-22,2.4441607e-11
730000,192,347,0,2.2003148e-09,3.2878478e-11,6.692804e-19,7.2090545e-30,1.2926819e-13,1.7020792e-12
730000,90,331,0,2.189297e-09,5.9814744e-12,9.434842e-17,9.483951e-28,1.6377652e-24,1.0901444e-10
730000,210,354,0,2.3097688e-09,1.0373897e-11,9.7889565e-26,0.0,2.2355408e-21,2.6431133e-11
730000,254,221,0,2.0647923e-09,1.9932537e-11,1.883111e-13,7.6530686e-20,1.2519412e-14,1.0506306e-12
730000,247,110,0,2.1331616e-09,1.5417436e-11,1.3627711e-22,1.5138e-41,1.049225e-15,3.572025e-11
730000,68,262,0,2.081027e-09,5.851474e-10,1.1390876e-13,2.1185493e-20,3.9337382e-09,4.6715726e-10
730000,408,271,0,2.6545823e-09,2.8997091e-11,3.5982046e-19,7.545073e-27,2.1837306e-11,2.4391465e-11
730000,354,360,0,2.0656516e-09,1.1924282e-11,3.1271894e-17,9.531552e-29,7.7619023e-16,4.318413e-11
730000,55,408,0,2.2082203e-09,6.4170794e-11,2.279461e-11,6.5734134e-14,1.3331943e-15,8.6904095e-11
730000,337,441,0,2.1904405e-09,3.6077814e-11,7.065934e-14,8.458015e-21,3.951086e-16,1.2469754e-10
730000,249,131,0,2.0954212e-09,1.2248619e-11,4.076995e-12,6.071115e-16,3.1943858e-18,1.4086689e-10
730000,122,291,0,2.2308833e-09,1.9950968e-11,1.2322858e-14,1.1072239e-21,4.4163236e-16,5.8803067e-12
730000,265,441,0,2.0612172e-09,4.5816424e-11,6.066541e-14,9.651963e-21,5.5767457e-14,1.1429314e-10
730000,109,292,0,2.2070545e-09,3.0707128e-11,3.1270504e-11,5.7551327e-13,1.3183908e-13,3.4597866e-11
730000,227,94,0,2.1248796e-09,6.5024154e-12,5.797699e-16,4.781996e-25,1.0561133e-23,4.7409632e-11
730000,340,168,0,2.1367659e-09,1.868861e-12,2.4857595e-16,2.3544346e-26,2.7910564e-30,1.913847e-12
730000,289,374,0,2.1058058e-09,1.9495265e-11,2.1103188e-16,8.5219275e-26,8.91885e-18,1.3277841e-10
730000,193,311,0,2.0710622e-09,1.744152e-14,1.5241279e-35,0.0,6.03e-43,6.9886057e-13
730000,212,418,0,2.0619748e-09,5.201831e-12,5.280484e-16,5.5457765e-25,2.4932914e-21,2.611564e-10
730000,202,365,0,2.26176e-09,3.2655634e-12,9.124938e-23,5.9785e-41,5.67891e-26,1.1905613e-11
730000,63,433,0,2.1128639e-09,7.302772e-11,7.900396e-11,7.9872594e-13,6.2929825e-14,1.497295e-10
730000,119,338,0,2.0953141e-09,1.6425675e-11,4.8563575e-15,5.171173e-24,1.0114086e-12,4.193256e-12
730000,90,192,0,2.094981e-09,5.0779523e-11,6.2141226e-13,2.1200072e-18,1.0606584e-15,9.422479e-11
730000,147,93,0,2.2901507e-09,1.6187945e-12,1.5864712e-12,1.721003e-16,8.439354e-20,5.5827117e-11
730000,182,249,0,2.0699524e-09,1.2072219e-11,1.2323208e-31,0.0,8.384554e-16,9.101669e-17
730000,346,76,0,2.2310684e-09,2.6980857e-11,5.91334e-12,3.7148917e-15,1.5398186e-13,4.428996e-11
730000,359,392,0,2.0652986e-09,5.0334088e-11,7.728766e-12,1.36574305e-14,4.566072e-13,2.552886e-10
730000,87,276,0,2.0931359e-09,2.302867e-11,2.4699222e-14,1.8673134e-21,6.550431e-20,5.8280485e-11
730000,404,256,0,2.2337354e-09,3.201995e-11,9.683967e-17,9.984586e-26,5.725885e-13,3.3438106e-11
730000,135,222,0,2.1638413e-09,3.5112048e-12,3.116543e-28,0.0,3.4127286e-25,2.9269864e-11
730000,380,155,0,2.1666422e-09,1.4440458e-11,9.290723e-16,2.3827524e-25,7.7619103e-16,3.489779e-11
730000,444,131,0,2.0612705e-09,2.4833005e-11,2.9614156e-12,2.2350277e-16,2.745557e-11,5.439726e-11
730000,165,402,0,2.0768025e-09,4.2190692e-11,5.800907e-14,2.3565586e-21,4.721262e-13,1.8290754e-11
730000,141,194,0,2.4066478e-09,1.1581532e-11,1e-45,0.0,3.6553006e-13,4.7159117e-11
730000,341,110,0,2.1842217e-09,3.019033e-11,1.2464864e-16,1.1161897e-27,1.5178491e-12,6.432464e-11
730000,119,223,0,2.1502287e-09,3.153818e-11,2.8550736e-19,1.8173184e-30,4.0739396e-15,8.836703e-11
730000,409,435,0,2.0608262e-09,6.220047e-11,2.094567e-15,2.8601949e-24,2.6657244e-11,2.2244138e-10
730000,126,66,0,2.069257e-09,5.1144172e-11,2.2277958e-14,9.925827e-21,7.1597425e-15,2.409277e-10
730000,301,62,0,2.061141e-09,5.158034e-11,8.782952e-12,8.969179e-15,3.342452e-12,6.0982136e-11
730000,141,101,0,2.278491e-09,2.5949529e-11,2.5449937e-15,5.6510288e-24,1.9262168e-14,2.2387476e-11
730000,426,77,0,2.1854671e-09,3.1968376e-11,1.6690935e-11,6.0892304e-14,9.368054e-13,5.2004534e-10
730000,322,327,0,2.0675726e-09,1.3308046e-11,1.8124755e-23,2.354e-42,2.2476099e-16,2.1933049e-11
730000,188,383,0,2.1381996e-09,1.3285952e-12,1.9517815e-25,1.84e-43,1.2040754e-28,3.3209827e-11
730000,119,363,0,2.2957556e-09,2.246855e-11,6.848195e-20,9.751987e-34,1.8080985e-13,1.3533188e-12
730000,395,155,0,2.1610038e-09,1.752448e-11,4.361403e-12,9.561259e-16,3.0657587e-15,6.2246826e-11
730000,359,150,0,2.8789257e-10,8.144895e-12,1.03054876e-17,9.622613e-30,8.860086e-19,1.9727947e-11
730000,445,347,0,-4.9679916e-13,1.9158434e-11,3.1271923e-11,5.7551327e-13,2.4632169e-14,1.3830194e-10
730000,40,147,0,-1.4192833e-12,1.0368378e-10,4.1267025e-14,5.3788727e-22,2.9437125e-10,1.5462799e-10
730000,37,474,0,-1.0659873e-12,3.960041e-11,8.213532e-12,6.219745e-15,2.007163e-15,2.9244773e-10
730000,375,336,0,7.412923e-12,5.4103657e-12,1.8191724e-24,2.9644e-41,1.0457235e-24,1.1245769e-10
730000,32,23,0,-9.777362e-13,4.204364e-11,1.17233e-13,1.2771772e-19,3.9771858e-12,4.1955941e-10
730000,162,130,0,8.64983e-11,2.1802042e-12,3.4668057e-11,1.1747848e-12,6.4346565e-14,1.0382945e-11
730000,17,463,0,-1.0401167e-12,8.752795e-11,9.845642e-14,1.2521076e-19,3.064271e-12,1.5690521e-10
730000,8,83,0,-9.764806e-13,4.1607516e-11,2.2447053e-11,7.147571e-14,4.0553207e-12,2.3801625e-10
730000,172,90,0,2.2661965e-10,1.7935596e-11,5.542641e-12,2.5446005e-15,2.5446051e-17,8.3653855e-11
730000,193,137,0,6.05338e-10,1.2285115e-11,2.0812458e-14,8.0975383e-22,4.0464542e-18,6.1302775e-11
730000,398,319,0,3.300931e-11,1.809499e-11,2.4248564e-13,8.161959e-19,5.720272e-17,1.1958608e-11
730000,428,476,0,-1.4505815e-12,7.3764155e-11,3.355032e-11,7.1889136e-14,2.5457997e-12,3.2922046e-10
730000,405,412,0,2.085903e-11,4.6492296e-11,8.941088e-12,9.538955e-15,3.6890912e-17,6.686379e-11
730000,390,146,0,3.3032188e-10,1.1809393e-11,2.0385233e-11,4.8455235e-14,2.8505075e-16,8.619675e-11
730000,403,46,0,1.3582272e-12,3.224197e-11,1.805353e-15,4.377935e-24,5.637051e-14,1.3025755e-10
730000,191,420,0,3.799606e-11,2.4226433e-11,2.7537724e-19,9.273469e-32,3.1853775e-10,3.92509e-11
730000,315,77,0,5.2308234e-11,5.100531e-11,8.59426e-15,9.501627e-23,3.0740738e-12,5.018368e-11
730000,59,89,0,-6.1580884e-13,3.86343e-11,1.2084039e-12,1.4576039e-17,2.637868e-16,1.3966729e-10
730000,476,108,0,-8.918768e-14,2.5352508e-11,6.6801843e-13,8.028182e-18,2.5605432e-13,1.4638636e-10
730000,475,443,0,-8.232836e-13,3.183846e-11,1.1110392e-12,2.7837036e-17,1.9541806e-15,9.437931e-11
730000,59,164,0,-2.8659264e-13,2.7033634e-11,4.3694045e-11,5.0700555e-12,1.1752234e-12,2.0664068e-10
730000,211,242,0,1.4273934e-11,1.32988325e-11,3.5266328e-12,4.4382668e-16,5.193256e-16,2.7262421e-11
730000,184,211,0,8.972561e-12,2.3373727e-11,1.5307302e-26,1.4e-44,3.7278267e-15,1.0235055e-10
730000,342,307,0,1.5794482e-10,4.246354e-11,2.4001612e-13,7.135725e-19,2.7090072e-10,3.6853177e-11
730000,492,405,0,-9.0403406e-13,4.086457e-11,7.39837e-12,1.4098072e-15,1.6109023e-15,6.709903e-10
730000,21,436,0,-3.2302064e-13,2.9604184e-11,4.97087e-12,3.1231504e-15,1.606776e-16,2.843003e-10
730000,279,2,0,-3.678973e-13,1.0506535e-11,2.4992911e-12,5.7415076e-17,6.626397e-17,5.543445e-11
730000,20,9,0,-5.9892163e-13,8.1342974e-11,7.310613e-17,8.736737e-28,2.7080327e-10,2.8444383e-10
730000,2,352,0,-8.746754e-13,2.9411293e-11,6.1120527e-12,3.557888e-15,1.8103172e-17,2.538427e-10
730000,313,0,0,-9.027457e-13,9.845044e-11,2.8620337e-25,1.84e-43,5.226603e-12,2.4975993e-10
730000,87,245,0,2.3184892e-11,3.7074293e-12,2.607537e-13,2.817285e-19,2.6029057e-24,1.5335057e-10
730000,440,362,0,-5.7447824e-13,1.8706106e-11,2.335985e-16,3.6225855e-26,6.7604386e-20,1.2301707e-10
730000,471,41,0,-1.3130034e-12,7.0738096e-11,1.9032612e-11,4.4720307e-14,1.9265778e-11,3.922964e-10
730000,149,335,0,6.31165e-11,6.4992277e-13,3.1571078e-13,7.736717e-19,9.727892e-24,3.5847722e-12
730000,106,465,0,-6.069827e-13,2.7236649e-11,2.0105627e-12,3.705376e-16,1.0472315e-17,3.6964076e-10
730000,214,426,0,2.855174e-10,4.665007e-13,1.5124277e-13,1.5521361e-17,5.6876926e-20,7.702049e-11
730000,420,409,0,7.501558e-12,2.9559966e-11,5.241351e-13,1.7073274e-18,9.453122e-15,7.190665e-11
730000,304,363,0,3.1768918e-10,2.4847199e-11,7.7776914e-17,1.7154501e-26,1.8239313e-11,9.018697e-11
730000,88,441,0,4.6916675e-11,3.7853904e-11,1.7128153e-12,7.243042e-17,3.783945e-12,2.2584751e-10
730000,198,236,0,4.3090646e-11,2.3907744e-11,6.429256e-19,2.2112294e-30,3.2321137e-10,2.3049748e-11
730000,495,299,0,-5.3207536e-13,2.8560286e-12,4.8424003e-14,5.297161e-20,1.5892295e-24,2.9860114e-11
730000,377,141,0,1.4140156e-10,1.238002e-11,3.5268276e-18,1.0087931e-29,1.6465798e-17,8.43695e-11
730000,280,477,0,3.6117024e-13,1.3171557e-11,5.43348e-13,5.843749e-18,4.1892203e-20,3.0756034e-10
730000,425,153,0,1.4176875e-11,2.3816185e-11,4.3414117e-13,1.9614123e-18,8.777392e-20,1.8393878e-10
730000,364,490,0,-6.260541e-13,2.0575913e-11,8.189006e-12,2.1695084e-14,9.363768e-15,4.342164e-10
730000,47,146,0,-1.2983793e-12,9.282436e-11,3.205831e-16,6.2380212e-27,2.246481e-12,2.4770877e-10
730000,489,51,0,-1.6072407e-12,1.098893e-10,2.5273835e-12,1.7567371e-16,1.714661e-13,2.496055e-10
730000,220,138,0,3.8898378e-11,3.3518305e-12,2.4203745e-14,1.6234962e-20,7.739012e-21,5.2559537e-11
730000,41,320,0,-4.6864184e-13,2.6457501e-11,5.950609e-14,1.2267174e-21,3.170417e-17,6.180386e-11
730000,117,40,0,9.694857e-12,1.8530706e-11,3.402267e-11,1.6955876e-12,2.7168854e-13,3.6183717e-10
730000,133,108,0,2.320176e-10,1.4411259e-11,5.985131e-12,3.4273848e-15,1.9978597e-17,1.949088e-10
730000,385,3,0,-1.0580403e-12,3.0167643e-11,2.3986679e-12,5.2242385e-17,2.5605413e-13,2.657805e-10
730000,29,237,0,-5.3641575e-13,2.8185716e-11,8.159506e-12,2.2712336e-14,1.0734432e-13,1.1260334e-10
730000,71,381,0,6.8597905e-11,4.683739e-11,5.5371003e-12,3.3850198e-15,1.8777353e-11,1.4588246e-10
730000,425,95,0,1.0484972e-10,2.0290067e-11,2.2244062e-13,1.3566228e-18,4.847024e-17,3.4377257e-10
730000,196,152,0,1.4867456e-10,1.3855909e-13,2.6409534e-12,5.7647824e-16,6.508845e-19,2.8337924e-11
730000,91,271,0,4.1330223e-10,2.1082521e-11,4.7638564e-13,7.737273e-18,1.4241668e-17,8.288864e-11
730000,85,55,0,3.2548884e-11,4.198158e-11,3.3946006e-11,3.6667647e-13,3.0317762e-10,2.6275984e-10
730000,169,485,0,-5.533717e-13,2.4852976e-11,2.6601074e-15,5.432458e-25,7.225756e-15,9.866317e-11
730000,230,24,0,-9.204861e-13,6.327708e-11,8.5626866e-15,6.4027465e-22,4.8453866e-14,1.3895389e-10
730000,318,392,0,5.0188587e-10,1.2869125e-11,3.1305266e-15,1.5631056e-24,1.8284625e-16,6.975257e-11
730000,242,169,0,6.685679e-13,1.9319098e-11,9.712736e-27,0.0,2.4877146e-17,1.24265e-10
730000,110,102,0,1.0852078e-11,5.3405957e-11,9.599936e-13,1.3206984e-17,8.93441e-13,4.4581675e-11
730000,55,496,0,-9.060224e-13,1.5500832e-11,1.297144e-13,3.0417512e-20,5.7863223e-22,1.8615852e-10
730000,171,282,0,7.646396e-11,2.538066e-11,5.560985e-33,0.0,2.4586609e-17,1.7145989e-13
730000,405,418,0,6.179073e-11,3.2212098e-11,1.4811332e-13,2.3341034e-20,2.210207e-17,3.2119325e-11
730000,68,462,0,5.5545486e-12,7.648427e-11,4.187874e-12,8.16214e-16,5.134686e-14,3.3021094e-10
730000,405,287,0,5.311383e-10,1.49507e-11,7.2527603e-20,1.8910115e-35,3.2932637e-18,5.4852685e-11
730000,381,175,0,7.019254e-11,4.860379e-13,2.6805919e-21,2.664236e-35,1.66518e-30,3.5444248e-11
730000,352,468,0,4.4192497e-12,3.464671e-11,4.292977e-14,2.067649e-20,5.1842567e-14,1.1023322e-10
730000,492,485,0,-3.0079867e-13,5.946511e-11,7.0137242e-12,1.2481673e-15,5.0450137e-11,4.3507561e-10
730000,156,438,0,8.657845e-13,5.480823e-11,1.5479333e-20,4.005098e-35,2.1049987e-12,1.2253344e-10
730000,0,225,0,-2.2001048e-13,4.958879e-12,1.5312516e-14,3.2490846e-22,3.342743e-22,1.1840451e-10
730000,438,325,0,9.272822e-14,1.2618719e-11,1.7143855e-12,3.2480198e-16,1.9589614e-14,2.1397097e-10
730000,352,45,0,3.3063222e-12,6.102219e-11,4.5392e-13,1.4223545e-18,4.828357e-12,8.950258e-11
730000,293,473,0,-3.4174598e-14,2.9185374e-12,3.6167897e-14,2.7492e-20,7.360363e-24,2.3963742e-10
730000,171,132,0,3.049985e-10,7.808363e-12,1.0505248e-14,1.8969406e-21,4.85883e-19,1.219442e-10
730000,414,165,0,7.6948045e-11,1.35847705e-11,7.018851e-11,1.946265e-12,1.734811e-13,7.018706e-11
730000,485,456,0,-7.351368e-13,6.772291e-11,2.1915289e-13,1.3026572e-19,1.9227385e-11,6.0733985e-10
730000,302,279,0,1.8788185e-12,2.3925516e-11,2.3734746e-25,0.0,3.3856633e-12,5.904235e-14
730000,49,415,0,2.9783787e-10,9.8853634e-11,5.049241e-11,4.3876053e-12,2.3872017e-11,3.01402e-10
730000,199,339,0,4.2223078e-10,1.4137499e-11,3.252825e-27,0.0,4.2293416e-22,6.34827e-11
730000,204,43,0,-6.3559596e-13,6.457503e-11,1.7474437e-12,5.282417e-17,3.0160048e-14,8.9444986e-11
730000,70,330,0,1.0754081e-10,2.4462045e-11,2.2588126e-13,1.3265948e-19,2.3690619e-14,1.2739704e-10
730000,251,201,0,4.264163e-11,1.0845329e-11,6.2889735e-19,8.058652e-33,1.06614905e-20,1.846082e-12
730000,497,416,0,-8.125222e-13,6.059525e-11,1.0855262e-14,6.813775e-23,3.1866224e-12,4.601749e-10
730000,419,366,0,-4.4609404e-13,1.7870046e-11,1.5277968e-12,1.5936287e-16,8.945434e-20,2.2951997e-10
730000,17,170,0,-1.0149798e-12,5.6289133e-11,4.321661e-11,1.06920575e-11,7.836538e-12,3.6506462e-10
730000,495,181,0,-1.3208176e-12,7.0769335e-11,6.0210927e-11,4.1763728e-11,3.9817477e-10,5.4666094e-10
730000,69,187,0,3.216495e-11,5.0426524e-11,2.2147647e-14,3.384026e-22,3.007668e-12,1.5105762e-10
730000,358,227,0,1.8523167e-11,5.1369985e-12,6.138292e-16,1.7821397e-24,1.8079194e-20,6.0643594e-11
730000,118,127,0,1.7918174e-10,2.2970861e-11,3.930513e-17,1.1281762e-26,1.2903601e-18,9.131131e-11
730000,289,369,0,5.566507e-10,1.6608276e-11,4.6888084e-18,3.845603e-31,4.033637e-17,3.097514e-11
730000,41,5,0,-4.55653e-13,2.64728e-11,8.7558704e-14,3.2927747e-20,5.0398907e-11,2.7648211e-10
730000,155,96,0,3.9750944e-10,1.02675255e-11,7.3468294e-11,7.35981e-12,1.6272849e-12,1.2181127e-10
730000,0,370,0,-9.081972e-13,3.4374985e-11,1.0601658e-12,8.458296e-18,1.2882516e-15,2.8153249e-11
730000,213,484,0,-7.2217785e-13,1.0909344e-10,5.2368252e-15,1.2743948e-23,2.1116445e-11,6.17746e-10
730000,298,224,0,4.7485536e-11,2.064237e-11,2.8126426e-38,0.0,3.5430486e-15,8.258282e-13
730000,80,450,0,2.5635981e-11,6.025257e-11,1.9683508e-11,2.701119e-14,1.6278336e-13,2.633631e-10
730000,169,261,0,8.313884e-11,2.526296e-11,1.3231785e-32,0.0,2.7395783e-10,2.9689296e-13
730000,45,48,0,-8.958683e-13,5.832194e-11,6.4087416e-11,5.545908e-12,1.5477776e-12,2.4491184e-10
730000,325,456,0,5.0146713e-11,2.6936734e-12,3.3434432e-11,1.2824302e-12,7.578294e-14,3.5243284e-11
730000,386,330,0,2.9813456e-12,3.012151e-11,1.01814635e-25,4.2e-44,2.8855485e-14,7.8969886e-11
730000,414,411,0,1.6598431e-11,3.7832754e-11,4.081068e-11,5.414605e-12,1.4683429e-12,1.2293332e-10
730000,441,474,0,-1.367481e-12,7.778817e-11,2.1211312e-12,1.6362806e-16,4.2801097e-12,4.2268689e-10
730000,488,499,0,-1.727994e-14,1.297837e-12,5.814145e-12,1.5436098e-13,1.2459181e-14,6.3729876e-11
730000,321,350,0,1.6479368e-10,2.286499e-11,1.0817834e-17,1.3595114e-28,1.02622654e-16,7.5004856e-11
730000,317,389,0,8.7644547e-10,1.8954041e-11,3.5493205e-17,1.1664849e-28,8.797153e-14,7.8482935e-11
730000,311,479,0,-4.1548863e-13,2.5010358e-11,2.5590027e-12,5.260534e-16,1.6681053e-12,1.07577385e-10
730000,442,38,0,7.3695815e-12,7.424516e-11,5.915615e-12,2.307601e-15,4.4108597e-12,2.8348865e-10
730000,184,350,0,3.9628353e-10,7.625772e-12,1.3800063e-13,2.542271e-19,5.434241e-21,6.083088e-11
730000,426,319,0,6.5021907e-12,5.1154643e-11,2.0702075e-12,1.0847349e-16,3.9096606e-15,8.701477e-11
730000,378,367,0,1.9203954e-11,2.7016563e-11,1.7339405e-12,6.7065594e-17,9.632387e-18,8.4258614e-11
730000,176,373,0,6.0820315e-10,6.9555386e-13,1.0619424e-24,2.148e-41,1.3072971e-31,1.9903464e-11
730000,180,451,0,-3.8587802e-13,1.9363084e-11,4.4704388e-12,7.904575e-16,4.547583e-19,1.5069626e-10
730000,190,340,0,4.1048073e-10,1.3710167e-11,1.1943939e-19,1.8227316e-33,4.6993004e-19,1.07275674e-10
730000,349,65,0,2.0108386e-10,5.404758e-11,1.0128136e-12,1.0711094e-17,3.132814e-14,8.70836e-11
730000,243,125,0,3.6556627e-10,1.2055503e-11,2.993795e-16,2.6961017e-24,4.2143243e-16,1.9845817e-10
730000,298,168,0,2.2725084e-10,6.3719243e-12,2.7222218e-12,2.7851873e-16,5.7696044e-19,2.957861e-11
730000,433,370,0,-8.2726615e-13,3.9450464e-11,2.6288504e-13,1.9615054e-19,8.300217e-16,8.886648e-11
730000,271,443,0,3.9213355e-10,5.3327495e-11,1.802365e-12,1.1010513e-16,1.9586863e-13,4.4551963e-11
730000,49,235,0,2.3497146e-12,7.589599e-11,5.170279e-14,5.967286e-20,3.868986e-11,1.4727386e-10
730000,117,63,0,2.552069e-10,7.276114e-11,2.140598e-12,8.161095e-17,5.275907e-12,2.2987891e-10
730000,230,87,0,3.955114e-10,1.0948113e-11,1.5875443e-13,6.838549e-20,3.014375e-19,1.4070259e-10
730000,203,454,0,6.963742e-13,3.8847224e-11,1.5904773e-15,2.2363944e-22,2.1196742e-14,3.1300753e-09
730000,26,469,0,-1.06643e-12,4.3712697e-11,1.7380647e-13,1.7217693e-19,1.2074323e-17,3.9343467e-10
730000,119,378,0,2.878143e-10,5.085614e-11,2.1143969e-18,5.544769e-32,1.1702661e-13,2.8149328e-11
730000,497,64,0,-1.3546968e-12,3.2982485e-11,7.0979243e-15,2.131464e-22,7.174275e-18,1.8695509e-10
730000,441,107,0,2.1701602e-11,4.3184248e-11,3.3029241e-12,2.0440212e-15,3.6977116e-13,4.3494391e-10
730000,29,241,0,-5.1537474e-13,2.0379518e-11,1.7423075e-12,3.2473294e-17,3.309845e-16,2.378948e-10
730000,63,65,0,1.7356647e-12,1.2150202e-11,6.7669996e-15,6.4834068e-24,4.1401508e-17,4.234078e-10
730000,13,154,0,-1.3737981e-12,6.727929e-11,9.211318e-16,5.642929e-25,1.153417e-13,3.688331e-10
730000,162,232,0,2.6147636e-11,2.0377597e-12,3.5464146e-11,1.4052023e-12,1.8811148e-13,2.6674917e-12
730000,458,175,0,-9.02307e-13,6.680056e-11,1.2038962e-11,2.7532943e-14,5.84417e-14,8.26278e-11
730000,219,311,0,7.310314e-11,3.022576e-17,1.1619142e-22,7.8093e-41,0.0,1.7089278e-11
730000,315,434,0,3.9270098e-11,4.8219783e-12,3.2273687e-13,4.968051e-19,7.34115e-24,4.3424365e-11
730000,137,498,0,-4.815162e-13,8.1385836e-12,1.1891433e-11,1.6941157e-14,2.0468824e-16,3.08761e-10
730000,411,287,0,6.974971e-10,1.4582379e-11,1.7184967e-17,3.7627844e-29,2.017091e-17,2.6726557e-10
730000,2,72,0,-1.0080154e-12,4.4592306e-11,3.1101365e-12,2.0039271e-16,3.1579153e-13,2.7159464e-10
730000,115,27,0,-1.4415892e-13,3.152319e-11,1.5748902e-11,1.1759648e-13,3.8509305e-13,5.5319492e-11
730000,463,221,0,-5.708442e-13,1.9965541e-11,6.147481e-11,3.1970596e-12,6.1448475e-13,1.6037516e-10
730000,257,187,0,6.9892334e-12,3.8328993e-11,1.3662914e-27,0.0,4.639521e-11,3.077874e-11
730000,170,76,0,6.068783e-10,1.9148714e-11,2.6819919e-17,9.120432e-29,8.818666e-21,7.2539634e-11
730000,296,353,0,1.0371716e-10,2.5953914e-11,1.6213599e-18,9.593653e-30,2.354201e-15,3.9459984e-11
730000,25,123,0,-1.1227715e-12,2.7121218e-11,8.254162e-12,1.5950411e-15,8.3107544e-17,2.6231872e-10
730000,329,372,0,9.3682e-11,9.468207e-12,2.0239791e-16,5.8265806e-27,5.48514e-18,2.255384e-11
730000,54,476,0,-1.0369917e-12,1.0058574e-10,1.3983278e-10,1.2924699e-11,1.3544026e-10,1.0440218e-09
730000,182,373,0,4.7471943e-10,4.6078256e-13,1.4884462e-27,0.0,3.663855e-30,1.4886066e-10
730000,454,206,0,-2.5604624e-14,3.181175e-11,8.8561585e-13,1.1793825e-17,1.9708591e-15,1.6364281e-10
730000,471,428,0,-8.229175e-13,3.1485734e-11,1.5383915e-11,6.7222486e-14,1.6748602e-15,1.5010782e-10
730000,387,61,0,2.1558944e-12,3.560202e-11,5.7584506e-15,1.9681135e-23,1.1841774e-12,1.5977618e-10
730000,101,148,0,7.6448584e-11,7.855633e-12,5.0539275e-14,2.1559324e-20,1.1956416e-22,1.0099813e-11
730000,196,22,0,-6.264338e-13,4.3513314e-11,7.0013795e-12,3.646668e-15,1.2662093e-12,4.4063528e-10
730000,208,101,0,2.1809222e-10,3.1870249e-12,3.9269366e-15,1.02715994e-22,4.1665764e-25,1.2847551e-11
730000,181,322,0,9.062479e-11,2.4090536e-12,9.060515e-28,0.0,3.4561004e-26,2.8817825e-11
730000,59,316,0,3.6849955e-12,1.2306727e-12,7.003073e-18,7.244535e-31,3.7830174e-32,1.7538398e-11
730000,187,365,0,4.0647988e-10,6.8286164e-13,1.7952332e-23,1.8515e-41,8.449661e-34,6.735195e-11
730000,454,383,0,-8.463977e-13,5.3422707e-11,6.0187727e-12,1.5914879e-15,3.185451e-10,2.854977e-10
730000,161,178,0,7.68846e-11,1.5667813e-12,2.4e-44,0.0,3.0015664e-25,1.3998479e-12
730000,428,34,0,2.9753008e-12,6.722334e-11,3.0131488e-13,8.912579e-20,2.0837288e-11,2.1790689e-10
730000,225,210,0,2.5905958e-10,4.4257536e-12,5.070818e-16,5.9124194e-26,2.0124874e-21,2.515469e-13
730000,350,80,0,8.008667e-10,6.2383705e-12,3.601893e-14,1.538788e-21,1.8788462e-22,5.1696324e-11
730000,353,18,0,-9.173552e-13,3.529286e-11,5.2779694e-14,1.0504033e-18,2.4526403e-16,2.7694275e-10
730000,469,241,0,-5.663235e-13,3.2760072e-11,3.2687585e-11,1.3881641e-12,8.910059e-14,5.7333794e-11
730000,200,288,0,1.8477428e-10,1.3214731e-15,0.0,0.0,7e-45,1.3819575e-12
730000,81,141,0,2.890998e-12,4.197145e-11,2.7959737e-12,4.516004e-16,3.8440125e-15,1.2802169e-10
730000,295,370,0,3.9719789e-10,2.7289575e-11,1.0575962e-20,1.5899291e-36,2.7743285e-14,7.839603e-11
730000,141,188,0,6.220052e-10,4.5397206e-12,0.0,0.0,5.622307e-22,1.2460588e-10
730000,153,271,0,3.7153634e-11,8.339415e-12,5.360133e-36,0.0,1.8785165e-20,1.2913213e-12
730000,10,308,0,-1.15267e-12,5.314615e-11,3.6993916e-19,7.9311434e-33,5.0738803e-16,7.276982e-11
730000,255,371,0,7.538785e-11,2.5298381e-11,2.2739402e-19,1.0703833e-29,1.4505516e-13,1.7274267e-10
730000,369,358,0,9.4257276e-11,5.1500495e-11,2.4721385e-11,4.3853535e-14,1.6225125e-12,6.550127e-11
730000,360,322,0,1.7487484e-10,4.4890827e-11,6.0381857e-22,1.9418684e-38,2.045483e-13,8.184342e-11
730000,379,76,0,1.7134266e-11,3.9755234e-11,4.9939993e-11,9.145782e-13,2.6902848e-12,2.809667e-11
730000,24,108,0,-1.0685125e-12,5.984444e-11,1.8607297e-12,3.4704515e-16,4.515297e-14,2.0836138e-10
730000,162,475,0,-3.7421027e-13,2.895969e-12,3.1826932e-16,1.1539911e-24,3.4800124e-26,1.0628028e-10
730000,28,357,0,-8.467196e-13,6.5103554e-11,1.7311654e-11,2.936286e-13,1.8913389e-13,1.2013071e-10
730000,96,381,0,2.4597524e-11,8.870381e-12,7.594212e-18,2.8300222e-30,9.752678e-18,3.0406964e-09
730000,33,170,0,-8.1450395e-13,1.8603305e-11,8.180393e-15,6.486027e-23,9.166546e-19,3.1117224e-09
730000,26,116,0,-1.0860193e-12,4.9830372e-11,5.964046e-11,3.6241498e-12,3.5007032e-12,3.1537681e-09
730000,301,89,0,1.3610583e-12,2.280287e-09,3.2735884e-12,1.0320221e-15,4.1188084e-09,3.229917e-11
730000,337,67,0,1.6369828e-10,3.0151527e-11,3.7282524e-11,1.6420144e-12,1.242641e-13,6.045377e-11
730000,96,155,0,1.7293226e-11,1.0869989e-11,1.3620004e-10,1.3397058e-11,3.7789407e-12,7.437524e-11
730000,179,209,0,1.8092645e-11,2.1756425e-11,2.7382605e-31,0.0,8.308897e-15,7.8985304e-11
730000,218,49,0,-3.9250967e-13,1.29786e-11,2.8291251e-11,9.736683e-13,6.210011e-14,1.3002635e-10
730000,105,466,0,-6.3854624e-13,2.356587e-11,6.844322e-13,1.6258826e-17,1.7607848e-20,4.3349296e-10
730000,465,408,0,-9.0533966e-13,5.1610934e-11,1.7522718e-14,1.3925683e-22,1.4692404e-11,1.5805186e-10
730000,9,419,0,-7.277209e-13,5.534026e-11,4.1925022e-11,5.4654623e-12,2.9246391e-10,3.0504008e-10
730000,349,3,0,-7.6944766e-13,4.5664045e-11,1.2594161e-12,8.886224e-17,7.211755e-12,1.7660917e-10
730000,174,376,0,5.526236e-10,5.9446515e-12,3.3915584e-21,2.0317251e-34,1.5878872e-23,2.6047442e-11
730000,133,55,0,1.3196616e-10,1.0914896e-11,5.5079795e-12,1.1060475e-15,5.3803053e-19,5.544681e-11
730000,143,453,0,-3.6608347e-13,4.6014484e-11,1.4267604e-18,3.2606694e-30,2.132322e-11,1.3859212e-10
730000,109,21,0,-6.9147314e-13,9.373301e-11,8.329418e-12,4.563255e-15,3.616657e-11,2.259199e-10
730000,499,178,0,-1.3701776e-12,5.7765796e-11,6.975222e-12,1.0448364e-15,4.899856e-16,1.998314e-10
730000,41,412,0,1.2389682e-10,5.300193e-11,1.43078e-11,3.4777767e-14,1.636409e-15,3.1668779e-09
730000,86,66,0,1.5007892e-10,4.0840924e-11,4.044689e-15,2.206577e-24,6.837486e-15,3.199593e-09
730000,409,483,0,-1.1853094e-12,4.0873045e-11,1.5762218e-13,5.6652385e-20,3.4846754e-13,3.2116838e-09
730000,15,471,0,-1.093497e-12,8.001626e-11,2.049714e-11,3.0848634e-13,1.4888546e-13,3.4920467e-09
730000,208,499,0,-5.5247636e-13,1.8491198e-11,1.3673835e-11,6.8951506e-15,2.5677107e-17,3.4056944e-09
730000,489,24,0,-1.2640531e-12,7.322318e-11,5.1460013e-11,5.3906875e-12,1.4346883e-12,3.2704384e-09
730000,87,57,0,5.3529195e-11,3.9507515e-11,3.2003816e-12,8.4020785e-17,2.886262e-12,3.1975218e-09
730000,351,126,0,7.725302e-11,1.1689475e-11,7.077267e-19,1.5018317e-31,1.7070707e-18,3.0343286e-09
730000,164,243,0,5.8005035e-11,1.2074391e-11,3.811327e-16,9.316518e-26,2.744238e-11,2.988986e-09
730000,463,347,0,-4.3539177e-13,1.6819669e-11,2.7202275e-11,8.308199e-14,4.909362e-16,3.1507754e-09
730000,424,220,0,2.6830642e-11,6.599995e-11,2.402167e-13,1.3141021e-18,3.2054534e-10,3.115919e-09
730000,64,213,0,1.5077752e-11,5.0238223e-11,2.2078288e-16,1.0339817e-26,1.7273772e-13,3.0939626e-09
730000,278,434,0,9.813833e-11,4.8253335e-11,3.935422e-17,1.0820992e-27,3.2280825e-10,3.0193237e-09
730000,288,461,0,4.827098e-12,6.614557e-12,2.7597788e-15,3.3595953e-24,5.3714163e-22,3.0773566e-09
730000,181,356,0,3.9649106e-10,1.7995319e-11,1.756219e-14,4.4169456e-22,1.1462994e-13,3.0015275e-09
730000,254,43,0,-3.2023497e-13,1.36607965e-11,3.4839486e-12,1.2885986e-15,3.2599771e-18,3.0799525e-09
730000,10,471,0,-1.0797427e-12,1.05960865e-10,1.8012699e-11,6.25676e-14,3.3128814e-10,3.619652e-09
730000,59,179,0,2.0471582e-12,3.258615e-11,1.2775945e-12,2.7963598e-17,3.2278194e-18,3.0807652e-09
730000,286,340,0,1.4475696e-11,5.2569452e-11,6.1086587e-16,7.4244137e-25,2.4436882e-13,2.9922866e-09
730000,99,216,0,2.695099e-10,2.3265665e-09,9.373279e-14,6.117902e-20,4.118825e-09,1.9260416e-12
730000,289,98,0,-9.884297e-12,2.3140747e-09,2.6185841e-15,2.0133184e-24,4.1378456e-09,2.045935e-11
730000,30,484,0,-9.353308e-13,2.749417e-11,2.8257868e-11,2.0760054e-12,4.383375e-13,1.9592401e-10
730000,168,248,0,1.1889123e-10,9.420851e-12,2.2654074e-21,3.4990463e-37,3.7955702e-17,3.352108e-14
730000,116,168,0,7.7416025e-12,2.687992e-12,6.0722883e-31,0.0,1.3224315e-27,8.0715365e-11
730000,306,15,0,-8.490251e-13,1.0303045e-10,1.1755038e-14,8.040063e-23,8.263718e-12,2.1454916e-10
730000,212,82,0,5.39056e-11,1.2725104e-11,4.5045784e-15,2.8799969e-24,6.8779797e-20,1.4235572e-10
730000,453,292,0,4.135045e-11,2.8741488e-11,2.027381e-13,4.617178e-19,8.2112275e-14,2.3623575e-10
730000,484,445,0,-7.238544e-13,3.7710442e-11,4.6857826e-12,3.952077e-16,1.8081058e-13,9.633067e-11
730000,366,407,0,7.5205744e-11,2.0810857e-11,1.3493856e-12,1.6826906e-16,3.3325789e-19,1.2853027e-10
730000,10,323,0,-1.0558277e-12,7.8744504e-11,2.0976377e-13,1.5869761e-19,1.1403094e-12,2.915607e-11
730000,334,82,0,3.2590536e-10,2.8734957e-11,4.8128856e-14,4.9125776e-21,4.9641802e-14,3.3099695e-10
730000,348,85,0,8.135975e-10,2.4238638e-12,1.6900808e-15,1.5600203e-24,1.6683251e-29,9.993012e-11
730000,50,231,0,8.721656e-13,9.594869e-11,4.8865717e-14,4.355996e-21,2.6751887e-11,2.3553198e-10
730000,388,14,0,-1.1555503e-12,3.6385856e-11,3.213454e-11,1.3881629e-12,1.5335088e-13,5.052727e-11
730000,423,3,0,-1.8580714e-12,1.15282194e-10,6.656339e-11,4.4138006e-11,9.1782554e-11,3.2734018e-09
730000,262,99,0,1.010592e-10,5.252924e-11,2.047931e-11,3.0848634e-13,1.8856016e-14,3.0247456e-09
730000,76,98,0,2.6111537e-12,4.4580627e-11,5.672083e-14,5.8782855e-21,5.8985545e-14,3.1571907e-09
730000,186,63,0,2.1510979e-11,1.4916717e-11,7.9986136e-11,2.0727222e-11,1.3904851e-11,3.4972572e-09
730000,15,127,0,-1.325323e-12,6.994268e-11,4.1543743e-12,2.5701444e-16,1.0999281e-12,3.2542984e-09
730000,493,357,0,-1.0059732e-12,6.652939e-11,4.8899353e-11,5.6126544e-13,2.5957972e-11,3.5322807e-09
730000,118,104,0,3.086504e-11,4.1085767e-11,4.965343e-15,9.857722e-24,3.1246852e-10,3.0720841e-09
730000,423,492,0,-1.6073887e-12,1.0024537e-10,4.4133776e-11,2.9966825e-13,2.2930288e-13,3.3435923e-09
730000,477,195,0,-9.066579e-13,6.221459e-11,3.9097584e-14,4.5979077e-20,5.5476318e-11,3.2827427e-09
730000,485,487,0,-4.3728985e-13,3.7678718e-11,6.009179e-11,3.7270083e-12,5.172844e-13,3.4974226e-09
730000,230,16,0,-8.6505033e-13,8.027087e-11,1.6348747e-11,3.3275135e-13,5.9138874e-11,3.2062963e-09
730000,88,464,0,-1.5069243e-13,6.0907376e-11,2.4615826e-14,2.360539e-22,5.169551e-12,3.4294791e-09
730000,426,393,0,-7.814994e-13,1.7358136e-11,1.433394e-15,9.001868e-25,1.1106473e-18,3.0865812e-09
730000,64,251,0,1.651775e-10,2.9843978e-11,1.7145985e-14,1.7678523e-22,3.6138396e-16,3.1566763e-09
730000,440,40,0,1.3066966e-11,7.926823e-11,1.7956947e-11,1.667324e-13,1.437826e-12,3.506094e-09
730000,404,80,0,2.3923333e-10,3.3486526e-11,1.5659803e-12,1.7209989e-16,6.965846e-16,3.1479515e-09
730000,423,273,0,4.0490647e-10,6.796795e-11,4.716621e-19,1.3516995e-32,1.1943186e-13,3.0735419e-09
730000,433,496,0,-1.6160785e-12,8.500204e-11,3.8257612e-11,1.3951538e-13,2.3666897e-13,3.292297e-09
730000,382,353,0,6.9272817e-12,4.766383e-12,1.37782835e-14,7.2524495e-23,2.6609708e-23,3.0712033e-09
730000,474,96,0,-5.179742e-13,1.3721478e-11,3.242901e-11,1.7290607e-12,2.8440515e-13,3.21833e-09
730000,96,370,0,7.6383705e-11,3.6303578e-11,6.921274e-17,1.9805004e-27,3.1854727e-10,3.0821798e-09
730000,56,372,0,2.7402448e-11,2.84141e-11,4.4780117e-18,2.8571487e-30,2.6506438e-12,3.0996934e-09
730000,269,2,0,-3.4269606e-13,1.3992028e-12,2.6409683e-14,1.2605203e-21,1.1305219e-27,3.0190115e-09
730000,50,381,0,8.1830646e-11,2.8908119e-11,5.1005436e-15,1.3174665e-22,1.413328e-14,3.196334e-09
730000,355,181,0,9.840844e-11,8.596394e-12,4.5930538e-14,8.569874e-21,1.0361117e-19,3.1650136e-09
730000,232,466,0,-2.1175318e-13,3.4109743e-11,2.9781188e-11,3.9299547e-14,4.9561793e-16,3.0688074e-09
730000,471,284,0,1.8391673e-12,7.46534e-11,3.0746896e-12,3.5398973e-16,1.0847748e-12,3.0360754e-09
730000,456,135,0,1.3925747e-10,3.3236015e-11,1.7850861e-11,3.0937373e-13,2.1634834e-14,3.0750718e-09
730000,469,2,0,-1.4662249e-12,4.6859887e-11,1.2170641e-12,1.4576072e-17,1.18053176e-14,3.2595024e-09
730000,484,293,0,-7.026839e-13,2.0182755e-11,5.5922026e-15,1.6731173e-23,3.6751407e-18,3.2024303e-09
730000,95,419,0,2.1842715e-10,3.524276e-11,6.457697e-13,2.3740419e-18,2.8790087e-14,3.077617e-09
730000,39,350,0,-2.6454883e-13,3.0547693e-11,2.2585141e-13,1.3315402e-19,1.9779548e-11,3.1274214e-09
730000,271,485,0,-3.026579e-13,2.7124148e-11,2.2081907e-12,1.6339828e-16,1.7896269e-15,3.2190368e-09
730000,40,36,0,-9.885414e-13,3.5759232e-11,5.4100054e-11,7.271254e-11,5.4415766e-10,3.1653946e-09
730000,468,101,0,2.8090876e-13,1.5267515e-11,2.2965568e-12,2.257788e-16,1.218439e-17,3.1700482e-09
730000,43,346,0,4.2875341e-13,3.8224396e-11,3.0931657e-11,9.514071e-13,7.3464536e-14,3.0717138e-09
730000,399,283,0,3.394733e-10,3.4513906e-11,3.5178867e-19,3.4256095e-32,1.13945735e-14,3.007636e-09
730000,354,288,0,1.2676614e-11,3.7078438e-11,4.538975e-11,4.864616e-12,9.12976e-13,3.0227665e-09
730000,458,187,0,-5.8685934e-13,2.7914528e-11,6.601851e-11,9.90426e-12,4.2529816e-12,3.1997036e-09
730000,162,107,0,7.57309e-11,2.0052423e-11,8.149906e-12,7.418376e-15,1.0720915e-13,3.0650202e-09
730000,478,477,0,-7.3089375e-13,5.4702333e-11,2.8559287e-11,1.7323918e-13,1.5658422e-12,3.967468e-09
730000,330,299,0,1.803331e-11,2.8302381e-11,5.77501e-20,5.883193e-32,1.07196776e-13,3.275615e-09
730000,343,488,0,-4.220533e-13,1.6405044e-11,3.2084182e-13,2.8837085e-19,4.076901e-18,3.1586413e-09
730000,261,96,0,1.1684044e-10,3.8958982e-11,1.537944e-11,1.608546e-13,8.87102e-15,3.0470353e-09
730000,321,347,0,1.3756091e-10,2.2537451e-11,7.5979835e-20,6.8333294e-33,2.6651933e-17,3.0814844e-09
730000,108,91,0,3.6937307e-11,5.705073e-11,3.3368124e-11,1.5912326e-12,4.371896e-11,3.0779828e-09
730000,103,131,0,1.6365645e-10,2.1107142e-11,5.3771413e-13,1.6266335e-18,3.9645676e-16,3.002371e-09
730000,35,199,0,-6.0245743e-13,3.6053327e-11,3.9199054e-11,8.853771e-13,1.9296221e-13,3.2455334e-09
730000,499,388,0,-8.3792955e-13,5.432235e-11,4.2390614e-12,3.8485958e-16,1.2814349e-14,3.431739e-09
730000,168,122,0,6.0315725e-11,1.9004442e-12,3.395666e-16,1.1217486e-26,4.908333e-26,3.0388438e-09
730000,425,24,0,-1.2951747e-12,1.0128261e-10,6.915278e-11,4.708453e-12,2.7909123e-11,3.3640544e-09
730000,473,190,0,-9.430317e-13,5.6993358e-11,8.1628915e-16,7.807449e-26,6.968866e-12,3.1335494e-09
730000,267,441,0,9.372801e-10,5.4140543e-11,1.8706563e-13,4.6787476e-19,1.1737287e-11,3.0529512e-09
730000,387,470,0,-6.074966e-13,5.829687e-11,6.449156e-14,4.352208e-21,2.2440866e-10,3.6092924e-09
730000,476,75,0,-8.854288e-13,4.8762883e-11,1.3880407e-10,1.3854643e-11,5.6396825e-11,3.6700238e-09
730000,495,479,0,-2.2471998e-13,2.9208455e-11,7.75677e-11,5.3681265e-12,9.471985e-13,3.3329934e-09
730000,103,371,0,9.599366e-11,2.2160494e-11,1.4046139e-21,1.4802648e-36,1.2797637e-18,3.0265417e-09
730000,321,72,0,5.403804e-11,9.185773e-12,2.8303632e-17,2.5063724e-29,3.7023948e-22,3.1675733e-09
730000,160,16,0,-5.1011436e-13,3.019151e-11,5.782444e-13,1.2468584e-17,1.8718367e-15,3.0729612e-09
730000,50,434,0,1.4618726e-10,5.967483e-11,2.813088e-12,5.163895e-16,6.580046e-14,3.303971e-09
730000,166,308,0,3.6761996e-11,3.854924e-11,8.516902e-15,1.396162e-22,1.4004788e-14,2.9895326e-09
730000,417,416,0,3.5175977e-11,1.906793e-11,8.304959e-12,8.966476e-15,1.7281868e-17,3.124213e-09
730000,492,29,0,-1.2911335e-12,5.955409e-11,4.613149e-12,1.8104785e-15,1.7742052e-13,3.260244e-09
730000,159,40,0,4.024376e-13,1.24764695e-11,1.2781141e-14,2.372457e-22,8.860212e-19,3.1868994e-09
730000,428,54,0,1.6486802e-10,1.889797e-11,9.56712e-11,2.421698e-11,1.6749106e-11,3.1898661e-09
730000,358,381,0,2.130219e-10,2.8815512e-11,5.2717355e-14,4.0984554e-20,2.7677373e-19,3.090456e-09
730000,478,416,0,-9.523576e-13,5.815272e-11,1.2659231e-11,2.3669323e-14,1.376929e-15,3.3014778e-09
730000,437,365,0,-6.1339735e-13,3.8579626e-11,2.0956666e-14,6.167031e-21,5.367486e-12,3.0439566e-09
730000,438,22,0,-1.439452e-12,1.1633335e-10,6.508337e-12,6.770272e-16,3.5389447e-10,3.3515455e-09
730000,307,127,0,4.0935474e-11,2.1158256e-11,8.5411425e-13,1.7464799e-17,9.3450324e-15,3.0684015e-09
730000,436,281,0,7.810694e-10,1.4697673e-09,7.983397e-11,4.8371907e-11,4.1538426e-09,3.3147847e-09
730000,52,204,0,6.354542e-13,2.997523e-11,5.3256585e-13,1.3397227e-18,1.6685793e-12,3.0849034e-09
730000,421,252,0,1.3940694e-10,2.3674755e-11,5.47023e-18,4.336087e-26,2.5656286e-13,3.098799e-09
730000,348,102,0,3.9860504e-10,3.3313307e-11,1.748575e-19,5.897288e-32,1.5349632e-13,3.017777e-09
730000,75,41,0,1.708497e-13,4.9949295e-11,2.2535578e-11,1.4701901e-13,1.5250214e-11,3.4359366e-09
730000,9,430,0,-7.518882e-13,2.5505187e-11,1.2381366e-11,1.9864945e-14,6.350953e-16,3.3462448e-09
730000,480,212,0,-6.8024373e-13,5.8217244e-11,4.0215285e-14,1.0075047e-20,1.5709258e-12,3.1734362e-09
730000,447,38,0,4.5693033e-12,5.1585982e-11,3.096312e-12,6.1285523e-16,3.6637026e-13,3.6586079e-09
730000,226,41,0,-7.1265595e-13,3.700121e-11,8.5948806e-14,6.449922e-20,4.647408e-15,3.1608633e-09
730000,459,228,0,-6.013453e-13,2.1137168e-11,6.79218e-12,2.0870307e-15,1.3685903e-13,2.9991645e-09
730000,32,118,0,-1.0996039e-12,3.7985018e-11,1.3755787e-10,2.192529e-11,1.1145946e-11,3.1880167e-09
730000,30,240,0,-4.9898497e-13,2.727556e-11,5.3973844e-12,1.835086e-15,1.6054814e-13,3.1102239e-09
730000,476,125,0,2.444903e-12,3.9658544e-11,4.4394982e-12,2.0319304e-16,3.6613758e-14,3.4075782e-09
730000,6,487,0,-1.1946493e-12,8.657208e-11,9.8380306e-12,1.6129606e-14,3.711297e-13,3.520384e-09
730000,494,43,0,-1.4955832e-12,8.8475303e-11,5.172243e-11,4.3876183e-12,5.4291276e-11,3.3701129e-09
730000,55,481,0,-1.1104436e-12,9.9543e-11,4.9507794e-12,9.673884e-16,1.7720657e-11,3.1088674e-09
730000,76,264,0,3.6193148e-10,3.4155675e-11,2.2280014e-12,1.2816802e-16,2.4986702e-16,3.0967284e-09
730000,15,329,0,-8.802438e-13,4.6902447e-11,2.047931e-11,3.0848634e-13,2.2613045e-09,3.1157479e-09
730000,308,119,0,4.379758e-11,2.8363737e-11,2.9190625e-17,3.2192867e-27,3.4257902e-11,3.0663139e-09
730000,411,15,0,-1.5115894e-12,1.0334853e-10,5.8637366e-12,2.7512987e-15,8.743775e-11,3.144349e-09
730000,87,230,0,5.905056e-11,2.2803348e-09,8.3344125e-14,1.9056718e-20,4.1188084e-09,4.7955077e-11
730000,262,209,0,1.316324e-10,4.4886955e-11,2.4292061e-12,2.7160225e-16,7.060481e-15,5.6724586e-12
730000,184,329,0,9.346808e-11,8.288203e-12,1.9921327e-23,8.8664e-41,5.503224e-19,1.9506704e-11
730000,433,439,0,5.9840197e-12,2.3234985e-09,3.2652924e-14,3.4774715e-22,4.119053e-09,2.0263691e-10
730000,476,172,0,-1.2940057e-12,6.838357e-11,2.9576263e-14,1.01657673e-19,5.5897827e-13,1.8830029e-10
730000,477,235,0,-5.7450014e-13,2.67918e-11,5.1759e-11,1.2773127e-12,8.0633586e-14,1.5846277e-10
730000,345,193,0,5.0824245e-10,1.6274207e-12,2.0353386e-26,0.0,2.5332328e-29,4.415693e-13
730000,312,214,0,2.6729691e-11,4.8665295e-12,0.0,0.0,5.476656e-21,3.4286783e-12
730000,411,158,0,9.4463964e-11,1.0720573e-11,4.447674e-13,6.567379e-19,2.0668358e-20,9.4090125e-11
730000,383,440,0,1.13628985e-11,1.7881847e-11,1.1967297e-11,2.7532938e-14,1.3331757e-16,1.0316538e-10
730000,51,331,0,3.387424e-12,4.733806e-11,8.4517246e-12,6.491884e-15,2.40953e-12,1.0995001e-10
730000,405,271,0,1.1560142e-09,2.6402195e-11,1.3471477e-21,6.934649e-32,1.1481088e-14,4.6404075e-11
730000,180,455,0,-4.111372e-13,1.995118e-11,2.314177e-12,8.167965e-17,5.5290542e-17,1.3424602e-10
730000,114,404,0,3.3375194e-10,1.679297e-11,4.727975e-16,3.494187e-25,4.859716e-19,1.9179001e-10
730000,461,351,0,-4.5595456e-13,2.71542e-11,8.179756e-12,2.0702036e-14,1.7129475e-12,7.0513866e-11
730000,361,113,0,6.232588e-11,1.5981992e-11,1.1738121e-15,2.6256631e-25,5.170029e-16,1.7098062e-10
730000,191,126,0,1.6296017e-10,2.9046e-11,1.2620055e-22,4.316757e-39,2.0852859e-16,1.2710171e-11
730000,84,169,0,2.0125904e-11,8.339483e-12,2.8391559e-10,5.2574122e-11,3.754141e-11,3.170004e-09
730000,137,399,0,2.4030547e-10,1.7704534e-11,1.7846612e-15,1.8534246e-24,6.168943e-15,3.0163083e-09
730000,84,6,0,-5.350672e-13,2.5171929e-11,2.0929909e-13,7.768401e-19,2.2119901e-17,3.199913e-09
730000,399,471,0,-1.447671e-13,6.3058135e-11,1.5254166e-11,1.7163708e-14,1.1513084e-15,3.1442207e-09
730000,13,311,0,-1.0759317e-12,5.7209244e-11,5.2733707e-18,2.7130586e-30,1.1463065e-13,3.0431484e-09
730000,413,15,0,-1.5525169e-12,9.970843e-11,2.1998563e-11,1.9903002e-13,2.2617848e-09,3.141698e-09
730000,444,93,0,2.6106391e-11,2.8183974e-11,1.6463617e-13,2.5119107e-20,1.0206242e-18,3.2032794e-09
730000,28,95,0,-1.1384636e-12,3.4076415e-11,1.2581678e-12,2.0357643e-17,3.630892e-17,3.3971403e-09
730000,450,486,0,-9.198842e-13,2.9366065e-11,2.7844879e-13,1.3679815e-18,1.7426096e-19,3.3427558e-09
730000,61,495,0,-8.133237e-13,1.14751065e-11,4.2466119e-16,3.7219108e-26,2.89252e-18,3.2463037e-09
730000,425,39,0,9.337209e-12,4.079865e-11,7.2498127e-12,8.838363e-15,9.0250454e-17,3.110689e-09
730000,124,68,0,7.6397805e-10,5.153676e-11,6.270902e-15,1.2666304e-22,2.2351345e-11,3.2372687e-09
730000,372,442,0,3.603488e-12,7.4079236e-11,2.5414608e-11,3.0986718e-13,4.5341595e-12,3.2517151e-09
730000,401,0,0,-1.0564578e-12,1.5797195e-11,5.9407644e-13,3.339144e-19,1.8051904e-22,3.3290446e-09
730000,277,355,0,1.9832683e-10,3.678586e-12,1.7215243e-11,2.4653557e-13,1.2798356e-14,3.0007894e-09
730000,92,62,0,1.6474108e-10,5.1686513e-11,9.107136e-12,1.1350696e-14,2.4105188e-12,3.2770797e-09
730000,260,395,0,4.33226e-12,3.8986966e-11,3.0348047e-19,1.3975385e-32,1.3242387e-14,3.0437046e-09
730000,340,490,0,-4.5219454e-13,1.8410929e-11,1.0112332e-12,1.1157291e-17,1.391996e-18,3.1682863e-09
730000,95,78,0,4.8906384e-10,2.981109e-11,7.541137e-17,7.864711e-27,3.168674e-10,5.3774647e-09
730000,4,99,0,-7.9435536e-13,4.7333082e-11,7.7908235e-12,1.6642124e-14,2.12706e-13,3.3602705e-09
730000,479,126,0,8.6433584e-13,5.0709832e-11,6.431168e-11,9.545775e-13,4.2394015e-11,3.3936047e-09
730000,73,360,0,2.0297473e-10,3.9460488e-12,4.3600483e-13,6.30655e-18,7.3319206e-22,3.243824e-09
730000,41,113,0,-1.1973598e-12,4.3919403e-11,1.5019061e-12,2.9474417e-17,1.1599853e-16,3.1387941e-09
730000,67,492,0,-7.992269e-13,2.737294e-11,1.3901257e-16,1.0102106e-27,4.63773e-12,3.1500633e-09
730000,6,345,0,-8.233806e-13,3.2357474e-11,2.595454e-11,1.595665e-13,2.6536048e-12,3.1331855e-09
730000,8,93,0,-8.3273655e-13,2.3011966e-11,1.5577659e-11,7.542675e-14,2.691802e-13,3.3295646e-09
730000,25,266,0,-5.234249e-13,3.509562e-11,6.1614966e-14,9.663879e-21,1.5359658e-15,3.2490772e-09
730000,345,20,0,-7.927962e-13,3.9348153e-11,4.249177e-18,1.4097678e-29,6.3143663e-14,3.2209442e-09
730000,54,167,0,-4.8616086e-13,3.632105e-11,1.2967752e-10,2.1888012e-12,4.4578244e-13,3.1080736e-09
730000,14,142,0,-1.5360559e-12,1.0719386e-10,9.1615575e-15,4.8523033e-23,5.920792e-10,3.2505112e-09
730000,480,132,0,5.88556e-13,3.790936e-11,4.8635825e-11,6.84456e-13,2.8898226e-14,3.3613472e-09
730000,114,81,0,9.240124e-11,3.977644e-11,3.462785e-09,7.191879e-10,1.1532668e-09,4.2947154e-10
730000,67,180,0,1.3016574e-11,3.1267343e-11,9.3547424e-17,2.5426893e-26,1.2688884e-18,3.4569143e-09
730000,433,358,0,-5.3428117e-13,3.3355298e-11,5.3479292e-14,2.0273956e-21,4.6316856e-14,3.349827e-09
730000,452,202,0,4.7450406e-13,2.1500813e-11,7.24766e-15,3.30838e-23,5.3368365e-11,1.9156998e-10
730000,93,434,0,7.552529e-11,4.3848952e-11,6.8344553e-16,3.792679e-26,5.2423222e-11,3.4080543e-09
730000,65,468,0,7.003197e-13,3.629979e-11,3.3522074e-12,1.9536102e-16,1.4588613e-16,3.3463576e-09
730000,422,297,0,2.2485194e-10,2.9977222e-11,6.2140977e-13,2.1200072e-18,2.4914014e-11,3.0688516e-09
730000,193,386,0,4.712129e-10,9.876825e-13,9.641317e-25,2.52e-43,7.999052e-27,3.0195872e-09
730000,70,129,0,-8.4434163e-13,4.886254e-11,1.36307e-16,6.4914865e-28,4.763166e-16,7.4166465e-11
730000,451,272,0,9.9647735e-11,3.90508e-11,5.574024e-13,2.128505e-18,2.334777e-13,3.1142084e-09
730000,42,32,0,-1.0020594e-12,3.724394e-11,1.21589995e-11,5.149544e-14,3.3921732e-16,3.3135608e-09
730000,393,447,0,3.936676e-11,3.7022434e-11,2.3105719e-12,5.988757e-17,4.34529e-12,3.1206844e-09
730000,473,361,0,-6.4550584e-13,3.5901154e-11,2.9160025e-11,1.9990225e-12,4.13463e-13,2.6736285e-10
730000,238,79,0,2.0902775e-10,5.4390808e-11,2.091345e-14,8.097954e-22,1.946564e-09,3.137931e-10
730000,454,216,0,-3.3461946e-13,3.3494752e-11,1.40497666e-11,6.182202e-14,1.0777234e-15,3.0019085e-09
730000,375,0,0,-1.154259e-12,5.114792e-11,5.402395e-11,9.308626e-13,4.476886e-14,3.4845284e-09
730000,355,396,0,4.4231555e-10,2.948523e-11,2.7977346e-11,9.000074e-13,3.2326464e-10,3.2019305e-09
730000,426,79,0,1.0399674e-09,3.0945035e-11,3.5015324e-09,7.1993184e-10,1.1533066e-09,1.8969888e-10
730000,171,462,0,-4.4140524e-13,4.2157406e-11,3.468155e-09,7.1919104e-10,1.1534033e-09,1.1803258e-10
730000,463,192,0,-6.9002817e-13,1.6187867e-11,4.4078673e-12,4.478085e-16,6.6944177e-19,3.1618952e-09
730000,441,281,0,6.529664e-10,2.0578338e-11,3.8946957e-11,4.053127e-13,1.9233325e-13,3.17467e-09
730000,457,18,0,-1.4551935e-12,8.628374e-11,2.6586088e-12,5.733023e-17,4.0027752e-13,3.338093e-09
730000,65,150,0,-6.316979e-13,2.1971551e-11,2.6747706e-14,3.8335485e-20,5.3792577e-18,3.1008356e-09
730000,144,292,0,3.1550107e-10,7.584545e-12,9.4909225e-23,2.8334e-41,2.0214192e-20,2.5893508e-11
730000,88,8,0,-5.1175866e-13,1.2268556e-11,1.3717469e-12,2.1281013e-17,1.1835205e-18,3.2348408e-09
730000,135,473,0,-3.8654827e-13,4.401527e-12,4.7094043e-17,1.1753666e-28,4.90485e-25,3.3029801e-09
730000,469,364,0,-7.417937e-13,4.6383158e-11,2.0402192e-11,2.872466e-13,1.321376e-11,3.140904e-09
730000,42,209,0,-5.661881e-13,3.1222667e-11,3.836073e-11,3.203646e-13,1.7644218e-13,3.3687595e-09
730000,438,478,0,-1.4816548e-12,9.4542756e-11,1.0822642e-11,9.657888e-15,1.4593345e-12,3.2876015e-09
730000,479,460,0,-8.6250516e-13,5.7719628e-11,8.460989e-12,1.0708411e-14,1.31972835e-11,3.234381e-09
730000,70,38,0,-5.1762815e-13,3.8194878e-11,3.3387474e-14,1.4481347e-21,2.3302467e-13,3.7132797e-10
730000,210,470,0,-5.023633e-13,2.6680836e-11,4.6807137e-12,1.0142002e-15,2.2207876e-13,1.1244345e-10
730000,348,477,0,4.598391e-13,2.7120998e-11,8.284174e-16,7.4925054e-26,4.7462623e-16,3.0718683e-09
730000,30,411,0,1.7865731e-11,7.279116e-11,8.7979976e-13,1.7465373e-17,4.135127e-11,3.4766354e-09
730000,294,329,0,1.14014e-11,1.27901e-12,7.0956004e-14,1.3660293e-20,3.3287622e-26,1.02847895e-11
730000,478,163,0,-1.2285325e-12,7.0643026e-11,9.7951625e-17,8.6124087e-26,3.203805e-10,3.1570184e-09
730000,187,52,0,2.729442e-12,2.8740163e-11,6.2793016e-13,7.103475e-18,2.7035733e-14,5.631587e-11
730000,64,386,0,2.3062624e-10,3.9243706e-11,9.833347e-12,8.277558e-15,2.652067e-12,3.1164374e-10
730000,484,469,0,-6.902978e-13,3.8311212e-11,1.7119788e-12,3.2497177e-17,4.389952e-13,3.4249792e-09
730000,58,425,0,3.3619302e-10,1.15230964e-10,6.173825e-11,7.645548e-11,7.8858214e-10,3.1204668e-09
730000,418,259,0,3.799832e-10,6.284217e-11,6.0066685e-21,3.831798e-30,4.6395415e-11,3.2135463e-09
730000,48,93,0,-1.3812967e-12,1.2570242e-10,1.0664551e-11,3.886049e-15,5.2549583e-11,3.257214e-09
730000,306,385,0,2.0143917e-10,2.7465323e-11,6.2198586e-20,2.1079742e-33,1.3391505e-14,3.0673921e-09
730000,439,387,0,-7.783254e-13,4.0492283e-11,2.175532e-11,2.1775511e-13,2.6749325e-10,3.1556897e-09
730000,487,264,0,-9.668779e-13,4.348519e-11,9.799427e-12,2.0080425e-14,3.2030276e-10,3.1169791e-09
730000,97,489,0,-8.234849e-13,4.6125728e-11,4.967966e-12,1.1547777e-15,3.6859556e-12,3.910083e-09
730000,433,117,0,6.0189465e-11,2.5475571e-11,9.971366e-13,5.602309e-17,2.0840973e-14,3.2513328e-09
730000,427,60,0,3.36963e-10,1.7673684e-11,1.8827764e-11,3.331509e-13,2.1820541e-14,3.3204284e-09
730000,7,350,0,-8.7875996e-13,4.7429817e-11,2.615192e-12,1.5884736e-16,1.6908468e-13,1.6513657e-10
730000,464,104,0,2.071832e-12,3.223099e-11,5.7606016e-15,1.3924204e-23,4.2356642e-11,3.5621601e-09
730000,50,5,0,-6.0008145e-13,4.2434018e-11,9.229753e-11,1.9172222e-12,3.4320095e-13,3.8478415e-10
730000,481,191,0,-1.0334394e-12,5.397494e-11,2.5122926e-16,3.286073e-24,3.3867913e-12,3.231736e-09
730000,252,475,0,6.3665273e-13,7.4726565e-11,2.6166881e-11,1.08776655e-13,3.455706e-11,3.102549e-09
730000,49,272,0,3.1155724e-11,9.067435e-12,8.098544e-13,5.4334785e-18,5.782038e-22,3.0813891e-09
730000,171,148,0,2.2966716e-10,7.672678e-13,2.5423596e-21,5.0742665e-38,2.2762149e-29,3.0314564e-09
730000,441,55,0,1.6044262e-10,8.452295e-11,3.9732267e-12,6.9225583e-16,3.0294623e-12,3.1212304e-09
730000,466,440,0,-8.0468065e-13,6.0676304e-11,1.362633e-13,1.7498248e-17,1.5809225e-11,3.1541751e-09
730000,391,473,0,-7.379171e-13,2.2239394e-11,3.0724134e-12,1.7896722e-15,1.198831e-17,3.198532e-09
730000,430,414,0,5.1322093e-12,6.7382995e-11,3.7215863e-14,1.8026565e-20,2.1922505e-11,1.4967838e-10
730000,152,192,0,1.0091614e-09,2.4443805e-11,8.528e-42,0.0,8.236279e-16,1.0959701e-12
730000,373,375,0,3.4291445e-11,2.3239388e-09,4.173864e-13,4.5801723e-18,4.1188315e-09,1.6860502e-10
730000,260,256,0,1.5999305e-12,4.864415e-12,3.08337e-39,0.0,6.283603e-23,1.8670607e-14
730000,421,257,0,2.182516e-10,2.3127418e-09,7.398106e-21,9.3604305e-35,4.1223247e-09,8.0591984e-11
730000,199,372,0,4.5813958e-10,2.2853035e-09,7.2866287e-22,1.6073234e-37,4.1188084e-09,3.5136664e-12
730000,242,143,0,1.1687341e-10,8.379869e-12,8.165931e-14,3.8975642e-20,1.6229269e-18,1.1942971e-11
730000,226,353,0,1.2548114e-10,1.3260782e-11,1.0635772e-25,1e-45,8.739521e-20,8.3475116e-11
730000,133,211,0,3.22953e-10,1.0494572e-11,4.84942e-35,0.0,1.6240087e-17,4.813942e-11
730000,86,321,0,2.2051445e-10,5.59827e-11,5.5107306e-14,5.8771756e-21,2.957237e-11,8.405157e-12
730000,142,220,0,4.040746e-10,1.02282e-11,8.73916e-24,2.311e-42,5.3406352e-14,2.3720793e-11
730000,310,285,0,3.9641017e-13,7.317347e-12,6.6291044e-25,4e-45,1.9432873e-24,2.1394414e-13
730000,371,119,0,4.6152734e-11,2.1464391e-11,1.4880376e-18,2.7566764e-30,4.6996145e-15,4.050376e-11
730000,76,183,0,7.42836e-11,6.335637e-11,1.921382e-13,1.2366504e-19,1.4385592e-13,2.538436e-10
730000,205,144,0,2.4378097e-10,7.6787795e-12,4.9906894e-13,9.120668e-19,4.1319132e-20,7.3401715e-11
730000,342,199,0,1.1341821e-09,4.889732e-12,4.4612985e-27,0.0,1.4267629e-19,1.3829495e-11
730000,301,165,0,1.6333603e-10,1.4182088e-11,6.588691e-11,2.6349253e-12,2.7584909e-13,7.6614076e-11
730000,315,276,0,3.5592282e-12,3.807475e-12,1.1799405e-16,3.520379e-27,1.872954e-22,1.5661296e-13
730000,439,472,0,-1.375314e-12,8.2025026e-11,7.9790514e-12,1.6108818e-14,1.1386173e-13,5.123992e-10
730000,230,92,0,7.261522e-10,3.8954074e-12,2.3127205e-16,3.474144e-26,9.7916694e-26,6.4943835e-11
730000,427,115,0,2.6500984e-11,5.9327494e-11,2.0715554e-14,8.794563e-22,1.2370491e-10,1.6557834e-10
730000,374,191,0,7.32383e-11,1.587099e-11,2.081208e-14,8.0975383e-22,7.584187e-15,9.003541e-14
730000,320,287,0,8.4033594e-13,1.42441866e-11,7.279345e-24,5.594e-40,3.0652805e-15,2.5611418e-12
730000,66,308,0,4.5249334e-12,3.6481094e-13,1.10991253e-16,3.008555e-26,1.4915002e-33,1.14098925e-10
730000,72,455,0,2.0918134e-11,6.995839e-11,2.7545422e-13,1.0848126e-18,1.9185697e-13,1.7379544e-10
730000,41,307,0,-4.811673e-13,3.126245e-11,3.2396347e-10,9.831426e-11,1.284883e-10,1.3223073e-10
730000,126,416,0,6.084049e-10,2.9601578e-11,2.6200238e-11,1.0456641e-12,7.2380104e-14,1.8624868e-10
730000,389,19,0,-1.2262337e-12,5.5612112e-11,7.446667e-13,7.050933e-18,2.7704936e-10,1.7853814e-10
730000,26,31,0,-1.0241136e-12,4.667203e-11,2.2096441e-11,1.2307966e-13,4.7932166e-12,3.5550413e-10
730000,36,91,0,-1.2906968e-12,5.152493e-11,2.760164e-11,1.5393296e-13,2.3381607e-11,7.04414e-10
730000,437,481,0,-1.5281829e-12,1.1485497e-10,1.619405e-11,1.6086463e-13,3.6334095e-11,3.4241407e-09
730000,473,145,0,2.4457522e-12,6.874244e-11,6.479711e-14,2.5193495e-20,3.4375297e-10,1.4432938e-10
730000,358,443,0,5.0752905e-11,6.4168455e-11,8.841139e-14,6.1262818e-21,3.0846736e-10,1.3801807e-10
730000,33,2,0,-1.8960903e-13,7.70356e-12,1.9754454e-18,4.1059612e-32,1.9380095e-20,2.2952693e-10
730000,481,276,0,-8.238033e-13,6.086833e-11,1.0012038e-12,9.789506e-18,2.2746206e-15,3.84766e-10
730000,496,453,0,-2.621319e-13,4.5552565e-11,8.719577e-12,3.0600437e-14,2.7716446e-10,1.0475098e-10
730000,426,449,0,2.6752298e-11,3.471378e-11,9.106465e-11,1.0332546e-11,2.2114467e-12,3.9153392e-10
730000,249,0,0,-4.4797982e-13,5.171011e-12,2.4974207e-12,5.0765533e-17,1.0936471e-20,3.5142422e-09
730000,339,43,0,2.0761353e-12,5.7193413e-11,8.314743e-12,7.9132766e-15,3.31503e-12,1.7298195e-10
730000,465,153,0,3.8966855e-12,8.268307e-11,1.2947048e-13,1.17059515e-20,4.2129307e-11,3.888411e-10
730000,427,119,0,3.716887e-11,4.3175324e-11,3.164141e-16,1.5197709e-25,1.5498658e-13,3.3628186e-10
730000,60,9,0,-7.9800565e-13,3.753322e-11,3.590857e-12,3.665237e-16,4.8126303e-13,2.7574698e-10
730000,229,13,0,-8.328391e-13,7.947455e-11,4.54263e-11,1.9121846e-11,3.579844e-10,1.5825538e-10
730000,455,337,0,-3.9607833e-13,1.2369882e-11,5.523788e-13,9.42054e-18,3.2367482e-21,2.0919146e-10
730000,442,422,0,6.052971e-13,5.7425828e-11,7.6055495e-15,8.768796e-23,2.641078e-10,2.681825e-10
730000,14,345,0,-8.463112e-13,3.2126465e-11,7.847198e-15,1.9458751e-22,2.4247037e-12,1.4366863e-10
730000,346,455,0,8.036912e-11,4.9467607e-11,1.3984413e-11,6.1821926e-14,1.6711164e-11,1.3564372e-10
730000,61,76,0,9.809773e-13,3.401933e-11,7.117726e-11,1.9624824e-11,1.0480595e-11,1.780983e-10
730000,57,391,0,6.1423017e-10,2.6688967e-11,3.1090235e-17,2.2163775e-28,1.3191253e-14,7.271171e-11
730000,354,7,0,-8.458248e-13,4.5127076e-11,2.8502023e-15,3.7911424e-24,1.4678654e-12,3.0900922e-09
730000,360,485,0,-6.1442247e-13,4.5902095e-11,1.1741812e-13,4.2002238e-20,9.0456065e-14,2.0015635e-10
730000,24,354,0,-9.225641e-13,4.242583e-11,3.012704e-11,2.025446e-12,4.106512e-13,2.851132e-10
730000,490,295,0,-6.4575016e-13,1.121682e-11,4.782881e-13,1.026557e-18,3.3870184e-21,2.2465809e-11
730000,467,436,0,-8.0094796e-13,2.6594425e-11,3.4622643e-09,7.191878e-10,1.1532664e-09,3.879832e-11
730000,475,8,0,-1.4578574e-12,1.3601684e-10,6.173108e-11,1.9699428e-11,6.3935324e-10,3.3828194e-09
730000,120,473,0,-4.733452e-13,3.2117434e-11,8.702978e-14,3.7669395e-20,5.039894e-11,2.3091938e-10
730000,473,302,0,-2.8091602e-13,3.6582345e-11,5.3932713e-12,2.7867863e-15,1.2630592e-15,3.628912e-10
730000,464,46,0,2.0446508e-13,6.939907e-11,4.650001e-11,1.0574921e-12,6.0260804e-14,4.418607e-10
730000,391,485,0,-1.1813836e-12,7.5102535e-11,3.420321e-14,2.1805981e-21,4.0300803e-13,3.8856068e-10
730000,17,47,0,-1.138471e-12,5.4946946e-11,5.02142e-12,6.891869e-16,6.7875635e-17,2.8422054e-10
730000,0,286,0,-1.0838768e-12,5.887434e-11,1.13321204e-13,1.1521816e-19,3.2247692e-12,2.2908574e-10
730000,74,18,0,-7.542149e-13,6.7250434e-11,3.2496398e-11,1.6866905e-13,1.0278451e-10,3.3369402e-10
730000,42,160,0,-1.0875482e-12,4.655549e-11,1.161461e-11,1.7592774e-14,3.310646e-13,3.7390302e-10
730000,476,498,0,-7.067581e-14,2.1621613e-12,2.5061852e-11,7.236614e-14,7.325707e-16,1.9140915e-10
730000,117,260,0,4.152127e-11,1.005565e-14,8.376945e-19,6.251439e-31,1.25196e-40,3.4767914e-11
730000,274,463,0,1.9700654e-11,8.834269e-12,2.8850831e-11,1.6551292e-12,1.284128e-13,1.1814177e-10
730000,85,97,0,1.1043276e-11,7.65596e-11,1.0069298e-13,1.5035063e-20,2.1883788e-11,1.0055209e-10
730000,385,421,0,9.119088e-12,3.6122133e-11,2.2616713e-12,1.606823e-16,6.2046802e-15,1.8810804e-10
730000,10,473,0,-1.0986821e-12,9.9647124e-11,2.8867944e-11,1.0692987e-12,5.8647426e-10,5.905913e-10
730000,234,427,0,2.2075803e-11,2.1508984e-11,3.6266242e-12,2.4565758e-15,3.838829e-17,2.097286e-11
730000,69,59,0,4.5947543e-12,2.505433e-11,3.612361e-11,1.949953e-13,5.504376e-15,3.309083e-09
730000,410,170,0,1.5171595e-10,8.617365e-12,8.649988e-13,1.1174145e-17,2.064191e-21,4.9931094e-11
730000,37,371,0,3.1400416e-12,3.2673603e-11,3.462264e-09,7.191878e-10,1.2036674e-09,1.05067975e-10
730000,7,467,0,-9.911101e-13,7.841998e-11,4.8357103e-11,6.497499e-13,2.5714132e-11,3.2982897e-10
730000,489,134,0,-8.0011063e-13,5.334611e-11,7.4669325e-12,3.5600265e-15,8.319996e-12,2.6822858e-10
730000,215,53,0,-1.06017e-13,5.9207613e-12,2.9548215e-11,1.9719012e-12,3.8324733e-13,1.4624087e-10
730000,488,394,0,-8.293595e-13,5.013547e-11,3.9217238e-10,3.5441888e-10,1.2590217e-09,2.682882e-10
730000,21,282,0,-7.3160895e-13,4.7931714e-11,6.264273e-19,1.4998911e-32,2.8295633e-10,5.6523317e-11
730000,366,3,0,-9.892733e-13,3.295132e-11,3.508405e-09,7.24671e-10,1.1545792e-09,3.549924e-10
730000,368,17,0,-1.1757945e-12,6.165376e-11,1.218837e-11,4.4763204e-14,2.8115804e-13,3.7492912e-10
730000,14,479,0,-1.0967972e-12,5.863171e-11,8.471051e-12,1.9738543e-14,1.4469086e-16,2.701505e-10
730000,18,212,0,-4.2188e-13,1.897715e-11,6.0163395e-11,1.6877242e-12,2.39512e-13,1.3222555e-10
730000,448,334,0,-4.0157873e-13,3.9082817e-11,2.8766019e-11,2.0254141e-12,6.6222375e-13,1.972784e-10
730000,434,10,0,-1.9143365e-12,1.1156556e-10,4.3004468e-11,1.0671026e-11,8.4115465e-11,3.375982e-09
730000,432,407,0,3.7463324e-13,5.1009506e-11,2.9174666e-11,8.0013876e-13,2.99906e-13,3.4387828e-09
730000,318,402,0,9.9077364e-11,5.000043e-13,1.5943101e-11,1.6086598e-13,3.3046237e-15,6.109813e-11
730000,447,252,0,8.7254665e-12,2.924771e-11,6.044922e-12,3.9599786e-15,3.6471977e-15,2.3569607e-10
730000,237,480,0,-6.4455657e-13,3.249104e-11,1.927249e-17,1.2712689e-28,4.9413564e-12,3.488419e-10
730000,458,461,0,-9.8732e-13,3.9681657e-11,1.27395134e-11,2.3973907e-14,3.6932362e-16,3.5866699e-10
730000,199,458,0,-9.2711524e-14,4.748216e-11,5.415077e-13,2.1734402e-17,3.3454094e-11,1.1316958e-10
730000,487,399,0,-8.6937093e-13,7.938484e-11,3.5549608e-09,7.304472e-10,1.1828577e-09,2.7277286e-10
730000,0,474,0,-1.0711587e-12,2.4604544e-11,2.488811e-10,1.135512e-11,2.5397067e-12,3.6294986e-10
730000,1,281,0,-1.0182907e-12,5.0622624e-11,5.663639e-17,2.940707e-26,8.664564e-15,1.1708039e-10
730000,10,208,0,-3.649193e-13,1.4193404e-11,1.3181469e-12,1.3701191e-17,1.5555823e-17,3.23747e-09
730000,457,114,0,3.057571e-11,3.5792497e-11,1.3965718e-15,1.430873e-23,1.9300153e-13,3.3631469e-09
730000,350,62,0,1.1897945e-10,6.073692e-11,7.6052554e-13,2.9853934e-17,1.7496141e-12,7.590042e-11
730000,294,42,0,3.1420297e-11,5.7804712e-11,4.4598217e-11,4.9355684e-12,1.1449898e-12,3.4727984e-11
730000,416,485,0,-1.3806732e-12,2.4961807e-11,3.2079228e-11,1.7618753e-12,2.9492847e-13,2.6257013e-10
730000,444,388,0,-1.0279237e-12,5.321422e-11,2.2177232e-11,2.1776568e-13,1.9885154e-14,9.6307046e-11
730000,473,49,0,-1.2940152e-12,9.7713934e-11,5.0105237e-12,1.4864776e-15,5.7074766e-12,3.529547e-10
730000,483,369,0,-7.561033e-13,3.0842617e-11,1.9732538e-12,4.3494252e-17,1.3149302e-16,1.0070873e-09
730000,429,166,0,1.3838559e-11,3.4528515e-11,2.9130108e-11,1.9990225e-12,4.0132928e-13,1.012708e-10
730000,480,330,0,-6.220838e-13,4.1364585e-11,6.483628e-15,2.447709e-22,2.3154662e-12,1.8918242e-10
730000,468,143,0,9.908094e-12,5.8133436e-11,7.273766e-13,6.7884703e-18,1.6338646e-15,1.9401984e-10
730000,8,193,0,-5.806866e-13,2.9017637e-11,3.8241563e-12,1.2661781e-16,7.4934406e-16,3.384032e-10
730000,46,491,0,-1.0405109e-12,7.6677976e-11,1.5241447e-11,2.0342237e-14,1.0386667e-12,4.2896697e-10
730000,145,485,0,-5.279802e-13,3.3486547e-11,4.92456e-14,4.9021647e-21,1.60648e-19,3.1428158e-09
730000,102,490,0,-7.546617e-13,2.9039375e-11,3.4623158e-09,7.191878e-10,1.1544059e-09,3.2418757e-10
730000,47,42,0,-9.111205e-13,5.6557536e-11,1.1406544e-12,1.5660873e-17,5.2393798e-11,3.3924055e-09
730000,491,193,0,-1.0390421e-12,5.5084406e-11,4.6623798e-15,1.8732878e-23,3.5139276e-12,2.9242106e-10
730000,420,160,0,2.7896543e-11,6.519906e-11,5.561144e-11,4.1196256e-13,4.6063688e-11,5.1677936e-11
730000,484,497,0,-1.02052664e-13,3.7374418e-12,9.3680896e-11,1.1378855e-10,6.3317696e-10,3.8890158e-10
730000,17,433,0,-5.399674e-13,2.088228e-11,3.7547767e-11,3.0212326e-13,5.336136e-15,3.4546366e-09
730000,257,62,0,1.0739072e-11,7.413155e-12,1.0940127e-16,4.793157e-27,1.0463229e-21,1.359455e-10
730000,38,428,0,2.6543677e-11,6.8778344e-11,1.6373344e-11,4.3209112e-14,8.320783e-14,3.1801437e-09
730000,41,443,0,1.852065e-11,5.877691e-11,8.101131e-11,9.323594e-12,3.9037987e-12,5.660962e-10
730000,85,431,0,2.3969435e-10,4.499128e-11,2.9465343e-15,4.92434e-24,2.3154254e-12,3.1018659e-09
730000,10,19,0,-6.7507127e-13,4.200555e-11,7.02769e-11,1.0200985e-11,8.8800425e-12,8.0756324e-10
730000,485,331,0,-6.855215e-13,4.1112832e-11,4.7854593e-14,1.0214703e-20,3.340011e-15,2.0176479e-10
