mcsteps,xCOM,yCOM,zCOM,il8,il1,il6,il10,tnf,tgf
480000,170,80,0,1.9807294e-09,1.9618715e-11,1.8893618e-19,7.6750994e-30,6.164846e-20,8.960505e-11
480000,217,214,0,1.9774824e-09,1.3093446e-12,1.7789428e-11,2.8007727e-14,2.177963e-16,7.612232e-19
480000,289,163,0,1.9794801e-09,2.7799178e-12,3.01616e-19,2.3436618e-27,1.8045742e-23,1.4260376e-13
480000,413,269,0,2.4221178e-09,3.5272976e-11,4.2899986e-31,0.0,1.461773e-14,8.114302e-12
480000,414,200,0,2.015159e-09,2.4832652e-11,9.617995e-16,3.1018377e-22,2.4081122e-19,6.3292754e-15
480000,197,139,0,1.9899857e-09,1.0797999e-11,1.478454e-13,3.152322e-18,1.9473541e-20,1.6460597e-10
480000,378,208,0,1.9780384e-09,1.2582983e-13,9.977015e-18,2.8999885e-28,9.707273e-34,2.1381417e-11
480000,155,198,0,2.449194e-09,3.132075e-11,1.1011e-41,0.0,8.9451146e-17,1.6969486e-15
480000,397,297,0,2.0272777e-09,9.812199e-12,1.05434226e-22,2.9471445e-38,5.3539495e-20,1.0416767e-10
480000,409,184,0,2.0158932e-09,5.2695074e-11,3.2470216e-18,7.685786e-27,2.2977136e-14,8.6267e-12
480000,336,94,0,2.0585227e-09,2.975783e-11,5.9531203e-15,1.3337295e-22,3.3953045e-14,4.487156e-12
480000,438,279,0,1.9829538e-09,1.5689495e-11,7.153184e-11,1.6095244e-12,1.3219559e-13,1.4235547e-10
480000,307,245,0,1.9772095e-09,2.8762796e-11,1.9833698e-27,0.0,3.3788983e-16,3.386896e-11
480000,352,156,0,2.016039e-09,2.5638226e-11,2.1247374e-13,5.516174e-18,1.3185205e-15,3.6218584e-16
480000,175,364,0,2.1155955e-09,7.342133e-14,2.946143e-22,4.0376146e-34,1.7085583e-33,9.940417e-14
480000,312,359,0,1.9823714e-09,2.4613166e-11,8.741866e-15,2.4342786e-22,2.1819467e-15,5.3319367e-12
480000,258,315,0,1.9839765e-09,2.0512333e-14,6.8368674e-35,0.0,1.65e-43,1.2694752e-12
480000,390,112,0,1.9799464e-09,2.015324e-11,3.5146072e-12,5.341292e-16,1.9443612e-17,1.3777172e-10
480000,84,355,0,2.0841107e-09,4.1748053e-13,1.7910334e-14,1.0416032e-21,1.755627e-27,9.940316e-12
480000,138,255,0,1.978156e-09,2.0597067e-13,3.3469104e-37,0.0,1.1061911e-28,4.6217106e-12
480000,113,137,0,1.977042e-09,2.8083248e-11,1.4970334e-12,1.8384358e-16,2.5324817e-11,6.946521e-12
480000,141,300,0,2.021045e-09,3.3642314e-12,2.9674092e-22,1.7571612e-38,9.197907e-22,6.3052185e-12
480000,434,65,0,2.0397617e-09,2.50577e-11,6.7568014e-11,2.749231e-12,2.955087e-13,1.5981394e-10
480000,167,372,0,2.106599e-09,1.2462468e-13,4.3572047e-25,1.3e-44,7.889442e-34,4.988947e-11
480000,214,283,0,1.9815634e-09,6.6685034e-14,0.0,0.0,6.269856e-39,5.6559883e-12
480000,90,213,0,1.9924793e-09,7.8103175e-12,6.9687687e-29,1e-45,2.5015436e-22,2.089966e-12
480000,327,125,0,1.9939723e-09,1.11721335e-11,1.2406306e-13,1.3282329e-19,1.8154777e-21,3.1697103e-11
480000,270,364,0,1.9901807e-09,1.1960886e-11,1.7445225e-14,8.0636736e-22,2.1212658e-16,4.4422674e-11
480000,210,112,0,1.98464e-09,1.2753237e-15,2.0660825e-21,7.607507e-36,1.75e-43,5.024212e-13
480000,412,292,0,2.0483508e-09,1.648809e-11,1.5232763e-15,4.662409e-24,1.4699907e-18,9.209478e-11
480000,353,87,0,2.092038e-09,1.5627004e-12,1.5978996e-19,1.213988e-31,1.893386e-27,3.159891e-11
480000,142,318,0,2.0077855e-09,1.3779878e-11,1.0767859e-17,2.3193895e-27,1.7415306e-20,6.623152e-11
480000,284,205,0,2.01211e-09,2.3402485e-11,5.3053808e-31,0.0,2.1475678e-15,8.793524e-12
480000,294,191,0,2.013712e-09,2.9262766e-11,4.6003e-41,0.0,2.3506818e-15,6.981565e-12
480000,247,87,0,1.9999267e-09,5.540288e-12,5.881293e-24,4.631e-42,3.6826697e-25,2.4225339e-11
480000,124,402,0,2.0512645e-09,8.608004e-12,2.6986488e-20,3.6996143e-33,1.29268e-20,1.1395888e-10
480000,237,303,0,1.9852031e-09,1.7350873e-12,3.3752954e-29,0.0,4.0136346e-25,1.081625e-15
480000,406,90,0,1.9868975e-09,4.770539e-11,1.6734825e-16,2.4842857e-26,5.5757617e-14,6.0613306e-11
480000,121,416,0,2.0419122e-09,1.2899704e-11,7.3187886e-13,6.567143e-18,5.968799e-22,3.842498e-11
480000,337,200,0,2.2052453e-09,2.8807947e-11,1.1013201e-36,0.0,1.0782307e-11,1.8606514e-15
480000,96,73,0,1.9778006e-09,5.471671e-11,1.6801784e-16,4.1883796e-26,9.2758334e-14,1.0848378e-10
480000,318,387,0,1.9800546e-09,1.3590688e-11,3.3736668e-20,3.8029563e-34,1.0767018e-19,5.06314e-11
480000,175,139,0,1.988729e-09,3.3820197e-11,1.4160324e-21,4.75333e-36,6.1957535e-13,8.3995366e-11
480000,150,197,0,2.5601592e-09,4.1273087e-12,4e-45,0.0,2.4794198e-24,2.2370123e-13
480000,80,421,0,2.1047666e-09,2.9526895e-11,3.9024671e-16,6.482467e-26,2.5554372e-18,1.07378294e-10
480000,211,338,0,2.0392457e-09,5.940762e-11,1.4137558e-29,0.0,4.073373e-15,3.7510543e-17
480000,137,383,0,2.0227982e-09,2.7473043e-11,2.1276399e-11,4.1798687e-14,7.720541e-16,3.7845678e-11
480000,84,410,0,2.0913842e-09,1.0151665e-10,9.859456e-13,9.7984565e-18,1.8942484e-10,1.085272e-10
480000,128,368,0,2.1568551e-09,3.07047e-11,7.687318e-23,1.9358507e-38,5.7435593e-15,5.138286e-12
480000,345,201,0,2.2054356e-09,7.252697e-13,1.426162e-28,0.0,6.5862806e-27,1.2499789e-17
480000,187,277,0,1.9825175e-09,5.2523085e-13,0.0,0.0,2.7296807e-29,1.2975071e-17
480000,82,343,0,2.1410866e-09,4.303827e-11,8.854342e-12,5.5593017e-15,6.970788e-16,1.0934258e-11
480000,59,395,0,2.0537692e-09,4.4359006e-11,8.040011e-23,1.1569479e-36,7.1780113e-16,4.2987853e-11
480000,339,428,0,2.0592783e-09,9.420045e-12,3.5610902e-12,3.4495798e-16,2.4654806e-19,7.168024e-11
480000,352,314,0,1.9776887e-09,1.3296068e-12,2.903721e-15,2.1659813e-22,9.200057e-28,1.4749993e-11
480000,192,347,0,2.0364632e-09,5.2619974e-11,2.946143e-22,4.0376146e-34,1.5116938e-14,3.9682176e-14
480000,90,331,0,2.0473965e-09,2.6081865e-12,1.0241573e-18,8.354807e-31,1.335212e-26,5.058661e-13
480000,210,354,0,2.118985e-09,3.7295705e-12,3.356135e-30,0.0,5.6311877e-24,1.7871683e-11
480000,254,221,0,1.9775397e-09,1.5915231e-11,1.4633096e-14,5.607766e-22,1.9541668e-15,1.0674657e-13
480000,247,110,0,2.005023e-09,1.8781728e-11,9.151872e-26,0.0,1.04737245e-16,1.6322436e-11
480000,68,262,0,1.9839697e-09,6.2364315e-11,1.3823842e-14,2.8655197e-22,2.0645482e-16,7.292126e-11
480000,408,271,0,2.4290339e-09,4.400135e-11,1.5027563e-27,0.0,9.387178e-12,1.0416542e-11
480000,354,360,0,1.9778776e-09,1.5901608e-11,3.4799117e-20,6.289975e-33,6.3813245e-17,5.0767196e-11
480000,55,408,0,2.05902e-09,5.9413245e-11,4.2936555e-16,2.0922258e-24,1.5306664e-19,2.029689e-12
480000,337,441,0,2.0592155e-09,3.9346318e-11,3.4665253e-15,5.375045e-23,1.543808e-17,8.1491786e-11
480000,249,131,0,1.9914175e-09,1.12794635e-11,4.9570977e-30,0.0,7.938498e-20,2.6303444e-11
480000,122,291,0,2.0766204e-09,2.3249267e-11,1.8309996e-16,1.7662274e-24,1.8983734e-17,2.156619e-12
480000,265,441,0,1.9766757e-09,6.661768e-11,1.4271796e-15,1.8889588e-23,1.3308482e-15,7.565701e-11
480000,109,292,0,2.0649913e-09,4.055511e-11,2.5846093e-11,9.645809e-14,1.3508447e-14,1.493795e-11
480000,227,94,0,2.0012199e-09,2.1947203e-12,3.942474e-20,1.4211699e-30,5.799256e-26,4.2144305e-12
480000,340,168,0,2.0149964e-09,3.871253e-13,1.4831524e-18,1.086301e-29,2.465851e-33,4.6198814e-13
480000,289,374,0,1.9934554e-09,1.2315889e-11,4.0228664e-18,2.1830731e-28,1.4997635e-19,2.2628678e-11
480000,193,311,0,1.979017e-09,6.2414634e-16,1.43311e-40,0.0,0.0,1.6834359e-22
480000,212,418,0,1.9772741e-09,3.1082423e-13,8.894301e-18,5.334592e-28,4.4527786e-25,1.1806485e-10
480000,202,365,0,2.0829012e-09,1.2247686e-12,9.4697e-27,0.0,4.120906e-28,8.9045476e-13
480000,63,433,0,1.995831e-09,6.221909e-11,1.4772104e-11,4.8809054e-14,2.2365414e-15,6.432684e-11
480000,119,338,0,1.9864708e-09,2.7954054e-11,1.200888e-16,1.0684344e-26,2.443676e-13,1.7669285e-13
480000,90,192,0,1.990973e-09,3.9111273e-11,1.2506494e-13,5.1313522e-20,1.2500643e-17,4.0857095e-11
480000,147,93,0,2.1357953e-09,2.8948434e-13,5.6029546e-13,1.37557845e-17,3.545505e-21,1.8330603e-11
480000,182,249,0,1.9793898e-09,1.4458223e-11,2.6540276e-38,0.0,7.256183e-17,3.172521e-20
480000,346,76,0,2.0773614e-09,4.1767773e-11,1.0453862e-12,9.417901e-17,2.2917306e-14,3.2226125e-11
480000,359,392,0,1.9772302e-09,6.52078e-11,4.448315e-12,1.8173242e-15,3.985528e-14,2.896207e-11
480000,87,276,0,1.987611e-09,1.4100285e-11,2.0034476e-16,2.5127779e-25,1.1324305e-21,4.9899012e-11
480000,404,256,0,2.0743687e-09,4.7028225e-11,7.114821e-19,1.5053833e-28,1.1985604e-13,4.312456e-13
480000,135,222,0,2.027575e-09,1.6334735e-12,4.795433e-34,0.0,7.3233135e-28,6.865302e-12
480000,380,155,0,2.0357909e-09,1.5764964e-11,2.3314678e-17,5.558063e-28,6.381325e-17,1.0233103e-11
480000,444,131,0,1.9769113e-09,4.2739066e-11,1.2155133e-12,1.5217635e-17,1.4688582e-11,3.6508678e-11
480000,165,402,0,1.9797408e-09,2.5259073e-11,4.9754995e-15,2.0289405e-23,6.872802e-16,5.759001e-12
480000,141,194,0,2.2125342e-09,2.0539992e-11,0.0,0.0,7.8430704e-14,4.105422e-11
480000,341,110,0,2.0359474e-09,4.3161457e-11,1.0657545e-18,7.3914713e-31,5.1391606e-13,6.280103e-11
480000,119,223,0,2.0236195e-09,4.2032308e-11,1.2685575e-25,3.8791106e-38,2.2376972e-16,1.1644931e-10
480000,409,435,0,1.97642e-09,8.56869e-11,1.4521833e-18,9.7273335e-29,1.1876712e-11,1.0998326e-10
480000,126,66,0,1.9781454e-09,6.387507e-11,2.5685866e-16,6.4804904e-25,3.5753975e-16,1.4817245e-10
480000,301,62,0,1.976456e-09,7.406293e-11,5.4809772e-12,1.1153938e-15,8.3113177e-13,2.4473264e-11
480000,141,101,0,2.13187e-09,2.8463846e-11,4.2046646e-17,2.9553645e-27,1.3940652e-15,5.069711e-12
480000,426,77,0,2.0469346e-09,4.0423165e-11,2.8554286e-12,3.693492e-16,2.0708766e-13,7.156005e-11
480000,322,327,0,1.9783057e-09,1.6518913e-11,1.3383208e-27,0.0,6.7600484e-18,6.423931e-12
480000,188,383,0,2.0047828e-09,3.375046e-13,4.743291e-34,0.0,7.2839337e-32,1.235072e-11
480000,119,363,0,2.1319482e-09,2.8905187e-11,6.318992e-24,5.061412e-39,3.0902455e-14,1.8012334e-15
480000,395,155,0,2.0339854e-09,2.2312487e-11,1.9177771e-12,7.052749e-17,1.5241173e-16,3.4151793e-11
480000,271,17,0,-1.163403e-11,2.2864304e-09,9.116759e-12,6.1702585e-15,4.1188084e-09,1.2426263e-11
480000,170,425,0,-3.7428107e-12,2.3112123e-09,5.318611e-12,1.3435399e-15,4.1188173e-09,1.498196e-10
480000,330,336,0,1.05892226e-10,3.1365852e-13,2.4591676e-37,0.0,2.1394655e-29,3.9990435e-11
480000,144,476,0,-4.7953124e-13,3.6248626e-11,1.4490626e-20,2.7597296e-35,3.0845172e-14,5.5846546e-11
480000,384,275,0,4.496444e-12,2.2822715e-09,9.480801e-11,1.8128004e-11,4.126172e-09,3.7305707e-11
480000,98,191,0,2.2342635e-10,2.2850712e-09,2.3000365e-18,1.0290232e-29,4.1188084e-09,1.5521931e-11
480000,297,434,0,-5.128348e-13,5.784996e-11,5.137465e-12,1.6298694e-15,5.6283196e-15,2.6550825e-10
480000,384,82,0,-1.4224296e-12,2.307457e-09,2.3109565e-12,7.156699e-17,4.119864e-09,1.665069e-11
480000,61,253,0,1.0609293e-10,2.2730162e-09,2.6567031e-18,1.8148337e-30,4.1188084e-09,5.704155e-10
480000,465,266,0,5.64639e-13,6.473129e-11,3.1902794e-12,4.5618754e-16,2.170754e-13,2.0997849e-10
480000,25,397,0,5.18138e-12,1.173406e-10,1.4082119e-10,5.615478e-11,6.988161e-11,7.18627e-11
480000,339,258,0,1.4203582e-14,4.4801978e-11,9.501442e-24,1.26092e-39,2.7524583e-14,6.581024e-16
480000,397,202,0,6.6064564e-11,2.958714e-11,1.4055796e-27,1e-45,1.8984548e-17,5.6491673e-12
480000,344,286,0,1.5044345e-12,8.1801736e-12,1.8435547e-15,1.2858526e-23,1.5581086e-21,1.1982192e-13
480000,20,188,0,-5.581186e-13,2.1280882e-11,1.6296423e-12,1.952688e-16,2.3509876e-15,1.7481527e-10
480000,472,429,0,-7.856152e-13,3.1647206e-11,1.381054e-11,1.2986846e-14,1.1403049e-15,9.808794e-11
480000,308,28,0,-3.3666077e-13,4.9288455e-11,2.0297632e-13,3.4151049e-19,4.0805998e-13,1.521347e-11
480000,157,94,0,2.086549e-10,2.7082989e-11,1.4036006e-10,4.790516e-12,5.0287037e-13,7.327324e-11
480000,196,142,0,6.3849626e-10,1.7514353e-12,9.0216e-12,8.654861e-15,5.968482e-17,2.2633881e-10
480000,448,239,0,-8.726088e-13,9.8246404e-11,6.513178e-14,2.8770983e-20,2.269804e-10,8.599742e-11
480000,59,4,0,-8.1750226e-13,3.482799e-11,6.0305008e-12,1.8190511e-15,4.1407565e-18,2.953693e-10
480000,331,429,0,3.0442113e-10,2.3873301e-11,7.3764345e-12,3.1234863e-15,8.574651e-18,2.787021e-11
480000,139,207,0,2.2118615e-10,5.8768853e-13,9.91e-43,0.0,2.5551846e-27,1.4473223e-11
480000,472,333,0,-5.36143e-13,2.2491498e-11,1.7262734e-15,4.2519725e-24,4.824109e-18,4.173406e-11
480000,408,56,0,4.981896e-12,3.0743654e-11,1.116096e-12,1.31886976e-17,2.5377375e-14,1.5669996e-10
480000,148,281,0,2.2137974e-11,2.1768776e-11,5.4783506e-34,0.0,1.0183411e-18,1.1410916e-13
480000,339,173,0,4.2783402e-10,2.4677567e-12,2.7594872e-22,3.4964042e-37,1.5153175e-25,1.5750878e-12
480000,369,57,0,1.0082275e-12,1.7456892e-11,6.245917e-13,5.92503e-18,3.1756074e-18,2.6486652e-10
480000,182,252,0,6.587652e-10,1.8901849e-11,7.572e-41,0.0,1.3093195e-15,4.8792574e-22
480000,246,65,0,1.0980777e-11,2.5059519e-11,2.39727e-24,9.70466e-40,1.2461128e-17,1.3116257e-10
480000,203,192,0,3.985896e-12,2.360719e-15,3.3974606e-27,1e-45,0.0,3.9927638e-11
480000,405,85,0,4.2043538e-10,5.0528196e-11,4.89247e-14,4.657643e-21,9.3871785e-12,4.016901e-11
480000,428,425,0,1.1980136e-11,8.827934e-11,1.0408434e-11,2.7781419e-14,2.1627441e-14,1.1131617e-09
480000,115,127,0,1.4891398e-10,1.2719544e-11,1.5353616e-18,2.4458337e-29,1.7415113e-20,8.363744e-13
480000,236,277,0,1.3439426e-11,1.7468306e-13,0.0,0.0,7.7718044e-33,3.5134022e-14
480000,191,293,0,7.4330236e-11,1.3227767e-14,0.0,0.0,5.736685e-39,1.1966147e-12
480000,287,340,0,2.5689709e-12,2.7935971e-11,2.8530677e-17,1.6612138e-26,1.0964811e-16,9.271455e-13
480000,25,30,0,-1.0819136e-12,6.99554e-11,1.7126179e-11,4.259809e-14,1.1009034e-11,5.3022003e-10
480000,32,283,0,-6.272919e-13,3.526381e-11,1.5170211e-13,7.508368e-20,1.2910841e-13,1.790381e-10
480000,317,38,0,1.0083596e-12,7.953506e-11,6.053165e-11,3.3061208e-12,2.427133e-10,5.194886e-14
480000,47,44,0,-1.010671e-12,7.855356e-11,2.3960974e-12,2.447792e-16,1.0060994e-13,3.340455e-10
480000,73,419,0,3.8009446e-10,1.4953622e-10,1.076385e-12,3.0858816e-17,6.1216605e-12,7.377578e-11
480000,139,56,0,4.1090086e-11,2.0714309e-11,3.4925653e-11,9.9561953e-14,1.2008722e-15,4.9295044e-11
480000,19,75,0,-1.8447526e-12,1.4852143e-10,3.1036726e-10,4.9714042e-11,3.3843792e-11,1.02545035e-10
480000,409,235,0,1.3220295e-11,9.27757e-12,6.7452414e-15,6.52502e-22,6.5846378e-24,1.5615004e-11
480000,390,410,0,-1.7020548e-13,9.8660115e-11,4.0834114e-13,6.9248894e-17,2.0732607e-13,7.31907e-11
480000,198,426,0,4.3775993e-11,1.0854119e-12,1.4527714e-21,1.1579271e-35,3.2329134e-30,4.346777e-11
480000,113,387,0,4.515987e-11,1.2614645e-11,1.0392531e-22,1.9165412e-36,1.2745222e-17,1.0120357e-10
480000,369,383,0,7.885255e-11,4.992272e-11,1.6751456e-11,7.9643106e-14,9.704469e-15,9.1484225e-12
480000,99,418,0,7.022741e-11,1.3047192e-11,1.7825321e-15,5.980681e-24,1.0649003e-20,1.710065e-11
480000,202,237,0,1.0745274e-11,2.0282246e-11,7.1379736e-19,2.0490774e-29,1.3159487e-14,8.5699045e-11
480000,101,54,0,2.1718903e-11,2.9212705e-11,3.8815288e-11,1.0006087e-12,1.0588471e-13,1.9006728e-10
480000,480,187,0,-1.2656416e-12,6.382438e-11,6.108774e-20,7.918752e-33,4.8456627e-13,9.7580534e-11
480000,21,292,0,-6.8974226e-13,1.2796366e-11,5.3162745e-18,3.5069105e-29,4.2965155e-18,9.395373e-11
480000,331,70,0,5.2834678e-11,1.5054236e-11,1.1838127e-12,1.5214565e-17,1.1767628e-16,8.830564e-12
480000,471,27,0,-1.587175e-12,1.4351347e-10,1.0423833e-12,1.4821581e-16,6.7012097e-13,2.6598765e-10
480000,19,319,0,-9.467349e-13,5.693191e-11,1.6482852e-13,8.531378e-19,2.7015183e-09,4.0352023e-12
480000,469,473,0,-9.460105e-13,5.570365e-11,1.614506e-10,9.102366e-12,3.2378965e-12,7.251237e-11
480000,411,149,0,3.6464318e-11,3.736868e-11,8.2458714e-13,1.664472e-17,9.176056e-13,1.4974463e-10
480000,74,162,0,4.9956418e-14,7.6944675e-12,3.0514107e-12,1.7896718e-15,1.1971211e-17,1.635481e-10
480000,304,25,0,-5.8452337e-13,2.8937326e-11,3.700415e-11,1.1660988e-12,1.4343698e-13,6.3465753e-11
480000,25,220,0,-2.95006e-13,1.2933231e-12,9.9413e-14,3.2105087e-19,2.1295139e-23,1.5455193e-10
480000,226,161,0,2.4485977e-13,2.9269551e-12,1.4008561e-24,2.25843e-40,3.5573855e-25,3.7649304e-11
480000,341,45,0,-7.944817e-14,8.87711e-11,3.5040252e-12,5.34128e-16,2.2440964e-10,1.600169e-10
480000,176,155,0,4.868927e-11,1.5792192e-16,2.6314568e-29,0.0,1e-45,3.7008558e-13
480000,48,215,0,-8.1325495e-13,3.38995e-11,1.0380138e-11,1.26110475e-14,2.2637006e-16,2.026655e-10
480000,198,125,0,1.0263822e-10,2.9264386e-11,2.4580168e-24,6.2901e-41,2.5377373e-14,1.2570195e-11
480000,365,84,0,1.1368606e-10,2.1703181e-11,1.8670964e-17,1.0202853e-27,1.9702557e-18,1.4671655e-12
480000,99,280,0,1.4462288e-10,4.405527e-11,2.671461e-11,1.0820692e-13,7.610397e-12,8.445222e-11
480000,257,258,0,-5.27067e-14,1.556571e-11,0.0,0.0,7.454705e-17,3.1738348e-17
480000,137,31,0,-3.0656134e-13,4.3480407e-11,3.2283846e-16,3.6195206e-24,4.6948888e-14,1.3064821e-10
480000,148,483,0,-6.2008113e-13,3.5071973e-11,3.4146673e-14,2.605518e-21,4.822523e-14,3.965692e-11
480000,134,366,0,4.0713305e-10,5.005406e-11,1.2377612e-23,2.1486097e-38,1.0553888e-12,3.2661148e-11
480000,384,175,0,3.021605e-11,5.6249096e-14,8.574583e-22,1.4157223e-34,1.4217348e-37,5.6826804e-11
480000,426,89,0,1.2697172e-10,1.4149418e-11,3.684665e-15,7.014796e-22,7.30615e-20,9.529196e-11
480000,213,58,0,-3.219814e-13,1.9411215e-12,7.974685e-14,9.0233055e-20,2.0770242e-24,1.0852002e-10
480000,150,158,0,1.0163611e-12,4.473196e-12,3.9416203e-33,0.0,2.1822919e-26,8.433771e-12
480000,286,251,0,1.1713372e-11,1.194266e-13,1.4166e-41,0.0,3.3892734e-23,3.9055804e-15
480000,489,362,0,-1.0087941e-12,5.2884207e-11,1.376024e-10,1.7904877e-11,6.827703e-12,9.607343e-11
480000,181,158,0,2.4268773e-11,1.1564935e-18,8.0332995e-27,1e-45,0.0,1.2614838e-12
480000,374,291,0,7.961476e-12,1.778891e-11,1.7955442e-12,6.1128025e-17,4.4767143e-18,4.5854302e-15
480000,463,486,0,-7.134655e-13,5.4385003e-11,3.6968255e-11,1.2068869e-12,1.8461601e-13,2.2218635e-10
480000,332,73,0,8.320563e-11,1.0055864e-11,8.234649e-14,3.8976065e-20,2.1107376e-22,1.1019798e-11
480000,360,436,0,1.7174958e-11,1.2397776e-11,9.971328e-15,2.0178993e-22,6.3767464e-23,7.6728554e-11
480000,290,25,0,-6.7296e-13,3.6217005e-11,2.2308477e-13,4.0658553e-19,9.176051e-13,1.1318084e-10
480000,431,232,0,-9.6552e-14,9.461856e-12,8.177696e-14,3.897786e-20,8.242946e-23,3.3283244e-11
480000,485,319,0,-6.356835e-13,2.912681e-11,2.2201914e-11,1.09222845e-13,7.7834007e-14,2.7545943e-10
480000,306,142,0,5.8989055e-12,3.4464334e-11,1.4907106e-14,1.9533254e-21,1.1282767e-12,1.7279347e-13
480000,292,74,0,5.521646e-11,3.55948e-11,1.3926736e-15,1.4380773e-24,2.5496195e-16,2.4661034e-11
480000,112,110,0,3.7233693e-12,2.5089994e-11,1.1563671e-19,1.7500295e-30,6.1228715e-19,1.5675235e-10
480000,17,169,0,-1.181882e-12,6.0973816e-11,9.616656e-11,5.249185e-11,7.670823e-11,7.339263e-11
480000,498,465,0,-1.0533313e-13,1.9034435e-12,2.5642468e-13,1.4897376e-18,1.9545723e-19,4.5991957e-11
480000,323,187,0,3.2858403e-11,1.0962741e-13,0.0,0.0,1.5412656e-29,5.0130924e-12
480000,141,401,0,7.485027e-11,4.6876468e-11,3.374402e-20,2.8289488e-34,1.5474393e-11,6.122229e-12
480000,256,299,0,6.5166345e-11,3.9207133e-13,0.0,0.0,7.071752e-33,5.071601e-19
480000,198,107,0,8.6552085e-11,4.486865e-12,2.5867646e-13,1.2540011e-18,3.783141e-21,2.9904107e-11
480000,57,63,0,-6.1344603e-13,1.157857e-11,6.767314e-13,5.6235543e-18,6.369364e-19,2.886048e-10
480000,412,184,0,6.981272e-10,4.7000615e-11,3.9790756e-17,8.777824e-24,1.0239074e-15,1.1130016e-11
480000,212,172,0,1.936349e-13,3.8780508e-13,3.4178802e-38,0.0,4.251206e-31,2.980507e-11
480000,474,355,0,-4.576074e-13,2.0654591e-11,4.6202293e-14,2.51429e-20,4.912425e-17,5.8073088e-11
480000,490,120,0,-1.1760458e-12,4.0132255e-11,1.4955266e-11,4.5502505e-14,5.0019794e-16,1.5346456e-10
480000,482,21,0,-1.2093418e-12,3.4397422e-11,6.4162868e-12,1.4786396e-15,2.5472036e-17,8.018019e-11
480000,220,234,0,1.7423616e-11,4.260861e-11,3.8300992e-13,1.3649345e-18,3.2432938e-15,3.9419672e-11
480000,235,164,0,9.851249e-14,9.0370344e-13,2.7974992e-24,1.3641948e-37,4.8371828e-29,3.0652555e-12
480000,261,483,0,-5.5380624e-13,2.1492735e-11,1.520255e-11,5.580511e-14,6.6207875e-16,6.939922e-11
480000,273,201,0,1.2110415e-10,1.8199867e-11,1.8536756e-24,2.421e-42,5.66662e-17,3.1201894e-15
480000,15,36,0,-1.3361041e-12,1.1179963e-10,6.774924e-12,1.2240392e-15,3.674819e-11,4.859543e-10
480000,291,274,0,1.0692069e-13,1.2120265e-12,4.4823557e-36,0.0,4.46164e-22,5.3607716e-17
480000,236,489,0,-7.4123124e-13,1.1894283e-11,1.0188209e-13,1.2975679e-19,1.331034e-21,7.256815e-11
480000,310,442,0,3.476074e-12,5.4512215e-12,1.5411392e-13,1.2227221e-19,1.4853173e-20,1.6458268e-10
480000,341,328,0,5.3582826e-11,2.1955788e-12,5.844852e-31,0.0,1.2715209e-25,2.5330774e-13
480000,153,281,0,1.2075756e-11,1.9237343e-11,1.4238037e-32,0.0,1.9914265e-19,1.5428632e-13
480000,213,226,0,9.131351e-11,2.5186727e-13,1.4515302e-15,1.02931606e-22,4.6203695e-28,1.7073044e-13
480000,415,414,0,1.1073586e-11,2.4797577e-11,5.94995e-11,3.4137296e-12,4.291319e-13,4.2709298e-11
480000,284,123,0,1.2889525e-13,1.4208438e-11,1.1407158e-11,3.4515048e-14,8.556255e-16,2.6245835e-12
480000,275,325,0,1.9553217e-11,1.4136477e-13,3.5791742e-33,0.0,4.3919456e-35,1.2504485e-12
480000,384,214,0,2.0850245e-10,4.1838906e-13,1.0462439e-26,1e-45,3.2389097e-30,4.7917965e-11
480000,496,487,0,-2.4661807e-13,7.1854495e-11,1.7992986e-14,5.062819e-21,1.605398e-11,1.9856604e-10
480000,470,42,0,-1.5988849e-12,6.77063e-11,1.23986784e-11,1.1824015e-14,1.29781905e-14,1.9094049e-10
480000,370,325,0,1.3764846e-11,4.93871e-11,2.4218757e-30,0.0,9.3872705e-12,4.010638e-12
480000,259,477,0,-4.901298e-13,3.7830582e-11,1.478708e-11,4.550055e-14,5.0676196e-14,4.9994772e-11
480000,169,458,0,-6.0769174e-13,6.925048e-11,2.0194438e-13,7.229102e-19,1.6933366e-11,6.863329e-11
480000,424,95,0,5.3734607e-11,2.005147e-11,2.7775354e-14,2.0598306e-20,7.9628387e-20,1.6163662e-10
480000,310,288,0,-2.6133747e-13,4.929784e-12,1.2082017e-31,0.0,1.8712504e-21,1.645311e-17
480000,496,368,0,-1.1096297e-12,4.5374753e-11,8.872037e-14,7.4927164e-20,2.351318e-15,2.4864635e-10
480000,348,367,0,1.8315266e-10,3.4583829e-12,4.5625925e-21,2.9890373e-33,1.0621658e-25,8.843217e-12
480000,135,260,0,3.5201428e-10,1.2941467e-13,5.6805877e-31,0.0,3.2291068e-29,2.5977408e-11
480000,290,373,0,1.0075678e-09,1.6540411e-11,3.7907446e-19,1.0252792e-30,8.956509e-19,1.4984783e-11
480000,164,320,0,1.3605356e-11,1.0634419e-13,1.29702714e-17,5.9541376e-29,1.8470699e-33,3.072508e-14
480000,485,80,0,-1.3606502e-12,1.0180672e-10,2.0121681e-13,2.6863916e-19,2.1985712e-10,2.0503221e-10
480000,348,65,0,1.3289697e-10,7.867988e-11,7.3134326e-13,6.5648416e-18,5.3251488e-14,7.755892e-11
480000,294,225,0,1.7630727e-11,7.438856e-11,9.3712e-41,0.0,7.424375e-12,5.52547e-16
480000,116,350,0,1.8991086e-10,3.330207e-11,7.5735214e-17,5.39114e-25,3.7766136e-13,1.0180013e-10
480000,233,428,0,8.342294e-12,1.64281e-11,3.3010397e-13,4.851787e-18,1.0501465e-18,6.0791407e-12
480000,137,273,0,3.9903907e-11,9.8307765e-11,3.9504786e-25,8.81e-43,5.4982386e-12,2.309916e-11
480000,448,485,0,-1.0461965e-12,3.289311e-11,2.4456544e-13,4.8179445e-19,5.674924e-17,7.065039e-10
480000,284,430,0,1.0373829e-11,1.2657327e-10,3.868533e-18,2.788453e-29,5.316131e-10,5.0987225e-11
480000,429,262,0,6.8193846e-11,2.6738391e-11,7.473928e-16,1.6430376e-23,6.618271e-16,3.1355483e-09
480000,447,291,0,5.5751865e-11,2.9818942e-11,4.8326428e-14,1.0321322e-20,2.443676e-13,3.1947631e-09
480000,370,21,0,-1.468945e-12,1.0242569e-10,4.9233583e-14,4.65834e-21,1.632682e-12,3.1648304e-09
480000,337,474,0,2.8852988e-14,7.41552e-12,1.0454709e-11,2.7781468e-14,6.109451e-16,4.5798275e-11
480000,123,185,0,2.031454e-11,2.4033828e-12,5.4603e-41,0.0,8.487224e-25,3.008464e-09
480000,193,444,0,-1.4389648e-13,2.4343954e-11,4.7937084e-14,1.6439184e-20,3.739873e-17,4.331045e-11
480000,298,460,0,-2.626691e-13,2.6345835e-12,5.740441e-20,5.011703e-33,6.612774e-26,3.05235e-09
480000,493,90,0,-9.232321e-13,2.4062561e-11,2.1789458e-13,2.7819108e-18,1.1767669e-16,3.2656033e-09
480000,52,357,0,8.6346506e-13,3.339299e-11,5.5029543e-18,2.2837224e-29,1.0312158e-11,3.222254e-09
480000,91,469,0,-1.0456178e-12,7.7273264e-11,1.2034097e-17,2.1445398e-29,9.197196e-13,3.043134e-09
480000,147,101,0,5.7203997e-10,1.2025657e-11,5.041173e-15,2.0296941e-23,3.849973e-20,4.6266935e-11
480000,485,16,0,-1.182948e-12,1.5632511e-11,4.5648707e-10,3.8172354e-10,9.616822e-10,2.104894e-10
480000,166,407,0,4.104138e-10,6.7826157e-12,1.09657136e-13,1.5453154e-19,1.0127069e-20,7.297513e-13
480000,76,101,0,-9.047749e-13,3.319528e-11,3.7011568e-17,3.2260765e-27,6.8846077e-19,6.105008e-12
480000,440,145,0,6.0677595e-11,3.872751e-11,1.6929009e-13,1.8207738e-19,4.673622e-18,5.828794e-11
480000,234,340,0,1.1463833e-11,1.707689e-11,3.7523274e-18,5.121514e-28,3.7601823e-18,1.499524e-17
480000,245,459,0,2.4235555e-12,4.919751e-11,4.3334758e-17,1.3664434e-27,1.6673992e-16,1.575641e-11
480000,460,101,0,-2.6958584e-13,3.0149973e-11,6.932754e-14,1.4158751e-19,8.931311e-16,1.6314111e-10
480000,64,417,0,1.9661965e-10,3.4467845e-10,3.7366766e-11,1.0837207e-12,2.5118754e-10,7.4876695e-11
480000,311,182,0,2.5448067e-11,3.8484407e-14,1.7052061e-34,0.0,2.6430194e-28,3.0791908e-12
480000,224,367,0,3.4621018e-11,1.0254906e-11,6.731398e-17,1.4329617e-26,5.2822213e-19,3.1811617e-12
480000,3,69,0,-9.495412e-13,6.5524156e-11,3.1083322e-12,7.365466e-16,2.850213e-09,3.439321e-10
480000,127,27,0,-3.901133e-13,1.4854033e-11,1.4765908e-16,9.195913e-26,2.4001253e-21,1.1759482e-10
480000,124,453,0,-3.6903924e-13,2.7602464e-11,4.1006316e-11,4.224947e-13,1.2981971e-14,1.1530527e-10
480000,417,75,0,2.2494755e-10,6.111034e-11,3.4136452e-13,7.068134e-19,3.296662e-13,1.0775326e-10
480000,26,89,0,-1.1592456e-12,5.5328797e-11,6.51593e-16,8.305642e-25,2.435802e-11,3.2018355e-10
480000,340,114,0,5.57047e-10,6.318687e-11,1.6967918e-15,3.6562733e-24,2.924756e-11,1.3007709e-10
480000,214,78,0,1.6369205e-11,3.705562e-12,1.2774627e-13,6.4723445e-20,2.6941169e-20,1.0893742e-11
480000,252,23,0,-6.4233373e-13,5.2810926e-11,1.856343e-12,2.7260895e-16,1.5186706e-11,8.21554e-11
480000,164,327,0,8.528935e-12,9.047406e-13,1.446503e-22,8.074193e-39,5.734998e-25,4.821418e-12
480000,178,132,0,2.643926e-10,6.365993e-12,4.965798e-22,1.5444575e-34,1.6884064e-22,2.7990208e-12
480000,439,395,0,-6.918778e-13,9.824744e-12,3.6540874e-12,1.115277e-15,2.6252481e-18,2.755349e-11
480000,83,498,0,-9.943091e-13,4.8641535e-11,4.153964e-15,5.203379e-22,5.44276e-14,3.8101192e-10
480000,431,8,0,-2.250163e-12,1.9132297e-10,4.2679883e-12,9.362948e-16,1.9947976e-12,1.1855482e-10
480000,387,208,0,1.9175499e-10,2.7189735e-11,5.452943e-25,7.05e-42,3.6138396e-16,2.0027625e-12
480000,48,470,0,-1.4593061e-12,5.413518e-11,7.967852e-14,5.14544e-20,2.0887832e-19,1.7864936e-10
480000,397,57,0,-1.0214523e-13,8.027734e-11,1.9425625e-18,1.2575079e-30,1.1319719e-11,3.788612e-11
480000,19,120,0,-1.172955e-12,7.093661e-11,1.9685307e-13,7.4506893e-19,1.6222428e-11,3.2445757e-09
480000,352,497,0,-5.0202263e-13,3.0572215e-11,4.9742996e-12,4.528941e-15,3.7022967e-15,3.2486038e-09
480000,26,363,0,-1.3307802e-12,1.843229e-10,2.0339193e-12,5.210174e-17,1.6916648e-13,4.1123167e-11
480000,215,45,0,-6.282438e-13,1.3732366e-11,7.273162e-11,2.756726e-12,2.955773e-13,1.2777793e-10
480000,141,198,0,7.811408e-10,2.0496937e-11,0.0,0.0,7.8430704e-14,3.414716e-11
480000,278,247,0,1.9645895e-12,2.2588219e-13,7e-44,0.0,5.321978e-32,4.5707064e-19
480000,91,226,0,8.6838384e-11,3.9105916e-11,2.7784527e-17,1.5821768e-25,8.5270766e-13,2.619207e-11
480000,112,336,0,2.78818e-10,1.19018745e-11,4.140733e-13,1.654002e-17,1.7042922e-17,1.1097594e-15
480000,439,247,0,7.121733e-13,8.1757184e-11,1.6480827e-12,3.605721e-16,2.3414819e-11,6.158466e-11
480000,188,63,0,5.380246e-12,3.1273806e-11,1.0396721e-10,1.766589e-11,6.8222064e-12,4.950169e-11
480000,155,44,0,-9.974871e-14,3.7776383e-11,8.323721e-20,6.338171e-30,2.0568288e-11,1.3526855e-09
480000,415,177,0,1.8987331e-10,5.6319453e-11,1.3352866e-19,9.99218e-28,1.4827559e-16,7.5083516e-11
480000,420,69,0,2.2028507e-10,1.13576114e-10,6.046899e-16,1.2549443e-25,1.2959086e-11,1.6646891e-10
480000,426,60,0,2.0876133e-10,2.3251593e-11,7.6620715e-12,1.2148118e-14,1.8195681e-16,7.99556e-11
480000,58,380,0,5.7700105e-11,3.8358344e-11,1.6070247e-15,2.223304e-22,9.174102e-16,2.099691e-11
480000,66,134,0,-1.1639703e-12,8.398056e-11,5.54282e-15,1.04268556e-20,2.618298e-10,3.0867626e-09
480000,211,204,0,1.1114194e-10,1.9197025e-12,2.2797638e-14,3.148393e-20,1.6435603e-24,6.2364855e-16
480000,23,391,0,-2.9958322e-13,3.985634e-11,1.434276e-12,1.2441884e-16,3.2962944e-13,3.0742133e-09
480000,369,423,0,1.5348371e-12,4.31587e-11,1.3995291e-14,1.0850018e-21,7.556919e-15,3.2854213e-09
480000,165,63,0,3.0938113e-11,4.894915e-12,9.036152e-16,3.2560488e-24,6.487296e-24,3.017831e-09
480000,40,273,0,8.059839e-13,8.983209e-12,4.523563e-16,6.83898e-25,3.688969e-19,3.0798324e-09
480000,21,418,0,-6.1349184e-13,2.1451773e-11,3.4279135e-11,3.8858128e-13,1.3503283e-14,3.232934e-09
480000,485,210,0,-7.910966e-13,5.0184384e-11,2.1514484e-18,5.8787394e-27,7.6434676e-16,3.0990874e-09
480000,117,116,0,1.492819e-11,4.7047668e-11,2.4535893e-26,1.4e-44,2.8262413e-11,3.0227285e-09
480000,402,233,0,-1.6943547e-12,2.3019935e-09,4.2541904e-15,3.8428676e-22,4.1291206e-09,8.560815e-11
480000,224,463,0,-5.023982e-13,3.18214e-11,4.8224103e-14,9.2966086e-20,2.5981791e-15,5.1676354e-11
480000,158,181,0,7.712272e-11,1.1306264e-12,0.0,0.0,2.9914406e-28,1.944278e-17
480000,172,339,0,1.8986855e-11,4.9083025e-13,7.245337e-17,1.2262664e-25,2.9800606e-31,1.0070926e-13
480000,29,311,0,-6.468536e-13,3.8066984e-11,6.150713e-18,7.4910887e-29,1.3629214e-12,7.228802e-11
480000,196,240,0,3.959034e-11,2.4263485e-11,4.2911493e-24,1.9268165e-38,2.9008437e-15,1.7045606e-12
480000,123,466,0,-3.9633753e-13,7.313466e-12,2.8426697e-13,9.15079e-19,2.684327e-20,6.013208e-11
480000,311,401,0,4.8871546e-11,5.0223996e-13,1.5154703e-13,7.508279e-20,5.054924e-25,1.3196728e-10
480000,419,292,0,3.1311853e-10,8.1079456e-11,3.133358e-15,4.099777e-23,3.1163464e-13,2.5638746e-11
480000,359,316,0,2.6402636e-10,1.0607709e-11,2.2237219e-20,1.1246466e-33,3.3434844e-21,2.537854e-13
480000,383,441,0,2.7300716e-12,1.7112823e-11,3.5611052e-12,3.4495798e-16,8.762015e-19,6.541098e-11
480000,195,204,0,6.5471513e-12,2.8480983e-12,3.2007946e-23,1.0836827e-38,1.111096e-22,2.9002382e-12
480000,47,477,0,-1.3415189e-12,7.287387e-11,3.18414e-11,2.842948e-13,2.6646523e-14,4.2766482e-10
480000,481,456,0,-1.0430018e-12,1.1646109e-10,1.7589918e-14,4.4169647e-22,2.7946626e-13,1.5349814e-10
480000,30,466,0,-1.2571477e-12,9.0231364e-11,1.1826905e-11,5.0993925e-15,1.6909263e-12,1.2442117e-10
480000,406,127,0,1.2603009e-11,5.6046764e-11,2.1022002e-15,7.609885e-24,1.8859558e-14,3.00531e-09
480000,412,102,0,8.5800284e-11,3.5946298e-11,5.398107e-12,6.0114377e-15,1.7128992e-12,3.17766e-09
480000,361,74,0,1.0749363e-10,9.225475e-12,2.1221408e-12,9.274717e-17,4.0490446e-20,2.9916023e-09
480000,297,109,0,-2.1529607e-13,4.7639157e-11,4.9636184e-18,4.8453873e-29,1.7202262e-15,3.05775e-09
480000,33,411,0,1.1014044e-11,7.32438e-11,2.9303998e-15,3.905641e-23,6.7393156e-13,3.1159282e-09
480000,56,70,0,-8.3109756e-13,5.7153674e-11,1.7667249e-14,9.681296e-21,1.4374336e-13,3.06968e-09
480000,252,27,0,-5.690605e-13,2.8422221e-11,2.174662e-15,4.311445e-22,1.461773e-14,3.1534033e-09
480000,415,94,0,1.7749516e-10,6.715704e-11,1.2567282e-17,7.344296e-28,1.024439e-15,3.0456289e-09
480000,395,97,0,1.3068305e-10,5.1064215e-11,3.217987e-11,3.884288e-13,6.3307893e-13,3.120805e-09
480000,405,392,0,-9.347324e-13,3.9150835e-11,4.3354743e-16,3.095369e-24,7.133096e-15,3.0086875e-09
480000,71,148,0,-6.257978e-13,8.323461e-12,1.0966407e-15,1.6811555e-23,4.223946e-25,2.9896008e-09
480000,41,204,0,-6.78644e-13,5.1096547e-11,1.0385756e-10,1.712994e-11,8.325677e-12,3.1502156e-09
480000,142,27,0,-4.783139e-13,2.0718318e-11,7.0447063e-16,2.2609519e-24,3.9472884e-20,3.1838827e-09
480000,497,413,0,-9.283868e-13,5.810404e-11,1.852117e-17,1.0476035e-28,1.8728623e-11,3.219146e-09
480000,474,488,0,-6.1575625e-13,6.680037e-11,3.6601226e-12,1.5602485e-16,1.1806733e-11,3.3297007e-09
480000,221,448,0,3.949614e-13,9.700261e-11,8.6457355e-13,2.6984139e-17,3.3964744e-09,2.9956904e-09
480000,1,204,0,-3.111665e-13,2.9554735e-12,3.4625258e-09,7.1918826e-10,1.1532664e-09,1.6043061e-10
480000,211,472,0,-5.274529e-13,2.1610958e-11,5.3863733e-13,3.4433467e-18,2.3505948e-15,2.9932747e-09
480000,474,348,0,-5.0843677e-13,4.460697e-12,1.4565229e-13,2.1662736e-19,2.3248509e-23,3.1029532e-09
480000,465,477,0,-8.735792e-13,2.5621555e-11,3.0059585e-12,2.6175526e-16,4.9881e-18,3.2489669e-09
480000,389,456,0,9.38057e-13,5.6699524e-11,1.371544e-12,2.526903e-16,2.5049619e-15,3.088796e-09
480000,57,116,0,-1.2594697e-12,4.535274e-11,2.0024467e-15,2.7685837e-23,8.424615e-16,3.0615894e-09
480000,294,423,0,-5.510747e-13,4.066259e-11,3.1169335e-14,5.438197e-20,1.2481206e-18,3.0011775e-09
480000,112,219,0,2.441894e-10,1.8975472e-11,1.6607367e-16,1.4160747e-22,5.2306836e-18,2.9900589e-09
480000,197,270,0,1.1704442e-10,5.138901e-16,2.5e-44,0.0,8.379766e-39,2.9890017e-09
480000,88,33,0,-5.5737674e-13,1.6196154e-11,9.410197e-13,1.2810095e-16,1.3213977e-16,3.597654e-10
480000,327,128,0,6.635096e-10,9.16285e-12,6.572362e-15,7.018888e-23,2.424324e-22,3.0424911e-09
480000,99,431,0,2.036536e-11,5.4546465e-11,6.987616e-18,1.3321957e-27,2.375042e-10,3.0967227e-09
480000,415,340,0,-4.7812156e-13,1.001071e-11,2.46027e-19,1.2862834e-31,1.6116235e-21,3.002192e-09
480000,498,447,0,-5.125103e-13,7.0546874e-11,1.02968144e-13,7.914804e-19,2.1507066e-10,3.033948e-09
480000,12,151,0,-1.5813951e-12,6.356035e-11,3.1575756e-19,6.0567734e-32,1.3838868e-15,6.7221095e-10
480000,371,283,0,1.6339994e-12,1.1637825e-11,5.8467657e-13,4.0736035e-18,2.742098e-18,2.9982088e-09
480000,196,60,0,2.7358202e-13,1.5486798e-11,1.1928933e-11,1.7597447e-14,1.432012e-16,3.1032215e-09
480000,84,337,0,5.562247e-10,5.6448658e-11,9.391606e-16,2.1360525e-24,3.1091799e-13,2.9908276e-09
480000,463,342,0,-3.7750635e-13,4.246155e-11,2.880198e-11,1.0250417e-13,1.5733465e-11,3.0159928e-09
480000,73,18,0,-9.601062e-13,9.202473e-11,3.6509726e-11,1.6536967e-13,2.653942e-10,7.833056e-11
480000,37,432,0,3.9412206e-12,7.258894e-11,2.1837724e-11,7.715108e-14,1.992396e-15,3.1114538e-09
480000,131,2,0,-7.30292e-13,4.5788245e-11,1.107693e-12,1.7056505e-16,4.030346e-13,3.092589e-09
480000,341,342,0,1.8938195e-11,2.2525844e-12,1.33675e-40,0.0,3.3220989e-25,2.9951743e-09
480000,110,467,0,-6.4485564e-13,1.6888034e-11,2.2032242e-11,9.567945e-14,1.0994886e-15,3.05702e-09
480000,214,429,0,1.226973e-10,3.678418e-13,4.364609e-19,8.3646315e-32,2.9551327e-26,2.990886e-09
480000,75,449,0,1.9261023e-11,2.4868382e-11,1.0749421e-13,1.6846055e-20,2.1861794e-19,3.086168e-09
480000,253,91,0,2.8962496e-10,1.4963046e-13,1.6347251e-17,1.1533182e-28,7.341828e-35,3.0445169e-09
480000,99,114,0,2.0648435e-12,1.3381403e-10,1.1457722e-22,7.786636e-38,2.1510078e-10,3.0040315e-09
480000,465,372,0,-7.401276e-13,3.8595904e-11,2.5759509e-11,6.307797e-14,1.4901558e-14,3.035595e-09
480000,411,377,0,-4.963883e-13,6.2849973e-12,3.493872e-23,1.17378e-40,8.465378e-25,2.9930385e-09
480000,41,169,0,-7.0405856e-13,3.9257972e-11,1.3374066e-13,1.7352878e-17,2.1502883e-11,3.0109768e-09
480000,98,187,0,1.7426002e-10,1.7202323e-10,1.1657951e-17,5.4771306e-27,4.63717e-13,3.0032135e-09
480000,175,13,0,-2.7401993e-13,2.5965573e-12,2.3804287e-18,1.964206e-30,8.894087e-24,3.091671e-09
480000,7,149,0,-1.6433815e-12,7.7316396e-11,5.4290753e-24,9.749e-42,1.5666955e-15,3.3587897e-09
480000,6,14,0,-5.6573073e-13,5.6445695e-11,5.5866323e-12,1.6633323e-15,1.4687364e-11,3.0900171e-09
480000,149,91,0,7.666903e-10,1.4369606e-12,2.1279257e-12,9.2748414e-17,2.473894e-20,9.9684245e-12
480000,297,431,0,-1.1348023e-11,2.3107838e-09,9.652475e-14,2.2469612e-19,4.1188124e-09,4.3294626e-10
480000,173,464,0,-4.9244577e-13,1.1503409e-11,3.77832e-12,3.9982634e-16,3.051066e-19,1.9825205e-10
480000,231,177,0,-4.316557e-14,9.039942e-14,9.384235e-39,0.0,3.3198693e-35,1.2800005e-13
480000,159,317,0,4.211567e-11,8.5970423e-13,2.3924358e-13,3.4262671e-19,6.8931565e-24,1.3616515e-14
480000,245,346,0,1.7164164e-12,2.827701e-11,1.29790955e-20,2.3571023e-32,7.636713e-19,1.9310225e-11
480000,249,198,0,7.809807e-12,1.5918693e-12,1.8807983e-25,4.8e-44,6.2839396e-26,2.8960697e-12
480000,324,348,0,5.7075414e-11,2.1891607e-11,4.1947644e-23,2.0388122e-38,8.226648e-18,1.0803371e-11
480000,214,32,0,-9.721867e-13,1.0535877e-10,7.157098e-13,1.0707246e-17,3.1787861e-09,4.2536908e-11
480000,161,293,0,1.5715595e-11,6.3234286e-11,1.1051977e-22,2.5542392e-38,8.385261e-14,1.5428461e-13
480000,230,215,0,8.991828e-11,2.7770269e-11,1.433344e-20,4.7231683e-32,2.5324815e-11,3.8300802e-16
480000,182,87,0,7.068048e-11,1.5971507e-11,2.5041407e-15,1.6765007e-19,1.7031636e-17,1.0492373e-12
480000,350,394,0,1.8135717e-10,4.3411805e-11,1.2932498e-11,2.594688e-14,7.673514e-16,9.439666e-12
480000,262,427,0,6.396488e-11,3.4430847e-11,6.312946e-11,1.0090949e-11,4.535997e-12,3.777301e-11
480000,264,55,0,-2.1310285e-13,4.0989812e-11,2.6413911e-20,5.491113e-32,1.0250955e-15,2.0738432e-11
480000,76,418,0,5.627452e-10,9.926006e-11,2.739017e-14,2.0598135e-20,8.114091e-12,1.1614997e-10
480000,452,483,0,-9.260342e-13,3.132128e-11,2.4381977e-15,7.973504e-23,1.4824611e-19,4.3394768e-10
480000,32,303,0,-5.373947e-13,3.5733927e-12,2.8615058e-13,6.6793035e-19,1.6264365e-23,3.6432666e-11
480000,121,432,0,4.5721125e-11,1.1692912e-10,4.23092e-18,2.6584366e-29,5.2614353e-13,3.749215e-11
480000,34,153,0,-1.2682689e-12,2.5423452e-11,3.7027333e-11,1.1660988e-12,1.3567823e-13,2.1444581e-10
480000,1,497,0,-1.7308849e-12,1.2894166e-10,3.2601812e-12,2.7754686e-16,1.1778899e-11,2.3163768e-10
480000,420,470,0,-1.5428805e-12,2.2090679e-10,1.02289295e-10,5.359545e-11,2.8947353e-09,3.2544245e-09
480000,138,92,0,3.6051906e-10,8.0244275e-12,4.097945e-11,4.224947e-13,1.296872e-14,2.996905e-09
480000,382,172,0,5.0758557e-11,9.962619e-14,1.724524e-23,3.4871384e-37,2.8842832e-37,3.7547347e-11
480000,430,454,0,1.0778953e-12,1.0543471e-10,8.370047e-11,8.152742e-12,1.5656465e-10,3.0570848e-09
480000,370,18,0,-1.34767e-12,6.401689e-11,7.250318e-13,6.564801e-18,2.7395786e-10,3.2327212e-09
480000,469,62,0,-1.339322e-12,1.2355468e-10,3.0830834e-11,8.4222905e-14,1.3879411e-11,2.293273e-10
480000,451,160,0,1.1168922e-13,6.837704e-11,3.8748976e-13,5.7146674e-18,1.5126543e-16,3.0892562e-09
480000,490,0,0,-1.1748589e-12,5.6923268e-11,8.3520125e-14,7.020395e-19,3.3036788e-15,4.525265e-11
480000,11,376,0,-9.826547e-13,9.716723e-11,1.3571666e-14,1.8382024e-22,2.2071967e-12,1.5662839e-12
480000,25,249,0,-9.168191e-13,5.8658425e-11,3.4513852e-12,2.6060374e-16,3.3955e-14,3.051142e-09
480000,178,18,0,-2.1354516e-13,3.6314752e-14,6.121755e-14,1.6132576e-20,9.1274085e-26,1.1416729e-10
480000,177,115,0,8.452172e-12,1.624409e-11,4.964099e-20,4.174026e-34,9.375563e-18,2.9888745e-09
480000,10,86,0,-9.567334e-13,5.602236e-11,4.0145083e-12,2.3266822e-15,2.3399145e-11,3.2852523e-09
480000,9,443,0,-7.8532417e-13,8.7402564e-11,3.4693586e-09,7.1919193e-10,1.6435661e-09,2.4714483e-10
480000,497,403,0,-9.504296e-13,7.883659e-11,9.119583e-14,5.642524e-18,6.7580815e-12,3.0496703e-09
480000,80,1,0,-6.202963e-13,6.2163726e-11,1.7040682e-14,3.3149342e-21,1.1738223e-11,2.2315387e-10
480000,11,453,0,-7.05126e-13,2.358155e-12,7.684395e-12,3.123983e-15,7.659519e-18,3.3026422e-09
480000,499,251,0,-8.1430056e-13,4.8053825e-11,2.2674014e-10,2.1689135e-10,8.0664775e-10,6.639344e-14
480000,34,39,0,-1.0467801e-12,5.5772758e-11,1.4629813e-12,1.3653016e-17,2.7015183e-09,1.1296616e-10
480000,324,46,0,1.4937427e-12,9.1064226e-11,4.6739647e-13,2.0254045e-18,1.195455e-14,3.186006e-11
480000,485,113,0,-9.390751e-13,5.3575186e-11,1.5387702e-12,1.5613177e-16,1.4731216e-11,3.2041079e-09
480000,364,433,0,6.2895327e-12,1.0136613e-11,5.7455105e-14,5.0564472e-21,4.0518557e-22,3.0927274e-09
480000,58,456,0,6.4390845e-12,7.174607e-11,1.7420327e-12,5.279913e-17,1.9601397e-12,3.0983744e-09
480000,337,460,0,2.3449069e-11,2.5211314e-11,2.2911029e-12,4.84187e-16,9.781296e-18,3.112636e-09
480000,256,25,0,-6.727567e-13,3.984711e-11,1.8505173e-15,2.1023197e-23,8.448636e-18,3.071269e-09
480000,418,387,0,-5.9675263e-13,1.5657614e-11,4.484544e-26,4e-45,8.252418e-20,3.0362233e-09
480000,115,83,0,3.0751075e-11,5.1734846e-11,3.5121516e-15,1.3540756e-21,5.434571e-13,3.4764818e-09
480000,359,364,0,3.1508574e-10,3.5757508e-12,3.480081e-14,1.2059547e-20,3.927945e-25,2.989032e-09
480000,491,257,0,-9.665552e-13,2.1488741e-11,1.95717e-12,2.582455e-16,3.1773465e-19,3.8934696e-11
480000,235,35,0,-8.244862e-13,2.3045985e-11,1.6411409e-20,8.531761e-35,3.4375315e-19,1.6236817e-10
480000,447,318,0,-3.149092e-13,3.3117818e-12,4.258258e-14,8.8829776e-20,3.6932142e-23,1.03914544e-10
480000,105,407,0,6.170026e-11,8.1557185e-11,1.4581881e-15,1.5517896e-22,1.1737529e-11,3.06968e-09
480000,370,16,0,-1.2930553e-12,5.39363e-11,1.8634814e-12,2.3063524e-16,1.712821e-12,3.1944871e-09
480000,106,23,0,-1.1417221e-12,1.4929638e-10,2.7158729e-14,1.6608692e-21,5.0349674e-10,3.038748e-09
480000,47,438,0,3.7603098e-11,7.2608884e-11,3.462279e-09,7.191878e-10,1.1537803e-09,2.0967253e-10
480000,480,29,0,-1.432769e-12,5.968034e-11,1.2320107e-10,5.6509342e-11,6.878227e-11,3.075739e-09
480000,494,319,0,-6.148171e-13,3.5209398e-11,3.070374e-13,7.821779e-19,2.288994e-14,3.0892435e-09
480000,61,282,0,1.669008e-11,7.447017e-11,1.2846004e-14,3.2996888e-22,2.49648e-10,1.5066777e-10
480000,89,58,0,3.9304362e-11,3.2389452e-11,8.3361356e-13,2.3790641e-17,1.6902782e-17,1.6480729e-10
480000,201,96,0,3.097463e-11,9.40155e-12,6.831334e-13,4.3270562e-18,1.4337476e-20,1.4543747e-10
480000,476,195,0,-1.002671e-12,1.0167942e-10,7.3141904e-16,8.077598e-24,2.6885896e-10,6.896593e-11
480000,356,346,0,6.7453744e-11,9.001783e-12,3.0488166e-29,0.0,4.6987994e-22,1.11976e-10
480000,107,18,0,-1.0828699e-12,1.3974588e-10,9.090854e-12,5.5603507e-15,2.2503575e-11,3.0722118e-09
480000,6,49,0,-1.0329731e-12,6.090153e-11,5.9517634e-11,4.2208527e-13,8.427652e-14,2.0139483e-10
480000,107,124,0,6.389824e-11,4.6478675e-11,3.462259e-09,7.191878e-10,1.1535516e-09,1.4135777e-10
480000,462,470,0,-8.861358e-13,7.772312e-11,2.0948395e-13,2.1741102e-18,1.8435286e-12,2.7288585e-10
480000,374,368,0,1.4154462e-11,3.5062044e-11,3.571172e-13,5.7067215e-18,2.1423741e-19,4.0636794e-10
480000,498,208,0,-6.571256e-13,2.587168e-11,6.5389113e-29,0.0,4.25161e-17,3.174319e-09
480000,21,38,0,-1.2352568e-12,9.035223e-11,1.2055854e-13,1.103859e-19,9.2435465e-14,3.0632021e-09
480000,484,395,0,-8.679059e-13,3.3628968e-11,1.4996393e-11,6.9437566e-14,1.2190552e-14,3.110665e-09
480000,498,442,0,-5.6594757e-13,2.3027988e-11,3.462531e-09,7.1918826e-10,1.1532664e-09,2.2108468e-11
480000,421,114,0,4.6750837e-12,8.1939164e-11,1.2581449e-15,2.8035815e-24,2.674913e-10,3.050787e-09
480000,408,445,0,1.530732e-10,2.056764e-11,2.3252367e-14,1.3138107e-21,5.3678093e-20,1.9647423e-10
480000,412,462,0,1.7394256e-12,8.582135e-11,2.1401464e-11,7.145664e-14,2.5496546e-14,3.1815917e-09
480000,8,125,0,-1.5322125e-12,1.0203675e-10,9.95201e-11,5.2243717e-12,1.1544938e-11,2.044893e-10
480000,440,477,0,-1.6958205e-12,1.3208803e-10,5.963921e-12,3.7151653e-15,7.478621e-12,3.2172476e-09
480000,477,64,0,-1.745796e-12,1.3845394e-10,1.9604946e-11,4.2479204e-14,2.5859853e-10,3.525454e-09
480000,470,81,0,-7.4342805e-13,3.6350235e-11,1.2352437e-10,2.4455173e-12,1.0427202e-12,1.5648194e-10
480000,319,464,0,1.2221525e-12,2.4311582e-11,6.1635926e-12,4.832826e-15,2.2236509e-17,2.322325e-11
480000,87,492,0,-1.0656474e-12,6.7689646e-11,1.6952621e-10,7.3941174e-12,1.5623982e-12,4.1974837e-11
480000,121,495,0,-4.985195e-13,4.080137e-11,2.8355992e-16,5.2318556e-26,2.7895843e-09,3.1033454e-09
480000,184,409,0,2.260789e-11,1.8052464e-11,1.7242773e-23,1.362271e-39,6.61059e-14,9.50229e-13
480000,170,84,0,5.244156e-10,3.1919495e-11,3.5288586e-16,1.2972459e-23,9.428836e-16,3.0326648e-09
480000,263,69,0,6.415519e-12,2.3373652e-11,1.3279702e-12,1.4877172e-16,4.19781e-18,5.049007e-11
480000,89,382,0,5.7508325e-12,2.8908155e-11,5.0003944e-16,2.218196e-25,2.60626e-10,2.9889893e-09
480000,463,205,0,-6.560591e-13,3.5728004e-11,5.972662e-12,1.5453319e-15,2.7395783e-10,2.989089e-09
480000,63,229,0,9.277079e-13,2.2306085e-12,1.9536618e-13,2.3128104e-19,4.391806e-24,3.2696182e-10
480000,49,285,0,8.308285e-13,5.1522838e-11,2.5919176e-12,2.4139393e-16,1.1790434e-15,9.360312e-12
480000,58,300,0,-1.5971304e-13,4.2210406e-12,4.8398217e-12,7.8162247e-16,6.613701e-19,3.1179e-09
480000,417,31,0,-1.1830119e-12,2.25365e-11,4.670624e-13,5.6165406e-18,1.2369054e-21,2.7418937e-10
480000,475,60,0,-2.0034558e-12,1.8458836e-10,1.2384778e-11,2.1518774e-14,6.6474224e-14,3.2694145e-09
480000,64,421,0,2.0659102e-10,1.4194974e-10,5.330582e-12,7.82676e-16,3.382742e-12,3.0257121e-09
480000,77,333,0,2.1322177e-10,3.318635e-11,1.2130601e-13,1.0454406e-18,1.5326101e-12,5.0905342e-11
480000,401,473,0,-6.6965286e-13,1.0261186e-11,2.5042449e-15,1.6765007e-19,4.2466887e-21,3.1075005e-09
480000,53,477,0,-1.466133e-12,1.6016764e-10,3.4622762e-09,7.191878e-10,3.6651493e-09,1.2855578e-10
480000,450,199,0,-2.868157e-13,1.8798569e-11,3.913513e-15,4.502635e-22,1.6074954e-15,8.2773725e-11
480000,63,228,0,9.0788683e-13,3.2410693e-12,5.4137105e-14,1.2943239e-20,1.01363055e-25,3.0090765e-09
480000,499,68,0,-1.1726429e-12,1.475224e-11,4.8969198e-17,1.7842425e-25,5.2784957e-20,4.7176315e-11
480000,142,410,0,4.0170776e-11,4.4529755e-11,3.3703815e-18,2.965798e-27,4.067944e-14,3.007907e-09
480000,149,37,0,-2.5318907e-13,2.0167553e-11,3.2458692e-21,8.842431e-36,1.6074954e-15,3.0594907e-09
480000,480,317,0,-5.9834055e-13,2.2792301e-11,7.6940326e-13,2.2979693e-17,1.9034492e-12,9.6796685e-12
480000,11,132,0,-1.87568e-12,2.0150218e-10,1.2183508e-13,1.0454427e-18,2.107469e-10,3.1830543e-09
480000,467,122,0,4.918855e-12,4.5253124e-11,4.3924913e-16,2.0626967e-25,4.6316863e-14,8.1123046e-11
480000,466,53,0,-1.3858562e-12,1.1885858e-10,2.8048246e-11,6.52511e-14,1.172998e-11,3.1359564e-09
480000,216,92,0,1.3852758e-10,4.9782043e-11,3.7684046e-21,2.7684063e-31,4.5418383e-17,3.026838e-09
480000,232,481,0,-7.230561e-13,5.223468e-11,3.4403473e-19,8.18528e-30,3.8656497e-13,9.824583e-11
480000,330,258,0,3.4939942e-12,1.5994158e-12,1.6967573e-16,5.5679017e-26,2.6045287e-29,3.7146125e-18
480000,451,17,0,-1.6525513e-12,9.241419e-11,3.7430497e-12,3.0291126e-16,1.7317433e-12,3.1289265e-09
