mcsteps,xCOM,yCOM,zCOM,il8,il1,il6,il10,tnf,tgf
560000,170,80,0,2.0151096e-09,2.3185022e-11,1.4220286e-18,9.797204e-29,1.9298784e-19,1.031842e-10
560000,217,214,0,2.0094464e-09,1.7459802e-12,2.1118263e-11,6.081286e-14,5.8998666e-16,1.6549654e-17
560000,289,163,0,2.0128044e-09,3.0189696e-12,1.1406956e-17,1.693106e-25,7.408935e-23,2.2545752e-12
560000,413,269,0,2.5008813e-09,3.458101e-11,1.587312e-29,0.0,3.395305e-14,1.2228639e-11
560000,414,200,0,2.0579491e-09,2.8618469e-11,1.4320637e-14,1.1366882e-20,9.005602e-19,2.1218983e-14
560000,197,139,0,2.0278639e-09,1.1590628e-11,3.4966715e-13,1.2394857e-17,8.783771e-20,1.6936345e-10
560000,378,208,0,2.0106579e-09,3.2397866e-13,8.557413e-17,6.190197e-27,2.0110178e-32,3.0123078e-11
560000,155,198,0,2.5246016e-09,3.1205104e-11,4.379107e-39,0.0,3.0179342e-16,3.129627e-14
560000,397,297,0,2.0729973e-09,1.9680645e-10,1.0084812e-21,6.3753807e-37,7.340414e-11,1.5094244e-10
560000,409,184,0,2.0592954e-09,4.8218228e-11,1.1717662e-16,7.423824e-25,4.8562628e-14,1.3612355e-11
560000,336,94,0,2.1165865e-09,2.7155968e-11,2.300806e-14,1.2036593e-21,6.610591e-14,2.921343e-11
560000,438,279,0,2.0190434e-09,1.7411999e-11,6.7149855e-11,2.5202592e-12,2.5693027e-13,1.4672848e-10
560000,307,245,0,2.0090494e-09,2.6170979e-11,6.2259996e-26,0.0,9.444562e-16,3.5929648e-11
560000,352,156,0,2.0601114e-09,2.4032895e-11,4.481323e-13,1.8982245e-17,3.209881e-15,2.4677494e-15
560000,175,364,0,2.1768103e-09,2.2753378e-13,7.3768395e-21,2.053012e-32,5.2792503e-32,3.8761672e-13
560000,312,359,0,2.0180033e-09,2.3544815e-11,3.019497e-14,1.9352977e-21,5.7435204e-15,1.093629e-11
560000,258,315,0,2.0191786e-09,4.200531e-14,7.1829185e-33,0.0,2.765e-42,3.811568e-12
560000,390,112,0,2.0137598e-09,1.9431635e-11,4.6742276e-12,1.2655376e-15,6.647313e-17,9.79007e-11
560000,84,355,0,2.1372786e-09,8.247985e-13,4.504459e-14,5.563649e-21,1.1776083e-26,1.530157e-11
560000,138,255,0,2.0107949e-09,5.033418e-13,2.2203899e-35,0.0,1.6500068e-27,8.5418625e-12
560000,113,137,0,2.0088509e-09,2.272132e-11,3.0410312e-12,7.365381e-16,3.3250763e-11,1.2721446e-11
560000,141,300,0,2.0683544e-09,6.8380046e-12,3.4803463e-21,5.1733406e-37,1.2826093e-20,8.520715e-12
560000,434,65,0,2.0858955e-09,2.6675077e-11,6.094146e-11,3.6244846e-12,4.7959065e-13,1.3738642e-10
560000,167,372,0,2.1638829e-09,2.7546696e-13,6.666819e-24,5.2e-43,1.1843358e-32,5.4487168e-11
560000,214,283,0,2.016431e-09,1.2697895e-13,0.0,0.0,9.896704e-38,2.3897998e-11
560000,90,213,0,2.0310111e-09,1.6933248e-11,5.985621e-26,1.8625e-41,3.655638e-20,3.5101878e-12
560000,327,125,0,2.0328463e-09,1.2607885e-11,2.6036527e-13,5.6825524e-19,6.854305e-21,7.9153e-11
560000,270,364,0,2.0274389e-09,1.1140799e-11,4.8114057e-14,4.9125796e-21,4.7435656e-16,5.1743696e-11
560000,210,112,0,2.0208497e-09,5.4826507e-15,2.4797986e-20,2.228978e-34,5.43e-42,3.8432326e-12
560000,412,292,0,2.1034605e-09,1.659114e-11,4.4830883e-15,2.9124192e-23,4.8240995e-18,9.3113454e-11
560000,353,87,0,2.1513753e-09,2.4011763e-12,8.784997e-19,1.379616e-30,1.1695624e-26,4.7433144e-11
560000,142,318,0,2.0501796e-09,1.6069705e-11,4.422264e-17,1.6859888e-26,7.5065245e-20,6.544152e-11
560000,284,205,0,2.0544433e-09,2.3355018e-11,2.627401e-29,0.0,4.249805e-15,1.0788054e-11
560000,294,191,0,2.057225e-09,3.2938874e-11,2.3712439e-37,0.0,5.142894e-15,9.131352e-12
560000,247,87,0,2.0416537e-09,6.690538e-12,7.0506646e-23,1.37146e-40,1.765489e-24,4.1504054e-11
560000,124,402,0,2.1022468e-09,9.149064e-12,1.7233486e-19,4.7479766e-32,5.185517e-20,1.054041e-10
560000,237,303,0,2.0214366e-09,1.971128e-12,1.3759567e-27,0.0,1.7793198e-24,5.572839e-14
560000,406,90,0,2.0244466e-09,4.5339957e-11,5.916785e-16,1.9295241e-25,1.0664526e-13,6.1902525e-11
560000,121,416,0,2.0885451e-09,1.5594371e-11,1.1647285e-12,1.9836943e-17,2.3189891e-21,7.291526e-11
560000,337,200,0,2.2624949e-09,2.2351655e-11,3.623933e-34,0.0,1.4687262e-11,1.1414448e-14
560000,96,73,0,2.010503e-09,4.9175556e-11,5.6453957e-16,2.6163008e-25,1.6270894e-13,1.4267969e-10
560000,318,387,0,2.0141127e-09,1.4590388e-11,2.5271823e-19,6.323249e-33,6.0933655e-19,6.097929e-11
560000,175,139,0,2.0255442e-09,2.5864727e-11,1.8274103e-20,1.5104706e-34,1.1282767e-12,1.3441452e-10
560000,150,197,0,2.6444613e-09,6.7374643e-12,3.485e-42,0.0,3.79404e-23,1.1751223e-12
560000,80,421,0,2.1633846e-09,3.3760703e-11,1.3469193e-15,5.0300123e-25,9.986203e-18,1.2477937e-10
560000,211,338,0,2.090858e-09,5.2913028e-11,7.5019406e-28,0.0,1.0062021e-14,8.050078e-15
560000,137,383,0,2.0720219e-09,2.999799e-11,3.0729336e-11,1.2094725e-13,2.7981293e-15,4.8252145e-11
560000,84,410,0,2.145545e-09,8.622265e-11,1.5215727e-12,2.9539976e-17,2.289011e-10,1.0997903e-10
560000,128,368,0,2.2208306e-09,2.9789532e-11,7.7942946e-22,4.4628513e-37,1.2121728e-14,8.01432e-12
560000,345,201,0,2.2628832e-09,1.1101194e-12,1.4099524e-26,1e-45,4.3200797e-26,1.9232301e-16
560000,187,277,0,2.0179505e-09,8.54485e-13,0.0,0.0,1.7992242e-28,2.1075528e-16
560000,82,343,0,2.2052422e-09,4.1782498e-11,1.0623357e-11,1.1775641e-14,1.7275739e-15,1.3944634e-11
560000,59,395,0,2.1030582e-09,4.924297e-11,4.3535004e-21,1.6798441e-34,1.8597839e-15,4.5430368e-11
560000,339,428,0,2.1074322e-09,1.4070987e-11,5.2319334e-12,9.941287e-16,8.894884e-19,8.4621185e-11
560000,352,314,0,2.0100606e-09,2.2077574e-12,1.11730625e-14,1.7490364e-21,9.291273e-27,1.9891139e-11
560000,192,347,0,2.0922457e-09,4.5055164e-11,7.3768395e-21,2.053012e-32,3.5442993e-14,2.6553453e-13
560000,90,331,0,2.0976696e-09,3.7307037e-12,6.1592158e-18,1.17018375e-29,7.961381e-26,2.7258183e-12
560000,210,354,0,2.1861182e-09,5.1372934e-12,1.8197853e-28,0.0,4.056509e-23,2.4322263e-11
560000,254,221,0,2.0098472e-09,1.621911e-11,4.3666222e-14,3.7706196e-21,3.9253205e-15,2.933158e-13
560000,247,110,0,2.049634e-09,1.7732506e-11,1.4590221e-24,2.5e-44,2.4843786e-16,2.9659056e-11
560000,68,262,0,2.019742e-09,8.247326e-11,3.290107e-14,1.4480382e-21,1.1960736e-15,8.070975e-11
560000,408,271,0,2.509642e-09,3.7669978e-11,2.8286275e-26,1.1e-44,1.3197243e-11,1.4925524e-11
560000,354,360,0,2.0103803e-09,1.4583322e-11,5.893828e-19,2.747756e-31,1.6436617e-16,4.6642745e-11
560000,55,408,0,2.111532e-09,6.4464434e-11,9.306503e-13,4.3070495e-16,6.0274724e-18,4.1035526e-12
560000,337,441,0,2.1072994e-09,4.036321e-11,1.2095781e-14,3.7867926e-22,5.4847613e-17,9.014744e-11
560000,249,131,0,2.02911e-09,1.1983845e-11,4.148064e-14,8.6234876e-19,2.738607e-19,4.8158606e-11
560000,122,291,0,2.1314068e-09,2.2913879e-11,1.1245741e-15,2.3604122e-23,6.512116e-17,3.2944587e-12
560000,265,441,0,2.0085642e-09,6.1573746e-11,7.349536e-15,2.3027435e-22,7.0920434e-15,8.078617e-11
560000,109,292,0,2.115787e-09,3.6550214e-11,3.0804678e-11,2.1089383e-13,3.3808432e-14,2.0267489e-11
560000,227,94,0,2.0444217e-09,3.640141e-12,1.4901479e-18,1.4245563e-28,4.182873e-25,9.040415e-12
560000,340,168,0,2.0584723e-09,7.9489947e-13,1.2150949e-17,2.1178987e-28,3.481351e-32,8.733074e-13
560000,289,374,0,2.033258e-09,1.638892e-11,1.925585e-17,2.0712907e-27,8.01662e-19,4.1248317e-11
560000,193,311,0,2.0124389e-09,2.643937e-15,1.0570937e-38,0.0,1e-45,2.845355e-19
560000,212,418,0,2.009089e-09,1.701239e-12,4.4167795e-17,5.8603845e-27,2.3263578e-23,1.0197578e-10
560000,202,365,0,2.1445286e-09,1.7031825e-12,3.4615246e-25,3.2e-44,2.5262329e-27,3.3232202e-12
560000,63,433,0,2.0370083e-09,7.260267e-11,1.563506e-11,7.96996e-14,5.3114713e-15,6.933528e-11
560000,119,338,0,2.0244593e-09,2.326355e-11,5.3826096e-16,1.1164027e-25,4.2930755e-13,9.0661907e-13
560000,90,192,0,2.0287063e-09,4.953263e-11,2.4796124e-13,2.1181398e-19,8.7640216e-17,7.035842e-11
560000,147,93,0,2.191726e-09,5.830587e-13,8.7683463e-13,3.6379486e-17,1.15760825e-20,4.0665825e-11
560000,182,249,0,2.012729e-09,1.37328334e-11,1.1174032e-35,0.0,1.8284625e-16,9.504301e-19
560000,346,76,0,2.1322286e-09,3.6018966e-11,2.5026517e-12,4.622585e-16,4.8308346e-14,3.7276387e-11
560000,359,392,0,2.0098443e-09,6.099246e-11,5.8604918e-12,4.0656137e-15,1.1607428e-13,3.6414784e-11
560000,87,276,0,2.0252082e-09,1.7022614e-11,9.07926e-16,3.2529023e-24,4.943931e-21,5.3599077e-11
560000,404,256,0,2.1311142e-09,4.1526782e-11,5.170131e-18,1.869119e-27,2.172374e-13,2.5349792e-12
560000,135,222,0,2.0752118e-09,2.438681e-12,9.802802e-32,0.0,7.78123e-27,1.2151465e-11
560000,380,155,0,2.0826882e-09,1.562151e-11,1.0121424e-16,5.393613e-27,1.6436619e-16,1.461448e-11
560000,444,131,0,2.0086877e-09,3.5197147e-11,1.79724e-12,4.2428807e-17,1.8755279e-11,4.056114e-11
560000,165,402,0,2.01485e-09,7.356871e-11,1.3555042e-14,1.2137655e-22,3.4482508e-14,1.030517e-11
560000,141,194,0,2.2823692e-09,1.6732893e-11,0.0,0.0,1.4095046e-13,3.7739915e-11
560000,341,110,0,2.0876727e-09,3.830908e-11,7.098496e-18,1.1681906e-29,7.7812426e-13,6.5759134e-11
560000,119,223,0,2.0687214e-09,3.9823683e-11,1.5896894e-22,1.5647603e-34,7.153565e-16,1.02653365e-10
560000,409,435,0,2.008282e-09,7.618599e-11,3.6698113e-17,7.530585e-27,1.6317465e-11,1.4185492e-10
560000,126,66,0,2.0114785e-09,6.080924e-11,1.5949815e-15,9.624169e-24,1.1931029e-15,2.4895566e-10
560000,301,62,0,2.0083177e-09,6.4571425e-11,6.8890705e-12,2.5163803e-15,1.4394504e-12,2.9408025e-11
560000,141,101,0,2.1856714e-09,2.9081782e-11,2.042185e-16,3.2763054e-26,4.1246684e-15,7.0974945e-12
560000,426,77,0,2.0965645e-09,3.7085095e-11,5.675309e-12,1.5680403e-15,3.7766475e-13,9.6848245e-11
560000,322,327,0,2.011185e-09,1.5908733e-11,5.5343135e-26,1e-45,2.7355389e-17,1.1670024e-11
560000,188,383,0,2.050456e-09,6.6594234e-13,4.285618e-30,0.0,1.2744198e-30,2.26021e-11
560000,119,363,0,2.1902653e-09,2.643102e-11,3.0165016e-22,6.356629e-37,6.1276396e-14,4.6826323e-14
560000,395,155,0,2.0798359e-09,2.1169268e-11,2.795034e-12,1.9413541e-16,5.1110566e-16,4.3545362e-11
560000,296,311,0,-9.0406675e-12,2.285328e-09,1.7910332e-14,1.0416032e-21,4.1188084e-09,7.645e-12
560000,401,344,0,-1.1512895e-11,2.3291227e-09,4.465338e-14,1.3937317e-17,4.1189034e-09,3.1436295e-11
560000,40,154,0,-1.2383103e-11,2.322223e-09,7.087239e-14,1.080121e-19,4.1188217e-09,4.460527e-11
560000,450,325,0,-3.0602943e-13,1.4572094e-11,7.8119e-15,5.7845536e-23,3.0652805e-15,1.677952e-10
560000,294,274,0,1.1967958e-12,2.42407e-12,1.982559e-31,0.0,8.635313e-26,4.353715e-15
560000,363,234,0,2.4503299e-12,7.632998e-12,7.9825e-13,5.5771965e-17,5.3842947e-20,2.5649998e-13
560000,302,291,0,-3.845815e-13,4.2306953e-11,8.473482e-27,2.8e-44,1.08354284e-13,2.3952526e-18
560000,34,67,0,-1.0793838e-12,3.294305e-11,1.4523841e-13,2.574002e-19,1.5780743e-17,1.7920901e-10
560000,40,419,0,3.9779607e-11,7.797047e-11,4.0581316e-11,7.094759e-13,6.160506e-13,1.0040016e-10
560000,342,463,0,1.4389927e-11,9.933961e-11,9.884575e-12,1.0206814e-14,1.78969e-11,2.783669e-11
560000,158,39,0,-2.0737092e-13,1.1539807e-11,1.6960638e-15,1.585566e-24,1.104132e-19,1.9052966e-10
560000,103,93,0,1.9512622e-11,3.854196e-11,6.4349264e-12,3.1765343e-15,6.898573e-17,7.913962e-11
560000,43,398,0,1.1477342e-10,3.9550974e-11,3.1912613e-14,2.2546397e-20,1.8252323e-16,6.357938e-11
560000,47,93,0,-1.659345e-12,1.8136019e-10,3.3574378e-12,1.6417502e-16,4.45852e-10,4.4200785e-11
560000,225,7,0,-7.831478e-13,1.9591521e-11,1.6716122e-10,4.9752502e-12,9.240857e-13,9.64472e-11
560000,96,102,0,2.2462336e-12,6.804139e-11,9.712999e-14,1.2975579e-19,9.201819e-13,1.5765436e-10
560000,431,376,0,-4.7612814e-13,3.461154e-11,5.724642e-14,5.983689e-18,2.3155822e-12,9.6214404e-11
560000,462,491,0,-5.0262767e-13,5.339758e-11,3.4746643e-11,1.173172e-13,3.72917e-11,1.3092703e-10
560000,16,315,0,-1.080071e-12,9.292904e-11,9.540092e-16,4.1364864e-24,1.9825589e-12,8.962219e-12
560000,371,49,0,-8.1963e-13,1.10294655e-10,4.7098935e-13,8.71688e-19,1.9049333e-11,8.8025004e-11
560000,432,58,0,3.149484e-10,1.17168115e-11,5.3373837e-11,4.5570128e-12,7.7483246e-13,1.0866481e-10
560000,219,246,0,2.0563386e-12,2.1510838e-12,1.6877611e-13,2.3771754e-19,1.673913e-23,5.341526e-12
560000,210,489,0,-6.0924833e-13,2.363756e-11,2.070576e-12,8.103848e-17,2.2337576e-18,2.506874e-10
560000,125,211,0,1.8188714e-10,2.5896068e-11,1.4181348e-32,0.0,1.883202e-15,7.927658e-11
560000,25,185,0,-4.675031e-13,3.5297236e-12,1.05159284e-14,2.0051178e-22,4.5891515e-22,3.316323e-10
560000,404,428,0,2.2538797e-10,1.2798472e-10,8.3791295e-18,8.1775556e-27,1.431373e-11,4.064159e-11
560000,70,129,0,-1.1250025e-12,4.9179258e-11,8.842187e-18,5.6204745e-30,8.247123e-17,3.4832467e-11
560000,255,262,0,-5.3014166e-14,3.238911e-11,0.0,0.0,3.224616e-11,3.4733467e-14
560000,206,221,0,1.00805524e-10,1.6986901e-12,9.212615e-15,1.056499e-22,2.6627475e-25,6.8392496e-14
560000,291,325,0,2.4775243e-12,2.1463528e-12,6.170126e-19,3.4010724e-31,5.7826475e-28,2.6693493e-12
560000,455,63,0,1.9717098e-11,1.8429984e-10,2.8514047e-12,1.2238882e-15,2.6076133e-10,2.0133009e-10
560000,18,286,0,-8.360487e-13,4.2138994e-11,1.9950437e-21,1.05523964e-35,2.3674929e-15,5.819502e-11
560000,267,88,0,2.7478313e-11,1.2760989e-11,6.879015e-14,4.1408283e-20,3.359489e-19,4.1930407e-11
560000,69,496,0,-6.675977e-13,3.746803e-11,1.4227145e-19,6.388816e-33,1.9035084e-12,1.3826794e-10
560000,68,361,0,6.010364e-11,1.5321132e-11,1.05308625e-13,4.45837e-20,6.093384e-19,2.7454808e-10
560000,161,60,0,1.7253334e-11,8.025206e-12,5.077816e-15,1.7524396e-22,1.0618052e-23,1.4926267e-10
560000,52,108,0,-1.3650694e-12,7.300182e-11,1.6733774e-13,9.019033e-20,1.708917e-14,3.79342e-10
560000,421,335,0,-3.6811157e-13,4.1532326e-11,4.2346382e-14,4.199456e-20,1.0782373e-11,2.1974625e-10
560000,472,408,0,-1.0396149e-12,8.877176e-11,1.0796265e-18,3.7596068e-32,1.7189136e-14,2.7899029e-11
560000,265,382,0,4.0546975e-11,2.9361615e-12,4.801428e-14,2.2098847e-20,2.1965378e-25,2.3356983e-10
560000,205,433,0,5.082287e-11,1.0635332e-12,2.6836033e-21,4.383484e-35,9.535746e-29,1.4590225e-10
560000,320,416,0,1.9878465e-11,2.1912463e-12,1.8854516e-12,1.229157e-16,4.0394254e-20,6.866259e-11
560000,40,348,0,-6.0375213e-13,2.9058646e-11,9.291081e-13,1.1726308e-17,1.6778371e-15,9.790599e-11
560000,209,332,0,3.8354428e-10,3.241664e-11,1.1361179e-26,3e-45,1.0312158e-11,7.3622473e-16
560000,126,51,0,6.916792e-11,3.7490074e-11,5.4034354e-13,1.2001469e-17,1.9265544e-11,1.6878957e-10
560000,453,155,0,5.791615e-12,7.1088316e-11,1.1295963e-12,1.3188819e-17,2.9115402e-10,6.447755e-11
560000,454,276,0,5.3448357e-11,3.0306854e-11,9.562643e-16,2.1964741e-24,4.7419333e-17,1.8535068e-10
560000,392,96,0,1.2166693e-10,3.191437e-11,6.0687795e-11,1.025114e-11,4.820688e-12,1.8998782e-10
560000,435,466,0,-1.38205e-12,1.0288799e-10,9.588018e-13,2.6023554e-17,1.2318534e-13,2.264955e-10
560000,24,386,0,3.3776804e-13,1.7087146e-11,5.394858e-14,4.9471152e-21,2.4772684e-19,2.4832428e-10
560000,401,405,0,8.151387e-13,6.455861e-11,4.1959158e-13,1.627859e-18,2.708597e-10,4.1915364e-11
560000,425,271,0,2.467786e-10,1.4533775e-11,3.43414e-20,1.8624209e-34,3.1737952e-18,4.3578172e-11
560000,122,105,0,3.3568977e-11,2.7689356e-11,3.9578124e-19,4.2356852e-32,1.3794332e-17,8.048497e-11
560000,210,83,0,2.7227626e-11,1.2318289e-11,1.4228299e-17,1.2677536e-29,5.013181e-20,1.0788352e-10
560000,94,287,0,1.6344653e-10,2.7343787e-11,1.4591472e-13,2.8088619e-19,4.8225177e-14,8.03287e-11
560000,225,107,0,1.769027e-10,2.0848557e-11,4.8961024e-16,6.7864875e-24,2.5029754e-15,2.1460693e-10
560000,314,44,0,1.4644497e-11,4.127544e-11,3.8066963e-12,2.724715e-16,9.981933e-17,5.65243e-12
560000,279,66,0,1.469772e-11,3.79029e-11,9.149438e-13,4.055125e-17,8.797163e-14,7.8827785e-11
560000,36,247,0,-1.691097e-13,3.783454e-11,1.2390669e-10,5.2086252e-11,7.759848e-11,1.7898871e-10
560000,165,62,0,3.351813e-11,5.0413905e-12,1.3177455e-15,2.3284736e-24,7.598125e-25,2.912065e-10
560000,309,94,0,6.875101e-12,4.422912e-11,6.0421594e-12,4.4381583e-15,2.9384825e-10,1.8295816e-11
560000,107,223,0,1.5339478e-10,8.405909e-12,4.7123442e-12,1.4580771e-15,6.9764884e-18,2.5354859e-11
560000,142,177,0,7.3489305e-11,1.825776e-13,0.0,0.0,5.715612e-33,2.734479e-12
560000,193,47,0,-5.4968947e-13,4.7641377e-11,1.3837247e-12,5.3487202e-17,7.589642e-16,4.4401735e-10
560000,95,95,0,1.5480912e-11,4.8434683e-11,3.2147895e-11,4.1063772e-13,2.746443e-10,6.901832e-11
560000,168,361,0,4.2676873e-10,3.99388e-14,3.5719743e-21,3.9952708e-35,3.301192e-39,4.5384814e-13
560000,394,205,0,8.2554054e-11,5.377644e-11,4.9490764e-26,1e-45,2.7304978e-09,1.5568801e-11
560000,389,30,0,-1.3369093e-12,6.129081e-11,2.2688147e-11,1.2368745e-13,1.0569627e-12,1.1439745e-10
560000,169,73,0,3.0429606e-10,3.0431817e-11,8.551545e-17,2.5423888e-26,7.778439e-16,2.2783112e-11
560000,88,107,0,-5.2052725e-13,1.1619762e-10,6.3084677e-18,3.743109e-30,5.170631e-10,6.8073006e-11
560000,275,290,0,2.2840672e-12,1.42320825e-11,6e-45,0.0,1.2143573e-13,3.076275e-13
560000,461,342,0,-3.9437488e-13,2.64632e-11,1.2754168e-11,1.1928143e-14,1.8194666e-13,2.8717342e-10
560000,118,61,0,2.02683e-10,9.191008e-11,5.0938976e-14,4.709722e-21,5.778117e-11,2.3797728e-10
560000,384,242,0,1.04893386e-11,5.0744357e-12,3.979195e-21,1.0898595e-34,1.075636e-20,4.732481e-11
560000,423,37,0,1.256469e-12,2.4478836e-11,3.8970178e-13,6.679931e-18,1.8605996e-21,1.4692803e-10
560000,299,12,0,-8.691444e-13,2.8087947e-11,1.5842658e-16,1.1268088e-25,1.644163e-16,1.11425764e-10
560000,362,8,0,-9.860823e-13,4.1681637e-11,7.477147e-13,8.656894e-18,2.664388e-16,7.906807e-11
560000,273,62,0,3.873439e-12,3.2630003e-11,2.196031e-14,2.4013639e-21,2.017332e-19,3.8834696e-11
560000,485,125,0,-9.17375e-13,8.9735296e-11,1.5187572e-10,5.6991245e-11,1.0034202e-10,1.728151e-10
560000,455,282,0,4.381552e-11,2.2353392e-11,3.9572282e-15,5.2315296e-23,9.13444e-18,1.6740011e-10
560000,337,133,0,1.2186757e-10,7.269965e-11,1.0530882e-15,3.5408775e-24,5.438797e-13,1.01763625e-10
560000,308,17,0,-1.1664506e-12,9.853479e-11,3.874588e-15,6.572453e-24,8.3852935e-14,1.44465e-10
560000,87,128,0,3.6509103e-12,3.0687772e-11,1.1457568e-15,3.9619876e-25,1.3959763e-16,7.662249e-12
560000,497,148,0,-1.0089727e-12,8.016814e-11,3.0190714e-14,1.8175172e-19,2.7033256e-09,3.2567493e-10
560000,89,445,0,1.0286904e-11,7.784727e-11,2.7554192e-12,1.9972142e-16,3.3933235e-11,1.0309432e-10
560000,309,174,0,2.9617506e-11,5.112537e-14,2.9983434e-22,5.087602e-36,5.37601e-40,1.6824285e-13
560000,113,499,0,-6.3554164e-13,3.116982e-11,9.150528e-14,3.4183893e-19,2.084293e-16,4.5858078e-11
560000,239,338,0,8.1453455e-12,2.7852144e-11,8.8788574e-18,3.9047035e-29,7.061981e-13,2.8156007e-14
560000,181,117,0,2.1504217e-11,3.1860244e-11,5.619794e-23,7.6254e-41,1.123765e-14,1.1655574e-11
560000,86,412,0,8.5834695e-10,9.5496465e-11,2.2314841e-11,1.3902879e-13,2.9451655e-10,1.2153704e-10
560000,376,185,0,1.8038473e-11,2.7347263e-11,8.98382e-21,1.8080097e-34,3.9043243e-15,2.3416117e-14
560000,203,144,0,2.6712e-10,4.5207705e-12,7.501302e-13,1.4090568e-17,2.9810751e-21,2.6793845e-11
560000,457,344,0,-4.2288555e-13,1.2679204e-11,8.9660484e-14,2.2123705e-20,3.644652e-20,2.9523443e-11
560000,483,115,0,-8.5359465e-13,4.2064442e-11,2.1581317e-12,2.8834884e-16,2.4249287e-12,2.3236289e-10
560000,494,30,0,-1.30239e-12,5.6135895e-11,8.63159e-12,6.1843773e-15,1.1446929e-14,1.16124936e-10
560000,162,242,0,2.5232092e-11,1.2293826e-11,4.6297376e-16,2.0979955e-24,3.6209773e-15,2.2802664e-13
560000,275,169,0,6.930883e-11,2.5192057e-11,4.4065284e-34,0.0,2.322436e-18,1.1653437e-10
560000,202,488,0,-5.7496504e-13,2.0721749e-11,5.240094e-12,9.941296e-16,1.9753363e-18,8.9144844e-11
560000,300,244,0,3.0189307e-10,1.9599756e-11,1.0151381e-31,0.0,1.883201e-15,2.980796e-11
560000,493,481,0,-4.120709e-13,5.4153806e-11,2.1479587e-11,7.216637e-14,9.2752086e-14,1.8331738e-10
560000,275,192,0,9.1329826e-11,3.0340522e-11,1.6897233e-31,0.0,2.1472035e-15,6.7590243e-12
560000,248,473,0,-4.6329455e-13,8.664046e-11,3.7226867e-11,9.57367e-13,2.9386527e-10,1.6788149e-10
560000,273,457,0,3.863002e-11,1.3359296e-12,1.5699327e-11,8.857325e-14,1.2853154e-15,1.5672558e-10
560000,262,300,0,7.056123e-11,6.961285e-14,0.0,0.0,6.9852525e-36,4.075312e-16
560000,29,311,0,-6.46168e-13,3.5143277e-11,2.4299196e-15,4.3372227e-20,2.104368e-12,7.798349e-11
560000,260,150,0,1.7810314e-11,2.994363e-12,2.6592e-31,0.0,2.2773193e-27,2.2690435e-11
560000,470,465,0,-8.8679454e-13,4.1927514e-11,7.1450804e-11,2.7501007e-12,2.1023498e-12,9.417602e-11
560000,271,22,0,-9.441012e-13,6.557138e-11,6.3012464e-12,1.8928122e-15,1.7774022e-11,1.9581007e-11
560000,310,405,0,2.7245203e-11,6.1251464e-12,9.148453e-13,4.055125e-17,1.3327706e-20,5.3529528e-11
560000,377,313,0,1.5213646e-11,2.0628445e-12,1.1710888e-22,4.918328e-39,8.746859e-29,2.7088178e-12
560000,34,460,0,-1.1567801e-12,8.343854e-11,9.0257e-12,6.5652003e-15,3.0092023e-10,2.109409e-10
560000,463,449,0,-8.056987e-13,3.8495918e-11,3.0161417e-14,2.0862032e-21,1.5159193e-17,2.0678449e-10
560000,375,301,0,2.0942286e-11,1.2610384e-11,7.2703697e-16,3.5042517e-23,5.283859e-21,7.884307e-12
560000,263,435,0,3.457799e-10,3.490878e-11,3.4053687e-13,3.6393896e-18,2.5443983e-13,7.262171e-11
560000,196,479,0,-4.795758e-13,2.9043518e-11,1.7382082e-13,4.0385025e-19,8.247337e-18,8.280538e-11
560000,402,128,0,2.970118e-11,4.6362827e-11,7.0719787e-17,2.123147e-27,2.9859806e-10,6.097371e-11
560000,281,264,0,1.2273391e-12,2.1379457e-11,1.18285e-40,0.0,1.0210613e-15,2.198073e-19
560000,421,449,0,3.3991615e-11,2.6905643e-11,1.9056529e-11,1.8564003e-14,8.164786e-16,2.6839037e-10
560000,384,389,0,6.6615103e-12,1.1476407e-10,2.568005e-12,1.5369622e-16,6.2008287e-13,1.16051065e-10
560000,100,324,0,1.3683617e-10,2.3580376e-12,5.0767356e-17,1.8194139e-27,1.5124243e-26,5.2828127e-11
560000,197,400,0,4.327666e-11,3.154247e-11,6.2419025e-24,6.19457e-40,2.5153098e-17,6.668489e-12
560000,191,311,0,8.8867474e-10,1.4220894e-14,1.0274081e-36,0.0,1.2829e-41,2.3355613e-19
560000,463,99,0,-2.5980569e-13,2.6632785e-11,2.9911675e-15,1.2743305e-22,1.1140943e-14,8.0962854e-11
560000,338,144,0,6.1769534e-11,2.6750649e-11,1.5836297e-24,1.8217e-41,2.096693e-19,1.624167e-13
560000,285,227,0,2.137266e-11,4.3258952e-11,2.538453e-31,0.0,4.992432e-16,1.6298249e-15
560000,23,456,0,-1.1134048e-12,8.076476e-11,1.5342566e-11,5.856797e-15,1.6057482e-11,9.9403936e-11
560000,275,387,0,4.129891e-11,4.442412e-11,3.1279562e-11,5.7551327e-13,2.4493417e-12,3.8163982e-11
560000,60,240,0,1.178106e-11,8.7993973e-13,5.8604974e-12,4.0656137e-15,1.3206713e-17,1.7175589e-10
560000,99,12,0,-6.3993613e-13,2.7247812e-11,1.9771127e-11,2.48457e-14,1.419431e-16,5.2620217e-11
560000,299,440,0,3.6491751e-13,4.6208135e-11,3.2889188e-11,4.56229e-13,3.7225787e-14,5.022537e-11
560000,418,281,0,3.2722705e-10,1.16508565e-11,2.480891e-22,8.128461e-36,1.0567043e-19,3.1757788e-09
560000,385,94,0,5.2723593e-11,5.1621638e-11,2.1722766e-13,1.3113413e-19,2.641078e-10,3.008342e-09
560000,209,421,0,5.1657595e-10,8.420753e-14,2.581526e-20,3.0240772e-34,2.7009827e-31,3.0704894e-09
560000,496,322,0,-6.268802e-13,2.6528675e-11,6.8068603e-13,2.027984e-17,1.3093251e-15,3.0478904e-09
560000,20,62,0,-1.3310062e-12,1.1026778e-10,3.8996787e-13,2.8484457e-18,3.718008e-12,1.6366014e-10
560000,193,351,0,6.6090844e-10,3.2311563e-11,3.1832146e-22,1.1734642e-35,1.1842695e-17,4.5143034e-13
560000,73,112,0,-1.256365e-12,6.453498e-11,1.206436e-14,9.869046e-23,1.3843637e-13,3.926417e-11
560000,433,209,0,2.0253703e-11,1.4469521e-11,5.351607e-16,1.1161795e-25,4.681128e-21,2.1912768e-11
560000,181,250,0,1.0273528e-09,2.124518e-11,1.4132035e-35,0.0,8.797153e-14,1.9797821e-19
560000,90,478,0,-1.0229111e-12,6.546566e-11,3.8065035e-13,2.2369017e-18,1.2246111e-14,2.1907907e-10
560000,421,148,0,8.484106e-12,1.5518298e-11,8.172251e-12,3.5761867e-15,3.6149182e-17,2.2848447e-11
560000,7,259,0,-1.0514923e-12,8.9609264e-11,4.483511e-15,2.9124192e-23,3.3883112e-13,6.696687e-11
560000,377,225,0,4.6756144e-11,4.8069225e-13,2.029946e-24,2.72e-43,1.2042537e-33,9.689797e-12
560000,207,383,0,6.862925e-11,5.359384e-14,8.8331946e-18,3.1470532e-29,4.6189e-29,3.4718707e-11
560000,410,85,0,3.8113881e-10,4.5465864e-11,2.55835e-12,5.260534e-16,6.688247e-18,2.1137155e-11
560000,70,4,0,-7.0106085e-13,2.6388365e-11,1.2542707e-10,1.1670996e-11,5.7602074e-12,7.693876e-11
560000,24,418,0,4.594855e-13,2.9921052e-11,1.1471488e-11,4.6033234e-15,1.1950238e-17,4.3665568e-10
560000,425,1,0,-2.1051745e-12,1.0820502e-10,2.2826005e-11,7.718886e-14,7.111701e-13,1.6422029e-10
560000,88,80,0,1.5640524e-10,1.0956104e-11,1.9522283e-14,1.3442452e-21,4.0874796e-22,2.5090298e-11
560000,312,152,0,1.0503312e-11,9.360644e-12,1.6721344e-21,3.5212895e-35,3.7564304e-20,9.161403e-11
560000,180,105,0,8.818067e-12,4.352391e-12,3.151978e-17,1.05967354e-26,3.425e-21,5.5756413e-11
560000,218,14,0,-8.9794833e-13,7.029191e-11,2.4007758e-15,3.9726605e-21,2.2890803e-10,3.6889727e-11
560000,205,411,0,1.8029513e-10,1.9194292e-11,5.089316e-17,1.9645235e-25,6.0910923e-19,4.4932037e-11
560000,82,103,0,-2.3629002e-13,8.594141e-11,2.0648819e-17,2.0791602e-27,1.2820595e-12,1.4949628e-11
560000,379,349,0,4.4542837e-12,6.162376e-12,1.1399676e-16,1.799976e-26,8.495513e-22,9.9536816e-11
560000,56,482,0,-1.2761207e-12,1.2672977e-10,7.6389e-14,2.3213139e-20,2.91916e-10,4.751598e-11
560000,51,8,0,-8.9560125e-13,5.3440637e-11,8.603605e-12,4.99169e-15,2.1323413e-17,1.6673143e-10
560000,361,236,0,1.0950676e-12,7.2023706e-12,4.374685e-12,1.0380282e-15,1.0576421e-18,2.0423417e-13
560000,9,496,0,-1.2518529e-12,4.6778737e-11,1.0805618e-11,1.27805515e-14,1.0314244e-15,1.5879506e-10
560000,441,471,0,-1.5170361e-12,9.181507e-11,5.5220737e-13,5.844682e-18,7.164981e-15,9.0629154e-10
560000,84,262,0,1.3608395e-10,9.386698e-13,2.0409661e-12,2.8826522e-16,2.709824e-19,1.6630075e-10
560000,273,35,0,-4.9881345e-13,1.850619e-11,3.74319e-15,8.057385e-22,1.8942541e-19,2.4635594e-10
560000,83,141,0,1.6070331e-12,4.3668732e-11,1.07919975e-11,1.27805515e-14,6.701012e-16,5.6006578e-11
560000,263,223,0,2.0762302e-10,1.38379785e-11,5.5049085e-14,1.8513577e-20,3.7628816e-19,5.3138527e-12
560000,88,246,0,1.0730205e-11,1.4947457e-12,3.3021424e-14,6.5439066e-21,3.6785666e-26,3.8660802e-10
560000,97,397,0,4.460326e-11,3.8826626e-11,2.8290041e-21,5.669308e-37,1.1433251e-14,4.5938836e-11
560000,472,318,0,-5.3939264e-13,1.567087e-11,1.6573628e-14,1.5838091e-21,1.5436754e-20,4.9448245e-12
560000,224,161,0,8.037587e-13,1.607336e-12,4.074132e-24,7.1535e-41,9.875706e-28,1.6091403e-10
560000,20,188,0,-5.686012e-13,2.024683e-11,2.6857926e-12,5.1075494e-16,5.1428135e-15,1.5607124e-10
560000,374,198,0,1.5713854e-10,8.852127e-13,7.692742e-12,3.5334382e-15,8.909747e-18,2.2096565e-15
560000,289,40,0,7.0728384e-12,1.08441214e-10,1.1965426e-11,1.0975394e-14,2.1782305e-12,1.1228723e-11
560000,389,29,0,-1.341605e-12,7.0761855e-11,1.3288038e-11,1.832489e-14,1.1257211e-11,9.5348694e-11
560000,488,291,0,-8.0802465e-13,2.8752644e-11,4.1896963e-13,3.313286e-18,4.8258408e-18,1.4083943e-11
560000,54,176,0,-5.316423e-13,4.8088866e-11,4.5169226e-15,2.8085788e-22,2.3565465e-09,3.0967868e-09
560000,272,256,0,4.633888e-13,1.7716716e-13,0.0,0.0,4.6244144e-36,2.9887863e-09
560000,37,343,0,-7.734404e-13,1.4116223e-11,5.99343e-13,1.3771522e-17,4.6324143e-20,3.1900342e-09
560000,253,178,0,-8.661152e-14,1.3773509e-11,2.98575e-40,0.0,5.3885336e-21,2.9932725e-09
560000,280,323,0,1.1872266e-11,4.230632e-12,4.6337056e-28,0.0,4.657829e-23,8.742403e-11
560000,86,154,0,1.3245038e-12,3.589588e-11,2.0791199e-12,1.0447879e-16,1.13946345e-14,1.16071e-10
560000,235,365,0,6.846717e-12,4.8742785e-12,2.0790593e-24,9.7e-43,1.0158036e-22,3.897558e-14
560000,489,312,0,-5.431305e-13,2.754966e-11,1.1674026e-11,2.1366486e-14,8.906399e-16,1.4789388e-11
560000,87,266,0,2.0581734e-10,4.1020798e-11,1.2346774e-11,1.3152969e-14,2.3029777e-14,1.7532563e-10
560000,42,482,0,-1.1547283e-12,7.5194344e-11,1.0115235e-11,9.075969e-15,2.2512922e-11,2.4034014e-10
560000,291,297,0,-5.0268773e-14,5.992941e-11,1.215311e-26,0.0,2.8077904e-10,9.238506e-16
560000,380,463,0,-7.8800996e-13,2.544537e-11,4.8528723e-14,5.2061378e-20,1.1769488e-15,5.6288172e-11
560000,450,319,0,-2.2821626e-13,8.440795e-12,1.6522667e-15,1.3785482e-23,1.2618875e-22,7.127979e-11
560000,291,50,0,6.008154e-11,6.211926e-11,8.749498e-13,1.4675845e-17,2.1048423e-12,5.9786405e-11
560000,26,189,0,-4.838676e-13,3.062442e-12,4.3105202e-16,1.4964608e-24,2.3229099e-26,9.501862e-11
560000,103,453,0,-4.1077469e-13,4.613384e-11,4.935002e-13,7.8042004e-19,1.490327e-15,6.671167e-11
560000,1,373,0,-8.32673e-13,3.6138696e-11,8.369485e-14,1.24536856e-20,1.00510956e-13,3.4635743e-12
560000,38,356,0,-6.291219e-13,4.8819546e-11,5.6946865e-17,1.6891373e-26,1.0553886e-12,3.1958298e-09
560000,357,104,0,1.0403799e-10,4.316135e-11,8.873617e-15,6.2858684e-22,3.745998e-15,3.127335e-09
560000,83,37,0,-4.286916e-13,5.756968e-11,1.3285873e-11,2.8352517e-14,3.3233162e-12,3.2815295e-09
560000,10,169,0,-1.2406638e-12,1.0010651e-10,9.788609e-13,4.5091796e-17,1.3793871e-14,3.327236e-09
560000,35,409,0,2.8637679e-11,4.0265496e-11,1.9277421e-13,1.1436143e-18,1.0550675e-15,3.1616871e-09
560000,371,398,0,9.281653e-11,6.5252824e-11,2.3872946e-14,6.2591355e-21,1.0250279e-15,3.0130851e-09
560000,478,218,0,-6.7575736e-13,6.781345e-11,1.3051728e-18,4.2603746e-29,2.8950136e-13,3.1012952e-09
560000,208,461,0,-4.916166e-13,3.3012978e-11,1.966737e-13,1.2844502e-19,7.721345e-18,3.2107488e-09
560000,396,34,0,-1.3642168e-12,5.7664956e-11,3.2017625e-11,4.562095e-13,1.727511e-14,3.1611322e-09
560000,133,76,0,1.3985486e-10,2.8827421e-11,6.256905e-13,9.934166e-18,3.8927612e-16,3.0400207e-09
560000,183,374,0,3.534902e-10,3.4654137e-13,1.758952e-32,0.0,6.793854e-29,3.0194895e-09
560000,113,484,0,-6.792093e-13,5.6644873e-11,5.5359506e-12,3.3850198e-15,1.0262649e-13,1.2704492e-10
560000,480,399,0,-8.592085e-13,3.1553645e-11,1.3401213e-12,3.589597e-17,1.059917e-16,3.1561498e-09
560000,9,254,0,-9.910145e-13,9.065906e-11,4.767992e-12,1.3919737e-15,6.379518e-12,3.070354e-09
560000,270,239,0,1.0563602e-11,3.7447757e-11,2.627401e-29,0.0,2.375042e-10,2.988816e-09
560000,244,129,0,4.436945e-10,7.638964e-12,2.9381148e-15,1.1877051e-20,1.2016814e-22,3.145344e-09
560000,111,47,0,1.1571403e-11,4.463171e-11,1.2909947e-10,5.370613e-11,7.504127e-11,3.2254703e-09
560000,309,421,0,2.946873e-12,8.128905e-12,1.6558794e-12,8.761614e-17,6.7881885e-20,3.081289e-09
560000,237,16,0,-8.2971645e-13,5.1491943e-11,2.6987578e-13,3.2589714e-19,8.527076e-13,3.0840235e-09
560000,216,42,0,-7.2548337e-13,1.6973834e-11,8.908763e-11,4.1996333e-12,5.042231e-13,3.4898069e-09
560000,165,120,0,2.1970687e-11,5.263009e-13,2.4313052e-17,5.682821e-28,5.169425e-31,3.0203864e-09
560000,365,480,0,-7.3476853e-13,1.2987722e-11,1.9784825e-11,2.9160397e-14,4.8166476e-16,3.0193004e-09
560000,483,290,0,-9.131798e-13,3.6937755e-11,6.2817467e-15,3.1748064e-23,4.0303253e-13,3.0106588e-09
560000,177,488,0,-8.813045e-13,1.6556152e-10,1.3418886e-11,1.7430354e-14,1.272442e-10,2.998131e-09
560000,446,115,0,5.5241724e-11,2.0619765e-11,1.8483408e-10,5.8673254e-11,5.4553556e-11,3.2189893e-09
560000,219,457,0,-1.1358984e-11,2.2784095e-09,6.4050246e-14,3.512381e-20,4.1188084e-09,1.14961485e-10
560000,142,377,0,3.1686812e-10,2.4007605e-09,4.2318092e-15,9.7312405e-23,4.322092e-09,2.0636961e-11
560000,201,180,0,4.0011224e-13,2.6564724e-14,1.1645943e-37,0.0,4.263578e-37,5.0855625e-11
560000,325,446,0,1.1467004e-10,3.2190816e-11,6.2791175e-11,6.047609e-13,7.5068695e-13,7.1254155e-11
560000,91,145,0,1.1505612e-11,1.3708786e-11,1.2153566e-11,1.2843496e-14,5.519234e-17,3.198284e-11
560000,134,333,0,1.0822308e-10,1.1327191e-12,8.32536e-13,3.2551195e-17,1.0091244e-20,7.427042e-11
560000,220,200,0,7.919443e-11,1.08996284e-14,1.4563405e-20,7.5081665e-35,1e-45,1.9875608e-11
560000,182,151,0,1.152162e-10,4.454296e-15,2.5254958e-20,2.373561e-33,1.77e-43,3.3005408e-12
560000,325,433,0,1.479372e-10,7.543708e-11,8.848361e-15,2.8787968e-22,3.4527996e-13,9.465279e-11
560000,179,398,0,1.2187479e-10,3.8059556e-11,3.0499972e-19,1.0291262e-29,2.7631602e-14,2.8726192e-11
560000,294,34,0,2.0860876e-12,1.14930565e-10,5.2096067e-11,4.209643e-12,2.5590474e-10,1.8388063e-10
560000,110,5,0,-5.4775536e-13,2.1697552e-11,2.003588e-11,4.6694822e-14,4.2431938e-16,2.083413e-10
560000,34,441,0,1.3014619e-12,1.289071e-10,3.0627428e-11,7.247447e-13,2.78292e-11,1.6475973e-10
560000,71,346,0,2.0514082e-10,3.3064364e-11,5.508219e-14,6.8489786e-20,1.490315e-15,5.929387e-10
560000,131,486,0,-4.3307683e-13,2.9007316e-11,3.5464267e-11,1.4052023e-12,2.5424647e-13,1.3910942e-10
560000,475,145,0,-3.2779657e-13,7.674579e-11,6.296705e-15,5.355455e-23,2.9375127e-10,1.0428662e-10
560000,472,379,0,-7.134993e-13,2.0540071e-11,1.177115e-10,1.2093275e-10,6.598343e-10,3.287891e-09
560000,486,402,0,-1.0036925e-12,1.06699594e-10,2.4027963e-10,3.0056964e-11,1.0523101e-11,3.0939533e-09
560000,122,95,0,3.7068e-11,6.121141e-12,5.054997e-15,1.0300951e-21,2.1841934e-25,3.0611444e-09
560000,401,184,0,2.8027428e-10,6.778014e-11,1.0036359e-15,5.5296814e-23,1.0635063e-13,3.2116487e-09
560000,438,375,0,-5.365451e-13,1.32055035e-11,1.7721157e-15,5.9732236e-24,6.1831813e-18,3.1389278e-09
560000,290,49,0,4.5178257e-11,5.8115016e-11,1.3230196e-12,4.6881087e-17,2.1043694e-12,2.9889728e-09
560000,19,81,0,-1.4615052e-12,1.1522025e-10,3.1873657e-13,7.2187275e-18,7.22793e-14,3.1425031e-09
560000,448,26,0,-1.4141112e-12,5.965222e-11,3.9359453e-11,2.6427607e-13,1.7200652e-14,3.0507095e-09
560000,14,483,0,-1.184857e-12,9.527843e-11,9.28994e-14,1.4404402e-19,3.55667e-13,2.3441482e-10
560000,411,417,0,3.656853e-11,3.6656126e-11,1.1270324e-11,1.6122618e-14,3.1244618e-11,3.0612857e-09
560000,28,205,0,-6.1804885e-13,5.7952816e-11,3.4665274e-11,1.5184877e-12,2.210857e-13,3.3008243e-09
560000,410,90,0,5.7320504e-10,7.111014e-11,4.8868253e-15,3.0026033e-22,2.0766963e-13,3.048412e-09
560000,48,492,0,-1.1486509e-12,1.2081962e-10,2.3050523e-11,5.1433087e-14,7.429549e-12,3.120869e-09
560000,444,471,0,-1.3907822e-12,8.8917616e-11,1.4172277e-13,2.6868098e-19,2.448979e-13,3.612539e-09
560000,71,425,0,3.578169e-10,3.5908138e-11,7.285576e-14,7.687132e-21,1.5053877e-13,3.1084366e-09
560000,8,487,0,-1.2882422e-12,1.3190711e-10,6.4153604e-12,5.250169e-15,3.140819e-11,3.2377807e-09
560000,441,286,0,2.7649324e-10,1.9842057e-11,4.1008863e-11,6.7534937e-13,2.5711844e-14,3.132359e-09
560000,415,46,0,5.4427305e-12,1.0710368e-10,7.113713e-11,9.445656e-12,2.924858e-10,3.2192915e-09
560000,242,124,0,2.5234978e-10,1.3816511e-11,4.9814614e-21,1.2886968e-32,2.484018e-16,1.6934334e-10
560000,464,154,0,6.000251e-13,8.592623e-11,2.3107292e-13,1.01693145e-19,9.148517e-14,3.0694904e-09
560000,366,321,0,6.075233e-11,4.7282536e-11,1.3491827e-23,2.6667579e-38,1.8239393e-11,2.9890668e-09
560000,48,477,0,-1.3118673e-12,7.766755e-11,1.4781083e-11,4.5527516e-14,8.9593627e-13,3.3848848e-09
560000,324,499,0,-6.192438e-13,3.9582428e-11,5.2993502e-15,4.877483e-22,5.0369817e-17,3.33995e-09
560000,311,472,0,-4.590679e-13,3.3784454e-11,4.9809413e-14,1.0073756e-20,4.0662525e-14,3.0082004e-09
560000,454,377,0,-9.376776e-13,1.1456251e-10,4.79847e-13,1.3583612e-18,5.2409787e-12,3.0221452e-09
560000,193,145,0,3.245915e-10,1.6415401e-13,1.2296293e-11,2.1518733e-14,1.8479799e-16,3.0057488e-09
560000,331,241,0,9.726886e-12,9.00273e-13,5.9333727e-28,0.0,2.288601e-28,2.9889415e-09
560000,67,223,0,7.939106e-12,2.069347e-11,2.231119e-18,7.774401e-31,2.107095e-15,2.9915472e-09
560000,189,179,0,4.0494756e-13,2.1370485e-13,1.8440723e-38,0.0,8.0037277e-32,3.0390421e-09
560000,387,288,0,1.0725671e-10,1.5815564e-11,1.6882874e-14,9.493587e-22,2.1119182e-18,6.649671e-13
560000,77,424,0,6.323657e-10,4.1601476e-11,2.281993e-16,1.292345e-26,2.4656887e-14,3.1945693e-09
560000,438,33,0,-1.5030982e-13,1.02305116e-10,2.6888277e-12,1.5787158e-16,3.2056784e-11,3.129981e-09
560000,121,162,0,6.347318e-12,3.1296385e-13,7.6982726e-36,0.0,1.2648676e-30,3.1155671e-09
560000,53,445,0,6.066743e-11,6.34831e-11,1.1035794e-11,1.08263465e-14,3.7290285e-11,3.1138976e-09
560000,445,434,0,-4.0675408e-13,3.827977e-11,8.590075e-11,1.1742077e-10,6.5303984e-10,3.2686795e-09
560000,492,352,0,-1.1436135e-12,4.838624e-11,1.4175294e-13,7.750839e-20,1.772747e-11,3.0245288e-09
560000,101,152,0,2.9418946e-11,1.8181543e-11,3.2649545e-13,1.2549304e-17,6.2977785e-18,2.102311e-12
560000,117,474,0,-5.5515255e-13,5.8164935e-11,2.1157854e-13,1.5557616e-17,2.1045433e-12,3.129754e-09
560000,396,228,0,9.031085e-12,9.615865e-12,1.3469299e-20,8.3360153e-35,1.8126734e-21,2.9963823e-09
560000,382,392,0,1.18670325e-11,1.2926839e-10,8.0368047e-13,5.577232e-17,1.4344502e-11,9.081107e-11
560000,60,114,0,-1.2733038e-12,7.057552e-11,2.1835644e-17,3.0640994e-28,6.609664e-16,3.0406904e-09
560000,97,69,0,5.353371e-10,5.7198017e-11,1.835119e-13,1.5409864e-19,2.4247078e-12,3.2053533e-09
560000,23,105,0,-1.1104442e-12,6.8433585e-11,1.5541707e-11,7.5426746e-14,2.0187698e-15,3.1276441e-09
560000,450,66,0,6.122561e-11,1.8156207e-10,9.627442e-15,7.189499e-23,2.7395653e-11,3.0301786e-09
560000,456,358,0,-5.1872547e-13,2.099571e-11,1.6710116e-16,3.3279576e-27,5.514096e-18,1.6434298e-10
560000,38,192,0,-6.795527e-13,6.0477366e-11,3.6530757e-12,1.115277e-15,2.44896e-13,3.0249752e-09
560000,161,78,0,2.2808369e-10,8.182993e-11,5.1096437e-15,1.7524833e-22,3.7068536e-11,3.0533445e-09
560000,462,428,0,-9.974445e-13,7.325786e-11,1.810365e-14,2.227418e-21,5.3010916e-13,3.1143625e-09
560000,56,414,0,4.2705933e-10,1.3117869e-10,2.6368102e-14,3.1083447e-20,2.94567e-12,2.9969365e-09
560000,380,12,0,-1.2153592e-12,7.767691e-11,2.5680129e-12,8.798853e-16,2.4255944e-12,3.119687e-09
560000,369,21,0,-1.362758e-12,1.0084776e-10,2.6695085e-13,2.4838944e-19,1.9959976e-11,3.4087257e-09
560000,404,488,0,-1.0782564e-12,9.979249e-11,3.3709656e-16,3.8154958e-24,2.8061488e-12,3.0563652e-09
560000,454,98,0,8.637092e-13,3.7523516e-11,5.4608536e-11,5.860791e-13,2.0314164e-11,3.199061e-09
560000,9,4,0,-2.905328e-13,4.1187338e-11,6.33874e-18,2.7877453e-27,7.341305e-17,3.0946663e-09
560000,478,83,0,-9.887758e-13,7.211642e-11,2.2379794e-11,8.928052e-14,1.9276334e-14,3.1363196e-09
560000,10,201,0,-4.89964e-13,3.107289e-11,3.7819975e-13,8.373712e-19,3.9316824e-11,2.878625e-10
560000,372,423,0,1.7495535e-12,2.0273797e-11,1.2667061e-12,3.5673924e-17,1.5479319e-18,3.2320255e-09
560000,148,479,0,-4.882817e-13,3.382663e-11,9.888059e-16,3.1028448e-25,3.4257902e-11,3.1011003e-09
560000,127,109,0,6.391225e-11,3.0686675e-11,1.3999332e-20,2.9252473e-28,2.4710592e-15,3.8149772e-09
560000,202,438,0,1.4739874e-11,3.0693406e-11,1.35450776e-17,2.0194417e-26,7.548934e-15,1.0235631e-10
560000,227,152,0,3.3735438e-12,1.0770602e-11,1.4441015e-15,6.5114894e-24,4.8240425e-18,2.9960572e-09
560000,294,107,0,-2.0109158e-13,1.7103513e-11,1.468957e-18,5.3426794e-30,6.9669767e-22,3.1170189e-09
560000,40,160,0,-1.0256012e-12,7.909407e-11,3.4448002e-12,1.2209618e-15,3.1516133e-11,3.2781826e-09
560000,57,255,0,1.0029686e-10,1.4026442e-11,6.1651806e-15,3.4257253e-22,3.354822e-20,3.1941312e-09
560000,126,264,0,7.552645e-11,3.3780132e-13,9.973144e-21,2.320712e-36,7.278821e-32,3.0196954e-09
560000,2,284,0,-1.154757e-12,5.5165334e-11,3.4091835e-16,4.394191e-24,1.1775592e-15,3.0899208e-09
560000,319,2,0,-7.7064565e-13,3.956684e-11,3.0578613e-25,7.397e-42,1.3185183e-15,2.8541688e-10
560000,73,35,0,-7.5984575e-13,3.46956e-11,1.8348624e-14,2.7688922e-21,1.1126106e-18,3.083743e-09
560000,58,360,0,8.875109e-12,4.9322265e-11,5.5741634e-20,6.0976207e-34,1.7989053e-15,3.0644896e-09
560000,94,372,0,3.511731e-11,3.3041035e-11,3.662613e-16,9.018184e-25,1.9034494e-12,2.9979745e-09
560000,318,484,0,-5.6416845e-13,1.6569123e-11,5.9170713e-13,1.9904253e-18,4.8879266e-21,3.0539986e-09
560000,364,419,0,1.0573023e-11,1.1085859e-11,2.3297578e-13,1.7997943e-19,3.6576913e-19,3.1392913e-09
560000,441,230,0,-5.0242476e-13,4.170815e-11,3.50121e-09,7.1996675e-10,1.1545023e-09,1.5984816e-10
560000,43,182,0,-6.803063e-13,5.0566076e-11,1.7720126e-11,2.8007602e-14,9.9700775e-15,3.07835e-09
560000,424,26,0,-1.592041e-12,1.232822e-10,1.5580395e-10,1.1934558e-11,6.4873704e-11,3.0629739e-09
560000,121,495,0,-4.923854e-13,3.3767943e-11,1.2151445e-15,5.7985867e-25,2.5620563e-09,3.456526e-09
560000,76,42,0,-3.7674773e-13,6.297875e-11,6.718363e-11,2.5202594e-12,2.7300373e-13,3.1685863e-09
560000,388,338,0,-1.4505268e-13,3.1160876e-11,1.2987241e-29,0.0,1.2820478e-12,3.0316147e-09
560000,56,149,0,-1.002656e-12,4.8091815e-11,6.680181e-14,4.1681754e-20,7.258193e-17,3.0401488e-09
560000,20,155,0,-1.3653576e-12,1.1002466e-10,1.7328193e-12,9.835948e-17,3.2678717e-11,3.0356098e-09
560000,452,62,0,3.7133817e-11,2.2954669e-10,2.9606014e-12,2.4233396e-16,4.450257e-11,3.1221914e-09
560000,320,156,0,1.6467607e-11,2.0939167e-11,1.8417728e-28,0.0,7.8430704e-14,3.019956e-09
560000,203,1,0,-3.8837016e-13,9.574967e-13,1.3688422e-11,1.1043896e-14,3.4770527e-17,3.2026886e-09
560000,377,289,0,1.9631281e-11,4.950439e-12,3.547383e-11,1.4052023e-12,1.8811148e-13,1.5040101e-13
560000,406,10,0,-1.4061893e-12,6.849633e-11,4.7311387e-11,5.785525e-13,1.1498951e-12,3.0971092e-09
560000,398,487,0,-1.1933171e-11,2.3263917e-09,1.6964413e-16,7.087984e-27,4.11881e-09,4.9637308e-11
560000,499,300,0,-4.3610195e-13,6.1238915e-13,6.569944e-16,3.6750133e-25,1.6529688e-32,3.718805e-11
560000,74,443,0,8.42175e-11,8.7656694e-11,1.1720843e-12,1.2041902e-16,9.6596904e-14,3.947215e-10
560000,403,426,0,1.3958006e-10,2.3520463e-09,1.4255857e-18,1.9460152e-28,4.1188195e-09,5.23347e-11
560000,413,445,0,1.4157414e-10,2.2961035e-09,4.32499e-12,9.363242e-16,4.1188084e-09,9.823833e-11
560000,223,280,0,1.9962988e-10,7.1711708e-12,7e-45,0.0,1.6222141e-18,1.8817729e-11
560000,249,281,0,9.368337e-12,1.4751614e-14,0.0,0.0,2.81251e-39,1.1781053e-18
560000,220,142,0,1.6099328e-11,3.451671e-13,4.499127e-16,6.8386593e-25,8.891282e-32,3.0464256e-11
560000,30,15,0,-9.369887e-13,2.7975393e-11,2.1950131e-17,6.5291205e-27,1.9541668e-15,3.5864167e-10
560000,140,260,0,4.146472e-10,1.1443017e-12,2.4351216e-33,0.0,6.254653e-28,8.787122e-11
560000,69,145,0,-7.4760407e-13,2.4137716e-11,2.89737e-13,1.6124e-18,2.9181503e-17,3.101373e-11
560000,211,34,0,-8.5148875e-13,4.8747784e-11,2.1979163e-12,2.8853165e-17,8.934296e-16,4.508706e-11
560000,371,177,0,1.9688976e-11,9.829787e-13,1.7072807e-18,5.23782e-30,3.5990646e-27,2.7982785e-14
560000,356,451,0,2.1007083e-11,5.0150484e-11,6.1645906e-14,1.5146473e-19,1.436174e-14,2.2222926e-10
560000,380,402,0,1.1350582e-11,4.293558e-11,3.845938e-14,3.2359098e-21,2.9118772e-16,1.0614873e-11
560000,380,139,0,7.78248e-11,2.6021954e-11,9.459942e-18,8.2341516e-29,1.4187796e-11,5.20084e-12
560000,281,289,0,4.8631975e-13,9.331589e-12,9.5569e-41,0.0,8.7330735e-18,6.2468614e-11
560000,362,90,0,2.2246807e-10,3.3253733e-11,1.194694e-14,1.9143531e-22,3.5267175e-11,2.326271e-11
560000,414,494,0,-1.4951329e-12,8.897173e-11,6.666684e-11,2.7491173e-12,3.7936275e-13,1.461455e-10
560000,187,149,0,1.4275378e-10,1.3510751e-15,1.0191566e-15,6.875177e-24,2.970385e-30,1.0333477e-10
560000,332,363,0,4.349518e-11,6.0600717e-12,4.022428e-18,2.1830731e-28,3.5066185e-22,2.7020616e-10
560000,374,492,0,-7.1013925e-13,3.3113665e-11,1.8290538e-13,8.1929396e-20,3.2665528e-18,3.2461305e-09
560000,253,489,0,-7.4351175e-13,7.050427e-11,4.1405795e-15,9.1399804e-23,1.3202919e-11,1.8791134e-12
560000,6,18,0,-5.745248e-13,5.7226727e-11,9.711549e-11,1.8720721e-11,8.2806175e-12,3.2310703e-09
560000,66,38,0,-7.8478836e-13,2.93588e-11,8.5533447e-17,2.3347072e-27,2.9247584e-18,3.090603e-09
560000,475,361,0,-5.806569e-13,3.356812e-11,2.2294914e-11,1.236846e-13,1.5799672e-15,3.2005738e-09
560000,452,406,0,-9.282026e-13,3.2155733e-11,3.4622778e-09,7.191878e-10,1.1532664e-09,2.5991917e-10
560000,66,427,0,4.1309622e-10,6.297421e-11,1.1700756e-11,1.8630927e-14,5.585139e-14,3.0608713e-09
560000,15,353,0,-1.0699059e-12,6.0323996e-11,3.394885e-14,1.1116091e-21,6.5168182e-15,2.2400548e-10
560000,2,220,0,-1.8555672e-13,1.3234729e-12,8.007672e-13,6.0834527e-18,4.340346e-22,2.9994076e-09
560000,438,8,0,-2.0170079e-12,9.520241e-11,3.8757824e-09,7.456527e-10,1.1668979e-09,1.8075873e-10
560000,222,486,0,-6.7641856e-13,2.8353908e-11,1.0606338e-14,5.859603e-22,4.1539092e-19,1.3272519e-10
560000,8,11,0,-5.490064e-13,6.128623e-11,5.8259777e-13,6.8642785e-18,1.2822295e-16,1.4654444e-10
560000,58,430,0,4.06057e-10,9.746485e-11,2.3190143e-11,9.634157e-14,1.9638883e-12,8.759936e-11
560000,32,248,0,-5.2367545e-13,2.2062314e-11,4.9418112e-11,7.2101396e-13,6.3116857e-14,3.156967e-09
560000,368,492,0,-6.529137e-13,2.7740369e-11,3.8707687e-12,3.361688e-16,5.662888e-18,3.3630534e-09
560000,131,21,0,-4.357349e-13,2.4729514e-11,1.4271373e-11,6.440036e-14,2.8850888e-10,4.5998646e-11
560000,46,238,0,4.722141e-13,3.5658528e-11,1.4560075e-15,7.454094e-24,4.7821684e-17,3.043913e-09
560000,311,492,0,-5.9052367e-13,4.0635804e-11,9.584874e-13,6.3928013e-18,6.667926e-15,2.78672e-11
560000,457,291,0,1.41248775e-11,3.764284e-11,3.3462276e-12,3.6618108e-16,7.781058e-16,1.8814177e-10
560000,483,151,0,-1.0950915e-12,4.9591622e-11,3.5269456e-22,2.801622e-37,6.2553223e-13,4.4491885e-10
560000,134,66,0,2.5758704e-10,3.9385665e-11,3.4741685e-09,7.192054e-10,1.1535108e-09,1.2744557e-11
560000,46,20,0,-1.2447733e-12,8.5420754e-11,7.16972e-11,1.946334e-12,3.8209057e-11,3.1704401e-09
560000,169,472,0,-3.284991e-13,1.2441801e-12,1.7326676e-17,1.6869707e-28,6.658113e-24,1.4301706e-10
560000,4,422,0,-8.9316136e-13,8.033065e-11,2.2436341e-11,7.818001e-14,3.2294476e-11,1.6849884e-10
560000,433,114,0,2.4081256e-11,3.6716557e-11,5.8338134e-14,2.748803e-20,1.772747e-11,3.1208016e-09
560000,218,446,0,2.9614295e-12,3.4329404e-11,3.468635e-09,7.1918993e-10,1.1532667e-09,3.5734676e-11
560000,455,330,0,-3.514781e-13,1.4317232e-11,5.296151e-15,2.93357e-23,3.0652805e-15,1.0418814e-10
560000,493,196,0,-1.010966e-12,4.1722334e-11,1.614102e-17,1.5975224e-27,3.2380828e-16,4.18493e-10
560000,21,492,0,-9.0406697e-13,2.4988284e-11,2.2332023e-12,3.6279782e-16,1.5792081e-18,1.9202712e-10
560000,482,212,0,-7.4893607e-13,6.91654e-11,1.8767575e-16,1.1518521e-24,6.394586e-14,2.1112077e-10
560000,21,467,0,-1.2096092e-12,1.03452566e-10,4.979556e-15,1.022119e-23,2.4625887e-10,5.182205e-10
560000,495,380,0,-8.729365e-13,5.122348e-11,2.2077192e-16,1.764374e-25,3.0316555e-10,3.1370315e-09
560000,248,6,0,-4.794347e-13,5.9758687e-12,5.9862996e-12,3.4273848e-15,1.9976609e-17,3.0684566e-10
560000,455,145,0,3.8393715e-11,1.2764215e-10,1.0432503e-14,3.2781795e-22,1.1788433e-13,1.303094e-10
560000,15,359,0,-1.3312748e-12,8.146337e-11,1.2298551e-11,7.501898e-15,2.1020446e-10,3.1490082e-09
560000,41,306,0,-5.5854355e-13,3.5750045e-11,3.579749e-09,8.770095e-10,1.8782544e-09,7.36976e-11
560000,398,310,0,1.14413756e-10,2.2494862e-11,5.0003987e-16,2.218196e-25,4.2515416e-17,3.7319387e-11
560000,464,349,0,-4.175702e-13,1.316654e-11,5.240136e-11,4.3877575e-12,7.1020647e-13,5.488019e-11
560000,460,237,0,-7.5740147e-13,7.851136e-11,1.0227475e-14,5.5007516e-22,9.860221e-13,9.9633815e-11
560000,86,12,0,-5.3463153e-13,1.2802657e-11,3.7370527e-11,1.4044595e-13,1.6417326e-15,2.095558e-10
560000,468,459,0,-8.4063176e-13,5.3385022e-11,7.355301e-14,8.617637e-21,2.5620563e-09,3.2382315e-09
560000,298,477,0,-4.0113808e-13,7.219998e-12,3.462259e-09,7.191878e-10,1.1532664e-09,7.91706e-11
560000,335,51,0,4.548245e-12,5.6261478e-11,1.6494423e-16,8.6475604e-26,2.2355932e-14,3.1586176e-09
560000,255,66,0,1.4462469e-11,9.022202e-12,2.1603054e-18,2.4361882e-28,5.6021237e-24,3.0917475e-09
560000,238,473,0,-6.993755e-13,3.9282324e-11,9.54543e-16,4.136492e-24,2.2086395e-12,3.2308252e-09
560000,9,54,0,-1.1933608e-12,4.9679524e-11,4.287978e-11,1.0431664e-12,1.12858446e-13,1.9255632e-10
560000,68,172,0,2.061928e-12,2.4944373e-11,5.845303e-15,2.865263e-23,6.1209544e-16,3.0690406e-09
560000,72,136,0,-9.0448515e-13,8.3557945e-11,7.1590976e-16,6.403129e-24,3.8788e-11,1.0739208e-11
560000,21,51,0,-1.2831464e-12,6.972093e-11,3.2953599e-13,1.6348298e-18,2.332581e-10,2.9123498e-10
560000,41,286,0,-1.4110056e-13,6.976737e-11,3.4202776e-11,1.5799428e-13,1.9836598e-11,2.0690415e-11
560000,272,19,0,-9.903292e-13,1.0051304e-10,3.5464156e-11,1.4052023e-12,2.143526e-13,9.703635e-12
560000,478,119,0,-4.1622242e-13,3.384634e-11,3.1902193e-11,4.795141e-13,1.8515959e-14,2.428307e-10
560000,248,366,0,1.6075462e-11,1.9916185e-11,4.485189e-24,3.35315e-40,3.9015824e-15,2.9895297e-09
560000,359,498,0,-5.662155e-13,3.7568428e-11,7.7171845e-11,3.4252854e-12,4.6311544e-13,2.6208585e-10
560000,48,209,0,-6.187185e-13,2.3883019e-11,4.2933907e-13,2.661091e-18,1.3423232e-19,8.136752e-11
560000,433,482,0,-1.927541e-12,2.3889046e-10,1.7369257e-11,1.4232704e-13,4.417426e-10,3.2762255e-09
560000,7,494,0,-1.3322124e-12,6.5342454e-11,6.240468e-11,1.0174267e-11,4.6837738e-12,3.0842366e-09
560000,204,33,0,-7.709964e-13,3.1087462e-11,4.5857664e-13,1.803306e-18,1.6461233e-16,3.0028402e-09
560000,239,24,0,-7.505273e-13,1.2424292e-11,6.0001663e-18,2.731168e-30,3.0017144e-22,2.2171248e-10
560000,92,448,0,3.2863098e-12,8.753443e-11,2.1516042e-11,7.145671e-14,9.541741e-13,3.0466636e-09
560000,59,480,0,-1.295619e-12,1.3669263e-10,9.948494e-16,2.0656236e-22,3.894699e-13,5.502045e-11
560000,145,425,0,1.0439764e-11,5.950857e-11,1.9981296e-11,4.6694782e-14,8.592158e-14,1.0934298e-10
560000,45,58,0,-8.831333e-13,4.311719e-11,8.720982e-12,4.4683093e-15,3.7290254e-11,3.2097844e-09
560000,1,479,0,-1.1932472e-12,4.0569565e-11,9.4948556e-11,1.954287e-11,4.5145873e-11,3.042319e-10
560000,158,424,0,1.26755845e-11,5.497426e-11,3.676256e-16,4.764587e-24,3.0297286e-11,3.0306258e-09
560000,441,5,0,-1.9795708e-12,8.898888e-11,1.446102e-11,9.600954e-15,2.9193117e-13,3.1415774e-09
560000,219,455,0,-1.2136315e-12,3.383284e-11,9.0274007e-13,1.3587078e-17,2.4001522e-14,8.7166566e-11
560000,28,320,0,-6.5994573e-13,1.4330603e-11,7.918931e-14,1.2839121e-20,3.2624656e-21,7.519448e-11
560000,38,484,0,-1.0582412e-12,4.946127e-11,7.642768e-12,1.6641978e-14,7.753557e-15,3.0575324e-09
560000,364,490,0,-6.424568e-13,2.2412024e-11,7.0552587e-12,8.25199e-15,2.6096649e-15,2.7301117e-10
560000,334,124,0,3.654039e-10,3.4513982e-11,6.569357e-11,9.904258e-12,4.2529834e-12,2.0501626e-11
560000,453,451,0,-7.9080297e-13,2.5458222e-11,7.586453e-13,2.9196097e-18,3.670294e-18,3.0970195e-09
560000,74,114,0,-1.2480964e-12,6.2204464e-11,2.4796075e-13,2.1181398e-19,2.208652e-12,3.0330483e-09
560000,393,177,0,6.818959e-11,3.8209453e-12,1.5627163e-14,8.2394545e-22,4.315166e-24,3.06166e-09
560000,305,51,0,1.2804603e-10,6.0717126e-11,5.1230535e-12,1.8260728e-15,2.5891087e-15,1.2281777e-10
560000,495,477,0,-3.0229449e-13,2.8416615e-11,9.190477e-11,3.4079113e-12,3.8739693e-13,3.1377112e-09
560000,31,303,0,-5.626975e-13,5.614244e-12,2.5690677e-13,2.816366e-19,2.6279866e-24,5.1337455e-11
560000,465,36,0,-1.4196564e-12,6.930414e-11,1.3364519e-12,3.9329785e-17,4.249362e-12,3.249936e-09
560000,491,131,0,-1.0231684e-12,6.654128e-11,5.3829e-12,2.0426619e-15,3.5558655e-15,4.2989192e-11
560000,151,15,0,-7.1052056e-13,7.779576e-11,5.2967457e-11,4.1172807e-12,1.7343455e-11,3.0257703e-09
560000,19,319,0,-9.192588e-13,5.2860535e-11,2.8723248e-13,2.54033e-18,2.4825433e-09,2.996171e-09
560000,56,154,0,-9.14364e-13,4.986158e-11,1.14720984e-11,1.8630302e-14,1.3663326e-12,3.031954e-09
560000,457,137,0,7.800404e-11,4.832023e-11,5.5664223e-12,1.6740468e-15,1.1426366e-13,7.824267e-11
560000,425,79,0,8.8105434e-10,3.3631372e-11,7.067107e-11,1.832892e-12,1.6329387e-13,7.302796e-11
560000,34,34,0,-9.955432e-13,3.8630512e-11,1.2145616e-11,9.244308e-15,2.3159291e-12,3.116426e-09
560000,456,57,0,1.0696903e-11,1.3011989e-10,8.240557e-11,4.8974862e-11,9.951414e-11,3.214854e-09
560000,74,101,0,-6.8554147e-13,3.363952e-11,2.9287187e-17,2.805303e-28,5.3148216e-19,3.0035268e-09
560000,454,232,0,-7.470677e-13,3.3064503e-11,2.2459627e-13,2.402311e-18,2.1150144e-15,2.455345e-11
560000,400,341,0,-7.6037386e-13,6.573143e-11,3.462259e-09,7.191878e-10,1.1543949e-09,1.3924788e-11
560000,440,148,0,4.1779163e-11,5.6515716e-11,2.7581587e-12,1.9410006e-16,1.6775442e-14,3.0880956e-09
560000,294,4,0,-4.7274007e-13,6.2196762e-12,9.8823795e-14,1.1374593e-20,4.581092e-21,5.451315e-11
