mcsteps,xCOM,yCOM,zCOM,il8,il1,il6,il10,tnf,tgf
690000,170,80,0,2.062177e-09,2.5777065e-11,1.6402762e-17,2.5161697e-27,8.888655e-19,1.18471e-10
690000,217,214,0,2.0516182e-09,2.216458e-12,2.2844428e-11,1.4702474e-13,2.0232117e-15,2.009474e-15
690000,289,163,0,2.0578372e-09,3.111598e-12,3.4766605e-16,1.2972454e-23,4.937183e-22,1.0616539e-11
690000,413,269,0,2.6124085e-09,4.482402e-11,1.77598e-27,0.0,9.410345e-14,1.8772605e-11
690000,414,200,0,2.117095e-09,3.0841538e-11,1.376306e-13,3.9424969e-19,5.261367e-18,8.745911e-14
690000,197,139,0,2.0808175e-09,1.1737913e-11,8.4082453e-13,6.1919425e-17,5.9254163e-19,1.1998212e-10
690000,378,208,0,2.0546385e-09,8.052265e-13,9.438763e-16,2.7232216e-25,8.833082e-31,3.6615672e-11
690000,155,198,0,2.6275928e-09,2.7590577e-11,7.300787e-36,0.0,1.4183016e-15,4.548458e-13
690000,397,297,0,2.1387012e-09,7.586162e-11,1.99605e-17,6.6568804e-26,1.6636952e-10,1.7550503e-10
690000,409,184,0,2.1199584e-09,4.0637053e-11,3.0634636e-15,7.788824e-23,1.2304324e-13,2.777157e-11
690000,336,94,0,2.2013442e-09,2.3838086e-11,9.712179e-14,1.7892451e-20,1.5349558e-13,4.852545e-11
690000,438,279,0,2.0699893e-09,1.8741914e-11,5.5718877e-11,3.92608e-12,5.607408e-13,1.973742e-10
690000,307,245,0,2.0507984e-09,2.147943e-11,4.8769894e-24,1.3e-43,3.3432558e-15,3.635219e-11
690000,352,156,0,2.1222952e-09,2.1511152e-11,9.702106e-13,8.346549e-17,9.879849e-15,1.9224549e-11
690000,175,364,0,2.2655189e-09,5.931286e-13,2.812987e-19,2.2379573e-30,3.3742417e-30,1.5508465e-12
690000,312,359,0,2.068128e-09,2.1077433e-11,1.1464327e-13,2.5314627e-20,1.791484e-14,2.1738868e-11
690000,258,315,0,2.0672704e-09,1.00349376e-13,2.6993862e-30,0.0,1.43585e-40,9.294395e-12
690000,390,112,0,2.0597617e-09,1.7831552e-11,6.0946734e-12,3.6940454e-15,3.0510164e-16,6.8243106e-11
690000,84,355,0,2.2118223e-09,1.6404152e-12,1.2724679e-13,4.7868257e-20,1.4592169e-25,4.230527e-11
690000,138,255,0,2.0548865e-09,1.1886359e-12,6.111049e-33,0.0,4.3199915e-26,1.2559367e-11
690000,113,137,0,2.0505837e-09,1.7735018e-11,5.5359454e-12,3.3850198e-15,4.6395172e-11,2.7015657e-11
690000,141,300,0,2.1362836e-09,1.0524243e-11,7.6145284e-20,4.7212296e-35,2.102475e-19,1.24777645e-11
690000,434,65,0,2.149297e-09,2.7116727e-11,5.0453156e-11,4.7923067e-12,8.7678096e-13,1.2444107e-10
690000,167,372,0,2.2459072e-09,1.4870136e-12,2.2618371e-22,1.4632e-40,4.1634173e-24,2.1294629e-10
690000,214,283,0,2.0649151e-09,2.452597e-13,1.64e-43,0.0,4.0970462e-36,6.1325195e-11
690000,90,213,0,2.0850417e-09,2.6522966e-11,1.2810197e-22,2.1273099e-37,1.8174494e-18,6.8854293e-12
690000,327,125,0,2.0872941e-09,1.3622167e-11,5.767311e-13,3.5462503e-18,4.0154132e-20,8.598795e-11
690000,270,364,0,2.0787205e-09,9.835906e-12,1.4733818e-13,4.868032e-20,1.3383229e-15,4.892184e-11
690000,210,112,0,2.071689e-09,2.7598746e-14,5.154789e-19,1.8185405e-32,4.6819e-40,1.8099487e-11
690000,412,292,0,2.1843556e-09,1.5782072e-11,1.6046499e-14,3.2090556e-22,2.2358416e-17,9.004394e-11
690000,353,87,0,2.2360482e-09,3.6746465e-12,7.550334e-18,3.5428736e-29,1.3486466e-25,6.3368547e-11
690000,142,318,0,2.1101068e-09,1.7405792e-11,2.5882725e-16,2.311212e-25,4.8593304e-19,6.2757105e-11
690000,284,205,0,2.1134792e-09,2.3397723e-11,3.8245425e-27,0.0,1.0466371e-14,1.2411555e-11
690000,294,191,0,2.1182918e-09,3.063454e-11,2.5036344e-33,0.0,1.41523146e-14,1.17713886e-11
690000,247,87,0,2.1010078e-09,8.010609e-12,1.7361101e-21,1.377947e-38,1.4617872e-23,1.2940886e-10
690000,124,402,0,2.1748645e-09,9.058275e-12,1.0769283e-12,2.0094197e-16,1.1647572e-18,1.09138226e-10
690000,237,303,0,2.0719326e-09,2.1243307e-12,1.4302745e-25,3e-44,1.3366808e-23,7.705607e-13
690000,406,90,0,2.0773743e-09,4.0646278e-11,2.7184417e-15,2.90482e-24,2.429501e-13,1.16342595e-10
690000,121,416,0,2.1531326e-09,1.8398767e-11,1.9121525e-12,8.142505e-17,1.4147012e-20,1.0275918e-10
690000,337,200,0,2.3398579e-09,1.5640784e-11,4.3982696e-31,0.0,2.1322945e-11,3.8428524e-11
690000,96,73,0,2.0542608e-09,4.160202e-11,2.5673446e-15,3.0991122e-24,3.381237e-13,4.3579e-10
690000,318,387,0,2.0609485e-09,1.3821553e-11,3.1177508e-18,2.7978738e-31,4.8240474e-18,7.445419e-11
690000,175,139,0,2.0761537e-09,1.7744846e-11,4.0718165e-19,1.3444151e-32,2.3154254e-12,2.073252e-10
690000,150,197,0,2.758594e-09,9.339067e-12,1.2817929e-38,0.0,8.497928e-22,4.918848e-12
690000,80,421,0,2.246937e-09,3.5841764e-11,5.9515017e-15,7.557801e-24,5.5432496e-17,1.7504258e-10
690000,211,338,0,2.1656852e-09,4.2068057e-11,1.0845618e-25,0.0,3.037601e-14,2.1413989e-13
690000,137,383,0,2.1445772e-09,3.0627136e-11,3.668602e-11,3.4616933e-13,1.1394432e-14,5.5888644e-11
690000,84,410,0,2.2223625e-09,7.208517e-11,2.3657242e-12,1.2078561e-16,2.7706826e-10,1.3158251e-10
690000,128,368,0,2.3110311e-09,2.726787e-11,1.4919183e-20,3.018343e-35,3.0630944e-14,1.3451027e-11
690000,345,201,0,2.340773e-09,1.6782625e-12,3.331038e-24,6.85e-43,5.0171233e-25,8.5337824e-14
690000,187,277,0,2.0674789e-09,1.4458745e-12,0.0,0.0,2.2684728e-27,1.1981872e-14
690000,82,343,0,2.29468e-09,3.647623e-11,1.2019044e-11,2.9219574e-14,5.4580372e-15,3.9529663e-10
690000,59,395,0,2.1722086e-09,4.8900148e-11,3.4005465e-19,1.7039251e-31,6.3046217e-15,5.635025e-11
690000,339,428,0,2.1732058e-09,1.925146e-11,7.2734718e-12,3.5598796e-15,4.5534068e-18,1.0054071e-10
690000,352,314,0,2.0531028e-09,5.287438e-12,4.8015486e-14,2.2098847e-20,1.4203357e-22,2.3830393e-11
690000,192,347,0,2.1760147e-09,3.5297418e-11,2.812987e-19,2.2379573e-30,9.971595e-14,1.2573149e-12
690000,90,331,0,2.169269e-09,5.5075965e-12,5.491395e-17,3.787356e-28,8.656923e-25,1.113609e-10
690000,210,354,0,2.2826354e-09,8.539696e-12,2.733742e-26,0.0,7.0618015e-22,2.6572352e-11
690000,254,221,0,2.0531705e-09,1.9092563e-11,1.439219e-13,4.146948e-20,9.8284765e-15,8.34421e-13
690000,247,110,0,2.1146545e-09,1.5956866e-11,5.345107e-23,3.85e-42,7.763685e-16,3.533251e-11
690000,68,262,0,2.0575663e-09,2.3534055e-09,8.9858324e-14,1.2127122e-20,4.118816e-09,3.9281153e-10
690000,408,271,0,2.623123e-09,3.057624e-11,1.3866698e-24,1.398e-42,1.9779548e-11,2.0442197e-11
690000,354,360,0,2.053936e-09,1.24976045e-11,1.4640485e-17,2.9151068e-29,5.6239187e-16,4.3417304e-11
690000,55,408,0,2.1869835e-09,6.4922075e-11,1.7654198e-11,3.514166e-14,6.3726074e-16,4.0558133e-11
690000,337,441,0,2.1727937e-09,3.739332e-11,5.045325e-14,4.4827878e-21,2.6467347e-16,1.1541245e-10
690000,249,131,0,2.0811708e-09,1.23170935e-11,2.4875733e-12,2.433393e-16,1.7665728e-18,1.288053e-10
690000,122,291,0,2.2091897e-09,2.0732261e-11,7.912002e-15,5.1590413e-22,2.9955993e-16,5.2679003e-12
690000,265,441,0,2.0502753e-09,4.905799e-11,4.1344434e-14,4.591723e-21,3.804497e-14,8.314552e-11
690000,109,292,0,2.1872357e-09,3.1994563e-11,3.1896635e-11,4.795141e-13,1.00627894e-13,2.9640495e-11
690000,227,94,0,2.1070956e-09,5.9504988e-12,2.0070917e-16,1.0383887e-25,5.401081e-24,3.1819953e-11
690000,340,168,0,2.1197248e-09,1.6153048e-12,1.3887359e-16,8.987425e-27,1.1172533e-30,1.6660975e-12
690000,289,374,0,2.089909e-09,1.9259967e-11,1.3103297e-16,3.9325413e-26,5.552433e-18,1.0394026e-10
690000,193,311,0,2.058386e-09,1.2363095e-14,3.3029458e-36,0.0,1.63e-43,2.5280136e-13
690000,212,418,0,2.0509427e-09,4.540915e-12,3.1800182e-16,2.0104994e-25,1.0539544e-21,2.9391872e-10
690000,202,365,0,2.2356397e-09,2.8604157e-12,2.9760712e-23,1.2432e-41,2.934124e-26,9.741767e-12
690000,63,433,0,2.0961635e-09,7.415434e-11,6.757324e-11,4.9259436e-13,3.6631407e-14,1.2567623e-10
690000,119,338,0,2.0795192e-09,1.7743996e-11,3.1638987e-15,2.3375708e-24,8.5200775e-13,3.30474e-12
690000,90,192,0,2.0807633e-09,5.151588e-11,5.2518683e-13,1.3194014e-18,6.631955e-16,9.398582e-11
690000,147,93,0,2.2690148e-09,1.3351679e-12,1.4246946e-12,1.2534744e-16,5.562153e-20,5.298656e-11
690000,182,249,0,2.0577777e-09,1.2502732e-11,1.8897143e-32,0.0,6.108577e-16,3.8769145e-17
690000,346,76,0,2.2096311e-09,2.8746562e-11,5.1825697e-12,2.5169715e-15,1.2177425e-13,4.2693876e-11
690000,359,392,0,2.053545e-09,5.265912e-11,7.430352e-12,1.0749593e-14,3.5327923e-13,2.3234785e-10
690000,87,276,0,2.0783246e-09,2.209928e-11,1.2284257e-14,5.373086e-22,3.7521937e-20,5.7132625e-11
690000,404,256,0,2.2114337e-09,3.404254e-11,5.4394335e-17,4.431085e-26,4.687611e-13,2.7375066e-11
690000,135,222,0,2.1442248e-09,3.3395717e-12,6.222477e-29,0.0,1.5676552e-25,1.9591235e-11
690000,380,155,0,2.1484508e-09,1.4827743e-11,5.998632e-16,1.0801171e-25,5.6239224e-16,2.8142533e-11
690000,444,131,0,2.050333e-09,2.6752314e-11,2.711304e-12,1.5892427e-16,2.5430345e-11,4.4620713e-11
690000,165,402,0,2.063279e-09,4.800084e-11,4.382669e-14,1.2711301e-21,3.1091799e-13,1.6694514e-11
690000,141,194,0,2.379855e-09,1.2528567e-11,0.0,0.0,3.0029129e-13,4.2787843e-11
690000,341,110,0,2.1628968e-09,3.1853582e-11,7.069522e-17,4.321109e-28,1.3234096e-12,6.49463e-11
690000,119,223,0,2.132439e-09,3.3496234e-11,7.796436e-20,3.2786171e-31,2.8788253e-15,9.051457e-11
690000,409,435,0,2.0499185e-09,6.51012e-11,1.0117807e-15,9.129995e-25,2.415273e-11,2.0457104e-10
690000,126,66,0,2.05687e-09,5.343527e-11,1.2761815e-14,2.303491e-21,5.011839e-15,2.4434077e-10
690000,301,62,0,2.0501372e-09,5.4099482e-11,8.4593044e-12,6.9459764e-15,2.8220742e-12,5.028209e-11
690000,141,101,0,2.2587563e-09,2.6867647e-11,1.4392262e-15,1.3673851e-24,1.425622e-14,1.6995745e-11
690000,426,77,0,2.1662443e-09,3.303028e-11,9.606408e-12,7.528014e-15,7.7737556e-13,6.279779e-10
690000,322,327,0,2.055565e-09,1.3932103e-11,5.6428073e-24,4.67e-43,1.474063e-16,1.9581944e-11
690000,188,383,0,2.1184734e-09,1.1888709e-12,2.7579865e-26,1.5e-44,4.733316e-29,3.1840624e-11
690000,119,363,0,2.2727433e-09,2.3308716e-11,2.4156997e-20,2.2287694e-34,1.4502181e-13,6.9373706e-13
690000,395,155,0,2.1435183e-09,1.8362147e-11,4.0483927e-12,6.9250163e-16,2.1475097e-15,5.888632e-11
690000,391,188,0,8.155082e-11,9.5691614e-12,7.554665e-21,1.7041917e-36,2.4634463e-22,2.5512245e-11
690000,368,278,0,2.67919e-12,1.3881653e-11,2.0509052e-15,9.4098425e-25,3.6489796e-12,1.2154665e-10
690000,43,161,0,-1.0343214e-12,3.621176e-11,1.6569858e-11,2.2152919e-14,7.2206234e-16,2.2252988e-10
690000,70,481,0,-9.869952e-13,6.489492e-11,1.3713788e-11,1.490246e-14,2.8607292e-13,7.2980066e-10
690000,433,351,0,-5.222579e-13,2.165798e-11,4.5053165e-13,1.1620962e-18,5.8422567e-19,8.304594e-11
690000,24,34,0,-1.0741911e-12,5.103337e-11,6.5053757e-12,1.0419976e-15,2.5424714e-11,7.372883e-10
690000,152,95,0,6.0647226e-10,4.7678697e-12,4.548572e-11,5.1957687e-12,1.097893e-12,1.0208863e-10
690000,8,469,0,-1.0583778e-12,1.0101897e-10,3.5791245e-11,1.3284964e-13,5.903717e-10,5.0818383e-10
690000,54,109,0,-1.2652701e-12,5.033695e-11,2.9709752e-14,4.63093e-22,1.2228447e-15,4.340483e-10
690000,173,34,0,-2.499676e-13,3.3542415e-11,7.7006565e-13,4.29242e-18,3.4261826e-11,9.847668e-11
690000,127,177,0,3.1561143e-11,1.0706402e-11,1.536e-42,0.0,8.824967e-19,1.582628e-10
690000,498,326,0,-6.5543496e-13,1.28355495e-11,1.5558648e-11,3.640907e-14,1.7702506e-16,2.6635374e-10
690000,454,496,0,-3.117389e-13,3.757826e-11,1.934183e-11,1.181298e-13,3.2172692e-10,1.2842889e-10
690000,439,405,0,-8.5727665e-13,6.021361e-11,8.535807e-12,7.916478e-15,3.3875693e-12,2.2707908e-10
690000,384,133,0,6.481623e-11,3.9507e-11,6.430917e-17,1.3715115e-28,2.5016512e-15,6.954679e-11
690000,419,497,0,-1.5591014e-12,7.6108314e-11,9.128423e-11,5.3150886e-12,4.5247573e-12,2.0300565e-10
690000,212,446,0,7.0642056e-12,1.4176716e-11,2.7116575e-12,1.3571784e-16,7.914216e-20,2.0346626e-10
690000,260,64,0,1.039275e-11,1.5904037e-11,2.615505e-14,2.0305202e-21,2.2557724e-15,2.7486233e-10
690000,66,136,0,-9.448448e-13,6.185267e-11,3.8552256e-12,1.2682035e-15,7.0350557e-12,1.5136627e-10
690000,5,147,0,-1.5976881e-12,6.9829004e-11,3.7373612e-22,3.88808e-40,1.1558798e-15,3.5736322e-10
690000,439,468,0,-1.3467457e-12,8.680438e-11,1.3401261e-12,1.1034232e-17,1.031274e-11,4.867537e-10
690000,35,149,0,-1.4967987e-12,1.0270604e-10,4.74219e-12,9.351386e-16,1.732861e-14,2.0328828e-10
690000,182,235,0,1.0673153e-10,8.527087e-12,2.6991825e-25,2.106e-42,1.0458558e-20,4.6717413e-12
690000,126,235,0,2.052675e-10,2.1747895e-11,1.94656e-28,0.0,2.885071e-10,3.9068273e-11
690000,323,312,0,9.475315e-11,8.0852686e-12,5.6095613e-21,6.819738e-35,1.0672754e-20,3.716068e-11
690000,469,416,0,-9.732772e-13,5.1530353e-11,1.5235056e-13,2.3647514e-19,8.240873e-16,2.5382035e-10
690000,0,415,0,-8.473066e-13,3.178109e-11,1.8613696e-11,5.4723983e-14,2.5132867e-15,2.3466254e-10
690000,309,72,0,1.3134108e-10,4.1363794e-11,5.6979605e-13,1.4912883e-18,4.201589e-12,1.14350585e-10
690000,499,484,0,-2.4221304e-14,6.2564914e-12,1.4189347e-12,3.6787506e-16,2.245409e-11,1.11768636e-10
690000,38,362,0,1.3922073e-14,3.3512547e-11,4.2563915e-17,3.2810049e-28,8.15284e-15,1.9481142e-10
690000,256,61,0,8.041319e-12,4.9279673e-12,3.65518e-18,4.3976827e-30,8.473637e-25,1.2230968e-10
690000,76,202,0,1.14567925e-10,3.567302e-11,9.563666e-13,4.5087157e-17,6.110079e-16,2.9202193e-10
690000,309,365,0,4.0206993e-10,2.4641462e-11,9.545344e-14,3.1726502e-19,2.1043677e-12,1.1670279e-10
690000,10,10,0,-4.8584476e-13,5.701926e-11,6.903754e-13,4.0083846e-17,1.183858e-12,7.388768e-10
690000,159,338,0,1.9631213e-11,3.063937e-13,4.5820177e-20,1.2468727e-34,5.2418967e-33,7.441476e-11
690000,157,0,0,-6.527435e-13,3.935518e-11,1.1858924e-10,5.5422764e-11,4.6530238e-10,9.222578e-11
690000,215,430,0,1.3937822e-10,5.1890428e-12,2.5087205e-16,9.53894e-25,9.4659793e-23,1.04379325e-10
690000,483,374,0,-7.6004394e-13,3.6850155e-11,1.5609361e-11,1.3867323e-13,4.033305e-11,1.8798361e-10
690000,293,308,0,2.433907e-12,3.5783557e-11,1.0840208e-16,1.8748826e-27,2.4401236e-11,6.2213273e-12
690000,97,465,0,-7.1277993e-13,3.6608154e-11,3.928921e-17,1.3647592e-27,1.3686296e-13,2.6357178e-10
690000,248,229,0,2.0783006e-10,1.0763507e-11,7.04621e-21,5.2051893e-37,2.050114e-21,1.6604369e-11
690000,429,312,0,1.3515231e-11,5.7171986e-11,1.0953605e-12,6.1093065e-17,5.9425967e-12,9.889558e-11
690000,367,98,0,7.864009e-11,2.1108497e-11,9.148059e-11,1.996417e-11,1.1020199e-11,3.8430814e-11
690000,274,479,0,1.4420561e-13,2.7016958e-11,1.1688563e-13,6.339491e-20,1.0666815e-14,1.3882707e-10
690000,473,246,0,-5.697204e-13,3.2466183e-11,9.910961e-13,2.4027453e-17,1.6285865e-16,7.2519935e-11
690000,407,467,0,1.70749e-12,6.734701e-11,1.0340244e-12,2.9397695e-17,2.8854166e-10,2.1836669e-10
690000,494,188,0,-1.1936114e-12,8.0723025e-11,3.179216e-12,1.0319959e-15,2.8665454e-11,9.150093e-10
690000,464,93,0,1.6294682e-13,2.968394e-11,5.4798956e-14,3.872999e-21,4.1118675e-17,1.076612e-10
690000,202,150,0,1.5260601e-10,3.1169967e-12,1.3171352e-12,2.0034194e-17,1.9295064e-21,2.821287e-10
690000,104,357,0,1.5256442e-10,3.1060304e-11,2.3663673e-26,0.0,8.520102e-13,3.306211e-11
690000,113,130,0,3.4160585e-10,1.2597686e-11,1.3904715e-13,6.22309e-20,1.528673e-20,1.1357961e-11
690000,124,58,0,2.795573e-10,4.280801e-11,4.397469e-14,2.4866255e-21,5.139233e-11,1.4553826e-10
690000,391,6,0,-1.0040254e-12,4.6308037e-11,1.3660734e-10,1.3397059e-11,5.987621e-12,6.475681e-11
690000,83,265,0,2.412711e-10,1.2271009e-11,9.076853e-13,1.9468118e-17,5.730559e-21,1.2737211e-10
690000,129,391,0,3.496277e-10,5.682986e-13,4.534681e-12,8.604761e-16,3.8851885e-19,9.798591e-11
690000,398,83,0,1.9698178e-10,2.9155085e-11,3.1607925e-13,7.7367175e-19,5.366101e-16,1.4105378e-10
690000,189,155,0,8.280826e-11,3.8730807e-16,2.731244e-16,1.612989e-26,7.23225e-35,3.9551508e-11
690000,105,245,0,1.6666038e-11,4.336649e-13,3.2462138e-12,1.1131367e-15,1.5426177e-18,1.4492481e-11
690000,187,58,0,7.461089e-12,2.2844301e-11,1.8622815e-11,2.3875522e-13,2.0024014e-09,5.945827e-11
690000,160,59,0,2.2133427e-11,1.0975639e-11,1.1049136e-14,9.20707e-22,1.4833434e-22,1.6366707e-10
690000,205,483,0,-6.332518e-13,2.205436e-11,1.1227956e-13,4.5918455e-19,1.7783713e-18,1.283635e-10
690000,334,455,0,1.08526556e-10,3.5680376e-12,1.2301779e-12,6.734412e-17,2.500557e-20,1.4502527e-10
690000,323,127,0,5.4967025e-10,3.4448594e-12,1.4347679e-15,9.001871e-25,7.4008155e-29,5.124982e-11
690000,115,90,0,3.257739e-11,3.945571e-11,6.9732284e-12,1.1498218e-15,6.678804e-14,1.191111e-10
690000,88,496,0,-8.996318e-13,5.3774513e-11,3.7712944e-11,9.588647e-13,1.0840805e-12,1.0536097e-10
690000,197,303,0,2.6579702e-10,1.1382918e-15,1.8059e-41,0.0,0.0,7.9955514e-13
690000,415,352,0,-4.1685308e-13,3.153598e-11,5.276005e-15,8.820138e-22,3.1339722e-10,2.1550482e-10
690000,126,493,0,-4.37133e-13,1.09214235e-11,1.2197138e-12,2.6756601e-17,1.2100397e-17,1.6072145e-10
690000,428,276,0,3.1931213e-10,1.6040714e-11,6.140774e-15,3.772345e-23,7.7876294e-19,7.2384584e-11
690000,425,91,0,1.5767224e-10,2.021697e-11,8.636706e-15,1.2973818e-21,3.3298654e-18,2.4238986e-10
690000,243,488,0,-7.493612e-13,4.3670005e-11,1.2717206e-13,6.464109e-20,2.7672643e-12,2.9951025e-10
690000,7,33,0,-7.1830844e-13,1.1482e-10,1.2995232e-11,2.5916467e-14,3.3368086e-10,4.5021475e-10
690000,176,419,0,3.6547508e-11,9.39988e-12,1.0949371e-11,1.38395e-14,5.1196958e-17,1.3978763e-10
690000,445,208,0,2.7195696e-12,3.7902955e-11,5.579399e-14,4.1260205e-21,8.858978e-14,2.8989875e-11
690000,429,334,0,-2.9641754e-13,1.935694e-11,2.0838721e-11,1.7841143e-13,7.568149e-15,1.407061e-10
690000,350,99,0,3.5402295e-10,4.0338323e-11,7.8091537e-19,4.4408465e-31,3.4270592e-12,4.5951215e-11
690000,208,23,0,-9.268745e-13,9.033659e-11,1.930025e-11,1.0496639e-13,3.082389e-12,1.1829271e-10
690000,85,126,0,3.8198112e-12,3.7451712e-11,2.1314405e-13,1.1588366e-19,4.855785e-18,1.237003e-11
690000,369,153,0,2.443558e-10,1.9110546e-11,3.30704e-22,4.080906e-39,1.0215963e-14,2.800198e-11
690000,464,498,0,-8.413855e-14,1.4780161e-11,2.7594973e-11,1.912711e-12,6.779657e-11,1.7387312e-10
690000,294,255,0,6.982088e-11,6.9808256e-12,9.170353e-28,0.0,1.2091591e-21,2.9177823e-11
690000,23,452,0,-8.784662e-13,3.92209e-11,6.514401e-11,5.987752e-13,1.9368098e-14,4.2146958e-10
690000,150,326,0,1.7694374e-10,1.4438089e-12,1.2385899e-14,6.752311e-23,1.6068995e-26,3.4280037e-11
690000,216,24,0,-1.0139747e-12,5.6919643e-11,5.7694474e-13,3.5462503e-18,2.1875183e-14,2.079037e-10
690000,68,334,0,1.01334524e-10,1.42335605e-11,4.1892037e-14,2.3644207e-20,3.0340013e-21,1.5990502e-10
690000,188,221,0,1.1953401e-11,2.5104196e-12,4.9199514e-26,0.0,2.1788376e-29,6.8511147e-12
690000,92,469,0,-8.263238e-13,5.238225e-11,1.1114879e-16,3.7476079e-28,2.0809117e-11,3.0988725e-10
690000,476,341,0,-6.602383e-13,3.9108272e-11,7.906499e-12,1.6108796e-14,1.1284219e-12,2.6666834e-11
690000,458,198,0,-4.452088e-13,2.6595962e-11,3.2522254e-13,5.5995334e-18,1.7098261e-13,9.04265e-11
690000,435,140,0,1.3071473e-10,1.5291594e-11,2.5516952e-12,1.5883207e-16,7.4657584e-19,2.8314703e-10
690000,37,232,0,-5.279593e-13,2.0251967e-11,2.5460268e-11,3.3935586e-14,2.0504923e-16,1.00780995e-10
690000,361,202,0,1.4475074e-10,3.3427323e-12,4.3978062e-14,1.868739e-20,2.3877656e-25,7.859871e-12
690000,130,128,0,4.8200378e-11,2.5232596e-11,2.278717e-26,0.0,1.2470685e-15,1.02931455e-10
690000,270,424,0,5.4820176e-11,1.4024109e-11,2.0293407e-12,1.1682907e-16,1.7954244e-20,4.8675175e-11
690000,91,464,0,-5.34564e-13,4.7179503e-11,1.1549813e-15,1.0460078e-24,2.5659298e-13,3.261079e-10
690000,187,79,0,6.360985e-11,6.535513e-13,7.705385e-13,5.2241013e-18,1.9505411e-22,1.1000682e-10
690000,123,431,0,9.308244e-11,8.4406565e-11,2.0066386e-15,1.6114935e-24,2.897758e-09,1.5484523e-10
690000,185,3,0,-3.471141e-13,4.1562084e-11,1.5835121e-11,1.716963e-14,3.0533606e-10,1.9652688e-10
690000,285,296,0,2.2302668e-12,1.1184521e-11,2.910886e-29,0.0,3.500747e-17,9.80495e-13
690000,12,393,0,-4.8084957e-13,2.4173675e-11,4.8560767e-11,1.1547297e-12,8.0609774e-14,4.843233e-11
690000,152,199,0,1.5905336e-09,1.2635096e-11,7.6716884e-36,0.0,3.5850412e-20,2.7385722e-12
690000,27,30,0,-1.0213944e-12,4.6503634e-11,2.5539007e-11,1.9139222e-13,5.2007664e-14,3.417015e-10
690000,328,15,0,-6.2568885e-13,4.413031e-11,2.1176689e-12,5.4991216e-16,4.5096397e-14,1.14616226e-10
690000,341,366,0,1.1247935e-10,4.0552414e-12,8.015645e-24,8.48748e-40,1.4015944e-23,5.936526e-11
690000,378,415,0,5.6345974e-12,2.1560389e-11,3.0722838e-10,5.124318e-11,3.5594274e-11,8.7538414e-11
690000,425,54,0,1.2218951e-10,2.297073e-11,4.8390816e-11,5.37327e-12,1.2166333e-12,2.630985e-10
690000,446,33,0,4.9041695e-13,4.5897598e-11,1.2767962e-12,4.7060062e-17,1.4536096e-17,3.055056e-10
690000,314,354,0,4.6433563e-10,4.2884665e-11,1.4226314e-15,2.1972504e-24,1.8068521e-12,6.551759e-11
690000,314,387,0,6.027323e-10,2.8235804e-11,1.0765434e-19,2.7855822e-33,5.7420664e-13,1.0880449e-10
690000,270,39,0,-2.505276e-14,2.0904178e-11,2.0417163e-13,1.1073998e-19,8.791983e-19,3.1160305e-10
690000,445,74,0,1.4362544e-10,2.6173824e-11,5.182808e-11,1.0656271e-11,5.9704247e-12,7.932602e-11
690000,160,326,0,4.4159964e-11,2.880849e-13,6.225162e-18,7.194058e-30,2.1314372e-29,1.25777e-12
690000,472,362,0,-6.3758184e-13,4.4417664e-11,4.3126017e-11,5.0700525e-12,2.0824369e-12,2.222498e-10
690000,358,427,0,5.821656e-11,1.4940571e-11,4.2998324e-11,5.0700525e-12,1.0217346e-12,7.602155e-11
690000,157,349,0,3.9077144e-11,2.7242012e-11,9.192348e-22,4.8768477e-35,2.8862687e-12,1.469578e-11
690000,186,411,0,3.795364e-11,1.04876115e-10,2.9463928e-20,2.7679368e-35,1.3430917e-10,2.6545584e-12
690000,167,377,0,6.1704003e-10,7.191653e-11,1.8039192e-19,1.301459e-32,6.891211e-14,7.6710756e-11
690000,428,71,0,6.5311034e-10,2.7907295e-11,6.817598e-14,4.3902433e-21,2.0847958e-18,3.0006805e-10
690000,220,106,0,2.7667169e-10,1.0419884e-11,2.6173731e-12,1.347562e-15,8.6005815e-18,1.15581794e-10
690000,376,116,0,9.9748924e-11,3.3498763e-11,3.5513875e-18,1.5809857e-30,1.5326468e-12,4.443324e-11
690000,468,372,0,-7.531099e-13,3.1402596e-11,4.9894578e-11,1.0723865e-11,6.402213e-12,2.0264647e-10
690000,300,482,0,-4.8920845e-13,3.0744005e-11,1.6727859e-13,1.928422e-18,1.4464451e-12,6.5834525e-11
690000,121,196,0,6.3467516e-11,1.5737698e-12,1.7206125e-36,0.0,6.0501644e-24,2.9563533e-12
690000,191,20,0,-4.65448e-13,4.4482435e-11,5.102259e-11,4.5565244e-12,2.6133956e-12,1.1875054e-10
690000,250,2,0,-4.3004023e-13,3.4250725e-12,1.9873412e-11,3.8508672e-14,3.2551235e-16,1.9478731e-10
690000,202,393,0,7.964239e-11,9.539805e-14,1.4914767e-16,5.108046e-25,2.6727749e-31,3.0745264e-09
690000,74,465,0,9.91412e-13,4.1649552e-11,7.1856405e-15,9.1950755e-24,4.2146712e-17,1.9718195e-10
690000,89,369,0,1.07269485e-10,1.5397036e-11,1.5751734e-13,5.665238e-20,1.5077307e-20,2.3870753e-10
690000,45,104,0,-1.4031609e-12,1.1836308e-10,3.4679357e-11,1.1747848e-12,2.3346267e-09,4.057751e-10
690000,429,96,0,6.408274e-11,2.3621223e-11,5.324476e-13,5.1519484e-18,1.9055871e-13,2.9172686e-10
690000,485,222,0,-5.9355147e-13,3.488153e-11,3.3118086e-16,2.9189182e-26,3.1313444e-12,1.5275609e-10
690000,45,73,0,-1.0535456e-12,4.3094153e-11,7.955966e-12,1.6108827e-14,4.3489708e-16,3.1125869e-10
690000,464,184,0,-9.143946e-13,3.0204474e-11,6.8283612e-12,9.306658e-16,3.516213e-12,4.334506e-10
690000,101,221,0,1.7052763e-10,6.958373e-11,9.0216e-12,8.654861e-15,3.4284107e-11,2.3978548e-11
690000,453,222,0,-5.055391e-13,2.811779e-11,2.227579e-11,9.574631e-14,2.0429243e-09,3.4936156e-12
690000,233,326,0,4.3286045e-11,2.3781208e-13,7.072431e-11,1.962481e-11,1.0441268e-11,1.2172975e-12
690000,374,6,0,-1.2495798e-12,8.0418505e-11,6.364712e-12,1.8509089e-15,2.649157e-11,1.4371802e-10
690000,94,498,0,-8.566067e-13,2.5525143e-11,8.050219e-14,1.8211914e-20,1.2448051e-18,4.732877e-10
690000,420,361,0,-4.5154717e-13,2.4746047e-11,1.0322294e-12,1.0935924e-17,2.354193e-15,8.240748e-11
690000,63,491,0,-8.51974e-13,2.2845396e-11,2.0517886e-16,1.1477231e-25,2.5420466e-11,1.0747773e-10
690000,119,11,0,-5.7912995e-13,2.8805782e-11,1.0242772e-12,7.354124e-18,3.0029177e-13,1.3200589e-10
690000,439,225,0,9.0568834e-13,2.3441526e-11,5.1931164e-13,2.576179e-18,4.457783e-18,5.7694355e-10
690000,180,203,0,1.78711e-11,1.4715998e-11,4.8644322e-33,0.0,5.511829e-18,1.1440674e-10
690000,203,58,0,3.032194e-13,3.3773093e-12,2.9332038e-13,8.1969085e-19,2.4422944e-23,3.0161307e-10
690000,265,338,0,2.7330865e-11,1.7428841e-11,9.938612e-20,3.5347277e-33,1.1587699e-17,1.2638552e-11
690000,12,191,0,-6.185493e-13,4.724532e-11,5.1470096e-11,1.030397e-12,1.1309966e-11,4.397917e-10
690000,369,438,0,5.8824065e-12,1.690904e-10,4.4966954e-11,1.0752324e-11,1.2877576e-11,1.8911438e-10
690000,54,450,0,4.1732284e-11,6.606191e-11,2.1830648e-11,5.16256e-14,4.2124216e-12,4.2478243e-10
690000,145,424,0,2.228568e-11,5.429129e-11,3.1270608e-11,5.7551327e-13,3.7439635e-12,1.2790162e-10
690000,461,209,0,-5.6444004e-13,4.40839e-11,4.859351e-12,1.0982229e-15,2.6380135e-14,2.2247036e-10
690000,471,444,0,-8.6382746e-13,3.867905e-11,1.7887379e-11,3.5249578e-14,7.4452465e-16,8.250717e-10
690000,419,0,0,-1.745641e-12,6.9541255e-11,5.6653957e-12,5.032278e-16,7.846903e-15,3.2640413e-10
690000,125,147,0,7.9932796e-11,3.3120841e-12,6.546682e-24,4.773e-42,9.077345e-26,4.3086496e-11
690000,163,473,0,-3.6258607e-13,1.6901747e-12,3.1018857e-15,1.4395616e-22,2.9171476e-28,1.1719735e-10
690000,190,112,0,4.9425235e-11,1.3617864e-11,1.9174497e-16,6.035011e-27,5.335343e-15,5.643945e-11
690000,143,334,0,9.480276e-11,1.0150157e-12,3.2554886e-11,1.3531815e-12,8.408156e-14,8.8679645e-12
690000,77,334,0,3.3952924e-10,2.6909983e-11,1.5265394e-13,8.10207e-19,2.1104314e-13,5.0776522e-11
690000,167,394,0,3.269337e-10,8.055075e-12,1.5924512e-11,1.9553239e-14,1.39778e-16,6.774118e-11
690000,383,349,0,3.5646772e-12,3.2921305e-12,2.542013e-17,3.4534717e-29,2.2583926e-26,1.383311e-10
690000,228,132,0,4.954436e-11,7.445731e-12,2.0517339e-16,6.270872e-26,2.4237775e-17,1.7074865e-10
690000,473,100,0,-4.1754087e-13,9.797162e-12,6.904943e-11,1.9683293e-11,1.0724923e-11,1.8616886e-10
690000,288,272,0,2.176722e-12,1.6899709e-11,2.269664e-33,0.0,2.5571675e-17,1.6507533e-15
690000,402,97,0,3.3012218e-10,3.5399385e-11,4.7532748e-14,3.0698414e-20,9.504021e-17,2.1236646e-10
690000,364,17,0,-1.1290609e-12,8.200104e-11,4.5300062e-11,1.0754308e-11,7.0686577e-12,2.1590721e-10
690000,478,224,0,-5.849046e-13,3.4910665e-11,9.586991e-14,1.653475e-19,1.5352216e-13,1.8524048e-10
690000,343,361,0,1.8095427e-10,4.591363e-12,1.0455992e-24,1.9e-43,6.6497566e-22,3.0630711e-09
690000,232,288,0,1.2551078e-10,4.7185963e-14,1.1848639e-38,0.0,1.1893e-41,4.1123153e-11
690000,59,110,0,-1.22178e-12,4.7744718e-11,5.1781596e-17,5.1522225e-29,4.740008e-11,7.2527445e-10
690000,253,289,0,3.9735444e-11,2.8132085e-14,0.0,0.0,4.68e-43,5.3836147e-14
690000,69,214,0,3.4107203e-11,7.198015e-11,3.020215e-19,9.98951e-34,2.2889447e-10,6.678063e-11
690000,144,251,0,3.3428904e-10,9.523686e-12,7.2845647e-28,0.0,3.3319613e-21,4.080176e-13
690000,21,375,0,-6.556624e-13,5.8383444e-11,1.2078585e-11,3.0964018e-14,9.24989e-16,3.4554823e-10
690000,269,380,0,1.0570418e-10,6.3674413e-12,2.2453118e-12,9.968763e-17,1.553536e-20,1.4619768e-10
690000,383,371,0,5.98613e-12,7.267244e-11,3.392116e-16,1.121733e-26,1.1958376e-14,1.6516915e-11
690000,399,370,0,-6.2315967e-13,2.8325457e-11,1.5648736e-23,1.3706e-41,5.361075e-19,1.4536837e-10
690000,350,146,0,2.2469439e-10,2.5255366e-11,2.3916152e-19,2.5010758e-31,1.309411e-15,8.997108e-11
690000,470,151,0,1.2665634e-12,9.178449e-11,6.877817e-17,8.09474e-28,2.5425788e-11,3.6657005e-10
690000,171,442,0,-2.1132096e-13,3.834725e-11,7.8011384e-17,1.7623307e-27,3.4677983e-14,1.5198617e-10
690000,492,339,0,-8.713898e-13,5.496672e-11,2.9078187e-14,1.2673852e-21,4.3802947e-12,1.5884469e-10
690000,109,350,0,1.9089232e-10,1.2130779e-11,3.2519142e-20,1.5666307e-32,7.1157263e-22,3.0344722e-09
690000,40,184,0,-5.939005e-13,3.1678504e-11,4.2600857e-13,1.0028218e-18,2.6507936e-12,3.118589e-09
690000,77,69,0,4.0218627e-11,3.6611332e-11,1.6551398e-16,9.148189e-26,1.4169644e-12,3.0584069e-09
690000,274,169,0,6.794725e-11,2.295892e-09,2.430187e-31,0.0,4.1188084e-09,8.6287505e-11
690000,332,25,0,-6.127474e-13,2.2635095e-11,1.2799028e-14,4.977352e-22,1.395589e-18,6.404718e-11
690000,80,191,0,2.2087367e-10,7.6107225e-11,6.2447846e-12,9.726974e-16,2.6721988e-12,1.1153853e-10
690000,112,241,0,5.3363265e-11,2.4657719e-11,3.8362315e-16,1.7792601e-25,5.0242103e-17,6.812004e-12
690000,273,123,0,1.9143935e-11,2.3360957e-12,8.3534543e-16,8.928343e-25,1.0059607e-26,1.2750052e-10
690000,141,34,0,9.856523e-13,2.104631e-11,1.9650867e-16,2.1046553e-27,7.176177e-16,2.8120137e-10
690000,403,443,0,2.0536389e-10,4.917854e-11,2.273286e-12,2.886059e-16,2.4754497e-12,2.748813e-10
690000,33,437,0,4.5467688e-12,9.2292035e-11,9.713387e-12,9.081803e-15,3.293312e-12,4.0265655e-10
690000,336,15,0,-6.7761833e-13,5.6472216e-11,2.1181674e-12,5.4991216e-16,3.043082e-13,2.456835e-10
690000,274,405,0,2.3753677e-12,4.4214802e-11,5.360581e-13,1.1274041e-18,1.2820593e-12,5.2178217e-11
690000,74,32,0,-6.913218e-13,3.1483167e-11,2.7437506e-13,2.241156e-18,2.9230927e-16,1.6261452e-10
690000,134,419,0,1.5908871e-10,4.788018e-11,1.5864739e-12,2.4609753e-16,1.3900897e-15,1.2811366e-10
690000,127,490,0,-4.3759996e-13,9.030726e-12,1.5754675e-11,1.1759648e-13,1.9844606e-15,1.4083021e-10
690000,7,135,0,-1.6901236e-12,1.3235996e-10,1.8861137e-15,5.651046e-24,2.713811e-11,2.082111e-10
690000,109,377,0,1.06646754e-10,2.0555732e-11,4.112602e-26,0.0,3.783941e-12,3.0375351e-09
690000,31,223,0,-4.837694e-13,1.3394405e-11,9.715052e-12,1.2616651e-14,2.5562907e-14,3.254344e-09
690000,99,87,0,1.0185421e-10,1.8835322e-11,1.0473972e-12,5.53363e-17,2.0753259e-16,3.1248737e-09
690000,400,470,0,-1.7570706e-13,7.99614e-11,1.3342552e-12,4.4829e-17,2.134409e-15,1.6106366e-10
690000,351,483,0,-4.6850604e-13,2.3354102e-11,1.2864724e-16,3.163152e-26,4.590422e-15,3.1782978e-09
690000,27,482,0,-9.426883e-13,2.61459e-11,2.8211923e-12,4.5161256e-16,2.9985608e-17,3.1467018e-09
690000,188,470,0,-2.6685682e-13,1.1017534e-13,1.449892e-12,2.1237592e-16,2.7194408e-19,3.1224838e-09
690000,477,89,0,-7.4758456e-13,4.325495e-11,1.4026792e-11,3.2152615e-14,4.2526513e-13,3.1732257e-09
690000,151,79,0,1.6359976e-10,1.5434813e-11,2.7368632e-16,1.3756036e-26,3.6529485e-20,3.137776e-09
690000,399,198,0,1.6771198e-10,2.3668546e-11,4.2819558e-19,7.6434795e-31,1.2289205e-12,3.0245804e-09
690000,76,194,0,1.211778e-10,7.231434e-11,6.906443e-11,1.9683293e-11,3.281062e-11,3.2175447e-09
690000,431,342,0,-4.7211237e-13,2.3585188e-11,3.0781815e-11,7.750308e-13,4.060846e-14,3.1001512e-09
690000,440,106,0,1.6599345e-11,4.5629642e-11,7.573219e-12,5.631305e-15,4.458331e-13,3.3413126e-09
690000,486,248,0,-6.703218e-13,4.775964e-11,7.787839e-16,3.339285e-25,1.3709446e-11,3.0732257e-09
690000,443,33,0,9.478915e-13,6.4266294e-11,1.6642474e-12,1.5938229e-16,2.2337091e-13,3.3079712e-09
690000,68,263,0,1.2920437e-09,3.3798356e-10,2.3854958e-13,1.5149348e-19,9.945275e-12,3.0650442e-09
690000,330,432,0,3.7490078e-10,4.439273e-11,7.151943e-12,8.838338e-15,2.002741e-12,3.0440064e-09
690000,318,22,0,-5.071933e-13,1.0780216e-11,1.868119e-18,2.247945e-30,2.721148e-22,3.0280347e-09
690000,476,334,0,-5.934525e-13,3.0610715e-11,8.982072e-14,1.2127001e-20,1.3027352e-15,3.1304062e-09
690000,201,322,0,1.7121095e-10,4.3789958e-11,9.4901285e-32,0.0,8.723808e-15,2.988787e-09
690000,262,81,0,7.634901e-11,4.6669262e-11,1.1950003e-11,1.9493721e-14,9.528369e-16,3.156413e-09
690000,123,447,0,3.3860278e-12,1.6404376e-11,7.494907e-12,4.1818457e-15,1.2661815e-16,3.0965528e-09
690000,471,464,0,-8.998528e-13,3.7730596e-11,4.7750786e-11,1.516871e-12,1.3041911e-12,3.4028382e-09
690000,434,99,0,2.8294632e-11,3.434261e-11,2.0319699e-12,6.624265e-17,6.1596753e-15,3.1480378e-09
690000,304,402,0,3.6372683e-11,1.1781959e-11,4.0753e-16,7.6551814e-26,6.6709594e-19,3.1618157e-09
690000,74,137,0,-3.1581587e-13,6.70129e-11,1.9065981e-15,1.285901e-23,1.4240473e-12,3.0179907e-09
690000,369,344,0,2.672816e-11,5.1198382e-11,8.8073435e-20,7.531191e-34,3.0961667e-10,3.0505543e-09
690000,9,288,0,-1.031839e-12,5.5579395e-11,1.9873223e-15,2.0095752e-24,5.242945e-14,1.8561334e-10
690000,452,417,0,-1.2070415e-11,2.3558013e-09,2.6526478e-12,7.3431715e-17,4.118857e-09,7.6351765e-11
690000,250,90,0,6.107723e-10,1.7603696e-12,2.8698231e-18,2.8458227e-31,5.3687396e-28,2.3084237e-10
690000,40,493,0,-1.0099942e-12,5.0982545e-11,1.1687645e-14,3.8735642e-23,3.0945527e-10,2.9947306e-10
690000,177,238,0,1.4693054e-10,2.2588976e-11,5.282498e-22,2.0943847e-37,7.455092e-17,5.7227237e-13
690000,95,170,0,2.3268056e-11,1.9620921e-11,1.6791677e-19,8.450985e-29,3.0076339e-12,2.9962277e-10
690000,210,11,0,-6.410061e-13,2.9980598e-11,2.6735258e-11,6.238393e-14,2.4410668e-13,7.5842166e-11
690000,225,123,0,8.197816e-11,1.142468e-12,1.7362958e-11,2.0034204e-13,9.113214e-15,2.0162026e-10
690000,436,334,0,-4.0443934e-13,3.5186916e-11,3.6286016e-11,1.5551931e-12,2.4527824e-13,1.6076132e-10
690000,492,8,0,-1.2309922e-12,3.857093e-11,9.026136e-15,6.6170806e-21,2.3891741e-11,1.6215154e-10
690000,362,480,0,-6.3292037e-13,3.4561576e-11,4.849914e-12,2.2273362e-15,1.506938e-17,8.386286e-11
690000,134,322,0,2.947205e-10,5.1207278e-11,1.6508341e-15,4.1068328e-25,3.335974e-10,4.9229287e-11
690000,319,82,0,5.1687116e-11,2.0528055e-11,1.5998341e-16,2.9136762e-26,5.145321e-19,5.537328e-12
690000,431,36,0,4.776746e-12,8.7307654e-11,4.37486e-12,9.559186e-16,5.5683652e-11,1.437172e-10
690000,145,247,0,1.974707e-10,8.982971e-12,3.2981714e-24,5.65e-43,4.972895e-19,6.2507736e-13
690000,366,18,0,-1.1774439e-12,8.0286694e-11,2.1235458e-11,2.569317e-13,1.870884e-14,3.8977596e-10
690000,435,481,0,-1.6342946e-12,1.4800383e-10,7.2746913e-12,2.7063338e-15,5.579462e-11,3.3728151e-09
690000,237,80,0,2.0707801e-10,6.031708e-11,2.2252682e-14,6.6875493e-22,3.5098263e-10,3.1127478e-09
690000,129,61,0,4.1872789e-10,4.2151276e-11,3.5788077e-13,1.940741e-18,6.066924e-13,3.160094e-09
690000,95,55,0,5.4432694e-11,2.6272134e-11,1.8303869e-11,1.5524835e-13,2.1505384e-14,3.168417e-09
690000,106,155,0,4.1766476e-11,3.5941045e-11,1.6863467e-15,3.125738e-22,3.3979603e-12,3.0024927e-09
690000,62,358,0,3.9224353e-11,4.7123326e-11,2.5525591e-17,2.9865636e-29,2.7083782e-10,3.0728486e-09
690000,114,57,0,1.05170934e-10,5.0277622e-11,1.4539262e-12,8.8913234e-17,3.8459954e-15,3.2369698e-09
690000,491,405,0,-9.264303e-13,4.2693182e-11,5.4716618e-12,4.68913e-16,3.9744245e-17,3.2323644e-09
690000,34,188,0,-5.5340736e-13,1.2046358e-11,2.166284e-14,2.0592597e-21,8.7330735e-18,3.044924e-09
690000,459,492,0,-4.4507207e-13,4.466003e-11,7.0295526e-11,4.4138745e-11,1.3505046e-10,3.0707956e-09
690000,161,33,0,-2.6250134e-13,1.7849264e-11,1.18371805e-11,2.4333664e-14,1.8196383e-13,3.172065e-09
690000,82,486,0,-9.23135e-13,5.4003975e-11,2.3636567e-11,1.09238736e-13,2.238359e-09,3.3321448e-09
690000,0,431,0,-8.440511e-13,4.1488823e-11,8.402218e-14,1.5560578e-21,4.989905e-17,3.3890306e-09
690000,34,297,0,-5.0959394e-13,1.3984918e-11,5.0416712e-11,1.9515152e-11,1.466827e-11,3.0244152e-09
690000,447,25,0,-1.2568268e-12,5.820726e-11,5.528031e-11,1.1870268e-12,7.117465e-14,3.2118495e-09
690000,18,62,0,-1.2545968e-12,8.9832676e-11,5.45232e-12,2.3490727e-15,2.9126457e-09,3.1981107e-09
690000,378,271,0,1.4302521e-11,1.4675252e-11,3.9981924e-12,6.9227124e-16,1.3191554e-14,3.0362293e-09
690000,440,494,0,-1.346311e-12,7.46665e-11,5.2188767e-11,2.1566598e-12,5.0718696e-13,3.3580412e-09
690000,411,349,0,-4.4550867e-13,2.1879146e-11,1.5267443e-15,5.3243e-23,1.2510606e-18,6.210242e-10
690000,422,165,0,2.809715e-11,5.4963013e-11,1.0943835e-12,2.949598e-17,3.4745089e-12,3.0106873e-09
690000,150,437,0,1.3779292e-12,5.171076e-11,1.4675486e-16,1.8342213e-26,1.6707335e-11,3.0343887e-09
690000,13,382,0,-6.612645e-13,2.8577127e-11,2.5479166e-10,1.1520559e-11,5.5041353e-12,3.0236962e-09
690000,248,73,0,1.11106346e-10,5.504161e-11,3.330557e-21,9.785593e-35,3.846179e-12,3.099792e-09
690000,19,422,0,-6.195888e-14,1.31052825e-11,5.659279e-12,1.1376148e-15,5.7468776e-19,3.3868903e-09
690000,341,151,0,2.1501395e-10,3.0982755e-11,1.8911713e-19,1.0950684e-33,3.456928e-18,2.9914102e-09
690000,177,435,0,1.4919113e-12,3.301748e-11,7.674387e-16,6.1795636e-25,5.277995e-16,3.1536345e-09
690000,432,278,0,4.6115306e-10,2.2385293e-11,2.6532348e-12,1.729776e-16,2.1322945e-11,3.1477758e-09
690000,438,209,0,1.2379899e-11,4.3162505e-11,9.543634e-14,8.570621e-20,2.2503859e-12,3.0019607e-09
690000,16,3,0,-2.475084e-13,3.5893177e-11,6.329867e-19,1.7232117e-31,2.5468565e-16,3.2214236e-09
690000,48,264,0,3.592507e-11,8.3446965e-12,1.081688e-12,6.1092986e-17,2.367407e-20,3.0395575e-09
690000,89,483,0,-9.365827e-13,6.582002e-11,1.4271915e-11,4.8185804e-14,3.5738272e-12,3.3358507e-09
690000,460,409,0,-9.314173e-13,3.0478495e-11,2.0892524e-12,5.80352e-17,4.43341e-14,3.1834235e-09
690000,285,454,0,1.7071705e-11,5.654488e-11,3.097908e-12,1.5353722e-15,2.4709737e-10,3.0150729e-09
690000,1,86,0,-8.156976e-13,1.8300665e-11,1.06374836e-13,5.514982e-20,1.5965993e-16,3.0604819e-09
690000,6,48,0,-7.9146444e-13,7.082834e-11,4.1403204e-11,2.0666589e-13,3.6861347e-12,3.1436769e-09
690000,70,333,0,1.26991e-10,1.6075896e-11,1.3808532e-14,6.887949e-23,1.5386318e-18,3.1085137e-09
690000,456,240,0,-5.004402e-13,7.914458e-11,6.883251e-14,5.48197e-21,1.9176863e-12,3.0487022e-09
690000,421,313,0,2.8163206e-11,1.6816527e-11,7.376165e-11,4.5948207e-11,8.489474e-11,3.019777e-09
690000,435,222,0,4.0029985e-12,1.0595004e-11,6.65058e-16,2.1258825e-26,1.2020921e-23,3.109572e-09
690000,178,63,0,4.57084e-11,8.205557e-12,7.988023e-12,1.5266415e-14,8.068312e-17,3.1520209e-09
690000,455,463,0,-9.603307e-13,2.4322284e-11,5.391014e-12,3.69699e-16,9.828725e-15,3.4313108e-09
690000,396,293,0,6.6719197e-10,3.279044e-11,8.540416e-15,6.330491e-20,1.2024012e-15,3.1932172e-09
690000,402,491,0,-1.1781078e-12,8.5912846e-11,9.491014e-16,2.0057325e-25,2.510756e-12,3.22591e-09
690000,198,95,0,4.090908e-11,4.2889923e-12,5.725598e-12,2.969192e-15,4.1680874e-18,3.2149288e-09
690000,260,340,0,2.5183475e-11,3.798483e-11,4.0556922e-16,7.8327094e-25,5.164449e-13,2.9907827e-09
690000,92,133,0,2.7737186e-11,3.0900362e-11,3.462266e-09,7.191878e-10,1.1534835e-09,7.95491e-10
690000,62,181,0,4.2869076e-12,3.1793488e-11,2.4320216e-13,7.362853e-19,2.5329441e-14,3.2783982e-09
690000,494,157,0,-1.1878257e-12,5.7049823e-11,2.1380447e-12,5.499176e-16,2.7354508e-13,3.163918e-09
690000,477,405,0,-9.179043e-13,3.569701e-11,2.0565067e-14,7.126773e-22,9.513434e-18,3.1819245e-09
690000,119,149,0,1.1667246e-10,5.6387442e-12,5.4107314e-21,2.562231e-36,3.5278801e-22,3.054958e-09
690000,472,33,0,-1.4171261e-12,9.551481e-11,8.4760504e-11,4.8374655e-11,1.209974e-10,3.7010393e-09
690000,481,123,0,-1.5405041e-13,5.8172953e-11,1.6382175e-11,1.2780361e-14,2.5472354e-12,3.2557572e-09
690000,297,393,0,5.953045e-11,3.6706114e-11,6.348297e-15,2.3727574e-23,5.92996e-15,2.9965024e-09
690000,404,21,0,-1.4721749e-12,1.08370715e-10,4.770357e-16,4.471981e-26,2.429126e-13,3.395116e-09
690000,472,74,0,-4.9701557e-13,2.476641e-11,1.02100675e-10,2.0018922e-11,1.1050212e-11,3.406814e-09
690000,496,33,0,-1.3214002e-12,4.0433927e-11,8.191714e-11,1.7006848e-12,5.2475663e-11,3.2517946e-09
690000,109,361,0,2.6632974e-10,2.8691818e-11,2.4882625e-25,7e-45,3.5829269e-16,3.0861873e-09
690000,312,88,0,2.4335055e-11,3.611147e-11,9.409218e-13,2.165149e-17,2.593528e-11,3.0724223e-09
690000,211,485,0,-7.600751e-13,1.0286744e-10,5.591272e-14,3.306494e-21,2.4965682e-10,3.1850589e-09
690000,487,485,0,-4.7204227e-13,5.3360268e-11,4.7211974e-11,1.1708896e-12,2.9634067e-10,3.3696756e-09
690000,60,440,0,3.173166e-10,1.104438e-10,6.193727e-13,4.0011475e-18,5.938926e-13,3.1900051e-09
690000,170,339,0,3.780174e-11,6.703106e-13,9.866803e-16,7.1958536e-25,7.3275833e-32,2.9914975e-09
690000,417,469,0,2.6565118e-14,1.2323145e-10,2.9227967e-11,2.6298923e-13,2.4462215e-11,3.32632e-09
690000,21,37,0,-1.1199298e-12,6.736179e-11,8.012716e-13,1.839018e-17,1.7913878e-14,3.2833614e-09
690000,156,6,0,-6.592261e-13,4.5598535e-11,7.831926e-12,1.0754689e-14,8.780479e-15,3.0972553e-09
690000,24,59,0,-1.191996e-12,6.121706e-11,2.532416e-14,4.9240773e-22,2.3045442e-11,3.2306493e-09
690000,340,358,0,1.1394179e-10,2.123019e-12,1.3058944e-24,3.8e-43,5.6597757e-24,3.1591088e-09
690000,468,405,0,-8.783109e-13,4.694588e-11,2.2219277e-17,1.3239679e-29,2.767257e-12,3.0769616e-09
690000,437,371,0,-1.0648017e-12,5.666251e-11,1.1689953e-15,2.6260862e-25,2.8961602e-15,3.118528e-09
690000,434,16,0,-1.876428e-12,1.1220188e-10,3.0730273e-12,5.281526e-16,3.0353319e-13,3.3334133e-09
690000,308,139,0,2.2696464e-11,1.9798349e-11,6.9384095e-12,7.690687e-15,5.053183e-16,3.0563256e-09
690000,420,375,0,-4.681959e-13,2.0295814e-11,1.8630555e-13,3.2767908e-18,3.1140676e-10,3.0983949e-09
690000,21,90,0,-1.0918244e-12,6.2068954e-11,1.6630553e-14,8.084748e-22,3.4603368e-12,3.296435e-09
690000,388,277,0,8.44834e-11,8.435731e-11,4.5123783e-12,6.958014e-16,1.148015e-11,3.0010754e-09
690000,329,99,0,3.5833486e-10,4.272435e-11,7.4242675e-11,1.947286e-11,1.27643954e-11,2.992447e-09
690000,89,38,0,7.208455e-13,2.7415426e-11,9.761882e-14,1.8324131e-20,8.414056e-17,3.322195e-09
690000,28,384,0,3.1556533e-12,5.2826836e-12,1.2025201e-11,2.282158e-14,1.01761096e-16,3.220226e-09
690000,3,198,0,-4.7951796e-13,2.0243971e-11,6.137331e-13,1.7334101e-18,2.1713543e-13,3.2800034e-09
690000,420,109,0,2.8028135e-11,4.8535644e-11,1.4094853e-12,1.19915695e-17,1.6286277e-13,3.4108674e-09
690000,224,497,0,-6.628186e-13,4.7803445e-11,5.2463277e-11,4.3877115e-12,3.4970922e-11,3.0929226e-09
690000,444,304,0,1.3689838e-11,1.690734e-11,2.1500484e-11,2.3707642e-13,1.2710192e-14,3.1936402e-09
690000,70,89,0,3.3136874e-12,6.117627e-11,5.0699225e-14,4.707486e-20,1.3925462e-13,3.0762533e-09
690000,28,228,0,-4.2869113e-13,3.3705664e-12,9.4796185e-11,6.324985e-12,1.6639271e-12,3.157109e-09
690000,456,117,0,4.808276e-11,3.8560457e-11,5.2087592e-15,6.9776183e-22,4.6395412e-11,3.2519076e-09
690000,7,494,0,-1.2319284e-12,6.520333e-11,4.8988365e-11,1.073755e-11,6.563275e-12,3.3510097e-09
690000,495,18,0,-1.3204518e-12,1.1290439e-10,6.7674143e-13,1.8791163e-18,4.4408387e-11,3.49377e-09
690000,27,488,0,-9.0457183e-13,6.061341e-11,3.448703e-11,2.5868858e-13,2.5053615e-10,3.1942247e-09
690000,20,253,0,-8.338994e-13,6.305695e-11,5.9867146e-11,1.4495129e-12,3.3323126e-11,3.4459244e-09
690000,434,318,0,2.1141147e-12,2.0209695e-11,1.704154e-11,2.7004153e-13,1.5567984e-14,3.078976e-09
690000,330,150,0,6.7997614e-11,3.7013854e-11,1.7380641e-27,0.0,3.5467118e-15,2.993668e-09
690000,400,87,0,3.7484701e-10,3.5854777e-11,6.5155895e-14,5.6612745e-20,2.1706972e-09,3.1425318e-09
690000,68,262,0,2.0575663e-09,2.3534055e-09,8.9858324e-14,1.2127122e-20,4.118816e-09,3.9281153e-10
690000,236,261,0,3.997339e-12,3.6014983e-11,5.2446244e-32,0.0,2.8576683e-13,3.6221747e-13
690000,168,322,0,2.2916532e-11,8.876156e-12,3.0665868e-19,9.440449e-34,7.9384847e-20,7.3230675e-12
690000,424,396,0,-4.655144e-13,1.8481322e-11,6.2269682e-15,1.5575379e-23,2.1611214e-21,2.2699646e-11
690000,411,185,0,9.431368e-10,4.343008e-11,4.7807065e-14,1.0035143e-19,6.093858e-14,1.6863568e-11
690000,28,240,0,-5.947254e-13,1.9175075e-11,1.2437847e-12,1.8444308e-17,1.6436702e-16,1.6586255e-10
690000,361,176,0,6.412762e-11,9.494572e-13,6.6104682e-12,2.2940327e-15,2.5572725e-18,9.203205e-13
690000,317,220,0,2.038009e-11,1.1472672e-11,5.314e-42,0.0,4.6377255e-12,3.7833254e-11
690000,332,145,0,7.083707e-11,4.4026227e-11,2.1828147e-23,1.881182e-39,6.127763e-14,2.895932e-12
690000,418,413,0,1.7029128e-11,2.0087251e-11,8.551715e-12,3.0600326e-14,4.9092854e-16,9.94607e-11
690000,113,338,0,4.445799e-10,1.4203439e-11,1.2401633e-13,3.1705846e-19,1.1447728e-14,6.899659e-13
690000,356,202,0,2.3980515e-10,7.537227e-12,4.1764104e-17,3.2002122e-27,1.4316344e-18,7.291198e-12
690000,179,417,0,3.6849346e-11,1.0686711e-11,2.3021106e-13,1.7997015e-19,7.61351e-20,3.525067e-10
690000,110,325,0,1.1870979e-10,3.869587e-13,1.190586e-11,2.5904275e-14,1.2176964e-16,8.991296e-13
690000,456,322,0,-2.509433e-13,1.269252e-11,2.5132912e-13,1.5440034e-19,6.6254827e-16,1.774227e-10
690000,320,140,0,7.2519955e-11,4.153998e-11,3.3058748e-16,2.9189182e-26,4.1237182e-13,3.8664787e-11
690000,182,84,0,1.3477451e-10,1.4023608e-11,3.327993e-13,2.2425007e-18,7.3895374e-19,1.5177859e-11
690000,93,139,0,3.558611e-11,1.5222391e-11,9.57558e-13,8.743346e-18,2.205923e-17,3.0477867e-09
690000,98,447,0,4.5461486e-12,4.7779922e-11,3.348392e-11,1.2824302e-12,3.4168626e-13,3.2110117e-09
690000,163,2,0,-5.2697175e-13,2.7928103e-11,3.950338e-12,9.61243e-16,3.1326217e-16,3.090721e-09
690000,365,495,0,-6.17771e-13,2.7137948e-11,4.6306747e-11,1.0737924e-11,7.401669e-12,3.1812935e-09
690000,36,331,0,-7.43422e-13,6.451762e-11,1.3387037e-11,8.406584e-15,3.701694e-16,3.0052987e-09
690000,441,488,0,-1.3636791e-12,4.825483e-11,6.3879904e-12,3.1508296e-15,1.2565684e-15,3.34974e-09
690000,414,75,0,2.3040568e-10,4.3208943e-11,8.08334e-12,6.9443306e-15,6.6242683e-16,2.2044121e-10
690000,44,27,0,-1.0600339e-12,7.304401e-11,4.088247e-13,7.1585446e-19,4.92398e-13,3.2657408e-09
690000,426,447,0,3.0422238e-11,4.1309234e-11,1.0761674e-10,4.5157177e-11,9.056399e-11,3.2391527e-09
690000,72,0,0,-6.584858e-13,2.8083178e-11,1.0344176e-10,2.7676429e-12,2.0142004e-13,3.3867107e-09
690000,21,12,0,-7.6881166e-13,6.164367e-11,2.0231146e-16,3.2781777e-26,4.2931094e-13,3.2700906e-09
690000,100,78,0,3.8257256e-10,3.8079824e-11,6.1437055e-14,1.6132573e-20,5.2382414e-11,3.395397e-09
690000,294,434,0,4.3103503e-12,1.11564105e-10,2.0925421e-11,6.976709e-14,2.1625121e-13,3.1942384e-09
690000,436,491,0,-1.580941e-12,8.134975e-11,6.962433e-11,1.1723544e-11,8.955875e-12,3.2000167e-09
690000,218,425,0,2.3445584e-10,2.9419747e-13,3.46226e-09,7.191878e-10,1.1532664e-09,1.812923e-11
690000,74,36,0,-5.4748176e-13,3.6026505e-11,2.8818611e-13,1.9916885e-19,3.6272786e-17,3.3008758e-09
690000,311,430,0,1.4315312e-11,5.7629903e-12,3.4622716e-09,7.191878e-10,1.1532664e-09,1.0124786e-11
690000,325,14,0,-6.328252e-13,1.8061557e-11,2.2324042e-15,9.095153e-22,4.29483e-18,3.0526397e-09
690000,102,105,0,4.473509e-12,6.223248e-11,2.1269957e-15,4.1226167e-24,7.1185835e-14,3.2480871e-09
690000,488,76,0,-1.273329e-12,1.2849591e-10,7.0808523e-13,2.3882268e-18,1.4665266e-12,3.2457381e-09
690000,381,116,0,2.1426129e-10,1.8047478e-11,4.588965e-16,1.393523e-25,1.3000937e-17,3.17535e-09
690000,35,390,0,2.4261712e-11,1.987392e-11,2.8890742e-11,9.247709e-13,5.6178542e-14,3.1963654e-09
690000,36,118,0,-1.1237338e-12,3.9364234e-11,3.992997e-11,5.7707463e-13,8.7664175e-13,3.1856877e-09
690000,79,487,0,-8.987606e-13,3.9660757e-11,3.9261566e-11,1.3667751e-12,3.2413682e-13,3.1149348e-09
690000,10,351,0,-9.282588e-13,6.140074e-11,8.515065e-14,9.153509e-21,3.325225e-11,3.150059e-09
690000,483,157,0,-1.1644142e-12,6.947061e-11,5.555914e-15,1.04268556e-20,1.01298e-12,3.2945073e-09
690000,398,257,0,5.0419413e-10,3.8800484e-11,4.0449648e-15,3.5052665e-23,5.3596467e-14,3.0057052e-09
690000,349,16,0,-8.40985e-13,1.848433e-11,1.112204e-16,1.2431664e-26,4.551859e-21,3.3025804e-09
690000,26,109,0,-1.1024902e-12,5.522108e-11,1.5714711e-12,3.863556e-17,4.766722e-16,3.0779288e-09
690000,477,169,0,-1.3400514e-12,6.958574e-11,3.2768977e-14,8.4985176e-20,8.160726e-13,3.1628726e-09
690000,477,210,0,-7.017997e-13,5.0554363e-11,1.373232e-12,2.526903e-16,2.3627454e-11,3.1142704e-09
690000,151,84,0,2.9483174e-10,1.2423156e-11,3.4931856e-14,2.3974877e-21,2.3482604e-20,1.7154474e-10
690000,20,166,0,-1.092552e-12,5.525179e-11,2.1542244e-11,2.7726077e-13,1.3339027e-14,3.301744e-09
690000,457,363,0,-6.975976e-13,7.7286285e-12,2.1869237e-14,1.2956111e-21,1.1143947e-25,1.4590641e-10
690000,459,219,0,-5.65174e-13,3.19817e-11,3.822182e-12,4.5621e-16,1.9056489e-13,4.5228567e-11
690000,7,463,0,-9.19796e-13,5.4192012e-11,8.771722e-11,1.9164005e-11,9.161641e-12,3.4274288e-09
690000,91,5,0,-4.7106324e-13,1.5863477e-11,3.873948e-12,6.3582634e-16,2.7685222e-17,3.2357401e-09
690000,499,303,0,-4.7018005e-13,2.9223193e-12,5.2763006e-17,7.1526144e-28,1.1495226e-27,3.3490464e-09
690000,157,407,0,2.3462685e-10,8.5851826e-11,4.867541e-11,5.203488e-12,4.590945e-11,3.0076275e-09
690000,45,170,0,-6.9562547e-13,3.895374e-11,1.1662122e-13,1.4074032e-19,1.9883455e-14,2.4819863e-10
690000,390,284,0,1.4795129e-10,2.4837125e-11,3.7588503e-14,2.3161122e-21,1.3420063e-16,1.8042315e-10
690000,447,469,0,-1.1938742e-12,6.784473e-11,7.446644e-11,5.438602e-13,4.3839577e-13,3.7005536e-09
690000,464,441,0,-8.083996e-13,7.469359e-11,4.739809e-17,1.9708984e-23,2.5893693e-10,5.3474314e-10
690000,12,374,0,-9.593593e-13,8.179747e-11,8.5149433e-13,5.1401624e-18,4.34398e-11,4.2908585e-10
690000,333,23,0,-6.415973e-13,3.0417682e-11,6.7559238e-15,1.0433002e-20,1.3143341e-17,5.9048606e-11
690000,441,150,0,4.1576388e-11,5.7822646e-11,3.465639e-09,7.1918915e-10,1.1533325e-09,1.8100518e-10
690000,408,453,0,5.1724104e-11,2.9988654e-11,7.001692e-13,4.189382e-18,3.1510536e-10,3.1204852e-09
690000,408,400,0,5.6888576e-13,5.6239822e-11,5.820716e-13,1.993395e-17,1.6214147e-12,3.204434e-09
690000,462,98,0,5.9619226e-13,2.985603e-11,2.4972202e-14,2.6771593e-21,1.09919763e-16,9.240389e-11
690000,163,477,0,-3.792555e-13,3.981265e-12,1.7473014e-16,1.9627957e-27,5.870683e-25,1.1905457e-10
690000,468,210,0,-6.3707617e-13,1.8511657e-11,5.8772946e-13,1.2468748e-17,7.7902364e-20,3.1193415e-09
690000,447,211,0,1.1050526e-12,2.9672795e-11,4.5873194e-14,1.33217914e-20,5.2816297e-18,3.065654e-09
690000,490,472,0,-4.949335e-13,4.7170733e-11,4.099099e-11,3.1395885e-13,2.431198e-09,3.343698e-09
690000,29,188,0,-5.261611e-13,2.7971388e-12,2.4880545e-16,1.2446864e-26,2.3523473e-26,3.4986163e-09
690000,124,333,0,3.6423747e-10,8.798794e-12,7.309265e-16,3.78976e-25,7.80126e-18,3.4794984e-12
690000,64,58,0,7.7652105e-13,8.833009e-12,4.66689e-12,1.0320697e-15,5.3449185e-19,3.3497252e-09
690000,51,452,0,2.2026159e-11,7.490512e-11,4.195768e-11,5.1946503e-12,8.9951914e-11,3.3066527e-09
690000,456,359,0,-5.716261e-13,1.5092483e-11,3.7875057e-16,6.212613e-27,1.0376709e-18,3.1712204e-09
690000,26,206,0,-5.9284045e-13,4.0910178e-11,1.0839149e-11,1.554467e-14,2.8884847e-14,3.4591179e-09
690000,15,484,0,-1.0802439e-12,7.2256076e-11,5.544749e-14,1.3338708e-20,2.123637e-12,3.1753788e-09
690000,464,481,0,-7.4201355e-13,2.9218038e-11,8.203136e-11,1.3577194e-12,2.2328337e-13,3.753774e-10
690000,3,54,0,-8.782665e-13,4.12574e-11,3.1034467e-11,7.4989684e-13,3.9927666e-14,2.4838373e-10
690000,199,480,0,-5.0537417e-13,3.3664207e-11,7.2849865e-15,1.0068546e-22,2.0678678e-14,8.888498e-11
690000,375,38,0,-1.3042573e-12,6.376027e-11,3.230077e-12,1.7006795e-16,1.1282768e-12,3.1108995e-09
690000,10,438,0,-7.675714e-13,4.6687376e-11,6.881366e-11,1.0785256e-11,7.261647e-12,3.2068512e-09
690000,272,358,0,4.0259496e-10,1.2367608e-12,7.342798e-12,1.0086981e-14,4.470365e-17,2.516254e-10
690000,459,203,0,-4.9010194e-13,3.17755e-11,6.275483e-13,1.24820736e-17,1.1421929e-13,3.1077776e-09
690000,151,492,0,-6.082702e-13,7.5057814e-11,1.1381741e-11,5.3967006e-15,5.573055e-10,1.9882164e-10
690000,71,472,0,-6.7175123e-13,4.9437017e-11,3.9408143e-12,2.9514088e-15,9.504426e-13,2.1556244e-10
690000,12,470,0,-1.1107734e-12,1.110564e-10,1.6208555e-11,1.3867716e-13,2.2294782e-11,3.4011556e-09
690000,9,470,0,-1.0855447e-12,1.10465165e-10,1.8039452e-11,3.250017e-14,2.8492397e-10,7.64957e-10
690000,452,240,0,-3.6610054e-13,7.033477e-11,3.2416615e-14,6.9720264e-22,3.0476458e-11,3.0557061e-09
690000,11,56,0,-1.1414536e-12,5.703742e-11,2.0404817e-11,1.4073653e-14,9.497306e-16,3.1639742e-09
690000,287,415,0,1.7121908e-12,7.868989e-11,3.5874816e-13,7.7615474e-19,2.7707361e-10,3.0620468e-09
690000,449,402,0,-8.498925e-13,6.884509e-11,6.319995e-13,3.602842e-18,2.3100404e-09,3.1385166e-09
690000,486,225,0,-5.710154e-13,1.8968433e-11,5.5960066e-15,1.2634631e-23,1.343944e-17,3.3751302e-09
690000,108,432,0,4.1573172e-11,2.3696678e-11,1.2977883e-17,9.250971e-30,3.0076339e-12,3.5773065e-09
690000,429,150,0,1.7983337e-11,2.150417e-11,3.3828277e-12,1.2885848e-15,1.9096668e-18,3.0479552e-09
690000,449,203,0,1.0912375e-12,2.0605172e-11,6.3330885e-14,1.6051763e-20,2.4911437e-11,5.0698386e-11
690000,494,332,0,-7.4537387e-13,2.7877346e-11,2.8855082e-11,8.252221e-13,5.59189e-14,1.2189745e-10
690000,474,42,0,-1.484797e-12,7.477583e-11,1.8583584e-11,2.2327001e-13,1.1824974e-14,3.1489276e-09
690000,101,433,0,3.4482972e-11,2.7745374e-11,3.2496e-15,7.5172253e-23,2.8862628e-12,2.1552415e-10
690000,36,194,0,-6.0291843e-13,2.9188846e-11,3.177092e-11,5.031258e-13,2.0513578e-14,3.1330365e-09
690000,245,26,0,-6.2072754e-13,1.3595826e-11,5.8454654e-15,2.8652627e-23,1.2607736e-19,3.269358e-09
690000,5,230,0,-2.6008888e-13,1.1270245e-11,5.0214677e-13,1.2088562e-18,3.1738085e-18,7.066436e-11
690000,254,107,0,3.5659162e-10,6.6781316e-12,2.9861822e-17,1.7889411e-29,3.460688e-23,1.40584515e-11
690000,424,43,0,1.728823e-11,5.9930394e-11,8.345298e-11,4.8974883e-11,8.158416e-11,3.0803042e-09
690000,412,476,0,-1.1512156e-12,1.7689238e-10,9.510872e-14,1.0979844e-20,4.7710197e-10,3.143987e-09
690000,377,30,0,-1.3093218e-12,5.991161e-11,6.411316e-11,3.5221158e-12,4.1136504e-12,3.0375393e-09
