mcsteps,xCOM,yCOM,zCOM,il8,il1,il6,il10,tnf,tgf
350000,170,80,0,1.9106303e-09,1.2094191e-11,1.602544e-21,2.4964332e-32,5.7813547e-21,9.3281376e-11
350000,217,214,0,1.9099737e-09,4.938473e-13,8.019704e-12,3.8114496e-15,2.0482329e-17,9.5717113e-23
350000,289,163,0,1.9105577e-09,1.9241197e-12,0.0,0.0,9.794429e-25,3.9090672e-15
350000,413,269,0,2.2682765e-09,4.0160496e-11,2.1102826e-34,0.0,1.8258566e-15,2.5387292e-12
350000,414,200,0,1.9304967e-09,1.4625988e-11,7.343678e-26,1.40032e-40,1.8434817e-20,2.8165698e-16
350000,197,139,0,1.9149056e-09,7.0543116e-12,1.1604103e-14,9.366918e-20,6.301355e-22,2.315793e-11
350000,378,208,0,1.910082e-09,6.876758e-15,3.378414e-20,2.0018471e-31,7.0141732e-37,2.4424165e-12
350000,155,198,0,2.2978215e-09,1.6722016e-11,0.0,0.0,9.578691e-18,5.098533e-17
350000,397,297,0,1.9378066e-09,8.091064e-12,7.8000767e-25,5.3297e-41,3.5837673e-21,9.182109e-11
350000,409,184,0,1.9305348e-09,5.0099366e-11,5.4326707e-22,3.5968758e-35,3.9876757e-15,2.148413e-12
350000,336,94,0,1.951596e-09,3.4963678e-11,1.419059e-16,7.055324e-25,7.548934e-15,1.3714543e-12
350000,438,279,0,1.911239e-09,1.02952525e-11,5.5450897e-11,4.1196248e-13,2.3478747e-14,1.1102264e-10
350000,307,245,0,1.9097282e-09,2.7393988e-11,9.646085e-31,0.0,2.8619235e-17,2.3291974e-11
350000,352,156,0,1.930235e-09,2.7892081e-11,2.5574047e-14,2.6377745e-19,1.7457845e-16,2.4199525e-18
350000,175,364,0,2.0002864e-09,9.783373e-16,3.86829e-26,1.3229301e-38,2.4846854e-37,1.8124142e-15
350000,312,359,0,1.9111115e-09,1.9043838e-11,3.0632248e-16,1.9404044e-24,1.6838112e-16,5.0013834e-13
350000,258,315,0,1.9124322e-09,3.5364312e-15,2.231422e-39,0.0,0.0,5.473416e-15
350000,390,112,0,1.9104505e-09,1.7800025e-11,1.5010638e-12,7.617179e-17,1.05768e-18,1.1951186e-10
350000,84,355,0,1.980282e-09,5.7514784e-14,1.7730203e-15,2.6832883e-23,3.1061892e-29,3.5736496e-12
350000,138,255,0,1.9101427e-09,7.390468e-15,6.2432e-41,0.0,1.0959869e-31,9.598766e-14
350000,113,137,0,1.9096846e-09,4.5153225e-11,9.728149e-14,3.1449967e-18,1.3496217e-11,5.8359215e-13
350000,141,300,0,1.9314654e-09,5.2554342e-14,1.2482671e-24,1.5367e-41,2.3813522e-35,2.4419004e-12
350000,434,65,0,1.9480393e-09,1.8046103e-11,7.247743e-11,1.2869584e-12,9.7305193e-14,1.9051677e-10
350000,167,372,0,1.9966608e-09,1.4022728e-14,1.29199065e-27,0.0,1.7498913e-36,1.2796657e-13
350000,214,283,0,1.9111417e-09,1.1195494e-14,0.0,0.0,2.1483e-41,1.877848e-13
350000,90,213,0,1.916423e-09,1.5471924e-12,4.798516e-32,0.0,2.454578e-25,6.8037156e-13
350000,327,125,0,1.9171031e-09,7.195176e-12,1.7346181e-14,5.0791523e-21,1.1265816e-22,1.5019918e-11
350000,270,364,0,1.9154127e-09,1.2405919e-11,1.2712936e-15,1.4331266e-23,3.6260217e-17,5.5607623e-16
350000,210,112,0,1.9123993e-09,2.6847306e-17,6.4474982e-24,5.06497e-39,0.0,1.6108156e-14
350000,412,292,0,1.9466986e-09,1.40368715e-11,1.1820889e-16,9.5476606e-26,1.0767036e-19,7.305739e-11
350000,353,87,0,1.9795867e-09,4.707305e-13,3.719595e-21,7.915428e-34,4.3908022e-29,3.0676184e-11
350000,142,318,0,1.9250972e-09,7.705617e-12,4.603104e-19,3.5572552e-29,6.569937e-22,3.0389163e-11
350000,284,205,0,1.9283808e-09,2.1430415e-11,1.0007835e-34,0.0,5.110534e-16,3.7171065e-12
350000,294,191,0,1.92901e-09,2.448474e-11,0.0,0.0,4.260145e-16,2.957573e-12
350000,247,87,0,1.9193434e-09,3.1528604e-12,2.9144183e-26,6e-45,1.477021e-26,2.80223e-12
350000,124,402,0,1.953401e-09,5.829178e-12,4.779803e-22,1.9053383e-35,6.04828e-22,1.2066839e-10
350000,237,303,0,1.9126953e-09,1.0896709e-12,7.416497e-33,0.0,1.9325801e-26,2.984445e-19
350000,406,90,0,1.912767e-09,4.9224846e-11,9.079449e-18,3.395974e-28,1.3056392e-14,6.545651e-11
350000,121,416,0,1.9495776e-09,6.9367333e-12,2.1495273e-13,5.895437e-19,3.5149995e-23,1.5505378e-11
350000,337,200,0,2.0883613e-09,4.721113e-11,9.29e-43,0.0,5.1605894e-12,3.4399907e-17
350000,96,73,0,1.9095783e-09,6.4604336e-11,1.1409238e-17,1.0078348e-27,2.7783499e-14,5.9251284e-11
350000,318,387,0,1.9104847e-09,5.7180306e-12,3.8136931e-22,1.2533022e-36,1.1935214e-21,3.1816327e-11
350000,175,139,0,1.9146351e-09,5.5968372e-11,3.5440318e-24,2.50611e-39,1.4022029e-13,8.9596074e-11
350000,150,197,0,2.3891158e-09,7.558183e-13,0.0,0.0,7.8937407e-28,2.6169654e-14
350000,80,421,0,1.9927227e-09,1.5924763e-11,2.1982702e-17,8.872341e-28,1.4444714e-19,4.1887216e-11
350000,211,338,0,1.9422934e-09,5.7709493e-11,1.7561197e-33,0.0,4.732622e-16,1.860325e-25
350000,137,383,0,1.931407e-09,1.788826e-11,2.3609994e-12,8.3576963e-16,1.049051e-17,1.5184923e-12
350000,84,410,0,1.9862287e-09,1.7229708e-10,3.0235515e-13,8.817715e-19,1.05209536e-10,8.1071934e-11
350000,128,368,0,2.0331565e-09,2.8539006e-11,4.894498e-25,2.9864e-41,9.979934e-16,1.4903503e-12
350000,345,201,0,2.0884507e-09,2.0325857e-13,1.6480512e-33,0.0,1.1062604e-28,1.8166718e-20
350000,187,277,0,1.9114361e-09,1.6978907e-13,0.0,0.0,5.560314e-31,3.32329e-21
350000,82,343,0,2.016563e-09,3.446232e-11,4.599785e-12,9.670482e-16,8.9846724e-17,6.144271e-12
350000,59,395,0,1.9576691e-09,3.061328e-11,9.05501e-28,6.29e-43,8.8061926e-17,4.023241e-11
350000,339,428,0,1.963082e-09,2.2342185e-12,1.0147476e-12,2.7651607e-17,1.3613146e-20,4.094501e-11
350000,352,314,0,1.909934e-09,3.4486625e-13,7.0362994e-17,1.353705e-24,4.0334025e-30,2.2401892e-12
350000,192,347,0,1.93612e-09,6.176595e-11,3.86829e-26,1.3229301e-38,1.8592835e-15,7.245307e-19
350000,90,331,0,1.9509228e-09,1.0803878e-12,1.6609782e-20,3.132428e-33,3.2427049e-28,7.5395866e-14
350000,210,354,0,1.9937476e-09,1.3520597e-12,4.040724e-34,0.0,5.2440065e-26,5.764773e-13
350000,254,221,0,1.909818e-09,1.8118965e-11,8.257013e-16,7.466812e-24,4.46992e-16,5.5672752e-15
350000,247,110,0,1.921087e-09,1.975944e-11,2.6152383e-28,0.0,1.6896865e-17,4.126494e-15
350000,68,262,0,1.9121766e-09,2.2425718e-11,1.7162383e-15,9.359711e-24,1.5383314e-18,3.5240758e-11
350000,408,271,0,2.2725468e-09,6.191313e-11,3.2320125e-30,0.0,4.060747e-12,2.5865935e-12
350000,354,360,0,1.909947e-09,1.715455e-11,2.0638097e-23,7.013863e-37,8.22599e-18,3.8326627e-11
350000,55,408,0,1.958872e-09,3.4845633e-11,1.1768641e-17,4.141224e-26,6.4231265e-21,2.8485683e-13
350000,337,441,0,1.9629334e-09,2.5351596e-11,1.4820055e-16,6.6174563e-25,7.785848e-19,6.392036e-11
350000,249,131,0,1.9159938e-09,9.230253e-12,1.2761336e-35,0.0,5.740461e-21,3.23254e-12
350000,122,291,0,1.9713948e-09,1.8454025e-11,1.0042057e-18,2.3115244e-27,1.0120036e-18,6.724864e-13
350000,265,441,0,1.9094795e-09,1.5086581e-11,1.3857683e-17,3.4874924e-26,8.773345e-21,4.648858e-11
350000,109,292,0,1.965854e-09,4.2423946e-11,8.647092e-12,9.246442e-15,1.2867989e-15,1.890617e-12
350000,227,94,0,1.9194508e-09,6.367732e-13,2.6773602e-24,1.3123922e-35,7.4145443e-28,9.183167e-14
350000,340,168,0,1.9300328e-09,4.8073738e-14,7.6315764e-21,1.2265047e-32,8.04681e-36,7.259001e-14
350000,289,374,0,1.9160549e-09,3.0131871e-12,1.1067748e-19,1.7828185e-30,1.2954033e-21,1.7198377e-12
350000,193,311,0,1.9103426e-09,1.22827594e-17,2e-44,0.0,0.0,1.8112656e-28
350000,212,418,0,1.9100277e-09,1.4066613e-16,2.0646317e-19,3.2672326e-30,2.474103e-38,1.3672555e-10
350000,202,365,0,1.9701254e-09,5.816885e-13,2.4411143e-30,0.0,1.0123918e-29,4.8347444e-16
350000,63,433,0,1.9171327e-09,4.4706745e-11,1.1203009e-11,1.5813348e-14,4.0354902e-16,4.997573e-11
350000,119,338,0,1.912605e-09,3.793518e-11,3.2609306e-18,6.601778e-29,6.278808e-14,2.8349514e-17
350000,90,192,0,1.9155562e-09,3.0915025e-12,2.1825395e-14,2.4013324e-21,1.8411837e-21,3.624952e-11
350000,147,93,0,2.0246427e-09,5.4924578e-14,1.7642893e-13,1.6290404e-18,2.9511102e-22,1.1465705e-12
350000,182,249,0,1.9104756e-09,1.6047604e-11,1.1e-44,0.0,9.940377e-18,2.2077748e-24
350000,346,76,0,1.971692e-09,5.07746e-11,2.8379292e-14,5.471565e-19,3.987932e-15,1.2935552e-11
350000,359,392,0,1.9089104e-09,3.374355e-11,1.856343e-12,2.7260895e-16,5.670687e-16,1.6706494e-11
350000,87,276,0,1.9134754e-09,9.281219e-12,6.2017767e-18,2.0356952e-27,4.8349212e-23,3.3036403e-11
350000,404,256,0,1.9660544e-09,6.074722e-11,5.4769696e-21,4.503817e-31,3.319639e-14,3.188317e-14
350000,135,222,0,1.937038e-09,3.6972134e-13,9.92485e-40,0.0,3.3455197e-30,5.45441e-13
350000,380,155,0,1.9442064e-09,1.6313038e-11,7.896426e-19,4.62182e-30,8.22599e-18,3.9735043e-12
350000,444,131,0,1.9095645e-09,6.015906e-11,4.3225373e-13,1.6802334e-18,8.485017e-12,2.5738465e-11
350000,165,402,0,1.9107025e-09,1.1358901e-12,4.548702e-16,4.6353077e-25,3.3127293e-27,4.4688816e-13
350000,141,194,0,2.0764968e-09,2.9805335e-11,0.0,0.0,2.1914667e-14,4.9247335e-11
350000,341,110,0,1.9393755e-09,5.1562806e-11,1.2919027e-20,1.9975657e-33,2.0716652e-13,3.7585584e-11
350000,119,223,0,1.9355824e-09,3.141891e-11,6.170709e-38,0.0,1.1602845e-17,1.3051697e-10
350000,409,435,0,1.9090165e-09,1.1449941e-10,6.5510604e-22,1.8334766e-33,5.6872367e-12,7.818312e-11
350000,126,66,0,1.9093511e-09,5.3170614e-11,1.6518133e-18,7.7221673e-28,1.6139233e-17,3.3720075e-11
350000,301,62,0,1.909045e-09,9.8639014e-11,2.7058087e-12,1.8108443e-16,2.2536743e-13,1.5633668e-11
350000,141,101,0,2.0230106e-09,1.573154e-11,9.411181e-19,1.5528805e-29,6.317927e-17,2.2859778e-12
350000,426,77,0,1.9507078e-09,4.7152473e-11,1.5500895e-13,4.6710347e-18,4.6787752e-14,6.0218136e-11
350000,322,327,0,1.9100175e-09,1.159e-11,2.7039701e-31,0.0,1.977061e-19,6.5323853e-13
350000,188,383,0,1.920372e-09,2.942226e-14,1.54652e-40,0.0,9.480215e-35,9.3057465e-14
350000,119,363,0,2.0185793e-09,3.44955e-11,1.6650774e-28,1.8e-44,6.503853e-15,1.8839077e-17
350000,395,155,0,1.943487e-09,1.6839502e-11,6.565311e-13,7.3736195e-18,6.5003074e-18,1.5896054e-11
350000,412,418,0,1.78574e-11,4.767956e-11,3.0412224e-12,7.365381e-16,1.31477276e-14,1.5103122e-13
350000,51,157,0,-1.1831641e-11,2.318903e-09,3.080467e-11,2.1089383e-13,4.1194337e-09,5.3330236e-11
350000,392,413,0,-1.1678318e-11,2.3965527e-09,4.943485e-12,2.350302e-15,4.118813e-09,6.849316e-11
350000,147,441,0,-9.289751e-13,7.0536965e-11,7.587751e-19,1.2114838e-30,7.910598e-13,4.244187e-11
350000,209,123,0,9.779452e-11,4.375617e-12,1.0077542e-22,2.5488565e-34,3.923623e-21,1.8371617e-12
350000,131,417,0,1.2369039e-10,2.2930242e-09,6.0281515e-12,1.8190511e-15,4.1188084e-09,9.84681e-11
350000,101,421,0,2.1320327e-11,4.496784e-12,3.7784765e-19,1.0095285e-29,1.6235964e-23,9.651263e-13
350000,442,353,0,-1.1238644e-11,2.2739917e-09,3.370317e-13,5.839024e-17,4.1188084e-09,9.658779e-11
350000,396,157,0,7.432684e-10,4.658191e-11,1.540788e-14,1.3726005e-21,1.0094335e-15,2.6565708e-11
350000,247,447,0,-3.624949e-14,2.2864084e-09,3.2453129e-12,8.501879e-16,4.1188084e-09,2.1134167e-11
350000,238,221,0,1.9317058e-11,2.299124e-09,2.9860406e-30,0.0,4.118823e-09,2.892302e-12
350000,319,30,0,-5.9861523e-13,2.5307497e-11,9.828657e-16,5.901709e-23,7.1344586e-17,1.3422541e-12
350000,280,132,0,2.1760874e-13,3.9935126e-13,5.1621427e-22,5.448793e-34,4.3160448e-29,5.069928e-15
350000,455,372,0,-1.2048786e-11,2.363253e-09,2.2380461e-12,3.905855e-16,4.1188173e-09,3.5752373e-11
350000,17,368,0,-1.2114152e-11,2.2992341e-09,1.5255899e-11,1.716371e-14,4.1188084e-09,4.684846e-12
350000,213,165,0,2.6370448e-13,1.1485292e-16,7.767326e-37,0.0,0.0,2.8614672e-17
350000,401,433,0,1.5821716e-10,2.5418303e-09,8.573129e-16,6.6169754e-23,7.877172e-09,8.9217436e-12
350000,299,111,0,-1.1220457e-11,2.2753928e-09,7.8347155e-20,1.7245002e-31,4.1188084e-09,4.274026e-11
350000,43,341,0,-1.1576239e-11,2.303462e-09,1.9008736e-12,8.569011e-17,4.1188084e-09,1.9465537e-11
350000,60,51,0,-5.253975e-13,1.9233138e-11,4.0137598e-13,1.1409098e-18,2.203831e-17,9.3673826e-11
350000,189,489,0,-1.1738421e-11,2.4106293e-09,4.1821473e-14,8.0848e-20,4.2163504e-09,3.0534603e-11
350000,475,410,0,-1.2218934e-11,2.4292965e-09,4.7281677e-22,5.422257e-37,4.1188906e-09,1.1179324e-12
350000,384,356,0,2.3059332e-14,2.3065113e-12,5.470747e-17,2.6953707e-26,1.2710106e-24,1.4965466e-11
350000,21,0,0,-7.939096e-12,2.0245203e-09,8.46783e-33,0.0,4.1088657e-09,2.9670256e-11
350000,11,245,0,-1.1465719e-11,2.2865934e-09,1.2328864e-11,4.2064493e-14,4.1188097e-09,1.2201423e-11
350000,100,22,0,-1.1900589e-11,2.3217093e-09,2.2895445e-14,2.9878727e-21,4.118809e-09,1.651827e-10
350000,261,200,0,-3.6157809e-12,2.2724471e-09,2.8819193e-21,2.0897288e-32,4.1188084e-09,7.337655e-18
350000,93,466,0,-1.0232016e-12,4.133804e-11,2.9336488e-21,1.8922918e-34,2.5041146e-15,5.0087615e-11
350000,141,351,0,9.114015e-12,2.5675677e-12,1.3290957e-23,5.836572e-37,1.7743947e-24,1.1987258e-15
350000,151,485,0,-6.9031776e-13,5.183582e-11,2.2779686e-12,1.2640195e-16,1.5773061e-13,1.1671503e-11
350000,479,0,0,-1.5700814e-11,2.5584082e-09,1.0128836e-14,3.412074e-21,4.128751e-09,3.445214e-11
350000,301,411,0,-2.03788e-13,3.483081e-11,8.659457e-18,4.1911668e-27,2.54965e-16,2.0987427e-11
350000,46,96,0,-2.3633855e-12,2.5949595e-10,5.1071327e-13,1.1469143e-17,1.4490102e-11,9.297565e-12
350000,437,468,0,-1.2262708e-11,2.2940352e-09,5.857335e-13,5.9214167e-18,4.1188084e-09,4.0138673e-10
350000,430,284,0,1.4388754e-10,3.8732455e-11,1.1369352e-15,9.500655e-23,5.8180385e-18,6.152205e-11
350000,4,127,0,-1.23153415e-11,2.315757e-09,4.868614e-15,5.684864e-21,4.118809e-09,1.5310607e-10
350000,106,494,0,-7.3670014e-13,2.654992e-11,1.5481542e-13,5.1444215e-18,4.7892033e-18,3.705944e-10
350000,482,22,0,-1.1246402e-12,4.2224235e-11,1.7297948e-12,1.2820487e-16,6.6667144e-17,5.954455e-11
350000,56,269,0,4.4264203e-11,3.831024e-12,1.153087e-16,7.4237343e-25,1.9822666e-23,1.6289878e-10
350000,112,402,0,9.3022194e-11,4.29818e-12,5.091009e-22,7.7901245e-33,2.359758e-23,9.213836e-11
350000,421,27,0,-1.2229099e-11,2.3894693e-09,2.6639876e-11,2.765418e-13,4.121616e-09,2.934819e-11
350000,196,413,0,2.1292253e-11,4.559328e-11,8.1412965e-35,0.0,1.3496217e-11,3.1357374e-13
350000,375,26,0,-1.191589e-11,2.3116034e-09,3.913673e-11,1.9025218e-13,4.1188186e-09,4.0016775e-12
350000,264,419,0,-6.9123344e-12,2.2977604e-09,7.201544e-14,4.574926e-19,4.1188084e-09,1.208652e-10
350000,96,156,0,1.2939826e-12,2.9407828e-12,2.9919653e-20,7.586982e-30,4.9861806e-23,1.4749911e-12
350000,327,392,0,1.0585303e-10,8.565152e-12,4.806205e-15,1.3869772e-21,2.8907686e-21,1.3886657e-12
350000,490,282,0,-1.5667029e-12,1.4216915e-10,1.2721763e-15,1.4331924e-23,1.723552e-10,1.9874101e-10
350000,83,421,0,6.817344e-10,2.3903272e-11,1.797591e-15,9.055021e-24,3.296035e-18,3.1007544e-11
350000,159,294,0,9.984287e-13,2.2719602e-09,3.9597804e-23,2.3872805e-37,4.1188084e-09,3.319764e-14
350000,0,28,0,-8.040597e-12,2.1733892e-09,2.9826475e-17,1.65561e-26,4.3468646e-09,5.4321426e-11
350000,152,231,0,1.1645975e-11,1.2680876e-13,1.6766448e-15,2.2721098e-21,2.3308387e-25,4.7900343e-12
350000,360,27,0,3.887092e-12,9.003413e-11,1.3785253e-16,3.0749875e-26,4.2251945e-14,9.787699e-11
350000,242,64,0,-8.387607e-12,2.2790954e-09,5.351226e-26,5.5e-44,4.1188084e-09,1.3005186e-10
350000,319,228,0,6.6195343e-12,1.4987124e-12,1.568e-42,0.0,2.5358567e-24,2.4278255e-12
350000,188,140,0,1.9726987e-10,3.4422237e-14,1.7386915e-19,5.1670353e-30,9.9969875e-36,1.3379848e-13
350000,348,335,0,7.861906e-12,2.0772445e-11,9.29516e-40,0.0,2.497938e-16,2.4400488e-12
350000,25,136,0,-1.3059587e-12,4.8540977e-11,4.8579193e-14,1.6694177e-20,1.3521469e-17,4.488106e-13
350000,127,321,0,4.481485e-11,5.5567014e-12,1.2804552e-23,1.821681e-39,1.0638033e-21,1.8449114e-12
350000,317,424,0,5.2467696e-12,8.994375e-11,4.7053445e-19,1.6167387e-29,1.340763e-10,1.66872e-11
350000,153,44,0,-3.727695e-13,6.496334e-11,1.5819664e-21,1.3930508e-35,9.5563965e-12,6.714015e-10
350000,197,85,0,1.3854547e-12,4.0394538e-16,1.7648992e-17,7.6955383e-25,6.139669e-30,4.7956295e-11
350000,336,223,0,6.230883e-12,3.742288e-14,2.972741e-38,0.0,4.8505236e-35,1.5942462e-15
350000,78,386,0,8.0908535e-12,3.066912e-11,5.977121e-19,1.0565023e-29,3.6516533e-16,2.3726343e-16
350000,381,144,0,1.0522718e-10,1.4604562e-11,4.025696e-18,9.690215e-28,1.1389948e-18,4.9274677e-12
350000,30,235,0,-3.0241434e-13,2.523831e-11,1.1949993e-11,1.9493721e-14,1.8784231e-16,6.3721965e-11
350000,498,318,0,-6.352826e-13,9.522856e-11,3.0966828e-16,1.4359484e-24,1.6023136e-10,2.3624351e-12
350000,378,42,0,-1.4566111e-12,7.7895905e-11,9.209225e-11,8.8687044e-13,1.2341049e-13,1.6485091e-10
350000,39,327,0,-7.103969e-13,1.2962514e-10,7.895761e-13,9.408147e-17,1.2712251e-10,1.9074386e-12
350000,311,252,0,1.772545e-10,1.0489835e-11,1.4632545e-21,3.6181558e-35,6.9679885e-19,2.1259447e-11
350000,449,80,0,8.313169e-12,4.5240898e-11,5.43838e-13,7.8322945e-18,2.1581612e-16,6.981509e-11
350000,188,302,0,1.0810344e-10,2.071184e-14,9.362e-42,0.0,1.3037013e-34,1.6871753e-32
350000,101,176,0,9.615206e-12,2.4567034e-11,1.6914318e-26,3e-45,1.017321e-18,7.10366e-11
350000,116,191,0,3.4415589e-12,2.9251333e-16,1.5225097e-37,0.0,1.928e-42,3.407563e-14
350000,392,176,0,2.057656e-11,6.26692e-13,5.523908e-17,2.8325772e-25,6.648086e-30,1.0214092e-10
350000,440,383,0,-8.108171e-13,2.3896309e-11,3.2889937e-11,1.1237907e-13,2.3743316e-15,5.553283e-11
350000,147,167,0,1.1257097e-12,3.9836672e-11,0.0,0.0,4.993911e-15,1.250213e-14
350000,245,233,0,3.318276e-11,3.877081e-11,1.06715286e-32,0.0,2.2528923e-13,1.1180387e-11
350000,117,435,0,9.645362e-12,7.751904e-12,1.8335728e-23,3.4873922e-37,1.6169356e-23,4.725465e-12
350000,92,421,0,1.1856388e-10,9.606719e-11,5.0285205e-14,2.7396816e-20,1.00686874e-13,1.7873388e-12
350000,487,480,0,-9.630517e-13,5.7303287e-11,9.452456e-11,7.534774e-12,2.252442e-12,1.3062156e-10
350000,475,243,0,-7.700944e-13,9.6926585e-11,6.229575e-13,5.8840525e-18,5.580467e-14,3.5991952e-12
350000,329,89,0,1.6637294e-10,4.7492395e-11,2.6990988e-18,9.317168e-27,9.984661e-17,7.9137225e-11
350000,85,68,0,6.848433e-11,7.945835e-11,1.6169627e-19,1.6704662e-32,1.9042413e-12,8.038584e-11
350000,41,317,0,-6.0544825e-13,7.050328e-12,3.1698157e-17,5.641753e-25,2.167484e-24,7.781988e-11
350000,60,150,0,-8.3764544e-13,1.8936418e-11,6.3400395e-16,7.9657256e-25,4.350386e-19,1.3804078e-11
350000,21,100,0,-1.0556835e-12,1.1645936e-11,3.0413803e-11,1.9412294e-13,5.1608743e-15,2.4904895e-10
350000,401,201,0,6.921684e-11,4.21462e-11,4.063835e-29,0.0,1.2935704e-14,3.52644e-13
350000,356,306,0,1.4473925e-10,9.902875e-13,7.726506e-14,9.303428e-19,4.255379e-22,3.2058925e-11
350000,310,64,0,1.3601965e-10,3.9576e-11,4.635748e-13,5.6161068e-18,7.308704e-13,6.7038194e-11
350000,138,481,0,-4.134666e-13,2.2305283e-11,2.274462e-17,3.1006996e-27,2.9169196e-20,1.7330026e-11
350000,329,327,0,2.2821192e-10,2.2291407e-14,2.4831345e-38,0.0,1.2386845e-33,2.79203e-11
350000,194,366,0,2.2487118e-10,4.2453028e-13,1.3318573e-37,0.0,7.992338e-27,2.6672303e-15
350000,215,368,0,8.661053e-11,1.9801317e-11,2.4270057e-17,2.8958458e-26,7.1344586e-17,5.171127e-12
350000,125,5,0,-6.471218e-13,6.9645845e-11,3.0660604e-14,2.6425172e-20,4.7477717e-15,8.272784e-11
350000,10,189,0,-1.4947836e-12,9.8338e-11,3.3169027e-11,1.3629758e-13,1.4432577e-13,8.481e-11
350000,28,382,0,-2.5604613e-13,2.1336225e-12,3.2891058e-11,1.1237907e-13,2.3369328e-15,8.433035e-11
350000,407,79,0,9.998004e-11,1.6478372e-11,1.2758804e-11,4.614135e-14,1.1549364e-15,3.7970814e-11
350000,440,6,0,-2.069395e-12,1.13811995e-10,1.4750025e-12,2.6387616e-17,6.958647e-14,9.485089e-11
350000,490,322,0,-7.64003e-13,4.2950324e-11,3.421439e-13,1.3743187e-18,1.7384779e-17,9.1141907e-11
350000,417,14,0,-1.7812729e-12,1.2251973e-10,1.6044377e-10,9.753393e-12,2.2732367e-12,2.4572292e-11
350000,425,88,0,1.0192335e-10,1.7266901e-11,6.046519e-16,6.5246077e-22,9.375887e-18,3.9663543e-11
350000,136,164,0,3.1304917e-13,2.9602175e-13,0.0,0.0,2.9557054e-27,6.3062035e-11
350000,295,45,0,1.3742224e-11,5.6767854e-11,1.1430433e-11,8.107772e-15,5.4816997e-16,9.18844e-15
350000,489,85,0,-1.0423299e-12,1.7693642e-11,3.34517e-12,2.9610604e-16,3.0571181e-19,1.9794925e-10
350000,154,122,0,3.1467938e-12,6.758513e-13,4.780298e-19,5.8627467e-30,5.892525e-30,2.644142e-13
350000,382,93,0,9.290574e-12,3.8886335e-11,2.4518142e-16,6.612864e-26,7.1349165e-17,5.479992e-13
350000,159,221,0,7.313318e-12,4.2745975e-14,1.629115e-19,1.159516e-27,2.9428547e-33,1.6904853e-18
350000,494,177,0,-1.5653366e-12,9.287373e-11,2.176101e-12,3.284796e-16,5.234329e-13,7.583001e-11
350000,160,112,0,8.22265e-12,6.295175e-11,1.8914598e-16,1.3575974e-25,8.385261e-14,1.9226443e-11
350000,310,103,0,5.919259e-13,9.132699e-11,9.993764e-11,4.6372784e-12,1.5133985e-12,2.1983592e-11
350000,484,319,0,-6.481609e-13,3.2982377e-11,9.134292e-12,4.1490266e-15,8.527178e-13,3.0904886e-11
350000,222,267,0,1.536974e-11,3.1444986e-11,2.3712356e-37,0.0,1.8976656e-13,9.7643135e-12
350000,249,5,0,-2.9010976e-13,3.7350537e-13,2.8318474e-16,2.0170576e-25,2.6413004e-26,6.2417314e-11
350000,131,493,0,-2.3021274e-13,2.0094239e-12,4.4524505e-13,2.3211737e-17,3.2005107e-20,6.197231e-11
350000,63,330,0,3.9868113e-12,9.713256e-12,4.9357972e-14,1.9438572e-20,3.02271e-21,5.2716295e-12
350000,321,134,0,9.362172e-11,4.3096867e-12,1.2803208e-18,3.544533e-27,6.8822684e-26,4.907484e-11
350000,422,66,0,1.4616906e-10,1.1957346e-10,3.012697e-16,8.731488e-26,4.067269e-12,4.2113588e-10
350000,235,113,0,7.804761e-11,1.0993332e-11,7.3215586e-19,1.01315546e-29,2.0164714e-19,3.8326647e-11
350000,218,205,0,1.4205695e-10,2.087813e-14,6.2140946e-19,2.4816111e-29,5.434909e-37,8.748885e-23
350000,321,187,0,9.729298e-12,9.768511e-16,0.0,0.0,2.5763e-41,3.431476e-12
350000,4,416,0,-9.966669e-13,4.875101e-11,3.4283443e-13,1.1012538e-18,7.188954e-14,3.9056154e-12
350000,118,242,0,1.5203134e-11,5.1375005e-14,2.103296e-24,8.544001e-39,2.0784804e-34,8.60405e-12
350000,385,264,0,1.0166218e-11,5.8877653e-13,3.1907495e-12,4.5618754e-16,7.964352e-19,1.3423766e-12
350000,14,60,0,-8.285011e-13,8.06189e-11,6.5103595e-12,4.078656e-15,2.1020469e-10,1.9775302e-10
350000,365,135,0,3.7132845e-12,2.2673348e-11,2.1967336e-36,0.0,1.1842189e-15,2.4096453e-10
350000,374,488,0,-7.1670827e-13,2.3183002e-11,8.7194225e-18,6.289161e-28,6.438429e-19,1.0552158e-10
350000,330,1,0,-3.0274443e-13,3.8707907e-13,7.955969e-19,5.0912265e-29,1.9540656e-26,3.0203434e-10
350000,363,264,0,-8.764781e-14,9.351681e-15,4.36122e-28,1.4e-44,5.979126e-39,2.3621296e-11
350000,77,334,0,1.6129312e-10,3.1584867e-11,3.9868244e-15,2.8170401e-21,1.6447413e-14,3.5329222e-11
350000,403,85,0,2.9635353e-10,1.0223071e-10,4.124088e-16,4.1119392e-25,3.321761e-09,6.544872e-11
350000,304,497,0,-7.595333e-13,4.607011e-11,1.04572274e-10,7.547235e-12,2.252277e-12,3.2901915e-12
350000,141,120,0,1.15853065e-11,7.579773e-11,1.4834875e-31,0.0,1.0066689e-13,8.063359e-11
350000,55,150,0,-1.0099433e-12,5.1557442e-11,4.7806367e-14,1.0035143e-19,3.985715e-15,1.2472298e-10
350000,474,459,0,-9.476365e-13,8.146684e-11,2.2518543e-12,1.7866964e-16,1.6023036e-10,9.922201e-11
350000,291,225,0,7.166686e-12,2.1697932e-11,4.309e-42,0.0,2.3812172e-17,2.9462635e-17
350000,154,254,0,2.623075e-11,9.652078e-13,5.1587226e-34,0.0,2.9126906e-24,2.5698694e-12
350000,163,263,0,4.7489816e-12,1.7114278e-13,3e-44,0.0,4.4363438e-27,2.9296603e-14
350000,287,142,0,6.0582477e-12,1.25787e-11,6.785601e-32,0.0,5.840664e-17,5.964015e-11
350000,80,77,0,2.202004e-11,3.668254e-11,1.515952e-16,4.140122e-24,6.7304454e-16,5.3918873e-11
350000,379,140,0,3.8454143e-11,3.23976e-11,1.4404295e-20,1.2856897e-32,5.5660216e-15,3.4642775e-13
350000,193,184,0,3.021188e-15,2.6337469e-17,0.0,0.0,9.4e-44,8.803485e-13
350000,421,375,0,-3.7155795e-13,5.5911466e-11,4.0020087e-17,6.828811e-27,3.10907e-09,8.360438e-12
350000,75,80,0,3.7075005e-12,5.2498565e-11,2.621503e-16,3.5489348e-25,7.6426684e-17,1.7479736e-10
350000,389,86,0,1.8269879e-11,4.4254708e-11,1.4126834e-10,5.7930563e-11,6.40941e-11,9.520444e-11
350000,183,232,0,1.9650634e-11,9.080344e-15,1.1093726e-34,0.0,1.8777808e-34,3.804413e-13
350000,200,117,0,9.067498e-11,1.1501003e-13,2.5041826e-23,1.350321e-37,2.0862453e-33,3.9869153e-11
350000,229,25,0,-1.4947842e-12,1.08837245e-10,1.1802755e-17,7.3783555e-27,3.448393e-14,7.5994835e-12
350000,279,114,0,-1.5648077e-13,9.667438e-12,2.0006037e-15,1.9768771e-22,2.7722952e-21,2.3115725e-11
350000,22,229,0,-9.47732e-14,8.12112e-15,4.613801e-19,2.273096e-31,3.434416e-39,1.8561508e-10
350000,319,253,0,3.869867e-11,2.3476758e-13,1.8528038e-16,5.978356e-24,2.106992e-29,4.9107823e-14
350000,256,437,0,1.1740818e-10,4.194675e-11,1.0259059e-15,5.2157168e-24,1.160525e-13,1.1673036e-11
350000,132,361,0,2.3594993e-10,1.2784952e-11,1.4921538e-25,2.543268e-39,3.6416394e-20,1.7386696e-13
350000,441,199,0,5.937906e-13,3.447958e-11,1.4694948e-10,1.1928999e-11,3.1054345e-12,3.8007944e-11
350000,121,266,0,1.0425099e-11,5.5227694e-18,4.628653e-19,7.0801967e-31,5.40634e-40,7.981561e-11
350000,225,211,0,1.5949629e-10,4.3090444e-12,1.07315556e-19,9.984274e-31,5.0462138e-23,5.2161185e-21
350000,260,296,0,1.3650551e-11,1.4451192e-15,0.0,0.0,0.0,5.0998817e-30
350000,313,161,0,3.1386703e-12,8.1093113e-13,2.350398e-35,0.0,1.8421756e-28,1.1647305e-10
350000,332,400,0,1.14034416e-11,2.6605555e-11,2.1413878e-12,1.3125126e-16,6.673337e-17,1.2380846e-11
350000,490,143,0,-9.297687e-13,1.3506105e-11,3.129788e-21,4.7286846e-33,1.0416654e-21,4.2673892e-11
350000,328,87,0,1.0643344e-10,2.3312987e-11,1.4219412e-20,4.1910554e-31,4.2535592e-19,6.510471e-11
350000,38,399,0,1.5548765e-11,7.7488856e-11,1.2595453e-15,1.9058651e-22,3.8218486e-14,1.4273328e-11
350000,347,404,0,2.1345101e-11,2.3390082e-11,1.7945129e-16,1.3241781e-25,4.9920707e-16,2.5760607e-11
350000,277,422,0,3.1101864e-12,1.8088255e-10,1.3495345e-15,3.1195905e-23,8.164351e-11,4.357541e-11
350000,127,483,0,-3.4500227e-13,3.3999043e-12,2.8227157e-11,1.3394728e-13,3.19048e-15,1.8352225e-12
350000,328,61,0,3.5003077e-12,3.979223e-11,3.3392234e-14,5.093219e-21,1.6038789e-16,1.0915239e-12
350000,383,299,0,4.187747e-11,7.952016e-11,2.4558737e-20,5.2056304e-33,2.457526e-14,5.608381e-12
350000,490,270,0,-1.4081591e-12,5.979189e-11,1.216298e-13,3.1789383e-19,1.6319289e-17,5.6922685e-11
350000,356,267,0,-1.322045e-13,2.0248218e-13,5.341925e-30,0.0,6.485413e-29,1.635928e-11
350000,51,362,0,-2.830103e-13,8.755399e-12,1.4366304e-23,1.8625492e-38,5.3471614e-20,1.8497696e-11
350000,229,359,0,1.0993854e-11,5.126349e-15,9.453213e-30,0.0,1.8226e-40,1.0124246e-14
350000,155,418,0,1.1337168e-11,1.932859e-11,5.0464417e-14,5.2104275e-20,3.4120878e-18,1.9373106e-12
350000,412,66,0,2.1820863e-11,3.0026218e-11,4.1498606e-12,3.3048469e-15,2.4439272e-13,1.8604543e-10
350000,324,452,0,1.993078e-11,5.301922e-12,1.225187e-11,9.5606845e-15,5.9347224e-17,4.210707e-11
350000,290,197,0,3.2830996e-10,1.7360693e-11,0.0,0.0,1.3760558e-19,1.9659863e-14
350000,135,386,0,5.1860277e-10,8.2095127e-13,4.4573956e-10,2.7154631e-11,1.3439315e-11,1.0990132e-12
350000,329,465,0,1.3927999e-12,5.908369e-12,1.863875e-15,1.2891409e-23,4.7467374e-22,6.536381e-11
350000,98,190,0,1.7257464e-10,3.7012715e-12,1.5290007e-19,7.923738e-31,1.6261257e-23,8.680811e-12
350000,69,392,0,1.11082206e-10,1.3285356e-11,1.702449e-21,3.5417868e-31,1.3110288e-19,3.227476e-11
350000,185,426,0,4.2720425e-13,3.1380867e-11,3.0716783e-19,4.6673227e-29,1.7331705e-13,1.2726141e-10
350000,455,285,0,1.425198e-11,3.5614917e-11,6.626364e-17,9.3458354e-27,3.6682198e-15,3.0932288e-09
350000,305,362,0,2.0547292e-10,3.6547262e-11,1.5833216e-20,1.2872534e-31,8.8719644e-16,3.003856e-09
350000,44,441,0,6.0476745e-12,4.3312486e-11,1.1718212e-12,1.6071158e-15,2.467514e-16,3.0689513e-09
350000,77,231,0,3.9106175e-12,3.047305e-10,1.485013e-19,6.2619457e-30,4.006536e-09,1.50086e-11
350000,473,486,0,-7.583192e-13,1.03724425e-10,1.9816579e-11,3.4798485e-14,1.9460088e-11,3.1711664e-09
350000,114,54,0,2.0148326e-11,1.3628909e-11,8.6687255e-12,7.548728e-15,5.219724e-17,3.0368226e-09
350000,28,83,0,-1.2404773e-12,9.353644e-11,7.5124217e-13,2.1309197e-17,1.3004187e-14,3.1882423e-09
350000,312,399,0,5.000822e-11,4.1615867e-14,7.630581e-15,2.0881543e-22,2.8133823e-28,3.0234104e-09
350000,455,138,0,5.381697e-11,1.0828441e-10,7.959251e-12,2.788768e-15,8.1472947e-13,2.4893728e-11
350000,27,292,0,-4.6424903e-13,5.4210667e-11,7.2595035e-15,2.3023066e-22,3.0752194e-09,1.8013954e-10
350000,347,30,0,-1.0282005e-12,4.0120195e-11,9.1495665e-17,6.62808e-26,8.080549e-18,5.6683627e-11
350000,495,130,0,-1.246581e-12,1.14123086e-10,9.165949e-15,3.9734666e-22,4.4225595e-12,2.9889065e-09
350000,282,471,0,-2.8967256e-13,3.107328e-12,3.6345849e-10,4.157429e-11,2.51127e-11,3.061377e-09
350000,64,460,0,-4.781195e-13,2.099616e-10,1.3980472e-10,1.2924699e-11,1.9304922e-11,3.3358738e-09
350000,206,367,0,4.5736373e-10,2.4519125e-14,4.7978836e-25,5.4292e-41,6.1165216e-37,8.3282795e-15
350000,134,19,0,-3.9261275e-13,1.8637588e-11,5.1945653e-11,3.484697e-13,1.9311297e-14,4.0855777e-11
350000,49,195,0,-6.779414e-13,3.0706427e-11,2.3310145e-17,3.1043672e-27,1.184219e-15,2.9915486e-09
350000,425,4,0,-2.2611973e-12,1.7823365e-10,9.879569e-11,5.2243648e-12,3.0432097e-09,3.0658285e-09
350000,386,426,0,1.2742804e-12,5.0974575e-11,3.652407e-14,1.3882309e-19,6.7391204e-13,3.3491916e-09
350000,288,439,0,2.7748394e-12,6.974112e-11,6.345582e-13,4.2852323e-17,1.8732607e-11,5.550102e-11
350000,183,350,0,1.5767312e-10,1.4473917e-12,1.9339454e-16,4.3434492e-23,3.8981794e-24,2.9887863e-09
350000,26,419,0,-7.224185e-13,2.258758e-11,9.0135805e-14,5.479841e-20,8.691681e-19,3.2134364e-09
350000,266,129,0,1.993166e-11,1.8727497e-11,2.9559886e-31,0.0,3.3733483e-19,2.9918286e-09
350000,60,157,0,-5.947162e-13,5.700826e-12,9.283647e-13,5.1616444e-17,3.418349e-20,1.2486647e-12
350000,20,172,0,-8.9880815e-13,8.23825e-11,1.066626e-11,5.8841054e-15,8.82457e-12,3.0226954e-09
350000,210,473,0,-3.8024e-13,1.2650476e-11,9.068381e-15,6.9543297e-22,2.183434e-19,1.3113803e-12
350000,90,32,0,-4.7358054e-13,5.9669158e-12,2.478258e-15,1.3531435e-21,2.3390705e-22,3.1498923e-09
350000,34,349,0,-6.3868767e-13,4.4778684e-11,1.974359e-18,2.7792818e-29,1.8261605e-15,3.0438372e-09
350000,427,174,0,6.7648326e-12,5.6610817e-11,7.731722e-17,2.142803e-25,2.5433314e-15,1.6675045e-12
350000,56,15,0,-1.0565537e-12,1.1170099e-10,3.4622594e-09,7.191878e-10,1.1608916e-09,1.01367956e-10
350000,254,131,0,3.6359812e-10,2.163234e-11,8.6973e-41,0.0,2.497938e-16,2.9887903e-09
350000,82,228,0,1.9505562e-11,1.3207899e-11,3.5782597e-22,2.0866333e-35,2.7183802e-19,2.989402e-09
350000,470,380,0,-8.553437e-13,5.530759e-12,1.7073629e-10,8.122055e-12,1.7418653e-12,3.1668137e-09
350000,20,75,0,-2.0320497e-12,1.6015103e-10,3.4622594e-09,7.191878e-10,1.1540643e-09,4.2441457e-11
350000,457,350,0,-7.322338e-13,3.5428056e-11,1.11523085e-14,1.1792518e-20,1.6446162e-16,2.9922786e-09
350000,182,440,0,-5.9609213e-13,7.069137e-11,3.6771747e-14,4.25263e-20,3.3817961e-12,2.9896998e-09
350000,179,200,0,2.7277037e-12,1.3661691e-12,0.0,0.0,2.135194e-25,2.9887863e-09
350000,77,425,0,4.032344e-10,7.3981446e-11,3.9392476e-19,4.3147982e-31,2.6159688e-14,7.445742e-11
350000,59,36,0,-9.642527e-13,5.609371e-11,1.4228298e-16,4.241432e-25,3.4751892e-13,8.981739e-12
350000,253,95,0,1.3961537e-10,6.839293e-15,2.4885428e-17,1.7708786e-26,1.9526798e-33,1.2779199e-11
350000,175,395,0,8.566707e-11,7.0536764e-11,4.04065e-28,0.0,3.4482508e-14,2.990138e-09
350000,484,109,0,-7.6954534e-13,3.556511e-11,6.369734e-11,6.3218257e-13,3.955319e-14,3.1462537e-09
350000,13,98,0,-7.65549e-13,9.414416e-12,1.8836106e-16,2.8140376e-24,4.63557e-21,3.0746756e-09
350000,144,79,0,4.9948164e-11,7.663219e-12,1.2347383e-20,1.7355416e-33,6.6549214e-19,2.7676323e-11
350000,482,173,0,-1.585171e-12,1.4542584e-10,1.5236315e-15,5.4139314e-22,4.309485e-13,2.2979771e-12
350000,100,404,0,2.4373682e-11,1.4538726e-10,8.770343e-21,1.1447452e-34,4.343286e-12,4.133032e-11
350000,51,82,0,-1.5506819e-12,2.0354184e-10,2.6583729e-12,5.433096e-16,4.353846e-12,2.4075691e-10
350000,335,81,0,1.357506e-10,3.2526804e-11,1.6880121e-17,5.95796e-25,1.1213319e-15,1.2658615e-12
350000,288,385,0,8.9914666e-11,7.3564044e-11,2.750692e-11,1.2070554e-13,3.0752223e-09,2.0601637e-13
350000,218,435,0,1.42292315e-11,1.0077429e-11,3.9750596e-15,1.0524643e-21,8.200477e-18,1.0804627e-11
350000,458,129,0,4.124954e-11,4.4728197e-11,2.747356e-13,7.008054e-19,5.9425967e-12,8.559089e-11
350000,53,395,0,3.3825975e-10,5.320195e-11,2.8694976e-23,7.582004e-39,2.7672358e-13,8.24407e-12
350000,278,277,0,-1.4242909e-13,2.8619518e-12,0.0,0.0,6.9257285e-26,4.7153636e-28
350000,251,262,0,-3.7821704e-13,3.5555878e-11,0.0,0.0,9.9875705e-15,1.9028044e-19
350000,47,453,0,2.6136214e-13,1.0836354e-10,3.965947e-11,2.6523068e-13,6.766478e-12,2.564069e-10
350000,137,151,0,4.9375803e-13,2.6265778e-12,3.3602e-41,0.0,6.78775e-23,1.286003e-15
350000,40,387,0,7.873954e-12,2.5599746e-11,1.5772283e-11,4.3285454e-14,1.0334393e-15,1.342806e-10
350000,10,458,0,-6.3154077e-13,1.6620144e-12,1.1425006e-11,3.4515085e-14,7.9969275e-16,3.5085088e-09
350000,291,387,0,5.4216555e-11,1.1043883e-10,8.539451e-12,7.548579e-15,7.078244e-12,8.832347e-14
350000,149,416,0,6.5729575e-12,1.1840429e-11,9.6735265e-17,1.239521e-25,9.481577e-23,2.9925167e-09
350000,108,403,0,4.0441914e-11,3.0651228e-11,3.5822522e-22,6.6671836e-32,3.0459543e-16,3.0496679e-09
350000,170,287,0,-1.5369702e-12,2.2723219e-09,1.2845576e-36,0.0,4.1188084e-09,4.946907e-22
350000,226,218,0,1.1842945e-10,5.2146907e-12,3.5790875e-19,6.8685126e-29,7.567783e-23,1.0409286e-18
350000,456,30,0,-1.3021794e-12,7.55865e-11,1.652257e-13,8.699856e-19,5.569669e-15,1.3196659e-10
350000,65,98,0,-1.3300207e-12,1.1853023e-10,8.222935e-18,9.337627e-28,6.3605237e-12,1.6438064e-11
350000,344,172,0,3.2229336e-10,2.3756335e-14,3.1323343e-20,2.9740912e-31,7.478253e-34,1.6406737e-11
350000,279,151,0,2.827874e-11,1.1600277e-12,1.19e-43,0.0,1.4885179e-28,1.406616e-13
350000,155,484,0,-6.043301e-13,5.858242e-11,1.1878134e-11,3.8188413e-14,3.484265e-13,3.911932e-12
350000,258,210,0,7.69568e-11,3.60952e-11,6.495512e-13,1.6637688e-17,3.3301742e-15,3.0520335e-14
350000,166,103,0,1.0096334e-11,2.4227413e-11,1.7684086e-10,5.874789e-11,5.602385e-11,2.1126427e-12
350000,497,499,0,-1.3029172e-14,2.2579761e-12,2.3751938e-19,6.848982e-28,4.2705315e-16,4.0060864e-11
350000,455,62,0,3.8754746e-12,3.0143307e-10,3.7120433e-12,2.6240064e-15,8.572594e-12,2.5993733e-11
350000,471,149,0,-1.7001617e-12,1.5263876e-10,1.2274614e-18,2.9832373e-28,1.098565e-13,9.648847e-11
350000,246,241,0,5.211433e-12,2.4434212e-11,4.1970747e-38,0.0,4.9920707e-16,1.9239084e-11
350000,65,420,0,1.2035825e-10,1.1664107e-10,1.5264281e-11,1.716371e-14,1.2928447e-13,3.18088e-11
350000,321,180,0,6.2474084e-12,4.0123185e-14,0.0,0.0,6.2172984e-34,9.3395534e-12
350000,33,461,0,-1.4700348e-12,9.834761e-11,3.4997127e-12,7.3874605e-15,8.5311933e-13,3.0224518e-09
350000,128,318,0,5.3142997e-11,1.8526026e-11,1.8990115e-25,1.32e-43,1.0119948e-18,2.9891793e-09
350000,46,108,0,-1.6268715e-12,1.0264204e-10,4.008387e-13,1.1382438e-17,7.909092e-13,3.2407174e-11
350000,428,127,0,2.211276e-11,5.5513368e-11,7.556522e-18,2.2344293e-28,1.2673832e-11,3.0744673e-09
350000,58,221,0,-8.1101613e-13,4.5185265e-11,2.1876078e-18,1.8832298e-27,3.7731284e-17,2.989627e-09
350000,43,31,0,-1.2597631e-12,2.8197559e-11,1.0829392e-12,1.9728575e-17,5.128718e-19,3.0917846e-09
350000,409,370,0,-5.853897e-13,1.7646225e-11,5.415306e-23,9.879383e-38,3.7398546e-17,3.045628e-09
350000,436,434,0,3.3170523e-13,6.004395e-12,1.1154515e-14,1.17925195e-20,6.5446816e-24,1.1903883e-10
350000,480,93,0,-7.021153e-13,5.661496e-11,8.3077595e-14,1.3368979e-18,1.759468e-14,3.046913e-09
350000,238,25,0,-6.474002e-13,1.5868662e-12,2.160963e-20,4.343654e-34,1.0560731e-25,3.098981e-09
350000,36,453,0,-1.1209133e-12,1.8369046e-11,9.297403e-15,2.4498503e-22,6.388159e-20,3.1970329e-09
350000,368,465,0,-9.769193e-13,1.3165184e-10,1.4642496e-14,3.2508006e-21,1.1301558e-14,3.0776894e-09
350000,266,34,0,-5.057355e-13,3.2104194e-11,1.3490129e-11,1.9474273e-14,6.825016e-15,3.0470628e-09
350000,453,252,0,-1.8126349e-13,3.944458e-13,5.0278076e-16,1.4128736e-24,4.7892338e-29,2.9960534e-09
350000,238,185,0,-2.048568e-13,1.227217e-11,0.0,0.0,6.4068143e-20,2.4486267e-13
350000,255,235,0,4.25188e-11,5.563601e-11,1.082419e-27,6e-45,4.1581046e-15,2.4883075e-11
350000,60,240,0,2.945315e-12,1.9290535e-14,1.856343e-12,2.7260895e-16,5.000739e-19,2.1199305e-12
350000,220,49,0,-5.420929e-13,1.201675e-11,2.5438215e-12,4.625015e-16,1.0056218e-18,4.3302337e-11
350000,20,248,0,-1.5440842e-12,9.0909356e-11,7.042388e-11,1.0834569e-12,3.559047e-13,1.2068759e-11
350000,226,123,0,1.4970428e-11,4.4409065e-13,5.9851278e-12,3.4273848e-15,1.9976483e-17,8.771884e-11
350000,45,113,0,-1.2027964e-12,3.3598114e-11,3.653074e-12,1.115277e-15,2.6434183e-13,8.8474006e-11
350000,13,448,0,-5.822333e-13,1.7679146e-11,2.2713514e-10,5.7040043e-11,4.6583463e-11,6.797984e-11
350000,361,248,0,-5.7001203e-13,2.4390866e-11,5.9058715e-14,9.6013187e-20,3.975827e-18,7.1549173e-12
350000,197,120,0,4.294585e-11,3.7073543e-12,2.0004239e-25,4.94663e-40,1.4005555e-22,9.485238e-11
350000,141,134,0,3.8074098e-13,1.856138e-11,9.2014696e-26,2.0371e-40,9.378955e-20,1.5326665e-12
350000,120,115,0,4.4528014e-12,8.1326695e-11,1.2885162e-29,0.0,5.551142e-12,2.7695226e-11
350000,341,89,0,3.403265e-10,1.8070769e-11,4.5050945e-22,4.0070454e-31,4.4617233e-18,1.574168e-13
350000,385,483,0,-7.9757815e-13,2.5073308e-11,3.9889045e-13,5.2419362e-17,2.9215806e-18,1.8929575e-10
350000,133,378,0,3.5257305e-10,2.8905251e-11,5.7941805e-15,4.69708e-21,9.980798e-16,1.4366644e-11
350000,75,444,0,2.6044044e-11,5.824958e-11,1.0846175e-12,7.0577816e-17,1.1544081e-15,3.1535814e-09
350000,94,499,0,-6.333076e-13,1.990916e-12,3.5423534e-18,1.7290352e-27,8.69341e-25,3.2906309e-09
350000,80,248,0,1.3566226e-11,8.297544e-12,6.8648396e-13,1.1865122e-17,5.7607805e-20,4.751382e-11
350000,108,74,0,7.8929925e-11,2.3761522e-11,3.4636977e-13,2.541226e-17,9.1567024e-18,2.9953198e-09
350000,14,175,0,-1.0771615e-12,8.9213185e-11,3.4624024e-09,7.191878e-10,1.15329e-09,1.6796375e-11
350000,166,138,0,1.4213912e-10,4.9524803e-12,6.0475347e-16,4.861599e-24,3.9237983e-21,5.079638e-11
350000,32,497,0,-9.541886e-13,5.7475406e-11,2.0988303e-15,2.0198873e-22,2.1371365e-16,3.0235887e-09
350000,478,88,0,-9.236655e-13,7.267538e-11,3.4127506e-11,1.2763885e-13,1.9838057e-14,3.0050225e-09
350000,107,480,0,-8.2265374e-13,8.357972e-12,5.984585e-18,2.032427e-27,4.296575e-24,3.485806e-09
350000,472,204,0,-7.317737e-13,3.2385046e-11,2.2503522e-12,1.7869842e-16,9.987692e-15,2.9896938e-09
350000,467,387,0,-5.6522777e-13,9.381628e-12,1.0620348e-12,1.0281384e-17,7.660283e-21,3.735382e-11
350000,16,5,0,-8.741682e-13,6.794262e-11,1.2422292e-23,1.5435477e-36,4.195954e-15,3.1350489e-09
350000,372,358,0,1.3988639e-11,3.7516552e-11,4.9396945e-12,8.990345e-16,8.917184e-17,1.2667768e-10
350000,103,130,0,6.655069e-11,1.4665111e-11,2.349236e-17,2.4489585e-25,2.7458808e-17,1.5031743e-12
350000,493,199,0,-8.928852e-13,1.2399242e-11,1.1778009e-22,1.1963812e-35,1.6274342e-21,3.1047651e-09
350000,63,299,0,-3.3953556e-14,4.7106995e-14,5.174587e-13,6.8373285e-18,1.2918898e-21,2.920636e-11
350000,15,154,0,-1.5504168e-12,7.509747e-11,3.8194334e-17,2.4250675e-26,2.2520622e-15,2.9971048e-09
350000,206,148,0,5.921162e-11,2.1140952e-11,4.6402e-17,7.8955565e-25,1.6291843e-15,2.9925034e-09
350000,2,143,0,-2.0781799e-12,1.450372e-10,3.2746433e-27,0.0,1.9603782e-11,3.0398777e-09
350000,24,370,0,-1.3458637e-12,1.87571e-10,2.4351144e-12,4.62247e-16,2.8288602e-12,3.0635563e-09
350000,290,469,0,-7.84238e-14,2.7716902e-14,1.6347744e-16,4.2689946e-23,1.2634371e-27,3.0488048e-09
350000,462,329,0,-3.2237779e-13,8.830275e-12,3.2634015e-15,7.904834e-22,1.2208086e-19,2.994585e-09
350000,445,316,0,-1.439586e-13,4.0025546e-13,1.0678099e-13,2.5443396e-19,1.3518272e-23,3.004492e-09
350000,498,453,0,-4.3411143e-13,4.5481053e-11,1.1782284e-12,5.159103e-17,6.4169518e-15,4.926168e-11
350000,192,458,0,-3.2994153e-13,1.3101651e-12,3.4918866e-09,7.194589e-10,1.1532839e-09,6.91418e-11
350000,12,223,0,-3.4663055e-13,2.8314159e-12,1.3028653e-14,1.50335e-21,2.1796674e-22,5.2046774e-12
350000,464,450,0,-8.432935e-13,2.1790968e-11,4.347912e-16,3.1041984e-24,2.570634e-19,3.1706344e-09
350000,231,53,0,-7.838156e-13,3.339389e-11,6.0281515e-12,1.8190511e-15,1.5645514e-16,2.9975076e-09
350000,319,449,0,9.453257e-12,9.584036e-12,8.354624e-15,2.0171927e-20,8.726546e-20,5.853928e-11
350000,331,491,0,-6.635931e-13,1.9669884e-11,3.8661237e-14,1.6279475e-20,5.5840575e-19,2.9910885e-09
350000,384,495,0,-8.0332914e-13,1.9176811e-11,9.949811e-13,1.7304286e-17,2.7362428e-17,3.0779244e-09
350000,470,109,0,-7.438184e-13,5.68367e-11,9.484466e-17,4.7405582e-26,7.8036685e-16,2.9951197e-09
350000,443,153,0,3.5023213e-12,7.6655834e-11,1.597552e-14,6.143512e-21,1.4787649e-14,2.04398e-11
350000,493,491,0,-4.954174e-13,5.8282656e-11,4.648909e-16,1.01211346e-22,6.4083714e-17,3.1751755e-09
350000,427,69,0,3.55291e-10,2.3160217e-11,2.365613e-15,1.8705869e-23,2.3210812e-18,3.0990341e-09
350000,384,220,0,5.0028204e-11,2.7901661e-15,2.2202293e-35,0.0,1.5524e-41,1.0954881e-12
350000,56,225,0,-1.18168695e-11,2.3296143e-09,8.151019e-17,1.7575756e-25,4.1366333e-09,9.382911e-12
350000,86,191,0,4.3389164e-10,2.2822262e-09,5.675302e-12,1.5680403e-15,4.1188084e-09,6.426753e-11
350000,90,291,0,4.2079944e-11,3.6142683e-11,1.4686743e-22,2.555552e-35,8.344428e-16,6.14434e-13
350000,135,299,0,3.0853942e-10,2.2722002e-09,1.2079429e-30,0.0,4.1188084e-09,1.2946968e-11
350000,391,435,0,1.4382484e-11,3.4741834e-11,1.0380997e-12,2.769693e-17,5.5660365e-15,3.4132624e-11
350000,257,437,0,1.4468737e-10,2.859371e-11,3.6616533e-16,3.8184928e-25,1.891255e-15,1.5541467e-11
350000,227,153,0,2.2267607e-13,1.6196319e-11,2.4000954e-20,1.6408534e-30,4.461723e-18,1.1411919e-12
350000,270,273,0,-1.2473792e-13,3.2645338e-11,0.0,0.0,6.739115e-13,2.7343253e-32
350000,46,301,0,-6.5500085e-13,1.128725e-10,2.4103222e-14,5.5626826e-21,6.4148717e-12,6.770868e-12
350000,47,393,0,8.727433e-11,6.85823e-11,2.051462e-18,1.4228312e-29,2.1537961e-13,9.831471e-11
350000,108,46,0,5.8612094e-13,8.404076e-11,1.1603853e-11,8.108105e-15,1.1080311e-11,1.2126786e-10
350000,157,441,0,-1.1043021e-12,7.815254e-11,1.8669982e-27,0.0,2.4821936e-15,1.5973096e-10
350000,389,223,0,1.26998525e-11,2.7303114e-14,4.8186603e-31,0.0,1.3369231e-35,1.4310442e-11
350000,365,155,0,8.977193e-11,2.4323333e-13,8.362226e-24,2.116592e-38,1.1012657e-30,3.5065996e-13
350000,19,405,0,-1.0883163e-12,4.1583195e-11,2.2741742e-14,6.95743e-21,3.079429e-16,1.5305444e-11
350000,158,231,0,2.7362583e-12,9.550118e-15,1.5651026e-10,3.8030356e-12,6.666505e-13,2.3026286e-13
350000,105,381,0,5.4962567e-12,4.810194e-12,6.3787406e-31,0.0,8.6904994e-23,2.9668264e-14
350000,384,440,0,9.977762e-13,5.311032e-12,1.0590312e-11,6.8161038e-15,3.9933927e-17,3.9334393e-11
350000,30,415,0,1.3755564e-13,2.065867e-10,1.5450745e-14,1.1512844e-20,1.5723495e-10,3.1192147e-09
350000,24,123,0,-9.306862e-13,2.136289e-11,1.5199851e-12,6.343097e-17,3.6498984e-17,2.3252546e-10
350000,70,458,0,9.328265e-14,1.2648867e-10,1.0418019e-13,6.8496443e-19,1.8388163e-10,2.0489613e-10
350000,50,109,0,-1.7422566e-12,2.815696e-10,1.8873026e-14,5.0887558e-21,5.6325805e-11,3.0932896e-09
350000,295,475,0,-2.0039858e-13,7.451856e-13,5.781311e-24,7.131061e-37,5.444341e-28,2.1828796e-10
350000,410,212,0,6.070218e-11,6.851499e-11,1.2264911e-13,1.8101872e-18,8.824527e-12,2.0296402e-13
350000,449,191,0,-5.138107e-13,2.438419e-11,5.1367064e-16,2.378543e-23,9.024376e-18,6.985722e-11
350000,51,459,0,-9.306572e-13,7.240341e-11,2.5123553e-14,1.0942243e-20,2.7632124e-14,3.1720617e-09
350000,73,21,0,-1.3175988e-12,9.67745e-11,2.8393382e-10,5.2574122e-11,4.5149336e-11,5.7403145e-11
350000,441,62,0,2.0126918e-10,5.0993685e-11,1.2591826e-13,1.9334427e-19,7.1904984e-17,8.265497e-12
350000,395,468,0,-6.503239e-13,2.0079544e-11,3.7517103e-18,1.2996798e-26,2.2376894e-18,9.072425e-11
350000,485,442,0,-8.283183e-13,5.7028597e-11,2.4401661e-12,2.0821523e-16,7.733214e-17,9.4623155e-12
350000,474,447,0,-7.659864e-13,2.8662009e-11,7.980768e-19,4.225486e-31,6.847987e-17,2.13825e-12
350000,207,38,0,-8.712492e-13,1.0617016e-10,3.4622876e-09,7.191878e-10,1.319636e-09,1.4292349e-11
350000,479,471,0,-1.0154343e-12,7.930808e-11,3.6696965e-12,2.7013773e-16,2.7898067e-13,5.063866e-11
350000,30,131,0,-1.2021396e-12,4.3451125e-11,5.683554e-12,1.5680409e-15,2.5786424e-17,1.5411098e-12
350000,39,96,0,-1.738269e-12,1.1765913e-10,8.050118e-10,4.8006615e-10,1.0399126e-09,9.349617e-11
350000,185,11,0,-1.9196323e-13,1.2804298e-12,7.116384e-17,1.6320752e-24,1.6180052e-24,7.752509e-12
350000,391,147,0,1.9263752e-10,1.00411615e-11,3.1150506e-11,1.480492e-13,3.6221556e-15,9.226447e-11
350000,413,219,0,1.0793115e-11,2.3656393e-11,6.3568824e-11,6.3218246e-13,4.115293e-14,4.074046e-11
350000,5,366,0,-1.0209908e-12,4.0131728e-11,7.1328866e-11,1.6095241e-12,3.9653494e-13,2.9983145e-09
350000,24,494,0,-8.262211e-13,6.1012854e-11,5.8357616e-12,1.630333e-15,1.9229449e-16,3.1521528e-09
350000,465,454,0,-8.4821185e-13,4.6228927e-11,1.432066e-14,1.136688e-20,7.548945e-15,3.0593768e-09
350000,241,473,0,-7.646383e-13,4.6108756e-11,5.0856976e-15,5.0474577e-22,1.5186704e-11,3.7384887e-10
350000,40,67,0,-1.1421367e-12,7.540149e-11,1.4263769e-15,1.8887766e-23,4.431737e-14,3.0359197e-09
350000,407,486,0,-1.0389647e-12,1.1057981e-10,4.084581e-16,1.355135e-23,2.052381e-10,1.02639425e-10
350000,55,258,0,4.7403e-11,3.1150596e-11,8.794312e-15,7.767146e-21,9.9817334e-17,3.2731686e-09
350000,473,168,0,-1.5989551e-12,1.1411892e-10,7.278407e-20,2.181128e-32,6.758756e-12,8.6943115e-13
350000,493,203,0,-7.389983e-13,3.1644035e-11,1.3051343e-26,1.73e-42,7.548934e-15,2.8900782e-10
350000,193,45,0,-1.1143e-12,9.441835e-11,5.9414012e-15,1.3897929e-21,1.0067124e-13,1.9436455e-12
350000,61,369,0,1.9412497e-12,2.1013334e-12,2.4392648e-17,1.4990087e-25,7.195725e-25,1.890799e-10
350000,421,21,0,-1.4498217e-12,6.263758e-11,8.7322933e-13,7.350885e-17,1.1607847e-14,6.2578505e-11
350000,390,499,0,-1.0186625e-12,1.1721936e-11,2.5165772e-10,1.546959e-11,3.94416e-12,3.3465382e-09
350000,250,490,0,-9.862076e-13,1.7602012e-10,1.9989684e-18,1.6348273e-29,3.5848896e-10,2.5701654e-15
350000,25,108,0,-1.3064277e-12,3.7448242e-11,1.9807257e-13,1.98478e-18,1.5470124e-17,5.291337e-12
350000,278,488,0,-6.088504e-13,5.4032032e-11,2.6049104e-19,1.226582e-31,5.960866e-16,5.7935632e-11
350000,474,430,0,-7.0333377e-13,4.4298534e-11,1.0148687e-11,1.2107608e-14,1.0176239e-14,1.6179588e-10
350000,475,7,0,-1.361411e-12,2.0237143e-10,1.8568147e-10,5.867334e-11,3.1445238e-09,3.1709884e-09
350000,404,481,0,-8.507193e-13,4.9495776e-11,1.9574613e-21,1.8569629e-34,3.3304378e-15,1.9009637e-10
350000,9,221,0,-2.752065e-13,2.9950413e-12,4.7825036e-13,9.762694e-18,1.2266014e-20,9.020173e-14
350000,423,381,0,-3.8857554e-13,6.5804528e-12,2.5930565e-21,4.977499e-34,1.3865532e-21,2.1841794e-10
350000,480,5,0,-1.6710811e-12,9.7913795e-11,1.2613955e-11,4.206686e-14,2.2889478e-10,3.0497624e-09
350000,454,483,0,-8.9572604e-13,1.3161526e-11,3.4962013e-17,4.897573e-26,3.8658259e-22,6.530568e-10
350000,134,486,0,-3.546652e-13,1.0498624e-10,7.1136223e-13,7.987351e-17,1.8409348e-10,9.286112e-11
350000,256,79,0,6.960462e-11,1.5612527e-11,1.225349e-25,1.04e-43,1.5271794e-19,1.6176652e-12
350000,28,211,0,-4.7017707e-13,4.773535e-12,8.2597505e-12,6.5427154e-15,4.2670575e-17,2.2946425e-10
350000,73,440,0,7.4535975e-11,3.7367793e-11,2.0262754e-14,3.2306496e-21,4.062662e-18,2.4316249e-11
350000,420,55,0,2.1538231e-11,3.4179205e-11,1.5581401e-13,4.855414e-19,1.0857546e-16,3.610942e-11
350000,298,84,0,4.1380697e-12,1.26308235e-11,1.018658e-12,2.7652198e-17,1.799587e-18,3.8380382e-11
350000,486,413,0,-1.4350068e-12,3.7601575e-10,2.6812015e-14,4.036838e-20,3.967939e-09,1.8604318e-11
350000,24,71,0,-1.4718917e-12,3.970075e-11,2.577496e-18,1.1809892e-24,2.2058511e-17,2.0887862e-10
350000,36,357,0,-8.236811e-13,4.5597363e-11,2.7784894e-17,1.5821781e-25,4.579788e-16,1.16159055e-10
350000,48,14,0,-1.1440057e-12,9.328114e-11,1.0410267e-11,2.7781427e-14,1.6084665e-11,2.5954423e-11
350000,0,98,0,-8.4793153e-13,1.00350075e-10,6.6602756e-14,1.4559632e-19,4.4306876e-13,1.4187322e-10
350000,492,68,0,-1.3394751e-12,6.169951e-11,5.5952027e-18,1.8521335e-28,6.739133e-13,3.3228327e-09
350000,77,393,0,2.911618e-11,6.5369925e-11,6.3832184e-26,2.455e-42,1.2852565e-14,5.702059e-13
350000,47,65,0,-1.0965057e-12,1.5469513e-10,8.6192756e-17,5.7025954e-26,1.4124771e-10,3.0369116e-09
350000,475,467,0,-1.0425884e-12,3.2596502e-11,1.0605071e-10,2.2961563e-12,1.9741446e-13,6.800783e-11
350000,365,20,0,-1.5153562e-12,1.9933634e-10,3.0410312e-12,7.365381e-16,2.7771197e-12,6.196169e-13
350000,473,115,0,-8.675195e-13,1.2902152e-10,7.540022e-12,5.6313e-15,6.4034732e-12,3.1061858e-09
350000,258,489,0,-6.6775036e-13,1.6908915e-11,1.1628017e-15,1.7876087e-24,2.1954496e-20,4.0817293e-12
350000,247,59,0,2.871936e-13,1.910992e-12,1.0068136e-20,9.591586e-32,9.938395e-27,5.9505664e-11
350000,13,338,0,-6.5687625e-13,2.699543e-12,1.2263926e-17,7.557733e-28,7.07324e-24,9.742299e-13
350000,358,489,0,-4.3252104e-13,4.0661655e-11,5.057667e-14,1.4778515e-20,6.759495e-12,2.917007e-10
350000,89,424,0,1.6317045e-10,1.10952365e-10,1.4185984e-15,2.470753e-22,2.1264758e-10,2.9909952e-09
350000,401,234,0,4.389636e-12,3.198414e-11,4.1456874e-16,1.09091385e-23,5.5660216e-15,1.257334e-10
350000,467,26,0,-1.5148821e-12,1.2275622e-10,1.1109615e-15,3.4425745e-23,2.9762812e-09,3.534885e-11
350000,436,421,0,-1.014481e-12,3.7744963e-11,8.720196e-19,1.6921935e-30,3.928073e-18,4.5958723e-11
350000,419,439,0,9.455618e-11,7.4275113e-13,3.4622596e-09,7.191878e-10,1.1532664e-09,2.4331459e-11
350000,445,34,0,-1.264201e-12,5.03884e-11,5.652336e-14,1.2401235e-19,1.0707322e-16,3.0413436e-09
350000,245,498,0,-1.1720155e-12,4.124981e-11,2.1533051e-15,7.224086e-22,5.773061e-17,1.6396695e-15
350000,378,482,0,-9.544592e-13,8.369487e-11,1.4217667e-14,3.601609e-20,1.4027873e-13,1.7560463e-11
350000,28,40,0,-9.956509e-13,1.37861675e-11,9.3259116e-11,6.5820925e-12,1.7771312e-12,4.54666e-11
350000,434,391,0,-4.614505e-13,1.9282385e-11,4.3489494e-17,1.6766183e-26,1.1687211e-16,9.51523e-10
350000,429,477,0,-1.7105813e-12,8.236222e-11,3.2111802e-12,1.5599079e-15,1.4311923e-13,3.0534544e-09
350000,223,485,0,-6.3659755e-13,7.22855e-12,3.887113e-17,2.2385018e-25,4.2348433e-23,2.2977242e-10
350000,461,359,0,-2.82623e-13,7.821143e-13,4.4302804e-16,5.320752e-25,2.0172568e-27,2.086141e-10
350000,18,496,0,-6.049969e-13,2.3281294e-12,1.5242618e-17,4.402086e-27,7.40493e-28,2.1402376e-10
350000,72,3,0,-6.7889916e-13,3.6647498e-11,3.5304661e-09,7.215931e-10,1.1535138e-09,8.3227085e-11
350000,242,84,0,3.1002484e-10,4.211343e-11,1.6271168e-25,5.3862e-41,6.369208e-15,1.5648458e-14
350000,85,110,0,-1.8913725e-12,1.6972944e-10,2.1960364e-16,1.9034737e-25,2.0934243e-14,5.953286e-11
350000,52,453,0,2.4355906e-12,1.2906658e-10,1.7168277e-11,2.496911e-14,8.93801e-12,1.2751364e-10
350000,451,355,0,-6.165663e-13,1.30606905e-11,1.3469488e-20,1.6182359e-32,1.8915501e-17,1.0882576e-10
350000,256,85,0,1.3765453e-10,2.0011356e-12,1.0722122e-20,1.5577386e-34,2.0024435e-20,1.589457e-11
350000,456,431,0,-1.2338911e-12,3.8530887e-11,1.0140959e-16,9.771637e-26,3.2601152e-18,2.535962e-11
350000,3,262,0,-1.157901e-12,6.681555e-11,3.5720034e-21,3.9956422e-35,1.9046802e-13,3.0572045e-09
350000,465,265,0,-5.742535e-13,1.2975976e-10,2.9442137e-14,1.9639798e-19,3.1290081e-12,3.0011358e-09
350000,476,71,0,-1.2842929e-12,5.6525656e-11,5.556495e-13,1.2830806e-17,1.624692e-14,3.5279027e-10
350000,484,1,0,-1.7756292e-12,2.0214387e-10,3.4625292e-09,7.1918826e-10,1.2900939e-09,2.2707392e-10
350000,477,204,0,-8.7061543e-13,5.2012557e-11,3.4622603e-09,7.191878e-10,1.1536945e-09,4.082989e-11
350000,41,208,0,-7.1753714e-13,4.7885668e-11,2.5858447e-11,9.6458926e-14,9.204908e-15,7.5554604e-11
350000,138,487,0,-4.0237003e-13,7.024171e-11,6.5799393e-16,3.2550774e-23,4.0607517e-12,6.421392e-11
350000,21,49,0,-1.2886921e-12,7.603894e-11,1.939788e-14,2.4323433e-20,6.891211e-14,1.7098664e-10
350000,56,469,0,-1.4808734e-12,3.398082e-11,3.732037e-11,1.4411878e-13,3.1697504e-15,2.9133998e-10
