mcsteps,xCOM,yCOM,zCOM,il8,il1,il6,il10,tnf,tgf
900000,170,80,0,2.1235247e-09,2.4717636e-11,2.3480044e-16,1.1706852e-25,5.9858015e-18,2.0554268e-10
900000,217,214,0,2.1034465e-09,2.498532e-12,2.1085586e-11,3.5122363e-13,8.286589e-15,1.1803254e-13
900000,289,163,0,2.1153412e-09,2.9868321e-12,6.6117473e-15,8.998667e-22,5.3185734e-21,2.2345554e-11
900000,413,269,0,2.7607148e-09,4.2565593e-11,5.555573e-13,1.2830804e-17,2.935051e-13,1.274882e-10
900000,414,200,0,2.1937903e-09,2.8678792e-11,7.1239103e-13,1.1037355e-17,4.4211844e-17,1.7300746e-11
900000,197,139,0,2.1511422e-09,1.077766e-11,1.7325816e-12,3.4698043e-16,5.629026e-18,8.5600346e-11
900000,378,208,0,2.1114415e-09,1.6049967e-12,9.677681e-15,2.0531891e-23,7.3620273e-29,3.8364305e-11
900000,155,198,0,2.7588496e-09,2.1653462e-11,3.5843823e-32,0.0,8.0239795e-15,2.5750639e-12
900000,397,297,0,2.2272024e-09,3.6780697e-11,8.56094e-15,3.0156163e-22,2.641078e-10,2.4474037e-10
900000,409,184,0,2.2003879e-09,3.140945e-11,4.2789584e-14,7.265941e-21,3.5691e-13,5.722939e-11
900000,336,94,0,2.3182818e-09,1.9694527e-11,3.5026092e-13,3.725205e-19,4.0886348e-13,5.2670934e-11
900000,438,279,0,2.139714e-09,5.8642896e-11,3.9835014e-11,5.463466e-12,1.3035835e-12,3.2931366e-10
900000,307,245,0,2.1014015e-09,1.542153e-11,7.201291e-22,1.88871e-40,1.4109346e-14,3.4733657e-11
900000,352,156,0,2.2059004e-09,1.7649803e-11,1.842346e-12,4.1991452e-16,3.6722524e-14,6.7002896e-11
900000,175,364,0,2.3886724e-09,1.3043462e-12,1.159993e-17,4.1615037e-28,1.991843e-26,5.29223e-12
900000,312,359,0,2.1365072e-09,1.7791664e-11,3.8108256e-13,4.700495e-19,6.188622e-14,4.6954152e-11
900000,258,315,0,2.1291005e-09,2.542409e-13,2.6917843e-27,0.0,3.2301034e-38,1.8233864e-11
900000,390,112,0,2.1193896e-09,1.5357514e-11,7.166631e-12,1.2129307e-14,1.7609187e-15,5.809273e-11
900000,84,355,0,2.3108326e-09,2.8463787e-12,3.4032214e-13,6.0233255e-19,3.2650426e-24,1.7331196e-10
900000,138,255,0,2.112092e-09,2.4173734e-12,6.330381e-30,0.0,1.7501725e-24,5.1312354e-11
900000,113,137,0,2.1011686e-09,1.3736743e-11,7.848291e-12,1.526601e-14,6.6665624e-11,1.0521123e-10
900000,141,300,0,2.229019e-09,1.222682e-11,2.4334878e-18,1.2826452e-32,3.636842e-18,1.5233526e-10
900000,434,65,0,2.2305588e-09,2.5407846e-11,3.7165573e-11,5.8313597e-12,1.7396089e-12,1.9590644e-10
900000,167,372,0,2.3594138e-09,5.6344686e-12,1.4273431e-20,8.043093e-37,2.4932783e-21,1.3540244e-10
900000,214,283,0,2.1299604e-09,4.1476403e-13,1.535972e-39,0.0,4.539205e-34,6.404732e-11
900000,90,213,0,2.156717e-09,2.6825308e-11,1.107722e-19,1.9521385e-33,4.787129e-17,1.2756476e-11
900000,327,125,0,2.1601356e-09,1.324283e-11,1.1542374e-12,2.896691e-17,3.5963644e-19,7.2260885e-11
900000,270,364,0,2.1452056e-09,8.544172e-12,4.1318633e-13,6.9965857e-19,4.6128186e-15,6.041923e-11
900000,210,112,0,2.14078e-09,1.3031335e-13,1.502237e-17,3.817265e-30,1.0604877e-37,2.8484937e-11
900000,412,292,0,2.2975486e-09,1.3561348e-11,5.9012914e-14,5.7936215e-21,1.4048661e-16,9.76404e-11
900000,353,87,0,2.3497642e-09,5.0796316e-12,8.958982e-17,1.9770064e-27,2.8891828e-24,7.743647e-11
900000,142,318,0,2.1911335e-09,1.6099289e-11,1.869123e-15,5.6611337e-24,4.480029e-18,5.864332e-11
900000,284,205,0,2.191079e-09,2.2520293e-11,1.2537529e-24,1e-45,3.1477984e-14,1.28509e-11
900000,294,191,0,2.1994002e-09,2.3918801e-11,3.3969522e-29,0.0,4.7517383e-14,1.6139397e-11
900000,247,87,0,2.181192e-09,9.006781e-12,7.3527555e-20,4.8259668e-36,2.1003085e-22,1.5184755e-10
900000,124,402,0,2.2735225e-09,8.070707e-12,1.0799424e-11,1.4153697e-14,1.1167548e-16,2.1191758e-10
900000,237,303,0,2.139298e-09,2.0054232e-12,2.8645755e-23,4.2773e-41,1.7148608e-22,3.3799764e-12
900000,406,90,0,2.1488733e-09,3.3209532e-11,1.3628975e-14,7.978071e-23,6.352173e-13,2.0944362e-10
900000,121,416,0,2.237673e-09,1.961612e-11,2.920237e-12,4.1775125e-16,1.3363861e-19,1.2429345e-10
900000,337,200,0,2.437835e-09,9.6868884e-12,1.2593432e-27,0.0,3.1879523e-11,4.8790364e-11
900000,96,73,0,2.1092341e-09,3.2336394e-11,1.38011915e-14,6.8183463e-23,8.123564e-13,3.6188552e-10
900000,318,387,0,2.1228466e-09,1.3485366e-11,5.1277866e-17,3.205411e-29,4.847051e-17,3.259727e-10
900000,175,139,0,2.1416446e-09,1.0827591e-11,1.1750778e-17,3.0005358e-30,5.091409e-12,1.6164464e-10
900000,150,197,0,2.9024436e-09,1.0390621e-11,1.648236e-34,0.0,2.4235217e-20,1.125224e-11
900000,80,421,0,2.3600126e-09,3.384002e-11,2.8120677e-14,2.0672094e-22,3.9328986e-16,1.9324131e-10
900000,211,338,0,2.2694668e-09,2.95548e-11,3.0960957e-23,9.4e-43,1.0574467e-13,1.4189939e-12
900000,137,383,0,2.248412e-09,2.9122368e-11,3.4229744e-11,8.538522e-13,4.80549e-14,1.0065241e-10
900000,84,410,0,2.3267512e-09,5.6370224e-11,3.2942852e-12,6.148061e-16,3.232707e-10,3.0234043e-10
900000,128,368,0,2.4316305e-09,2.274072e-11,4.55772e-19,5.9351544e-33,8.8500374e-14,2.6897769e-11
900000,345,201,0,2.439942e-09,2.232976e-12,1.1833915e-21,2.304643e-39,9.911297e-24,1.02711e-11
900000,187,277,0,2.1342494e-09,2.1025705e-12,2.1e-44,0.0,5.480062e-26,3.112234e-13
900000,82,343,0,2.4111249e-09,2.74176e-11,1.1776878e-11,7.7079036e-14,2.0992988e-14,2.0151997e-10
900000,59,395,0,2.2643418e-09,4.030496e-11,2.7673092e-17,7.798115e-28,2.6548747e-14,1.10833086e-10
900000,339,428,0,2.2567832e-09,2.1725148e-11,8.517831e-12,1.40542155e-14,3.139164e-17,1.8587148e-10
900000,352,314,0,2.1073219e-09,1.3308119e-11,1.8495254e-13,3.7230241e-19,1.00726966e-19,5.0520584e-11
900000,192,347,0,2.2966726e-09,3.0259923e-11,1.159993e-17,4.1615037e-28,3.1838367e-13,1.8567106e-11
900000,90,331,0,2.2662667e-09,7.421331e-12,5.829527e-16,2.6355227e-26,1.7027086e-23,8.9474664e-11
900000,210,354,0,2.4139066e-09,1.5112463e-11,8.3526675e-24,2.06e-43,1.2994583e-19,2.4975657e-11
900000,254,221,0,2.1078674e-09,2.1360644e-11,4.2573112e-13,6.5679423e-19,3.003234e-14,2.1274744e-12
900000,247,110,0,2.2054247e-09,1.3211864e-11,3.7479517e-21,2.448314e-39,3.1289435e-15,1.3031298e-10
900000,68,262,0,2.1311706e-09,1.2629006e-10,2.4242552e-13,1.5699986e-19,3.2490366e-09,2.6397365e-10
900000,408,271,0,2.7740084e-09,2.4379374e-11,6.8316324e-15,1.2925712e-21,3.0420617e-11,6.240693e-11
900000,354,360,0,2.1093174e-09,9.913384e-12,3.6464827e-16,6.113035e-27,2.4762172e-15,6.543836e-11
900000,55,408,0,2.290213e-09,5.898525e-11,3.215923e-11,3.244545e-13,1.0473193e-14,1.8839116e-10
900000,337,441,0,2.2553914e-09,3.0328583e-11,2.0820392e-13,7.955922e-20,1.6175753e-15,2.3456653e-10
900000,249,131,0,2.1491489e-09,1.14345e-11,1.0823082e-11,7.377453e-15,3.104103e-17,1.5596265e-10
900000,122,291,0,2.313986e-09,1.6813096e-11,4.902905e-14,1.5196954e-20,1.7302786e-15,1.465893e-11
900000,265,441,0,2.1005468e-09,3.5045446e-11,1.9378673e-13,1.236371e-19,1.9321284e-13,2.0544713e-10
900000,109,292,0,2.2827602e-09,2.5445585e-11,2.6798588e-11,9.978664e-13,3.3342694e-13,4.7375152e-11
900000,227,94,0,2.1941335e-09,7.838175e-12,1.2201797e-14,6.1243526e-23,1.1941496e-22,1.06308455e-10
900000,340,168,0,2.202088e-09,2.7795476e-12,1.662595e-15,7.1216795e-25,7.789861e-29,1.9838641e-11
900000,289,374,0,2.1671818e-09,1.8765378e-11,1.0584578e-15,1.384991e-24,4.522773e-17,1.5892149e-10
900000,193,311,0,2.1199045e-09,5.0789024e-14,4.0131223e-33,0.0,7.21e-41,7.845461e-12
900000,212,418,0,2.1019535e-09,6.6142617e-12,3.6110065e-15,2.1381171e-23,4.134317e-20,1.9366207e-10
900000,202,365,0,2.364206e-09,5.6954116e-12,4.30806e-21,1.771731e-38,6.7688673e-25,3.1857957e-11
900000,63,433,0,2.1777717e-09,6.528458e-11,8.152853e-11,2.6729734e-12,3.0984397e-13,3.648727e-10
900000,119,338,0,2.1583761e-09,1.21472415e-11,7.373724e-14,1.9338775e-18,1.8270856e-12,1.5547723e-11
900000,90,192,0,2.14826e-09,4.5634597e-11,1.025657e-12,1.1383807e-17,4.9934117e-15,9.404816e-11
900000,147,93,0,2.3694913e-09,2.8884048e-12,2.1753072e-12,5.2161417e-16,3.8646643e-19,9.428105e-11
900000,182,249,0,2.1154019e-09,1.0168056e-11,8.2636454e-29,0.0,2.6282698e-15,3.120444e-13
900000,346,76,0,2.3123594e-09,2.1215434e-11,8.085239e-12,1.2892672e-14,3.5001998e-13,1.7546244e-10
900000,359,392,0,2.1090585e-09,4.172522e-11,8.225484e-12,3.0481328e-14,1.0537493e-12,2.5010174e-10
900000,87,276,0,2.1500453e-09,2.3620791e-11,1.8998046e-13,9.110686e-20,5.1101595e-19,7.2321454e-11
900000,404,256,0,2.3185236e-09,2.4935536e-11,6.862378e-16,1.776052e-24,1.1684071e-12,6.2719184e-11
900000,135,222,0,2.2406128e-09,3.858482e-12,7.921517e-26,0.0,5.534156e-24,1.0657277e-10
900000,380,155,0,2.235845e-09,1.2466901e-11,4.001204e-15,4.1730955e-24,2.4762273e-15,1.025086e-10
900000,444,131,0,2.1006523e-09,1.8908191e-11,3.790967e-12,7.4179683e-16,3.5688747e-11,1.5136638e-10
900000,165,402,0,2.1294362e-09,2.8181322e-11,1.4441334e-13,2.1707315e-20,1.621406e-12,1.15911426e-10
900000,141,194,0,2.507286e-09,2.8212972e-11,1.5755e-41,0.0,7.3687156e-13,6.649857e-11
900000,341,110,0,2.266899e-09,2.477048e-11,8.395009e-16,3.427845e-26,2.464062e-12,6.162832e-11
900000,119,223,0,2.218833e-09,2.4357941e-11,1.440514e-17,4.6546376e-28,1.3555995e-14,8.3100894e-11
900000,409,435,0,2.1000774e-09,5.3496995e-11,1.9120554e-14,1.3026538e-22,3.7452208e-11,2.798168e-10
900000,126,66,0,2.116158e-09,4.221528e-11,1.5143415e-13,5.542476e-19,2.4535758e-14,3.2584274e-10
900000,301,62,0,2.1009086e-09,4.275635e-11,9.560745e-12,2.1500571e-14,6.0032907e-12,8.713191e-11
900000,141,101,0,2.351745e-09,2.2039164e-11,2.5209901e-14,8.537115e-22,5.3406413e-14,1.0906475e-10
900000,426,77,0,2.2579763e-09,2.7874092e-11,1.1227383e-10,4.3714004e-12,2.667529e-12,3.9376608e-10
900000,322,327,0,2.1125577e-09,1.0911588e-11,1.017628e-21,8.37084e-40,9.746715e-16,7.181985e-11
900000,188,383,0,2.217012e-09,2.0268247e-12,9.6606374e-23,6.4506e-40,3.392184e-27,8.4829255e-11
900000,119,363,0,2.3842763e-09,1.9235119e-11,2.0843285e-18,1.7003282e-31,3.931629e-13,2.0733927e-11
900000,395,155,0,2.2270066e-09,1.4404613e-11,5.2768237e-12,2.9167827e-15,1.04597735e-14,7.085313e-11
900000,419,171,0,1.1947905e-10,3.828569e-11,2.9873129e-12,1.9144473e-16,8.831622e-13,1.4564071e-10
900000,313,293,0,4.1662004e-12,2.0140683e-11,4.3363706e-23,5.473e-42,4.1633537e-15,7.485301e-12
900000,123,192,0,1.1728568e-10,3.4315873e-11,4.3718233e-34,0.0,7.0312384e-17,2.211679e-11
900000,67,32,0,-6.225205e-13,2.9677368e-11,4.764331e-14,1.6687537e-21,2.440134e-11,4.5932325e-10
900000,371,438,0,1.13967264e-11,8.7516376e-11,2.427732e-11,2.0452186e-12,3.0157385e-10,3.288847e-10
900000,92,216,0,7.226294e-10,3.2220407e-11,3.9098634e-17,1.6075936e-27,1.0533161e-12,1.319498e-11
900000,80,98,0,9.7928055e-12,5.399934e-11,9.145124e-13,1.007923e-17,1.936386e-12,2.1823754e-10
900000,404,361,0,-3.0443413e-13,3.531597e-12,2.8554268e-12,3.693492e-16,6.2655023e-19,7.999729e-11
900000,474,109,0,1.7962168e-12,2.962051e-11,1.2766739e-12,2.91829e-17,7.2363534e-12,3.0182248e-10
900000,117,63,0,2.978899e-10,5.623852e-11,3.0839463e-12,3.557095e-16,8.7778005e-12,2.112015e-10
900000,296,284,0,9.1131e-13,4.0242323e-11,1.5299812e-29,0.0,1.0683425e-13,2.1149552e-13
900000,419,428,0,1.7626997e-10,7.33749e-11,2.9322978e-11,8.0013963e-13,1.6114634e-11,2.1494564e-10
900000,460,453,0,-8.40699e-13,4.022824e-11,2.0283738e-11,3.619872e-13,5.3127572e-11,8.315738e-10
900000,376,293,0,5.672221e-11,1.3920013e-11,2.0300864e-12,4.3922904e-16,5.744639e-17,1.2707502e-10
900000,8,172,0,-9.595469e-13,5.4119577e-11,6.6453835e-12,1.4169505e-15,6.2324707e-12,3.3415726e-10
900000,354,97,0,4.2649204e-10,2.8085305e-11,1.8217366e-15,2.8986333e-24,1.8270858e-12,1.4156552e-10
900000,238,285,0,1.06025896e-10,1.3448264e-12,6.91001e-28,1.33e-43,6.9134965e-19,2.8144453e-12
900000,272,43,0,3.4705973e-12,3.037294e-11,4.7014675e-12,1.8049654e-15,5.5085863e-14,2.9044073e-10
900000,125,355,0,4.835529e-10,9.931815e-12,1.3702618e-12,1.1532474e-16,4.9980708e-20,1.6732743e-10
900000,12,106,0,-9.030241e-13,3.950537e-11,5.3765346e-11,1.08534536e-11,3.4452083e-10,5.7079824e-10
900000,25,30,0,-9.505617e-13,4.2454804e-11,2.073157e-11,2.6522445e-13,3.7840044e-11,7.996376e-10
900000,61,173,0,3.7108784e-12,1.9363039e-11,1.942866e-12,3.6646055e-16,3.7782936e-13,2.1582379e-10
900000,271,360,0,6.566699e-10,3.923859e-12,4.159859e-12,3.4059915e-15,7.36013e-18,1.1852518e-10
900000,169,78,0,9.2729197e-10,2.4434907e-11,1.6700521e-16,7.645445e-28,6.656211e-19,1.3438681e-10
900000,370,357,0,9.974988e-11,5.504131e-11,3.4235028e-11,2.287294e-13,2.1067719e-14,1.1697009e-10
900000,447,467,0,-9.43219e-13,5.515046e-11,1.5575943e-10,5.709841e-11,3.790683e-10,5.922422e-10
900000,201,431,0,8.682534e-11,4.2279713e-12,4.274464e-13,1.6801026e-18,2.5973618e-22,2.7843386e-10
900000,342,486,0,-4.8514727e-14,1.7074085e-11,2.7328222e-12,4.721991e-16,8.4983886e-14,2.5060035e-10
900000,446,466,0,-8.9735706e-13,6.107029e-11,1.7211275e-10,5.776935e-11,3.7910317e-10,4.911557e-10
900000,28,280,0,-3.1259636e-14,2.8834811e-11,5.1120806e-15,2.1204832e-24,2.4428856e-13,3.7092077e-10
900000,88,51,0,3.215512e-11,1.6247663e-11,5.78018e-11,1.0808184e-11,7.685364e-12,5.3375687e-10
900000,185,58,0,1.8173745e-11,1.5803615e-11,1.549718e-11,7.876065e-14,3.7018295e-11,1.406778e-10
900000,462,353,0,-5.147789e-13,1.8205645e-11,8.51925e-12,2.3377977e-14,1.9062753e-13,1.0004231e-10
900000,53,51,0,-5.313031e-13,3.1162885e-11,6.962564e-11,2.9435128e-11,9.630045e-11,4.0089823e-10
900000,137,276,0,1.26747e-10,2.3202879e-11,1.8978367e-20,6.4201266e-35,3.1313441e-12,4.9109643e-11
900000,450,462,0,-8.314109e-13,3.175782e-11,8.516782e-12,2.4080264e-15,1.4413545e-15,4.663077e-10
900000,212,9,0,-6.227021e-13,3.033674e-11,1.5688327e-11,9.132005e-14,1.7788708e-09,1.2716458e-10
900000,248,433,0,6.7368666e-11,2.5020201e-11,6.446008e-15,1.483065e-23,7.396614e-15,1.2213357e-10
900000,351,477,0,1.4066632e-12,3.1667016e-11,2.6406195e-14,1.3363069e-21,5.722719e-12,2.4504912e-10
900000,44,41,0,-8.847393e-13,4.5346494e-11,3.776595e-12,7.4241956e-16,2.2847894e-13,4.916431e-10
900000,189,303,0,3.1622516e-10,6.623246e-13,4.598095e-31,0.0,2.023373e-28,2.0716586e-12
900000,411,260,0,8.164361e-10,4.6338197e-11,7.6395565e-12,1.4514179e-14,1.5907394e-15,6.588708e-11
900000,2,52,0,-6.169526e-13,3.0436025e-11,3.6886588e-11,5.77262e-12,1.6475425e-12,4.1720313e-10
900000,453,456,0,-7.4159873e-13,2.2149997e-11,9.194539e-12,4.5162987e-14,2.0174087e-15,3.597336e-10
900000,455,215,0,5.308628e-14,3.2475227e-11,2.3762227e-11,2.045214e-12,2.3256839e-13,4.927032e-10
900000,249,43,0,1.0104999e-13,2.961931e-11,3.9390186e-11,1.8385227e-11,2.0115317e-11,2.0822259e-10
900000,38,144,0,-1.2283742e-12,6.719216e-11,2.3562955e-12,2.0680389e-16,3.4515557e-11,3.325189e-10
900000,61,82,0,2.1719705e-12,3.7445578e-11,8.083529e-12,1.9733445e-14,5.2987253e-13,2.9959699e-10
900000,167,304,0,5.52622e-11,4.1854298e-11,9.225943e-16,4.8528683e-26,3.074395e-10,6.505575e-11
900000,3,363,0,-9.190447e-13,5.2596018e-11,8.2602545e-12,3.726441e-15,8.8288567e-13,1.0156812e-10
900000,480,255,0,-4.8309306e-13,2.4097816e-11,4.2289433e-13,7.687792e-18,4.328721e-15,2.756242e-10
900000,194,122,0,1.7225005e-10,1.6105724e-11,1.1233143e-20,1.938645e-30,1.8445572e-14,3.176354e-11
900000,67,450,0,8.85937e-11,5.618968e-11,2.1140511e-13,7.071932e-20,5.678774e-16,1.8979902e-10
900000,76,370,0,1.15493094e-10,9.683034e-12,1.3559691e-11,6.635675e-14,5.0830066e-16,1.6707019e-10
900000,406,229,0,3.302679e-11,2.4293314e-11,7.412041e-15,1.83209e-23,1.8176594e-15,2.9672362e-10
900000,326,142,0,1.1277604e-10,1.197565e-10,2.8492068e-19,5.8184707e-34,3.2634984e-10,4.6459395e-11
900000,134,194,0,5.4835914e-10,9.959024e-12,3.55e-43,0.0,1.2098765e-16,1.0905884e-10
900000,248,218,0,4.1238632e-10,8.792032e-12,6.2739286e-15,5.0097757e-23,1.4037821e-19,6.151177e-12
900000,38,60,0,-9.317529e-13,3.0411583e-11,6.320398e-11,6.3789547e-12,1.807949e-12,2.6768482e-10
900000,240,13,0,-6.359322e-13,2.9352337e-11,1.365671e-10,5.762743e-11,6.531256e-11,3.5398745e-10
900000,288,86,0,1.6719818e-11,2.5780342e-10,1.5053399e-12,9.8683454e-17,5.150125e-12,7.635382e-11
900000,279,13,0,-4.7839814e-13,3.4724553e-11,3.3396425e-11,1.4572624e-12,5.2258798e-11,2.037273e-10
900000,198,227,0,5.0410117e-11,3.7726883e-12,4.746449e-15,2.2285805e-22,9.051005e-23,1.1269426e-11
900000,184,62,0,3.496057e-11,1.04105275e-11,5.2982976e-11,8.26477e-12,2.6480456e-12,3.4502823e-10
900000,148,486,0,-4.876221e-13,3.4043292e-11,1.8091816e-12,1.6252614e-16,4.72834e-14,2.3082865e-10
900000,269,225,0,1.3423647e-10,7.906808e-12,9.342834e-16,3.617997e-26,2.1345304e-24,3.2035662e-11
900000,320,401,0,1.4309326e-10,2.1850315e-12,9.792811e-12,1.0755012e-14,5.334942e-17,1.01019186e-10
900000,35,39,0,-9.586004e-13,3.7166905e-11,6.6779234e-12,3.835545e-15,3.38416e-10,5.2334614e-10
900000,118,236,0,2.1601736e-10,2.1270031e-11,4.5287576e-20,7.276696e-36,1.2739627e-17,7.212275e-11
900000,400,188,0,3.381054e-10,4.5917853e-11,3.3615204e-16,6.478686e-26,4.5543826e-13,2.6278696e-10
900000,360,73,0,2.4480232e-10,2.4506326e-11,1.1701991e-11,8.846973e-14,1.7828997e-15,7.582438e-11
900000,390,409,0,9.416903e-12,5.987638e-11,5.926102e-11,3.519789e-12,7.622501e-13,2.3897415e-10
900000,208,498,0,-5.683569e-13,1.721228e-11,2.0058857e-11,1.4227831e-14,6.325166e-17,3.399202e-10
900000,96,237,0,4.7930163e-11,2.7582043e-12,9.332176e-12,2.1729136e-14,1.3623237e-16,2.4818021e-11
900000,302,361,0,3.2620762e-10,1.724037e-11,1.5576445e-17,4.3132203e-29,2.6939263e-11,6.594755e-11
900000,309,63,0,3.3018932e-10,2.9195913e-11,9.1554845e-12,6.555274e-15,7.5886415e-12,1.1224092e-10
900000,284,62,0,8.702703e-11,2.9981007e-11,1.7638545e-11,4.9237963e-13,4.0896706e-14,2.458006e-10
900000,303,270,0,2.2807714e-11,9.922107e-12,9.630775e-19,1.17055904e-32,9.1435776e-18,1.0285859e-11
900000,243,182,0,2.6348411e-12,1.7627603e-11,8.712025e-35,0.0,1.8813846e-12,7.6425574e-11
900000,3,432,0,-7.220358e-13,3.817205e-11,1.7155135e-12,1.6191922e-17,4.4381922e-11,2.6932429e-10
900000,365,316,0,1.5780804e-10,2.2827374e-11,1.2074849e-16,3.575442e-26,6.203933e-11,2.0764582e-10
900000,129,90,0,2.0001525e-10,1.2284079e-11,6.419311e-12,1.6347021e-15,2.1360974e-18,2.743165e-10
900000,232,223,0,1.199071e-10,2.6404455e-11,1.225012e-19,2.018844e-34,1.00509106e-13,7.1816074e-11
900000,178,32,0,-1.6388225e-13,1.3494786e-11,1.5578394e-14,5.8498435e-23,1.2519418e-14,3.1341738e-10
900000,73,253,0,2.5241645e-10,2.6438565e-11,2.2617513e-12,6.473663e-16,4.7677404e-18,1.7339097e-10
900000,297,195,0,6.325283e-10,2.2500496e-11,4.7764385e-32,0.0,1.0043548e-17,2.2086334e-11
900000,477,273,0,6.6732606e-13,4.266901e-11,6.234345e-13,5.0461123e-18,1.4131089e-16,2.8177674e-10
900000,459,369,0,-7.0560506e-13,4.0545647e-11,1.4683154e-11,2.3153948e-13,6.482759e-15,3.0790162e-10
900000,6,226,0,-2.6966553e-13,1.3728989e-11,1.10696744e-13,1.2254306e-19,2.4401236e-11,8.157867e-11
900000,495,90,0,-9.754236e-13,2.1978785e-11,9.829856e-13,2.2730149e-17,3.6117177e-17,6.0988203e-10
900000,483,213,0,-6.522032e-13,4.37523e-11,9.853095e-15,1.9232646e-22,4.4963897e-14,3.40934e-10
900000,418,324,0,1.068747e-11,1.948723e-11,3.4935745e-11,1.8566453e-12,5.5678513e-12,1.1694402e-10
900000,141,63,0,1.2883898e-10,1.5558459e-11,5.7868727e-12,3.41351e-15,2.6816898e-13,1.3737649e-10
900000,206,336,0,6.7199085e-10,2.1547542e-11,4.983539e-26,0.0,2.352244e-14,1.17397455e-11
900000,454,184,0,3.3482245e-13,3.4235465e-11,5.745457e-11,5.530909e-13,8.127827e-14,4.443912e-10
900000,160,157,0,3.5708353e-11,1.8298585e-12,3.124972e-23,1.164677e-39,5.443581e-27,1.7651129e-10
900000,104,294,0,6.0021454e-10,2.5949748e-11,5.6416644e-13,1.13751785e-17,4.6377915e-12,1.2173094e-10
900000,279,429,0,6.914668e-11,3.8815826e-11,6.255788e-16,2.4569384e-25,3.089261e-14,2.2148652e-10
900000,334,244,0,1.8164194e-11,6.558336e-13,5.305373e-23,5.8e-43,1.389778e-34,6.394538e-11
900000,36,357,0,3.3874802e-13,3.5384223e-11,2.0532348e-14,4.0003498e-20,7.617953e-14,4.3592516e-10
900000,274,198,0,2.3366245e-10,2.3777761e-11,7.35669e-22,1.7932e-40,1.04075474e-13,9.276375e-13
900000,364,467,0,2.057065e-12,3.7751188e-11,2.9399073e-11,1.7779363e-12,3.120194e-11,1.5177934e-10
900000,278,439,0,1.541044e-10,2.7440033e-11,1.4519837e-14,4.853552e-23,2.9443754e-13,2.5828402e-11
900000,186,385,0,8.988488e-10,1.728675e-12,2.6302282e-20,1.0124283e-34,1.9641353e-24,1.5878776e-10
900000,76,440,0,1.9146719e-10,4.7389058e-11,8.192089e-12,4.266577e-15,1.194128e-11,4.6162588e-10
900000,448,473,0,-1.0321174e-12,5.1556138e-11,5.3129302e-12,1.3025843e-15,6.757428e-11,1.1454176e-09
900000,346,493,0,-4.1836318e-13,1.4704684e-11,1.9775698e-12,5.9470825e-17,6.547975e-12,2.5769567e-10
900000,291,387,0,1.8352307e-10,4.015081e-11,1.4338541e-11,2.3153628e-13,4.0957605e-11,1.3181682e-10
900000,182,374,0,5.741924e-10,9.025003e-13,2.2319673e-24,1.29e-43,1.0393175e-27,9.2669705e-11
900000,450,492,0,-6.777664e-13,3.801318e-11,2.3950855e-11,2.3349545e-12,8.97959e-12,4.4574033e-10
900000,55,74,0,2.3938094e-13,4.3216528e-11,4.6346243e-12,1.1968516e-15,3.1880498e-11,3.5221145e-10
900000,284,454,0,3.331152e-11,3.1419756e-11,4.054002e-12,2.9051432e-15,7.0239835e-11,2.0819035e-10
900000,390,360,0,3.0993582e-12,2.6056837e-11,2.9219196e-16,1.5141104e-25,1.9774577e-15,4.7763852e-11
900000,192,345,0,1.1522889e-09,2.6203352e-11,6.4884213e-18,2.8293768e-29,5.080492e-12,2.1551457e-11
900000,188,395,0,2.3621802e-10,7.7224616e-11,1.718571e-20,8.342339e-34,2.9520434e-15,1.2146086e-10
900000,130,135,0,8.955904e-11,3.18911e-11,6.2852625e-22,1.1123397e-36,3.10445e-14,1.04242885e-10
900000,229,24,0,-8.219869e-13,5.825381e-11,2.3952567e-14,1.0124695e-20,2.40308e-13,1.5854881e-10
900000,436,88,0,1.6329678e-10,1.7025152e-11,2.8382827e-15,8.997491e-24,2.2666415e-17,5.568347e-10
900000,299,202,0,2.9776331e-10,2.0388878e-11,9.444332e-38,0.0,9.204804e-17,7.4289165e-11
900000,345,283,0,7.242681e-12,8.5502464e-12,3.839761e-14,6.7292743e-22,5.687955e-17,8.0329346e-12
900000,435,124,0,2.0020813e-10,9.864282e-12,1.6921038e-12,3.5625908e-17,3.4627743e-18,2.7018748e-10
900000,228,10,0,-7.2839515e-13,4.4140636e-11,3.3149587e-11,2.1243712e-12,2.8229453e-11,2.4545407e-10
900000,152,240,0,8.8010786e-11,6.840129e-12,1.7758207e-14,1.2221951e-22,9.964827e-16,3.330723e-11
900000,124,104,0,1.1277974e-10,2.0003256e-11,7.9266243e-16,1.8820562e-25,3.008382e-18,5.5427196e-10
900000,132,492,0,-4.4069414e-13,1.33507806e-11,6.0096997e-12,3.9360694e-15,2.0281595e-17,1.315364e-10
900000,135,477,0,-4.0098813e-13,1.39784625e-11,2.2039121e-14,1.3604483e-22,5.6038953e-19,2.6015592e-10
900000,122,320,0,1.6838396e-10,3.0807613e-11,1.2278681e-15,6.225399e-26,2.1706903e-09,1.1770332e-10
900000,473,53,0,-2.5979677e-13,9.137869e-11,2.761784e-12,1.0106433e-16,6.028439e-11,5.593787e-10
900000,476,116,0,2.8566813e-12,3.435786e-11,4.2342806e-11,3.3090943e-11,1.6006786e-10,4.1038653e-10
900000,49,319,0,1.6247995e-12,1.396109e-11,8.4408164e-13,3.5733448e-17,8.591931e-19,1.5377778e-10
900000,43,66,0,-8.629208e-13,4.2256216e-11,6.5402874e-12,1.7148802e-15,4.2794175e-12,5.08321e-10
900000,296,139,0,2.920603e-11,2.0236592e-11,5.7515607e-16,5.8577224e-26,5.769184e-12,6.415384e-11
900000,26,238,0,-3.697727e-13,1.8625846e-11,8.6812957e-13,2.4266159e-17,7.135424e-17,3.5021952e-10
900000,15,190,0,-5.7879824e-13,3.1866704e-11,6.196525e-11,7.6188465e-12,1.8605944e-12,7.632108e-10
900000,195,387,0,3.899547e-10,4.1585134e-12,4.6210994e-21,7.721829e-37,6.278548e-25,1.6916547e-10
900000,296,19,0,-5.5162116e-14,3.1903664e-11,1.0291282e-12,1.13838176e-17,4.2722533e-14,1.3612517e-10
900000,462,488,0,-5.122365e-13,3.2598427e-11,1.9953567e-11,9.119046e-14,7.447402e-12,3.7013254e-10
900000,327,268,0,9.127525e-12,1.6444202e-11,3.9895504e-13,6.2914375e-19,4.996392e-13,1.90419e-13
900000,124,395,0,5.342163e-10,2.217845e-12,3.0424385e-11,1.9412294e-13,5.160821e-15,1.3545605e-10
900000,125,466,0,-2.9225935e-13,6.8161856e-12,8.1228795e-13,4.496459e-18,1.4942108e-20,2.095268e-10
900000,459,231,0,-4.642075e-13,2.3400636e-11,1.200119e-12,1.505818e-17,2.9594935e-14,1.5233208e-10
900000,256,237,0,1.0056502e-10,3.026341e-11,2.3827493e-21,4.5432894e-37,5.6082516e-14,5.2274306e-11
900000,184,97,0,5.4725488e-11,7.357851e-12,1.2942397e-14,1.5240178e-22,8.287829e-16,1.9607307e-10
900000,321,409,0,6.278646e-11,2.0446833e-11,1.0699883e-11,2.2515789e-14,5.1159064e-16,1.9145827e-10
900000,172,168,0,2.2228346e-11,1.1442465e-12,7.240524e-33,0.0,7.297971e-26,6.894414e-11
900000,294,122,0,7.0238316e-12,1.0538043e-10,4.0780432e-14,4.847223e-21,4.3428295e-12,1.2311895e-10
900000,48,435,0,1.344354e-10,6.21115e-11,3.8156155e-11,4.3666836e-13,7.0650205e-14,8.908228e-10
900000,137,22,0,-5.232979e-14,1.3710384e-11,5.4152002e-11,5.477774e-12,1.2582807e-12,3.1649985e-10
900000,43,241,0,5.5339865e-12,4.3053144e-11,5.67536e-13,8.810097e-19,2.1487325e-09,2.1088145e-10
900000,322,385,0,6.0370026e-10,6.964116e-12,4.7617228e-17,2.916001e-28,3.8296834e-20,2.2144303e-10
900000,422,22,0,-1.215406e-12,8.087284e-11,2.3704915e-11,3.5125825e-13,2.9868861e-12,4.6451462e-10
900000,245,265,0,5.515078e-12,1.15251385e-11,1.0835626e-37,0.0,6.6257385e-17,3.0794193e-13
900000,249,87,0,1.0442078e-09,7.381775e-12,1.0401444e-18,1.6943526e-33,5.2789705e-21,1.7390651e-10
900000,211,82,0,6.913275e-11,1.354043e-11,7.528873e-15,3.234444e-22,2.0140417e-17,1.5328099e-10
900000,196,499,0,-6.455219e-13,2.986419e-11,9.065649e-12,1.3757438e-14,6.80461e-12,1.01093224e-10
900000,473,360,0,-6.641122e-13,2.5818011e-11,1.5113475e-11,4.1570726e-13,6.221879e-13,4.5027193e-10
900000,210,141,0,1.7223915e-10,7.520353e-12,2.8043384e-11,2.0760052e-12,4.3834118e-13,9.5152435e-11
900000,407,392,0,-1.1061411e-14,4.2823873e-11,1.9700311e-15,7.33758e-24,7.651858e-13,1.6637577e-10
900000,221,289,0,3.270289e-10,1.7542398e-13,1.2848782e-36,0.0,3.1469742e-34,2.752751e-11
900000,248,494,0,-6.4835463e-13,4.0629635e-11,1.9845679e-10,2.401733e-10,8.334142e-10,6.8876427e-10
900000,141,174,0,9.5988974e-11,8.625802e-12,1.32e-43,0.0,7.910611e-20,2.8545338e-11
900000,450,118,0,1.2992907e-10,1.9599608e-11,1.24625536e-11,2.922217e-14,2.8271683e-16,2.467931e-10
900000,273,81,0,2.4302909e-11,2.0611714e-11,1.0401015e-12,5.5336232e-17,2.8313493e-19,2.1429261e-10
900000,353,318,0,6.278151e-10,1.5450021e-11,1.092278e-15,1.1126725e-24,3.3800637e-19,3.287649e-11
900000,174,355,0,4.3447623e-10,9.1942745e-11,1.0693508e-12,3.2419097e-17,1.4086114e-10,3.692298e-11
900000,35,264,0,5.1457276e-12,2.3865552e-11,3.1225977e-11,1.4912017e-12,4.740074e-12,1.3931514e-10
900000,192,226,0,3.9506023e-11,4.323545e-12,9.8255673e-20,6.18242e-32,1.1030608e-22,2.7510832e-11
900000,156,156,0,2.6054742e-11,6.097732e-12,7.057296e-23,4.57234e-40,9.9648555e-20,7.416804e-11
900000,66,315,0,2.0112932e-11,5.698175e-12,2.0244687e-16,5.6204962e-28,7.385818e-21,4.5249953e-11
900000,39,246,0,4.981334e-12,3.9775988e-11,3.6745978e-11,2.3374041e-12,2.043529e-09,3.4420847e-10
900000,198,426,0,1.0083068e-10,3.6563734e-12,2.9055653e-13,9.1133425e-18,5.9117843e-21,2.7131894e-10
900000,441,419,0,2.1655889e-12,6.058962e-11,1.5983857e-13,4.1514217e-19,3.258054e-12,2.174234e-10
900000,446,262,0,7.359088e-11,3.1206992e-11,7.856322e-12,5.4548935e-15,8.1156344e-15,3.628466e-10
900000,444,441,0,2.5151227e-12,5.1246556e-11,3.4820146e-12,6.0681064e-16,6.5482537e-12,2.5186822e-10
900000,485,161,0,-1.3055798e-12,7.7608114e-11,2.2506804e-13,1.4796175e-19,2.042945e-09,5.774583e-10
900000,100,41,0,9.111399e-12,3.8806305e-11,7.265787e-12,1.3544286e-15,2.8774594e-14,2.2321714e-10
900000,114,237,0,1.5639366e-10,3.9866836e-11,2.4094163e-17,1.06009526e-29,2.1069476e-12,4.6525537e-11
900000,342,66,0,2.632508e-10,4.22935e-11,3.3125714e-11,1.0137026e-11,1.6799824e-11,1.1265399e-10
900000,190,2,0,-3.4448494e-13,3.1652018e-11,6.60054e-11,3.938855e-12,3.1196778e-10,2.7255512e-10
900000,171,195,0,1.5396825e-10,2.6162154e-12,1.5847451e-37,0.0,3.793472e-27,7.003827e-11
900000,148,47,0,1.3467991e-11,2.0295562e-11,2.1542978e-12,1.3695632e-16,3.3097491e-10,2.2985576e-10
900000,231,361,0,6.256247e-11,1.4458137e-12,1.7474556e-20,3.5773206e-37,3.3649513e-32,9.514788e-12
900000,480,265,0,-2.98778e-13,2.2699339e-11,4.9210244e-11,2.9819473e-11,9.5645526e-11,2.8692895e-10
900000,465,427,0,-8.425684e-13,4.0640272e-11,1.7487734e-13,1.209712e-19,3.8218316e-14,3.549088e-10
900000,196,416,0,1.0898279e-10,1.34860465e-11,5.9020676e-19,2.7477545e-31,6.717859e-12,8.772008e-11
900000,2,384,0,-6.290213e-13,3.2570106e-11,1.08821846e-13,1.3069545e-20,2.985982e-10,3.0987415e-10
900000,97,138,0,1.0054562e-10,8.518955e-12,6.613731e-14,6.916445e-21,5.156846e-20,3.1346264e-10
900000,113,497,0,-5.6755355e-13,2.7817032e-11,7.1167616e-13,3.633896e-18,7.3658695e-13,2.3563074e-10
900000,113,49,0,5.4391616e-11,2.7343768e-11,8.5147285e-11,3.790747e-11,1.6840804e-10,3.8435613e-10
900000,178,238,0,1.943315e-10,1.4800366e-11,1.3271751e-20,8.54913e-36,2.7408924e-17,1.977035e-12
900000,332,167,0,3.7294406e-10,2.8561663e-12,3.0697106e-20,1.1226668e-34,3.654672e-22,3.017277e-09
900000,328,35,0,1.836085e-12,1.8825774e-11,1.0205456e-11,2.9807713e-14,2.2008802e-16,3.0674197e-09
900000,277,355,0,2.4044366e-10,7.207092e-12,1.5682268e-11,3.7873524e-13,2.8008566e-14,3.168494e-09
900000,299,426,0,5.1022893e-12,4.3316847e-11,8.529471e-12,1.8808384e-14,3.611042e-11,3.0779275e-09
900000,1,215,0,-2.6160305e-13,6.903624e-13,4.2876484e-12,2.7510542e-15,5.3929024e-18,3.1968772e-09
900000,366,69,0,8.583432e-11,3.3168437e-11,7.1081092e-12,1.32565256e-14,2.2359728e-13,1.1010279e-10
900000,148,342,0,5.586591e-11,1.1777066e-11,9.6027405e-15,1.4907093e-23,7.482453e-17,1.0276877e-11
900000,82,220,0,2.3775654e-10,2.258931e-11,1.560964e-20,1.0672526e-36,1.141708e-13,7.355343e-11
900000,338,45,0,7.979454e-12,4.3637004e-11,1.9602048e-12,8.162755e-17,3.5632505e-13,2.087894e-10
900000,32,86,0,-1.1502643e-12,4.156123e-11,8.665245e-12,2.8150208e-14,3.6110625e-11,3.6254375e-10
900000,453,234,0,-1.4783767e-13,3.4389155e-11,2.5818142e-13,3.2223738e-19,2.0456696e-14,4.3872603e-10
900000,45,425,0,1.2371262e-10,7.508235e-11,8.6776515e-12,1.6330666e-14,6.391569e-11,2.3818558e-10
900000,309,387,0,3.2878322e-10,7.7879994e-11,1.1491612e-19,9.680903e-35,4.0784503e-12,2.0287097e-10
900000,45,242,0,8.66474e-12,3.1881914e-11,1.4651396e-13,4.6293573e-20,3.5162123e-12,2.1768247e-10
900000,139,92,0,6.210998e-10,1.1254498e-11,1.9006843e-11,4.0547844e-13,1.0829871e-14,2.9456956e-10
900000,396,90,0,2.875743e-10,2.4050924e-11,2.2031127e-12,9.953391e-17,1.7085331e-16,1.7117832e-10
900000,248,229,0,2.4981586e-10,1.1331967e-11,4.0329473e-19,2.731739e-34,2.3180126e-20,2.0909132e-11
900000,498,30,0,-1.2516268e-12,3.682355e-11,2.3902208e-11,7.385904e-14,7.77184e-12,5.9903194e-10
900000,201,481,0,-5.144135e-13,2.4545716e-11,1.5075594e-14,1.4827702e-22,2.3761338e-14,3.1315417e-09
900000,396,126,0,1.3361995e-10,2.4167978e-11,2.224209e-12,1.6339967e-16,6.847215e-11,3.1375447e-09
900000,164,309,0,6.952991e-11,2.4232586e-11,2.84812e-13,1.1178321e-18,1.2900965e-13,3.1153784e-09
900000,180,378,0,5.60666e-10,2.1487148e-12,2.2084092e-20,2.010341e-35,3.0906688e-28,3.0178218e-09
900000,181,20,0,-3.3398805e-13,1.8739654e-12,1.2067597e-11,7.4325176e-14,6.138853e-16,3.1921947e-09
900000,399,257,0,6.8941974e-10,2.8376282e-11,6.765085e-15,5.774222e-23,1.7130037e-12,3.1233955e-09
900000,361,448,0,3.4283364e-11,4.34562e-11,2.2425211e-11,2.981741e-13,7.6731995e-15,3.084881e-09
900000,73,410,0,5.1641635e-10,5.80083e-11,2.4967696e-13,1.3601968e-19,4.3355436e-14,3.1929641e-09
900000,370,246,0,5.8860646e-12,1.1710107e-11,4.5607143e-13,9.527095e-19,4.846963e-17,3.031861e-09
900000,41,288,0,2.0839602e-12,3.2264816e-11,2.728379e-11,2.3934396e-12,1.5552258e-12,3.151045e-09
900000,405,396,0,1.0205427e-12,3.457301e-11,2.3808834e-14,3.7933893e-22,2.9542519e-15,3.1909804e-09
900000,468,71,0,3.9707547e-12,2.4385379e-11,8.447358e-11,1.9975062e-11,1.4677008e-11,3.5286933e-09
900000,375,156,0,6.158633e-10,1.4673006e-11,4.1719495e-18,3.6026452e-31,1.3191243e-14,3.092744e-09
900000,190,73,0,4.6940275e-11,1.6818126e-12,4.2067412e-11,3.1643604e-11,9.495754e-11,3.1472416e-09
900000,116,181,0,3.3642773e-11,2.6247022e-11,3.2478957e-25,8.7616e-40,1.3691037e-11,3.1868845e-09
900000,32,394,0,3.4165865e-11,3.4277883e-11,4.661189e-12,5.8767686e-16,5.4881573e-15,3.3839465e-09
900000,238,92,0,5.005291e-10,8.879039e-12,3.7306487e-19,9.816012e-34,4.3515087e-17,3.0825262e-09
900000,446,42,0,2.0634479e-11,5.9269034e-11,2.8793575e-11,5.958726e-12,1.1291707e-11,3.5666745e-09
900000,269,239,0,3.5478665e-11,2.1914068e-11,3.0833496e-24,2e-44,1.9824917e-09,3.0589344e-09
900000,489,477,0,-4.0136828e-13,4.240181e-11,2.6165776e-11,2.3783284e-12,1.7623503e-09,3.42373e-09
900000,235,323,0,9.7513185e-11,1.796545e-13,8.466529e-12,1.197978e-14,2.4696728e-17,2.9922518e-09
900000,340,455,0,1.4693972e-10,2.314256e-11,1.3008588e-11,1.196419e-13,3.4310368e-15,3.451335e-09
900000,466,83,0,3.2849598e-12,1.8340399e-11,7.4700156e-11,2.357197e-11,2.7026064e-11,3.4939822e-09
900000,401,368,0,-1.9786421e-13,1.6924741e-11,1.7722945e-17,9.923303e-26,2.1136857e-18,3.3999275e-09
900000,390,332,0,4.712701e-12,2.0703819e-11,1.0601288e-18,6.220985e-31,2.3447368e-16,3.0243732e-09
900000,351,145,0,2.533177e-10,1.6038493e-11,1.7938286e-18,4.2435745e-30,2.0047564e-17,3.083815e-09
900000,24,180,0,-6.697516e-13,1.0287454e-11,9.343562e-12,1.6386378e-14,3.9384633e-17,3.5037762e-09
900000,244,291,0,1.618487e-10,3.3375516e-13,2.0569357e-19,4.23094e-28,6.4617437e-31,2.2981072e-13
900000,418,78,0,4.5394397e-10,2.3068027e-09,3.8970923e-12,5.9552515e-16,4.118845e-09,3.4379619e-10
900000,467,139,0,2.6128173e-11,3.9132496e-11,2.957306e-11,1.681487e-13,2.4201082e-12,1.9349383e-10
900000,10,165,0,-1.0997399e-12,6.765567e-11,3.5935263e-12,4.4424416e-16,7.5502056e-13,4.0013984e-10
900000,255,231,0,2.4645316e-10,2.6866353e-11,1.3074859e-17,1.2373885e-29,3.2734598e-10,1.0072596e-11
900000,180,207,0,3.0393174e-11,1.6791166e-11,1.9956096e-28,0.0,1.4658246e-12,9.461614e-11
900000,359,181,0,1.0456791e-10,3.4488018e-12,2.3990532e-13,1.3141018e-18,5.837588e-23,1.2836e-10
900000,386,417,0,1.3748567e-11,3.6609247e-11,1.2542604e-11,4.6380563e-14,3.0206108e-15,3.855933e-10
900000,114,193,0,7.027193e-11,2.9242195e-12,5.561509e-27,0.0,1.2969878e-26,9.90593e-11
900000,445,183,0,6.041888e-12,1.06151365e-10,1.8404491e-11,4.3820888e-13,2.1078093e-09,1.5984908e-10
900000,141,411,0,1.475799e-10,2.9237317e-11,7.0054076e-15,2.8060772e-22,4.3257124e-13,1.2811752e-10
900000,65,49,0,9.855231e-13,1.8424262e-11,2.020042e-11,1.1001109e-13,5.6303e-11,4.8918275e-10
900000,428,414,0,1.2682555e-11,4.6981575e-11,5.882015e-14,1.0505295e-20,1.8680897e-09,1.5931574e-10
900000,390,72,0,3.446433e-11,2.7494812e-11,1.9856641e-14,1.4768557e-22,3.1275933e-14,1.5221494e-10
900000,257,429,0,1.2767538e-10,3.866255e-11,1.9052336e-12,2.3827214e-16,1.4407592e-15,3.4655137e-10
900000,57,280,0,5.520612e-11,3.251301e-11,1.2132617e-11,5.86863e-14,6.037466e-14,3.1689067e-09
900000,101,392,0,7.268393e-11,3.0447672e-11,3.4501422e-23,2.798e-42,3.7924896e-13,3.3238037e-09
900000,50,489,0,-9.59572e-13,4.5395937e-11,9.45729e-11,8.340453e-11,5.520366e-10,3.4229104e-09
900000,491,12,0,-1.1918935e-12,3.781311e-11,1.5927176e-12,8.4383656e-18,2.4919628e-14,3.4231167e-09
900000,44,273,0,1.9276743e-11,9.4767e-12,1.708174e-13,2.8672688e-19,2.7856935e-21,3.30878e-09
900000,376,44,0,-4.0536728e-13,6.6605305e-11,8.7061885e-11,5.4135408e-11,1.10731146e-10,3.344097e-09
900000,450,272,0,1.4227483e-10,3.7242105e-11,1.8168506e-12,9.200985e-17,6.9299505e-12,3.4763348e-09
900000,68,75,0,1.3540244e-11,2.9308816e-11,1.0560682e-10,5.412745e-11,7.430086e-11,3.2501273e-09
900000,440,11,0,-1.6395645e-12,6.334269e-11,4.3783196e-11,3.2179535e-13,2.653017e-13,3.2357197e-09
900000,102,468,0,-5.004312e-13,1.9419287e-11,3.874553e-14,3.056417e-21,9.612324e-21,3.4028933e-09
900000,478,154,0,-4.0609023e-14,4.0133327e-11,5.030651e-17,4.6739648e-26,6.340509e-15,3.7222923e-09
900000,56,46,0,-5.267705e-13,3.1751865e-11,9.5241426e-11,7.654307e-11,5.085316e-10,3.3501129e-09
900000,317,472,0,2.3493347e-12,4.1084795e-11,1.2602365e-11,1.312505e-13,6.254496e-12,3.0445093e-09
900000,218,57,0,2.6988771e-12,1.7972426e-11,1.2818983e-12,3.6852633e-17,2.296617e-17,3.2953413e-09
900000,330,327,0,3.5694955e-10,1.4936442e-12,2.7189807e-27,0.0,7.9850413e-28,3.101746e-09
900000,479,168,0,-1.1469715e-12,5.978968e-11,4.0319024e-12,4.6119366e-16,4.7606325e-13,3.4351093e-09
900000,262,445,0,5.294454e-10,2.8185709e-11,6.587207e-13,1.9059774e-18,5.3248975e-16,3.1237302e-09
900000,389,454,0,1.4746997e-11,4.3135818e-11,3.368082e-12,1.0542614e-15,2.6939315e-11,3.2816525e-09
900000,392,85,0,1.4272153e-10,2.2060152e-11,2.7632747e-11,5.9797957e-12,2.174703e-12,3.3410834e-09
900000,473,80,0,3.0657304e-13,2.975638e-11,3.1400244e-11,3.4283912e-13,8.543708e-15,3.4172631e-09
900000,412,95,0,3.9148945e-10,3.72008e-11,1.452333e-14,1.623164e-21,6.7180536e-12,3.3330512e-09
900000,198,346,0,7.650775e-10,3.144404e-11,4.1698983e-22,2.8077876e-37,1.6692986e-12,2.9999343e-09
900000,284,184,0,2.668102e-10,6.423419e-12,1.6172515e-28,0.0,8.818122e-21,3.022727e-09
900000,94,372,0,9.395642e-11,2.078864e-11,1.05036736e-14,3.0815363e-22,6.547976e-12,3.2084906e-09
900000,77,402,0,3.8599243e-10,6.6892686e-11,1.5975086e-17,5.3817305e-31,3.2612055e-10,3.0990226e-09
900000,493,128,0,-7.8118913e-13,5.2203544e-11,7.499519e-12,4.3196033e-15,9.294889e-11,3.114661e-09
900000,63,354,0,9.108499e-11,2.381191e-11,1.2527329e-17,8.187316e-31,2.0365332e-14,3.3196004e-09
900000,369,80,0,1.210998e-10,2.6882873e-11,8.435563e-13,4.960795e-17,4.201593e-12,3.1222889e-09
900000,121,94,0,8.5516094e-11,1.0868011e-11,3.0152812e-13,1.2259437e-18,9.757954e-23,3.1491452e-09
900000,73,114,0,-4.6108126e-13,5.1689514e-11,4.9900535e-13,1.2790484e-18,6.847409e-11,3.1715197e-09
900000,410,117,0,7.046893e-11,1.353387e-11,1.01714366e-13,7.7379974e-20,2.2452872e-19,3.2405272e-09
900000,193,96,0,5.2399904e-11,2.3261287e-12,8.537381e-12,1.7134238e-14,4.234556e-17,3.1323995e-09
900000,18,147,0,-1.3178987e-12,5.6311854e-11,5.2843044e-15,1.5801867e-24,4.6377555e-12,3.1894773e-09
900000,414,348,0,-3.4263063e-13,1.784844e-11,4.8355603e-12,7.8162247e-16,9.973097e-16,3.2095737e-09
900000,359,355,0,3.8394934e-10,8.9128505e-12,4.453907e-17,3.0492548e-28,2.1621594e-22,3.0305876e-09
900000,107,468,0,-4.969395e-13,1.999932e-11,2.7664802e-12,4.7220223e-16,1.0477178e-17,3.430765e-09
900000,45,450,0,2.5189987e-11,4.2867522e-11,1.404012e-11,2.5566428e-13,9.376028e-15,3.442351e-09
900000,467,360,0,-6.310307e-13,2.6981976e-11,1.994287e-12,6.905498e-17,1.9352939e-15,3.2089569e-09
900000,495,398,0,-8.1911637e-13,3.390455e-11,4.5053003e-11,5.484578e-13,1.03899684e-13,3.4101841e-09
900000,12,8,0,-3.3120972e-13,4.6472246e-11,3.4624057e-09,7.191878e-10,1.1652392e-09,1.0139966e-09
900000,415,243,0,1.20661e-10,1.1717635e-11,3.0427457e-12,1.4262579e-15,2.1621782e-12,3.082499e-09
900000,81,10,0,-5.760453e-13,2.2694428e-11,6.5922437e-12,1.9926168e-15,2.0480453e-12,3.449901e-09
900000,457,471,0,-8.8140183e-13,3.8407267e-11,1.008224e-11,2.6560363e-15,2.4760606e-12,3.6401853e-09
900000,490,344,0,-8.417709e-13,5.4561626e-11,3.3338878e-13,1.7340506e-18,8.020004e-13,3.1678227e-09
900000,332,107,0,4.931057e-10,2.7026076e-11,1.3460958e-12,6.640075e-17,2.314991e-16,3.0176408e-09
900000,434,309,0,2.6605176e-11,5.625601e-11,1.8998771e-13,7.995183e-20,2.7407251e-10,3.1795089e-09
900000,449,29,0,4.0583972e-13,4.2778642e-11,4.5279974e-11,1.333853e-12,3.4227407e-10,3.420376e-09
900000,480,38,0,-1.3308995e-12,6.1573545e-11,4.6649832e-12,6.2119846e-15,3.3283244e-11,3.3315286e-09
900000,454,143,0,1.06166166e-10,6.696379e-11,8.0254895e-13,1.9521055e-17,1.0940829e-13,3.1041725e-09
900000,229,113,0,2.2502311e-10,2.480808e-12,1.494196e-12,3.8719593e-17,2.1687224e-21,3.1144547e-09
900000,388,388,0,1.1029314e-11,7.384814e-11,1.6317357e-11,2.3163838e-13,3.146663e-10,3.25217e-09
900000,394,139,0,1.6273947e-10,1.5993776e-11,1.511196e-11,4.1570726e-13,4.588688e-13,3.0610074e-09
900000,459,491,0,-4.4287428e-13,3.3333426e-11,6.473668e-11,1.0584323e-11,1.6298856e-11,3.2767975e-09
900000,476,235,0,-5.3930515e-13,2.351087e-11,4.4910083e-11,1.7108184e-12,5.785679e-13,3.8686627e-09
900000,68,376,0,7.561506e-11,4.1473873e-11,2.7897851e-12,2.9738972e-16,7.760412e-12,3.6036851e-09
900000,157,109,0,1.5253665e-10,1.61441e-11,8.890434e-14,9.0717455e-21,1.1802224e-14,3.482786e-09
900000,105,482,0,-6.757637e-13,2.4206364e-11,7.0282296e-15,5.977032e-23,2.0813679e-19,3.6307297e-09
900000,482,168,0,-1.2271344e-12,6.312482e-11,3.2728563e-11,2.8430448e-13,3.398211e-10,3.5306762e-09
900000,388,204,0,2.516092e-10,1.7293837e-11,4.4836214e-19,3.3889626e-32,3.8312496e-13,3.0342893e-09
900000,378,292,0,7.13584e-11,1.1773046e-11,4.2855103e-12,4.152907e-15,1.397193e-17,3.2056167e-09
900000,434,363,0,-5.729458e-13,2.837172e-11,7.6636695e-13,1.6791892e-17,4.4184432e-13,3.2952998e-09
900000,166,447,0,-5.0336173e-14,2.4538845e-11,5.255878e-17,3.5111208e-28,1.5320715e-16,3.2151517e-09
900000,178,405,0,1.8676422e-10,1.2891786e-11,1.8921912e-18,1.6772533e-31,1.6453635e-21,3.095131e-09
900000,376,95,0,8.213006e-11,3.8883098e-11,7.875371e-13,8.0339594e-18,6.862396e-13,3.2713567e-09
900000,61,321,0,1.9071784e-11,4.917404e-12,1.3811352e-15,3.8090086e-24,6.0127132e-24,3.0671599e-09
900000,163,302,0,7.126388e-11,3.338554e-11,9.247358e-15,1.1872778e-23,4.399784e-14,2.9944343e-09
900000,457,299,0,1.5536376e-11,1.4327094e-11,2.0822957e-12,1.2636506e-16,6.847982e-13,3.1896787e-09
900000,454,61,0,5.690263e-11,1.1025261e-10,1.4011423e-11,2.5566425e-13,7.050468e-10,3.731504e-09
900000,19,480,0,-9.766175e-13,3.2650903e-11,5.828997e-13,1.7956228e-18,6.3618306e-13,3.47718e-09
900000,496,491,0,-7.3008026e-14,1.8789472e-11,3.66474e-11,1.9972011e-13,3.1139192e-13,3.6395567e-09
900000,14,0,0,-2.2992033e-14,3.797108e-12,1.1329523e-18,1.0688091e-28,2.9683132e-18,2.7373912e-09
900000,460,339,0,-4.0068974e-13,1.4622931e-11,2.2996497e-11,1.328962e-12,6.904329e-13,3.2616256e-09
900000,499,170,0,-1.2888683e-12,6.425555e-11,1.726804e-11,2.408913e-14,5.3323568e-11,3.5677545e-09
900000,368,412,0,4.6506583e-11,1.0825502e-11,8.338074e-12,8.675252e-15,1.88378e-17,3.104429e-09
900000,455,301,0,1.5194406e-11,1.3334666e-11,1.8505508e-13,3.4554708e-20,1.7446612e-09,3.2859264e-09
900000,484,268,0,-6.6491306e-13,3.7954598e-11,4.958839e-11,2.4172878e-13,1.2896584e-12,3.1971814e-09
900000,48,469,0,5.643482e-13,6.1190976e-11,1.262011e-12,1.1867275e-17,1.3656463e-15,3.4078222e-09
900000,441,92,0,6.4844165e-11,2.4615827e-11,6.921942e-14,6.975481e-21,1.7005852e-15,3.2602425e-09
900000,308,445,0,1.5367029e-11,1.9058775e-11,1.9496123e-11,3.7281083e-13,9.273231e-15,3.0928038e-09
900000,97,292,0,2.7574637e-10,2.131828e-11,1.11179275e-13,5.586927e-20,5.2079657e-13,3.1857696e-09
900000,38,475,0,-8.7713447e-13,3.6538897e-11,7.794595e-12,5.478132e-15,6.196832e-17,3.824526e-09
900000,224,491,0,-6.2862817e-13,2.986325e-11,1.5422155e-11,1.897557e-13,4.2062734e-12,3.1797174e-09
900000,27,299,0,-5.9142817e-13,1.5122709e-11,6.252041e-13,5.862854e-18,8.7583e-17,3.2685243e-09
900000,274,285,0,5.777353e-12,7.640989e-12,4.1519754e-30,0.0,8.467825e-13,2.995011e-09
900000,1,347,0,-8.1850054e-13,2.8894895e-11,5.173969e-11,1.8015232e-11,1.9253994e-11,3.242651e-09
900000,76,189,0,1.4455852e-10,5.73851e-11,4.778751e-12,2.7661002e-15,2.1056822e-12,3.213383e-09
900000,416,39,0,8.0662265e-12,4.2840113e-11,2.6920764e-12,2.8706293e-16,6.1625684e-11,3.396813e-09
900000,419,14,0,-1.8107828e-12,8.897442e-11,2.4191805e-11,1.2048751e-12,3.1192494e-12,3.2339071e-09
900000,385,310,0,9.047886e-11,4.3222045e-12,1.0991852e-13,4.3166867e-19,6.4759094e-23,3.0400489e-09
900000,450,336,0,-3.606387e-13,2.6249369e-11,6.7873983e-12,1.2684947e-14,1.8085548e-13,6.449524e-10
900000,167,313,0,5.674366e-11,6.56321e-12,1.1882181e-14,3.9583102e-22,4.669954e-23,1.7679597e-11
900000,265,295,0,4.599092e-11,2.274062e-09,1.5348889e-20,3.0450424e-31,4.1188084e-09,6.9484626e-11
900000,453,199,0,1.2843758e-12,4.448027e-11,7.20512e-15,6.4360504e-23,2.9984509e-15,3.2242206e-10
900000,113,115,0,4.8986884e-11,2.6497126e-11,1.1605202e-15,9.380353e-25,2.4731204e-12,1.2199847e-10
900000,335,487,0,-1.192244e-13,2.064073e-11,1.3769763e-11,2.6770575e-13,6.391638e-11,1.8695162e-10
900000,91,152,0,1.936995e-11,1.7473757e-11,3.490545e-11,1.2824837e-12,3.5919952e-12,7.997178e-11
900000,17,175,0,-8.310907e-13,3.364156e-11,5.0131926e-11,1.916028e-12,2.7868493e-13,3.1320674e-10
900000,325,268,0,1.15230195e-11,1.5280497e-11,1.7015274e-12,5.0362147e-17,2.9929545e-11,1.7411658e-13
900000,309,200,0,1.2241272e-10,1.6511351e-11,1.5341689e-38,0.0,1.1118055e-14,3.693703e-11
900000,440,191,0,2.236428e-11,1.37092195e-11,5.4383624e-13,4.6663463e-18,5.746647e-17,4.5013215e-10
900000,253,377,0,4.6879802e-11,1.8430972e-11,7.6395485e-21,2.9064006e-37,4.9366368e-15,8.965842e-11
900000,418,443,0,1.8065753e-10,3.3395783e-11,1.8082301e-11,9.3211293e-14,1.8404326e-15,2.4945046e-10
900000,338,30,0,-2.4458465e-13,2.5456866e-11,4.7307262e-12,1.8049662e-15,6.489152e-14,3.9020817e-10
900000,444,157,0,2.041535e-11,5.318249e-11,6.734271e-14,4.1720433e-21,5.852239e-12,2.1446832e-10
900000,315,88,0,6.535449e-11,2.870362e-11,1.97617e-12,3.896841e-16,6.2239656e-14,3.0315606e-10
900000,257,293,0,7.77495e-11,2.7797263e-13,2.6281557e-12,5.7752633e-16,2.5304367e-18,1.8491866e-12
900000,157,243,0,6.96541e-11,5.361121e-12,1.34185604e-14,7.787171e-22,4.83039e-21,2.998635e-09
900000,120,26,0,7.760944e-13,1.32487155e-11,9.038178e-13,6.639547e-18,1.5484589e-18,3.1863032e-09
900000,67,479,0,-6.426633e-13,6.8755036e-11,1.1531376e-11,1.734827e-14,3.4733946e-10,3.4352794e-09
900000,52,242,0,2.1662753e-11,1.0958461e-11,1.0532682e-13,1.05820545e-20,1.2802992e-18,3.1440852e-09
900000,391,82,0,1.0280133e-10,2.0272154e-11,1.3606813e-11,2.7370928e-13,8.796737e-15,3.1135536e-09
900000,115,104,0,3.4352316e-11,3.1805208e-11,1.4472015e-13,8.1199674e-20,2.7465896e-11,3.1417753e-09
900000,32,172,0,-7.5759695e-13,2.2262681e-11,2.3288153e-13,1.3171956e-18,1.9573959e-17,3.5841619e-10
900000,485,356,0,-8.2772347e-13,2.401854e-11,1.7277044e-11,7.4724826e-14,2.179431e-15,3.20591e-09
900000,437,20,0,-1.1424572e-12,9.379154e-11,8.327262e-12,3.1892205e-15,3.3418587e-11,3.5641659e-09
900000,449,72,0,1.2352887e-10,4.8679557e-11,5.4063494e-12,2.7007864e-15,4.1981875e-13,3.2566054e-09
900000,183,136,0,4.379442e-10,8.690724e-12,1.2064743e-18,9.113087e-33,1.8848236e-20,3.0193208e-09
900000,483,259,0,-6.1380436e-13,2.4412548e-11,5.1887865e-12,3.4277081e-15,6.889225e-12,3.2572791e-09
900000,30,3,0,-2.1253476e-13,1.7104615e-11,2.1268654e-18,1.0171549e-32,6.3893307e-19,3.4361722e-09
900000,349,341,0,8.489535e-11,2.0943164e-11,9.538896e-31,0.0,3.425878e-11,3.1664653e-09
900000,290,443,0,2.3745655e-11,2.954965e-11,7.706538e-12,1.4681588e-15,3.681117e-13,3.1369987e-09
900000,282,111,0,6.5915285e-12,2.903221e-11,1.7064591e-10,6.7886252e-12,1.4821212e-12,2.9973335e-10
900000,45,179,0,-3.0564036e-13,3.0834873e-11,6.243646e-11,8.471064e-11,5.7779975e-10,3.251365e-09
900000,394,225,0,4.59086e-11,8.3057485e-12,4.913175e-19,3.506556e-33,2.6605855e-23,3.058778e-09
900000,76,103,0,2.2082234e-12,4.3387276e-11,1.2991024e-13,2.5774303e-18,1.5766258e-14,3.099784e-09
900000,336,119,0,4.812898e-10,2.554804e-11,1.873545e-11,4.1639134e-13,1.1566965e-13,3.0390095e-09
900000,286,240,0,4.83801e-11,5.6624795e-11,1.6208699e-34,0.0,7.4878035e-16,7.792993e-14
900000,287,130,0,9.2786724e-12,4.4131044e-12,1.2595244e-14,3.0142653e-22,3.669382e-24,2.0425901e-10
900000,181,214,0,2.0502006e-11,1.4105684e-11,4.4747546e-27,0.0,6.4833354e-11,3.02729e-09
900000,231,62,0,1.6975189e-11,2.7300441e-11,2.480943e-14,4.919787e-22,4.8157935e-13,3.1155278e-09
900000,3,146,0,-1.462179e-12,6.440585e-11,3.2574303e-17,1.2288932e-25,1.264259e-13,3.3957663e-09
900000,29,370,0,1.3377017e-12,4.465243e-11,2.463442e-13,4.3507513e-19,1.005977e-14,3.4355905e-09
900000,447,30,0,1.1503868e-12,4.2085006e-11,1.562744e-11,2.8815143e-14,5.4799345e-13,5.295668e-09
900000,432,133,0,1.7953754e-10,1.5734943e-11,6.256564e-13,5.8628543e-18,2.1199661e-15,3.219411e-09
900000,119,400,0,6.346764e-10,6.5380474e-12,5.1509307e-13,6.8371685e-18,1.4392556e-21,3.1488299e-09
900000,495,328,0,-6.443656e-13,1.9196152e-11,4.1677044e-11,3.2601873e-11,9.4541985e-11,3.138235e-09
900000,28,378,0,4.275342e-12,1.5007964e-11,2.6946945e-11,1.8071447e-12,1.613092e-13,3.2712502e-09
900000,6,462,0,-8.5411924e-13,3.024888e-11,4.6259767e-11,1.9332606e-12,1.4148269e-13,3.4961922e-09
900000,211,395,0,6.411824e-11,8.7635997e-13,1.21919246e-11,4.4763204e-14,2.72908e-16,3.1032126e-09
900000,236,355,0,3.822741e-11,7.76225e-12,5.7045104e-22,1.4057103e-37,2.910876e-22,3.0309453e-09
900000,68,119,0,-8.3078005e-13,5.999134e-11,1.793715e-14,2.4853583e-21,6.390815e-11,3.2736187e-09
900000,96,378,0,5.4698773e-11,1.0625952e-11,4.3890262e-16,5.07419e-26,4.8067697e-18,4.0681654e-09
900000,470,492,0,-3.0997725e-13,2.2240433e-11,5.703435e-11,1.0656747e-11,5.9704255e-12,3.752012e-09
900000,488,361,0,-8.3482033e-13,3.4819675e-11,6.3155266e-11,1.144406e-11,9.41065e-12,3.1906344e-09
900000,268,116,0,7.1984994e-11,1.3072595e-11,1.618371e-17,1.0383955e-28,7.584169e-15,3.1364737e-09
900000,162,162,0,2.7308794e-11,2.2221962e-13,3.026159e-27,0.0,9.3125534e-36,3.1049272e-09
900000,423,440,0,1.1895848e-10,4.6007066e-11,1.7670095e-11,9.336599e-14,3.5698278e-14,3.33202e-09
900000,32,414,0,3.782827e-11,5.10912e-11,4.774052e-13,1.9260477e-18,6.355388e-11,3.5176557e-09
900000,337,61,0,9.831773e-11,3.868894e-11,1.1856236e-11,9.736332e-14,4.502566e-15,3.0854725e-09
900000,28,340,0,-6.7403987e-13,2.9989237e-11,4.2612147e-14,2.45106e-21,5.2463697e-12,3.3014924e-09
900000,29,123,0,-1.0756196e-12,3.3471878e-11,5.947817e-11,2.3126065e-12,6.335277e-13,3.192584e-09
900000,174,495,0,-7.1305754e-13,3.1815457e-11,1.7642571e-11,8.779057e-14,1.9258795e-15,3.098527e-09
900000,112,84,0,1.02545805e-10,4.235987e-11,1.411012e-11,6.7825346e-15,1.015182e-12,3.372726e-09
900000,467,250,0,5.5484214e-13,1.9941531e-11,2.811016e-11,1.2708118e-12,2.3898242e-12,3.1165635e-09
900000,58,388,0,4.4151205e-10,2.3125814e-11,2.8551397e-14,5.743696e-22,2.7059675e-15,3.1139487e-09
900000,470,17,0,-1.2888722e-12,4.563327e-11,3.0887211e-12,2.580504e-16,1.202538e-14,3.3964938e-09
900000,64,259,0,5.42338e-10,5.178962e-11,9.049373e-16,1.7018441e-26,8.1724856e-13,3.2244998e-09
900000,181,464,0,-3.1160087e-13,3.9728815e-12,3.0922352e-12,3.5571008e-16,7.0184556e-20,3.5327017e-09
900000,7,418,0,-5.5790556e-13,4.359762e-11,2.3696652e-11,1.4227504e-12,3.0851256e-11,3.4950556e-10
900000,16,294,0,-8.295264e-13,2.6370189e-11,8.020618e-17,1.7633423e-26,1.9930266e-15,3.417693e-09
900000,199,81,0,2.668862e-11,2.0831412e-12,4.5910047e-12,9.349963e-16,4.337455e-19,3.1230796e-09
900000,477,17,0,-1.2531404e-12,3.0072955e-11,5.5873632e-11,3.94576e-11,9.049917e-11,3.2698269e-09
900000,256,460,0,4.60259e-11,3.129163e-11,3.5410318e-12,3.996612e-16,3.4258783e-11,3.2326333e-09
900000,433,368,0,-6.5891e-13,3.6402624e-11,3.4635366e-09,7.191879e-10,1.1540884e-09,1.0781575e-09
900000,3,421,0,-6.982655e-13,4.5071714e-11,1.203558e-11,6.58358e-14,8.181325e-11,3.2879464e-09
900000,22,52,0,-1.068404e-12,5.3676404e-11,2.2066851e-12,1.5213728e-16,4.4910616e-12,3.7439762e-09
900000,269,382,0,1.1737801e-10,1.1358551e-11,6.777659e-12,1.2127968e-14,4.193232e-17,1.8936931e-10
900000,473,219,0,-5.6957325e-13,2.143542e-11,3.5928356e-14,2.3104293e-21,7.291157e-18,3.2442762e-09
900000,318,468,0,5.694311e-12,3.2716226e-11,2.71779e-11,5.987791e-12,3.4599955e-11,3.2344325e-09
900000,377,141,0,1.8469183e-10,1.1359451e-11,2.9710157e-17,2.640238e-28,7.264624e-17,3.127085e-09
900000,289,25,0,1.0213864e-12,2.7713406e-11,8.788448e-13,8.940941e-18,6.203933e-11,3.2516514e-09
900000,498,427,0,-6.2521456e-13,1.6192762e-11,6.7240038e-15,8.249316e-24,4.677351e-18,3.4044345e-09
900000,492,469,0,-3.3615886e-13,2.044129e-11,7.7130156e-11,4.7766936e-11,8.2960215e-11,3.3600205e-09
900000,91,201,0,4.679499e-10,3.1380103e-11,1.2126329e-16,3.3028687e-28,8.802601e-15,1.06991443e-10
900000,15,203,0,-4.5216738e-13,2.9669614e-11,1.4831265e-11,2.2352986e-14,2.8972233e-11,3.2671637e-09
900000,369,164,0,2.2719955e-10,1.5083426e-12,5.117299e-13,3.183289e-17,4.520259e-20,3.1875385e-09
900000,257,27,0,-5.492864e-13,2.4200692e-11,2.7982225e-13,2.7639152e-19,5.172256e-17,3.3995606e-09
900000,413,465,0,8.194202e-12,1.1776895e-10,3.9208147e-11,3.1174185e-11,3.5211498e-10,3.612776e-09
900000,435,438,0,1.868824e-11,9.792994e-11,8.284681e-14,8.179655e-21,1.6321416e-13,1.8829083e-10
900000,440,207,0,1.8781946e-11,3.0528358e-11,2.0754746e-12,6.3039427e-16,3.2903613e-10,3.233572e-09
900000,469,332,0,-4.4870783e-13,1.8765774e-11,5.0575516e-13,1.1075851e-18,7.588603e-12,4.4669557e-09
900000,403,128,0,7.00345e-11,3.269348e-11,5.947366e-15,1.2518912e-23,7.200474e-11,3.1797809e-09
900000,88,393,0,1.1491868e-10,1.3200274e-11,2.4382387e-19,4.253828e-33,2.9224672e-18,3.1356746e-09
900000,463,182,0,-7.8349767e-13,3.1285335e-11,1.757754e-11,8.439616e-14,1.744662e-09,3.2461596e-09
900000,394,340,0,1.0253918e-12,2.3501047e-11,1.166632e-12,8.189281e-17,1.7487435e-16,3.0639677e-09
900000,108,130,0,3.0164624e-10,1.5483295e-11,5.6747636e-12,3.1708297e-15,1.6128738e-17,3.0362346e-09
900000,181,465,0,-3.1275075e-13,2.8716409e-12,1.7368276e-12,5.0362653e-17,2.9107314e-21,3.540613e-09
900000,83,414,0,1.0102011e-09,4.5397134e-11,4.6253296e-12,7.922241e-15,7.2479505e-12,3.1724376e-09
900000,219,38,0,-6.937578e-13,3.5218772e-11,1.590714e-11,2.4365823e-13,7.73063e-15,3.3377072e-09
900000,35,273,0,3.5646937e-12,2.872763e-11,1.69299e-14,1.0373183e-21,3.2321132e-10,3.0934286e-09
900000,391,263,0,2.3042467e-10,9.996817e-12,8.528592e-12,1.479056e-14,3.8621576e-17,3.1753564e-09
900000,430,57,0,3.3855632e-10,1.7311649e-11,4.4601132e-11,1.8764515e-12,1.9223668e-13,3.269012e-09
900000,383,49,0,-9.32473e-14,5.5520616e-11,2.878067e-12,5.1912694e-17,3.428877e-10,3.2448515e-09
900000,307,61,0,4.4657492e-10,3.660039e-11,2.3316994e-11,3.4524016e-14,1.187915e-13,3.1150815e-09
900000,121,318,0,1.543832e-10,3.3334745e-11,4.321413e-16,4.613797e-27,3.5863797e-12,3.045512e-09
900000,104,59,0,1.3208452e-10,4.570649e-11,1.3054183e-11,9.7469315e-14,4.8873713e-12,3.5882497e-09
900000,62,384,0,2.3288999e-10,3.1646394e-11,1.2019045e-11,2.9219574e-14,7.026543e-11,3.231101e-09
900000,27,0,0,-2.9958454e-14,4.2879676e-12,1.1099801e-21,5.50179e-40,2.1555212e-17,2.7873186e-09
900000,362,247,0,1.7590508e-12,2.425831e-11,4.250668e-12,3.9576213e-15,1.7261844e-14,3.0207385e-09
900000,307,271,0,2.0316982e-11,1.2845837e-11,8.607142e-17,1.475884e-28,1.9363183e-12,1.1001765e-11
900000,295,384,0,2.4111593e-10,3.7544665e-11,3.4031987e-13,6.0233255e-19,8.7262034e-13,1.530973e-10
900000,313,167,0,4.5631252e-11,2.2748645e-09,8.703532e-17,5.7008227e-27,4.1188084e-09,3.1087168e-11
900000,132,319,0,3.3944425e-10,2.6472631e-11,7.646929e-17,5.533663e-29,1.9826097e-14,6.259179e-11
900000,279,339,0,3.063084e-11,1.2999113e-11,3.5476525e-19,3.9353062e-32,1.2395002e-19,3.23468e-11
900000,351,152,0,6.9680406e-10,1.8681088e-11,2.6899444e-14,6.2560167e-21,3.7782912e-13,4.4654877e-11
900000,180,117,0,6.458196e-11,1.8854862e-11,3.2068926e-19,8.265275e-35,4.8725885e-14,1.182858e-10
900000,452,492,0,-5.8787263e-13,3.596147e-11,2.0169193e-11,4.4948892e-13,3.351301e-10,3.9177964e-10
900000,26,282,0,-3.284659e-13,2.8485088e-11,2.7695457e-15,9.114168e-25,2.4434117e-13,2.1676498e-10
900000,252,110,0,6.208453e-10,6.3977777e-12,1.7614615e-18,3.2478424e-33,1.2409103e-22,4.788225e-11
900000,169,299,0,5.1684816e-11,2.8567626e-11,8.446063e-19,9.422053e-34,1.9779548e-11,8.398826e-13
900000,185,164,0,3.32955e-11,1.1664174e-14,4.4223123e-22,2.38182e-40,0.0,1.7039983e-10
900000,108,245,0,4.299273e-11,8.812158e-12,3.440467e-13,3.2037565e-18,9.910452e-21,1.2330383e-11
900000,215,213,0,9.072975e-10,4.0838817e-12,3.2777905e-11,1.1805612e-12,8.97558e-14,2.0707333e-14
900000,16,105,0,-9.31424e-13,4.360986e-11,9.480561e-12,1.33537726e-14,8.936778e-13,3.0146877e-10
900000,89,381,0,4.590161e-11,1.2515266e-11,1.0523159e-13,1.0582054e-20,6.757209e-11,2.2091223e-10
900000,88,247,0,4.2754897e-11,4.9877806e-12,1.6607107e-13,9.2956276e-20,7.317999e-23,1.636154e-10
900000,202,344,0,6.678142e-10,2.3872845e-11,1.2794478e-25,1.1e-44,4.668185e-17,2.8786298e-11
900000,6,453,0,-7.4660026e-13,1.223657e-11,1.4729721e-11,5.9939866e-14,1.3582925e-15,3.4221868e-09
900000,159,27,0,-2.3590851e-13,1.9252828e-11,1.5679375e-12,4.587326e-17,2.6140663e-14,6.906942e-11
900000,25,284,0,-4.504321e-13,2.687073e-11,2.7281961e-15,2.5343208e-24,1.0484088e-14,2.0835472e-10
900000,11,223,0,-2.875683e-13,1.408953e-11,1.0669266e-12,4.3147056e-18,8.8257027e-16,2.0705744e-10
900000,475,90,0,-3.232553e-13,2.5961825e-11,4.3549535e-12,4.0256792e-16,7.7905e-12,3.5049268e-09
900000,182,424,0,2.4661783e-11,1.9228853e-11,6.4045893e-13,1.6255633e-17,4.7535744e-13,3.2287504e-09
900000,116,361,0,8.706447e-10,2.2526135e-11,1.7138171e-18,3.4780154e-32,6.0475292e-12,3.132572e-09
900000,448,424,0,1.1950511e-13,5.8465385e-11,1.7375336e-11,1.7065711e-13,2.2825956e-14,3.4566563e-09
900000,354,47,0,1.0335736e-11,5.071665e-11,9.269408e-13,1.0557098e-17,7.618123e-12,3.1103327e-09
900000,342,74,0,7.1913847e-10,2.7619547e-11,3.2923886e-11,8.8310023e-13,6.019999e-11,3.1546532e-09
900000,117,14,0,-4.99787e-13,2.4680731e-11,2.2236822e-11,4.1773418e-13,5.162746e-13,3.2365595e-09
900000,272,479,0,1.4345695e-12,1.9383542e-11,1.3884179e-12,6.1849936e-17,1.31538e-16,1.4574007e-10
900000,85,331,0,7.399874e-10,1.5929957e-11,1.055108e-13,1.1877042e-20,6.4011314e-18,5.458137e-10
900000,185,453,0,1.3689068e-13,3.2817173e-11,7.2299983e-12,3.6897653e-15,1.300112e-12,1.5419666e-10
900000,489,414,0,-8.3183986e-13,5.555013e-11,2.3027084e-12,1.7988289e-16,9.087817e-12,3.3579886e-09
900000,427,195,0,1.8345182e-10,1.8903752e-11,2.7575727e-15,4.4438246e-25,2.3250734e-16,3.1628684e-09
900000,52,82,0,-5.962108e-13,6.491791e-11,4.8991995e-12,4.3549305e-15,6.6996395e-12,3.4818826e-09
900000,341,392,0,1.1356733e-10,5.7213734e-11,3.8172234e-15,5.1849833e-23,8.984011e-11,3.4472483e-10
900000,391,69,0,2.6407385e-11,3.3753635e-11,9.213902e-16,1.682593e-25,5.408736e-12,3.1710612e-09
900000,425,424,0,5.894123e-11,5.583959e-11,4.3429167e-12,1.0317078e-15,2.9983804e-11,3.4053436e-09
900000,7,29,0,-5.0226576e-13,7.6442595e-11,1.3329196e-12,1.4235522e-17,4.763641e-12,3.4033478e-09
900000,127,208,0,2.7938343e-10,1.3409965e-11,1.1586303e-27,0.0,7.782017e-14,5.1999443e-11
900000,292,38,0,2.0899213e-11,5.922538e-11,1.3156958e-11,5.471914e-14,6.7488437e-10,3.1441265e-09
900000,417,103,0,1.1783702e-10,2.2931932e-11,4.0189583e-12,4.818942e-16,1.55046e-16,3.3613614e-09
900000,318,30,0,2.3918764e-12,2.4090065e-11,1.5621285e-13,5.2078237e-19,3.6286268e-13,9.289593e-11
900000,454,115,0,6.5141496e-11,2.4741723e-11,4.3760552e-13,6.306558e-18,3.392398e-15,3.490899e-09
900000,11,428,0,-4.5781727e-13,2.1674808e-11,2.4355863e-11,1.6177276e-13,3.1397246e-11,5.1149984e-10
900000,88,391,0,9.020037e-11,1.0626849e-11,2.5396354e-18,1.5420484e-31,2.4477577e-21,3.2406742e-09
900000,462,77,0,1.1547345e-11,2.4189456e-11,1.616895e-11,8.716638e-14,7.359637e-16,3.5593926e-09
900000,11,147,0,-1.3960698e-12,6.821123e-11,1.7682706e-17,2.9619998e-27,1.7332662e-09,3.473107e-09
900000,368,229,0,3.665203e-11,3.733439e-12,3.468134e-15,3.0879402e-24,9.591291e-25,3.083626e-09
900000,14,204,0,-4.3587397e-13,2.70807e-11,1.2847676e-11,1.9128525e-14,5.733341e-11,3.2041045e-10
900000,188,438,0,8.340394e-12,3.725313e-11,5.3609173e-11,3.8893895e-11,9.126319e-11,1.1475515e-10
900000,194,478,0,-4.3992072e-13,1.6472384e-11,4.302293e-12,4.3539247e-15,1.4450384e-15,3.2030956e-09
900000,306,57,0,3.8008638e-10,4.4304314e-11,3.29479e-11,2.1098742e-13,1.6983737e-14,1.0538442e-10
900000,498,64,0,-1.3080822e-12,3.1265397e-11,2.0940016e-14,6.457031e-22,1.1799516e-16,2.85875e-10
900000,444,50,0,7.9513444e-11,6.507763e-11,3.053616e-11,1.8691674e-12,2.0464214e-13,3.2264407e-09
900000,397,410,0,1.5044648e-11,7.8176965e-11,2.930408e-13,9.115516e-20,2.9783995e-11,3.1840972e-09
900000,39,366,0,4.1093617e-12,2.4272513e-11,3.9158962e-13,7.318906e-18,3.472621e-11,3.156561e-09
900000,189,497,0,-7.3003783e-13,4.9688715e-11,2.651303e-13,1.01193147e-19,1.7616663e-09,4.2020734e-10
900000,122,98,0,9.494245e-11,1.6673139e-11,7.2714993e-14,8.047433e-21,3.1136722e-18,1.0703357e-10
900000,49,28,0,-9.183869e-13,6.533518e-11,1.9007354e-12,1.3813212e-16,8.947566e-11,3.4052752e-09
900000,416,399,0,1.9058138e-12,5.4819416e-11,1.3899895e-14,2.5420722e-23,3.404476e-10,3.0933656e-09
900000,317,420,0,4.930546e-11,8.286714e-12,5.5290994e-14,1.7511502e-21,2.6954558e-15,3.2678305e-09
900000,468,357,0,-6.062283e-13,1.6770405e-11,2.2947078e-12,2.1177242e-16,3.9316285e-13,3.1195773e-09
900000,72,365,0,1.4370605e-10,1.0699601e-11,2.5253724e-11,2.2494107e-12,5.5772525e-13,3.2030326e-10
900000,341,62,0,1.4255994e-10,4.8785146e-11,7.1099814e-12,5.275305e-15,3.5062772e-11,3.1953775e-09
900000,26,479,0,-9.44579e-13,2.1248074e-11,5.881994e-13,1.6855856e-18,1.1436072e-17,3.990192e-10
900000,51,478,0,-7.880183e-13,7.049795e-11,6.1922065e-11,3.4143285e-12,3.546226e-10,3.5367538e-09
900000,340,43,0,5.473631e-12,4.7536815e-11,1.3284256e-11,1.0837226e-13,5.974667e-11,2.1573307e-10
900000,60,15,0,-8.011076e-13,3.527798e-11,1.7610625e-11,2.0792729e-13,9.884338e-15,3.561662e-09
900000,473,231,0,-5.420735e-13,1.8404004e-11,2.7570671e-11,2.3358333e-12,6.438807e-13,4.959143e-10
900000,471,95,0,2.2557581e-13,1.1280442e-11,8.529751e-12,1.26488675e-14,3.8839955e-17,3.34574e-09
900000,454,54,0,3.647684e-11,6.886494e-11,2.454804e-11,1.4046612e-12,9.311546e-12,3.4056271e-09
900000,169,128,0,1.8260302e-10,2.6332979e-12,1.0404543e-13,2.5700532e-20,3.749226e-26,8.5721485e-11
900000,230,430,0,4.4674778e-11,8.271931e-12,2.7002497e-12,3.4183542e-16,7.8191693e-19,3.0615708e-09
900000,462,38,0,4.5071298e-13,5.579956e-11,2.1004372e-11,1.1788483e-13,6.3965465e-11,3.42637e-09
900000,2,74,0,-9.726988e-13,3.328753e-11,3.5740935e-12,6.4123666e-16,3.4894152e-13,3.5618823e-09
900000,151,2,0,-6.385087e-13,3.754517e-11,5.7818915e-12,3.634009e-15,1.9084652e-16,3.0589755e-09
900000,93,67,0,4.0775947e-10,3.741801e-11,9.456476e-13,6.6089642e-18,5.6116997e-14,3.163225e-10
900000,487,338,0,-7.430321e-13,3.6057806e-11,1.7979144e-12,8.5588206e-17,1.9363283e-12,3.2384695e-09
900000,469,439,0,-7.7506973e-13,3.2996897e-11,7.952151e-11,1.3962457e-12,1.0914317e-13,3.3389478e-09
900000,481,41,0,-1.3599194e-12,5.568395e-11,1.1777376e-12,2.8967312e-17,5.2525402e-15,3.6110968e-09
900000,239,38,0,-4.612041e-13,2.6387243e-11,3.827142e-14,7.970291e-22,9.838651e-15,3.219214e-09
900000,419,177,0,2.14727e-10,5.005559e-11,3.1117816e-15,1.5220741e-23,8.15006e-12,3.3257905e-09
900000,461,2,0,-1.4017879e-12,5.4147874e-11,1.6339952e-12,4.982444e-17,1.6786889e-09,4.004047e-09
900000,294,433,0,1.0312329e-11,7.5527876e-11,1.1743324e-11,2.2818434e-14,5.2350017e-14,3.2760232e-09
900000,65,415,0,4.5437482e-10,1.2472538e-10,2.5097443e-11,1.9453846e-12,3.4743694e-10,2.3116317e-10
900000,85,437,0,1.4649197e-10,3.167136e-11,1.9261433e-12,1.0599573e-16,1.1115206e-14,3.4140606e-09
900000,308,17,0,-3.8871518e-13,5.887014e-11,5.935617e-14,1.9635878e-21,2.0027636e-12,1.8552393e-10
900000,496,421,0,-7.0573175e-13,4.127359e-11,3.8904497e-13,6.2093678e-18,6.9956305e-11,7.1167666e-10
900000,26,485,0,-9.117633e-13,3.3051357e-11,5.107356e-12,8.522045e-16,1.0960603e-12,3.775094e-09
900000,426,373,0,-6.3959536e-13,2.7019892e-11,3.834088e-11,1.0837985e-12,3.2481098e-11,3.2414063e-09
900000,91,71,0,5.012064e-10,2.4049287e-11,8.480636e-15,1.0101069e-23,6.8301432e-18,3.1993608e-09
900000,430,77,0,8.1858514e-10,3.038551e-11,2.9649447e-12,1.9369367e-16,3.2981945e-10,5.156587e-10
900000,53,355,0,1.7593793e-11,2.1463695e-11,7.867544e-15,9.529733e-24,3.3508119e-10,3.2065706e-09
900000,183,38,0,1.5392967e-13,1.5059292e-11,7.786361e-16,1.0601042e-24,2.3659598e-20,3.1048029e-09
900000,13,448,0,-6.912527e-13,2.0931108e-11,4.804801e-11,3.4597682e-11,9.355635e-11,4.073887e-10
900000,22,18,0,-7.812777e-13,3.8015167e-11,5.773071e-14,2.562882e-20,1.3963518e-12,3.4863845e-09
900000,479,244,0,-5.363078e-13,3.0622352e-11,2.487829e-13,1.0574361e-19,2.6434497e-11,3.2572922e-09
900000,472,239,0,-4.954678e-13,2.9448267e-11,4.8899742e-11,3.2153523e-11,4.328473e-10,3.1211442e-09
900000,13,92,0,-9.0672955e-13,2.542596e-11,7.403707e-12,1.3838065e-14,3.1448083e-16,3.2958936e-09
900000,496,429,0,-6.073361e-13,9.349525e-12,1.0914235e-14,1.6053092e-23,5.6976987e-22,3.5100973e-09
900000,410,132,0,3.6974337e-11,4.1747765e-11,6.920298e-12,5.4855505e-15,3.473148e-10,3.5205586e-10
900000,386,395,0,1.6326194e-11,5.843817e-11,1.5066113e-11,1.0127302e-13,3.9506023e-11,3.086188e-09
900000,428,11,0,-1.7705219e-12,1.1738906e-10,1.4154964e-12,6.1949925e-17,7.8368735e-11,3.249863e-09
900000,297,218,0,1.00862846e-10,1.1139463e-11,4.2037798e-33,0.0,1.3028157e-17,2.3343675e-12
900000,330,352,0,1.07242784e-10,1.5649638e-11,8.762821e-19,2.1416598e-33,2.80629e-13,2.9164446e-10
900000,283,150,0,1.3256e-10,8.100472e-12,1.0251646e-23,9.77e-43,3.8176634e-20,5.9562334e-11
900000,363,321,0,1.5997513e-10,3.268732e-11,5.90122e-20,4.1885156e-33,5.449263e-14,3.8951162e-10
900000,159,114,0,8.063941e-11,1.1813699e-11,8.4201165e-15,1.10845425e-23,1.0489528e-15,9.140751e-11
900000,222,162,0,5.8846964e-12,4.3557102e-11,2.338885e-21,1.6596929e-38,2.7382267e-15,8.155412e-11
900000,63,255,0,3.081044e-10,3.390554e-11,1.0894445e-15,2.859518e-26,8.494275e-14,2.6877583e-10
900000,446,237,0,1.1541458e-12,3.999929e-11,1.1503315e-11,4.6893383e-15,3.319011e-11,5.7031785e-10
900000,219,404,0,1.09806754e-10,1.4196148e-11,5.554051e-13,5.843797e-18,3.246477e-10,1.1712435e-10
900000,225,374,0,5.5158333e-11,5.9897924e-12,2.2503566e-12,1.7700446e-16,3.1361002e-20,3.8190007e-12
900000,61,370,0,4.6456086e-11,2.3156399e-11,2.996624e-14,3.8013626e-21,9.356983e-19,2.3082611e-10
900000,422,233,0,2.019597e-11,2.49135e-11,1.3584142e-11,2.7370928e-13,3.341415e-10,1.3365459e-10
900000,202,85,0,3.9563196e-11,5.544614e-12,1.5078935e-14,8.656817e-23,1.0390858e-23,1.2842179e-10
900000,357,290,0,2.7425557e-11,3.174687e-11,4.6721155e-11,5.7446533e-13,5.596764e-12,1.1216974e-10
900000,135,381,0,9.830026e-10,2.973182e-11,1.11555635e-11,1.3657668e-14,1.5742597e-16,8.429673e-11
900000,273,384,0,1.1865373e-10,2.779919e-11,3.8905455e-11,3.1174185e-11,1.6541446e-10,6.5178384e-11
900000,244,328,0,8.921181e-11,5.983528e-12,8.574945e-15,4.1738464e-22,2.9743066e-21,4.197209e-11
900000,321,157,0,6.172442e-11,5.1720947e-11,2.689932e-23,1.95376e-40,2.8052895e-15,2.488852e-10
900000,254,414,0,1.20132055e-11,3.36492e-11,5.7103064e-12,1.0564041e-15,3.2360795e-11,9.608683e-11
900000,426,128,0,7.515972e-11,2.916877e-11,1.8864089e-13,4.7785865e-20,6.198914e-14,3.8648965e-10
900000,224,63,0,1.3424831e-11,1.8646631e-11,4.271072e-13,4.569593e-18,1.2120357e-13,2.1114442e-10
900000,372,151,0,3.725825e-10,1.8994107e-11,3.6425601e-19,6.345786e-32,3.3856633e-12,1.3989315e-10
900000,119,184,0,4.872398e-11,2.2998521e-11,2.0694799e-28,1e-45,6.38883e-17,1.6275017e-10
900000,389,483,0,-1.0484501e-12,7.046505e-11,2.2511262e-12,9.9687685e-17,2.976413e-09,5.699462e-10
900000,190,492,0,-6.770482e-13,4.363556e-11,3.9774108e-13,1.7413358e-18,1.4762318e-13,1.9079723e-10
900000,420,458,0,2.10635e-11,4.2750976e-11,1.1386954e-11,4.2050565e-15,3.3759434e-15,4.8390814e-10
900000,495,235,0,-5.3899886e-13,2.6106041e-11,5.959044e-11,1.2306544e-11,1.124933e-11,3.59525e-10
900000,493,25,0,-1.2239802e-12,6.025985e-11,6.032954e-12,3.085413e-15,1.732957e-12,8.1013435e-10
900000,33,47,0,-9.860522e-13,5.837971e-11,1.0381981e-11,1.8030057e-14,5.7166504e-11,1.829121e-10
900000,21,30,0,-9.352295e-13,5.4353157e-11,1.8633245e-10,3.3495644e-11,1.2694498e-10,5.101167e-10
900000,187,488,0,-6.336953e-13,4.6808626e-11,3.841153e-12,1.774485e-15,2.8814456e-11,1.9626704e-10
900000,21,330,0,-7.658355e-13,1.8705e-11,1.2876893e-11,1.1964164e-13,1.1835054e-15,1.7267493e-10
900000,3,302,0,-1.1152362e-12,6.076004e-11,3.646097e-12,1.9152881e-16,3.3322477e-11,5.325278e-10
900000,39,271,0,9.093054e-12,1.5846574e-11,1.9954626e-14,1.3476233e-22,3.18637e-17,1.2987297e-10
900000,207,25,0,-7.721955e-13,4.9390547e-11,3.292167e-11,1.8752326e-12,2.4972735e-10,1.15848074e-10
900000,486,474,0,-5.1330397e-13,4.6881495e-11,1.2640211e-11,2.315854e-14,6.219069e-12,5.614696e-10
900000,300,481,0,-3.554185e-13,1.9416338e-11,7.7175445e-12,3.5334388e-15,3.003002e-13,8.205493e-11
900000,245,481,0,-1.9531093e-13,3.1073553e-11,1.3554862e-13,3.757473e-20,6.8472096e-11,1.2452686e-10
900000,303,497,0,-5.699257e-13,2.982123e-11,5.4431203e-11,4.3270366e-12,8.801995e-13,2.941704e-10
900000,88,47,0,1.6779817e-11,1.4563054e-11,1.6422523e-11,4.764557e-14,2.948714e-16,6.148808e-10
900000,41,191,0,-3.643697e-13,3.450925e-11,1.1831457e-12,1.6678964e-17,2.767324e-12,1.9185925e-10
900000,109,482,0,-6.2332144e-13,2.867627e-11,3.7042968e-13,2.302998e-18,6.25857e-17,5.7917177e-10
900000,49,12,0,-7.6432426e-13,6.239709e-11,7.810562e-12,1.0546301e-14,3.436225e-10,4.099195e-10
900000,479,324,0,-5.314677e-13,2.7056564e-11,3.540077e-14,3.8899092e-22,3.128298e-15,1.796972e-10
900000,25,296,0,-6.162798e-13,1.810886e-11,1.7448246e-13,7.1747253e-19,2.5510413e-15,2.2676162e-10
900000,20,427,0,1.4213975e-12,1.8998263e-11,1.460001e-11,4.5104897e-13,4.1951512e-14,4.9522686e-10
900000,20,54,0,-1.0763395e-12,5.3177324e-11,3.7249735e-12,1.5862566e-15,1.8781057e-12,5.4401617e-10
900000,390,457,0,1.108032e-11,4.747312e-11,8.352329e-12,2.8149844e-14,2.9298338e-14,2.925812e-10
900000,9,341,0,-8.1083724e-13,2.0640472e-11,9.32782e-12,2.7990168e-14,4.2996014e-16,2.1560238e-10
900000,317,8,0,-7.1495864e-13,3.7914376e-11,8.808003e-22,4.4321766e-37,1.1850481e-14,1.8860806e-10
900000,454,386,0,-7.9819566e-13,5.314217e-11,5.350177e-11,1.0884801e-12,1.2286126e-10,4.3287546e-10
900000,282,41,0,1.2748854e-11,4.3043617e-11,1.7208151e-12,4.2447948e-17,2.0225321e-09,1.3975868e-10
900000,467,34,0,-9.116501e-13,5.765617e-11,1.6139161e-11,1.8389757e-13,2.583641e-12,5.3737054e-10
900000,38,272,0,7.078555e-12,1.9170233e-11,1.6165078e-14,8.3697176e-23,1.0457502e-14,1.2477307e-10
900000,467,130,0,3.2995495e-11,3.1697162e-11,1.39452104e-11,2.1436252e-14,6.210721e-14,3.3048048e-10
900000,52,27,0,-9.008685e-13,5.5917628e-11,8.663405e-12,1.2164126e-14,3.8534396e-15,3.2343317e-10
900000,497,396,0,-8.121719e-13,3.029192e-11,4.4089513e-11,1.0461904e-11,8.926313e-12,2.869895e-10
900000,14,223,0,-3.1048344e-13,1.3714904e-11,5.9832968e-12,2.4042732e-15,4.3252606e-17,2.9279232e-10
900000,493,232,0,-5.292008e-13,1.9697266e-11,1.20935675e-11,1.662151e-14,1.9453803e-16,2.589396e-10
900000,466,249,0,5.5643446e-13,1.8965962e-11,3.844305e-11,1.9075527e-12,1.8891346e-13,2.0440842e-10
900000,457,309,0,3.3604209e-12,9.985298e-12,1.442303e-12,1.313312e-17,9.0946344e-17,2.092564e-10
900000,491,351,0,-8.971664e-13,4.8958063e-11,3.1122331e-12,2.7891392e-16,4.92934e-13,3.4765832e-10
900000,457,96,0,6.7090743e-12,4.1068333e-11,3.9734206e-12,3.1195154e-16,3.1981035e-12,4.2923992e-10
900000,376,473,0,-5.166562e-13,3.585669e-11,3.5874855e-11,4.1827812e-13,1.5465615e-14,2.0394446e-10
900000,454,128,0,2.2955589e-10,2.396505e-11,1.8727183e-12,1.9771746e-16,6.3796264e-12,2.851449e-10
900000,32,365,0,8.39948e-13,5.2240733e-11,3.476145e-14,2.6123786e-22,2.817632e-12,2.2210882e-10
900000,443,43,0,3.0642804e-11,6.678571e-11,2.9644474e-11,5.9587365e-12,3.4131917e-10,4.623253e-10
900000,130,33,0,5.122504e-12,2.381516e-11,4.0119028e-13,6.6747114e-18,2.383971e-14,1.8860626e-10
900000,457,64,0,3.7651188e-11,8.6934654e-11,2.3576965e-12,1.9147517e-16,3.5036446e-13,4.8217663e-10
900000,21,465,0,-9.344278e-13,6.921466e-11,2.7702861e-14,5.3034677e-22,3.327917e-10,3.17497e-10
900000,482,175,0,-1.2028766e-12,6.674757e-11,1.3132739e-11,2.3670846e-14,1.1742934e-13,3.8343043e-10
900000,118,491,0,-5.1122285e-13,2.8066731e-11,8.708824e-13,4.9608612e-17,1.9364486e-12,2.9340447e-10
900000,450,7,0,-1.5410264e-12,7.009169e-11,1.5138626e-11,3.285082e-14,9.082024e-13,6.874707e-10
900000,359,472,0,1.6860303e-12,2.6048557e-11,3.2194546e-11,5.110078e-13,1.08713955e-13,2.2909301e-10
900000,78,21,0,-6.2506044e-13,4.994071e-11,5.199026e-12,4.289326e-15,3.3786673e-10,6.524768e-10
900000,99,486,0,-7.4839543e-13,3.833059e-11,3.0166065e-12,8.727196e-16,1.1774177e-13,6.816057e-10
900000,43,470,0,-2.4842308e-13,5.4739824e-11,2.366348e-11,2.8654813e-13,1.7839319e-14,5.690075e-10
900000,109,460,0,1.1342356e-13,3.0203867e-11,4.064482e-11,2.3138286e-12,3.2921335e-10,2.2150075e-10
900000,476,237,0,-5.356446e-13,2.6670463e-11,2.8451819e-11,1.2840636e-13,6.579638e-11,3.8101483e-10
900000,28,183,0,-5.9806234e-13,3.6166866e-12,1.08583654e-13,1.0597279e-20,1.9312934e-26,4.0928838e-10
900000,227,23,0,-8.3932655e-13,6.245062e-11,5.5081275e-14,2.735402e-19,4.7535475e-14,1.2699589e-10
900000,314,468,0,3.3663016e-12,2.7673409e-11,4.4171515e-12,5.6806447e-15,4.7392264e-15,7.413919e-11
900000,265,28,0,-4.7855654e-13,5.562724e-11,1.4795536e-12,5.616651e-17,1.3729721e-11,3.243855e-10
900000,468,10,0,-1.3381615e-12,5.1367063e-11,4.249375e-12,3.658747e-16,3.7510568e-11,8.808355e-10
900000,182,8,0,-3.2334983e-13,9.265738e-12,2.909493e-14,8.885146e-22,7.837672e-17,2.3280781e-10
900000,457,331,0,-3.1936736e-13,9.477024e-12,2.5113754e-13,1.2198164e-19,8.826745e-18,1.6492444e-10
900000,17,262,0,-6.968616e-13,3.754782e-11,8.824518e-14,5.776383e-21,3.6520317e-15,2.8291972e-10
900000,452,465,0,-9.112483e-13,3.186203e-11,2.7720713e-11,1.0926039e-12,8.97187e-13,5.8640953e-10
900000,18,121,0,-1.1074115e-12,4.2885823e-11,2.6534963e-12,1.9231896e-16,3.1008633e-11,8.1334467e-10
900000,467,94,0,1.0844686e-12,1.4603029e-11,5.1799477e-13,7.2258337e-19,8.2173e-22,4.410317e-10
900000,364,13,0,-1.1859605e-12,4.5625e-11,3.094532e-11,1.0136412e-11,9.87829e-12,2.4788213e-10
900000,296,33,0,1.0320085e-11,6.417392e-11,2.1547278e-11,1.4043195e-12,1.2593754e-10,7.699611e-10
900000,41,115,0,-1.1109145e-12,3.4181612e-11,5.3080288e-12,3.80097e-15,3.1278985e-14,5.9001337e-10
900000,480,156,0,-5.8154425e-13,4.784509e-11,2.8483984e-15,6.449843e-22,1.0607475e-12,3.4955788e-10
900000,70,470,0,1.3541511e-12,3.6525956e-11,9.398378e-13,4.055138e-17,6.884443e-15,2.8365252e-10
900000,43,494,0,-9.414396e-13,6.201797e-11,3.809351e-13,3.2336866e-19,3.657966e-11,3.5830683e-10
900000,52,464,0,4.790413e-12,6.3683565e-11,4.586462e-12,7.16923e-16,9.858087e-12,6.029871e-10
900000,286,40,0,1.7475242e-11,5.2579018e-11,2.5006178e-12,2.402781e-16,4.4390415e-11,2.200769e-10
900000,466,222,0,-5.3491933e-13,1.29654135e-11,4.6127362e-11,4.791195e-12,8.7678654e-13,1.7767597e-10
900000,46,404,0,3.631885e-10,3.8575663e-11,8.612623e-12,1.7134318e-14,3.6308042e-13,4.9806803e-10
900000,483,88,0,-8.039536e-13,3.9476946e-11,1.89435e-11,4.0547839e-13,4.898488e-13,2.6478397e-10
900000,185,22,0,-3.8203598e-13,7.850143e-12,5.3068758e-11,5.856508e-11,4.9808374e-10,4.4214532e-10
900000,483,22,0,-1.2229334e-12,3.7642427e-11,2.6827332e-11,1.2598626e-13,3.9342517e-13,3.7394984e-10
900000,81,47,0,9.559717e-12,3.1585682e-11,5.7304755e-11,5.99162e-11,5.030096e-10,2.6027508e-10
900000,190,453,0,6.20706e-13,2.4886045e-11,2.977355e-11,1.1848809e-13,3.0377418e-15,1.2941159e-10
900000,85,487,0,-8.3060365e-13,4.6905115e-11,6.2309086e-12,6.8602305e-16,5.3106076e-13,7.963262e-10
900000,33,365,0,1.1092657e-12,4.6855436e-11,1.9827091e-14,1.0509205e-21,5.3108863e-13,2.211918e-10
900000,295,14,0,-4.6808586e-13,2.0234666e-11,1.2208237e-14,1.3252062e-23,3.1274943e-14,4.4393253e-10
900000,461,18,0,-1.3105697e-12,6.767358e-11,1.9373256e-11,3.8368066e-13,3.70789e-11,5.5035915e-10
900000,452,358,0,-5.455506e-13,1.8408488e-11,1.9410322e-16,4.138204e-28,4.7454947e-16,2.6633812e-10
900000,496,439,0,-5.211996e-13,1.6493305e-11,2.3988337e-11,8.317629e-14,1.780862e-15,2.3223029e-10
900000,475,130,0,7.526427e-12,3.498911e-11,1.0078482e-11,3.0759764e-15,6.2619025e-14,4.3488416e-10
900000,205,22,0,-7.1605195e-13,3.7764274e-11,2.548667e-11,1.329371e-12,1.2538255e-13,1.3942766e-10
900000,475,64,0,-1.3756407e-13,7.4748756e-11,8.931079e-12,1.479067e-14,6.4675716e-11,1.0259131e-09
900000,200,452,0,2.729645e-12,3.1322188e-11,1.5326541e-12,1.4181972e-16,4.5389133e-11,1.8427225e-10
900000,12,57,0,-1.0266084e-12,5.036578e-11,2.8045356e-11,4.8997515e-14,4.9566774e-13,4.5196535e-10
900000,480,31,0,-1.281181e-12,6.027079e-11,2.5035453e-11,2.285678e-12,6.2267715e-13,4.3071474e-10
900000,122,457,0,7.227781e-13,1.7087904e-11,2.6185122e-11,3.6436674e-13,5.5337238e-11,1.3619589e-10
900000,456,155,0,1.6620628e-11,5.7878546e-11,1.2768918e-11,7.161899e-14,5.117076e-13,2.4454017e-10
900000,173,452,0,-2.9798695e-13,1.8721883e-11,4.708269e-13,2.2156934e-18,6.547975e-12,2.0994247e-10
900000,117,468,0,-3.9913488e-13,1.6955978e-11,8.944593e-12,2.3379636e-14,7.857546e-17,3.349504e-10
900000,278,29,0,6.1485815e-13,2.4991426e-11,8.1595036e-14,2.3711247e-20,4.3117585e-15,1.1583624e-10
900000,5,24,0,-3.5003868e-13,5.2509552e-11,1.101132e-10,1.745635e-11,6.9969516e-11,6.518499e-10
