mcsteps,xCOM,yCOM,zCOM,il8,il1,il6,il10,tnf,tgf
220000,170,80,0,1.8068358e-09,4.9923646e-12,2.3672283e-25,5.4576468e-37,1.6919326e-22,5.7044106e-11
220000,217,214,0,1.8069524e-09,3.1210975e-14,2.9513777e-13,3.1014826e-17,1.1374576e-19,1.1551786e-33
220000,289,163,0,1.8070022e-09,6.4197204e-13,0.0,0.0,1.3290214e-26,2.5736527e-23
220000,413,269,0,2.0605784e-09,8.748038e-12,5.049056e-39,0.0,8.200455e-18,9.866331e-14
220000,414,200,0,1.8135264e-09,6.664633e-12,7.413867e-32,0.0,5.9329545e-22,4.2903183e-19
220000,197,139,0,1.8077734e-09,7.3794475e-13,9.177639e-19,2.022924e-24,9.277197e-25,1.4563121e-21
220000,378,208,0,1.8070213e-09,2.556355e-18,0.0,0.0,0.0,1.1332877e-24
220000,155,198,0,2.0874e-09,1.0468858e-11,0.0,0.0,6.9679885e-19,1.1273425e-19
220000,397,297,0,1.8166009e-09,3.3780934e-12,3.5426817e-28,6e-45,4.6597742e-23,1.02825255e-10
220000,409,184,0,1.8132711e-09,2.6779187e-11,1.724578e-27,9.272e-42,1.09648104e-16,1.4881864e-14
220000,336,94,0,1.8188915e-09,3.4638938e-11,6.7515225e-21,4.8177976e-30,4.9924275e-16,1.5463413e-13
220000,438,279,0,1.8067817e-09,2.0079322e-12,7.8894275e-13,1.2528085e-15,4.8667535e-17,5.870082e-11
220000,307,245,0,1.806534e-09,4.299401e-12,2.5667241e-36,0.0,9.1390947e-20,2.1837371e-12
220000,352,156,0,1.8130134e-09,1.8592112e-11,6.936366e-17,2.1558115e-22,3.9629967e-18,5.1748256e-22
220000,175,364,0,1.8507954e-09,7.2269913e-22,0.0,0.0,0.0,1.8950797e-28
220000,312,359,0,1.807137e-09,2.7574135e-15,9.5072495e-20,1.1051801e-28,2.2579073e-28,4.1909705e-18
220000,258,315,0,1.8073822e-09,1.307313e-16,0.0,0.0,0.0,5.195364e-37
220000,390,112,0,1.8066885e-09,1.7922569e-12,2.0645153e-13,2.7770877e-18,2.467951e-21,1.5089809e-18
220000,84,355,0,1.8402722e-09,3.2024855e-16,1.9942494e-17,6.6576804e-26,5.211144e-32,4.819141e-14
220000,138,255,0,1.8070243e-09,1.2994572e-18,0.0,0.0,0.0,7.258276e-22
220000,113,137,0,1.8066935e-09,9.137683e-11,3.245413e-37,0.0,4.342614e-12,9.379918e-16
220000,141,300,0,1.8127904e-09,2.0942867e-16,1.620345e-28,0.0,5.59288e-40,9.857362e-14
220000,434,65,0,1.8219745e-09,4.602881e-12,4.3993132e-11,2.3748744e-13,1.2408863e-14,1.7038679e-10
220000,167,372,0,1.8501687e-09,1.03200674e-16,1.915462e-31,0.0,1.991e-41,5.9848973e-30
220000,214,283,0,1.8071127e-09,2.409603e-16,0.0,0.0,4e-45,4.5451565e-26
220000,90,213,0,1.8083403e-09,2.5826146e-13,2.4428012e-36,0.0,1.2252427e-27,4.5061302e-14
220000,327,125,0,1.8083447e-09,2.2740364e-12,2.6081569e-16,1.7222342e-23,1.6367729e-24,6.8286365e-22
220000,270,364,0,1.8079951e-09,7.638695e-12,5.603704e-18,1.3069945e-26,1.8221567e-18,2.5541373e-19
220000,210,112,0,1.8073402e-09,6.1709725e-21,1.7457915e-28,2e-44,0.0,3.1379338e-18
220000,412,292,0,1.8182934e-09,5.2861374e-12,1.2942662e-18,2.3768373e-28,1.1935209e-21,3.708117e-11
220000,353,87,0,1.8355301e-09,4.3146554e-14,8.985969e-24,4.6671476e-37,1.5519856e-31,2.067367e-11
220000,142,318,0,1.8111853e-09,9.678416e-13,2.55161e-21,6.056506e-32,1.5753096e-24,4.1198286e-12
220000,284,205,0,1.812571e-09,1.9947115e-11,4.859e-41,0.0,5.7727956e-17,1.068935e-13
220000,294,191,0,1.812637e-09,2.5301308e-11,0.0,0.0,2.4913754e-17,2.449349e-13
220000,247,87,0,1.8086873e-09,8.4508236e-13,9.4532406e-30,0.0,1.3418485e-28,3.3197644e-14
220000,124,402,0,1.8236773e-09,1.0940794e-12,8.28416e-25,8.220758e-39,2.9126922e-24,2.7066707e-11
220000,237,303,0,1.8073556e-09,3.2986683e-13,8.74085e-40,0.0,2.4725977e-28,0.0
220000,406,90,0,1.8066827e-09,4.6197296e-11,6.4991283e-20,5.3564865e-31,1.0094335e-15,2.728175e-11
220000,121,416,0,1.8228367e-09,1.3795537e-12,1.8189016e-14,1.2496152e-20,4.8581836e-25,4.351677e-12
220000,337,200,0,1.9211777e-09,8.621114e-11,0.0,0.0,1.190808e-12,4.2233076e-20
220000,96,73,0,1.8062374e-09,6.796462e-11,1.5301577e-19,5.052515e-30,4.1392967e-15,2.762763e-12
220000,318,387,0,1.8070272e-09,1.8762271e-14,2.750117e-25,3.96995e-40,3.1190835e-31,1.07983665e-11
220000,175,139,0,1.8072872e-09,4.932523e-11,4.7014706e-29,4e-45,3.3581811e-15,9.7176205e-11
220000,150,197,0,2.1476383e-09,1.192021e-13,0.0,0.0,1.2346627e-30,4.3370424e-16
220000,80,421,0,1.8461584e-09,5.689346e-12,1.6265054e-19,1.4007127e-30,2.758343e-21,5.903378e-14
220000,211,338,0,1.8171173e-09,2.4417888e-11,7.2608e-41,0.0,1.2995352e-17,0.0
220000,137,383,0,1.8124793e-09,2.419837e-12,7.531802e-14,2.1184071e-19,6.0104814e-23,1.0227401e-14
220000,84,410,0,1.8444671e-09,4.0522235e-11,2.6450408e-14,1.8720312e-20,7.3348904e-17,3.305735e-12
220000,128,368,0,1.8702495e-09,1.1354439e-11,1.6014164e-28,1e-45,2.7421549e-17,4.735127e-14
220000,345,201,0,1.9214628e-09,7.137874e-15,0.0,0.0,1.0959892e-31,2.5572157e-24
220000,187,277,0,1.8071309e-09,1.7165517e-14,0.0,0.0,1.7055698e-33,7.9095415e-33
220000,82,343,0,1.8549832e-09,1.2649938e-11,7.5358513e-13,4.1172607e-17,2.0371827e-18,8.801615e-13
220000,59,395,0,1.82724e-09,1.232182e-11,1.2291209e-32,0.0,1.981781e-18,1.8088923e-11
220000,339,428,0,1.8308609e-09,5.66786e-14,3.0189857e-14,1.8175172e-19,6.103023e-23,5.892421e-12
220000,352,314,0,1.8069136e-09,1.3425829e-14,1.5558465e-21,3.6432185e-30,1.4593708e-34,1.232939e-18
220000,192,347,0,1.8122707e-09,9.719302e-12,0.0,0.0,8.2204796e-18,2.1640739e-33
220000,90,331,0,1.8227264e-09,1.6351421e-13,1.3781858e-23,5.2052418e-37,1.1670578e-30,7.799287e-16
220000,210,354,0,1.8390688e-09,2.0997815e-13,1.6207e-41,0.0,6.485418e-29,3e-45
220000,254,221,0,1.8067893e-09,1.960794e-11,1.5671405e-18,2.8255705e-27,4.6223974e-17,1.5608768e-18
220000,247,110,0,1.808906e-09,1.6409945e-11,4.1857026e-32,0.0,1.0153345e-18,4.5999465e-24
220000,68,262,0,1.8072602e-09,4.1792303e-12,4.2079793e-17,5.2049264e-26,2.8110622e-21,6.4062297e-13
220000,408,271,0,2.062273e-09,9.6957886e-11,2.932608e-34,0.0,6.273303e-13,1.0078695e-15
220000,354,360,0,1.8067653e-09,1.2598366e-11,9.99037e-31,0.0,2.85665e-19,4.7434256e-21
220000,55,408,0,1.8269615e-09,8.9715275e-12,4.5665963e-20,7.2296046e-29,7.3122616e-23,7.5369717e-16
220000,337,441,0,1.830554e-09,1.8892806e-12,2.0481006e-19,2.3050933e-28,1.0049743e-21,2.5662455e-11
220000,249,131,0,1.8081215e-09,4.4322996e-12,1.076e-42,0.0,9.048669e-23,6.980112e-26
220000,122,291,0,1.8330545e-09,1.7104705e-12,4.3430472e-23,5.5315434e-37,1.3226288e-21,3.6114984e-14
220000,265,441,0,1.806502e-09,2.3631162e-12,2.8690604e-20,1.0424804e-30,1.6642769e-23,4.2393103e-12
220000,109,292,0,1.8317804e-09,1.3200841e-12,2.2416029e-23,2.769273e-37,5.5943796e-19,1.7148005e-16
220000,227,94,0,1.8087193e-09,2.013102e-14,8.362927e-29,0.0,3.1190835e-31,9.083982e-27
220000,340,168,0,1.8133222e-09,5.020511e-16,6.350395e-26,1.1203301e-38,4.0149e-40,7.718674e-16
220000,289,374,0,1.8080781e-09,1.0535605e-13,2.164117e-22,8.803004e-34,1.9660546e-31,8.894807e-15
220000,193,311,0,1.807037e-09,1.3403832e-21,0.0,0.0,0.0,3.2e-44
220000,212,418,0,1.8070171e-09,7.835382e-19,2.1750576e-22,7.674947e-34,3.664e-42,4.1408117e-14
220000,202,365,0,1.829858e-09,1.0923819e-13,3.3458615e-37,0.0,4.6515634e-32,1.744888e-39
220000,63,433,0,1.8079709e-09,2.2523481e-11,4.943527e-12,2.350302e-15,2.9752274e-17,1.58499e-11
220000,119,338,0,1.8068775e-09,3.0406518e-11,3.9192068e-21,1.5601287e-32,3.0637472e-15,1.4693114e-27
220000,90,192,0,1.8082656e-09,1.9814239e-14,7.5300726e-16,1.8804391e-23,5.607031e-29,2.8326302e-12
220000,147,93,0,1.8710555e-09,2.053003e-15,1.8230817e-14,5.1836097e-20,6.5147163e-24,8.327952e-14
220000,182,249,0,1.8069116e-09,1.3248861e-11,0.0,0.0,4.0344876e-19,4.2881056e-38
220000,346,76,0,1.8325519e-09,3.1783527e-11,1.1795015e-16,6.358873e-25,1.0966746e-16,1.8039395e-13
220000,359,392,0,1.8064732e-09,9.272622e-12,1.9066117e-13,7.731037e-18,1.9659241e-20,5.4684477e-12
220000,87,276,0,1.807247e-09,2.6043675e-12,6.6460606e-21,4.697353e-31,2.7684487e-25,1.2893934e-12
220000,404,256,0,1.8268335e-09,7.1893026e-11,1.2640436e-25,2.660199e-36,4.3853577e-15,1.5579293e-17
220000,135,222,0,1.8161304e-09,5.338914e-15,0.0,0.0,1.7155424e-34,4.4834305e-15
220000,380,155,0,1.819813e-09,1.2480995e-11,2.4046367e-21,3.0189564e-33,2.85665e-19,5.1140065e-13
220000,444,131,0,1.8064851e-09,7.75005e-11,5.6226897e-14,5.599943e-20,3.3817994e-12,4.10148e-12
220000,165,402,0,1.8069995e-09,7.904176e-14,6.6115517e-18,1.4628777e-27,3.285795e-30,1.2104191e-22
220000,141,194,0,1.8969357e-09,4.2592766e-11,0.0,0.0,2.7382267e-15,4.655615e-11
220000,341,110,0,1.8151524e-09,5.375715e-11,4.9827744e-24,1.4505292e-37,4.679509e-14,4.0704723e-13
220000,119,223,0,1.8159103e-09,1.8308356e-13,1.29e-43,0.0,3.3902533e-22,1.1975287e-12
220000,409,435,0,1.8056042e-09,1.3415984e-10,5.4288804e-26,6.6234e-41,1.4161671e-12,5.6126215e-11
220000,126,66,0,1.806516e-09,8.797301e-12,4.8088113e-22,3.5109222e-34,1.9402399e-20,1.1054585e-11
220000,301,62,0,1.8058639e-09,1.158115e-10,5.1100275e-13,8.97878e-18,1.4513742e-14,5.3621122e-12
220000,141,101,0,1.8708453e-09,1.1521961e-13,7.4730775e-22,2.3702615e-33,6.85594e-30,3.7046305e-13
220000,426,77,0,1.8220581e-09,2.4874557e-11,2.2573885e-22,2.7316601e-34,1.1195461e-15,3.325369e-11
220000,322,327,0,1.8070301e-09,3.1089413e-19,2.4903983e-38,0.0,0.0,3.120946e-17
220000,188,383,0,1.8087793e-09,2.3536833e-18,1e-45,0.0,0.0,1.9778247e-33
220000,119,363,0,1.8655144e-09,3.335477e-11,3.22238e-40,0.0,3.607066e-16,5.6835664e-20
220000,395,155,0,1.8198262e-09,1.966773e-13,6.121384e-14,1.6958127e-19,2.0270108e-23,3.9691687e-13
220000,20,148,0,-1.2013477e-11,2.2784619e-09,3.432398e-19,1.057009e-29,4.1188084e-09,2.4458346e-10
220000,454,388,0,-1.1867962e-11,2.4408369e-09,2.0461265e-13,6.2250457e-18,4.1207797e-09,9.3706e-11
220000,11,133,0,-1.2456428e-11,2.304982e-09,6.319143e-16,2.2860018e-22,4.1188084e-09,6.8199175e-12
220000,16,179,0,-5.110333e-13,6.506367e-12,1.5928544e-14,2.7339557e-20,5.3973757e-21,4.6698745e-13
220000,117,104,0,-1.139708e-11,2.280826e-09,8.8024635e-21,3.8096883e-33,4.118809e-09,1.1278769e-12
220000,491,75,0,-1.2237204e-11,2.3345879e-09,1.822424e-14,1.608822e-20,4.118809e-09,1.7162785e-11
220000,453,139,0,2.2230157e-11,2.3091822e-09,4.4312605e-12,1.9142354e-15,4.118812e-09,1.3030386e-12
220000,443,359,0,-4.67866e-14,5.9878695e-15,1.14004375e-26,9e-43,2.1184254e-37,3.1959962e-11
220000,414,174,0,4.418941e-11,3.695461e-11,1.3789555e-24,3.6891696e-35,4.9957167e-16,1.514211e-10
220000,148,437,0,-1.1300017e-11,2.278141e-09,8.9697953e-20,3.3634125e-30,4.1188084e-09,1.2824836e-13
220000,444,223,0,-1.16653085e-11,2.2752222e-09,6.723149e-17,4.6674884e-24,4.1188084e-09,6.810572e-13
220000,464,290,0,-8.5191294e-13,2.73093e-11,2.8554268e-12,3.693492e-16,7.180753e-18,7.447519e-12
220000,20,352,0,-1.1093181e-11,2.2719104e-09,1.9832226e-14,1.2481451e-20,4.1188084e-09,6.2543373e-13
220000,140,432,0,-1.1159193e-11,2.2758855e-09,1.6507539e-12,1.4065768e-16,4.1188084e-09,9.3395534e-12
220000,287,98,0,-1.1542119e-11,2.2848619e-09,4.047149e-24,3.836602e-37,4.1188084e-09,9.9493995e-18
220000,40,466,0,-1.20558745e-11,2.341409e-09,6.0721733e-10,4.2759846e-10,5.285717e-09,1.4553959e-11
220000,153,94,0,2.2055276e-10,6.0448456e-13,2.7156138e-10,5.3750844e-11,3.9441037e-11,5.6612674e-13
220000,98,423,0,7.096383e-12,1.0423137e-12,4.4592196e-21,1.5121067e-33,1.330744e-26,3.1039342e-12
220000,12,254,0,-4.6237656e-13,8.456878e-12,6.206322e-13,4.2810352e-17,1.1773401e-19,7.47308e-12
220000,400,26,0,-2.3288233e-12,3.914853e-10,1.6766448e-15,2.2721048e-21,8.1826726e-11,3.8665403e-13
220000,40,357,0,-1.9807964e-12,9.714748e-10,1.6128129e-22,9.4030984e-35,4.0250163e-09,3.7138884e-10
220000,431,465,0,-1.18800724e-11,2.3518434e-09,1.03598364e-13,3.5950097e-19,4.1189967e-09,6.4857473e-12
220000,275,459,0,1.5959122e-12,5.292264e-17,1.0590312e-11,6.8161038e-15,3.9933918e-17,4.735705e-13
220000,437,45,0,3.8304223e-13,1.313114e-10,1.8568849e-13,3.2787748e-18,3.3964744e-09,1.3194443e-11
220000,362,451,0,-1.1982088e-12,4.6765765e-11,1.0814395e-15,3.0457418e-23,1.7266208e-16,1.1271155e-11
220000,91,390,0,1.047288e-12,5.613605e-13,1.0576128e-29,0.0,7.362746e-26,2.990749e-11
220000,44,430,0,-8.738026e-12,2.381252e-09,4.4592734e-17,2.2676099e-24,4.2790447e-09,3.0219043e-12
220000,366,334,0,-1.0894313e-11,2.2720672e-09,8.17e-42,0.0,4.1188084e-09,6.28234e-15
220000,223,134,0,4.7833005e-13,2.3893238e-14,2.6246857e-25,1.0710724e-37,1.1270739e-34,8.573014e-12
220000,303,387,0,4.5828783e-12,2.2721116e-09,2.8394212e-24,1.7861909e-36,4.1188084e-09,1.6050194e-14
220000,105,443,0,-3.9922278e-13,1.7604454e-11,1.6047259e-13,1.9282955e-18,1.2460866e-17,1.41267e-11
220000,425,487,0,-1.26058625e-11,2.5209583e-09,7.225211e-15,3.1731484e-21,4.2101473e-09,1.9268302e-10
220000,441,454,0,-1.2781927e-12,1.8873482e-10,3.989336e-21,1.100817e-30,1.12775816e-10,3.1452506e-12
220000,443,293,0,1.30351415e-11,6.3286516e-12,1.3394643e-15,5.9123047e-22,4.0162555e-19,1.7152864e-11
220000,414,322,0,-3.6828984e-13,8.276579e-12,2.7781045e-16,2.3844291e-23,8.077621e-20,4.725339e-12
220000,298,64,0,4.031419e-10,5.165114e-11,5.4921982e-14,1.8021652e-19,4.132764e-15,1.0083072e-12
220000,106,293,0,4.6249088e-10,2.271909e-09,1.9777661e-26,3.77e-43,4.1188084e-09,1.8867844e-14
220000,239,405,0,-6.969327e-13,5.671748e-11,3.7415782e-21,2.9017779e-31,2.1865925e-15,1.2520682e-10
220000,430,422,0,-1.1568043e-11,2.2961077e-09,2.2999995e-26,5.96e-43,4.1188084e-09,1.5381862e-12
220000,489,149,0,-1.1567481e-11,2.3077835e-09,3.08218e-27,6.4e-44,4.1188097e-09,3.835733e-13
220000,40,263,0,-6.879023e-14,5.970661e-12,4.7440354e-19,1.6936604e-28,1.9017426e-19,5.488954e-11
220000,351,2,0,-1.1552916e-11,2.3310782e-09,3.060201e-18,2.9284458e-26,4.122524e-09,8.693068e-12
220000,85,417,0,3.3361253e-10,5.5759956e-11,5.1041723e-13,8.978705e-18,1.1836011e-15,3.0601233e-10
220000,441,255,0,-3.5792837e-13,1.8353671e-10,2.7888764e-16,7.7926855e-23,2.850779e-12,2.8303654e-10
220000,23,345,0,-1.1380396e-13,5.5692128e-14,2.7613478e-19,1.8163851e-28,6.25759e-28,3.5215646e-14
220000,453,374,0,-1.1666144e-11,2.531215e-09,5.5428206e-15,1.0426854e-20,7.920133e-09,3.8802596e-13
220000,205,291,0,3.5108073e-11,9.183087e-25,0.0,0.0,0.0,4.4641323e-33
220000,143,103,0,5.599042e-10,1.06217525e-13,9.135093e-23,1.197918e-36,4.5998907e-30,4.5635644e-12
220000,69,381,0,-5.5310027e-12,2.309682e-09,4.2163214e-23,1.1276632e-34,4.1188715e-09,1.2941127e-16
220000,498,82,0,-3.5656187e-13,3.955394e-13,1.611802e-12,5.8257947e-16,3.2384789e-18,1.6511716e-11
220000,316,4,0,-1.1947978e-11,2.303605e-09,2.738696e-37,0.0,4.1188084e-09,4.1350322e-11
220000,23,3,0,-5.1549395e-13,3.061426e-11,2.5610957e-34,0.0,1.7033899e-16,2.1285087e-12
220000,56,135,0,-1.2150053e-11,2.30057e-09,3.8740232e-28,0.0,4.1188084e-09,9.428505e-16
220000,407,387,0,-9.501468e-13,8.0718474e-11,4.1407836e-23,5.8016e-37,2.6159696e-14,1.5018103e-13
220000,161,110,0,-9.198744e-12,2.2719115e-09,3.3699018e-16,6.5952045e-24,4.1188084e-09,6.400012e-12
220000,19,413,0,-1.1657963e-11,2.3137132e-09,5.917535e-11,4.80915e-13,4.1188373e-09,1.2638812e-11
220000,269,239,0,-1.0673884e-11,2.271979e-09,2.94266e-40,0.0,4.1188084e-09,5.8498135e-20
220000,328,433,0,5.6525368e-11,2.2719089e-09,1.9339736e-16,4.3440428e-23,4.1188084e-09,3.118392e-13
220000,119,228,0,2.6890976e-10,2.2719138e-09,7.26207e-39,0.0,4.1188084e-09,2.7684253e-16
220000,33,367,0,-7.099956e-13,2.845269e-11,4.467521e-22,1.4371365e-34,2.2199668e-17,6.117111e-11
220000,162,94,0,1.091461e-11,2.2784945e-09,7.0761053e-12,2.4740022e-15,4.1188084e-09,5.2854443e-10
220000,206,67,0,-2.692478e-15,7.6508845e-19,2.0453621e-24,1.378352e-39,0.0,1.2189217e-11
220000,37,344,0,-2.0193419e-13,1.2356552e-13,1.6245707e-16,2.6897547e-23,2.2307028e-23,1.3704338e-10
220000,439,468,0,-6.3575344e-13,3.681785e-12,2.0027078e-15,1.9769305e-22,4.8861828e-25,1.3836274e-10
220000,385,154,0,3.289858e-10,1.5155231e-11,3.719044e-16,8.0798266e-24,3.808556e-19,3.698783e-14
220000,453,392,0,-8.1515334e-13,9.644736e-12,5.826499e-13,8.6255145e-17,3.4961742e-19,8.9879265e-13
220000,208,368,0,1.8528348e-10,6.1406977e-16,9.739632e-28,1.456e-42,8.453609e-35,9.414083e-36
220000,45,264,0,5.159202e-13,6.00411e-13,3.4910712e-16,8.8598836e-23,2.5859926e-27,7.510718e-12
220000,427,166,0,-6.57477e-13,3.373367e-11,5.4999633e-12,1.9000774e-15,2.2428435e-17,3.090019e-12
220000,492,155,0,-1.190073e-11,2.2775024e-09,6.0663274e-20,2.4866718e-30,4.1188084e-09,6.780347e-15
220000,481,464,0,-3.5498183e-13,2.2969875e-12,1.6047711e-12,5.8256163e-16,3.2385444e-18,1.802861e-10
220000,480,61,0,-1.260184e-11,2.3117095e-09,3.7443734e-10,3.8941333e-11,4.141669e-09,3.656092e-11
220000,44,409,0,4.7830222e-11,1.1538733e-10,1.6632444e-10,4.9752455e-12,3.748705e-12,3.5062822e-10
220000,173,468,0,-3.3490958e-14,6.510545e-16,8.713643e-18,8.766973e-26,2.0778261e-31,7.9937786e-15
220000,77,401,0,3.526168e-11,2.2874604e-09,5.3392702e-27,2e-44,4.1188084e-09,2.3031253e-10
220000,392,386,0,-1.130745e-11,2.2723439e-09,2.8251657e-14,7.53596e-20,4.1188084e-09,3.2719948e-13
220000,182,150,0,2.8106026e-11,1.5829239e-21,0.0,0.0,0.0,1.2845312e-16
220000,333,300,0,-1.0608863e-11,2.2719289e-09,2.9929863e-34,0.0,4.1188084e-09,2.0158805e-10
220000,402,367,0,-5.54929e-14,9.151205e-16,1.9713164e-32,0.0,1.0975308e-33,2.3453948e-14
220000,444,454,0,-9.587996e-13,2.9349793e-11,5.819295e-24,1.7740659e-35,2.2209342e-16,1.4357462e-12
220000,122,85,0,2.809831e-12,2.1065597e-12,2.2825346e-22,3.8317543e-36,3.3829028e-23,2.79699e-13
220000,16,344,0,-1.1068209e-11,2.2719095e-09,1.367392e-21,7.7443015e-33,4.1188084e-09,2.6231298e-12
220000,259,20,0,-1.5681552e-13,1.8887258e-14,8.540529e-24,5.7627606e-36,3.174258e-30,4.0498105e-10
220000,229,144,0,3.9903072e-13,2.235502e-15,3.3871931e-38,0.0,2.9959643e-35,8.031463e-11
220000,209,451,0,-5.944991e-14,2.9416438e-14,5.585177e-25,3.934571e-39,9.480233e-35,9.3727985e-12
220000,25,439,0,-7.7307193e-13,6.097324e-11,1.5377642e-16,8.00433e-24,3.3817955e-12,1.893857e-10
220000,108,30,0,-1.3207544e-12,8.530872e-11,1.5968284e-14,1.1204311e-19,1.6508259e-12,6.058132e-14
220000,289,73,0,7.620115e-12,1.39315495e-11,5.844777e-16,1.7250578e-23,1.334043e-19,4.0137528e-13
220000,351,497,0,-4.3447036e-13,2.3276682e-12,1.9421058e-14,5.2832853e-19,7.570053e-21,5.404936e-13
220000,33,136,0,-1.3710616e-12,1.02234304e-10,4.1307157e-14,1.0501644e-18,9.854575e-13,2.888395e-13
220000,270,214,0,1.2327548e-11,1.0077468e-11,3.3445843e-19,2.5766373e-27,5.356247e-19,3.390475e-11
220000,236,466,0,-6.887165e-13,1.8408015e-11,1.659241e-22,1.1338789e-35,8.1982685e-20,1.3703061e-12
220000,32,238,0,-1.1040193e-11,2.2719089e-09,3.1531125e-11,9.8233135e-14,4.1188106e-09,4.8104905e-12
220000,445,437,0,-5.180822e-13,4.913466e-11,2.9627526e-11,2.710303e-13,2.0911092e-14,2.9047055e-11
220000,410,452,0,5.7971514e-12,1.1971148e-10,9.065174e-14,8.616583e-19,4.9073397e-12,1.5625469e-12
220000,486,235,0,-1.1190545e-11,2.2719164e-09,3.467127e-16,1.71878e-23,4.1188084e-09,5.6420764e-11
220000,456,357,0,-3.899177e-14,2.4388485e-16,6.337523e-20,1.3808246e-31,2.60039e-40,1.8964023e-11
220000,55,56,0,-3.6243456e-13,8.892553e-13,1.6954943e-10,7.394118e-12,1.5395062e-12,2.0858077e-11
220000,69,157,0,-9.969741e-14,3.099625e-14,4.9157594e-16,2.9113807e-20,9.453118e-23,1.9203791e-11
220000,9,352,0,-1.1323309e-11,2.2870965e-09,2.3899653e-17,2.353525e-26,4.1188084e-09,2.3963635e-11
220000,13,323,0,-1.17773334e-11,2.3401192e-09,3.4577603e-14,2.7485027e-20,4.1188644e-09,7.248475e-14
220000,436,319,0,-2.0752439e-13,3.9973264e-11,6.3568824e-11,6.3218246e-13,7.2845125e-14,2.7314697e-11
220000,120,38,0,-3.895017e-13,9.351019e-12,2.5292817e-16,1.9823313e-22,1.1764617e-20,1.0194425e-12
220000,321,177,0,1.4529297e-12,1.1105636e-15,0.0,0.0,4.504036e-33,2.2149111e-18
220000,473,327,0,-7.8788446e-13,1.357436e-10,3.1193481e-24,2.230082e-39,1.0084433e-12,5.7205178e-11
220000,34,266,0,-1.1227942e-11,2.2726077e-09,1.5473265e-27,2.26e-43,4.1188084e-09,1.2319795e-10
220000,95,104,0,-1.1706598e-11,2.2769584e-09,3.3489968e-20,1.1166445e-29,4.1188084e-09,9.6529625e-11
220000,479,419,0,-9.095137e-13,9.587602e-11,5.876499e-16,5.837491e-23,9.854575e-13,1.7781351e-10
220000,172,401,0,1.5251703e-10,6.8782086e-17,9.649766e-25,4.77623e-40,0.0,1.5834607e-22
220000,178,102,0,3.4137108e-13,1.3841094e-12,4.9734115e-20,6.1044795e-30,4.1227256e-25,8.028235e-15
220000,62,0,0,-5.8320205e-13,5.968915e-11,5.139136e-15,7.61687e-22,4.101099e-15,5.6149686e-12
220000,118,102,0,-1.1113846e-11,2.2808058e-09,7.8444484e-20,1.7818527e-31,4.118809e-09,1.1828635e-13
220000,34,45,0,-9.67234e-13,4.127617e-11,6.260551e-15,2.2337584e-21,1.8567626e-17,1.1598061e-11
220000,14,53,0,-4.622096e-13,1.7523198e-12,2.938433e-15,1.1877052e-20,1.9323758e-23,2.7858552e-11
220000,10,482,0,-1.1469657e-11,2.287952e-09,3.298742e-15,2.7824876e-21,4.1188084e-09,1.6816144e-11
220000,356,368,0,1.0853966e-10,1.8231588e-12,2.086187e-31,0.0,1.0594194e-24,1.801648e-18
220000,355,208,0,2.4112592e-11,2.2719098e-09,0.0,0.0,4.1188084e-09,5.0061973e-29
220000,45,463,0,-1.2813668e-11,2.3171798e-09,8.1410784e-13,3.8204908e-17,4.1188093e-09,1.0864029e-10
220000,32,109,0,-1.1548388e-12,9.3985646e-11,1.7825777e-18,1.4417275e-27,1.6508263e-12,1.7615622e-15
220000,171,375,0,3.119333e-10,3.270185e-14,1.754926e-32,0.0,5.0186715e-28,9.5828e-34
220000,433,0,0,-2.1960806e-12,1.2297803e-10,5.2357917e-11,3.5903344e-13,2.4344994e-14,1.304943e-13
220000,489,336,0,-8.3145307e-13,2.7982203e-11,1.2115352e-17,4.0883317e-27,9.979905e-16,1.11330216e-10
220000,494,161,0,-1.315522e-12,4.3832805e-11,3.9863203e-14,4.7907773e-19,2.922095e-17,2.2082932e-14
220000,162,34,0,4.881806e-12,2.5581008e-11,4.2854706e-13,1.6721866e-17,1.096687e-16,1.0504097e-13
220000,102,459,0,-1.2049613e-11,2.3049482e-09,3.4954e-16,8.859951e-23,4.1188084e-09,5.4365918e-11
220000,421,45,0,-1.1955292e-11,2.3169466e-09,1.3275188e-12,4.831243e-16,4.1188084e-09,6.0751046e-14
220000,496,84,0,-3.6842285e-13,4.887802e-13,9.738318e-12,5.6760995e-15,3.231338e-17,2.9990222e-11
220000,111,474,0,-1.1590465e-11,2.3612943e-09,2.9956906e-16,8.936046e-24,4.1255666e-09,5.000094e-12
220000,27,17,0,-6.122418e-13,1.5865345e-11,1.7784504e-21,5.78413e-34,2.6359387e-19,6.374956e-11
220000,492,334,0,-7.70759e-13,5.768494e-11,2.3350491e-14,4.5322593e-20,2.1537949e-13,5.7307527e-11
220000,72,87,0,-1.1766714e-11,2.2966138e-09,2.7119155e-16,2.2102368e-23,4.1188084e-09,1.5948114e-12
220000,464,54,0,-1.2516255e-11,2.2993811e-09,3.2584918e-12,3.9383824e-16,4.1188084e-09,3.4029157e-10
220000,140,60,0,7.269801e-13,2.2719309e-09,1.320622e-11,1.9471907e-14,4.118809e-09,1.659317e-15
220000,208,19,0,-1.1188019e-11,2.272148e-09,1.3870974e-15,1.749501e-22,4.1188084e-09,3.7561912e-10
220000,273,28,0,-7.693156e-13,1.7098786e-11,4.5939285e-17,7.8953893e-25,5.597267e-19,2.3544264e-11
220000,11,189,0,-5.283343e-13,2.2902118e-11,5.7818084e-11,4.1339027e-13,2.418724e-14,4.4734745e-12
220000,87,433,0,1.8940086e-11,5.398918e-12,7.321559e-19,1.0133221e-29,2.8672178e-22,4.6030055e-12
220000,445,386,0,-4.849516e-13,6.900952e-12,5.8162637e-12,4.960337e-15,7.078037e-17,9.848365e-11
220000,113,353,0,4.7060272e-11,6.337765e-11,2.7609286e-34,0.0,1.928574e-14,4.258361e-21
220000,450,448,0,-6.755135e-13,1.6696221e-10,1.9068332e-12,3.8473926e-15,8.164367e-11,3.8333824e-12
220000,115,138,0,6.1868743e-10,4.0433747e-11,5.509159e-39,0.0,2.7971628e-14,6.2466017e-16
220000,139,386,0,4.0600762e-10,3.1327076e-13,7.7253464e-14,9.303428e-19,3.819505e-22,4.052721e-16
220000,373,365,0,1.7229161e-12,6.413126e-11,4.451589e-13,1.9272934e-17,8.7566495e-15,2.9596827e-19
220000,484,427,0,-5.329163e-13,2.7856283e-12,1.0093506e-14,5.4278966e-21,8.0354134e-20,4.5012703e-14
220000,434,7,0,-1.2915433e-11,2.3780269e-09,9.759328e-12,5.676116e-15,4.118843e-09,2.1222596e-10
220000,20,339,0,-1.1177739e-11,2.2722053e-09,3.5790872e-19,6.8694816e-29,4.1188084e-09,4.1352826e-16
220000,50,81,0,-1.2781859e-11,2.4005615e-09,1.181244e-12,7.9261604e-17,4.1192845e-09,2.9116248e-11
220000,22,141,0,-7.153132e-13,6.6632264e-12,9.525912e-18,3.7081978e-26,1.631943e-22,5.5755942e-12
220000,354,253,0,-4.2105384e-13,1.19380035e-11,6.4484103e-25,9.61724e-40,1.9817814e-18,1.830578e-17
220000,202,353,0,1.8174108e-10,2.2823439e-09,0.0,0.0,4.1188084e-09,1.29e-42
220000,394,411,0,-1.297182e-11,2.4364413e-09,1.0697344e-16,1.9233246e-23,4.119272e-09,1.6409504e-11
220000,305,196,0,2.3244566e-11,2.2719113e-09,0.0,0.0,4.1188084e-09,9.716816e-11
220000,177,499,0,-1.5176128e-13,9.467443e-15,8.165729e-13,3.079279e-17,3.8166708e-20,2.905084e-10
220000,323,42,0,-1.18754164e-11,2.4819904e-09,5.86621e-13,1.6460198e-17,4.126277e-09,1.265545e-14
220000,166,487,0,-1.1172299e-11,2.2720057e-09,1.8075764e-18,5.4820024e-27,4.1188084e-09,2.7272434e-11
220000,96,115,0,-1.1950561e-11,2.2920867e-09,1.640872e-24,1.603945e-38,4.1188084e-09,6.095503e-13
220000,441,338,0,-1.13855305e-11,2.3146411e-09,9.8628117e-14,3.1180821e-19,4.118812e-09,4.069385e-13
220000,488,457,0,-1.1113014e-11,2.2719218e-09,6.328824e-16,2.286025e-22,4.1188084e-09,6.5092605e-11
220000,234,454,0,-6.280673e-13,1.804403e-11,7.5358513e-13,4.1172607e-17,2.52269e-18,3.560944e-11
220000,152,187,0,1.1625804e-10,2.2719093e-09,0.0,0.0,4.1188084e-09,2.8461395e-19
220000,93,459,0,-6.7605996e-13,1.694229e-12,2.138142e-18,1.5535483e-26,4.7071744e-24,3.8921324e-11
220000,446,248,0,-1.1589942e-11,2.275108e-09,1.6632443e-10,4.9752455e-12,4.1197326e-09,3.0781343e-14
220000,479,15,0,-6.0383155e-13,7.055687e-12,9.823739e-14,1.3107679e-18,1.0284991e-21,5.7713802e-11
220000,255,474,0,-5.309498e-13,2.2767463e-11,6.5955488e-12,1.0592584e-14,2.0988763e-16,2.1822837e-11
220000,46,284,0,-8.172825e-13,1.3384989e-10,3.4227853e-11,1.4861953e-13,9.2302156e-14,3.5985364e-12
220000,437,29,0,-1.8007991e-12,6.4350185e-11,6.9059405e-15,1.2943902e-21,1.0096329e-15,1.623166e-10
220000,250,6,0,-4.9699773e-14,3.5972795e-15,4.3175817e-18,7.367567e-28,6.920408e-34,3.720008e-11
220000,447,162,0,-1.18718126e-11,2.33084e-09,8.798659e-18,8.769751e-26,4.1189967e-09,1.6945026e-10
220000,163,53,0,-8.12142e-14,2.9600405e-13,9.323416e-22,3.8523924e-32,1.6351577e-22,1.2405384e-12
220000,114,346,0,8.077491e-11,2.4942685e-12,2.2584399e-26,4.97996e-40,1.0428767e-23,2.406723e-25
220000,290,452,0,-1.3753016e-13,3.7448274e-12,3.3427398e-16,6.9186194e-23,1.33956835e-20,1.6595392e-11
220000,106,186,0,6.085592e-12,4.0376722e-15,5.6639407e-30,0.0,2.503993e-31,4.4944265e-12
220000,330,425,0,8.0422766e-11,2.971997e-17,1.1975044e-17,1.0743773e-25,2.4451007e-31,2.3587462e-11
220000,101,405,0,-5.7898786e-12,2.3385303e-09,1.1900972e-23,3.063605e-38,4.118837e-09,7.398363e-12
220000,66,469,0,-9.510101e-13,4.4959965e-12,3.4921424e-16,1.11875386e-23,2.4517278e-21,9.397716e-12
220000,54,478,0,-1.2341794e-11,2.4287274e-09,2.0188619e-18,7.6332184e-26,4.1276405e-09,1.2905593e-12
220000,72,445,0,1.6668825e-12,2.272371e-09,5.472296e-16,2.017502e-23,4.1188084e-09,1.6344395e-12
220000,433,327,0,-2.2331097e-13,3.798626e-12,1.6857175e-16,5.694095e-22,7.256642e-23,3.806608e-12
220000,348,131,0,1.6645856e-12,3.961877e-11,1.1816788e-27,4.8e-44,1.1499248e-14,7.811977e-21
220000,37,18,0,-1.17093895e-11,2.2738957e-09,9.606246e-17,1.446225e-24,4.1188084e-09,2.6442516e-12
220000,368,448,0,-5.2417847e-13,5.4449695e-11,1.0004426e-10,4.032756e-12,4.917574e-12,5.6169912e-11
220000,177,222,0,4.4353996e-14,2.790136e-14,0.0,0.0,4.167614e-32,2.5379532e-36
220000,114,198,0,6.8363517e-13,9.876502e-17,6.7e-44,0.0,1.116277e-39,2.0208241e-16
220000,332,394,0,-9.507239e-13,2.2983502e-09,1.5090752e-17,1.3135326e-26,4.1188084e-09,6.1220543e-18
220000,405,304,0,7.1278435e-11,7.0621986e-15,1.3462421e-18,1.0794065e-27,5.345699e-34,2.833431e-14
220000,266,454,0,2.468837e-11,1.2553229e-13,4.992988e-15,1.9784655e-20,6.058187e-24,5.3200944e-11
220000,388,45,0,-1.2771262e-11,2.362029e-09,6.554684e-11,7.147268e-13,4.118858e-09,1.2477779e-14
220000,151,247,0,1.1580249e-11,7.198168e-13,0.0,0.0,5.7157814e-27,1.5149518e-30
220000,104,30,0,-1.164897e-12,3.202695e-11,3.0785204e-17,1.9719917e-23,1.1492838e-18,7.823725e-13
220000,359,424,0,1.6738907e-12,3.866951e-13,2.969341e-10,5.1232806e-11,3.559423e-11,6.028171e-14
220000,180,253,0,3.154347e-10,4.3290583e-11,0.0,0.0,2.1865874e-15,1.3609383e-37
220000,282,444,0,5.563705e-12,2.5191673e-13,1.785803e-14,9.47066e-20,3.085837e-23,1.0261086e-14
220000,262,397,0,-5.952603e-13,4.3973e-11,1.9324095e-26,1.540289e-39,1.14996446e-14,7.9399557e-13
220000,209,334,0,3.07515e-10,2.2727105e-09,6.28569e-40,0.0,4.1188084e-09,0.0
220000,244,77,0,5.6038393e-11,8.0352315e-11,1.31786355e-30,0.0,5.137068e-15,1.8219177e-14
220000,392,462,0,-1.26673455e-11,2.6159888e-09,7.836937e-16,2.0640958e-22,4.1924637e-09,2.1751843e-12
220000,168,395,0,1.3066945e-10,9.294679e-16,5.575949e-25,2.55563e-40,6.322964e-33,4.4870597e-27
220000,73,184,0,-9.128375e-12,2.4463636e-09,5.0428177e-19,8.7021483e-29,4.11976e-09,1.6695699e-12
220000,256,130,0,1.5263994e-10,1.8553797e-11,6e-45,0.0,5.379383e-19,1.5759636e-20
220000,224,41,0,-8.786136e-13,1.8162468e-11,7.8222924e-17,1.3629289e-24,3.1389902e-18,1.5983036e-10
220000,153,212,0,2.0475448e-11,2.2719582e-09,0.0,0.0,4.1188084e-09,1.2514623e-16
220000,21,254,0,-1.1870061e-11,2.2921136e-09,6.654999e-11,1.0960443e-12,4.1189843e-09,2.1180529e-13
220000,455,82,0,-8.4666573e-13,1.0709298e-11,5.7236985e-19,1.3446017e-27,1.0371674e-21,4.3783057e-11
220000,225,27,0,-1.2444262e-11,2.3339142e-09,9.456947e-23,3.214523e-36,4.118814e-09,9.742561e-11
220000,313,193,0,3.2307592e-12,1.10857745e-17,0.0,0.0,0.0,5.2316672e-15
220000,71,41,0,-4.2857845e-13,1.103348e-10,1.8884686e-19,1.7725738e-30,3.5123207e-09,2.8439265e-10
220000,178,106,0,-5.250953e-14,2.8926505e-12,4.937528e-20,6.1010504e-30,9.19801e-22,6.2981135e-17
220000,199,484,0,-1.10632154e-11,2.2719093e-09,2.2279086e-20,1.4476011e-30,4.1188084e-09,7.888099e-14
220000,328,346,0,-7.459213e-12,2.2722504e-09,1.3112474e-37,0.0,4.1188084e-09,2.6554452e-19
220000,278,289,0,-1.6694098e-13,3.8806555e-11,0.0,0.0,5.9768e-15,9.650794e-36
220000,272,224,0,4.651078e-12,1.128382e-12,5.0294362e-27,3.222e-42,2.0754035e-27,3.5733355e-14
220000,446,407,0,-5.69344e-13,1.9954732e-11,2.2218935e-12,2.340346e-16,2.2412958e-17,3.4909173e-11
220000,225,224,0,2.6495984e-11,2.5502813e-15,8.839285e-27,7.4209e-41,2.445204e-39,7.9993405e-23
220000,407,125,0,4.330399e-13,9.065262e-11,1.3603519e-18,6.64507e-29,1.6508259e-12,6.5251916e-15
220000,443,192,0,-4.2027094e-13,6.3181548e-12,2.9256733e-17,3.7716835e-25,4.0162553e-19,2.2258044e-12
220000,178,238,0,3.797012e-11,2.8873085e-15,0.0,0.0,6.605507e-36,3.5e-44
220000,385,394,0,-9.478911e-13,6.744576e-11,7.5688354e-13,4.1174596e-17,3.3949693e-15,3.5171195e-12
220000,143,98,0,5.8605515e-10,4.2554776e-14,2.6451406e-19,1.0328327e-29,4.537301e-29,4.809776e-13
220000,393,121,0,7.4194144e-11,1.6616342e-10,3.517919e-10,2.119833e-11,1.1709645e-11,7.191765e-14
220000,264,108,0,5.8881424e-12,1.5021752e-10,6.108801e-18,2.5687676e-26,8.9688215e-11,8.2235795e-15
220000,90,447,0,-7.6739423e-13,1.1881561e-10,9.360504e-13,5.7332637e-16,1.4086088e-10,4.830645e-13
220000,378,131,0,9.308527e-13,3.7105326e-11,1.6942323e-30,0.0,6.278808e-14,2.422161e-11
220000,92,273,0,2.1469532e-10,4.4027278e-15,9.836358e-19,2.3129768e-27,1.6841954e-33,3.7413058e-13
220000,432,182,0,2.4279797e-13,1.8043757e-11,6.6582156e-12,5.1626108e-15,1.9642617e-16,4.1200125e-12
220000,347,79,0,5.316839e-10,9.59486e-13,9.302056e-20,5.83742e-31,1.1528365e-24,2.9514268e-15
220000,43,293,0,-5.450638e-13,3.5487208e-12,8.851882e-15,1.2777471e-21,1.0437618e-21,6.8054026e-13
220000,292,140,0,2.553091e-13,2.0535082e-12,3.5645876e-31,0.0,1.2978936e-21,1.0121461e-09
220000,395,143,0,3.722548e-11,6.724539e-11,2.9693553e-10,5.1232806e-11,3.5649993e-11,2.953851e-13
220000,260,453,0,2.4627307e-11,7.720714e-12,3.1354944e-14,6.4695957e-19,1.909046e-19,6.965277e-13
220000,55,87,0,-1.0222627e-12,1.7439947e-11,5.5494223e-15,1.042686e-20,4.4165215e-19,1.6607998e-12
220000,238,144,0,6.1797867e-12,1.8412273e-16,1.1e-44,0.0,1.3e-44,6.507376e-14
220000,312,275,0,-2.322243e-13,2.9971097e-12,1.1392644e-25,4.66658e-40,7.742895e-21,2.3607662e-17
220000,458,186,0,-7.117521e-13,6.4617235e-12,1.9345298e-16,4.3440424e-23,2.5655822e-22,2.1061285e-10
220000,145,128,0,-1.4052472e-13,1.8243148e-12,7.188309e-27,9.7355e-41,2.387968e-22,3.2895488e-16
220000,106,237,0,2.8170571e-12,8.140707e-14,8.5246716e-19,1.1431925e-28,5.050031e-29,4.8450808e-21
220000,112,424,0,3.353211e-11,5.7156065e-11,6.9363674e-17,2.1558115e-22,2.1866787e-15,8.770734e-12
220000,266,330,0,6.0551234e-12,2.2217649e-12,0.0,0.0,2.4516076e-21,2.1921296e-34
220000,109,334,0,5.3602355e-11,3.851227e-13,1.5904209e-14,2.7339457e-20,2.9368946e-24,4.377841e-19
220000,56,207,0,-7.986776e-13,1.236435e-11,9.944004e-16,9.4302256e-23,2.5277675e-19,7.390825e-14
220000,381,85,0,-4.5777976e-13,7.696488e-11,1.937541e-15,4.1870526e-22,4.4317387e-14,7.6656596e-13
220000,165,79,0,2.658487e-10,4.4105598e-11,1.1005334e-22,6.153506e-36,3.3358934e-15,2.443859e-11
220000,478,315,0,-3.7505605e-13,1.1161384e-11,4.063446e-14,1.3017004e-18,5.0233832e-20,1.3475279e-15
220000,153,190,0,2.6567115e-10,1.340342e-12,0.0,0.0,5.5943796e-19,8.419308e-19
220000,395,54,0,-1.2034527e-12,1.813402e-10,8.3828494e-19,3.9915705e-29,8.2160326e-14,7.944807e-12
220000,14,110,0,-1.0337146e-12,2.7857104e-11,4.9900826e-12,3.423189e-15,4.9382633e-17,1.23145825e-11
220000,355,236,0,-3.323865e-14,1.0599096e-15,4.1387502e-18,2.7728147e-27,6.243106e-34,6.011888e-23
220000,413,20,0,-1.3464219e-12,6.3953086e-11,2.1981053e-17,8.790567e-25,6.860939e-16,4.023768e-12
220000,154,486,0,-7.165506e-13,3.8761404e-11,5.8524546e-11,4.8055684e-13,2.8211694e-14,1.9233824e-14
220000,302,373,0,3.1798345e-11,2.5806596e-11,2.7998395e-32,0.0,3.342693e-17,7.663222e-21
220000,165,329,0,2.315712e-13,1.1747542e-19,1.20432e-31,0.0,0.0,4.001104e-19
220000,275,295,0,6.5410324e-14,9.0262417e-13,0.0,0.0,5.7351465e-25,8.018716e-33
220000,118,83,0,3.146498e-12,2.181237e-11,1.1912144e-20,5.174427e-33,1.3555788e-18,7.402261e-12
220000,36,92,0,-1.3573437e-12,8.62899e-11,1.0678799e-12,6.909976e-17,3.451003e-14,3.018669e-10
220000,69,18,0,-7.1716775e-13,2.3755022e-11,1.0632285e-13,2.7458647e-18,2.2042206e-17,1.4314672e-12
220000,405,151,0,5.082286e-11,5.902038e-13,5.8162633e-12,4.960337e-15,7.0727026e-17,9.800601e-13
220000,75,32,0,-4.737942e-13,2.4959989e-12,2.9481667e-17,1.9707352e-23,4.627031e-25,1.3203799e-10
220000,441,282,0,3.3489483e-10,3.9642255e-11,1.0477579e-11,1.030567e-14,1.165073e-14,5.3050977e-11
220000,372,12,0,-6.605831e-13,8.409849e-11,4.146767e-16,1.0909328e-23,8.113528e-12,7.799089e-12
220000,343,119,0,8.71216e-11,2.2124122e-11,3.0600618e-18,7.688125e-27,3.0518357e-18,4.3614567e-14
220000,93,93,0,1.3668918e-12,2.74922e-11,6.5055356e-14,1.8720522e-18,9.0422e-18,2.6857106e-12
220000,292,79,0,2.4599379e-12,6.929232e-13,3.912244e-19,6.7399536e-28,3.4146384e-23,1.2252531e-12
220000,400,154,0,2.6758784e-10,1.0036254e-14,1.660099e-12,1.247143e-15,1.7690194e-17,4.2242603e-12
220000,232,233,0,3.7799492e-13,2.6549811e-11,5.18402e-30,0.0,7.3151175e-17,1.6193296e-14
220000,99,127,0,5.351317e-12,3.0503397e-12,5.6100647e-30,0.0,6.9282645e-20,4.1649524e-11
220000,178,262,0,2.5840432e-11,1.2957383e-14,0.0,0.0,2.5356314e-31,2.239927e-36
220000,23,236,0,-1.1553787e-13,1.0380657e-13,2.227737e-17,3.8434716e-25,5.8635795e-30,3.443271e-11
220000,174,189,0,1.6065568e-12,2.1300663e-17,0.0,0.0,3.825546e-39,1.4691643e-31
220000,329,230,0,1.4112442e-13,7.654717e-17,0.0,0.0,0.0,1.1271539e-19
220000,9,400,0,-2.363429e-13,2.5201754e-13,3.3594176e-12,8.1033535e-16,3.6440354e-18,2.6502049e-11
220000,322,233,0,2.722352e-12,1.4052878e-15,6.1e-43,0.0,4.058722e-33,3.1227977e-21
220000,317,475,0,-7.6252725e-13,1.139173e-11,4.839495e-14,5.206082e-20,4.139799e-19,6.1219385e-12
220000,39,475,0,-6.102503e-13,3.2311838e-12,2.6151528e-13,1.6048022e-17,2.5054432e-20,5.5987056e-13
220000,39,230,0,-1.1774048e-13,8.585529e-15,3.7274638e-15,1.679428e-22,5.811188e-28,5.329411e-13
220000,238,197,0,7.084288e-14,3.1239507e-14,0.0,0.0,7.419093e-31,1.9201165e-11
220000,273,32,0,-5.30969e-13,2.9545281e-12,4.8759595e-21,1.0980477e-31,1.4632017e-22,1.2687051e-11
220000,233,192,0,-1.8272818e-13,1.8380004e-11,0.0,0.0,3.9629967e-18,5.587157e-17
220000,247,143,0,3.2978224e-11,2.6617353e-18,0.0,0.0,0.0,3.5765257e-20
220000,345,219,0,5.9702404e-12,4.898066e-13,1.012e-42,0.0,3.2665255e-27,7.3208286e-22
220000,230,420,0,4.2509967e-12,1.8080633e-17,1.0774562e-12,2.0094201e-16,8.533459e-19,3.4314758e-12
220000,217,237,0,4.3724006e-13,8.3849754e-11,1.8744796e-11,5.7034415e-14,1.4086342e-10,2.231449e-21
220000,272,291,0,-3.7895715e-14,6.543833e-12,0.0,0.0,5.932954e-22,9.87036e-38
220000,470,43,0,-1.2493911e-12,1.3955507e-11,1.0593463e-11,6.816105e-15,3.999736e-17,4.2243503e-10
220000,272,311,0,1.4953627e-11,5.8560967e-18,0.0,0.0,0.0,1.6916252e-25
220000,351,401,0,3.365688e-11,4.647262e-12,2.942048e-17,3.7726955e-25,2.6940731e-20,2.567756e-10
220000,241,398,0,-6.9386066e-13,2.1646502e-11,1.0877407e-28,1.061e-42,3.5451737e-18,3.0361523e-13
220000,341,276,0,-6.086017e-14,6.195654e-15,7.6659464e-32,0.0,5.1254195e-38,5.8458233e-22
220000,473,308,0,-6.6399533e-13,1.8659653e-10,1.9066117e-13,7.731037e-18,7.340414e-11,3.656937e-14
220000,403,31,0,-2.7285494e-12,3.1799935e-10,3.2648724e-13,1.2549304e-17,2.6580426e-12,8.483481e-11
220000,321,11,0,-1.8083043e-13,2.579829e-14,1.2022173e-34,0.0,6.080247e-35,1.7972265e-14
220000,56,176,0,-6.4475996e-13,6.264658e-11,7.409147e-20,7.3416465e-30,3.3817955e-12,6.5481483e-12
220000,464,227,0,-2.3438803e-13,3.6757769e-13,3.0200678e-20,1.7822533e-31,1.936599e-27,2.537425e-14
220000,169,318,0,3.9238813e-13,2.1773513e-20,2.6305536e-25,3.80911e-40,0.0,4.063985e-24
220000,279,293,0,-1.1477509e-13,2.8278133e-12,0.0,0.0,5.346891e-24,5.419208e-32
220000,190,207,0,-6.84578e-14,1.75539e-12,9.7e-43,0.0,6.183569e-25,6.879e-42
220000,81,324,0,4.3644605e-11,8.07231e-11,2.1176689e-12,5.4991216e-16,1.9247267e-14,1.6712453e-14
220000,326,437,0,4.7545703e-11,5.838269e-14,2.153155e-17,8.0108036e-25,1.2224848e-23,1.3825965e-11
220000,36,91,0,-1.288748e-12,9.2282626e-11,2.1602243e-12,5.1388605e-16,1.1908106e-12,1.6075692e-10
220000,299,119,0,-4.341482e-13,1.6640099e-10,4.4164457e-32,0.0,1.4227365e-10,1.7560303e-14
220000,241,54,0,-9.129789e-13,1.1780657e-10,1.4178205e-21,1.7051482e-33,3.806709e-12,9.897575e-11
220000,384,345,0,-1.5103993e-13,1.0279741e-12,1.0531228e-29,0.0,6.660903e-24,2.0259948e-11
220000,95,52,0,1.0348222e-12,5.2214526e-12,7.753099e-14,4.756282e-19,3.7244774e-22,2.202176e-12
220000,374,157,0,1.8960632e-10,2.1706283e-14,1.096273e-28,0.0,4.7707217e-35,2.9826096e-12
220000,245,213,0,3.3861303e-11,4.1875425e-13,2.6246857e-25,1.0710724e-37,1.4304612e-28,8.883014e-19
220000,284,187,0,5.555732e-11,2.3651604e-15,0.0,0.0,4.4785184e-35,5.738962e-13
220000,150,351,0,-5.431406e-13,9.421408e-11,9.779406e-31,0.0,3.4385025e-13,1.4059068e-14
220000,201,121,0,3.085131e-11,3.377078e-14,6.5455875e-32,0.0,6.282738e-31,1.2302739e-11
220000,133,285,0,3.568751e-11,1.0658679e-15,5.37912e-28,1e-45,2.8699017e-33,4.9192887e-15
220000,302,241,0,1.8190949e-10,6.239085e-13,3e-45,0.0,3.9682925e-22,1.1108486e-13
220000,295,370,0,1.4681865e-10,1.80735e-11,3.6899144e-30,0.0,1.6718237e-17,3.8230117e-20
220000,110,341,0,7.613031e-11,1.3606131e-10,7.674735e-21,6.709841e-31,9.754205e-11,3.864234e-23
220000,418,114,0,-8.4210275e-13,9.060478e-11,3.0973356e-18,1.8471665e-27,3.062033e-12,3.801727e-10
220000,133,333,0,1.868433e-11,1.3502913e-15,1.8255002e-15,9.013792e-22,3.180881e-26,3.4125615e-18
220000,203,193,0,2.3553853e-13,3.8434317e-20,3.01e-43,0.0,0.0,5.372683e-34
220000,277,241,0,-1.2597013e-13,7.567341e-13,0.0,0.0,7.9148954e-26,3.47543e-27
220000,240,96,0,7.5611455e-11,4.3644274e-14,1.1761067e-32,0.0,6.251689e-33,8.883658e-20
220000,397,264,0,8.378603e-11,1.0085167e-10,1.6868381e-20,1.2876144e-30,3.8067084e-12,3.5295483e-14
220000,339,139,0,4.495937e-12,3.900555e-12,6.910025e-28,1.33e-43,1.3395682e-20,1.1347792e-23
220000,368,69,0,1.0022215e-12,3.2991127e-14,2.6451028e-14,1.8720312e-20,6.8730374e-25,1.498341e-11
220000,71,377,0,9.56871e-13,5.168582e-11,8.289384e-18,3.7118174e-25,1.8813323e-13,1.493719e-17
220000,338,493,0,-4.7767253e-13,5.3840205e-12,3.8858424e-17,2.2385533e-25,1.1587383e-21,6.0912967e-12
220000,265,465,0,2.6002144e-13,1.7456697e-13,2.7346715e-15,1.2009656e-22,4.161677e-28,3.9514637e-12
220000,238,482,0,-4.273058e-13,7.9452535e-11,1.1335663e-24,1.423878e-39,3.3217606e-09,9.124562e-13
220000,200,156,0,5.82547e-12,4.5441663e-17,1.3672091e-24,0.0,4e-45,1.4050235e-17
220000,389,363,0,-4.0488075e-13,1.0161216e-10,5.1390366e-23,1.6512751e-34,2.4588634e-12,5.0451303e-11
220000,472,273,0,-7.9071537e-13,1.182026e-11,6.1073e-19,1.8412584e-28,5.530575e-20,5.1438628e-11
220000,333,139,0,1.1355273e-11,2.0881252e-11,4.4304626e-26,4.215805e-39,1.6738402e-17,4.5241865e-20
220000,11,394,0,-5.1881673e-14,5.0714705e-16,9.8191275e-11,3.1102998e-12,6.0828713e-13,4.6138284e-12
220000,280,435,0,7.545354e-12,4.941428e-11,4.7348304e-25,3.3308217e-38,1.1552084e-15,3.109613e-13
220000,195,422,0,5.0917413e-12,5.25015e-12,3.0365252e-37,0.0,1.8143987e-21,2.36387e-11
220000,424,476,0,-2.2226084e-12,4.1245445e-11,3.1497804e-14,1.940069e-20,6.875989e-16,6.346676e-11
220000,352,59,0,3.309363e-12,2.255001e-11,4.695085e-13,9.762451e-18,8.939808e-19,4.681327e-13
220000,172,212,0,8.6280126e-13,4.946013e-13,0.0,0.0,1.5265998e-26,7.2598545e-31
220000,73,370,0,3.4768772e-12,3.0238266e-13,3.4227683e-11,1.4861953e-13,7.324712e-15,3.8081563e-13
220000,306,272,0,-4.3566268e-13,7.191207e-11,1.407807e-28,4e-45,1.9244495e-14,3.8021703e-14
220000,41,177,0,-3.4142348e-13,1.0391557e-12,1.4896558e-29,1e-44,8.357084e-25,2.8127026e-13
220000,481,272,0,-5.4179935e-13,3.0344442e-13,3.2984907e-15,1.9884812e-21,7.606807e-26,9.670335e-11
220000,170,451,0,-3.768329e-13,6.7621325e-12,5.2979545e-21,8.138245e-32,3.0222465e-21,8.0328896e-11
220000,469,23,0,-1.1845104e-12,5.7005543e-11,2.9935647e-20,9.368736e-30,1.0130696e-16,1.5288576e-11
220000,416,267,0,4.998554e-10,1.485181e-11,3.7185386e-35,0.0,5.6623263e-16,1.8173659e-11
220000,46,74,0,-9.678874e-13,2.3410286e-11,1.9277143e-12,1.827578e-16,2.7770205e-18,2.0684789e-10
220000,218,373,0,5.940815e-12,9.820185e-12,1.5092975e-13,1.552126e-17,1.2904931e-18,6.7846807e-32
220000,441,472,0,-6.75465e-13,1.8855372e-11,7.806202e-15,1.6182879e-20,1.6718238e-17,3.0811609e-09
220000,3,35,0,-1.2933775e-12,4.5202078e-11,8.651054e-15,1.3769754e-20,2.586272e-16,3.215912e-10
220000,31,197,0,-6.5936736e-13,4.8924883e-12,3.4148758e-15,6.6212015e-21,7.1104954e-21,4.3645997e-11
220000,477,63,0,-2.3194727e-12,4.7949694e-10,8.50048e-12,7.432669e-15,3.763453e-09,3.7191524e-11
220000,309,7,0,-1.1748263e-12,1.8674419e-10,5.239681e-29,0.0,7.657802e-12,8.505783e-12
220000,419,108,0,-1.7318766e-13,3.775348e-11,5.539672e-15,6.6788845e-21,3.7782212e-17,1.3228077e-10
220000,97,36,0,-1.3311758e-12,4.7861128e-11,1.9033935e-18,2.457682e-25,1.6985444e-15,3.0317073e-09
220000,131,209,0,2.9385838e-11,1.2609057e-13,0.0,0.0,1.5837736e-24,2.9887992e-09
220000,446,497,0,-1.4379347e-12,1.5046912e-10,9.441225e-13,5.77728e-17,1.4086089e-10,3.6588878e-11
220000,394,97,0,2.842217e-11,1.3415597e-11,5.8524546e-11,4.8055684e-13,2.8205608e-14,3.0783507e-09
220000,93,113,0,-1.3004103e-12,3.7920576e-11,1.1005256e-22,6.153506e-36,1.0061418e-16,3.0300693e-09
220000,226,68,0,2.1558e-14,6.0170996e-12,2.085304e-15,7.4466033e-23,4.090436e-21,8.713742e-14
220000,470,413,0,-4.299311e-13,6.8396296e-11,1.3080814e-18,7.0255126e-29,2.4548777e-12,5.301083e-14
220000,489,35,0,-1.2281864e-12,3.8428757e-11,5.2895427e-12,7.4112825e-15,2.5530764e-16,6.6102936e-11
220000,379,309,0,1.0896e-12,1.93907e-15,4.740833e-32,0.0,4.972505e-39,2.0770482e-19
220000,402,273,0,2.3253496e-10,6.124445e-12,5.838175e-27,3.0142e-41,3.5616504e-20,2.988789e-09
220000,2,454,0,-6.8474564e-14,2.8930204e-16,7.330015e-11,5.0460466e-13,2.859493e-14,3.5948775e-10
220000,131,420,0,5.297754e-11,4.104323e-11,3.929917e-12,1.5395383e-15,1.8606468e-14,2.9935134e-09
220000,495,474,0,-4.0660333e-13,3.05335e-11,9.870526e-14,2.6209358e-18,1.4362731e-16,2.9921972e-09
220000,33,225,0,-5.578997e-13,1.8239354e-11,3.8825924e-14,3.739142e-20,2.8372262e-17,1.9246368e-11
220000,491,446,0,-4.9532064e-13,3.5474516e-12,1.6230432e-10,4.3828595e-12,7.9089345e-13,3.848768e-11
220000,479,127,0,-1.3002471e-12,9.221701e-11,5.3032207e-17,1.0882079e-22,9.203013e-15,3.0045337e-09
220000,37,499,0,-1.1000251e-12,7.370999e-12,6.460449e-23,3.8598943e-36,1.2693884e-23,3.2902594e-09
220000,184,442,0,-1.0763917e-12,1.14788866e-10,2.5670248e-13,4.0501095e-17,3.4391695e-13,1.2787472e-14
220000,477,90,0,-6.364453e-13,7.441106e-11,7.2249464e-14,5.579245e-19,2.1539205e-13,6.252157e-13
220000,481,84,0,-1.0364501e-12,8.966367e-12,3.9136496e-11,1.9025218e-13,9.655105e-15,1.5956122e-12
220000,108,442,0,-3.644759e-13,1.0492259e-10,1.274735e-16,2.3609199e-24,1.1999529e-10,9.8588096e-14
220000,200,479,0,-5.815762e-14,2.5391786e-14,8.482316e-20,1.1723699e-29,4.889937e-24,2.988984e-09
220000,227,184,0,-5.444094e-14,7.4838436e-15,0.0,0.0,9.996918e-35,8.216447e-26
220000,438,92,0,2.1009308e-12,7.137787e-11,7.8434537e-25,4.452568e-39,1.9244495e-14,2.989721e-09
220000,370,200,0,4.2917486e-11,9.323087e-17,3.462259e-09,7.191878e-10,1.1532664e-09,1.6202482e-32
220000,263,35,0,-2.9982684e-13,1.9436065e-12,3.473934e-09,7.1920336e-10,1.1532666e-09,2.170032e-12
220000,437,24,0,-2.71839e-12,4.4093912e-10,1.8435325e-14,1.6089406e-20,6.075983e-11,1.5009317e-10
220000,448,13,0,-1.3703558e-12,1.1271135e-10,1.0300802e-13,3.1458082e-18,7.9740885e-13,1.2566169e-11
220000,459,122,0,4.5628813e-12,1.5431878e-11,1.5112866e-19,5.4057637e-30,2.8934936e-19,3.634925e-12
220000,12,397,0,-1.04852786e-13,4.4525634e-15,1.6637863e-12,1.5860794e-16,4.7088875e-19,2.4089801e-12
220000,342,215,0,2.594822e-11,7.1201304e-16,0.0,0.0,1.5811e-41,8.370041e-19
220000,92,110,0,-2.6067232e-12,9.857456e-10,6.0889286e-24,1.3733524e-38,4.0250163e-09,2.2684998e-11
220000,347,416,0,1.5613653e-11,2.863472e-13,6.2199804e-14,1.6967519e-19,2.0271067e-23,4.2377905e-14
220000,327,320,0,9.711472e-11,2.3203089e-16,1.5901128e-38,0.0,6.6516387e-37,2.9887863e-09
220000,256,425,0,3.6498326e-12,2.6322191e-14,1.14412755e-14,1.9387686e-21,2.1870406e-26,2.9918572e-09
220000,325,367,0,1.2972131e-11,3.3324461e-21,1.9905794e-17,3.0687934e-24,7.509643e-29,1.5340219e-16
220000,298,337,0,1.2066945e-14,3.1023604e-11,3.462259e-09,7.191878e-10,1.1532666e-09,6.2441467e-25
220000,459,418,0,-1.8334258e-12,3.1937028e-10,2.4805727e-10,5.5657687e-11,9.058391e-11,2.9894978e-09
220000,443,8,0,-1.1323881e-12,4.7544195e-12,1.8278229e-14,1.6091571e-20,2.5524488e-23,3.0239888e-12
220000,304,131,0,3.0571162e-13,2.3962816e-14,1.0778315e-15,9.882523e-22,8.972818e-26,3.0843594e-09
220000,93,250,0,2.119088e-13,2.7624992e-19,3.6174848e-17,1.2413449e-25,9.7265445e-32,2.8681544e-13
220000,342,408,0,2.3212476e-12,6.0274783e-13,1.6047278e-13,1.9282955e-18,7.723416e-22,1.2827189e-13
220000,97,484,0,-1.333053e-12,1.3188672e-10,3.217874e-13,5.3984458e-18,3.6751974e-14,2.999746e-09
220000,229,75,0,3.8223175e-12,1.4236325e-13,3.4622634e-09,7.191878e-10,1.1532664e-09,4.407423e-15
220000,1,53,0,-1.8423721e-13,1.2278831e-13,1.5542838e-12,2.6865103e-16,1.1096394e-18,6.204068e-11
220000,360,283,0,-2.7052706e-13,1.0469157e-12,2.4001054e-20,1.6538034e-30,1.2200693e-26,2.9887888e-09
220000,75,243,0,1.8584305e-12,1.8712207e-15,3.4850345e-09,7.192536e-10,1.1532677e-09,1.5802311e-10
220000,278,432,0,8.757295e-12,7.290453e-11,8.1574806e-22,8.061282e-35,8.385264e-14,3.4782125e-11
220000,91,486,0,-1.3019816e-12,1.7257591e-10,2.71397e-10,5.3750844e-11,4.3884323e-11,5.706732e-10
220000,48,45,0,-1.0134847e-12,1.18882e-10,3.3112952e-13,5.4002147e-18,2.4560245e-12,3.034419e-09
220000,87,412,0,4.443336e-10,8.64785e-11,2.4910074e-11,5.2572187e-14,6.759258e-12,2.9933296e-09
220000,405,87,0,4.642309e-10,4.4546016e-11,5.826456e-18,1.2803798e-27,1.6628379e-16,9.833825e-12
220000,35,152,0,-6.7578e-13,4.451816e-12,3.4435944e-12,1.2209618e-15,6.170771e-18,2.9964944e-09
220000,124,30,0,-3.78092e-13,2.652505e-11,1.3045322e-18,1.2563882e-26,7.3151175e-17,4.9675746e-11
220000,250,456,0,3.1429958e-13,1.2321262e-10,2.7033912e-17,1.3984813e-25,3.300306e-12,2.9889073e-09
220000,177,171,0,1.1235201e-14,1.1276984e-17,0.0,0.0,7.7657e-41,1.1596693e-18
220000,20,361,0,-6.573743e-13,4.70155e-12,7.362769e-11,8.8381337e-13,1.2984073e-13,2.3096462e-10
220000,439,396,0,-4.031135e-13,9.848529e-13,8.992502e-14,1.0536939e-17,4.078444e-20,2.07533e-13
220000,267,389,0,1.1665244e-13,1.8131485e-12,8.021034e-17,3.501773e-25,3.1180571e-24,1.2359094e-13
220000,265,459,0,4.271782e-12,1.2211565e-12,3.1798877e-13,3.1037233e-17,1.1375703e-19,3.0871685e-09
220000,330,1,0,-9.0434706e-14,5.0621116e-15,5.3025827e-22,7.4240506e-33,2.1964099e-30,3.2158626e-10
220000,158,69,0,7.261982e-12,1.4065132e-10,3.462259e-09,7.191878e-10,1.1536614e-09,4.8254376e-11
220000,486,436,0,-9.546316e-13,1.034425e-11,2.277541e-11,6.5734134e-14,1.3240778e-15,1.3472819e-11
220000,38,256,0,-1.9233793e-13,4.5746965e-11,3.462259e-09,7.191878e-10,1.1535431e-09,1.2702557e-10
220000,343,114,0,3.1843833e-10,1.7735811e-10,5.5718783e-22,4.350739e-34,2.521115e-12,2.9902765e-09
220000,255,491,0,-1.0488487e-12,1.0130284e-10,9.5064236e-20,4.2676447e-29,6.273303e-13,4.9326743e-15
220000,371,103,0,1.5281228e-12,2.0422647e-13,7.52634e-11,8.842173e-13,1.2984248e-13,2.9887863e-09
220000,27,492,0,-1.0846975e-12,2.7124933e-10,3.462259e-09,7.191878e-10,1.2387166e-09,6.481089e-14
220000,138,5,0,-5.385435e-13,1.3640239e-11,3.8657262e-15,6.5144193e-21,1.4556675e-18,2.9899323e-09
220000,169,82,0,6.189397e-10,1.3477665e-11,6.988661e-23,7.034356e-34,9.259889e-18,2.8068476e-12
220000,447,444,0,-6.3301187e-13,1.485932e-11,4.7215145e-13,1.9238898e-16,2.3461576e-18,3.0458451e-09
220000,128,458,0,-4.3037663e-13,3.7628e-12,5.978349e-16,1.7020805e-22,5.590689e-24,2.9907445e-09
220000,204,401,0,3.648887e-12,4.55006e-18,3.426496e-39,0.0,0.0,2.98879e-09
220000,68,71,0,-6.3068593e-13,4.5313545e-12,1.6583722e-24,7.2751913e-38,3.497465e-22,9.5126414e-11
220000,187,342,0,1.5148534e-10,1.426139e-15,0.0,0.0,2.0446336e-30,3.3990578e-29
220000,313,443,0,3.7432985e-13,6.862508e-14,1.0881596e-15,1.1073485e-21,1.0391582e-25,1.2905108e-10
220000,284,119,0,-3.094073e-13,7.5180175e-11,3.462259e-09,7.191878e-10,1.1551706e-09,1.5214199e-14
220000,477,192,0,-1.3596085e-12,5.7683833e-11,5.709581e-22,1.1046958e-35,1.05418385e-16,2.2303851e-11
220000,19,10,0,-7.4899765e-13,6.5774174e-12,1.4316181e-26,2.2365e-41,1.9290854e-20,2.9982936e-09
220000,19,492,0,-3.716544e-13,2.6365913e-13,1.7768656e-19,1.7124813e-26,2.4334905e-27,5.5771685e-12
220000,14,91,0,-8.052684e-13,2.639141e-11,1.9108209e-22,2.7770229e-36,1.2995726e-17,3.0513294e-09
220000,51,1,0,-1.49396e-12,9.1885166e-11,2.4675215e-17,3.4307233e-24,1.3654918e-14,3.037803e-10
220000,451,219,0,-4.326657e-13,2.7297543e-11,3.0632248e-16,1.940466e-24,9.242853e-17,3.9882348e-18
220000,497,151,0,-1.1955084e-12,1.4651075e-10,2.7958146e-24,3.5009094e-38,3.3022493e-12,3.000909e-09
220000,438,325,0,-2.6675146e-13,2.5830222e-11,2.5574144e-14,2.6377745e-19,3.3427044e-17,3.1181393e-09
220000,55,153,0,-8.2534587e-13,2.3646834e-10,1.0152355e-12,9.4176505e-17,6.496627e-11,1.2398618e-10
220000,286,59,0,1.0844313e-11,5.9008497e-12,2.1119223e-13,1.2493767e-17,2.4821369e-20,5.902452e-14
220000,360,239,0,-2.2999785e-14,4.4225065e-16,3.965313e-12,1.0967844e-15,5.096115e-18,1.6410028e-18
220000,147,96,0,6.1540195e-10,4.9022514e-16,8.407703e-15,5.3726e-21,1.9644584e-25,1.0951995e-12
220000,413,492,0,-7.604281e-13,2.815052e-12,1.4119524e-13,4.827629e-17,5.7414787e-19,2.9891056e-09
220000,264,77,0,2.056156e-12,1.348398e-12,3.7587092e-27,4.903e-42,4.1227256e-25,3.841142e-15
220000,12,167,0,-9.879601e-13,2.6909729e-12,1.0152355e-12,9.4176505e-17,1.5033165e-19,2.989988e-09
220000,474,71,0,-9.186775e-13,2.4815332e-11,7.72972e-13,1.04706176e-16,1.2072204e-18,2.9984395e-09
220000,39,135,0,-1.0060914e-12,4.238984e-12,7.358263e-19,4.9519162e-29,1.419276e-22,7.189966e-14
220000,45,35,0,-7.4086494e-13,3.9194852e-11,1.1671032e-12,1.1907843e-16,1.8260518e-15,4.3400433e-11
220000,402,431,0,1.1283623e-10,7.117071e-11,1.6729299e-28,2e-44,1.9244495e-14,1.4602348e-12
220000,337,51,0,-1.0315629e-12,9.8847854e-11,4.0508628e-20,3.2890797e-31,2.1724577e-12,2.9977338e-09
220000,25,427,0,-8.131958e-13,2.7194573e-11,1.0503093e-15,4.64429e-22,3.7969034e-18,2.996156e-09
220000,469,447,0,-6.412725e-13,2.0709337e-11,4.6599626e-25,2.3835e-41,6.867271e-20,3.866154e-15
220000,210,138,0,2.501685e-11,1.1514997e-14,3.462259e-09,7.191878e-10,1.1532664e-09,3.050288e-17
220000,391,343,0,-3.8135554e-13,1.0472539e-10,5.9993287e-38,0.0,1.1999529e-10,2.9917628e-09
220000,140,8,0,-3.400968e-13,2.281299e-12,1.452253e-13,1.4296548e-18,4.757953e-21,2.1646523e-11
220000,122,20,0,-2.5483497e-13,1.8743206e-13,6.662376e-18,1.7273305e-26,2.3947764e-29,2.9918783e-09
220000,93,462,0,-8.0109324e-13,8.168754e-12,4.1847592e-21,6.115765e-32,3.96619e-19,2.996442e-09
220000,349,21,0,-1.1036676e-12,4.4047647e-11,2.3633827e-24,5.672245e-39,3.445249e-16,2.9969944e-09
220000,42,365,0,-3.2614658e-13,8.962356e-12,6.01989e-29,0.0,2.234494e-19,8.0885564e-13
220000,390,482,0,-4.4415952e-13,1.0453954e-11,1.5581438e-22,7.593976e-33,4.0631704e-19,1.0741037e-10
220000,326,355,0,1.5070877e-11,2.645702e-16,1.01369236e-25,4.753503e-39,9.1878934e-35,5.9028565e-20
220000,320,381,0,1.8789018e-10,1.0598071e-15,4.253961e-28,1.6716e-41,7.22493e-36,3.0871485e-09
220000,382,115,0,9.881676e-11,9.863948e-13,1.6081425e-20,1.8211366e-30,3.0853925e-23,1.5316711e-12
220000,390,43,0,-1.9106073e-12,2.0620089e-10,2.5943514e-10,5.4774966e-11,4.41544e-11,1.0575646e-13
220000,117,39,0,-4.61264e-13,2.345799e-12,1.5697183e-12,8.2656704e-16,1.0471593e-17,6.7277104e-12
220000,60,367,0,1.2047606e-13,3.9427156e-15,4.1164716e-21,1.2968239e-30,2.74387e-31,2.9887908e-09
220000,350,341,0,2.425126e-12,6.0612466e-11,0.0,0.0,1.0066676e-13,2.988962e-09
220000,314,142,0,5.26186e-13,1.3538734e-10,2.232646e-20,5.8299017e-30,7.312595e-14,6.669789e-16
220000,493,73,0,-1.3794594e-12,5.1929346e-11,1.0133693e-15,4.6426037e-22,5.442841e-14,3.2670586e-09
220000,164,471,0,6.11375e-14,8.3206786e-17,2.7439865e-28,7e-45,1.147466e-37,1.6756707e-11
220000,460,459,0,-5.972564e-13,2.3620357e-11,4.98349e-13,5.951788e-17,8.705567e-19,3.1086145e-09
220000,396,201,0,7.766218e-12,2.9259544e-12,2.5407e-41,0.0,9.926616e-22,3.4857358e-15
220000,60,77,0,-8.1590935e-13,1.32137894e-11,3.462259e-09,7.191878e-10,1.1532664e-09,6.0486134e-12
220000,57,13,0,-1.1471597e-12,1.06645415e-10,7.258836e-18,9.812787e-25,9.080377e-14,4.0656235e-11
220000,311,131,0,6.027338e-12,1.3282901e-14,4.98349e-13,5.951788e-17,2.2489014e-19,6.4272963e-13
220000,448,239,0,-2.0887023e-12,3.2455322e-10,8.092589e-17,8.305426e-25,4.755003e-11,6.747815e-11
220000,144,38,0,-3.3301066e-13,5.597947e-11,2.2789258e-22,5.6873763e-35,1.4022029e-13,2.9888254e-09
220000,53,475,0,-1.5006525e-12,2.3826782e-10,2.9314727e-18,4.299307e-27,9.551293e-12,2.9909453e-09
220000,8,70,0,-6.9736854e-13,8.745999e-12,2.0758955e-09,6.3520134e-10,1.1141378e-09,2.3263765e-12
220000,454,423,0,-8.067031e-13,4.1375327e-11,2.0852964e-15,7.4466033e-23,1.4579951e-15,1.4233279e-13
220000,161,499,0,-5.5527967e-13,4.880174e-12,5.0902763e-14,1.6901361e-17,2.020157e-19,3.3117546e-09
220000,56,467,0,-7.0663863e-13,3.4032328e-12,9.408191e-11,2.202115e-12,3.9559347e-13,3.032133e-09
220000,32,467,0,-1.2264539e-12,8.619548e-11,1.8714896e-11,9.742547e-14,3.8804754e-14,1.8680153e-10
220000,390,381,0,-5.1917845e-13,5.696299e-12,7.8731924e-19,1.6399272e-27,2.51681e-21,1.6516202e-11
220000,348,2,0,-7.51349e-13,3.0822084e-11,3.3560824e-15,4.370974e-21,1.5035045e-16,6.028454e-13
220000,307,152,0,1.1348786e-12,4.8465128e-14,6.0523616e-30,1e-44,2.404944e-29,2.6274997e-17
220000,208,178,0,-5.5767277e-14,2.3302812e-14,0.0,0.0,2.0555873e-32,8.684634e-27
220000,210,212,0,1.4268041e-10,8.255126e-11,3.4622596e-09,7.191878e-10,1.1546792e-09,1.7236148e-38
220000,311,350,0,8.5765915e-11,8.1822575e-13,2.4106822e-30,0.0,6.85871e-27,2.9891687e-09
220000,76,56,0,-1.1097873e-12,3.971667e-11,2.4910237e-11,5.2572187e-14,1.048116e-15,2.9891414e-09
220000,498,168,0,-6.849945e-13,1.2228506e-12,7.2552927e-12,1.2460167e-14,2.334499e-16,2.9920775e-09
220000,289,447,0,-2.2643501e-13,9.010268e-11,3.988868e-13,5.2419362e-17,9.854577e-13,1.9132135e-10
220000,29,172,0,-3.315425e-13,1.037757e-12,6.71091e-18,1.7273379e-26,1.4342809e-25,1.1473719e-10
220000,364,60,0,5.1666215e-14,3.4899338e-13,3.468135e-09,7.1919676e-10,1.1532666e-09,2.2545389e-10
220000,365,120,0,1.5382395e-13,3.918905e-13,3.9660575e-27,1.8784e-41,2.125084e-26,2.992916e-09
220000,307,36,0,-6.070681e-13,8.281444e-12,1.5979453e-19,5.418227e-30,4.0162659e-19,1.369008e-17
220000,133,26,0,-5.462183e-13,6.01001e-11,1.619082e-23,2.0254857e-36,2.1871469e-15,9.5917684e-11
220000,411,162,0,6.077181e-12,4.1229234e-14,6.88775e-21,1.0469024e-31,4.5103083e-32,2.9961291e-09
220000,134,57,0,3.373428e-11,2.547456e-13,4.712681e-12,1.4580771e-15,6.975851e-18,3.7065806e-14
220000,286,74,0,2.2304183e-12,7.007361e-11,5.7624964e-16,2.265881e-22,2.9295122e-15,2.0426821e-14
220000,206,11,0,-1.6766346e-13,1.514986e-12,4.2178038e-19,1.6937929e-28,8.854548e-24,1.6205636e-11
220000,488,185,0,-1.6866039e-12,1.116352e-10,4.2304671e-16,3.155699e-23,7.974087e-13,1.01919424e-10
220000,462,118,0,-1.9937382e-13,3.6756032e-11,2.3595544e-22,1.0472286e-33,8.9951615e-18,6.7342317e-12
220000,31,89,0,-8.8895536e-13,1.33861125e-11,6.710171e-17,2.5014361e-24,5.3622945e-19,2.9961653e-09
220000,472,44,0,-1.1997773e-12,2.2017253e-11,2.8636934e-12,3.6936288e-16,7.125681e-18,3.1370286e-09
220000,83,97,0,-1.1982642e-11,2.283875e-09,8.118259e-17,1.33244e-24,4.1188084e-09,1.5738183e-10
220000,154,293,0,1.3944174e-11,2.0671615e-20,1.6743012e-26,3.7341e-40,0.0,1.2648024e-24
220000,163,145,0,2.1723975e-11,5.4747527e-14,5.8712764e-24,1.1710208e-35,6.2575895e-28,1.2303266e-11
220000,75,161,0,-1.6342396e-13,1.5345944e-13,2.3747966e-15,1.4537079e-19,4.7265587e-22,5.205835e-12
220000,91,419,0,8.220159e-11,1.4599092e-09,3.217874e-13,5.3984458e-18,4.071595e-09,1.3628798e-13
220000,7,78,0,-6.400634e-13,1.03277204e-11,9.738265e-12,5.6760995e-15,3.2474886e-17,1.6459493e-10
220000,284,100,0,-7.3048783e-13,1.6740527e-11,1.2625776e-26,5.162e-42,2.891302e-19,9.196515e-17
220000,222,356,0,3.524803e-11,3.723775e-15,7.68656e-35,0.0,2.5423337e-37,2.7322167e-34
220000,188,361,0,5.4418005e-11,2.293591e-14,0.0,0.0,5.688746e-36,3.8359116e-35
220000,436,135,0,8.7639264e-11,1.7432952e-13,5.462663e-12,2.852963e-15,1.6163827e-17,9.160215e-12
220000,149,333,0,7.450726e-12,9.956786e-19,1.8255002e-15,9.013792e-22,3.180881e-26,9.2130656e-15
220000,263,320,0,1.5063172e-10,3.1937854e-20,0.0,0.0,0.0,5.9556465e-33
220000,187,346,0,2.6758956e-10,3.3864881e-15,0.0,0.0,1.8796514e-28,2.312372e-29
220000,181,386,0,1.3310403e-10,5.2229347e-15,1.3317959e-36,0.0,2.7416597e-33,2.610282e-35
220000,122,88,0,1.4406213e-12,1.467828e-12,2.1501537e-20,4.4113226e-32,1.0609059e-24,1.4821738e-11
220000,9,368,0,-6.1598356e-13,6.903128e-12,5.5423666e-11,4.1196248e-13,2.3478732e-14,3.633179e-14
220000,440,462,0,-1.0196702e-12,9.050277e-11,2.5561452e-21,2.8346499e-33,2.1724545e-12,2.4907245e-11
220000,389,344,0,-3.2792757e-13,7.165483e-11,4.486798e-35,0.0,2.1724536e-12,2.7083254e-11
220000,404,346,0,-1.2944384e-12,6.292831e-11,1.47426e-40,0.0,1.7205638e-15,3.4905835e-11
220000,457,496,0,-5.303443e-13,5.885045e-11,3.2895117e-12,8.064674e-16,2.6632414e-15,2.9935172e-09
220000,437,281,0,6.1879124e-10,5.8987468e-12,3.4622603e-09,7.191878e-10,1.1532664e-09,7.2928046e-11
220000,372,15,0,-7.552215e-13,5.6161343e-11,3.4148762e-15,6.6212015e-21,3.387894e-15,3.0077405e-09
220000,185,377,0,1.8031066e-10,3.209802e-17,1e-45,0.0,1.0938382e-35,7.256848e-39
220000,167,401,0,6.191189e-10,2.9343271e-15,2.8048073e-20,4.8093638e-32,1.2914349e-36,6.9526003e-23
220000,83,301,0,-7.0069886e-14,3.822557e-12,2.4938316e-28,0.0,1.0343507e-22,2.574383e-13
220000,58,9,0,-9.254287e-13,7.826886e-11,1.9717707e-14,3.595425e-19,7.424375e-12,3.0009673e-09
220000,132,498,0,-5.7561906e-14,1.045814e-15,3.4625258e-09,7.1918826e-10,1.1532664e-09,5.041199e-11
220000,437,470,0,-6.1154353e-13,2.7003916e-12,1.2294718e-12,7.6955716e-17,1.06639633e-19,3.2301744e-09
220000,315,375,0,3.926687e-11,9.371679e-16,1.7024472e-21,3.5983239e-31,2.2523572e-37,2.9888887e-09
220000,492,430,0,-1.906055e-13,2.9058546e-14,2.5415761e-18,2.7016618e-28,3.7976265e-30,2.991407e-09
220000,360,142,0,8.881185e-12,3.7686559e-13,2.935729e-39,0.0,2.2515665e-25,2.988788e-09
220000,243,238,0,1.4331777e-12,1.066879e-10,5.1377e-41,0.0,1.2712226e-10,2.9887919e-09
220000,480,317,0,-3.951502e-13,4.764295e-11,4.4685714e-14,1.8679028e-19,2.4489284e-13,4.1032546e-14
220000,104,236,0,2.1890786e-12,1.9887451e-14,4.1387502e-18,2.7728147e-27,2.4072328e-31,1.5453756e-22
220000,438,253,0,-5.256176e-13,4.5866186e-11,4.0771397e-18,4.160139e-27,2.57116e-16,2.9975316e-09
220000,8,163,0,-5.0714532e-12,1.5051446e-09,9.3148064e-18,2.5521713e-27,4.071595e-09,2.5031845e-12
220000,56,341,0,-1.137661e-11,2.3089723e-09,1.7354682e-14,3.6320512e-20,4.1188097e-09,6.8267024e-12
220000,281,322,0,3.1915218e-13,3.3856967e-14,6.28569e-40,0.0,1.0864378e-34,7.1572423e-19
220000,190,195,0,5.7480486e-15,7.8369206e-19,0.0,0.0,0.0,7.1602065e-32
220000,253,267,0,-1.1155036e-11,2.274417e-09,0.0,0.0,4.1188084e-09,2.3527376e-31
220000,224,237,0,2.333413e-13,4.457412e-12,3.784784e-18,1.2875588e-25,5.0704365e-20,2.8247449e-18
220000,29,323,0,-4.3534057e-13,1.4538817e-11,7.531842e-14,2.1184071e-19,4.5194977e-18,1.0761341e-10
220000,27,123,0,-6.591772e-13,1.3453834e-11,2.5537426e-12,2.9578946e-16,5.610552e-19,2.4700778e-11
220000,142,82,0,3.7384977e-11,1.0494715e-13,1.05229245e-19,9.514746e-30,1.3909251e-29,3.788203e-11
220000,201,202,0,1.9934956e-12,1.2403066e-15,6.2803914e-35,0.0,2.6525e-41,4.03196e-40
220000,175,120,0,2.5910864e-12,3.4155834e-11,1.8765468e-28,0.0,4.5433916e-15,1.0761628e-15
220000,156,362,0,1.6264119e-11,6.3383886e-15,1.2945945e-34,0.0,1.1416483e-32,3.1144142e-20
220000,431,203,0,5.742477e-12,8.165903e-15,3.0600618e-18,7.688125e-27,5.62132e-33,8.044727e-13
220000,101,135,0,3.2843228e-11,1.9289153e-14,1.0603131e-25,3.4888e-41,6.0793297e-29,4.2108297e-16
220000,426,29,0,-1.5738307e-12,6.315116e-11,1.6459428e-16,5.6940864e-22,2.1537995e-13,2.13618e-10
220000,190,69,0,6.1571776e-13,3.2637253e-14,2.2343336e-11,1.3853514e-13,7.832056e-15,4.5549505e-11
220000,417,228,0,-6.14758e-13,8.93719e-12,2.1791922e-13,4.3089633e-18,7.299516e-19,8.809426e-13
220000,397,160,0,2.4862304e-10,3.8682386e-12,6.064171e-19,1.7554665e-28,4.6731293e-23,3.4427246e-11
220000,446,369,0,-1.1159471e-13,1.6002963e-14,2.4207995e-23,4.3629573e-36,5.5784995e-33,2.4730284e-11
220000,349,149,0,1.307111e-10,5.311385e-13,7.376166e-27,1.233218e-39,3.187463e-26,9.6580146e-23
220000,466,186,0,-6.457033e-13,1.1331461e-11,1.8961505e-19,6.684611e-29,4.6690133e-21,8.2736866e-11
220000,49,383,0,9.663698e-12,1.2214595e-10,5.487081e-21,6.6618073e-29,2.3808947e-12,4.8575734e-11
220000,498,22,0,-1.0983772e-12,1.04443315e-10,3.418841e-17,2.141611e-24,4.417146e-12,3.0126204e-09
220000,461,59,0,-2.0856372e-12,1.661213e-10,1.6341822e-13,6.6955866e-19,6.876257e-13,1.5441703e-10
220000,451,387,0,-1.0547075e-12,3.21782e-11,8.3568846e-17,3.6219144e-24,6.4002306e-17,3.2506896e-11
220000,242,410,0,-5.6000067e-13,1.2558926e-10,1.676646e-15,2.2721048e-21,1.05208744e-10,3.848359e-12
220000,23,308,0,-8.056792e-13,6.36217e-11,3.0795591e-25,9.696e-42,8.824527e-12,3.0086715e-09
220000,63,291,0,-1.4057218e-13,2.0344757e-12,2.6734497e-11,6.238393e-14,1.1571736e-15,4.033272e-12
220000,247,405,0,-7.1715447e-13,6.86349e-11,7.231137e-23,5.347149e-36,1.1943186e-13,1.2402356e-12
220000,180,381,0,1.2306872e-10,1.2535328e-14,1.392096e-37,0.0,9.136948e-33,7.742914e-39
220000,424,493,0,-1.6664671e-12,1.4294733e-10,7.6805446e-13,3.8092484e-17,4.7580026e-14,8.610237e-12
220000,302,34,0,-5.2268633e-13,1.4656186e-12,3.731197e-16,2.4568319e-23,7.2763943e-25,1.2191659e-12
220000,204,482,0,-8.9538227e-14,1.1598387e-14,3.344653e-19,2.5766373e-27,5.876916e-33,2.9892397e-09
220000,329,331,0,1.1367767e-10,3.126392e-20,0.0,0.0,0.0,2.9887863e-09
220000,445,197,0,-5.290147e-13,2.2175782e-11,1.5904209e-14,2.7339457e-20,6.654845e-17,1.0104708e-12
220000,355,280,0,-4.7006046e-13,1.1456293e-11,1.2379183e-19,2.0262887e-28,2.0395375e-19,2.9887903e-09
220000,353,450,0,3.115491e-12,1.4760998e-11,7.060776e-21,2.6949705e-33,6.399597e-20,5.84303e-14
220000,4,94,0,-6.74373e-13,2.784231e-11,3.462259e-09,7.191878e-10,1.1532665e-09,2.4304721e-11
220000,478,204,0,-9.477922e-13,3.9857905e-11,6.9022204e-18,8.522262e-27,8.8719666e-16,4.6332292e-11
220000,420,455,0,2.1360427e-13,4.5048427e-12,1.3093578e-13,3.4931734e-18,5.463985e-20,1.5101978e-12
220000,47,246,0,1.1024776e-13,5.013819e-15,6.160478e-19,5.0529804e-27,1.282841e-32,3.2814506e-13
220000,480,479,0,-9.949798e-13,7.024862e-11,2.1513887e-12,4.0838682e-16,5.053377e-15,1.1708935e-10
220000,81,199,0,4.8179436e-11,2.6767893e-11,1.6883279e-17,5.9973417e-25,9.241026e-17,2.9963292e-09
220000,197,146,0,1.5595192e-10,1.2160525e-16,3.462259e-09,7.191878e-10,1.1532664e-09,5.9312253e-22
220000,464,143,0,-1.2578686e-13,4.282152e-12,2.7800687e-17,4.5451414e-25,6.0474905e-22,3.1310746e-14
220000,486,111,0,-7.26381e-13,9.189769e-11,1.1684787e-13,7.274745e-18,1.402648e-13,3.124695e-09
220000,456,246,0,-3.9715082e-13,4.2680386e-12,2.3308009e-14,1.8289111e-19,7.175798e-21,3.3005356e-16
220000,487,443,0,-9.540455e-13,2.7043532e-11,1.1894422e-13,9.135292e-19,3.7401236e-17,4.776724e-13
220000,388,91,0,4.6038724e-12,2.5341568e-10,5.559292e-13,1.2830812e-17,5.5970575e-12,1.123199e-11
220000,179,463,0,-5.9720736e-14,1.1188944e-14,3.0283051e-13,1.0454232e-17,1.24997266e-20,4.1122665e-12
220000,326,74,0,2.7747464e-12,4.5432261e-13,2.1745567e-20,1.0750953e-32,3.0986383e-28,2.9887897e-09
220000,402,464,0,-7.189577e-13,1.321055e-11,1.7689098e-19,1.0135447e-28,1.8915501e-17,4.6374043e-11
220000,51,6,0,-1.2040716e-12,1.410067e-11,2.4550487e-13,1.0791896e-16,1.5175162e-18,3.0004281e-09
220000,481,180,0,-1.7527564e-12,9.83064e-11,1.0833131e-22,3.9141285e-34,9.107801e-16,2.7699494e-12
220000,188,108,0,5.4284404e-13,3.9514017e-11,9.0969196e-21,4.1567e-32,1.1499248e-14,2.9606205e-16
220000,27,375,0,-3.2575155e-13,7.1161875e-11,6.5354635e-15,8.731013e-21,6.7580815e-12,1.941057e-11
220000,80,55,0,-8.622403e-13,6.554021e-11,1.2291631e-13,1.8102651e-18,6.113472e-15,1.6333981e-11
220000,454,17,0,-1.8244017e-12,3.0209046e-10,9.7325136e-14,3.1449982e-18,3.8013246e-09,1.7974684e-10
220000,78,43,0,-5.635438e-13,3.873429e-11,3.4623633e-09,7.191878e-10,1.1532683e-09,4.3010044e-12
220000,33,475,0,-6.8833215e-13,1.4530288e-10,1.179443e-15,2.4155512e-22,5.094974e-12,2.9887954e-09
220000,425,362,0,-1.0657411e-13,8.13429e-15,1.6202699e-11,2.926183e-14,5.1123986e-16,3.567875e-11
220000,378,483,0,-1.3775563e-12,1.5598199e-10,5.60909e-19,6.319228e-26,4.637167e-13,1.7432478e-12
220000,334,42,0,-6.82991e-13,3.5484664e-11,9.947465e-16,4.8860293e-22,4.9924275e-16,7.6706246e-12
220000,89,334,0,5.0707183e-10,7.284958e-14,7.163715e-25,9.82379e-40,1.0808148e-27,9.900142e-16
220000,24,377,0,-3.9024095e-13,2.7070433e-11,1.1206838e-15,2.130048e-22,7.3151175e-17,2.9923068e-09
220000,433,359,0,-1.227081e-13,6.283201e-13,2.3896924e-17,2.353489e-26,1.0560461e-25,2.9888152e-09
220000,74,157,0,-1.487106e-13,2.7729431e-14,3.462259e-09,7.191878e-10,1.1532664e-09,1.3670681e-11
220000,475,347,0,-2.3948972e-13,5.6791556e-13,1.6327302e-15,4.889377e-23,1.1375604e-25,2.9887868e-09
220000,90,51,0,3.903179e-13,1.0842025e-13,3.462259e-09,7.191878e-10,1.1532664e-09,4.153258e-11
220000,497,2,0,-4.6454567e-13,9.9770175e-12,2.6089456e-27,4e-44,3.0376114e-19,2.0090896e-10
220000,279,355,0,2.8298669e-11,7.0789534e-16,3.2648675e-13,1.2549304e-17,1.544709e-20,1.691426e-23
220000,170,473,0,2.7470926e-15,7.5134076e-19,4.3173085e-25,8.905393e-39,1.703e-42,2.988952e-09
220000,252,32,0,-1.6808745e-13,2.3408331e-13,1.994316e-17,6.6576804e-26,3.1219135e-29,9.121298e-11
220000,448,363,0,-3.6364334e-14,2.7059127e-16,9.2256106e-26,2.6843e-41,8.0694e-41,2.1941409e-11
220000,97,346,0,2.9196014e-11,9.25139e-15,2.206041e-25,2.6167693e-38,2.0168173e-30,2.9888072e-09
220000,383,445,0,-6.769437e-13,7.1663106e-11,8.4632265e-18,7.676508e-26,2.6159688e-14,2.9888796e-09
220000,494,109,0,-1.1178206e-12,2.8175625e-11,1.2066283e-12,7.9282496e-17,4.5708407e-16,3.0193967e-09
220000,55,47,0,-5.5895495e-13,1.21935795e-11,3.631818e-09,7.247639e-10,1.1543323e-09,1.00047665e-10
220000,467,495,0,-7.834465e-13,1.463923e-11,2.5583232e-11,1.8670636e-13,1.1165455e-14,3.126805e-09
220000,214,55,0,-4.862125e-14,5.218886e-16,4.1353498e-13,2.3199008e-17,3.2004917e-20,3.0601293e-09
220000,65,288,0,9.423187e-14,1.5852403e-11,1.2476844e-12,3.8967491e-16,3.0673946e-18,3.010973e-09
220000,154,113,0,5.890004e-12,2.729134e-12,1.46697e-24,2.97942e-39,3.6204027e-23,1.2272641e-13
220000,214,265,0,4.3864825e-12,5.0264193e-13,5.3791e-40,0.0,1.136029e-25,2.5740017e-13
220000,352,137,0,3.0160332e-12,9.915294e-14,5.240677e-37,0.0,2.2779516e-27,2.8655197e-18
220000,424,465,0,-1.6574488e-12,2.124779e-10,1.8730954e-11,9.742548e-14,5.929414e-13,2.5901578e-11
220000,351,164,0,1.4133049e-10,2.276985e-09,7.352906e-11,8.8381304e-13,4.1189385e-09,4.1992362e-16
220000,468,258,0,-5.199537e-13,4.9837367e-11,3.1891432e-17,3.7373119e-25,3.9847872e-14,1.02151835e-13
220000,77,234,0,1.4942085e-13,3.5661606e-11,5.2475113e-19,3.091924e-29,1.4579939e-15,8.1651423e-13
220000,151,127,0,1.2539293e-13,3.2925206e-15,5.621852e-21,3.2940497e-31,3.9929603e-37,5.20491e-18
220000,82,330,0,1.3956669e-10,1.973591e-11,1.3317954e-15,1.1642698e-22,2.859738e-17,6.2330008e-15
220000,253,262,0,-2.9872922e-13,9.780464e-11,0.0,0.0,3.8067084e-12,2.8057622e-27
220000,118,89,0,1.7251336e-13,2.0346624e-11,2.4309957e-16,1.6659123e-24,1.3540269e-18,1.2645476e-12
220000,192,79,0,9.372447e-13,7.544839e-19,3.2340351e-15,1.4777042e-21,4.948309e-26,2.519518e-10
220000,99,197,0,6.146177e-11,1.7239202e-10,1.5665641e-27,6e-45,1.12697775e-10,1.5982506e-13
220000,90,100,0,-1.9977136e-12,9.887495e-11,2.1076195e-20,1.4472727e-30,7.119473e-14,4.0052675e-12
220000,86,162,0,-4.1052505e-14,3.979947e-15,2.7536534e-27,1.2816e-41,9.3955016e-38,3.9080552e-17
220000,408,377,0,-2.5651337e-13,2.4372967e-12,1.0793889e-31,0.0,1.7706524e-23,1.0454229e-12
220000,326,220,0,7.190932e-13,9.311715e-13,0.0,0.0,4.341295e-26,7.27799e-13
220000,206,225,0,1.0447259e-11,2.1982412e-16,1.100684e-24,2.8533928e-37,6.44276e-40,1.3578894e-36
220000,321,303,0,-1.2454864e-14,1.9638315e-11,3.3458615e-37,0.0,2.8597394e-17,1.0124694e-14
220000,174,171,0,7.706682e-15,3.4798506e-16,0.0,0.0,4.644178e-34,3.4469618e-20
220000,353,112,0,3.2690056e-11,1.8151315e-10,4.5275257e-28,4e-45,8.164351e-11,4.8525186e-12
220000,384,390,0,-4.738719e-13,6.8507665e-12,1.2190037e-13,1.305547e-18,5.1161015e-22,1.4329973e-10
220000,91,441,0,-1.3490228e-13,4.9711183e-11,7.989885e-17,5.4312565e-25,1.0094336e-15,2.1027628e-12
220000,31,451,0,-5.968793e-13,3.508354e-12,4.432255e-12,1.9142354e-15,1.0245007e-17,1.8882315e-13
220000,2,107,0,-1.0300903e-12,9.053735e-11,1.5176589e-19,1.0408443e-27,1.4024235e-13,2.4006957e-13
220000,56,453,0,2.897113e-13,8.856101e-11,4.122557e-14,2.9276127e-19,1.4022386e-13,1.5838596e-11
220000,20,23,0,-7.6153276e-13,4.6424583e-11,1.2264911e-13,1.8101872e-18,3.984734e-14,2.7510752e-11
220000,55,299,0,-3.827569e-13,5.9340245e-12,5.542362e-11,4.1196248e-13,2.3478764e-14,4.2201662e-11
220000,126,474,0,-2.8934027e-13,5.489793e-12,4.948126e-20,6.101109e-30,2.758343e-21,2.6969173e-11
220000,330,450,0,4.1977567e-11,1.7088572e-19,9.074626e-14,6.670665e-19,2.3546269e-22,1.9133081e-13
220000,5,148,0,-1.3345608e-12,2.9997567e-11,1.456637e-32,0.0,9.034202e-17,7.006056e-11
220000,89,169,0,4.730388e-13,8.4781866e-14,4.0160096e-27,3e-43,1.0299847e-28,3.482503e-14
220000,112,22,0,-1.0417621e-12,4.647744e-11,5.3060282e-14,4.5068765e-19,2.2564911e-15,1.9639824e-12
220000,447,182,0,-4.7249276e-13,3.943711e-11,1.6881975e-10,5.5760652e-12,1.0718552e-12,1.8809163e-10
220000,31,67,0,-7.123473e-13,2.9806924e-11,2.3464279e-18,1.3859895e-27,5.6502354e-16,6.113346e-11
220000,71,12,0,-7.4617775e-13,6.3628526e-11,6.631982e-11,1.0960365e-12,2.7631925e-13,3.3281307e-13
220000,416,3,0,-7.527299e-13,6.116843e-11,6.869022e-16,6.5292677e-22,1.0066676e-13,1.697003e-11
220000,116,21,0,-6.129207e-13,1.115924e-11,6.579149e-14,5.4693275e-19,1.6379377e-20,2.1931792e-13
220000,472,67,0,-1.2104899e-12,2.068499e-11,3.8327987e-15,1.89947e-20,9.02264e-17,8.1749905e-11
220000,444,315,0,-9.0927625e-14,1.6664435e-14,1.8188898e-14,1.2496149e-20,4.5825103e-25,2.2425902e-12
220000,44,108,0,-1.3202903e-12,7.5286374e-11,2.1959422e-15,7.227376e-22,2.1538072e-13,2.1634782e-12
220000,440,42,0,-1.2200848e-12,9.36883e-11,1.1307573e-12,2.3550117e-17,1.4814784e-14,2.9096068e-11
220000,467,66,0,-1.1869766e-12,3.499923e-11,1.593563e-14,2.7019162e-19,4.570223e-16,2.5376593e-11
220000,153,0,0,-5.1170076e-13,7.117019e-11,1.8313285e-12,3.0867297e-16,6.6119534e-14,1.7948813e-11
220000,497,136,0,-6.388713e-13,8.495002e-12,1.2751236e-22,1.9037862e-36,5.516818e-20,3.69266e-19
220000,403,469,0,-1.253861e-12,8.891892e-11,8.8744705e-20,2.8140265e-30,2.3187726e-13,2.8534223e-13
220000,362,478,0,-3.8847568e-13,1.2456985e-12,3.0611709e-12,3.0526259e-15,4.7146794e-17,9.4857034e-15
220000,35,187,0,-3.1776388e-13,8.0738315e-12,2.691761e-26,1.1014e-41,7.279105e-19,3.8223052e-13
220000,21,176,0,-4.87986e-13,4.144314e-12,8.0287293e-10,4.8006604e-10,1.0287617e-09,3.957655e-13
220000,260,447,0,1.2158732e-10,7.316018e-13,3.2984238e-15,1.9884812e-21,8.020213e-26,9.444431e-11
220000,54,11,0,-1.1364412e-12,1.3434735e-10,6.10976e-15,1.08000365e-19,2.1762407e-12,2.7744357e-10
220000,248,416,0,-3.0358924e-13,9.518407e-12,3.4628795e-09,7.191879e-10,1.1532664e-09,2.8974092e-11
220000,479,18,0,-5.113707e-13,1.7692897e-12,2.5153226e-16,2.1722287e-23,1.07021585e-26,6.516473e-12
220000,2,156,0,-1.042034e-12,3.0818844e-11,3.7707404e-28,0.0,2.4914463e-17,7.8099793e-13
220000,381,448,0,-1.0089554e-12,1.089273e-10,2.3921142e-20,7.8113857e-31,9.854949e-13,3.0116247e-13
220000,445,73,0,2.2388634e-11,1.1293993e-12,1.4740388e-11,6.3751515e-14,3.2197895e-15,5.34175e-13
220000,3,373,0,-6.768821e-13,8.027593e-11,1.6837072e-15,1.6480806e-22,6.115681e-12,4.5356814e-17
220000,384,471,0,-3.355719e-13,1.2137559e-12,7.345751e-18,8.826679e-25,8.649225e-23,1.808129e-10
220000,36,433,0,-9.535595e-13,4.5706952e-11,6.3636756e-12,2.4330098e-15,1.1511593e-14,1.0850361e-11
220000,36,416,0,7.7254815e-13,7.6633404e-12,1.1133796e-15,1.2538564e-21,3.7047684e-20,3.09846e-12
220000,280,48,0,-5.959443e-13,2.4852554e-11,7.7297115e-13,1.04706176e-16,1.6280405e-18,2.4195758e-13
220000,462,197,0,-5.9794135e-13,1.1090148e-11,1.34511915e-14,2.7071396e-21,8.031791e-19,7.1076196e-13
220000,29,26,0,-8.630891e-13,5.416594e-11,1.6381541e-14,1.12054e-19,1.1561102e-15,2.3643226e-11
220000,463,102,0,-8.2127084e-13,2.3688534e-10,6.1940015e-21,1.6302888e-30,5.6325788e-11,2.484497e-14
220000,475,438,0,-5.1076813e-13,8.492717e-12,7.031671e-15,5.6566807e-21,1.8608383e-21,7.758993e-12
220000,39,467,0,-2.4570931e-12,1.1128787e-10,2.7302197e-10,1.08219544e-11,2.5810493e-12,4.2467067e-12
220000,481,190,0,-1.293002e-12,5.3088044e-11,2.543696e-26,4.785e-42,3.7887945e-16,1.4268564e-10
220000,293,54,0,4.1783958e-11,7.797437e-11,2.936382e-14,1.01657234e-19,6.8912114e-14,9.007261e-17
220000,388,444,0,-5.3470526e-13,1.5093142e-10,6.537059e-15,3.646742e-20,4.6371663e-13,4.1246295e-11
220000,447,309,0,-1.10724127e-13,2.9056744e-14,1.14814456e-17,9.856925e-27,3.458083e-33,5.0726794e-11
220000,69,454,0,-1.354351e-13,2.2782852e-11,2.155475e-16,3.7223277e-24,8.904431e-19,5.8734597e-12
220000,32,404,0,-3.1224047e-13,5.4667503e-11,1.9830402e-14,1.24812055e-20,5.4170155e-16,4.9655774e-12
220000,228,454,0,-4.5614435e-13,1.6229976e-11,1.6791011e-11,2.3214024e-14,3.7503408e-16,2.039481e-13
220000,36,200,0,-7.4534015e-13,3.905884e-11,5.8041463e-15,8.1263336e-22,1.6446206e-16,5.49284e-11
220000,41,65,0,-5.8539046e-13,3.074398e-12,1.3251882e-16,2.023515e-24,4.1194616e-24,2.7051811e-12
220000,485,169,0,-1.7089466e-12,1.3475422e-10,1.5100326e-15,4.4609163e-22,1.9771855e-13,2.997706e-12
220000,11,205,0,-5.455269e-13,4.0641174e-11,3.2379124e-15,1.4777054e-21,7.189405e-14,4.106863e-12
220000,66,125,0,-8.633364e-13,4.0077486e-12,1.1746907e-23,1.2774008e-37,3.2905247e-21,3.3299925e-13
220000,499,158,0,-5.055095e-13,4.473737e-13,1.6136312e-18,7.357092e-29,2.1469518e-26,1.7102658e-16
220000,190,61,0,-1.1194446e-13,1.8106029e-11,1.1677961e-11,1.5503417e-14,2.5139813e-16,4.642868e-11
220000,475,430,0,-6.1516043e-13,3.978417e-11,6.0731034e-18,4.3363545e-28,1.8581266e-17,4.364195e-10
220000,69,473,0,-1.6288211e-12,6.344796e-11,2.2695849e-20,4.519177e-32,2.1538366e-13,3.165816e-12
220000,109,76,0,2.3864924e-11,1.8528021e-11,5.3132246e-17,1.0896939e-23,3.7398546e-17,1.3542764e-13
220000,495,294,0,-2.6011417e-13,5.0763424e-13,2.5670256e-13,4.0501095e-17,1.7078054e-19,9.651526e-15
220000,494,414,0,-1.0221376e-12,9.61509e-11,2.5367967e-18,4.3790692e-28,6.273303e-13,2.6913808e-11
220000,255,453,0,9.4107465e-12,2.0060976e-10,3.9110853e-15,5.9057384e-22,1.7394965e-10,6.180537e-12
220000,301,31,0,-6.126351e-13,1.6601673e-11,1.4615174e-13,7.255536e-18,2.7463575e-19,2.9887877e-09
220000,35,204,0,-1.2344098e-12,8.586185e-11,3.9325106e-12,1.5395422e-15,1.4200775e-14,1.5023717e-11
220000,27,456,0,-9.567531e-13,1.0139238e-10,2.0812915e-16,2.8248565e-24,1.6023342e-10,9.7168815e-11
220000,40,460,0,-9.034852e-13,2.0290474e-11,9.283836e-11,2.4997057e-12,4.622488e-13,1.1824386e-10
220000,73,359,0,4.183848e-11,1.2527758e-17,8.261163e-18,3.7117907e-25,3.0577047e-30,5.3303875e-11
220000,460,15,0,-1.5732066e-12,1.1547369e-10,1.063318e-11,3.7674257e-14,5.773131e-14,4.35711e-11
220000,48,412,0,1.1447704e-10,1.3896931e-10,2.6465859e-12,4.80681e-15,1.1269216e-10,1.7140528e-10
220000,485,447,0,-5.622634e-13,1.5026398e-10,3.3710743e-13,5.839025e-17,8.9688215e-11,2.99243e-12
220000,482,380,0,-1.9398898e-13,1.9333795e-12,1.00141354e-10,4.3367753e-12,9.469027e-13,5.7402212e-12
220000,192,20,0,-5.277162e-13,8.194101e-11,6.6597092e-12,5.1626116e-15,3.455416e-14,1.9835976e-10
220000,476,443,0,-3.9625925e-13,4.4866907e-13,1.630425e-16,2.9353541e-25,2.6968802e-28,3.719594e-13
220000,177,479,0,-8.555282e-14,1.5876282e-14,1.239184e-18,6.2025344e-28,1.2031148e-31,2.73353e-13
220000,490,479,0,-1.0141539e-12,6.848785e-11,1.6790432e-10,7.99551e-12,1.7813028e-12,5.1038197e-12
220000,137,471,0,-8.425131e-14,3.7280686e-15,1.859005e-27,2.4e-44,6.405944e-34,1.884554e-12
220000,332,45,0,-5.727421e-13,1.1245012e-12,3.1309077e-16,1.8818433e-23,1.1905735e-25,8.194826e-12
220000,495,323,0,-5.5109834e-13,3.725363e-12,5.3784037e-14,1.9337886e-18,2.5580488e-21,5.35942e-12
220000,221,493,0,-1.9142899e-13,8.5701357e-13,5.8777744e-14,1.365687e-18,1.4970919e-21,5.1643367e-11
220000,16,466,0,-1.3443744e-12,2.874937e-10,5.8447836e-16,1.7250578e-23,6.5021974e-11,8.8572205e-11
220000,70,2,0,-6.1327153e-13,1.8301647e-11,3.3348174e-10,3.2941738e-10,9.198383e-10,9.256933e-13
220000,403,22,0,-1.6826333e-12,7.306589e-11,3.4069417e-21,5.7427924e-32,2.1129476e-15,5.426376e-13
220000,11,419,0,-5.416433e-13,2.5965443e-12,8.040395e-12,3.8114666e-15,2.0482451e-17,5.384652e-11
220000,431,35,0,-2.9493905e-12,2.0078589e-10,4.4389175e-14,3.9579306e-20,3.58022e-13,4.09992e-12
220000,464,307,0,-1.8889977e-13,4.405423e-14,1.5216877e-16,3.6512593e-24,1.3134008e-28,3.0449117e-14
220000,421,471,0,-2.0744346e-12,2.2304808e-10,2.7141525e-10,5.3750844e-11,4.1411916e-11,6.822168e-11
220000,236,472,0,-4.559288e-13,2.076465e-11,7.074035e-21,2.0420279e-31,4.569667e-16,2.3010076e-10
220000,374,486,0,-7.97553e-13,1.7871914e-11,6.611254e-22,1.1722257e-34,1.7685327e-17,9.696707e-11
220000,9,476,0,-5.1074005e-13,2.1017736e-11,2.7067283e-12,2.874675e-16,5.841983e-17,3.8841003e-11
220000,480,186,0,-1.4330213e-12,8.263389e-11,9.785191e-25,2.9771763e-38,2.7509436e-12,2.4320795e-11
220000,487,37,0,-1.1294441e-12,7.79951e-12,4.2572852e-14,1.251193e-19,1.0578105e-20,6.4613544e-11
220000,414,49,0,-1.2188068e-12,1.0710408e-10,1.2994155e-13,3.4931056e-18,1.9042543e-12,4.2383203e-10
220000,471,287,0,-1.5396783e-12,1.1463417e-10,7.934858e-17,1.0541803e-24,1.4128181e-12,6.269662e-14
