mcsteps,xCOM,yCOM,zCOM,il8,il1,il6,il10,tnf,tgf
660000,170,80,0,2.052088e-09,2.548649e-11,1.0009162e-17,1.2833857e-27,6.433239e-19,1.1715719e-10
660000,217,214,0,2.0427469e-09,2.1333272e-12,2.2743028e-11,1.2368844e-13,1.5718797e-15,7.390671e-16
660000,289,163,0,2.048245e-09,3.1117127e-12,1.8576167e-16,5.662053e-24,3.3027347e-22,8.658869e-12
660000,413,269,0,2.5882485e-09,4.332523e-11,6.62439e-28,0.0,7.6518686e-14,1.7254942e-11
660000,414,200,0,2.1044007e-09,3.068452e-11,9.3134064e-14,2.0204732e-19,3.632021e-18,6.4308496e-14
660000,197,139,0,2.0693722e-09,1.1783168e-11,7.15101e-13,4.487844e-17,3.9909505e-19,1.2903609e-10
660000,378,208,0,2.0452637e-09,6.8418204e-13,5.92233e-16,1.2547885e-25,4.051322e-31,3.571001e-11
660000,155,198,0,2.6056137e-09,2.8511339e-11,1.5949749e-36,0.0,1.0339929e-15,2.930792e-13
660000,397,297,0,2.1244513e-09,8.8998246e-11,3.573035e-18,8.170047e-27,1.4747921e-10,1.7441713e-10
660000,409,184,0,2.106854e-09,4.227618e-11,1.7062548e-15,3.199983e-23,1.0168579e-13,2.4111168e-11
660000,336,94,0,2.1827278e-09,2.4530253e-11,7.397695e-14,1.0321338e-20,1.2899622e-13,4.6869578e-11
660000,438,279,0,2.0588904e-09,1.8556972e-11,5.8394914e-11,3.624123e-12,4.795927e-13,1.8016151e-10
660000,307,245,0,2.0420492e-09,2.2522803e-11,1.98715e-24,3.8e-44,2.5819525e-15,3.6441024e-11
660000,352,156,0,2.1088047e-09,2.20848e-11,8.4066803e-13,6.1919425e-17,7.832525e-15,4.1173445e-12
660000,175,364,0,2.2460465e-09,5.0524385e-13,1.3743148e-19,8.66112e-31,1.4458063e-30,1.2046702e-12
660000,312,359,0,2.0572295e-09,2.162401e-11,8.899552e-14,1.4955708e-20,1.4256239e-14,1.9175776e-11
660000,258,315,0,2.056989e-09,8.4076904e-14,7.919815e-31,0.0,6.08e-41,8.013125e-12
660000,390,112,0,2.0499273e-09,1.8206188e-11,5.8229285e-12,2.969247e-15,2.231966e-16,7.295908e-11
660000,84,355,0,2.195707e-09,1.4463311e-12,1.04061894e-13,3.062182e-20,8.586055e-26,3.6846845e-11
660000,138,255,0,2.0454773e-09,1.0130411e-12,1.8648248e-33,0.0,2.2228179e-26,1.1903346e-11
660000,113,137,0,2.0418367e-09,1.8619755e-11,5.011688e-12,2.5168879e-15,4.3368496e-11,2.3753036e-11
660000,141,300,0,2.1214472e-09,9.906341e-12,4.0490426e-20,1.8186965e-35,1.2208072e-19,1.1536501e-11
660000,434,65,0,2.1357347e-09,2.7172986e-11,5.2738303e-11,4.557137e-12,7.7483495e-13,1.2238605e-10
660000,167,372,0,2.2279385e-09,9.575015e-13,1.0879568e-22,3.7908e-41,8.282424e-25,5.1380955e-11
660000,214,283,0,2.0544317e-09,2.1735051e-13,3.4e-44,0.0,1.8569783e-36,5.698792e-11
660000,90,213,0,2.0733635e-09,2.5339604e-11,3.1189803e-23,3.607484e-38,9.131782e-19,6.0438234e-12
660000,327,125,0,2.0755095e-09,1.3504547e-11,4.96355e-13,2.4330999e-18,2.764488e-20,8.772605e-11
660000,270,364,0,2.0677222e-09,1.0115191e-11,1.1887874e-13,3.0311213e-20,1.0783564e-15,4.863425e-11
660000,210,112,0,2.0606492e-09,2.0183741e-14,2.787098e-19,7.237768e-33,1.84181e-40,1.5179533e-11
660000,412,292,0,2.1665199e-09,1.6037751e-11,1.2457539e-14,1.9416847e-22,1.6240432e-17,9.0920035e-11
660000,353,87,0,2.2176305e-09,3.4037673e-12,4.850809e-18,1.7845157e-29,8.031603e-26,6.145542e-11
660000,142,318,0,2.0970863e-09,1.7310072e-11,1.8032985e-16,1.3330131e-25,3.2965404e-19,6.33497e-11
660000,284,205,0,2.1007576e-09,2.3364397e-11,1.3651211e-27,0.0,8.659693e-15,1.2172351e-11
660000,294,191,0,2.105082e-09,3.1553298e-11,4.0803618e-34,0.0,1.1459663e-14,1.1234621e-11
660000,247,87,0,2.0880924e-09,7.7605335e-12,8.931721e-22,5.159545e-39,9.330475e-24,1.1660231e-10
660000,124,402,0,2.1590485e-09,9.1441524e-12,3.988879e-13,5.2419362e-17,4.1809707e-19,1.03750876e-10
660000,237,303,0,2.0610194e-09,2.1099114e-12,5.5133236e-26,8e-45,8.704228e-24,5.157361e-13
660000,406,90,0,2.0658792e-09,4.1759585e-11,2.0015702e-15,1.6421855e-24,2.0492267e-13,1.00819846e-10
660000,121,416,0,2.1392466e-09,1.7912963e-11,1.7421758e-12,6.080948e-17,9.654935e-21,9.817618e-11
660000,337,200,0,2.3234106e-09,1.689893e-11,1.0353532e-31,0.0,1.9779548e-11,2.4749076e-11
660000,96,73,0,2.044989e-09,4.32032e-11,1.8843595e-15,1.8344639e-24,2.9022127e-13,4.9700316e-10
660000,318,387,0,2.0508735e-09,1.4120888e-11,1.8665721e-18,1.2525725e-31,3.173797e-18,7.180734e-11
660000,175,139,0,2.0653075e-09,1.9249043e-11,2.1758836e-19,5.262964e-33,2.0026311e-12,2.0491665e-10
660000,150,197,0,2.7343319e-09,8.92173e-12,2.371032e-39,0.0,4.5745743e-22,3.9400458e-12
660000,80,421,0,2.228745e-09,3.5716735e-11,4.4212833e-15,4.2747513e-24,3.900062e-17,1.6466638e-10
660000,211,338,0,2.1492674e-09,4.4409323e-11,3.909704e-26,0.0,2.4253657e-14,1.2894208e-13
660000,137,383,0,2.1284876e-09,3.0666046e-11,3.611272e-11,2.8495807e-13,8.65895e-15,5.451413e-11
660000,84,410,0,2.2056446e-09,7.4846296e-11,2.183425e-12,9.029172e-17,2.6750455e-10,1.2007374e-10
660000,128,368,0,2.2914874e-09,2.7901624e-11,8.108998e-21,1.2353761e-35,2.5329914e-14,1.2176965e-11
660000,345,201,0,2.3241844e-09,1.5596117e-12,1.1119419e-24,1.67e-43,3.0015733e-25,1.10022024e-14
660000,187,277,0,2.0567468e-09,1.3140407e-12,0.0,0.0,1.325197e-27,5.436581e-15
660000,82,343,0,2.2754372e-09,3.782985e-11,1.183696e-11,2.4333664e-14,4.302601e-15,4.2677006e-10
660000,59,395,0,2.15725e-09,4.968269e-11,1.4574279e-19,3.3577876e-32,4.8937028e-15,5.1410293e-11
660000,339,428,0,2.1591782e-09,1.8348446e-11,6.8946277e-12,2.7532622e-15,3.2456166e-18,9.7134883e-11
660000,352,314,0,2.043966e-09,4.0560745e-12,3.6339367e-14,1.32053124e-20,2.1989233e-23,2.3239362e-11
660000,192,347,0,2.1573556e-09,3.727681e-11,1.3743148e-19,8.66112e-31,8.08048e-14,9.626857e-13
660000,90,331,0,2.1536806e-09,5.1238423e-12,3.5298847e-17,1.8242658e-28,5.224727e-25,1.04166537e-10
660000,210,354,0,2.261535e-09,7.294812e-12,9.764904e-27,0.0,3.265842e-22,2.6522898e-11
660000,254,221,0,2.043985e-09,1.837851e-11,1.1462833e-13,2.5314625e-20,8.105953e-15,6.858957e-13
660000,247,110,0,2.1003446e-09,1.6364904e-11,2.5250803e-23,1.307e-42,6.10985e-16,3.4861596e-11
660000,68,262,0,2.0581472e-09,8.3891165e-11,7.376733e-14,7.770685e-21,5.2058852e-15,8.934012e-11
660000,408,271,0,2.5985445e-09,3.1933723e-11,6.1131883e-25,4.97e-43,1.8239315e-11,1.9348106e-11
660000,354,360,0,2.0446889e-09,1.2952078e-11,7.798766e-18,1.12116996e-29,4.3489157e-16,4.3757626e-11
660000,55,408,0,2.1704916e-09,6.528562e-11,1.32136975e-11,1.9471905e-14,3.247616e-16,1.7907327e-11
660000,337,441,0,2.1588507e-09,3.8312645e-11,3.8133488e-14,2.6910112e-21,1.9162899e-16,1.0850383e-10
660000,249,131,0,2.0699857e-09,1.2321265e-11,1.503998e-12,1.05544805e-16,1.1364689e-18,1.1528963e-10
660000,122,291,0,2.1922846e-09,2.130709e-11,5.448494e-15,2.7704598e-22,2.1907299e-16,4.8097047e-12
660000,265,441,0,2.0415452e-09,5.1703142e-11,2.9846148e-14,2.5090052e-21,2.7634699e-14,8.291946e-11
660000,109,292,0,2.1717643e-09,3.2968784e-11,3.214793e-11,4.1063772e-13,8.076585e-14,2.6190957e-11
660000,227,94,0,2.093329e-09,5.476852e-12,7.980632e-17,2.870418e-26,3.1643315e-24,2.31974e-11
660000,340,168,0,2.1064392e-09,1.4213214e-12,8.582219e-17,4.145507e-27,5.3936364e-31,1.4787295e-12
660000,289,374,0,2.0775555e-09,1.8919056e-11,8.8860625e-17,2.1228011e-26,3.7711024e-18,7.5322006e-11
660000,193,311,0,2.0484867e-09,9.231955e-15,9.815646e-37,0.0,5.7e-44,8.471652e-14
660000,212,418,0,2.0421593e-09,3.958334e-12,2.1187106e-16,9.1089387e-26,5.127388e-22,3.0846367e-10
660000,202,365,0,2.2154911e-09,2.560383e-12,1.1998793e-23,3.559e-42,1.7417953e-26,8.128793e-12
660000,63,433,0,2.0832158e-09,7.466107e-11,5.489192e-11,3.1823364e-13,2.3169382e-14,1.01413655e-10
660000,119,338,0,2.0673656e-09,1.8835157e-11,2.2235868e-15,1.2393846e-24,7.4130914e-13,2.664649e-12
660000,90,192,0,2.0695932e-09,5.181273e-11,4.552397e-13,9.021394e-19,4.489942e-16,9.2998644e-11
660000,147,93,0,2.2524198e-09,1.1353505e-12,1.2997187e-12,9.710667e-17,3.9949363e-20,5.0905596e-11
660000,182,249,0,2.0481827e-09,1.281102e-11,4.1444096e-33,0.0,4.745489e-16,1.8972044e-17
660000,346,76,0,2.1928745e-09,3.0204145e-11,4.590804e-12,1.8173795e-15,1.00761996e-13,4.1612148e-11
660000,359,392,0,2.044267e-09,5.4487206e-11,7.151629e-12,8.838338e-15,2.8526907e-13,2.3235737e-10
660000,87,276,0,2.066788e-09,2.1162702e-11,6.8708484e-15,1.8773803e-22,2.4230555e-20,5.6361055e-11
660000,404,256,0,2.194019e-09,3.564661e-11,3.3938546e-17,2.3065422e-26,3.9939872e-13,2.2668785e-11
660000,135,222,0,2.1290574e-09,3.1801998e-12,1.6811427e-29,0.0,8.4090113e-26,1.7866101e-11
660000,380,155,0,2.1342321e-09,1.5080732e-11,4.1929277e-16,5.754316e-26,4.3489176e-16,2.3387122e-11
660000,444,131,0,2.0416107e-09,2.8372603e-11,2.5120388e-12,1.208492e-16,2.389782e-11,4.375141e-11
660000,165,402,0,2.0527673e-09,5.3336127e-11,3.4752017e-14,7.7699376e-22,2.1537947e-13,1.5385786e-11
660000,141,194,0,2.3588511e-09,1.3330739e-11,0.0,0.0,2.5656238e-13,4.0170343e-11
660000,341,110,0,2.1463777e-09,3.3193392e-11,4.4478114e-17,2.028143e-28,1.1854972e-12,6.5361785e-11
660000,119,223,0,2.1185915e-09,3.500307e-11,2.551885e-20,7.793502e-32,2.1717772e-15,9.250241e-11
660000,409,435,0,2.0412074e-09,6.7403416e-11,5.4434567e-16,3.5613328e-25,2.2296531e-11,1.8719115e-10
660000,126,66,0,2.0471498e-09,5.5178802e-11,8.2595885e-15,6.250828e-22,3.750754e-15,2.5052121e-10
660000,301,62,0,2.0413695e-09,5.615881e-11,8.171238e-12,5.645197e-15,2.4604804e-12,4.2527946e-11
660000,141,101,0,2.2431876e-09,2.7521428e-11,9.433328e-16,5.059046e-25,1.1140945e-14,1.37955975e-11
660000,426,77,0,2.1511946e-09,3.386925e-11,8.854382e-12,5.5593017e-15,6.7184306e-13,6.8659567e-10
660000,322,327,0,2.046109e-09,1.44075646e-11,2.193362e-24,1.29e-43,1.0472649e-16,1.789617e-11
660000,188,383,0,2.1033402e-09,1.0780157e-12,5.3034375e-27,3e-45,2.2398179e-29,3.044757e-11
660000,119,363,0,2.2548223e-09,2.3967581e-11,1.0202991e-20,6.756538e-35,1.2143574e-13,4.2909567e-13
660000,395,155,0,2.129812e-09,1.9011284e-11,3.7892293e-12,5.335172e-16,1.6077163e-15,5.587424e-11
660000,399,182,0,2.2227499e-10,5.994661e-11,4.389465e-14,1.8687275e-20,4.5413437e-11,1.5524312e-10
660000,357,252,0,-2.1800008e-13,2.3614059e-11,5.6748756e-16,7.372437e-26,7.832466e-15,5.3710127e-12
660000,21,121,0,-1.1434651e-12,4.1997208e-11,1.2745438e-12,7.4066275e-17,3.201583e-10,4.094784e-10
660000,68,432,0,5.5094057e-10,5.1736723e-11,2.4446543e-12,8.1302676e-17,8.4950107e-14,2.105516e-10
660000,430,364,0,-5.372538e-13,3.9170837e-11,1.5744404e-11,1.12528354e-13,1.7277624e-14,1.567746e-10
660000,492,7,0,-1.2256246e-12,3.9235587e-11,3.435066e-15,1.078597e-22,3.3030722e-12,1.08532246e-10
660000,148,134,0,1.0436036e-11,2.4625342e-11,8.4172973e-16,3.3730095e-24,1.6054832e-13,3.1516505e-11
660000,492,416,0,-8.625331e-13,6.700271e-11,1.0019636e-12,8.285592e-18,3.7429634e-14,2.6942115e-10
660000,85,132,0,5.196049e-12,4.673361e-11,7.587319e-15,2.6240768e-22,1.6247649e-13,9.584246e-11
660000,183,37,0,-3.8355793e-13,1.20911805e-11,2.5792193e-17,1.2214608e-27,8.847611e-21,5.728339e-11
660000,153,108,0,1.7450179e-10,2.734749e-11,6.880584e-16,2.157414e-25,1.2102462e-16,5.1754174e-11
660000,482,348,0,-1.0624446e-12,5.2563585e-11,3.3796837e-12,1.2885848e-15,3.1140712e-10,8.706126e-11
660000,468,483,0,-6.969623e-13,4.5691426e-11,6.157148e-11,2.1937252e-12,2.3240507e-11,3.4969302e-10
660000,423,307,0,5.4054823e-11,2.4903158e-11,2.9012743e-12,6.303983e-16,3.1991026e-18,5.8690226e-11
660000,405,188,0,5.086998e-10,3.88404e-11,5.190143e-15,1.1440101e-22,3.0078704e-12,1.7822344e-10
660000,390,31,0,-1.3029139e-12,4.9282682e-11,1.6128772e-11,1.075509e-13,6.430124e-15,5.320532e-10
660000,218,418,0,3.9823364e-10,5.476029e-13,4.9635665e-13,2.4330999e-18,7.607045e-23,4.2901755e-11
660000,261,18,0,-6.558242e-13,4.3897407e-11,8.794577e-15,3.2402074e-21,1.527366e-16,9.5667946e-11
660000,55,130,0,-1.1350077e-12,7.938393e-11,2.2216433e-17,1.1700527e-29,3.7195475e-13,1.7764225e-10
660000,13,148,0,-1.5320734e-12,7.403378e-11,3.032866e-18,1.8191871e-31,3.2576875e-12,3.6625125e-10
660000,440,473,0,-1.464599e-12,8.623624e-11,3.5662682e-12,2.0276664e-15,5.576499e-14,4.8895393e-10
660000,22,168,0,-1.0494984e-12,5.4470022e-11,1.0269926e-11,2.931329e-14,4.145152e-11,1.9175384e-10
660000,181,181,0,4.9746713e-12,1.9367685e-11,3.457e-42,0.0,6.1276396e-14,4.6459538e-11
660000,118,255,0,3.9789876e-11,8.146166e-16,4.741235e-23,1.11735e-39,0.0,4.5203865e-11
660000,336,301,0,3.4486736e-11,3.2191756e-11,3.193676e-16,7.113118e-25,6.61061e-14,1.02186315e-10
660000,25,476,0,-1.0088352e-12,1.9153484e-11,8.062808e-15,3.174745e-23,1.878281e-19,1.8615773e-10
660000,484,400,0,-8.9497523e-13,7.995008e-11,1.43617e-10,1.6824868e-11,2.8866525e-09,2.4006172e-10
660000,285,104,0,3.8324405e-13,8.811297e-11,4.616037e-18,1.7277006e-28,3.3046013e-10,1.5279635e-10
660000,35,459,0,-6.8698216e-13,7.261602e-11,4.353261e-12,3.1623726e-16,3.2016026e-10,2.4836924e-10
660000,91,368,0,1.0548568e-10,2.295287e-11,5.6750593e-15,1.4907734e-23,2.805568e-17,1.41618e-10
660000,194,83,0,1.8231337e-11,1.2854113e-13,1.5141537e-12,1.4181953e-16,1.1360187e-19,1.2569405e-10
660000,67,105,0,-1.0638404e-12,5.9084286e-11,1.7655105e-19,3.827812e-34,1.32537846e-14,5.259287e-11
660000,374,324,0,1.5923549e-11,1.8991315e-11,1.0074109e-27,0.0,3.3345258e-15,1.1038262e-10
660000,493,454,0,-4.609182e-13,5.9619074e-11,8.90414e-12,4.1926738e-15,1.2481711e-12,1.5065553e-10
660000,179,361,0,6.1978805e-10,4.9002907e-12,1.3788557e-17,1.0020349e-27,6.802781e-20,1.4405355e-12
660000,160,490,0,-6.177722e-13,4.828726e-11,6.8252834e-11,4.0306872e-12,2.1397767e-11,9.3845196e-11
660000,230,438,0,9.1900775e-12,1.315881e-11,2.194243e-11,1.9903002e-13,3.2053952e-15,1.6060309e-10
660000,473,373,0,-6.89595e-13,4.2376196e-11,7.135657e-12,1.7331497e-15,9.85166e-13,1.205429e-10
660000,322,295,0,3.4617647e-12,3.856522e-11,3.103221e-28,0.0,1.9050568e-12,1.652074e-10
660000,93,473,0,-9.119567e-13,5.306411e-11,1.582244e-15,3.7425995e-24,2.6185631e-12,1.9803079e-10
660000,286,211,0,4.0236536e-10,2.5752088e-11,5.134872e-27,0.0,2.1322945e-11,3.1131785e-11
660000,446,315,0,6.7043024e-13,4.5208306e-11,2.352337e-13,3.7346907e-19,3.475185e-13,3.809233e-10
660000,423,120,0,1.9155967e-11,3.677439e-11,4.944503e-16,2.0490842e-26,3.240571e-17,1.7859589e-10
660000,273,19,0,-7.715263e-13,6.889699e-11,5.0828817e-11,1.0683389e-11,6.1194556e-12,8.84379e-11
660000,480,282,0,-9.0306983e-13,8.775552e-11,3.314104e-11,1.6614176e-12,4.1646228e-11,3.7684686e-10
660000,455,0,0,-1.5970484e-12,9.991236e-11,4.3250776e-12,1.7703263e-15,2.4224789e-09,3.5984304e-09
660000,433,210,0,2.6130112e-11,1.9828363e-11,6.3320144e-16,7.325806e-26,1.9824154e-20,4.9165675e-11
660000,44,87,0,-1.3999591e-12,9.279655e-11,1.0025848e-10,4.6590735e-11,3.7003375e-10,1.506803e-10
660000,201,142,0,4.8762966e-10,6.5742307e-12,2.7518892e-12,1.4976043e-16,3.4046736e-19,4.2672393e-11
660000,92,334,0,7.62401e-10,3.7979225e-12,1.4279818e-19,2.1954724e-34,1.1888364e-25,1.006439e-11
660000,130,77,0,1.7823056e-10,4.756048e-11,4.3118568e-14,3.997324e-21,2.6062633e-10,1.1522078e-10
660000,154,85,0,2.7302152e-10,3.2674044e-11,3.4236283e-13,9.777355e-19,1.1964786e-16,2.5990243e-10
660000,353,7,0,-8.4711285e-13,4.667089e-11,3.0879526e-15,1.9734954e-23,5.9487964e-14,1.05968914e-10
660000,54,218,0,2.8456998e-13,8.1414465e-11,7.5207565e-13,2.5845424e-17,2.7484065e-10,6.100047e-11
660000,88,429,0,2.1078506e-10,5.6421385e-11,5.34043e-17,6.821064e-27,1.923991e-13,3.125137e-10
660000,331,57,0,1.931004e-11,4.3893143e-11,3.4841149e-13,5.514341e-19,1.3921767e-13,1.0201191e-10
660000,208,164,0,7.932377e-12,3.097445e-14,2.2208409e-24,4.02e-43,8.304369e-38,1.1417615e-11
660000,154,256,0,7.719637e-11,1.7435879e-11,3.0945838e-27,0.0,4.958718e-18,3.537627e-11
660000,182,54,0,5.393068e-12,2.4281537e-11,9.578121e-14,3.0470778e-20,3.92677e-15,5.8982236e-11
660000,136,121,0,4.062608e-11,1.5256112e-11,1.01595415e-19,5.4617513e-29,1.1059127e-18,1.01647246e-10
660000,172,10,0,-3.5638162e-13,1.747422e-11,1.01856106e-19,1.2003021e-34,1.452642e-15,5.223564e-10
660000,346,471,0,2.6199004e-12,4.3985326e-11,5.2522517e-16,2.6652755e-25,1.1283802e-13,5.141949e-11
660000,325,116,0,3.0075417e-10,1.4248423e-11,5.675146e-15,1.4907734e-23,9.931949e-19,3.7873222e-11
660000,151,55,0,1.0968133e-11,1.7829243e-11,7.10607e-11,1.7205582e-12,2.987325e-13,5.0279565e-11
660000,95,38,0,8.134228e-13,3.6082e-11,4.2648608e-13,2.0492164e-17,6.3850786e-13,3.7494446e-10
660000,215,296,0,1.4912334e-10,8.348515e-17,3.4030228e-38,0.0,0.0,9.327575e-13
660000,455,329,0,-3.4071148e-13,1.4321718e-11,7.361002e-15,2.3871602e-23,1.7138566e-13,9.9986304e-11
660000,145,8,0,-7.509809e-13,3.2167595e-11,1.00796324e-13,2.6231122e-20,1.3093298e-15,4.710046e-11
660000,459,291,0,1.4283046e-11,3.2310984e-11,1.4067504e-11,5.0771358e-14,3.2658695e-16,4.698401e-10
660000,456,78,0,1.4443506e-11,5.0352226e-11,3.3031334e-14,1.1185541e-21,4.110264e-11,2.7755465e-10
660000,276,435,0,1.294741e-10,4.547535e-11,7.0797985e-17,1.9022899e-28,7.5614646e-11,1.880182e-11
660000,493,27,0,-1.2989607e-12,6.247357e-11,1.6505721e-12,2.2112814e-17,5.278842e-16,2.2810252e-10
660000,174,430,0,4.58009e-12,5.188516e-11,7.563366e-13,5.009983e-17,4.5269184e-11,1.246689e-10
660000,461,186,0,-7.9948396e-13,2.6649058e-11,1.0199667e-10,1.7404814e-11,6.551978e-12,1.9890163e-10
660000,404,321,0,1.6420918e-11,1.0599822e-11,1.0623476e-11,1.1775641e-14,4.1309403e-17,7.989554e-11
660000,385,47,0,-1.0810839e-12,8.637385e-11,4.2925784e-12,6.93148e-16,1.799176e-14,1.4851433e-10
660000,216,35,0,-8.8528734e-13,5.6107372e-11,1.6018551e-11,1.07548905e-13,4.0847658e-13,1.0222299e-10
660000,85,129,0,4.277634e-12,3.9381956e-11,6.449606e-15,2.3753743e-23,1.8680077e-17,3.956593e-11
660000,376,184,0,2.647357e-11,1.927646e-11,2.5802175e-20,2.9971841e-34,4.4186667e-16,3.8030394e-13
660000,459,21,0,-1.4761356e-12,1.0120562e-10,6.887389e-13,2.854949e-18,7.6113265e-12,6.0904815e-10
660000,307,302,0,4.822372e-12,9.617119e-12,8.574209e-17,1.562697e-26,3.1270797e-20,2.8689196e-13
660000,11,462,0,-9.814804e-13,7.253133e-11,2.3904427e-11,8.932776e-14,9.852288e-12,3.968174e-10
660000,133,332,0,1.4971811e-10,2.6621656e-12,4.7570146e-13,1.2784864e-17,4.5142267e-21,7.822764e-11
660000,223,64,0,5.544659e-12,1.8464641e-11,3.308206e-13,9.123506e-18,1.9053904e-16,7.496237e-11
660000,4,370,0,-9.468382e-13,4.0851066e-11,1.3940568e-11,3.42184e-14,4.658825e-14,8.8091874e-11
660000,241,205,0,4.0958206e-11,3.3350673e-11,1.2585816e-23,4.818e-42,3.045999e-16,1.0202369e-11
660000,141,10,0,-6.8755077e-13,1.4041014e-11,1.1777372e-11,2.28211e-14,1.0205934e-16,7.2357856e-11
660000,473,383,0,-6.8137656e-13,2.2352212e-11,1.0569375e-10,2.0662782e-11,1.2470124e-11,2.5640018e-10
660000,446,200,0,2.4882368e-12,1.8291655e-11,3.1781407e-12,1.6499256e-15,7.575481e-18,2.9686118e-11
660000,460,123,0,4.976725e-11,2.9589536e-11,2.1560563e-14,1.2955979e-21,1.195167e-18,1.6393664e-10
660000,143,148,0,4.5085836e-12,3.6741124e-11,6.492962e-26,0.0,3.2249495e-11,2.7233682e-12
660000,318,190,0,5.0319922e-11,5.231493e-11,9.0538e-41,0.0,1.1078944e-11,8.877896e-12
660000,163,122,0,3.5534915e-11,3.7406094e-13,9.393075e-15,2.7166464e-22,1.849008e-28,7.8746135e-11
660000,317,405,0,5.24736e-11,2.5647992e-13,6.151124e-11,4.2351758e-11,8.822949e-11,5.5259866e-11
660000,95,481,0,-8.979719e-13,7.6842664e-11,3.8590654e-12,6.358259e-16,3.5342113e-10,2.4401198e-10
660000,257,58,0,3.1692969e-12,8.940749e-12,4.508776e-19,8.528942e-33,2.23718e-23,3.0188235e-10
660000,137,428,0,3.9017706e-11,4.801194e-11,3.807505e-12,1.2000207e-15,1.0516268e-17,1.459052e-10
660000,182,460,0,-3.5390056e-13,1.35408e-11,3.6266155e-12,1.4338564e-15,6.907518e-18,1.0734939e-10
660000,235,351,0,2.1666969e-11,1.8128976e-11,4.767977e-25,1.34062e-40,8.91504e-19,5.0289777e-12
660000,31,371,0,1.1695575e-13,3.373327e-11,9.153719e-14,1.6541061e-19,1.2494872e-18,2.2734134e-10
660000,196,182,0,8.441452e-13,1.3571005e-14,2.8100528e-36,0.0,2.6145e-41,4.31629e-11
660000,23,3,0,-2.8677993e-13,6.673984e-11,2.8750812e-23,8.513e-41,8.985359e-13,4.05881e-10
660000,279,24,0,-6.175291e-13,4.2196312e-11,1.9918982e-12,6.623711e-17,3.1685496e-10,1.1997164e-10
660000,334,397,0,5.64286e-11,4.1592195e-11,3.0017812e-13,1.4922424e-19,4.1274556e-15,3.676139e-11
660000,408,371,0,-5.092049e-13,1.5821927e-11,2.5541454e-20,5.1936727e-35,3.6856084e-17,1.1962074e-10
660000,467,47,0,-9.254319e-13,6.259125e-11,9.125846e-11,2.0446722e-11,1.4151093e-11,2.2549393e-10
660000,430,491,0,-1.7667034e-12,1.1264961e-10,4.012359e-12,4.619106e-16,2.3931154e-11,1.7256319e-10
660000,318,308,0,3.9234022e-11,2.2128724e-11,7.05533e-19,7.022417e-32,5.6199395e-15,1.1393699e-10
660000,339,381,0,5.4583855e-11,3.559365e-11,1.5854082e-21,2.3433121e-38,1.6914439e-17,2.1945237e-11
660000,209,55,0,-2.1039127e-13,3.4268333e-12,4.1051987e-13,6.912851e-19,6.919402e-24,1.2164697e-10
660000,418,54,0,5.2060974e-11,4.4861937e-11,5.445651e-13,2.8912496e-18,1.9265844e-11,1.4265548e-10
660000,212,305,0,7.262953e-11,4.784551e-20,8.894984e-33,0.0,0.0,6.8074127e-13
660000,474,388,0,-6.705776e-13,1.1236502e-11,1.28353855e-11,2.7537302e-14,1.3359404e-16,3.395959e-10
660000,356,393,0,6.8902634e-10,4.3901133e-11,5.3890652e-11,1.0587418e-11,9.0679565e-12,4.4398294e-11
660000,150,318,0,3.1584238e-10,1.8614096e-11,1.4733893e-13,4.868032e-20,6.718267e-13,1.6579313e-11
660000,210,391,0,3.439752e-11,2.1681689e-14,3.9520865e-12,7.55152e-16,7.0769613e-19,2.081214e-11
660000,191,377,0,4.71572e-10,1.5943542e-11,9.841982e-29,0.0,4.286684e-15,1.7055394e-12
660000,483,109,0,-8.06127e-13,2.6521193e-11,3.9230258e-11,8.1412335e-13,3.4649817e-14,2.6142483e-10
660000,281,126,0,3.5574692e-12,4.912809e-12,2.6036527e-13,5.6825524e-19,8.93182e-20,3.3255478e-11
660000,363,207,0,1.3424893e-10,4.390643e-12,5.5949863e-14,1.5219248e-20,2.776922e-22,6.570659e-11
660000,468,406,0,-9.0634634e-13,5.1151715e-11,5.3928947e-17,1.1949544e-28,1.07226714e-13,7.8645514e-11
660000,295,459,0,9.606666e-13,3.0498852e-12,3.5182378e-18,4.15996e-31,3.1663378e-27,1.4839797e-10
660000,87,235,0,2.6048825e-11,2.643806e-12,6.137414e-12,1.7126252e-15,1.7581951e-18,2.5489087e-11
660000,246,22,0,-6.2135957e-13,2.4945483e-11,9.224956e-13,8.395114e-18,7.432556e-18,2.4444613e-10
660000,279,454,0,3.976436e-11,2.1742906e-11,1.5280672e-13,2.2812165e-20,1.054989e-15,1.68692e-11
660000,460,84,0,3.120345e-12,2.7295822e-11,1.4390293e-12,3.71721e-17,7.4408916e-20,3.2041902e-09
660000,226,396,0,1.0535779e-11,1.0307723e-11,9.286965e-16,2.7948395e-24,4.876195e-18,3.0177743e-09
660000,64,487,0,-9.466833e-13,3.8799783e-11,2.0840797e-16,2.8189257e-26,1.0918692e-14,2.1544601e-10
660000,158,395,0,2.366149e-10,3.5019938e-12,1.901965e-13,8.7751216e-20,6.4338273e-25,1.8939361e-13
660000,63,120,0,-1.1988059e-12,9.675028e-11,3.7589697e-18,1.4912698e-29,1.773351e-11,1.7594524e-10
660000,445,79,0,9.102621e-11,2.5135654e-11,3.41222e-11,1.6266209e-12,2.496718e-13,1.2159139e-10
660000,65,231,0,6.353106e-12,3.275332e-12,7.3457164e-13,4.2179974e-18,1.3301683e-22,9.243881e-11
660000,101,41,0,2.872849e-12,5.37724e-11,4.1864056e-12,2.26854e-16,7.397019e-16,1.7833036e-10
660000,438,147,0,5.7875343e-11,5.0199442e-11,7.704117e-12,4.875461e-15,3.7375793e-12,6.8414374e-10
660000,115,240,0,7.1087684e-11,1.9437417e-11,1.5078967e-18,1.0539531e-30,1.3752697e-19,2.5010377e-11
660000,487,169,0,-1.4064091e-12,8.220411e-11,4.5178895e-11,6.4277495e-13,3.674973e-12,2.0836467e-10
660000,230,375,0,1.02576905e-11,2.7642988e-12,2.9112184e-15,5.128883e-23,4.6909198e-27,9.75528e-13
660000,367,473,0,-5.877994e-13,3.9179503e-11,8.843074e-12,9.483365e-15,3.968503e-15,1.38089e-10
660000,64,488,0,-9.18256e-13,3.4738e-11,1.1746776e-16,1.5967184e-26,1.9078321e-13,1.7479293e-10
660000,423,358,0,-4.8298816e-13,2.86836e-11,6.321588e-13,4.500834e-18,1.7744723e-15,3.4922273e-11
660000,26,0,0,-4.148737e-14,7.635306e-12,9.424485e-25,7e-45,8.2197646e-17,7.982194e-11
660000,88,64,0,1.4117234e-10,4.2831183e-11,9.200392e-14,1.2134583e-20,8.368064e-17,1.7580386e-10
660000,433,185,0,2.9660295e-11,2.3445672e-11,7.0724315e-11,1.962481e-11,1.0441709e-11,4.5804646e-10
660000,172,183,0,3.227999e-11,2.0877619e-11,0.0,0.0,2.355033e-15,1.0987382e-11
660000,168,38,0,-1.1235196e-13,1.4315421e-11,4.148237e-11,4.5173606e-13,1.4262066e-14,9.745338e-11
660000,247,348,0,9.108248e-12,2.7702157e-11,1.2185882e-15,9.059901e-24,1.6054913e-13,2.113681e-11
660000,75,94,0,3.440967e-12,6.111465e-11,9.599086e-13,6.5027604e-18,3.094674e-10,1.6029766e-10
660000,366,381,0,1.3326325e-10,2.8769846e-11,8.898948e-11,7.305418e-12,2.130301e-12,3.5487422e-11
660000,65,470,0,-4.7296227e-13,5.1193275e-11,9.144722e-13,3.1246115e-18,8.797213e-14,4.1977882e-10
660000,133,447,0,1.3526124e-12,4.9349864e-11,2.5373751e-13,2.815852e-19,7.658918e-16,3.3097072e-10
660000,444,265,0,8.53705e-11,6.111565e-11,4.190252e-11,1.936842e-12,4.642599e-13,7.796003e-11
660000,486,439,0,-6.6435643e-13,5.1541466e-11,2.1187042e-11,2.6703975e-13,2.1384528e-12,1.6543551e-10
660000,419,37,0,1.9127382e-12,3.3915835e-11,1.7886151e-13,4.7963367e-20,3.6276854e-15,2.0272001e-10
660000,123,187,0,4.9589676e-11,6.317592e-11,3.7783096e-37,0.0,1.1943188e-13,1.2241792e-10
660000,132,12,0,-5.5899485e-13,2.8578733e-11,2.3399258e-11,8.804249e-14,2.2097786e-12,1.9487723e-10
660000,134,68,0,2.782226e-10,2.727769e-11,1.4891406e-10,5.6143866e-12,8.2761814e-13,2.7736367e-11
660000,199,336,0,3.0222733e-10,1.0704762e-11,3.422151e-30,0.0,1.2738685e-21,2.3196823e-11
660000,109,365,0,2.50865e-10,2.2978808e-11,1.3431035e-28,0.0,1.828465e-16,1.2580116e-10
660000,160,385,0,1.7747649e-10,8.4833815e-12,6.5961315e-13,5.052375e-18,3.8828763e-21,2.0458102e-11
660000,391,292,0,3.2867747e-10,1.5215168e-11,3.9136507e-11,1.9025218e-13,9.67746e-15,5.4628507e-11
660000,212,171,0,1.3237608e-12,5.222558e-13,1.4826191e-32,0.0,7.4930566e-31,4.006142e-11
660000,483,89,0,-8.888969e-13,4.9212134e-11,1.36659555e-11,2.6407648e-14,3.1315497e-12,1.3700675e-10
660000,369,252,0,1.25306e-12,3.4491743e-12,5.674884e-16,7.372437e-26,1.4297859e-26,3.801349e-11
660000,388,80,0,3.4144305e-11,3.034371e-11,3.1347605e-12,4.1959987e-16,1.5447029e-18,7.4351275e-11
660000,338,34,0,-5.9861854e-13,4.633466e-11,3.1295532e-11,6.247808e-13,2.5620843e-09,6.3108574e-10
660000,458,225,0,-6.062594e-13,2.314976e-11,3.7692176e-11,1.1661107e-12,1.3586228e-13,8.597877e-12
660000,315,413,0,1.6901421e-11,1.1145298e-12,1.0460422e-12,2.939917e-17,3.7591215e-21,3.0925011e-09
660000,260,315,0,9.287288e-10,3.17763e-14,1.4644426e-32,0.0,1.5e-44,3.4413904e-12
660000,62,123,0,-1.1777202e-12,7.7264e-11,2.6291535e-18,8.3342625e-31,3.4318718e-11,5.300481e-10
660000,256,263,0,1.9199472e-13,2.5053744e-11,0.0,0.0,2.1714026e-13,4.023409e-12
660000,94,237,0,2.1610425e-11,1.2434332e-12,3.176643e-11,5.2701544e-13,2.1425073e-14,9.213583e-12
660000,141,246,0,2.3457944e-10,4.420926e-12,5.990211e-27,0.0,2.4913534e-23,3.5512882e-13
660000,486,447,0,-7.2379646e-13,3.416585e-11,3.8990696e-11,2.7748997e-13,3.932675e-11,1.7514061e-10
660000,256,413,0,4.081887e-12,3.8419656e-11,2.757662e-13,1.3355036e-19,4.988419e-15,1.1723678e-10
660000,358,413,0,4.3668947e-11,1.3700543e-11,3.4828971e-12,2.1643896e-15,6.808646e-17,3.2551958e-10
660000,357,403,0,1.6758674e-10,2.337588e-11,1.9710846e-14,5.8277464e-22,3.7717095e-18,1.8738569e-10
660000,315,125,0,1.475718e-10,9.092421e-13,3.1469671e-15,5.1221358e-24,4.4423784e-31,1.5656915e-11
660000,475,173,0,-1.3325311e-12,7.1579145e-11,1.7840463e-16,1.1863162e-23,2.0973516e-11,8.6117245e-11
660000,156,451,0,-6.76607e-13,6.3918947e-11,7.6291146e-17,2.7197988e-27,2.8004934e-10,2.3566597e-11
660000,45,388,0,9.670076e-11,5.3651136e-11,3.032564e-12,1.8161302e-16,7.9486027e-13,2.4894922e-10
660000,123,357,0,5.0490123e-10,1.5139615e-11,9.231539e-15,4.6623704e-22,4.2799783e-19,2.9944056e-09
660000,438,225,0,8.865381e-13,1.7806819e-11,1.6326324e-13,7.60198e-20,6.430144e-20,3.1791105e-09
660000,110,71,0,1.6033783e-10,2.2820962e-11,3.3773373e-11,1.6564919e-13,2.0999357e-15,3.2133056e-09
660000,94,174,0,4.5913877e-11,2.961866e-11,1.038757e-18,4.080894e-28,2.4109963e-14,3.1747853e-09
660000,77,96,0,3.2731968e-12,5.9540047e-11,5.70507e-13,3.1368362e-18,3.333883e-12,3.0520069e-09
660000,217,387,0,7.644484e-12,2.2785467e-09,9.412082e-11,2.4997552e-12,4.1192707e-09,7.409569e-11
660000,225,137,0,1.5354974e-11,2.2729951e-09,1.6262827e-17,2.2983208e-28,4.1188084e-09,1.2667616e-10
660000,299,12,0,-8.095933e-13,3.2784674e-11,5.7291313e-16,8.782068e-25,4.353328e-16,1.08021425e-10
660000,77,138,0,1.7302215e-13,6.153542e-11,5.2158192e-15,1.6270673e-23,3.2573844e-12,1.412778e-10
660000,90,278,0,6.4795186e-10,1.6565077e-11,3.6590674e-12,4.916069e-16,8.4647455e-19,3.9088368e-11
660000,275,122,0,1.1125935e-11,4.2820014e-12,1.9419789e-14,1.6910961e-21,3.6996998e-22,8.0547936e-11
660000,116,50,0,4.5114606e-11,3.703946e-11,7.182813e-11,3.2860195e-12,8.286435e-13,1.5999566e-10
660000,411,439,0,5.243858e-10,3.300463e-11,5.8876007e-14,3.166422e-19,1.1870067e-17,2.3835509e-10
660000,91,456,0,8.9973715e-13,3.1248282e-11,6.754546e-12,6.6422727e-15,3.8689927e-17,8.5817915e-11
660000,302,17,0,-8.6353125e-13,8.494121e-11,4.3596287e-13,6.30655e-18,1.6049343e-13,2.7247538e-10
660000,223,400,0,2.805962e-11,1.20524484e-11,1.6962426e-15,1.5605716e-24,4.2092285e-18,1.0322283e-10
660000,127,498,0,-4.1786198e-13,8.606303e-12,8.976018e-12,1.0666475e-14,1.10234807e-16,2.3186461e-10
660000,116,403,0,3.8928288e-10,1.023108e-11,8.273351e-18,6.286504e-29,1.6622718e-23,1.08075056e-10
660000,100,485,0,-8.1734115e-13,4.512895e-11,4.558246e-13,6.992591e-18,1.3684359e-16,5.32159e-10
660000,451,155,0,1.1384096e-11,6.93489e-11,2.7418844e-13,3.259014e-19,3.7152547e-12,8.655549e-11
660000,68,354,0,1.2463433e-10,2.2912956e-11,7.75289e-17,5.750665e-28,1.09613885e-16,3.4374321e-09
660000,490,189,0,-1.1750249e-12,6.888852e-11,1.3750283e-13,4.170225e-20,1.151111e-13,3.2773442e-09
660000,58,34,0,-8.810626e-13,3.5649764e-11,1.2521916e-12,9.4566444e-17,1.295587e-13,3.066702e-09
660000,456,451,0,-8.207218e-13,3.237242e-11,4.840188e-12,1.391984e-15,6.424055e-16,2.783449e-10
660000,394,32,0,-1.3149583e-12,5.3797244e-11,7.5054815e-12,8.263625e-15,3.857406e-17,3.2230518e-09
660000,492,477,0,-4.0752406e-13,4.338782e-11,2.2682831e-11,4.771934e-14,1.0116471e-12,3.1958145e-09
660000,479,477,0,-7.6804627e-13,6.132177e-11,4.452265e-11,8.1465753e-13,1.7964548e-12,3.785732e-09
660000,262,390,0,1.0333561e-11,3.001219e-11,1.9178344e-16,6.0350113e-27,1.9265544e-11,3.0076617e-09
660000,440,95,0,2.5144027e-11,3.5934075e-11,4.8730243e-14,1.8679897e-19,1.09550945e-13,3.1004572e-09
660000,219,483,0,-7.2332147e-13,3.819118e-11,7.7959576e-17,9.793856e-28,9.817639e-13,3.1422778e-09
660000,430,116,0,3.2124404e-11,4.9596126e-11,9.508213e-15,9.194265e-22,3.4117759e-12,3.1606397e-09
660000,220,117,0,1.9151666e-10,3.0948127e-14,5.008099e-12,1.6719181e-15,1.9469271e-18,3.0144847e-09
660000,419,206,0,3.038502e-10,3.0431355e-11,4.242062e-18,2.035028e-30,3.921052e-12,2.9954166e-09
660000,222,432,0,5.697118e-11,4.5543066e-12,1.9918537e-12,6.623711e-17,7.812774e-21,3.0027696e-09
660000,65,153,0,-5.941817e-13,1.4064667e-11,1.2237306e-14,2.0188966e-22,3.7579888e-20,1.4786006e-11
660000,33,482,0,-9.764239e-13,3.415441e-11,4.706133e-11,1.0747073e-11,6.6900444e-12,3.139671e-09
660000,382,239,0,1.0307882e-11,1.9986337e-12,2.407676e-20,1.4753385e-33,2.0978982e-25,3.0526746e-09
660000,429,328,0,6.3089054e-14,9.3207855e-12,6.0030377e-13,1.8873927e-18,8.040887e-21,3.0760718e-09
660000,23,2,0,-2.0731268e-13,4.9330606e-11,5.4992993e-24,3.216e-42,5.646283e-14,3.0649958e-09
660000,449,86,0,2.338713e-11,7.9031996e-11,9.33356e-11,1.8127966e-11,5.5018778e-11,3.1549223e-09
660000,412,115,0,3.3988312e-11,1.5155927e-11,3.9428213e-13,8.664891e-18,5.945119e-21,3.0660583e-09
660000,476,285,0,-4.8681073e-13,8.893373e-11,2.9911934e-11,7.247405e-13,3.0191993e-10,7.607884e-11
660000,112,472,0,-6.0804486e-13,5.05574e-11,1.6089997e-11,2.4163023e-14,5.3628404e-12,3.197553e-09
660000,421,70,0,3.6718928e-10,6.8278036e-11,1.370784e-15,8.230514e-25,2.5168255e-12,3.2057113e-09
660000,403,70,0,5.043519e-11,4.5703448e-11,2.276397e-15,3.7838993e-25,4.4926114e-16,3.3084606e-09
660000,56,259,0,1.3462563e-10,2.8767403e-11,6.6801606e-14,4.1681754e-20,3.3953045e-14,3.3365077e-09
660000,402,435,0,3.3308548e-10,1.2033252e-10,7.63473e-13,6.568037e-18,2.0309188e-12,3.2915413e-09
660000,182,77,0,1.3451483e-10,2.9496017e-12,5.5803533e-14,4.129485e-21,1.859371e-26,3.0870884e-09
660000,259,458,0,4.8663462e-11,3.4921187e-11,3.1271156e-11,5.7551327e-13,3.2819964e-12,3.1206013e-09
660000,218,199,0,8.4705847e-11,4.0045993e-14,5.2616587e-19,3.611434e-32,8.50068e-40,3.0155012e-09
660000,449,319,0,-4.2363787e-14,9.071125e-12,1.2850658e-14,1.4770338e-21,1.8927108e-23,3.1101028e-09
660000,160,309,0,6.336445e-11,2.0804558e-11,5.541424e-12,2.5446005e-15,2.5909079e-17,2.9887872e-09
660000,287,37,0,4.7524116e-12,7.533422e-11,7.8316477e-13,1.3646073e-18,1.031676e-11,3.0621394e-09
660000,69,423,0,3.8381337e-10,7.059224e-11,2.4713697e-12,2.4790068e-16,2.1487314e-09,3.943499e-09
660000,364,439,0,1.4929884e-11,6.1942035e-11,8.1087454e-12,1.3658168e-14,2.925242e-11,3.1546405e-09
660000,493,435,0,-5.711793e-13,1.572492e-11,4.6894888e-14,1.332584e-20,1.0874318e-17,3.2549943e-09
660000,460,58,0,7.2385973e-12,9.464739e-11,2.8965007e-11,5.963437e-14,1.721739e-11,3.5321885e-09
660000,252,385,0,7.0319644e-12,2.5772866e-11,2.3569126e-19,4.196207e-32,7.1016555e-15,3.0311471e-09
660000,36,134,0,-1.1809923e-12,6.195724e-11,5.6675617e-13,8.305442e-19,4.434391e-15,3.047147e-09
660000,285,12,0,-5.0996577e-13,2.9009323e-11,2.1678057e-11,5.494283e-14,7.974756e-15,3.0531597e-09
660000,397,366,0,-5.458614e-13,6.9821815e-11,1.5096254e-23,1.12498e-40,4.722603e-13,3.1283804e-09
660000,10,292,0,-1.0625747e-12,5.0186286e-11,1.3797969e-14,9.097231e-22,1.4464465e-12,7.972e-11
660000,432,376,0,-1.1595162e-11,2.3005555e-09,1.4454636e-13,7.254183e-18,4.1652037e-09,1.2453974e-10
660000,144,57,0,3.528157e-11,2.0514639e-11,2.941205e-12,8.573352e-17,2.719195e-17,8.7460386e-11
660000,19,435,0,-6.2666387e-13,2.6700371e-11,2.0055261e-11,1.04315496e-13,1.6214482e-15,2.1130149e-10
660000,185,271,0,4.0078244e-10,5.3480755e-13,0.0,0.0,7.925137e-33,7.6713716e-15
660000,163,153,0,4.646131e-11,9.755275e-13,1.095124e-22,4.4517433e-38,3.362287e-28,3.2861058e-11
660000,153,481,0,-4.7108986e-13,3.236319e-11,9.260981e-13,2.1651342e-17,1.3516197e-13,2.8946708e-11
660000,191,110,0,4.8207868e-11,1.7575566e-11,4.2151104e-15,1.0996351e-23,1.9779548e-11,7.13734e-11
660000,411,416,0,3.9512924e-11,3.3527972e-11,2.1870908e-11,2.273455e-13,3.031692e-10,4.939223e-10
660000,424,478,0,-1.5573028e-12,7.498003e-11,1.4041053e-11,1.7652856e-14,1.7840331e-13,3.5802358e-10
660000,392,16,0,-1.2421215e-12,4.5533136e-11,8.08088e-13,5.4334785e-18,4.5924373e-15,2.4703392e-10
660000,134,358,0,2.5051497e-10,5.3913336e-12,1.1801429e-17,5.3611817e-29,5.3891417e-25,1.5626217e-11
660000,345,49,0,7.8112e-12,5.5130487e-11,1.2679005e-12,1.3175284e-17,1.8263644e-13,1.7621081e-10
660000,379,48,0,-9.725013e-13,7.027252e-11,3.333058e-11,1.7855955e-13,4.346547e-15,7.182679e-11
660000,144,248,0,2.3689414e-10,6.559507e-12,3.992538e-26,0.0,4.300098e-22,1.9489168e-13
660000,332,491,0,-5.3767163e-13,2.6882975e-11,3.6354586e-13,3.6037897e-19,6.297862e-18,9.459797e-11
660000,435,20,0,-1.7769976e-12,1.3729276e-10,7.908775e-13,4.1989191e-16,3.2549614e-13,3.5803118e-09
660000,281,73,0,1.9876902e-11,4.728049e-11,7.360206e-14,7.770611e-21,3.1535088e-13,3.3302523e-09
660000,104,62,0,1.28903e-10,6.566518e-11,1.6598861e-11,1.3329432e-13,3.134962e-12,3.3621326e-09
660000,54,74,0,-7.733416e-13,5.956124e-11,8.720218e-13,8.852191e-18,8.923828e-13,3.1587368e-09
660000,115,232,0,2.318463e-10,3.9041336e-11,6.773618e-22,1.384717e-37,2.5329722e-14,3.0325178e-09
660000,492,364,0,-9.82298e-13,8.92958e-11,3.0100863e-11,2.020437e-13,2.3354603e-09,3.121074e-09
660000,86,489,0,-9.313618e-13,6.217021e-11,9.12013e-12,3.1842865e-15,1.6285869e-13,3.2559215e-09
660000,16,419,0,-4.8486286e-13,2.6622772e-11,5.2523368e-12,6.837383e-16,7.8561355e-18,3.7015235e-09
660000,22,192,0,-5.5453656e-13,1.7614857e-11,4.200957e-13,4.043875e-19,1.4813263e-19,3.1765308e-09
660000,466,485,0,-6.5065265e-13,4.268039e-11,7.15328e-11,4.2949228e-11,1.1058619e-10,3.38157e-09
660000,242,18,0,-6.8458157e-13,3.6689898e-11,4.933191e-14,9.157308e-20,2.6748903e-10,3.1932557e-09
660000,42,20,0,-1.1134058e-12,8.003315e-11,3.825791e-12,3.6622624e-16,2.8850736e-10,3.1991612e-09
660000,23,396,0,1.7733652e-12,9.9448984e-11,6.8116714e-11,1.9794357e-11,3.2700082e-11,3.0649598e-09
660000,3,285,0,-1.1000424e-12,6.0358364e-11,6.059669e-15,2.7747916e-22,6.3339324e-15,3.2567131e-09
660000,393,88,0,1.333141e-10,3.0860443e-11,2.1274005e-11,2.5693174e-13,5.489868e-15,3.053159e-09
660000,11,36,0,-1.0177278e-12,9.94179e-11,7.957487e-11,6.4124153e-12,3.0440866e-10,3.2101397e-09
660000,378,250,0,1.00451435e-11,1.4564511e-11,5.248824e-17,2.1840686e-28,9.9703355e-17,3.0184961e-09
660000,402,489,0,-1.2148888e-12,9.2607484e-11,1.4079447e-16,2.1798127e-26,2.80105e-10,3.1606737e-09
660000,366,330,0,2.870575e-11,4.5308216e-11,2.7847961e-30,0.0,1.812319e-14,1.123108e-11
660000,462,189,0,-7.5168165e-13,1.7467913e-11,4.0955208e-11,4.8173515e-13,1.5612228e-14,3.096678e-09
660000,205,422,0,2.7753733e-10,4.1731736e-13,1.6600476e-12,1.247143e-15,1.7690192e-17,3.064576e-09
660000,18,414,0,-1.2299443e-13,5.838843e-11,5.189139e-11,4.8707696e-12,3.136341e-11,3.4132985e-09
660000,249,35,0,-5.4225504e-13,2.9605138e-11,1.1103718e-13,2.1709223e-19,1.1880627e-15,3.1884186e-09
660000,64,461,0,5.454839e-12,8.617065e-11,4.90588e-11,4.715383e-12,3.056558e-10,3.2417606e-09
660000,380,147,0,3.4634237e-10,1.5127928e-11,1.4499587e-15,3.0624624e-24,4.3489165e-16,3.0386484e-09
660000,234,409,0,1.5859062e-11,9.744036e-12,1.3639488e-14,7.8283136e-23,1.0012151e-20,3.1188563e-09
660000,392,330,0,1.834407e-12,2.3141492e-11,2.0685015e-22,2.1766952e-37,3.336817e-17,1.6137596e-12
660000,454,203,0,-2.0647693e-13,2.624881e-11,2.628629e-14,1.7756296e-21,1.1838407e-12,3.0964076e-09
660000,32,489,0,-9.274276e-13,3.2550046e-11,1.1751667e-11,1.38303955e-14,7.7499776e-17,3.125898e-09
660000,63,308,0,1.6893492e-12,2.03429e-13,7.006456e-17,2.5802514e-27,4.836456e-35,3.1107608e-09
660000,82,473,0,-9.352739e-13,6.956926e-11,1.1448852e-11,1.5564136e-14,3.4434906e-11,3.2558038e-09
660000,468,411,0,-9.753208e-13,6.9619005e-11,1.5091827e-14,8.6630925e-23,2.606267e-10,3.1650202e-09
660000,265,452,0,1.6879213e-10,2.1530595e-11,8.186546e-12,1.3094337e-15,1.2495535e-18,3.0743397e-09
660000,499,105,0,-1.4412584e-12,1.616343e-10,6.33581e-11,1.6494809e-12,1.41701555e-11,3.5630592e-09
660000,499,30,0,-1.2998575e-12,3.8789257e-11,2.138191e-11,2.0489027e-14,3.3318186e-13,3.4177983e-09
660000,36,287,0,-2.776442e-13,2.4747563e-11,4.3248984e-11,5.070053e-12,1.0217253e-12,3.0718406e-09
660000,472,302,0,-3.8909904e-13,4.0528386e-11,2.4612237e-12,2.082079e-16,1.2747875e-16,3.1222216e-09
660000,414,325,0,3.9335735e-12,1.7319783e-11,3.0143553e-12,6.878417e-16,1.0693041e-18,2.4261464e-11
660000,468,191,0,-8.466543e-13,3.8629013e-11,3.78556e-14,4.106867e-21,6.8412355e-13,3.1578977e-09
660000,196,102,0,6.230265e-11,3.677747e-12,5.284664e-11,1.0624339e-11,5.826358e-12,9.26255e-11
660000,470,481,0,-7.38781e-13,4.9225353e-11,5.0778323e-11,5.203561e-12,1.7378427e-12,3.3618264e-09
660000,422,280,0,3.1491837e-10,1.5117003e-11,3.235207e-18,1.7021399e-28,3.968764e-19,3.2259575e-09
660000,432,2,0,-2.024501e-12,1.1740929e-10,2.1480777e-11,4.354632e-14,3.0947253e-10,3.1040988e-09
660000,246,98,0,3.502815e-10,1.253669e-11,7.651449e-20,1.7537988e-32,3.6611043e-18,3.0870735e-09
660000,260,349,0,5.1102515e-11,1.3885639e-11,1.9981166e-11,4.6694782e-14,4.1891415e-16,3.0058085e-09
660000,60,63,0,3.53837e-14,7.2164735e-12,2.0262019e-13,8.85424e-20,5.0401125e-23,3.8895245e-10
660000,30,180,0,-6.046403e-13,2.037914e-12,2.7794199e-14,1.3900784e-21,4.315582e-27,3.1981502e-09
660000,18,130,0,-1.3703102e-12,6.544155e-11,5.88294e-11,4.741221e-12,1.5488663e-12,3.5382872e-09
660000,21,446,0,-8.04268e-13,3.750728e-11,2.3155039e-11,1.9904179e-13,4.2170276e-15,3.2232983e-09
660000,63,151,0,-7.18902e-13,2.225501e-11,6.200812e-15,2.3951865e-23,2.6507048e-18,3.0009557e-09
660000,429,38,0,6.5796825e-12,6.968277e-11,1.6044929e-12,1.1548345e-16,3.3434729e-12,1.5058006e-10
660000,464,104,0,1.1873206e-12,3.5264104e-11,2.4981848e-15,3.199731e-24,3.526714e-11,3.134068e-09
660000,282,378,0,3.244021e-10,1.6094633e-11,3.0936835e-14,4.963775e-22,3.5725258e-16,3.0711544e-09
660000,396,494,0,-1.0755515e-12,8.032897e-11,2.514013e-12,1.8658877e-16,4.2109698e-11,3.0784058e-09
660000,466,72,0,1.4126095e-12,2.322483e-11,1.1655e-10,7.8079765e-12,1.1396619e-12,3.1265737e-09
660000,467,26,0,-1.4234455e-12,8.659046e-11,1.7963089e-13,1.2905455e-19,2.1488595e-09,3.1658665e-09
660000,97,361,0,1.4458033e-10,3.3324867e-11,4.176651e-22,1.231591e-39,5.1973063e-16,3.0117773e-09
660000,287,41,0,1.0929958e-11,7.776905e-11,5.135731e-12,1.8260728e-15,1.0343141e-11,3.010169e-09
660000,172,11,0,-3.5238628e-13,1.7725946e-11,1.5802263e-19,2.8182541e-34,1.3159487e-14,3.237566e-09
660000,60,18,0,-9.307941e-13,4.0170443e-11,3.6036623e-12,2.564308e-16,1.3411961e-16,3.3825518e-09
660000,6,428,0,-8.2402704e-13,3.2543905e-11,2.2649514e-11,2.3710585e-13,4.242524e-15,3.2083893e-09
660000,158,383,0,1.756016e-10,8.77626e-12,1.0838234e-12,1.0457169e-17,9.604791e-22,2.9988025e-09
660000,457,30,0,-1.215411e-12,6.024751e-11,4.588415e-12,8.212095e-16,2.536472e-12,3.322026e-09
660000,69,481,0,-1.0195072e-12,7.329013e-11,6.23969e-12,1.3840913e-15,2.5606224e-14,3.236141e-09
660000,171,0,0,-3.8893305e-13,2.9158845e-12,1.5456279e-16,6.358123e-26,1.3892303e-30,3.7676022e-09
660000,476,66,0,-1.3093548e-12,8.443982e-11,3.2617292e-12,2.9937908e-16,2.9942565e-10,3.4845085e-09
660000,235,432,0,1.1065914e-11,1.9644696e-11,1.1817034e-13,3.6143938e-20,2.5364513e-12,3.0418235e-09
660000,478,349,0,-1.4295943e-12,2.8581684e-10,6.9153033e-13,5.6586102e-18,4.7479055e-11,3.1067608e-09
660000,488,371,0,-8.4951935e-13,5.3118527e-11,8.2856687e-13,2.2943902e-17,9.176055e-13,3.2042742e-09
660000,424,52,0,7.769348e-11,3.897892e-11,3.394135e-11,9.502597e-13,6.032227e-14,3.5281265e-09
660000,313,139,0,3.7459775e-11,3.0506264e-11,1.4532839e-12,2.6034107e-17,1.1055464e-15,2.995938e-09
660000,429,370,0,-5.117926e-13,3.371532e-11,3.7931125e-12,5.829114e-16,1.2899646e-13,3.1384424e-09
660000,39,71,0,-1.0864122e-12,4.0307303e-11,2.175591e-13,1.4294564e-19,1.0664534e-13,3.1718101e-09
660000,385,273,0,4.6309047e-11,6.5096546e-11,4.558237e-11,4.8646157e-12,1.1002243e-12,3.0231933e-09
660000,286,65,0,8.000402e-11,2.974488e-11,6.765623e-11,9.1666126e-11,5.955723e-10,3.1607457e-09
660000,33,494,0,-9.216091e-13,4.015364e-11,2.494314e-12,8.749012e-17,1.633532e-16,3.2484444e-09
660000,35,371,0,1.1903869e-12,3.258458e-11,1.0997019e-14,1.0632937e-22,1.5351204e-13,1.418906e-10
660000,495,187,0,-1.2378063e-12,8.5949976e-11,8.010283e-12,2.0819999e-14,4.883777e-11,3.4451864e-09
660000,469,193,0,-8.309881e-13,4.3165034e-11,1.7193514e-13,2.1359033e-19,1.2347859e-13,3.1777034e-09
660000,207,12,0,-5.940373e-13,2.5250144e-11,5.1808807e-13,3.1832904e-17,3.3572048e-17,3.121904e-09
660000,433,338,0,-4.7013055e-13,4.919771e-11,8.45857e-11,1.9886969e-11,2.3990865e-10,3.1288288e-09
660000,32,97,0,-1.2423216e-12,5.1954534e-11,6.837241e-13,1.2064553e-17,1.746798e-14,3.1753793e-09
660000,26,250,0,-6.809716e-13,5.7357806e-11,9.509018e-12,2.7989539e-15,2.0303785e-11,3.1895822e-09
660000,493,79,0,-1.1403822e-12,7.2970394e-11,4.9048734e-11,1.982557e-12,5.5389592e-11,3.1552179e-09
660000,28,2,0,-2.0307914e-13,2.4124506e-11,4.400317e-22,1.450996e-39,9.779078e-19,3.5528493e-09
660000,455,0,0,-1.5970484e-12,9.991236e-11,4.3250776e-12,1.7703263e-15,2.4224789e-09,3.5984304e-09
660000,46,10,0,-8.8785793e-13,8.394464e-11,1.1774104e-11,2.2821099e-14,2.4418542e-11,3.3889873e-09
660000,23,257,0,-7.9652257e-13,9.566055e-11,3.4753568e-11,1.5184878e-12,4.01226e-12,3.1746592e-09
660000,433,300,0,4.7962655e-11,5.336748e-12,1.3775644e-13,3.5845797e-19,2.372714e-23,3.1145246e-09
660000,340,123,0,2.433859e-10,2.3530783e-11,2.8802976e-12,7.487608e-16,1.1787815e-17,3.0002307e-09
660000,364,110,0,4.3459118e-11,1.0203339e-11,1.838868e-13,1.9020086e-19,6.243911e-24,3.0491172e-09
660000,46,289,0,9.025289e-13,4.3998968e-11,2.4986352e-12,1.5972218e-16,1.544516e-13,6.125682e-11
660000,196,222,0,2.4789377e-11,1.5141118e-12,1.0139964e-20,2.9886625e-35,4.9082124e-26,1.977996e-12
660000,288,217,0,1.3949451e-10,2.485366e-11,2.0643757e-28,0.0,9.051341e-15,5.7093293e-12
660000,182,275,0,4.565637e-10,4.8875825e-12,0.0,0.0,1.1625963e-21,3.941236e-17
660000,380,379,0,1.4680614e-11,7.575671e-11,7.5124406e-13,2.1309197e-17,5.1382916e-13,4.5057364e-11
660000,466,418,0,-9.968208e-13,4.2552267e-11,3.7495623e-12,2.7728593e-15,3.0642877e-14,1.580991e-10
660000,392,198,0,1.0275106e-10,9.011646e-12,4.4183803e-24,6.77954e-40,1.8493878e-21,2.1969928e-12
660000,480,222,0,-6.0712546e-13,4.7315624e-11,4.4520937e-15,2.5134315e-22,2.242417e-15,1.2149787e-10
660000,329,155,0,8.217856e-11,1.0660739e-11,1.9945102e-26,0.0,1.5961255e-19,7.554889e-12
660000,326,251,0,3.441532e-11,1.751205e-13,8.068371e-17,1.4200192e-27,3.573893e-35,1.2836193e-14
660000,371,108,0,5.038397e-11,3.1816536e-11,3.0770135e-12,3.988349e-16,4.874258e-14,2.5624091e-11
660000,485,403,0,-9.387422e-13,7.121941e-11,1.1893928e-10,9.2646064e-12,2.0038964e-11,3.2379235e-10
660000,131,316,0,2.2982206e-10,2.134157e-11,1.2925099e-20,1.5365058e-36,1.4335911e-18,5.6014412e-11
660000,337,196,0,8.065822e-10,1.21830185e-11,2.687263e-34,0.0,3.0159347e-16,2.0433276e-10
660000,216,433,0,7.721155e-11,2.2426231e-11,4.9483275e-15,5.0488013e-23,1.170333e-17,3.289875e-11
660000,96,289,0,1.9717473e-10,2.7260784e-11,3.4265527e-13,7.0687334e-19,3.6278057e-11,5.366198e-11
660000,414,317,0,2.1907379e-11,1.6834424e-11,9.7879274e-11,1.8128905e-11,7.371597e-12,5.8095043e-11
660000,271,122,0,2.4710099e-11,1.8857802e-12,4.402995e-17,5.6027756e-27,6.7849294e-28,1.992077e-10
660000,195,91,0,2.0819731e-11,1.0412537e-12,1.0957895e-13,2.463468e-19,7.450975e-24,1.2473046e-10
660000,16,103,0,-9.616675e-13,4.418887e-11,1.9537054e-12,3.1737196e-17,6.048924e-16,2.503137e-10
660000,102,488,0,-7.78768e-13,3.0868728e-11,3.538511e-14,7.6776465e-21,7.832545e-15,3.8672812e-10
660000,148,14,0,-6.6700573e-13,4.905439e-11,7.787489e-12,5.2502003e-15,6.649648e-14,3.1849983e-09
660000,419,499,0,-1.585704e-12,7.079552e-11,3.6443306e-09,7.253919e-10,1.1560591e-09,1.7183986e-10
660000,48,424,0,1.137406e-10,9.077944e-11,1.4210858e-12,3.199877e-17,2.0294013e-11,3.2882443e-09
660000,439,459,0,-7.9067135e-13,8.463328e-11,4.2311444e-14,1.446019e-20,1.7218284e-11,3.2987987e-10
660000,420,119,0,1.4272497e-11,2.9868243e-11,1.2531011e-15,8.478187e-25,1.4344973e-15,2.1619988e-10
660000,68,33,0,-7.892967e-13,4.2388964e-11,2.4245167e-16,5.697896e-26,2.4358024e-11,3.1173253e-09
660000,463,454,0,-1.0153191e-12,5.122987e-11,4.7662195e-12,1.3919737e-15,1.4346148e-13,3.23492e-09
660000,52,56,0,-7.0694584e-13,2.198896e-11,5.7976332e-11,4.9658866e-12,9.48447e-13,3.186161e-09
660000,499,487,0,-2.2541197e-14,7.0708717e-12,4.8778264e-12,1.1239699e-14,4.5411143e-15,2.984326e-09
660000,74,28,0,-7.8124947e-13,4.5800506e-11,5.3313495e-13,5.09841e-18,8.6326866e-16,3.1376242e-09
660000,241,452,0,8.783559e-12,3.532186e-11,1.06577506e-14,1.6437519e-21,1.82396e-11,3.0923302e-09
660000,480,477,0,-7.5616466e-13,6.402252e-11,6.325416e-11,3.929368e-12,2.8896541e-11,3.841802e-09
660000,224,449,0,1.6529873e-12,3.784976e-11,1.5996426e-12,4.049506e-17,3.0911363e-14,2.392201e-10
660000,27,39,0,-1.0929794e-12,3.160528e-11,2.9866398e-11,7.750171e-13,4.0606726e-14,3.1245333e-09
660000,275,446,0,1.6326136e-10,2.8779396e-11,7.4004854e-13,6.5663835e-18,8.5203014e-13,1.7648197e-11
660000,342,28,0,-7.8300165e-13,3.619708e-11,1.6161307e-14,1.7584785e-22,2.7530894e-17,3.088132e-09
660000,78,120,0,-6.7568466e-13,7.116447e-11,4.452727e-11,4.9355684e-12,3.0403322e-11,3.0061644e-09
660000,467,52,0,-4.778836e-13,9.27786e-11,3.578193e-11,1.4858113e-13,4.0344977e-11,3.3237477e-09
660000,319,127,0,2.7704644e-10,8.0432536e-13,3.1228842e-16,2.1749738e-26,6.888845e-33,3.0060492e-09
660000,56,403,0,7.366399e-10,5.0156244e-11,2.4068485e-14,5.6327575e-20,1.8765676e-15,3.029378e-09
660000,59,145,0,-9.830723e-13,6.2612006e-11,9.390613e-14,6.117903e-20,2.5789362e-10,4.1752955e-11
660000,49,483,0,-1.1738025e-12,7.338355e-11,1.79339e-11,5.2604835e-14,2.396711e-11,3.3439478e-09
660000,25,325,0,-7.3848463e-13,1.385278e-11,1.3542509e-12,3.0932078e-17,9.758933e-18,6.629285e-11
660000,433,88,0,1.4576992e-10,1.4725162e-11,1.8381977e-16,2.006089e-26,4.7592295e-20,3.1434566e-09
660000,440,227,0,1.4977211e-13,3.118584e-11,1.2173728e-11,9.690269e-15,1.1815159e-15,1.9042538e-10
660000,358,33,0,-1.1904455e-12,4.8586867e-11,1.2364846e-13,1.4514719e-19,1.8088242e-13,3.1102532e-10
660000,47,70,0,-9.754932e-13,6.086212e-11,2.3243e-12,1.0490275e-16,2.4453868e-12,3.7537347e-09
660000,54,193,0,5.405065e-13,4.1494343e-11,1.6527961e-13,5.875824e-20,2.6517222e-12,3.1228806e-09
660000,486,152,0,-1.0719694e-12,5.749912e-11,1.2884536e-14,1.9775032e-20,2.1845938e-11,3.3037346e-09
660000,108,109,0,7.6769285e-12,3.668487e-11,1.4610197e-17,1.6502634e-28,6.9225975e-16,2.8538494e-10
660000,7,120,0,-1.1998548e-12,4.339563e-11,4.7881248e-11,4.629053e-13,1.3632564e-14,3.1803769e-09
660000,422,391,0,-6.3406675e-13,1.1683413e-11,5.541974e-19,1.5259255e-32,2.753787e-22,1.831063e-10
660000,483,198,0,-9.230585e-13,4.834268e-11,7.550486e-12,5.6313003e-15,4.2356733e-11,2.731527e-10
660000,491,481,0,-4.272169e-13,5.3992606e-11,4.552151e-11,5.004075e-12,9.864084e-13,2.3351113e-10
660000,96,62,0,1.7253755e-10,7.543566e-11,4.5140423e-11,2.1051919e-12,2.068581e-09,3.3026961e-09
660000,485,369,0,-8.0448273e-13,3.809558e-11,4.5080138e-12,1.0380604e-15,7.0435554e-15,5.5338617e-10
660000,138,425,0,4.8196516e-11,4.8340658e-11,1.0559518e-11,1.0824019e-14,7.990268e-16,6.726352e-11
660000,95,229,0,7.62333e-11,3.3064242e-11,1.2281586e-14,3.0411885e-22,1.0664554e-13,9.587392e-11
660000,418,281,0,3.968762e-10,1.32645474e-11,3.6159255e-21,2.948638e-34,3.7653897e-19,4.5298928e-10
660000,467,2,0,-1.4443335e-12,5.10852e-11,1.487642e-13,4.8680642e-20,3.649632e-12,3.1660166e-09
660000,457,461,0,-1.00978e-12,2.633017e-11,8.540375e-12,6.2838753e-15,2.8416175e-17,2.928105e-10
660000,90,354,0,5.2541343e-10,5.97732e-12,8.2062267e-16,1.1539748e-25,3.9035617e-22,3.7703063e-11
660000,400,497,0,-1.1055786e-12,7.8259725e-11,4.259833e-14,1.27087795e-20,4.1326833e-12,1.6154116e-10
660000,427,106,0,1.892511e-11,3.963084e-11,5.684362e-11,1.3469758e-12,2.0845323e-09,8.612326e-11
660000,382,463,0,-4.382607e-13,2.65206e-11,3.0975487e-14,4.175171e-21,9.1383126e-18,3.2099037e-09
660000,182,407,0,6.8461e-11,1.5306976e-11,4.195298e-21,2.4802536e-36,2.6601287e-16,7.351904e-11
660000,360,395,0,6.8769e-10,5.1248533e-11,2.1595063e-12,1.8609199e-16,1.9574574e-15,3.1678382e-09
660000,9,87,0,-9.272183e-13,3.963386e-11,1.1151013e-11,2.7793289e-14,2.081751e-11,3.1648204e-10
660000,131,478,0,-4.0710827e-13,7.0090466e-12,1.9835715e-13,2.5112578e-19,2.7416365e-22,2.9668157e-10
660000,429,165,0,9.000441e-12,3.832603e-11,4.985342e-11,1.07058615e-11,6.2586945e-12,1.1418526e-10
660000,432,195,0,5.4498912e-11,3.5241402e-12,4.7134517e-14,2.5744425e-21,4.7209923e-25,9.25457e-11
660000,22,497,0,-8.734443e-13,3.5126936e-11,7.3795977e-13,1.5933454e-18,3.2622107e-17,3.4517518e-09
660000,23,119,0,-1.1113021e-12,4.448228e-11,1.239966e-12,7.365321e-18,4.060273e-12,3.3177954e-09
660000,78,314,0,3.5036623e-11,2.482992e-11,8.8150465e-15,8.105666e-22,7.832476e-15,3.275391e-11
660000,41,135,0,-1.2084617e-12,3.7467286e-11,4.9823846e-15,6.673856e-24,1.677373e-17,3.0844316e-09
660000,32,430,0,5.015312e-12,5.3743114e-11,4.93552e-11,1.072386e-11,6.4844293e-12,3.234106e-09
660000,461,393,0,-7.4904e-13,2.846745e-11,1.17188455e-11,1.7348627e-14,7.0579596e-17,3.0501623e-09
660000,106,205,0,1.0522138e-10,2.2659956e-11,1.00681314e-20,9.5919645e-32,1.1462994e-13,3.1377712e-09
660000,4,493,0,-1.3119691e-12,7.4249364e-11,4.7072683e-11,8.3454305e-13,1.0644608e-12,1.6923275e-10
660000,404,2,0,-1.1037867e-12,1.2619931e-11,1.1478125e-11,6.4611262e-15,9.494736e-18,9.838688e-12
660000,31,64,0,-1.1050083e-12,3.8037268e-11,8.884772e-13,5.746503e-18,3.1329003e-10,1.7174522e-10
660000,174,0,0,-3.5724632e-13,2.6405065e-12,1.306514e-18,8.420562e-30,1.293586e-27,8.0053096e-11
660000,370,26,0,-1.3401782e-12,1.0210693e-10,1.2297596e-12,3.564275e-17,2.0557327e-13,3.2881218e-09
660000,40,491,0,-1.0295248e-12,4.125077e-11,4.9962963e-14,1.6929265e-21,2.886263e-12,3.082948e-09
660000,264,365,0,4.010666e-10,1.9679234e-11,4.3308682e-17,6.473255e-26,1.6074961e-15,1.3526318e-12
660000,454,136,0,1.6299144e-10,4.2388995e-11,4.307055e-11,5.0700525e-12,1.0884827e-12,6.680203e-11
660000,172,497,0,-8.1823686e-13,1.9972453e-11,1.4057047e-12,1.8766993e-17,2.3267042e-18,1.1666522e-10
660000,97,477,0,-8.704899e-13,5.197748e-11,2.2778293e-14,4.561941e-22,1.0771718e-13,2.358308e-10
660000,471,440,0,-7.929012e-13,3.307191e-11,3.4622694e-09,7.191878e-10,1.1532664e-09,7.544649e-11
660000,477,427,0,-7.8460274e-13,3.6909885e-11,6.836646e-11,9.689623e-12,4.094023e-12,2.1170089e-10
660000,455,297,0,1.2865906e-11,1.8570824e-11,7.7234085e-13,7.845886e-18,3.8765154e-14,3.0726661e-09
660000,42,50,0,-9.580126e-13,5.6696745e-11,2.0642028e-11,2.4716186e-13,2.506223e-09,3.1520508e-09
660000,295,430,0,1.9015193e-12,9.912495e-11,2.543594e-13,4.871306e-19,2.3702101e-13,1.895068e-10
660000,463,395,0,-7.4409576e-13,3.2540033e-11,6.331464e-13,2.8244109e-18,7.118461e-14,3.1104213e-09
660000,30,207,0,-6.5700884e-13,3.8238614e-11,4.4127597e-11,5.0040484e-12,9.892391e-13,6.64376e-10
660000,81,454,0,8.203186e-12,6.409669e-11,3.5098513e-09,7.2993495e-10,1.1599562e-09,2.888675e-10
660000,440,122,0,2.0484982e-10,5.5598763e-12,5.7868738e-11,4.216794e-12,6.4838537e-13,2.6300426e-10
660000,424,159,0,1.1224978e-11,7.272584e-11,5.4539194e-12,2.357477e-15,2.865483e-10,1.2396481e-10
660000,30,285,0,-5.271259e-13,3.1516872e-11,2.5077976e-13,4.2413e-19,1.5326101e-12,1.9107754e-10
660000,9,487,0,-1.1970367e-12,1.144434e-10,5.733383e-12,2.7512232e-15,3.1395406e-10,3.537653e-09
660000,71,459,0,7.0918566e-12,1.1289214e-10,4.3955917e-13,9.580875e-18,3.1802688e-10,2.2140488e-10
660000,28,187,0,-5.136062e-13,2.1524059e-12,2.4992454e-16,2.4568903e-26,1.1341655e-26,3.8881147e-09
660000,232,8,0,-7.647243e-13,4.236875e-11,1.2184103e-11,3.851381e-14,2.571771e-15,3.0622638e-09
660000,43,209,0,-6.099516e-13,3.1994307e-11,2.4451793e-11,9.222524e-14,8.155477e-13,5.308321e-10
660000,241,98,0,3.3689088e-10,2.068831e-11,1.0938819e-23,5.94645e-40,5.6690343e-14,8.327586e-11
660000,405,50,0,3.2266993e-12,2.700079e-11,7.86218e-16,1.0596315e-25,4.3498088e-16,3.1035556e-09
660000,432,20,0,-1.8154798e-12,1.490393e-10,3.4640273e-09,7.1918793e-10,1.3860822e-09,2.9383562e-10
660000,380,51,0,-7.521087e-13,6.487209e-11,1.6789607e-12,2.9707732e-17,4.8925577e-13,3.0974496e-09
