mcsteps,xCOM,yCOM,zCOM,il8,il1,il6,il10,tnf,tgf
210000,170,80,0,1.7962991e-09,4.4217308e-12,9.245313e-26,1.302632e-37,1.1844807e-22,4.115592e-11
210000,217,214,0,1.7964517e-09,2.1009563e-14,1.5569517e-13,1.4367262e-17,5.1138793e-20,1.0022129e-34
210000,289,163,0,1.7964825e-09,5.5329813e-13,0.0,0.0,8.640904e-27,9.446753e-24
210000,413,269,0,2.0409512e-09,4.5165013e-12,1.950458e-39,0.0,2.765142e-18,5.84165e-14
210000,414,200,0,1.8022074e-09,6.243475e-12,8.499245e-33,0.0,4.2230769e-22,1.9126197e-19
210000,197,139,0,1.7971205e-09,4.7200313e-13,0.0,0.0,4.0052623e-25,6.6001904e-22
210000,378,208,0,1.7965163e-09,7.554255e-19,0.0,0.0,0.0,2.3008252e-25
210000,155,198,0,2.0671806e-09,1.0097956e-11,0.0,0.0,5.356247e-19,5.501328e-20
210000,397,297,0,1.8049862e-09,2.9117728e-12,1.6014187e-28,1e-45,2.9177144e-23,1.0299264e-10
210000,409,184,0,1.8019071e-09,2.2848952e-11,2.3825044e-28,5.86e-43,6.654845e-17,9.960213e-15
210000,336,94,0,1.8067693e-09,3.3184712e-11,1.1513256e-21,4.376588e-31,3.607066e-16,1.1576791e-13
210000,438,279,0,1.7962528e-09,1.5271951e-12,1.7551014e-16,9.28837e-24,8.085623e-23,5.2489985e-11
210000,307,245,0,1.7960585e-09,2.5623006e-12,5.9284907e-37,0.0,3.4673828e-20,1.260527e-12
210000,352,156,0,1.8016962e-09,1.6246029e-11,2.4193898e-17,6.734408e-23,2.4669268e-18,2.0472079e-22
210000,175,364,0,1.8368976e-09,3.2824033e-22,0.0,0.0,0.0,6.797223e-29
210000,312,359,0,1.7966133e-09,4.8445335e-16,2.831119e-20,2.707936e-29,1.18781466e-35,3.1176848e-20
210000,258,315,0,1.7968061e-09,9.056591e-17,0.0,0.0,0.0,3.7155322e-38
210000,390,112,0,1.7962123e-09,9.342002e-13,1.6047261e-13,1.9282955e-18,1.2183192e-21,7.8464833e-19
210000,84,355,0,1.8270501e-09,1.5247166e-16,1.1754921e-17,3.4676097e-26,2.6252495e-32,1.9420678e-14
210000,138,255,0,1.796517e-09,7.0059473e-19,0.0,0.0,0.0,2.9744751e-22
210000,113,137,0,1.7961802e-09,9.7761736e-11,1.0932449e-37,0.0,3.8067084e-12,5.2023006e-16
210000,141,300,0,1.801487e-09,9.1341386e-17,6.2252706e-29,0.0,1.41789e-40,5.8374793e-14
210000,434,65,0,1.8099374e-09,3.7177652e-12,3.93334e-11,1.9025313e-13,9.655102e-15,1.7899238e-10
210000,167,372,0,1.8363863e-09,5.4423065e-17,7.890643e-32,0.0,5.901e-42,2.0961641e-30
210000,214,283,0,1.7965838e-09,1.5121044e-16,0.0,0.0,1e-45,2.345953e-27
210000,90,213,0,1.7976121e-09,2.0187516e-13,9.124111e-37,0.0,7.000189e-28,3.1245392e-14
210000,327,125,0,1.7975909e-09,1.959242e-12,1.5368915e-16,8.972043e-24,1.0595009e-24,5.744864e-23
210000,270,364,0,1.7972941e-09,6.8925096e-12,2.8446586e-18,5.8282396e-27,1.3008856e-18,1.2241998e-19
210000,210,112,0,1.7967707e-09,2.1798604e-21,4.985123e-29,4e-45,0.0,1.5961152e-18
210000,412,292,0,1.8063799e-09,4.397857e-12,7.8670925e-19,1.2803825e-28,7.1015485e-22,3.41295e-11
210000,353,87,0,1.8223006e-09,3.266625e-14,4.793954e-24,2.2157143e-37,8.7077054e-32,1.894971e-11
210000,142,318,0,1.8001107e-09,6.633827e-13,1.4648893e-21,3.148929e-32,7.421941e-25,3.5293532e-12
210000,284,205,0,1.8013324e-09,1.9759569e-11,8.692e-42,0.0,4.6223974e-17,5.5482803e-14
210000,294,191,0,1.8013775e-09,2.4483183e-11,0.0,0.0,1.820041e-17,1.6836616e-13
210000,247,87,0,1.7978665e-09,7.166058e-13,4.224213e-30,0.0,8.409335e-29,2.0946132e-14
210000,124,402,0,1.8114554e-09,8.2442733e-13,4.2911795e-25,3.7901e-39,1.5589981e-24,1.9451666e-11
210000,237,303,0,1.7967726e-09,2.8335255e-13,8.7702e-41,0.0,1.6132963e-28,0.0
210000,406,90,0,1.7960915e-09,4.5068192e-11,3.824791e-20,2.788228e-31,7.4877686e-16,1.9621284e-11
210000,121,416,0,1.8107407e-09,1.1276653e-12,1.36074115e-14,8.330647e-21,3.1359363e-25,3.650386e-12
210000,337,200,0,1.9049533e-09,8.9645194e-11,0.0,0.0,9.854575e-13,1.926789e-20
210000,96,73,0,1.7957086e-09,6.7118706e-11,9.796851e-20,3.024077e-30,3.388489e-15,1.6335886e-12
210000,318,387,0,1.7965133e-09,1.0763741e-14,1.294595e-25,1.82523e-40,1.200575e-31,9.241075e-12
210000,175,139,0,1.7965118e-09,3.7046942e-11,1.16223545e-29,1e-45,1.6985248e-15,9.695931e-11
210000,150,197,0,2.1244242e-09,9.678122e-14,0.0,0.0,7.6345307e-31,2.590675e-16
210000,80,421,0,1.8324686e-09,5.0275188e-12,9.594095e-20,7.291632e-31,1.8135648e-21,3.2064995e-14
210000,211,338,0,1.8054006e-09,2.2875339e-11,5.904e-42,0.0,9.037274e-18,0.0
210000,137,383,0,1.8012023e-09,1.6564338e-12,5.6210218e-14,1.4044246e-19,3.1265634e-23,6.8528015e-15
210000,84,410,0,1.8310171e-09,3.9068252e-11,1.9830322e-14,1.24812055e-20,5.7308436e-17,2.362503e-12
210000,128,368,0,1.855176e-09,9.120304e-12,6.9372316e-29,1e-45,1.664193e-17,2.8525634e-14
210000,345,201,0,1.9052773e-09,4.43833e-15,0.0,0.0,4.9487284e-32,9.749135e-25
210000,187,277,0,1.7965931e-09,1.29342854e-14,0.0,0.0,9.501621e-34,2.7907976e-34
210000,82,343,0,1.8402461e-09,1.0625832e-11,5.873626e-13,2.8591997e-17,1.2709686e-18,6.422786e-13
210000,59,395,0,1.8148093e-09,1.0570936e-11,4.0100304e-33,0.0,1.233616e-18,1.4704186e-11
210000,339,428,0,1.8182479e-09,3.670837e-14,1.785803e-14,9.47066e-20,3.08591e-23,4.495907e-12
210000,352,314,0,1.7964176e-09,8.722955e-15,1.53951e-22,0.0,6.8578375e-35,4.5099164e-19
210000,192,347,0,1.8010151e-09,4.6223854e-12,0.0,0.0,2.768518e-18,7.1906794e-34
210000,90,331,0,1.8106058e-09,1.2801365e-13,6.3091257e-24,2.0773239e-37,6.5500666e-31,4.2111013e-16
210000,210,354,0,1.8252394e-09,1.7185263e-13,1.313e-42,0.0,3.981364e-29,0.0
210000,254,221,0,1.7962882e-09,1.9382898e-11,6.8560265e-19,1.0785563e-27,3.658931e-17,4.2680118e-19
210000,247,110,0,1.7980241e-09,1.5735956e-11,1.7549286e-32,0.0,7.590877e-19,1.6237077e-24
210000,68,262,0,1.7966656e-09,3.76873e-12,2.8026457e-17,3.0727488e-26,1.977931e-21,1.587955e-13
210000,408,271,0,2.0423492e-09,9.701217e-11,1.1337651e-34,0.0,4.759092e-13,1.9529764e-17
210000,354,360,0,1.7962523e-09,1.16764836e-11,3.5734676e-31,0.0,1.977061e-19,7.8733145e-22
210000,55,408,0,1.8145159e-09,7.5639555e-12,2.4701474e-20,3.5920152e-29,4.562245e-23,3.4618372e-16
210000,337,441,0,1.8179762e-09,9.799527e-13,8.7264446e-20,8.737151e-29,3.392433e-22,2.1400107e-11
210000,249,131,0,1.7973993e-09,3.911546e-12,1.8e-43,0.0,5.824432e-23,8.0655905e-27
210000,122,291,0,1.820165e-09,8.740941e-13,2.2795685e-23,2.55175e-37,4.459831e-22,2.4209077e-14
210000,265,441,0,1.7960423e-09,1.846676e-12,1.8596881e-20,6.195281e-31,9.981289e-24,3.0624867e-12
210000,109,292,0,1.819329e-09,6.8595963e-19,1.1746862e-23,1.2774007e-37,7e-45,6.321894e-17
210000,227,94,0,1.7979163e-09,1.1704048e-14,4.022599e-29,0.0,1.200575e-31,3.7185994e-27
210000,340,168,0,1.8020367e-09,3.0198736e-16,1.0358024e-26,1.03004e-39,1.18896e-40,4.1725761e-16
210000,289,374,0,1.7973701e-09,7.606337e-14,1.0809977e-22,3.91413e-34,9.925954e-32,5.1900622e-15
210000,193,311,0,1.7965268e-09,3.7663683e-22,0.0,0.0,0.0,8e-45
210000,212,418,0,1.7965119e-09,4.2951526e-19,9.8358604e-23,3.048379e-34,1.377e-42,3.099543e-14
210000,202,365,0,1.81703e-09,8.840408e-14,3.4180848e-38,0.0,2.7293847e-32,5.33715e-40
210000,63,433,0,1.7972291e-09,2.0240722e-11,4.4312887e-12,1.9142354e-15,2.2739744e-17,1.287192e-11
210000,119,338,0,1.796258e-09,2.6047801e-11,1.7876215e-21,6.199033e-33,1.9368825e-15,4.423397e-28
210000,90,192,0,1.7975588e-09,1.4087145e-14,5.1101646e-16,1.1303225e-23,3.2698123e-29,1.196631e-12
210000,147,93,0,1.856416e-09,1.3905226e-15,1.3992238e-14,3.5969955e-20,4.392836e-24,5.9418385e-14
210000,182,249,0,1.7963845e-09,1.2470637e-11,0.0,0.0,2.85665e-19,4.22264e-40
210000,346,76,0,1.8195647e-09,2.675571e-11,7.9079995e-17,3.7854294e-25,6.655899e-17,1.3793749e-13
210000,359,392,0,1.7959901e-09,8.475e-12,1.3884845e-13,5.0323782e-18,1.299653e-20,4.6129598e-12
210000,87,276,0,1.7966402e-09,2.2035104e-12,2.8606452e-21,1.7620476e-31,1.5982176e-25,5.353536e-13
210000,404,256,0,1.8140318e-09,7.040277e-11,2.5024375e-26,3.681622e-37,3.5542815e-15,5.3907617e-18
210000,135,222,0,1.8045788e-09,3.354508e-15,0.0,0.0,7.0229313e-35,2.7911944e-15
210000,380,155,0,1.8079301e-09,1.1589013e-11,1.2802862e-21,1.4168651e-33,1.977061e-19,3.8678972e-13
210000,444,131,0,1.7959576e-09,7.806781e-11,4.4506604e-14,3.9579943e-20,3.0600986e-12,2.6875826e-12
210000,165,402,0,1.7964845e-09,5.2295103e-14,4.156751e-18,8.127689e-28,1.4837516e-30,5.9026075e-23
210000,141,194,0,1.8803836e-09,4.329058e-11,0.0,0.0,2.1865874e-15,4.4375358e-11
210000,341,110,0,1.8035068e-09,5.3211303e-11,2.0368698e-24,5.0978106e-38,3.9853076e-14,2.5693022e-13
210000,119,223,0,1.804464e-09,4.694788e-14,3.4e-44,0.0,2.863564e-25,2.9906435e-13
210000,409,435,0,1.7949885e-09,1.250363e-10,2.2061529e-26,2.3141e-41,1.1925065e-12,5.427739e-11
210000,126,66,0,1.7959957e-09,7.1691633e-12,2.3662033e-22,1.3328876e-34,1.0575679e-20,8.758494e-12
210000,301,62,0,1.7952785e-09,1.1040612e-10,4.1454568e-13,6.505733e-18,9.862286e-15,4.5907384e-12
210000,141,101,0,1.8562395e-09,7.9877504e-14,3.2285961e-22,8.770937e-34,3.285687e-30,2.9367012e-13
210000,426,77,0,1.8099111e-09,1.8613914e-11,1.2688513e-22,1.3771322e-34,5.6623284e-16,3.0834047e-11
210000,322,327,0,1.7965218e-09,1.4459139e-19,2.36264e-39,0.0,0.0,4.0758663e-18
210000,188,383,0,1.7979557e-09,3.007124e-19,0.0,0.0,0.0,6.6707486e-34
210000,119,363,0,1.8510328e-09,3.1416068e-11,1.01315e-40,0.0,2.5259653e-16,3.050515e-20
210000,395,155,0,1.807972e-09,1.5162237e-13,4.5626195e-14,1.1241998e-19,1.30473705e-23,2.0769118e-13
210000,48,172,0,-1.1566226e-11,2.3782023e-09,5.3588836e-23,2.1403009e-36,4.122109e-09,8.758226e-12
210000,466,396,0,-1.12744675e-11,2.2723052e-09,5.9096776e-21,3.2946723e-31,4.1188084e-09,7.0109604e-12
210000,470,127,0,-1.1440095e-11,2.3530216e-09,3.313507e-15,1.9884943e-21,4.2662878e-09,2.0853775e-11
210000,488,175,0,-1.5738142e-12,1.4507472e-10,1.3872045e-15,1.1649637e-22,1.340764e-10,2.5232861e-11
210000,363,20,0,-1.26807705e-11,2.4779532e-09,6.2061516e-13,4.2810352e-17,4.200452e-09,4.479989e-17
210000,131,140,0,-8.051286e-12,2.2778124e-09,0.0,0.0,4.1188084e-09,2.3854223e-13
210000,492,56,0,-1.1957826e-11,2.2842466e-09,1.0487058e-13,3.153883e-19,4.1188084e-09,1.0198159e-11
210000,469,148,0,-1.1627008e-11,2.2797444e-09,3.8280917e-20,1.4116871e-30,4.1188084e-09,3.7266518e-10
210000,430,364,0,-2.4367363e-13,4.238686e-12,2.9765673e-12,9.532706e-16,4.6822645e-18,1.252943e-12
210000,405,158,0,5.277497e-11,9.9326566e-14,5.8264987e-13,8.6255145e-17,3.4541248e-19,1.9701143e-10
210000,145,449,0,-1.1635516e-11,2.296772e-09,9.3754416e-27,1.64e-43,4.1188084e-09,3.3863376e-10
210000,430,216,0,-1.0888745e-11,2.2725828e-09,1.4337204e-22,2.3528756e-36,4.1188084e-09,2.4692475e-11
210000,465,300,0,-4.642473e-13,1.4515946e-11,3.8808204e-14,3.7391323e-20,2.914903e-19,8.689936e-14
210000,489,382,0,-1.1732403e-11,2.2918918e-09,7.892278e-16,2.1774295e-23,4.1188084e-09,9.121971e-12
210000,160,418,0,-5.135829e-12,2.2734976e-09,1.1925378e-15,1.1096011e-21,4.1188084e-09,5.7002183e-16
210000,261,103,0,-1.1066878e-12,2.2742868e-09,4.830514e-15,6.766543e-22,4.1188084e-09,4.2328325e-18
210000,17,483,0,-1.1399986e-11,2.2849587e-09,1.6129191e-17,1.7095328e-26,4.1188084e-09,1.4667671e-14
210000,151,62,0,1.3503973e-13,7.592102e-13,8.147235e-23,7.036237e-35,3.4715414e-28,5.6472784e-14
210000,89,430,0,2.5402696e-11,6.764855e-11,7.750085e-23,6.783924e-35,3.4117708e-15,2.2610492e-12
210000,27,239,0,-7.4897574e-14,3.735383e-15,6.8316362e-15,1.2925849e-21,1.4969802e-26,1.969241e-11
210000,440,12,0,-1.0758925e-12,6.176993e-12,2.2355008e-12,2.340429e-16,4.9111445e-19,7.6661864e-11
210000,63,385,0,4.6754642e-11,5.059731e-11,2.5464555e-32,0.0,3.6130525e-15,8.978196e-12
210000,417,461,0,-1.157353e-11,2.2728515e-09,2.5983485e-13,3.212603e-18,4.1188084e-09,6.276959e-11
210000,497,91,0,-5.7690083e-13,6.470266e-12,4.642537e-16,1.5397105e-22,3.4913533e-20,8.7159814e-11
210000,245,473,0,-6.856181e-13,2.9471457e-11,3.2178795e-13,5.3984458e-18,5.6496383e-16,6.440954e-13
210000,432,26,0,-1.6008838e-12,1.5153026e-10,3.5525434e-18,6.4365885e-26,9.754205e-11,1.0853526e-10
210000,348,469,0,-3.5944525e-13,4.227379e-11,6.497863e-20,5.3581694e-31,5.9768004e-15,3.4375242e-11
210000,93,430,0,8.077858e-12,3.9705195e-10,1.7100199e-24,1.6046793e-38,3.844871e-09,1.0429945e-10
210000,71,475,0,-1.1921577e-11,2.350005e-09,1.0976264e-17,1.2541476e-26,4.272743e-09,2.0537478e-12
210000,331,349,0,-9.527163e-12,2.2719089e-09,4.454261e-38,0.0,4.1188084e-09,8.913319e-19
210000,223,127,0,1.980844e-12,2.944161e-14,8.552571e-18,3.301279e-25,2.5289676e-30,6.842496e-17
210000,285,416,0,-1.1745313e-11,2.2832587e-09,8.71016e-15,1.5405294e-21,4.1188084e-09,5.6820205e-11
210000,90,445,0,-7.8067826e-13,1.3281214e-10,4.9661313e-15,9.166162e-20,1.6374924e-13,8.9666955e-14
210000,426,475,0,-1.2089842e-11,2.2881397e-09,2.64307e-13,3.911379e-18,4.1188084e-09,2.1282888e-10
210000,421,417,0,2.3509794e-13,7.1082597e-12,7.8761855e-17,3.7853106e-25,1.4197384e-20,2.2606777e-14
210000,425,269,0,4.4256362e-11,8.13423e-12,5.3053885e-26,3.17367e-40,7.2791056e-19,5.9420365e-15
210000,423,309,0,1.4658144e-12,1.1950334e-13,5.826524e-13,8.6255145e-17,3.4541395e-19,5.880799e-17
210000,311,47,0,2.9349537e-12,4.993527e-11,2.5617992e-18,4.379542e-28,3.3839453e-15,1.5464134e-13
210000,111,279,0,1.8315661e-11,2.2719089e-09,3.4435929e-12,1.2209618e-15,4.1188084e-09,9.9987285e-18
210000,220,422,0,8.2968556e-11,8.967286e-20,5.603726e-18,1.3069946e-26,9.208526e-33,2.5974835e-15
210000,417,448,0,-9.692258e-13,2.2762463e-09,1.3194233e-11,1.4208596e-14,4.118809e-09,1.4033462e-14
210000,8,163,0,-1.2503793e-11,2.321666e-09,6.154644e-18,1.4955045e-27,4.1188084e-09,2.040629e-12
210000,33,325,0,-5.737781e-13,3.3349618e-11,9.731715e-11,3.1102263e-12,6.082962e-13,6.6613447e-12
210000,327,496,0,-1.2029633e-11,2.2946702e-09,1.2747351e-16,2.3609199e-24,4.1188093e-09,1.8823186e-13
210000,108,430,0,1.9738965e-12,1.9112984e-11,8.68442e-27,3.966e-40,3.9629967e-18,4.036748e-15
210000,472,231,0,-4.0522574e-13,9.7296615e-12,1.1675476e-11,1.5503417e-14,2.4871876e-16,1.2661845e-12
210000,497,333,0,-5.904776e-13,1.1317372e-11,4.452156e-13,1.9272936e-17,5.1352045e-20,2.3330396e-13
210000,438,348,0,-1.1095357e-11,2.2719155e-09,5.2970393e-21,8.1382236e-32,4.1188084e-09,6.200917e-11
210000,211,314,0,3.912011e-12,2.0740381e-26,6.7e-44,0.0,0.0,0.0
210000,147,93,0,1.856416e-09,1.3905226e-15,1.3992238e-14,3.5969955e-20,4.392836e-24,5.9418385e-14
210000,81,402,0,8.5591326e-11,2.2743172e-09,3.6328884e-23,4.143417e-37,4.1188084e-09,4.3183703e-11
210000,479,82,0,-1.2558704e-12,3.3939063e-11,8.0866856e-13,1.3455215e-16,6.712844e-17,9.96873e-13
210000,349,24,0,-1.1627479e-11,2.3488183e-09,3.5506716e-26,8.314e-42,4.1225245e-09,5.046554e-11
210000,21,2,0,-3.7170316e-13,8.172537e-12,1.363824e-35,0.0,7.279105e-19,3.4700777e-11
210000,229,371,0,1.6821073e-13,1.3064953e-14,1.656064e-24,1.6834847e-36,4.543375e-30,1.343703e-34
210000,61,135,0,-1.1863578e-11,2.316851e-09,2.461549e-32,0.0,4.118827e-09,6.597506e-14
210000,414,403,0,-1.1228143e-12,5.7716866e-11,1.1065519e-15,3.091178e-23,5.4101334e-16,1.8477794e-11
210000,142,122,0,-1.0022951e-11,2.272149e-09,1.2429686e-35,0.0,4.1188084e-09,8.955444e-12
210000,14,405,0,-1.1413202e-11,2.2829776e-09,2.6281557e-12,5.7752633e-16,4.1188084e-09,8.557649e-11
210000,259,234,0,5.3346676e-12,2.3619267e-09,2.8945196e-30,6e-45,4.2528847e-09,1.0124246e-14
210000,320,442,0,5.9424492e-12,8.754608e-18,1.1093587e-10,1.7092557e-12,2.6647188e-13,4.432119e-13
210000,465,161,0,-1.2982816e-11,2.3798326e-09,6.2120925e-13,4.281052e-17,4.118911e-09,2.82876e-13
210000,15,78,0,-1.1586637e-11,2.3087292e-09,3.0660584e-14,2.6425175e-20,4.1188097e-09,9.441393e-12
210000,100,220,0,2.0763292e-11,2.2899806e-09,7.938632e-34,0.0,4.1188084e-09,1.1874501e-15
210000,78,390,0,-7.939639e-12,2.275257e-09,1.3342555e-26,5.8077e-41,4.1188084e-09,1.1143096e-16
210000,66,369,0,5.685932e-13,1.4158077e-13,6.537059e-15,3.646742e-20,1.2208871e-23,2.9656107e-14
210000,170,100,0,-9.202388e-12,2.3165814e-09,7.378654e-14,3.2059155e-18,4.1188133e-09,4.437366e-15
210000,476,8,0,-1.2053426e-11,2.4392788e-09,5.1006276e-11,2.9121462e-13,4.1226347e-09,2.8123686e-11
210000,256,58,0,-1.8411065e-13,6.323883e-14,2.8480375e-27,5.02e-43,5.967216e-34,4.5422417e-16
210000,10,309,0,-4.32655e-13,2.207252e-12,1.1642733e-28,0.0,3.8632172e-22,3.7887804e-10
210000,459,476,0,-4.8817493e-13,8.8022905e-12,3.923992e-20,3.7029018e-29,2.234494e-19,2.0349515e-10
210000,387,128,0,6.647353e-12,9.168049e-12,5.1789867e-23,1.0924066e-33,2.291101e-16,1.622524e-14
210000,466,361,0,-2.7839498e-13,2.6201862e-12,1.0200594e-15,9.465344e-23,1.8807283e-23,4.9192483e-10
210000,225,399,0,4.5730764e-13,4.441593e-15,3.5521694e-25,5.634602e-37,4.9487284e-32,9.836364e-18
210000,25,297,0,-4.1168788e-13,5.177572e-12,7.429329e-17,1.8053654e-24,1.8981566e-21,8.9546466e-14
210000,391,161,0,1.649025e-10,7.165675e-11,1.070865e-18,3.0190032e-27,2.1724536e-12,2.3088571e-14
210000,489,123,0,-1.1351678e-12,5.4643987e-11,2.7139702e-10,5.3750844e-11,3.9441336e-11,2.2241615e-11
210000,473,451,0,-1.868178e-12,4.0384582e-10,2.5646232e-20,2.3364963e-31,3.4647157e-11,7.024063e-14
210000,471,39,0,-1.2115884e-11,2.292954e-09,7.202303e-12,6.878725e-15,4.1188084e-09,1.09366245e-10
210000,34,446,0,-9.190923e-13,6.228639e-11,3.9687286e-12,1.5395757e-15,2.9064792e-15,2.6402686e-13
210000,191,461,0,-4.0351118e-14,9.442519e-15,2.9513772e-13,3.1014826e-17,1.1374576e-19,1.0897198e-12
210000,114,355,0,6.666242e-11,2.3158608e-09,1.9668417e-37,0.0,4.1188093e-09,9.137036e-21
210000,398,415,0,-1.1810288e-11,2.469003e-09,1.9928583e-17,3.0687892e-24,7.592027e-09,8.108691e-11
210000,189,156,0,3.565546e-12,2.0646925e-24,0.0,0.0,0.0,3.0361523e-13
210000,334,294,0,-1.093599e-11,2.2719089e-09,1.4346944e-31,0.0,4.1188084e-09,2.1776053e-14
210000,386,374,0,-1.0252945e-12,9.402423e-11,1.7227436e-27,1.635e-42,3.4385025e-13,2.8888573e-12
210000,457,2,0,-1.6201927e-12,1.0646888e-10,3.2649255e-13,1.2549304e-17,4.7710134e-15,4.4733748e-11
210000,143,97,0,5.2356036e-10,3.2691037e-14,5.5840673e-19,9.1074916e-29,5.0186715e-28,1.6047455e-13
210000,4,334,0,-1.1750538e-11,2.341389e-09,8.493094e-20,1.1723709e-29,4.1188644e-09,2.946024e-13
210000,213,4,0,-6.238615e-13,8.072109e-12,1.9297146e-22,3.993812e-32,3.7377852e-20,8.088413e-13
210000,219,117,0,5.5047022e-11,7.5889924e-20,1.0877861e-15,1.1073479e-21,1.0391539e-25,1.5343288e-23
210000,230,424,0,2.5953705e-12,1.4520657e-15,4.7924846e-14,3.270207e-19,1.1313444e-22,1.2445796e-14
210000,22,458,0,-5.7614677e-13,1.124329e-11,3.0091811e-18,8.9222364e-27,5.3660545e-19,1.6224872e-12
210000,101,42,0,-1.0977259e-12,8.39302e-12,4.7135024e-17,9.6605776e-24,2.0581641e-18,5.8641243e-12
210000,303,102,0,-4.7633425e-13,1.3614822e-11,1.2933045e-14,2.591007e-19,1.8243621e-18,6.082479e-11
210000,346,485,0,-3.5996106e-13,8.784985e-13,2.7032969e-17,1.398481e-25,2.1636295e-23,1.396209e-09
210000,61,178,0,-5.65335e-13,4.049167e-12,8.672631e-21,3.0549505e-30,2.1866028e-22,1.9484856e-13
210000,283,184,0,2.4435825e-11,1.3868594e-16,0.0,0.0,1.5613e-40,5.917083e-13
210000,205,453,0,-1.437869e-13,3.8529267e-12,2.9931937e-26,7.431e-42,5.824432e-23,1.5649235e-11
210000,50,236,0,-1.11546015e-11,2.271963e-09,1.4984994e-17,7.525784e-25,4.1188084e-09,1.1938654e-10
210000,471,452,0,-1.729637e-12,1.7436502e-10,2.1479381e-20,4.40477e-32,3.2129708e-13,4.6615642e-14
210000,425,436,0,7.7526666e-12,6.6554775e-13,5.4114685e-18,6.882578e-26,3.3490684e-28,1.1044559e-11
210000,462,238,0,-1.2385247e-11,2.3278046e-09,6.6298136e-17,7.4551576e-24,4.1188795e-09,1.29410475e-11
210000,478,350,0,-2.8796786e-13,6.061363e-12,4.1542985e-16,1.0911535e-23,4.090436e-21,1.637375e-15
210000,50,44,0,-9.624805e-13,1.4243712e-10,2.6740774e-14,3.1025183e-20,1.1999532e-10,5.823779e-11
210000,50,175,0,-8.078261e-13,5.148807e-11,4.235721e-24,9.47556e-38,4.1819545e-17,9.224717e-12
210000,26,359,0,-1.2058553e-11,2.4280131e-09,2.098291e-11,3.599251e-14,4.1194967e-09,1.4244923e-10
210000,40,327,0,-1.1592081e-11,2.2855677e-09,1.2029823e-14,9.416638e-20,4.1188084e-09,1.9196301e-15
210000,428,361,0,-1.1098283e-13,7.248523e-14,1.1574125e-12,7.924326e-17,1.1296565e-19,5.839771e-13
210000,225,498,0,-1.1416292e-11,2.275165e-09,4.856794e-12,1.2407639e-14,4.1188093e-09,4.3800684e-12
210000,157,25,0,-6.242734e-13,2.7997823e-11,1.15258155e-17,9.860784e-27,3.342704e-17,8.435824e-14
210000,317,168,0,5.699949e-13,2.0105028e-18,0.0,0.0,1.305e-42,2.5853873e-14
210000,462,324,0,-2.1464674e-13,6.8221584e-13,2.5623592e-15,4.5870485e-21,5.5212044e-25,1.935541e-11
210000,497,254,0,-1.1270092e-11,2.2721298e-09,7.003965e-12,2.0056224e-15,4.1188084e-09,7.7250245e-17
210000,83,121,0,-1.1829847e-11,2.371913e-09,5.4999633e-12,1.9000774e-15,4.118882e-09,9.678193e-15
210000,478,405,0,-2.1663328e-13,6.459975e-14,1.2589587e-20,3.2406224e-30,2.2632693e-25,9.1505865e-12
210000,192,419,0,1.2532238e-12,7.039428e-11,1.47e-43,0.0,5.5762893e-14,2.2586521e-13
210000,149,97,0,3.8968487e-10,9.018573e-16,8.0279804e-14,2.496219e-19,3.072751e-23,4.306277e-12
210000,53,3,0,-2.8953433e-12,1.2092781e-09,6.9446924e-14,5.6160075e-18,4.0813424e-09,1.1725645e-10
210000,143,113,0,2.0144953e-11,2.3485691e-09,3.0554254e-32,0.0,4.118828e-09,1.5114975e-12
210000,36,53,0,-8.7758376e-13,4.8047594e-11,4.0038675e-14,1.3015744e-18,1.1470126e-15,1.7557102e-12
210000,32,52,0,-8.322086e-13,4.3636268e-11,3.2678426e-12,8.0641523e-16,8.908397e-16,2.1244498e-10
210000,490,472,0,-1.1619399e-11,2.2806679e-09,1.8255322e-15,9.013792e-22,4.1188084e-09,3.0933565e-11
210000,339,380,0,1.1610573e-12,2.0128185e-13,1.1168782e-32,0.0,4.0631175e-26,2.1268346e-18
210000,376,198,0,5.679193e-11,9.019935e-16,0.0,0.0,2.4242582e-37,2.2809898e-28
210000,9,465,0,-1.1641833e-11,2.2956939e-09,6.759446e-16,5.5547155e-23,4.1188084e-09,9.358279e-12
210000,34,84,0,-1.0616563e-12,8.3160645e-11,4.5396486e-12,3.4448517e-15,3.3818896e-12,4.7805208e-11
210000,209,396,0,9.774569e-13,1.9530656e-23,1.4868926e-38,0.0,0.0,6.316212e-16
210000,434,15,0,-1.7782512e-12,1.4470361e-10,4.695454e-13,9.762451e-18,9.8067516e-14,1.0520435e-09
210000,479,333,0,-4.4913641e-13,2.2303548e-11,1.520268e-16,3.651252e-24,9.979903e-16,1.0990603e-12
210000,23,153,0,-1.7349534e-12,1.3234965e-10,2.591195e-13,3.2117847e-18,7.0564045e-14,5.978878e-11
210000,174,33,0,-1.1245148e-11,2.2733275e-09,3.0593672e-18,2.928446e-26,4.1188084e-09,1.3738484e-13
210000,91,419,0,6.838415e-11,2.282571e-09,2.6013423e-13,3.9108926e-18,4.1188084e-09,7.8513686e-14
210000,395,45,0,-1.1696227e-11,2.2864113e-09,7.4138276e-13,5.6550454e-17,4.1188084e-09,7.278592e-14
210000,451,70,0,-7.871936e-12,2.279775e-09,3.3045094e-18,6.79833e-27,4.1188084e-09,9.5138494e-11
210000,458,115,0,-1.3300655e-13,1.2238964e-10,2.6393404e-27,6.91e-43,2.3276444e-13,1.0154902e-12
210000,121,456,0,-1.1114488e-11,2.2719184e-09,1.5110554e-13,1.5521268e-17,4.1188084e-09,5.8462714e-11
210000,58,39,0,-6.039747e-13,7.090372e-11,1.4924446e-15,5.4138077e-22,3.4482508e-14,8.673361e-13
210000,444,449,0,-1.1631233e-11,2.2751665e-09,1.245826e-19,1.9024413e-27,4.1188084e-09,1.09448804e-10
210000,487,294,0,-3.9513518e-13,8.7635915e-13,3.1705972e-19,1.2706814e-28,9.131846e-27,1.8955531e-13
210000,78,49,0,-1.1456875e-11,2.3287654e-09,2.073696e-12,4.0111568e-16,4.1188106e-09,4.9461147e-11
210000,331,136,0,2.3550398e-11,2.2935966e-09,7.8593e-24,4.6640684e-36,4.1188084e-09,3.7034552e-21
210000,432,34,0,-1.2541523e-11,2.3635536e-09,3.4577603e-14,2.7485027e-20,4.118872e-09,1.6700889e-11
210000,119,60,0,6.447962e-11,2.3414903e-09,2.8824008e-19,7.437762e-27,4.1215595e-09,2.8437322e-14
210000,192,43,0,-1.1882125e-11,2.3124325e-09,7.448515e-20,2.8299028e-29,4.1188173e-09,2.1719297e-14
210000,279,25,0,-4.584236e-13,7.283758e-11,1.1199904e-15,9.705793e-23,6.7580815e-12,7.5607896e-13
210000,19,201,0,-7.2488944e-13,4.4223968e-11,9.2712764e-14,7.6401705e-19,2.7382369e-15,4.8522727e-12
210000,88,443,0,-2.7700162e-13,1.5515193e-10,4.8567094e-14,6.3107465e-19,9.754207e-11,1.9578631e-12
210000,483,424,0,-5.2912254e-13,6.2887894e-12,2.572357e-13,3.2086756e-18,3.9800033e-19,5.487037e-14
210000,134,359,0,5.6240408e-11,4.3240507e-14,1.3463815e-37,0.0,2.3003444e-29,2.0924002e-16
210000,466,471,0,-6.737993e-13,8.3785034e-11,5.941459e-15,5.8306996e-21,1.6508259e-12,3.09452e-11
210000,130,179,0,3.0922324e-12,1.0546674e-17,0.0,0.0,0.0,6.0213944e-17
210000,134,400,0,6.303303e-11,1.0821083e-12,9.252781e-21,9.4711075e-31,2.4936343e-26,3.3521215e-12
210000,364,371,0,1.24720685e-11,4.529185e-12,5.178843e-26,4.8715e-41,7.3953015e-23,1.2126883e-16
210000,45,141,0,-1.14613475e-11,2.2766304e-09,2.7639446e-23,4.6189985e-33,4.1188084e-09,2.4277752e-12
210000,471,433,0,-4.867896e-13,7.979438e-11,1.1969107e-19,1.3380526e-30,1.6508259e-12,4.0293086e-13
210000,433,483,0,-1.2226074e-11,2.3468205e-09,1.7366197e-12,4.0420915e-16,4.1188923e-09,2.9807247e-11
210000,177,428,0,-1.1402704e-11,2.3001443e-09,2.003114e-18,9.445987e-25,4.1188084e-09,8.208994e-13
210000,7,318,0,-1.218659e-11,2.4353939e-09,9.113235e-23,1.1969853e-36,4.2388097e-09,9.521204e-14
210000,37,73,0,-1.1524957e-11,2.2808022e-09,1.833868e-16,1.0177049e-24,4.1188084e-09,1.5227418e-10
210000,13,169,0,-8.9955593e-13,5.2888783e-12,4.4312605e-12,1.9142354e-15,1.04481415e-17,4.020025e-12
210000,338,251,0,-1.229973e-13,9.833792e-14,4.942742e-36,0.0,4.2089348e-29,7.150316e-31
210000,194,375,0,7.406775e-11,2.2719089e-09,1.77788e-40,0.0,4.1188084e-09,8.059251e-36
210000,393,368,0,-1.1304382e-11,2.280079e-09,8.763418e-31,0.0,4.1188084e-09,3.1002748e-12
210000,296,180,0,3.242847e-11,2.3752897e-09,0.0,0.0,4.118951e-09,1.3182273e-12
210000,209,7,0,-2.8014564e-13,2.2027326e-11,3.9118105e-19,6.7399546e-28,9.037274e-18,3.997456e-13
210000,311,53,0,7.804585e-12,2.2922013e-09,7.939198e-18,1.0913925e-25,4.1188084e-09,4.0248217e-12
210000,163,460,0,-1.1681241e-11,2.3371443e-09,1.9296127e-22,3.993812e-32,4.1188177e-09,9.513216e-11
210000,82,109,0,-1.2174453e-11,2.2954714e-09,7.901217e-18,2.9384912e-26,4.1188084e-09,2.05588e-12
210000,423,335,0,-1.12881215e-11,2.2787305e-09,1.0150037e-18,1.7253428e-27,4.1188084e-09,4.0634435e-10
210000,5,8,0,-1.1979939e-11,2.3491415e-09,8.330498e-20,5.424969e-28,4.11881e-09,3.0225676e-11
210000,260,472,0,-3.2250103e-13,3.0700002e-12,1.1202894e-15,3.1194268e-23,2.4804925e-24,3.8659267e-11
210000,130,188,0,1.6490913e-11,2.2719107e-09,0.0,0.0,4.1188084e-09,1.3450227e-15
210000,82,477,0,-1.0860384e-12,1.2684571e-10,1.6583919e-10,8.590493e-12,1.0710101e-10,2.391884e-11
210000,446,239,0,-1.1938619e-11,2.321396e-09,6.9015376e-16,1.0944916e-22,4.118812e-09,1.5481603e-10
210000,497,29,0,-7.733608e-13,4.3267837e-11,1.1915656e-13,1.3199541e-18,6.278808e-14,5.8324556e-12
210000,241,476,0,-5.514761e-13,2.2541488e-11,3.9706014e-18,8.543396e-28,1.671824e-17,7.2736824e-11
210000,471,423,0,-1.1653775e-11,2.276234e-09,1.0724954e-19,9.9856355e-31,4.1188084e-09,2.8770587e-11
210000,26,308,0,-4.2002686e-13,2.1526834e-11,4.151383e-23,2.4469402e-37,5.7727956e-17,1.8067244e-10
210000,474,4,0,-1.0934657e-12,7.549984e-11,1.8700163e-11,9.742546e-14,1.00804595e-14,9.995606e-12
210000,260,9,0,-6.206901e-13,9.310064e-12,7.826421e-17,1.3831447e-24,4.0722686e-19,6.3507294e-12
210000,442,209,0,-1.205173e-11,2.3211058e-09,5.790753e-18,6.250457e-26,4.1188093e-09,9.824009e-13
210000,148,49,0,-6.950214e-13,2.8426634e-11,8.1058797e-17,1.3322374e-24,1.1213681e-15,9.3403514e-11
210000,90,345,0,1.5376574e-10,1.0854605e-10,1.757769e-18,4.6452506e-27,4.759106e-13,1.2520682e-10
210000,259,453,0,1.9308279e-11,1.4864068e-11,2.0945698e-15,7.498992e-21,1.4300366e-17,9.09507e-13
210000,100,148,0,5.2645765e-12,7.606709e-14,6.456316e-23,1.2192664e-35,9.554245e-31,1.3201366e-14
210000,326,437,0,4.3592355e-11,6.7414796e-19,1.0187883e-17,3.4147787e-25,2.5485951e-30,1.23031784e-11
210000,90,412,0,1.8786789e-10,2.3294409e-09,6.123468e-11,5.5404157e-13,4.118842e-09,1.1260234e-13
210000,86,478,0,-1.0923304e-12,3.5908835e-11,1.247688e-12,3.8967491e-16,6.750966e-16,2.0721305e-10
210000,43,464,0,-1.1753299e-11,2.3056552e-09,5.3860896e-12,1.3862119e-15,4.1188133e-09,9.85953e-11
210000,100,451,0,-1.1419867e-11,2.2725142e-09,7.103422e-14,2.7890855e-18,4.1188084e-09,3.315986e-13
210000,449,344,0,-2.7595824e-13,8.5570696e-11,7.8670987e-19,1.2803825e-28,4.9068406e-12,1.9230097e-12
210000,327,131,0,1.9865841e-10,7.049079e-13,1.7876215e-21,6.199033e-33,8.415592e-25,6.118895e-23
210000,492,21,0,-1.2994795e-11,2.4224247e-09,3.0176534e-12,9.543207e-16,4.11909e-09,5.1199815e-11
210000,365,431,0,-1.13290155e-13,2.8006395e-13,7.5074906e-17,2.4622326e-25,1.2352436e-25,1.7791277e-10
210000,148,226,0,1.8695073e-11,1.5147997e-12,0.0,0.0,8.854548e-24,5.843669e-19
210000,123,190,0,3.3218393e-12,2.0137864e-16,0.0,0.0,0.0,4.5483234e-19
210000,348,391,0,3.2057346e-11,2.2737041e-09,5.390927e-15,7.924336e-21,4.1188084e-09,4.3430751e-16
210000,393,310,0,1.8601823e-11,3.4626124e-13,6.2994455e-31,0.0,5.0366654e-25,1.3483857e-14
210000,267,457,0,7.612778e-12,5.7119416e-14,7.309657e-14,1.4979751e-18,5.1176768e-21,6.949988e-11
210000,400,30,0,-1.3135663e-11,2.462103e-09,5.8162633e-12,4.960337e-15,4.1196135e-09,2.232481e-11
210000,125,264,0,8.610192e-12,8.555297e-29,1.384353e-26,2.34e-43,0.0,1.3322168e-13
210000,85,38,0,-3.984115e-13,4.078212e-11,6.3680956e-17,3.9131287e-23,3.3302451e-15,6.798615e-12
210000,360,404,0,3.1064765e-11,6.3074585e-12,4.888856e-21,5.650154e-33,1.0149784e-20,2.0891375e-10
210000,165,255,0,3.842379e-12,6.531628e-15,0.0,0.0,2.845061e-34,1.54e-43
210000,265,431,0,6.002734e-11,8.492055e-11,5.462663e-12,2.852963e-15,4.061016e-12,2.5740599e-12
210000,266,367,0,2.6247066e-10,1.0583735e-11,1.1521939e-24,2.4776456e-38,1.3332292e-19,7.204176e-18
210000,194,344,0,3.9001818e-10,2.2946371e-09,0.0,0.0,4.1188093e-09,3.423929e-35
210000,227,76,0,4.2969066e-12,2.1868173e-14,6.956181e-14,2.5450329e-19,3.313222e-23,8.9281104e-17
210000,398,435,0,3.2763785e-11,2.2723867e-09,1.0785756e-21,6.0013195e-32,4.1188084e-09,2.2310754e-12
210000,154,411,0,1.4763074e-11,5.9284294e-13,1.7924014e-12,1.5894631e-16,3.6016811e-19,2.8815317e-22
210000,97,227,0,-1.6140761e-12,2.2983262e-09,5.4730954e-26,1.36541e-39,4.1188084e-09,1.0259282e-14
210000,251,125,0,1.8925866e-10,7.976633e-11,2.947e-41,0.0,2.867234e-15,6.174644e-27
210000,254,45,0,-2.650431e-13,5.799626e-13,1.5967023e-14,1.1204309e-19,3.9784464e-23,1.68265e-10
210000,162,207,0,3.627326e-11,2.4176747e-09,0.0,0.0,4.123314e-09,2.0747742e-24
210000,496,268,0,-1.181579e-11,2.4016997e-09,2.6450474e-14,1.8720312e-20,4.224017e-09,9.310083e-11
210000,458,55,0,-1.4213351e-12,3.0664603e-11,6.319392e-12,2.432823e-15,1.2916148e-17,7.1338677e-12
210000,450,64,0,-6.2315144e-12,3.1319574e-09,1.2265314e-16,6.0498615e-25,8.230193e-09,3.1971602e-12
210000,239,499,0,-1.5528717e-11,2.5734521e-09,5.1894913e-18,3.993355e-26,4.128751e-09,1.7830904e-14
210000,312,166,0,5.2237284e-13,1.4396904e-16,0.0,0.0,1.41789e-40,2.141586e-16
210000,83,79,0,1.4416986e-11,8.116343e-15,9.112156e-18,3.3043677e-25,2.5275617e-30,1.1343157e-11
210000,157,119,0,3.973016e-13,3.0692913e-14,1.8884843e-24,3.127668e-36,2.4602353e-33,2.2023657e-12
210000,228,12,0,-1.2744083e-11,2.329343e-09,9.9473686e-11,4.9333944e-12,4.1199475e-09,4.241634e-11
210000,311,366,0,1.3570446e-10,2.2719093e-09,2.948166e-17,1.9707356e-23,4.1188084e-09,4.6613414e-20
210000,274,245,0,-5.31895e-14,5.02142e-15,0.0,0.0,4.9487284e-32,6.640521e-27
210000,271,230,0,2.2229191e-12,5.3987734e-12,1.494968e-32,0.0,1.1635923e-19,2.967925e-19
210000,454,379,0,-6.2991577e-13,9.36544e-12,6.5456106e-17,5.876251e-25,1.3051029e-18,1.10349e-13
210000,206,228,0,4.0281667e-12,1.8525756e-15,2.3475873e-28,1.49e-43,6.891e-41,1.798897e-35
210000,411,137,0,-8.2878973e-13,4.3895335e-11,7.5712207e-13,4.117291e-17,4.5434504e-15,3.1288438e-12
210000,413,222,0,3.1487839e-13,4.4333543e-12,5.8999733e-15,9.3717004e-20,8.0528284e-22,1.2520797e-10
210000,199,252,0,5.140204e-12,5.809857e-17,3.4309627e-38,0.0,1.0475e-41,2.805593e-24
210000,396,384,0,-3.4670866e-13,6.098359e-12,5.5302996e-17,2.832724e-25,5.3343333e-20,2.0165859e-10
210000,132,111,0,1.9628342e-11,1.0585465e-11,8.134566e-33,0.0,1.3332292e-19,2.1151908e-17
210000,383,132,0,1.2513741e-12,3.907504e-12,2.279241e-25,7.6889e-41,1.0016489e-20,6.4589857e-16
210000,271,98,0,2.4038214e-14,4.836055e-12,1.2264911e-13,1.8101872e-18,2.6006623e-21,2.4718507e-16
210000,52,452,0,-9.831602e-13,1.7157606e-10,1.6203228e-11,2.926183e-14,1.4748308e-10,1.0535892e-10
210000,396,143,0,3.2975938e-11,3.4153402e-11,9.731739e-11,3.1102263e-12,6.087863e-13,3.825492e-14
210000,92,300,0,2.833012e-12,3.3559026e-12,1.3920991e-37,0.0,3.6469797e-23,1.0161298e-18
210000,423,182,0,1.6236838e-11,4.4954106e-11,3.9890724e-21,1.1008162e-30,2.2566711e-15,8.602826e-12
210000,347,81,0,3.5758826e-10,4.7710452e-14,8.2873657e-22,1.5173348e-34,1.760741e-29,3.4364026e-16
210000,30,285,0,-2.3862008e-13,5.082937e-13,4.1474113e-16,1.0909328e-23,1.9065915e-27,5.392695e-11
210000,268,147,0,-1.1181067e-13,6.556284e-11,0.0,0.0,2.7509436e-12,8.262363e-20
210000,404,126,0,1.1104479e-12,6.712667e-11,7.644554e-21,1.22748904e-32,1.8813335e-13,3.371223e-13
210000,231,421,0,2.376831e-12,9.0416406e-17,1.26906055e-11,4.976364e-14,2.4424955e-15,2.957799e-13
210000,48,68,0,-1.6416173e-12,7.6966565e-11,2.0717828e-18,4.278814e-28,1.8090843e-15,2.130477e-10
210000,247,144,0,2.184453e-11,1.0020791e-18,0.0,0.0,0.0,1.720647e-20
210000,303,253,0,8.291813e-11,1.2268446e-14,3.5693184e-33,0.0,6.735441e-26,8.212931e-13
210000,448,180,0,-4.5835503e-13,7.36957e-11,3.37683e-10,4.6088168e-11,1.8339309e-10,9.295154e-11
210000,151,115,0,5.308748e-12,4.1616387e-11,3.875831e-29,0.0,2.797163e-14,3.5828846e-15
210000,106,230,0,1.2626573e-11,9.720686e-13,1.1321955e-25,1.41786e-40,3.085393e-23,1.43738e-21
210000,97,451,0,-8.531189e-13,5.986897e-12,5.267444e-15,3.4300704e-21,5.7940574e-17,1.9388753e-11
210000,282,324,0,1.0746506e-13,7.423455e-15,2.3221e-41,0.0,3.5477868e-37,5.4446986e-20
210000,67,357,0,6.7718908e-12,9.838398e-19,1.1853734e-22,2.9792027e-34,1.169e-42,6.920175e-11
210000,52,213,0,-1.1540303e-12,1.606501e-10,6.8443296e-20,2.7591407e-28,6.876257e-13,5.3459265e-14
210000,405,119,0,6.109706e-12,1.0025226e-11,1.06677445e-19,3.1064285e-30,8.726242e-20,6.3682335e-16
210000,162,75,0,7.140458e-11,1.5454462e-11,2.1378434e-25,1.682675e-39,5.584051e-19,2.6858106e-12
210000,431,317,0,-1.579037e-13,8.361223e-13,1.3992088e-14,3.5969955e-20,4.3998847e-24,1.2278192e-10
210000,181,182,0,1.7750014e-14,2.1575234e-18,0.0,0.0,1.11332e-40,8.479718e-24
210000,388,48,0,-1.0328725e-12,1.1528577e-11,1.6507539e-12,1.4065768e-16,2.1421664e-19,4.5226472e-13
210000,491,135,0,-1.0279296e-12,1.2590458e-10,2.8455245e-18,1.8534532e-26,2.7115898e-14,1.1644405e-16
210000,390,229,0,3.106558e-13,8.311923e-17,4.983646e-37,0.0,7.968596e-39,2.2815468e-16
210000,433,22,0,-2.0792673e-12,9.850449e-11,7.151129e-17,2.1558142e-22,1.1904707e-15,7.595412e-12
210000,153,499,0,-1.8191229e-13,2.3262022e-12,2.1611736e-12,1.4963639e-16,2.1671478e-19,7.30124e-13
210000,309,385,0,7.6909056e-11,1.459408e-10,1.4172723e-31,0.0,1.2544413e-12,6.4575996e-12
210000,187,348,0,2.6020253e-10,9.150766e-16,0.0,0.0,4.938521e-33,4.020468e-30
210000,253,293,0,3.3091546e-12,1.0099229e-15,0.0,0.0,1.06e-43,0.0
210000,121,92,0,8.9695384e-13,3.038891e-13,6.1088273e-18,2.5687678e-26,3.7821882e-30,1.1080155e-10
210000,27,105,0,-8.063973e-13,7.591318e-12,5.1041723e-13,8.978705e-18,1.1785472e-20,1.7960872e-15
210000,78,494,0,-3.5149672e-13,1.7345762e-13,3.0326873e-22,1.5039322e-32,1.7745216e-27,4.673161e-11
210000,389,140,0,1.1873811e-11,9.6959385e-12,4.5623505e-14,1.1241982e-19,8.727569e-20,4.0688222e-10
210000,83,54,0,-5.374145e-13,2.8260734e-11,8.988487e-16,2.7243525e-22,2.877858e-17,1.2919825e-10
210000,410,238,0,2.4223171e-12,3.5929955e-12,6.2318753e-19,1.3880977e-26,7.161836e-22,3.1929868e-13
210000,375,6,0,-5.488205e-13,6.070046e-11,2.2328858e-16,1.3767854e-22,1.8813324e-13,1.2287547e-10
210000,342,109,0,8.2104856e-10,2.3980868e-11,3.03129e-26,2.812e-41,2.2043253e-17,6.4227817e-13
210000,77,65,0,7.03315e-13,8.077543e-11,5.0280577e-19,8.666694e-29,1.4747921e-10,8.041253e-11
210000,271,100,0,-3.6764188e-14,2.4435861e-11,1.8188898e-14,1.2496149e-20,1.820041e-17,3.4862665e-15
210000,359,206,0,1.5127195e-11,4.5463385e-17,0.0,0.0,3.477977e-39,4.3106373e-33
210000,203,232,0,5.17927e-13,9.899215e-13,4.5595703e-28,6.73e-43,1.1629023e-26,6.024236e-35
210000,86,102,0,-1.4621145e-12,7.825998e-11,6.327761e-24,2.077689e-37,4.431861e-14,6.3031416e-12
210000,192,249,0,6.054997e-11,4.460028e-16,1.4e-43,0.0,3.6895e-41,1.3320651e-31
210000,494,210,0,-5.965795e-13,6.2957894e-12,6.6056865e-35,0.0,1.3404419e-20,2.699513e-12
210000,133,195,0,1.14863584e-10,3.2691033e-12,0.0,0.0,1.3640526e-21,6.7808246e-12
210000,331,220,0,1.5993806e-12,4.794046e-15,0.0,0.0,6.1152903e-37,3.5297737e-14
210000,496,363,0,-7.808191e-13,2.6607978e-11,3.3033199e-12,8.0648326e-16,5.136827e-18,4.641414e-11
210000,321,211,0,2.2408323e-12,1.4134011e-12,0.0,0.0,7.928795e-26,3.716337e-12
210000,327,478,0,-7.3508913e-13,1.2325026e-10,3.37683e-10,4.6088168e-11,2.958707e-11,2.021856e-10
210000,40,12,0,-1.2850901e-12,4.2288034e-11,4.451589e-13,1.9272934e-17,1.698617e-15,1.4589234e-11
210000,34,228,0,-1.6514586e-13,3.0857107e-13,7.595429e-15,1.7835037e-20,1.3618652e-22,7.089683e-12
210000,200,196,0,2.2967853e-13,5.676151e-19,1e-43,0.0,0.0,1.2316099e-35
210000,304,18,0,-3.7875958e-13,1.6575952e-11,1.4539762e-15,1.5517978e-22,9.102321e-18,1.9061179e-10
210000,211,192,0,5.4001096e-13,4.419101e-16,1.331277e-39,0.0,2.649994e-39,2.898168e-35
210000,282,136,0,-8.942816e-14,3.6072254e-12,3.914e-42,0.0,2.6940715e-20,3.893474e-18
210000,371,200,0,4.9218796e-11,6.6268946e-17,0.0,0.0,2.53855e-40,1.4312484e-32
210000,210,447,0,-3.712213e-15,2.0230054e-15,4.102868e-29,1e-45,2.13702e-40,8.2102084e-14
210000,206,249,0,3.291635e-13,6.6424244e-17,1.0695519e-27,1.602e-42,0.0,4.6505162e-23
210000,262,278,0,-4.1204206e-14,6.8034584e-15,0.0,0.0,2.1429928e-38,0.0
210000,460,22,0,-1.1498362e-12,1.353632e-11,2.204365e-17,8.794369e-25,1.409463e-20,1.4169402e-09
210000,239,319,0,9.957603e-12,1.08662316e-16,2.66255e-23,1.5295709e-34,1.166e-42,8e-45
210000,346,397,0,1.6311385e-11,1.754974e-11,3.5631086e-18,8.174264e-27,1.2460094e-17,1.2634022e-13
210000,247,402,0,-7.745361e-13,6.418889e-11,2.9871534e-26,1.3245e-41,2.3549695e-15,2.1176924e-13
210000,346,261,0,-2.7957473e-13,5.423702e-12,1.3628475e-38,0.0,5.3887388e-21,4.3486755e-21
210000,6,279,0,-8.022384e-13,1.8220956e-11,7.9532e-41,0.0,1.3642974e-19,6.5072063e-13
210000,367,71,0,1.8842718e-12,3.7398665e-15,2.0731464e-15,2.4831854e-22,2.556129e-27,9.894362e-12
210000,313,10,0,-7.614527e-13,3.967377e-11,1.5243526e-29,0.0,3.348487e-17,4.741413e-12
210000,45,159,0,-3.9233645e-13,2.6907651e-12,4.317649e-16,4.9839768e-23,4.2173343e-21,9.686852e-13
210000,479,222,0,-7.227204e-13,1.08830054e-11,2.6955627e-21,1.1199295e-29,6.1036184e-19,8.433216e-12
210000,136,298,0,2.4634286e-10,9.1376655e-21,1.0912012e-35,0.0,0.0,7.5742467e-13
210000,268,307,0,2.4221517e-11,4.7473443e-20,0.0,0.0,0.0,1.8075876e-31
210000,218,167,0,-2.2803105e-15,1.4506847e-18,0.0,0.0,1e-45,2.6000556e-30
210000,103,313,0,1.3270396e-12,1.878523e-12,3.5492466e-30,0.0,2.2021117e-24,2.0772808e-15
210000,335,471,0,-4.4520236e-13,2.1894042e-11,6.8060757e-19,5.366812e-28,6.654845e-17,1.1573867e-11
210000,81,95,0,-2.454611e-12,3.3035866e-10,3.2862906e-14,2.8742864e-19,1.9657493e-11,3.3388698e-11
210000,288,92,0,-2.654737e-13,7.519204e-12,3.9016914e-18,3.1032666e-26,4.59662e-21,5.529337e-15
210000,212,96,0,1.8688022e-11,1.3936064e-13,3.4004472e-26,1.72049e-40,1.0605758e-25,2.7432657e-19
210000,363,377,0,1.1650147e-11,8.222327e-12,3.5583632e-30,0.0,6.816388e-21,9.533042e-13
210000,106,77,0,4.6691814e-11,2.4758067e-11,6.937239e-19,5.185182e-27,2.837374e-17,1.7508205e-13
210000,359,147,0,3.8952255e-11,7.239901e-14,2.488128e-33,0.0,8.767319e-31,1.1908615e-16
210000,231,192,0,-7.792181e-14,2.6884525e-12,0.0,0.0,2.179572e-22,7.1572423e-19
210000,241,178,0,-2.303553e-13,1.7119083e-13,0.0,0.0,2.661874e-27,2.1079452e-21
210000,144,357,0,2.4041203e-12,1.3817815e-13,2.9317605e-34,0.0,4.322115e-27,5.4827276e-20
210000,176,110,0,-1.0355801e-13,1.4671489e-12,1.1349319e-20,5.8165547e-32,3.6951665e-25,1.04603e-17
210000,128,258,0,5.256922e-11,1.578257e-25,7.526989e-35,0.0,0.0,2.1131058e-17
210000,325,238,0,2.2952415e-12,1.267927e-18,9.783936e-39,0.0,2.94e-43,1.9538038e-21
210000,305,374,0,1.7761287e-11,1.3333783e-12,1.1146327e-30,0.0,4.122726e-25,4.0272813e-19
210000,93,328,0,3.2945272e-10,1.7177178e-13,2.6421954e-25,7.466236e-39,1.0449604e-30,4.4332325e-13
210000,389,121,0,7.999792e-11,1.9552244e-11,3.5252607e-14,2.809645e-18,3.7409227e-17,1.2051222e-15
210000,130,335,0,4.0000163e-11,2.6512536e-15,3.0441567e-19,4.667846e-29,1.2178225e-32,3.989142e-21
210000,229,204,0,9.080739e-12,1.7346476e-14,6.4153236e-36,0.0,2.4825397e-32,2.3807715e-20
210000,290,240,0,4.2270436e-12,8.2838615e-16,0.0,0.0,7.256512e-39,1.3181542e-19
210000,222,99,0,1.481336e-10,1.3517584e-11,4.2596583e-32,0.0,1.4556668e-18,2.307246e-27
210000,392,220,0,3.110198e-12,6.994217e-14,1.4345447e-33,0.0,4.2084272e-29,1.2082388e-11
210000,365,158,0,3.228683e-11,6.6008756e-14,6.359369e-28,9.944e-42,6.106911e-34,6.6694157e-16
210000,365,41,0,-9.576068e-13,2.9939063e-12,5.4916568e-14,1.8021652e-19,6.9138485e-19,2.133737e-11
210000,34,365,0,-7.634724e-13,6.244549e-11,1.2051394e-21,3.1468526e-34,1.4829086e-15,1.6838639e-10
210000,312,7,0,-1.1867131e-12,2.4801822e-10,1.2246391e-31,0.0,1.2885693e-10,7.884881e-11
210000,241,480,0,-5.4575225e-13,5.2660248e-11,6.803086e-21,1.6399717e-32,1.258372e-16,4.0636425e-10
210000,255,29,0,-8.904097e-14,4.830113e-15,1.8430165e-17,5.543692e-26,7.1979525e-30,1.8002573e-10
210000,168,169,0,2.8252432e-14,2.157522e-18,0.0,0.0,1.11332e-40,4.696749e-17
210000,374,337,0,-1.0447621e-13,2.666461e-14,8.956724e-35,0.0,6.634691e-34,2.0135524e-10
210000,447,293,0,5.4363636e-12,2.6724037e-10,7.196549e-18,5.3948618e-27,4.7478847e-11,1.27092e-10
210000,291,157,0,1.8009942e-10,1.3910068e-12,0.0,0.0,4.0304885e-26,2.4630203e-21
210000,482,404,0,-6.067168e-13,1.2984996e-11,1.0778315e-15,9.882526e-22,1.8915501e-17,3.0934245e-11
210000,283,446,0,2.7608276e-12,1.3488382e-13,3.534527e-12,2.1403193e-15,2.7948855e-17,1.08031524e-13
210000,229,416,0,5.3655674e-12,4.8174544e-18,1.0771018e-12,2.0094198e-16,8.533459e-19,1.2664836e-10
210000,393,480,0,-2.4709453e-13,5.500743e-13,4.7179102e-26,9.86675e-40,2.4102734e-28,7.934194e-11
210000,347,59,0,3.61847e-12,2.1212324e-10,1.2993597e-13,5.075339e-19,9.852876e-13,2.2329697e-13
210000,159,234,0,1.4112985e-13,8.873302e-15,0.0,0.0,3.061247e-38,7.2543966e-30
210000,55,358,0,-2.0992508e-13,7.1581656e-12,2.9925808e-26,7.43e-42,2.5804398e-20,4.5639484e-14
210000,286,285,0,-2.4244655e-13,1.9062373e-12,0.0,0.0,1.4590905e-23,1.5246718e-33
210000,31,162,0,-7.399302e-13,1.0742819e-11,2.2152565e-15,2.6417217e-22,7.235995e-21,2.8970073e-12
210000,10,271,0,-5.275597e-13,1.9852741e-12,2.552465e-30,0.0,4.4057257e-23,8.4477855e-11
210000,167,425,0,3.4550775e-13,2.0697125e-13,5.537545e-20,1.5e-44,1.1436248e-31,2.3642975e-11
210000,15,5,0,-1.0274364e-12,5.431141e-11,1.8845178e-29,0.0,3.358183e-15,7.975685e-12
210000,398,280,0,3.1260182e-11,3.0126238e-13,3.0400826e-25,7.569342e-39,4.137792e-31,9.296298e-18
210000,55,61,0,-3.820893e-13,8.575474e-12,2.9765778e-12,9.532706e-16,4.6879225e-18,1.0161506e-10
210000,96,179,0,1.3305098e-11,7.177111e-11,1.841833e-23,1.8406787e-37,5.8285476e-15,2.9887877e-09
210000,176,382,0,5.525518e-11,2.37659e-12,4.952463e-33,0.0,2.4245008e-22,8.3908155e-38
210000,253,153,0,2.9103318e-13,4.448767e-12,0.0,0.0,4.729768e-18,2.9887863e-09
210000,434,386,0,-4.2564652e-13,7.8551915e-11,5.2304046e-17,1.0895317e-23,3.3217606e-09,3.08811e-09
210000,426,463,0,-1.1645363e-12,3.79077e-11,4.3762036e-11,2.3748614e-13,1.3098747e-14,2.9891913e-09
210000,7,14,0,-6.275302e-13,6.478523e-11,2.9441917e-14,1.9639801e-19,4.6812655e-14,1.845805e-11
210000,60,190,0,-8.2225334e-13,9.746299e-12,6.7434357e-18,8.966728e-26,1.3442772e-20,6.81983e-13
210000,482,83,0,-1.2241975e-12,9.275557e-12,1.5509359e-12,2.6864666e-16,1.2922816e-18,3.9145505e-12
210000,339,19,0,-7.094408e-13,1.7375072e-10,8.639774e-26,7.190347e-39,9.7623805e-11,1.1031304e-15
210000,439,93,0,6.182239e-13,6.918261e-11,4.2360776e-25,2.040438e-39,1.3626536e-14,2.9596163e-13
210000,91,36,0,-3.0677766e-13,2.0967288e-12,1.6518075e-21,1.1480221e-30,4.8311558e-23,2.9980216e-09
210000,122,221,0,4.1742557e-10,1.4823143e-14,0.0,0.0,1.5804191e-27,2.9887943e-09
210000,462,27,0,-1.6033465e-12,1.5736148e-10,8.208831e-20,2.8065753e-29,1.0520876e-10,1.6544533e-12
210000,392,72,0,-3.742386e-13,6.750346e-11,6.4056027e-21,5.0411005e-32,5.809642e-15,3.204458e-09
210000,112,95,0,-5.3244345e-13,4.5120214e-12,3.4889935e-09,7.192502e-10,1.1532675e-09,4.567474e-12
210000,175,45,0,-1.659153e-13,8.99433e-14,1.4884647e-14,2.6972566e-19,2.7777547e-22,1.5507732e-11
210000,465,433,0,-3.3169856e-13,3.2037312e-13,1.7591663e-23,2.3264308e-37,3.1672866e-25,2.3248956e-13
210000,499,4,0,-4.180415e-13,1.9710986e-12,1.7370308e-28,1e-45,1.5802302e-23,1.03621955e-11
210000,367,306,0,4.860951e-12,7.8419445e-11,2.003114e-18,9.445987e-25,1.3630949e-14,3.4696024e-15
210000,390,240,0,1.0245527e-12,5.643723e-17,4.87276e-27,2.70303e-39,3.027e-42,2.988999e-09
210000,487,440,0,-1.5538832e-12,3.1830105e-10,8.71464e-13,2.1328743e-17,3.842141e-11,3.1657e-12
210000,142,423,0,-4.8638513e-13,3.510539e-10,3.462259e-09,7.191878e-10,8.460295e-09,6.8129346e-18
210000,7,457,0,-8.9913665e-14,2.1827954e-15,1.6882337e-10,5.5760652e-12,1.0658784e-12,3.0141378e-09
210000,38,259,0,-1.7425716e-13,3.775816e-11,1.515176e-18,1.2830419e-26,7.090993e-15,8.368781e-12
210000,4,441,0,-1.0157878e-12,1.9333674e-10,6.18809e-13,1.2170716e-17,3.7159742e-09,3.107594e-13
210000,485,126,0,-1.4525261e-12,2.0717751e-10,3.463945e-09,7.19188e-10,1.1600519e-09,1.6098924e-11
210000,53,16,0,-1.51639e-12,1.5665165e-10,1.037305e-17,1.2604169e-25,4.9077335e-12,3.0059666e-09
210000,149,437,0,-2.6767447e-13,5.223773e-12,5.5628813e-21,3.593322e-32,5.3878114e-21,1.2240244e-13
210000,445,116,0,1.1084875e-11,2.7013738e-12,1.3389902e-15,1.2350161e-21,2.1806935e-22,3.8821576e-12
210000,477,91,0,-6.203034e-13,8.161954e-11,6.5032217e-15,8.730892e-21,7.424377e-12,3.0398177e-13
210000,117,400,0,1.4335526e-10,2.510913e-14,2.7633951e-31,0.0,3.1199524e-31,8.321386e-12
210000,182,464,0,-1.7813611e-14,1.4958942e-16,7.745911e-17,3.5849445e-24,2.864631e-29,2.9887939e-09
210000,213,175,0,-8.6508295e-14,1.12024403e-13,0.0,0.0,1.3097649e-28,3.2571547e-29
210000,457,83,0,-7.942844e-13,3.0344457e-12,2.5760363e-17,4.559977e-25,4.070796e-24,2.992282e-09
210000,377,188,0,1.1334595e-12,4.3318415e-11,0.0,0.0,3.0667948e-15,3.280109e-21
210000,468,496,0,-4.599992e-13,4.2584642e-12,2.9765313e-12,9.532706e-16,5.373113e-18,2.9906861e-09
210000,239,35,0,-2.9412006e-13,1.7382191e-11,3.1016954e-23,4.081722e-36,1.2460094e-17,1.3747234e-10
210000,418,492,0,-9.0273275e-13,2.6126677e-11,1.6255182e-13,2.275952e-18,1.8202238e-17,2.276724e-12
210000,488,42,0,-1.2276799e-12,3.793747e-11,3.799243e-16,3.6377574e-21,1.6446192e-16,9.3082334e-11
210000,480,113,0,-6.776803e-13,1.0641318e-11,4.2854728e-13,1.6721866e-17,2.2199371e-20,4.4517795e-10
210000,4,397,0,-1.6114729e-13,6.769032e-14,3.3130125e-14,7.250244e-20,8.170362e-24,3.1841032e-14
210000,354,186,0,5.8881064e-12,8.940004e-16,1.775358e-29,0.0,3.243487e-36,1.9151853e-17
210000,119,86,0,8.6278434e-13,2.222718e-11,2.668833e-19,2.6098986e-30,5.6480014e-16,3.3947845e-13
210000,333,399,0,2.3154308e-12,1.0895826e-12,3.2365324e-15,1.478885e-21,5.0363237e-25,7.9443935e-17
210000,364,301,0,3.6303285e-12,5.0127586e-11,3.462259e-09,7.191878e-10,1.1533062e-09,7.823404e-13
210000,256,407,0,-4.2341163e-13,3.5253191e-12,8.536172e-22,2.6735336e-34,2.2137797e-23,2.9887988e-09
210000,320,366,0,5.0243778e-11,1.0501537e-17,9.3473155e-12,2.2120863e-14,9.402907e-16,3.4027888e-17
210000,324,342,0,1.22183895e-11,1.2764726e-13,3.39152e-40,0.0,1.2914713e-29,1.01260205e-14
210000,468,418,0,-6.092632e-13,9.102362e-12,4.4688205e-15,9.371385e-21,3.364829e-20,2.9900062e-09
210000,430,14,0,-2.0313415e-12,2.480703e-10,8.710007e-15,1.5405292e-21,3.513306e-09,4.9070114e-12
210000,329,111,0,5.0073834e-11,2.330171e-12,7.204356e-22,8.067929e-33,2.338058e-23,2.9887863e-09
210000,56,286,0,-4.5483967e-13,2.8187988e-12,7.666498e-19,1.9950573e-27,8.468155e-25,1.0708554e-11
210000,328,390,0,5.2473224e-11,1.0853512e-12,5.0675814e-19,3.2503274e-28,4.541493e-25,9.565659e-15
210000,108,2,0,-4.1396693e-13,8.317079e-12,3.4622596e-09,7.191878e-10,1.1532664e-09,6.2284886e-11
210000,242,75,0,2.2456547e-11,1.0516519e-10,3.0956348e-28,7.6e-44,3.3964744e-09,5.9585236e-13
210000,30,30,0,-8.740271e-13,5.6271595e-11,7.993687e-11,1.6251375e-12,2.7599036e-13,6.875583e-13
210000,350,305,0,7.670867e-11,4.3349088e-17,3.462259e-09,7.191878e-10,1.1532664e-09,1.398562e-15
210000,115,224,0,3.4343275e-10,1.0382721e-14,2.107819e-39,0.0,7.902264e-28,5.4528113e-17
210000,265,411,0,-4.4546062e-13,1.1755224e-11,1.15152055e-20,3.601623e-31,1.3026991e-18,3.0340942e-13
210000,69,471,0,-8.931379e-13,2.0731621e-11,1.547581e-20,1.156533e-31,4.622399e-17,6.6433877e-12
210000,448,96,0,-5.2724405e-13,6.330636e-12,3.4609275e-15,3.4475163e-21,1.1640316e-19,2.9916498e-09
210000,13,51,0,-4.1873197e-13,2.0913403e-12,2.4551224e-13,1.0791896e-16,1.3243357e-18,2.9953147e-09
210000,189,94,0,3.0918193e-13,9.618622e-13,1.6777229e-18,8.812929e-28,2.9126916e-24,2.9892322e-09
210000,108,415,0,2.3560605e-11,3.7434878e-11,5.8999097e-15,9.3717004e-20,1.7038372e-16,3.0193346e-09
210000,401,94,0,1.7560355e-10,1.1753834e-12,4.013569e-18,2.9613365e-27,2.577724e-24,3.9948578e-13
210000,33,119,0,-8.1046454e-13,1.2191099e-11,3.4907106e-09,7.192611e-10,1.1532678e-09,9.582373e-14
210000,130,26,0,-4.9321284e-13,2.4106097e-11,1.4020873e-23,3.394495e-35,1.6720995e-17,1.6540679e-11
210000,236,457,0,-6.4643495e-13,1.4790632e-11,1.3250298e-16,2.023515e-24,5.5840435e-19,2.9973595e-09
210000,164,182,0,4.8267193e-12,4.9474564e-16,0.0,0.0,1.3169037e-32,1.0855201e-26
210000,44,361,0,-2.1070104e-13,1.934666e-13,6.8968265e-25,9.0910006e-38,1.9765565e-27,1.2416368e-11
210000,416,385,0,-1.8742999e-13,2.7723626e-14,8.252671e-33,0.0,2.4826065e-32,4.07528e-11
210000,264,409,0,-4.574296e-13,1.10337755e-11,2.895881e-22,9.777477e-35,1.3332292e-19,5.3840572e-14
210000,296,449,0,-3.2677547e-13,1.8651595e-12,1.3769458e-18,3.9497437e-26,1.307834e-22,3.2967404e-09
210000,338,481,0,-5.211652e-13,7.531534e-12,2.6734497e-11,6.238393e-14,1.1573767e-15,4.540468e-11
210000,137,88,0,6.0304636e-11,1.2536754e-14,3.4227683e-11,1.4861953e-13,7.324712e-15,2.0280114e-13
210000,485,433,0,-1.0764435e-12,1.5586737e-10,2.5319115e-12,2.9577678e-16,6.8762617e-13,4.9389555e-12
210000,3,277,0,-9.830308e-13,1.6047275e-10,3.52605e-40,0.0,1.0520876e-10,1.6696444e-14
210000,390,156,0,3.1675165e-10,7.492312e-12,2.3997412e-14,5.632756e-20,1.143098e-19,2.9887866e-09
210000,266,2,0,-3.027238e-14,1.5232845e-16,7.8179055e-16,6.2421945e-23,5.933751e-28,8.778067e-12
210000,361,133,0,-1.8244084e-13,9.4592854e-11,7.7e-44,0.0,6.273303e-13,2.9954872e-09
210000,34,480,0,-4.3209913e-13,2.8620157e-11,3.9299176e-12,1.5395383e-15,8.115846e-17,2.1663952e-14
210000,175,10,0,-5.710524e-14,1.3490373e-15,1.5263754e-26,3.254e-42,1.53655e-39,2.9897365e-09
210000,206,73,0,2.4304541e-14,4.5290774e-22,6.889326e-22,3.754367e-33,2.3166e-41,1.9007795e-11
210000,453,462,0,-4.2665207e-13,1.0642099e-11,1.8545762e-18,4.774032e-25,4.0631722e-19,2.9891556e-09
210000,104,499,0,-7.0896484e-13,1.9654599e-10,2.758482e-27,8e-45,1.243379e-10,3.2902583e-09
210000,174,423,0,3.157286e-13,4.6413264e-13,3.462259e-09,7.191878e-10,1.1532664e-09,5.045129e-11
210000,87,47,0,-1.5573128e-13,7.6524155e-14,2.8252894e-14,8.4627535e-19,1.0308001e-21,2.0213305e-11
210000,197,328,0,1.1866692e-11,5.1024468e-20,0.0,0.0,0.0,5.6346e-41
210000,300,470,0,-1.0063063e-12,2.985643e-10,1.3195386e-26,2.0792e-41,3.8421284e-11,6.861986e-12
210000,293,93,0,-1.9401853e-13,3.1741339e-13,1.0913696e-14,5.686546e-20,1.8534184e-23,5.417407e-13
210000,164,23,0,-3.0349632e-13,2.0161253e-11,9.522611e-17,2.2230058e-23,3.6486156e-16,2.9887863e-09
210000,473,181,0,-1.4108446e-12,1.4518113e-10,1.9956908e-23,1.9788442e-34,1.1269199e-10,6.285702e-11
210000,499,496,0,-1.693145e-14,1.5761557e-12,9.679229e-25,1.94395e-37,1.1726793e-22,2.7019407e-09
210000,18,497,0,-3.0807805e-13,5.2255406e-13,6.3451866e-21,3.1757467e-32,1.6621092e-28,1.597538e-10
210000,8,102,0,-8.651913e-13,4.13372e-11,1.6829201e-17,5.997332e-25,3.330169e-15,3.0102059e-09
210000,75,12,0,-8.7025336e-13,7.279853e-11,5.823144e-14,1.3656735e-18,8.385443e-14,1.2361203e-12
210000,463,211,0,-7.946322e-13,1.4787142e-11,5.4952245e-14,1.8021656e-19,7.400156e-18,1.1710024e-19
210000,468,154,0,-1.2911457e-12,1.7144053e-10,1.1435431e-19,9.460635e-31,2.3812749e-12,2.989744e-09
210000,453,305,0,-2.3124547e-13,1.1612817e-11,5.0957392e-20,1.4139477e-30,1.977061e-19,3.012732e-09
210000,72,263,0,3.433258e-10,2.0824497e-12,1.8230434e-14,5.1836097e-20,5.8303292e-21,2.9887905e-09
210000,19,120,0,-8.1325154e-13,7.584073e-11,1.9076126e-15,9.027123e-22,4.0608138e-12,9.79604e-12
210000,136,485,0,-8.6040956e-13,1.812401e-10,6.3189685e-16,2.2860018e-22,1.6667171e-12,2.9887977e-09
210000,316,85,0,2.0086878e-13,5.731368e-11,9.836415e-19,2.3129768e-27,9.237858e-16,4.7067027e-13
210000,364,214,0,1.0699032e-11,6.4264615e-13,2.1313723e-37,0.0,4.9051336e-24,6.122243e-31
210000,144,142,0,-3.1882396e-13,5.888749e-13,2.1563634e-33,0.0,2.0034353e-21,1.4847702e-18
210000,480,150,0,-6.5964736e-13,7.248288e-12,4.0333355e-26,8.81e-43,1.3602247e-20,2.989266e-09
210000,405,483,0,-1.1836108e-12,1.07625985e-10,1.3833462e-23,2.4341575e-35,7.529865e-15,2.997576e-09
210000,278,70,0,-3.0160707e-13,7.794422e-12,2.8026454e-17,3.0727488e-26,3.4914938e-20,4.1649618e-11
210000,484,150,0,-7.1090876e-13,8.6721005e-11,3.5468025e-29,0.0,1.9042433e-12,2.9903717e-09
210000,471,65,0,-1.3709619e-12,2.7425489e-11,2.733199e-16,2.0082114e-23,1.1578878e-17,3.1158525e-09
210000,15,140,0,-1.7496131e-12,8.209748e-11,1.1754946e-17,3.4676097e-26,2.8066233e-15,2.1422993e-13
210000,29,35,0,-7.215163e-13,3.21658e-11,5.820132e-12,4.9603435e-15,1.1478977e-16,4.0662115e-10
210000,424,454,0,-1.5963995e-13,5.830942e-11,1.9291157e-14,5.283763e-20,1.1943186e-13,6.102885e-14
210000,365,44,0,-3.0658048e-12,3.398061e-10,1.5203106e-16,3.6512533e-24,1.9657494e-11,2.9898697e-09
210000,337,452,0,4.449892e-11,8.07599e-15,2.1132773e-16,1.1856165e-24,1.0551912e-30,3.019284e-09
210000,47,414,0,5.925835e-11,7.0766754e-11,3.4622594e-09,7.191878e-10,1.1532674e-09,9.9783244e-11
210000,430,444,0,-4.4995222e-13,1.5864146e-10,2.0157035e-13,2.9804196e-18,3.0863654e-12,3.284125e-11
210000,215,154,0,3.3347852e-13,6.841243e-14,0.0,0.0,2.0770955e-30,1.1584422e-22
210000,419,319,0,-7.100432e-13,2.7607673e-11,3.4622605e-09,7.191878e-10,1.1532684e-09,1.9748575e-15
210000,210,458,0,-1.142941e-13,1.0841628e-13,1.1754921e-17,3.4676097e-26,2.7244963e-28,3.0188498e-09
210000,153,12,0,-6.0544907e-13,4.532643e-11,5.112379e-13,3.183289e-17,2.7382718e-15,1.6919319e-12
210000,117,1,0,-4.817254e-13,2.6042037e-11,6.836122e-22,6.898771e-38,2.2198006e-16,3.0579435e-09
210000,83,447,0,-1.1410939e-13,5.0700815e-12,3.4647911e-09,7.1918815e-10,1.1532664e-09,9.761435e-12
210000,361,36,0,-6.529717e-13,6.6277095e-11,1.2264911e-13,1.8101872e-18,2.7509436e-12,3.0809468e-09
210000,45,349,0,-3.0635282e-13,3.752169e-12,1.7341122e-12,4.042078e-16,1.8331218e-18,1.5990278e-12
210000,358,464,0,-3.4142096e-13,4.4739394e-12,3.3434807e-16,6.9186194e-23,3.923625e-21,2.5641964e-13
210000,377,366,0,-1.7077843e-13,2.4531865e-12,4.4510595e-14,3.3511082e-19,1.2139514e-22,6.2560034e-18
210000,324,485,0,-3.5158e-13,4.0385807e-12,2.2345802e-11,1.3853514e-13,7.832058e-15,3.158527e-09
210000,342,365,0,2.2819715e-11,6.1458394e-15,1.068175e-38,0.0,6.3229555e-33,2.9887863e-09
210000,226,270,0,3.94564e-12,1.33446205e-11,0.0,0.0,2.8566502e-19,2.9887863e-09
210000,363,151,0,3.557044e-11,1.09643184e-13,1.3410378e-32,0.0,1.2487307e-31,3.1118407e-15
210000,431,264,0,9.349273e-12,5.2849704e-12,1.499007e-17,7.525784e-25,1.0541892e-20,2.9887872e-09
210000,409,31,0,-1.1185588e-12,9.812129e-12,7.0233196e-13,2.884898e-16,4.1724053e-18,1.7294723e-10
210000,91,174,0,3.424335e-12,1.2380509e-12,1.1545392e-23,1.1335438e-37,2.1657545e-23,2.9887863e-09
210000,99,41,0,-1.2394939e-12,2.1522612e-11,1.6068185e-18,1.6193954e-26,5.2320704e-18,2.2041518e-11
210000,23,396,0,-5.1939334e-13,9.010678e-11,1.6236552e-10,4.38286e-12,1.7763509e-12,7.575313e-12
210000,176,452,0,-2.7394742e-13,4.395776e-11,9.299054e-17,8.230554e-23,1.0094335e-15,3.0128695e-09
210000,378,326,0,-2.124507e-13,1.068162e-12,0.0,0.0,1.1644488e-26,2.9887863e-09
210000,351,144,0,3.166174e-11,9.076522e-15,3.5830104e-33,0.0,1.5923518e-33,1.9934099e-23
210000,489,66,0,-1.1771168e-12,1.3616697e-11,7.87632e-17,3.7853108e-25,4.506867e-20,3.2129712e-09
210000,173,482,0,-8.280958e-14,8.10281e-15,1.8148372e-19,1.5748585e-30,6.4281826e-34,3.8340633e-11
210000,451,468,0,-5.910756e-13,3.7046855e-11,3.462259e-09,7.191878e-10,1.1532691e-09,8.588712e-12
210000,422,177,0,1.1423704e-11,1.87313e-10,6.683852e-25,2.230822e-39,3.1185972e-12,6.5988535e-14
210000,29,66,0,-8.6191487e-13,2.916365e-11,2.4251542e-19,2.5125413e-29,4.4072597e-17,1.7599051e-10
210000,38,438,0,-1.3034717e-12,1.2440472e-10,6.852856e-11,8.9194694e-13,9.5167635e-14,3.2188772e-09
210000,47,2,0,-3.867813e-13,1.2435861e-12,6.1844163e-21,2.6280657e-30,3.5622977e-22,6.704892e-12
210000,294,124,0,-1.9384264e-13,2.3934344e-12,4.835215e-33,0.0,1.5889719e-24,2.5289386e-17
210000,425,257,0,7.121729e-12,1.3416071e-11,8.409039e-27,7.51e-42,4.2602243e-17,1.4906435e-12
210000,179,20,0,-1.18131865e-14,7.647947e-18,8.26653e-15,1.3691225e-20,1.4516756e-24,3.1695848e-09
210000,42,5,0,-3.9122606e-13,6.573587e-11,1.037254e-17,1.2604135e-25,6.891211e-14,3.0250245e-09
210000,285,113,0,-4.3030968e-13,2.8866048e-12,5.670861e-37,0.0,1.057046e-23,2.988821e-09
210000,17,60,0,-9.232169e-13,3.514135e-11,4.764672e-15,5.684774e-21,3.6684346e-16,2.9661742e-11
210000,431,411,0,-5.709429e-13,4.5065505e-12,3.4510933e-16,1.3127424e-21,7.109358e-21,3.1372132e-18
210000,161,495,0,-4.9317977e-13,3.0163485e-12,3.4624148e-09,7.191879e-10,1.1532664e-09,1.12705026e-10
210000,35,468,0,-1.014216e-12,7.4349346e-11,3.5555317e-10,4.3952453e-11,2.732659e-11,5.998479e-12
210000,34,450,0,-5.8466545e-13,5.3856047e-12,5.104424e-13,8.9787056e-18,3.9743936e-21,1.5630558e-13
210000,477,474,0,-9.334758e-13,1.2740164e-10,1.3897436e-13,3.1697667e-18,1.271223e-10,3.0413985e-09
210000,399,403,0,-1.0115432e-12,1.0714065e-10,4.083702e-18,8.553056e-28,2.7306696e-14,2.4984799e-11
210000,343,8,0,-2.6279955e-13,2.000225e-12,5.8264987e-13,8.6255145e-17,3.4541256e-19,9.5847316e-11
210000,302,162,0,2.2281774e-11,2.0429953e-11,0.0,0.0,1.2094958e-18,5.0464148e-23
210000,197,151,0,3.2259417e-11,2.1854137e-17,0.0,0.0,1.704e-42,5.2172334e-19
210000,229,213,0,3.1487583e-11,6.51371e-11,4.299691e-28,1.2372e-41,6.891211e-14,1.02965016e-25
210000,285,400,0,-3.3066613e-13,3.743708e-11,1.6917101e-16,8.6213086e-24,1.4579939e-15,3.0415037e-09
210000,92,32,0,-2.9281262e-13,1.1766907e-12,1.8051375e-21,6.590727e-30,2.9140147e-24,2.9897427e-09
210000,18,209,0,-5.6785354e-13,8.693093e-12,3.5576426e-09,7.2199136e-10,1.1537996e-09,2.316993e-15
210000,304,439,0,-2.2756157e-13,5.5974423e-11,1.7460061e-16,1.602855e-22,1.4022029e-13,5.8314166e-13
210000,24,175,0,-4.5611887e-13,3.7519428e-12,7.1943692e-12,6.8787054e-15,1.009982e-16,1.9689512e-11
210000,353,64,0,1.652649e-11,1.2285299e-10,2.083683e-15,2.4833016e-22,3.551973e-09,4.0479492e-10
210000,366,145,0,8.9784005e-12,3.543458e-11,1.1654517e-36,0.0,1.8258566e-15,2.9887925e-09
210000,341,53,0,-8.36747e-13,9.358129e-11,4.3177502e-16,4.9839768e-23,1.4244733e-15,4.5881734e-13
210000,109,20,0,-1.3880071e-12,1.5558904e-10,5.893206e-13,2.8592593e-17,2.3808989e-12,2.8096003e-11
210000,381,166,0,4.7594036e-11,4.7111224e-14,4.6629032e-30,0.0,4.4279983e-33,2.9887883e-09
210000,109,89,0,-1.1776544e-13,1.3700743e-10,4.4312605e-12,1.9142354e-15,8.709702e-14,2.2078105e-12
210000,274,70,0,-5.3901686e-13,1.12912235e-10,7.6315635e-21,1.2274773e-32,2.8246194e-12,1.491346e-12
210000,214,61,0,-1.6622197e-14,1.2159746e-16,6.42805e-19,1.6338467e-27,1.2645862e-33,3.08457e-11
210000,0,171,0,-1.3620118e-12,1.6727564e-10,1.680081e-24,1.7533838e-38,1.2252905e-12,1.3881961e-10
210000,465,107,0,-5.473621e-13,2.8181164e-12,1.1497447e-24,2.8538936e-37,2.4535718e-21,3.1234704e-13
210000,6,95,0,-6.5574016e-13,7.6235816e-11,1.7778014e-26,1.50812e-40,6.115681e-12,2.9890033e-09
210000,492,44,0,-2.2045196e-12,4.6013118e-10,3.4622591e-09,7.191878e-10,1.192338e-09,4.5410627e-11
210000,88,100,0,-1.20884205e-11,2.3779585e-09,9.418889e-23,1.6751639e-34,4.1188324e-09,8.929378e-12
210000,167,260,0,3.1263033e-12,5.80523e-17,0.0,0.0,1e-45,0.0
210000,148,155,0,-2.48279e-13,1.3578548e-12,3.56e-43,0.0,5.1420557e-23,2.7533304e-20
210000,98,155,0,1.175273e-13,2.8345173e-12,1.2371e-26,6.99e-43,3.8640058e-22,2.2054029e-18
210000,91,405,0,9.340665e-11,7.60856e-12,1.04751784e-16,2.2531995e-24,5.348541e-20,4.9822655e-12
210000,11,79,0,-7.252005e-13,1.0616628e-10,2.2218932e-12,2.340346e-16,1.1999529e-10,3.157509e-11
210000,280,89,0,-2.067088e-13,1.9531342e-11,3.1482191e-25,3.3743794e-37,2.8700907e-16,9.6875395e-14
210000,242,336,0,-3.088809e-13,9.6070055e-11,2.1010195e-27,1.1331e-41,2.1724718e-12,1.0815199e-28
210000,225,354,0,1.2732066e-11,5.7788565e-14,3.39152e-40,0.0,7.629339e-29,1.4349755e-32
210000,444,91,0,-1.4706308e-13,5.213722e-12,1.62867e-23,9.040945e-36,7.853103e-21,2.4035248e-15
210000,186,322,0,2.2627645e-11,5.848399e-19,0.0,0.0,0.0,8.1999434e-36
210000,290,326,0,-4.075578e-14,7.0076522e-15,8.79041e-34,0.0,2.6918977e-34,1.8869902e-17
210000,199,332,0,2.7428526e-11,5.0141194e-17,0.0,0.0,0.0,4.1973e-41
210000,176,383,0,5.0239937e-11,3.7442276e-12,1.6921813e-32,0.0,1.3395682e-20,5.1989343e-37
210000,135,109,0,6.142509e-11,1.5770946e-13,2.9786252e-29,7.6e-44,1.360023e-29,1.8989175e-16
210000,11,383,0,-1.9899315e-13,1.8301953e-13,5.2153616e-13,5.422955e-17,2.0460204e-19,2.9031228e-12
210000,458,468,0,-5.0038234e-13,4.5576758e-11,9.179522e-19,2.0229234e-24,8.065189e-17,1.4208963e-11
210000,385,330,0,-6.109161e-13,1.9332829e-11,0.0,0.0,1.0144463e-18,3.7011343e-17
210000,393,371,0,-6.322339e-13,4.219896e-12,1.466207e-29,1e-45,5.7940184e-17,2.966508e-13
210000,421,465,0,-1.9552211e-12,3.3204994e-10,6.931919e-13,2.7083478e-17,4.748018e-11,3.0456206e-09
210000,434,270,0,6.3728474e-11,4.187906e-11,2.789694e-17,1.4024666e-25,3.7886137e-16,5.36699e-14
210000,346,20,0,-6.6062856e-13,4.02727e-11,5.7056314e-27,5.349e-42,6.2942244e-17,2.9890799e-09
210000,166,414,0,3.08174e-11,8.6845225e-11,2.6744559e-17,3.4778967e-25,2.3187723e-13,4.3606273e-15
210000,265,484,0,-4.2611593e-13,1.2849612e-11,9.9473686e-11,4.9333944e-12,1.1370092e-12,3.1665799e-09
210000,184,396,0,2.0542483e-11,5.2048226e-17,4.9012e-41,0.0,4.2e-43,2.247384e-29
210000,42,48,0,-1.0763327e-12,1.3484774e-10,1.3935256e-12,1.06526946e-16,2.2918856e-12,2.9889424e-09
210000,57,279,0,9.436671e-13,4.4640975e-11,1.5092975e-13,1.552126e-17,4.132818e-15,1.923839e-12
210000,84,259,0,1.2386286e-11,8.4474946e-19,2.6271264e-16,1.5686378e-23,1.3449794e-28,3.13312e-09
210000,50,487,0,-1.5380058e-12,7.939527e-11,3.4780197e-09,7.193319e-10,1.1534272e-09,1.634402e-13
210000,131,10,0,-1.1688845e-12,5.3291943e-10,4.8206095e-11,6.3689624e-13,3.933823e-09,4.3812727e-12
210000,403,499,0,-1.3005607e-12,8.45415e-11,7.942335e-22,9.791347e-33,8.984354e-16,3.301155e-09
210000,329,403,0,2.2154765e-12,3.9964293e-15,3.4669714e-09,7.191893e-10,1.1532664e-09,1.363815e-15
210000,497,394,0,-5.2730146e-13,8.327326e-12,1.0189988e-09,5.193307e-10,1.0523418e-09,1.5142707e-11
210000,377,129,0,8.902363e-13,7.115613e-11,1.3309578e-33,0.0,6.7580815e-12,2.989451e-09
210000,242,247,0,-6.4306e-14,8.194891e-14,2e-44,0.0,7.870733e-30,2.9887863e-09
210000,294,34,0,-1.8640124e-12,3.7424674e-10,6.123468e-11,5.5404157e-13,3.851049e-11,2.9915457e-09
210000,493,322,0,-5.5306416e-13,5.1350825e-12,1.5665529e-15,3.1504775e-22,1.19689905e-23,3.632678e-11
210000,71,243,0,2.3847124e-12,9.365044e-17,3.2518615e-12,3.9373024e-16,6.499026e-19,9.402648e-11
210000,406,223,0,1.7667748e-13,1.0346758e-14,7.455185e-19,1.665552e-26,8.762252e-32,3.0130496e-09
210000,13,146,0,-1.494933e-12,8.343521e-11,5.995419e-25,3.784597e-39,8.3892054e-14,1.2650881e-12
210000,73,349,0,6.214851e-11,2.2719218e-09,1.4924416e-15,5.4138077e-22,4.1188084e-09,4.4548685e-13
210000,236,356,0,3.528057e-14,1.0853004e-13,0.0,0.0,1.390989e-29,1.180158e-22
210000,197,193,0,3.2611382e-14,3.2063156e-20,0.0,0.0,0.0,3.495221e-32
210000,256,231,0,4.548668e-11,2.2808186e-09,4.975347e-28,1.242e-42,4.1188084e-09,3.3344468e-16
210000,251,234,0,2.0196818e-11,9.821175e-13,3.4717953e-35,0.0,1.1487365e-25,5.459615e-16
210000,23,335,0,-2.3381947e-13,4.693361e-13,2.802708e-17,3.0727488e-26,7.917707e-24,4.631605e-16
210000,17,99,0,-4.6954866e-13,3.5452527e-13,8.406785e-15,5.3725914e-21,1.9706307e-25,1.56477e-12
210000,165,61,0,1.9692275e-12,5.1458983e-14,3.7065394e-26,6.2934e-41,3.3805092e-34,1.8088716e-11
210000,195,190,0,5.8225824e-15,4.6117106e-22,0.0,0.0,0.0,3.421845e-29
210000,152,123,0,2.3471676e-13,9.421848e-14,4.1020605e-24,1.381855e-36,3.547955e-31,3.8093015e-16
210000,159,331,0,9.812366e-13,1.00414445e-22,7.384514e-26,2.028061e-39,0.0,4.5170446e-16
210000,469,241,0,-4.849261e-13,1.047296e-11,1.4658382e-11,1.8132866e-14,2.8272864e-16,3.4402466e-12
210000,127,162,0,4.0931705e-14,2.8762547e-20,0.0,0.0,0.0,1.2280763e-13
210000,365,10,0,-6.967572e-13,6.8304407e-12,6.2076743e-13,4.2810355e-17,6.53246e-20,4.108612e-12
210000,161,65,0,4.3710023e-12,1.4500062e-11,5.6639662e-30,0.0,7.590774e-19,8.68958e-13
210000,396,257,0,1.1293496e-10,5.522831e-12,3.9118103e-19,6.7399546e-28,2.8199167e-21,4.5202995e-12
210000,406,161,0,2.7075382e-11,5.794802e-13,1.9339454e-16,4.3440424e-23,4.475888e-27,5.5638362e-11
210000,461,383,0,-6.049436e-13,9.019557e-11,1.5651028e-10,3.8030356e-12,5.573491e-12,4.050513e-12
210000,311,133,0,3.7854897e-12,7.737386e-14,1.3822748e-11,3.7145258e-14,1.626697e-15,8.434547e-14
210000,441,191,0,-2.9381844e-13,1.0813118e-12,1.4995244e-17,7.5257897e-25,9.807418e-22,3.7197722e-13
210000,186,463,0,-1.1802292e-14,8.797772e-18,4.920981e-16,3.9616872e-22,3.4573012e-26,1.607757e-13
210000,49,411,0,1.6250036e-10,1.3788852e-10,6.8495734e-15,2.9136483e-19,1.0520875e-10,6.547877e-11
210000,489,37,0,-1.0256911e-12,4.6351195e-12,1.1575763e-12,7.924326e-17,1.1671349e-19,2.9892924e-09
210000,448,90,0,-1.2308283e-12,2.1913661e-10,2.101634e-21,1.0989116e-31,7.340424e-11,4.977173e-13
210000,428,382,0,-4.4173698e-13,4.403309e-12,1.7107952e-24,5.5177004e-37,1.4219287e-22,5.1468153e-11
210000,107,493,0,-6.669639e-13,1.4817281e-11,2.6869576e-25,1.14982e-40,4.034488e-19,6.4314537e-13
210000,269,385,0,1.5465531e-12,1.00695615e-11,4.1353496e-13,2.3199008e-17,5.759348e-18,2.0374437e-11
210000,44,273,0,-8.1624106e-14,6.4064836e-14,5.5000283e-19,1.7374022e-26,9.439488e-28,2.992317e-09
210000,47,286,0,-7.917371e-13,1.0186863e-10,2.0431985e-13,6.2250193e-18,1.905075e-12,3.367915e-13
210000,240,406,0,-7.4507615e-13,6.383112e-11,5.3967877e-20,8.912644e-29,1.1560471e-15,1.9501487e-10
210000,200,402,0,2.3397365e-12,2.6507e-16,2.8e-43,0.0,3.404e-42,4.0777566e-17
210000,404,472,0,-5.67463e-13,7.832699e-13,3.8569206e-21,4.462041e-33,1.3586633e-22,2.4776188e-12
210000,284,44,0,-4.0649678e-13,5.7283865e-13,9.942647e-17,1.914706e-23,6.4810923e-28,3.967923e-14
210000,190,13,0,-1.9017081e-13,7.286982e-13,3.794135e-18,5.5671023e-25,6.314885e-26,2.9893927e-09
210000,326,300,0,-1.735375e-13,4.7338864e-13,3e-45,0.0,1.12788e-22,2.988789e-09
210000,455,177,0,-2.4392489e-12,1.3597559e-10,1.1011107e-14,5.686691e-20,1.4236121e-13,9.869502e-13
210000,402,266,0,2.110401e-10,7.70041e-11,9.700986e-28,5.96e-43,3.448251e-14,2.9887863e-09
210000,351,458,0,5.645824e-13,1.163912e-13,3.4148758e-15,6.6212015e-21,8.291033e-25,8.575888e-12
210000,2,80,0,-4.1539135e-13,6.351508e-13,3.764766e-16,2.661892e-24,3.1887705e-26,1.2110858e-11
210000,459,155,0,-8.999962e-13,9.231252e-12,1.0909184e-12,2.0097794e-16,8.553346e-19,2.708743e-14
210000,394,451,0,4.1947216e-13,6.826216e-11,6.5055356e-14,1.8720522e-18,2.4548779e-12,4.5965154e-12
210000,61,212,0,-8.787158e-13,1.3537685e-10,2.7710932e-20,3.0566434e-30,8.3099207e-13,2.707899e-11
210000,489,476,0,-1.0359373e-12,1.3188708e-10,5.289063e-12,7.4112825e-15,1.05208876e-10,1.21449135e-11
210000,47,218,0,-5.6259316e-13,3.9061015e-11,3.1130196e-10,1.6567206e-11,8.165028e-12,3.0655793e-09
210000,172,159,0,1.6314873e-12,2.7212034e-26,0.0,0.0,0.0,1.6444669e-13
210000,441,93,0,2.4460406e-13,8.122847e-12,1.6420764e-24,1.2335744e-37,7.279105e-19,2.9343207e-14
210000,472,95,0,-3.0502987e-13,1.0402693e-11,3.1353246e-14,6.4695957e-19,2.7604274e-20,3.0035021e-09
210000,475,251,0,-5.1893494e-13,7.846912e-12,8.5574245e-20,5.4250307e-28,7.910894e-20,1.4841667e-10
210000,479,460,0,-3.9253076e-13,1.0012764e-12,7.3919674e-13,1.6231211e-17,7.567845e-21,2.764746e-10
210000,409,59,0,-2.8617966e-13,9.4773765e-11,8.016469e-12,3.8114484e-15,6.2735076e-13,6.120058e-11
210000,125,452,0,-3.3407007e-13,1.5448611e-12,1.4868866e-10,3.24037e-12,5.5171476e-13,2.3370344e-11
210000,340,66,0,3.4750588e-11,1.0424482e-10,2.4002638e-11,4.3880647e-14,4.8414387e-14,3.0392477e-09
210000,398,445,0,1.1200721e-11,7.5675514e-11,2.7408563e-21,1.7589972e-31,2.6159688e-14,1.2427245e-10
210000,49,4,0,-9.041138e-13,5.705088e-12,3.2113434e-17,1.9575475e-23,3.9974854e-20,2.999057e-09
210000,475,198,0,-1.3450663e-12,1.5219569e-10,2.430984e-16,1.665912e-24,4.906905e-13,1.0817881e-12
210000,177,98,0,2.0954469e-12,4.5466113e-13,3.863198e-18,1.185319e-25,4.3836615e-26,3.9416644e-15
210000,39,379,0,-4.4712416e-13,2.6442055e-11,4.857521e-14,1.6733713e-17,1.0984169e-16,2.4786566e-14
210000,71,53,0,-4.1066873e-13,2.295947e-12,3.7080106e-11,7.886485e-14,2.3713865e-15,1.4460665e-12
210000,487,1,0,-1.4189973e-12,1.4684202e-11,3.8877574e-19,1.3226122e-29,2.7910974e-18,1.8827375e-11
210000,441,459,0,-1.4474687e-12,8.158188e-11,5.802963e-25,1.84881e-38,9.169607e-16,2.9936218e-09
210000,63,47,0,-5.942096e-13,4.2686813e-12,1.2567195e-14,8.054611e-21,2.7651426e-18,1.5870423e-10
210000,0,466,0,-2.871371e-13,5.3467636e-13,3.536005e-18,1.7912255e-26,1.8792608e-27,3.2902958e-09
210000,416,365,0,-6.425702e-14,3.7375214e-15,2.3013907e-17,1.3351705e-24,1.2958088e-29,4.1052106e-11
210000,349,481,0,-4.8640746e-13,1.3573272e-11,3.8280723e-20,1.4116871e-30,1.4556668e-18,3.1554518e-12
210000,278,32,0,-5.0534685e-13,4.2068116e-11,1.1998084e-21,8.2711654e-33,4.6787752e-14,6.01253e-13
210000,100,296,0,6.381649e-11,8.393142e-14,1.3393805e-34,0.0,3.016608e-31,5.4069856e-13
210000,47,369,0,-2.1861903e-13,3.1203339e-13,1.272339e-31,0.0,6.2331852e-24,2.9887863e-09
210000,472,365,0,-2.6205663e-13,1.0345389e-12,1.70029e-10,6.181624e-12,1.2159319e-12,2.9902472e-09
210000,378,43,0,-5.8758646e-13,3.5124286e-12,1.2754567e-10,1.4207601e-12,1.998599e-13,2.9887866e-09
210000,80,146,0,-8.6871526e-13,1.4404092e-10,6.5981537e-16,5.553006e-23,1.27123e-10,7.394185e-17
210000,461,360,0,-1.1339747e-13,1.5946927e-13,8.471994e-19,4.0172518e-29,1.1641453e-30,3.0467e-09
210000,117,50,0,2.8572433e-12,2.8367586e-11,6.938282e-11,1.0990891e-12,1.7579204e-13,1.3060128e-12
210000,40,4,0,-3.104736e-13,1.325659e-10,7.409091e-20,7.341646e-30,3.5921564e-09,1.4672437e-11
210000,247,355,0,-1.73512e-13,2.7131136e-11,1.12e-43,0.0,3.3426997e-17,4.0471923e-13
210000,149,473,0,-1.6329178e-13,1.1364679e-12,2.7962343e-25,4.52489e-40,1.3157056e-22,2.9904035e-09
210000,238,28,0,-1.8394658e-13,3.4740022e-13,8.801294e-26,2.441e-42,7.085414e-29,9.609941e-11
210000,419,335,0,-4.2282763e-13,4.8648763e-12,8.261149e-18,3.711791e-25,1.3990124e-19,6.4085087e-13
210000,53,354,0,-4.2272018e-13,1.3788408e-10,8.11825e-21,3.6954172e-32,1.5944766e-12,2.9888105e-09
210000,401,439,0,8.165997e-11,7.292325e-11,3.2518562e-24,2.8419332e-35,3.367317e-15,3.0096068e-09
210000,497,116,0,-1.4644843e-12,1.0042822e-10,3.462305e-09,7.191878e-10,1.153409e-09,1.13060644e-10
210000,14,62,0,-8.4205803e-13,1.1766241e-10,2.911168e-11,1.12592254e-13,1.0644318e-13,4.0503892e-10
210000,476,5,0,-1.3616856e-12,1.1759213e-10,1.4733543e-11,1.8133078e-14,6.9414316e-14,2.989985e-09
210000,213,71,0,8.575252e-14,8.6222965e-19,5.844777e-16,1.7250578e-23,5.445762e-29,5.7842897e-11
210000,82,313,0,1.1950251e-12,4.499063e-11,3.198805e-22,2.7326708e-34,1.7087757e-16,2.988789e-09
210000,125,121,0,1.0751812e-12,4.329685e-12,9.1e-44,0.0,6.931684e-20,6.932529e-17
210000,246,241,0,6.423134e-13,2.54311e-11,0.0,0.0,2.4913754e-17,6.516923e-17
210000,340,151,0,2.826503e-11,9.46136e-12,1.0941802e-33,0.0,1.4045843e-20,3.7443094e-21
210000,408,460,0,-1.1330994e-13,3.1040212e-12,3.3699055e-16,6.5952045e-24,8.297533e-24,5.302385e-12
210000,129,165,0,1.8124247e-14,9.038195e-21,0.0,0.0,0.0,6.759131e-12
210000,378,144,0,4.30096e-11,7.576501e-13,8.588105e-24,4.0007395e-36,2.7796694e-26,3.3550148e-13
210000,437,286,0,1.4524858e-10,7.12038e-11,1.5318979e-14,8.410998e-19,2.6159691e-14,3.672343e-11
210000,78,204,0,1.655187e-11,3.9335054e-12,2.3435057e-20,2.6346683e-29,1.9073005e-20,1.8118448e-12
210000,123,117,0,-3.9683036e-13,1.0975643e-10,4.6755248e-38,0.0,3.6181033e-14,7.5767734e-14
210000,82,371,0,7.6072326e-12,2.6410681e-11,1.4740388e-11,6.3751515e-14,3.3121997e-15,6.210651e-16
210000,255,237,0,7.731081e-12,1.3946234e-11,9.032563e-36,0.0,5.5840404e-19,2.4075021e-11
210000,134,63,0,9.371586e-11,8.862528e-14,1.959222e-13,2.1727398e-18,8.462268e-22,4.548932e-17
210000,219,82,0,1.4010449e-11,1.8675282e-18,1.6070246e-15,2.223311e-22,2.4194533e-27,8.75837e-17
210000,96,180,0,1.8592532e-11,4.5458005e-11,1.03724436e-22,5.227746e-36,1.1756414e-15,3.014726e-10
210000,111,114,0,-4.1229227e-13,1.0243236e-10,3.0956348e-28,7.6e-44,3.4385046e-13,2.5694392e-12
210000,61,132,0,-1.3169252e-12,2.6751467e-11,7.937694e-30,0.0,7.475987e-17,1.4919535e-14
210000,409,350,0,-3.4241316e-13,2.093938e-12,4.488455e-34,0.0,8.214587e-25,3.070792e-12
210000,314,250,0,9.136914e-11,1.0768718e-11,1.4921448e-25,2.616325e-39,8.031791e-19,7.173241e-15
210000,192,277,0,2.6612876e-10,1.8712738e-17,0.0,0.0,4e-45,3.3301217e-30
210000,327,318,0,5.485784e-11,2.3863912e-15,2.7147588e-38,0.0,1.3758466e-32,2.3392682e-24
210000,185,178,0,1.3436795e-15,3.299024e-21,0.0,0.0,0.0,1.8240979e-19
210000,360,120,0,5.8819366e-13,2.8617143e-11,2.5879642e-30,0.0,1.7033899e-16,2.0673673e-11
210000,385,407,0,-5.396264e-13,7.111889e-11,1.189971e-21,1.1910454e-30,2.6159688e-14,4.9857445e-11
210000,103,445,0,-4.5110403e-13,2.1801792e-12,2.0567567e-11,1.1707005e-13,6.436043e-15,1.6326787e-10
210000,48,459,0,-1.2106811e-12,5.269869e-11,2.5132608e-14,1.8379249e-19,1.8549715e-17,2.008113e-10
210000,13,109,0,-1.0175546e-12,4.7468324e-11,1.1093588e-10,1.7092557e-12,2.7519515e-13,1.3183559e-11
210000,38,448,0,-7.2837065e-13,2.741801e-11,8.02602e-15,5.412265e-21,7.134484e-17,1.2128872e-11
210000,4,54,0,-2.4390396e-13,3.5028092e-13,1.0633289e-11,3.7674257e-14,1.7967284e-15,5.6021018e-11
210000,40,281,0,-5.013083e-13,2.0423718e-11,1.6341568e-13,4.6764073e-18,4.5252297e-18,1.0249306e-12
210000,124,490,0,-2.3887373e-13,1.2299228e-12,4.0866277e-14,9.057957e-20,1.3329214e-23,1.02046455e-10
210000,338,1,0,-1.9885818e-12,3.31776e-10,3.0267306e-14,1.817553e-19,2.914893e-11,5.1723235e-12
210000,12,178,0,-7.6428756e-13,4.4037093e-11,1.3379755e-17,1.5221968e-25,4.1328017e-15,1.8286425e-13
210000,84,198,0,1.02090725e-10,7.760078e-12,2.3640363e-18,2.5421922e-26,1.1764506e-20,1.7529953e-13
210000,117,6,0,-5.6971956e-13,4.4332246e-11,1.6019821e-19,6.6637736e-29,3.3583586e-14,1.0643176e-11
210000,448,195,0,-3.8660622e-13,7.2443896e-13,6.5454156e-19,2.9905332e-28,4.3281264e-24,4.1116915e-12
210000,46,46,0,-1.0751097e-12,6.129152e-11,5.2905592e-12,7.4112825e-15,1.9759015e-16,1.3797183e-11
210000,14,240,0,-3.9947554e-13,3.106559e-11,2.4030303e-17,9.756968e-26,2.5259653e-16,2.2604606e-14
210000,69,24,0,-6.188584e-13,4.3167293e-11,2.333109e-15,3.255924e-20,2.2985869e-14,6.143041e-11
210000,413,47,0,-1.3941344e-12,1.2379418e-10,2.5596392e-13,2.9790824e-17,5.6430666e-14,5.028157e-12
210000,148,38,0,-3.5048077e-13,2.6260542e-11,5.2942575e-26,1.5294e-41,4.406258e-17,1.1032063e-12
210000,451,92,0,-1.2563888e-12,5.2929928e-11,1.619168e-17,2.6248364e-24,2.5552575e-16,6.4619638e-12
210000,456,338,0,-2.7867487e-13,2.0449358e-12,6.1203776e-15,4.1577474e-20,1.7042753e-23,1.2337498e-11
210000,35,97,0,-1.5737378e-12,1.6755851e-10,1.4499996e-16,7.1141863e-25,9.516871e-13,5.4183207e-11
210000,432,47,0,2.6751051e-12,4.7506048e-11,2.6157592e-13,2.979527e-17,6.731674e-16,1.2310966e-11
210000,486,108,0,-6.7629084e-13,7.77342e-11,5.295083e-11,5.527112e-13,2.533684e-12,7.2902906e-11
210000,146,7,0,-2.8923446e-13,2.4109642e-13,1.8316726e-19,1.492462e-29,2.6620548e-27,2.0119997e-12
210000,15,125,0,-1.1767063e-12,1.1019149e-11,4.2416945e-15,4.9077937e-22,4.203482e-19,5.1596786e-11
210000,397,1,0,-4.7836697e-13,5.9898934e-13,5.3050815e-19,2.2098549e-29,1.2983576e-24,1.1405183e-20
210000,361,473,0,-6.8413726e-13,7.079768e-11,1.6270321e-10,4.382912e-12,8.1013814e-13,5.809139e-16
210000,29,155,0,-1.3620148e-12,2.6078688e-11,2.5692844e-11,3.745055e-14,6.284848e-16,5.1755666e-11
210000,403,470,0,-9.108749e-13,1.5317555e-11,1.1994732e-20,6.8158724e-32,5.6623274e-16,2.2449772e-13
210000,21,174,0,-7.1653485e-13,3.7379166e-11,8.51397e-11,1.9083838e-12,3.3796964e-13,2.0695438e-12
210000,249,446,0,5.692938e-12,2.671538e-12,2.7040424e-11,2.1328082e-13,1.3100567e-14,3.5456547e-11
210000,60,48,0,-3.612066e-13,3.276616e-13,5.883239e-13,2.8592017e-17,3.7415008e-20,4.2803427e-10
210000,255,418,0,-1.0052335e-13,4.356851e-12,1.6507539e-12,1.4065768e-16,2.1325181e-19,3.8230174e-12
210000,467,18,0,-8.376492e-13,2.6140779e-11,1.785803e-14,9.47066e-20,5.6480014e-16,2.1574172e-10
210000,11,98,0,-5.4592127e-13,1.5261122e-11,7.2123946e-20,3.8046934e-28,7.590774e-19,1.2525017e-10
210000,370,465,0,-2.1294422e-12,1.8573491e-10,3.7414767e-19,5.7817467e-28,2.4107552e-13,8.955451e-12
210000,451,88,0,-1.6500769e-12,1.5253483e-10,3.550974e-22,7.3696566e-32,1.5029761e-14,4.4518743e-11
210000,6,331,0,-9.802855e-13,4.7426986e-11,2.8503064e-20,2.2365416e-31,6.731646e-16,5.7603275e-12
210000,400,470,0,-3.9376583e-13,8.8628676e-13,1.2830749e-23,5.3286995e-37,4.459831e-22,1.7598956e-14
210000,58,475,0,-1.9059797e-12,1.857434e-10,2.7503303e-16,2.8738e-22,1.1274751e-10,1.7729233e-13
210000,84,422,0,3.735492e-10,1.5024332e-11,1.8191988e-17,1.7661744e-26,1.3333998e-19,3.2396096e-13
210000,263,40,0,-3.8325538e-13,1.0162627e-11,1.4522362e-13,1.4296545e-18,7.409431e-20,7.3593096e-14
210000,14,226,0,-3.395308e-15,9.557307e-19,4.109779e-18,1.566934e-26,1.3689565e-32,1.1413943e-11
210000,27,11,0,-8.0608496e-13,1.191649e-10,9.7021125e-27,4.0622e-41,1.1911687e-12,6.9391207e-12
210000,473,60,0,-1.7879747e-12,1.412157e-10,3.7197923e-14,6.28926e-20,4.105065e-12,3.9473435e-11
210000,444,376,0,-1.381714e-13,2.1517813e-14,1.5145376e-18,1.2830408e-26,9.736954e-32,1.3894694e-11
210000,478,435,0,-7.155812e-13,8.050924e-11,5.555573e-13,1.2830804e-17,1.9042413e-12,9.168154e-11
210000,31,457,0,-9.589899e-13,5.1009977e-11,3.697977e-17,7.367409e-25,9.491534e-16,4.167188e-11
210000,481,202,0,-9.47374e-13,1.6528686e-11,1.4120606e-20,1.3551685e-30,7.3970335e-20,3.0624156e-10
210000,293,66,0,8.229339e-11,1.3649325e-10,1.823403e-14,5.183614e-20,3.853496e-12,4.8875716e-11
210000,375,452,0,-3.9917107e-13,6.617774e-13,2.3898702e-17,2.353489e-26,5.998215e-27,6.1299277e-16
210000,20,132,0,-6.61448e-13,1.4625157e-11,3.3843658e-10,4.608821e-11,2.945845e-11,5.9095473e-15
210000,446,296,0,2.057134e-12,5.8792936e-11,1.0392527e-14,5.153828e-21,5.809632e-15,2.2283819e-10
210000,108,429,0,2.8116517e-12,8.390206e-12,6.9203513e-26,4.0916407e-38,3.3483383e-20,3.808966e-15
210000,26,389,0,-2.5680537e-13,1.2427237e-12,1.1918211e-16,6.5315656e-24,3.1177254e-24,1.3076168e-11
210000,180,438,0,-5.2051603e-13,1.6081102e-12,1.7964723e-19,7.064765e-29,9.919923e-22,1.1288127e-13
210000,26,193,0,-2.3773081e-13,5.5762486e-13,2.1288209e-20,1.2938199e-30,4.759077e-28,1.3173579e-10
210000,34,71,0,-7.8148837e-13,6.184064e-11,3.6479554e-19,2.577347e-27,1.0066676e-13,1.9614665e-10
210000,460,172,0,-1.3425171e-12,8.386142e-11,6.7730544e-16,2.7347627e-21,2.6160921e-14,3.6435306e-11
210000,27,169,0,-6.3694216e-13,2.0332812e-11,5.383993e-17,1.1664893e-24,1.248893e-16,1.6666269e-11
210000,53,100,0,-1.5001307e-12,2.6813054e-11,3.8204245e-14,2.95313e-19,1.89948e-17,2.0248799e-14
210000,1,150,0,-1.0857427e-12,2.2671018e-11,1.1696806e-34,0.0,2.9707191e-19,9.6498784e-14
210000,178,29,0,-4.8526253e-14,3.3977657e-15,2.426448e-19,2.5127128e-29,1.9431616e-36,1.0716201e-10
210000,15,424,0,-3.432159e-13,5.7687913e-12,2.036741e-11,4.898913e-14,9.324659e-16,6.578727e-11
210000,53,464,0,-8.7524654e-13,4.518985e-11,5.5198125e-14,4.528226e-19,4.678814e-14,2.1816046e-10
210000,59,70,0,-4.2073468e-13,7.079648e-12,2.531873e-22,6.17882e-35,3.348297e-20,2.0910088e-12
210000,483,313,0,-6.3414497e-13,2.1320681e-11,8.732682e-13,2.1329327e-17,7.964919e-19,3.7201114e-14
210000,488,391,0,-3.9876978e-13,5.1285733e-11,1.2736558e-12,8.654159e-16,4.1660036e-15,6.0144854e-11
210000,255,478,0,-6.318904e-13,1.0893331e-10,4.4838674e-10,3.817204e-10,1.0816774e-09,6.3060413e-13
210000,294,30,0,-1.0337715e-12,8.099575e-11,6.123476e-11,5.5404157e-13,8.9204035e-14,2.0267467e-11
210000,30,221,0,-1.2796574e-13,1.3745842e-13,8.667722e-14,3.5304542e-19,4.8728314e-23,1.353799e-10
210000,43,449,0,-7.887537e-13,2.069192e-11,4.2573075e-14,1.2511929e-19,1.6838119e-16,1.8419836e-10
210000,61,456,0,-6.5174174e-13,9.6740234e-11,3.2678155e-12,8.0641523e-16,8.113639e-12,1.605078e-12
210000,78,336,0,1.3222408e-10,1.0638331e-11,5.371356e-19,9.346964e-28,4.4144685e-18,5.184567e-13
210000,489,494,0,-3.6041873e-13,1.2248113e-11,9.832849e-16,4.4001106e-22,1.3011814e-18,3.2531372e-10
210000,25,400,0,-5.238686e-13,5.7462585e-12,2.336648e-11,3.329414e-14,5.4803164e-16,5.105807e-11
210000,485,458,0,-1.1723938e-13,8.809141e-15,2.6492484e-18,4.6274357e-27,1.1049703e-30,8.691802e-11
210000,291,462,0,-1.3427851e-15,1.1459924e-18,1.4973467e-25,1.248393e-39,2.94e-43,1.2421398e-13
210000,480,378,0,-2.3993479e-15,1.9834293e-12,1.0004344e-10,4.032756e-12,8.568269e-13,3.0046056e-13
210000,202,498,0,-6.9525446e-13,1.0823391e-11,3.5957667e-10,5.911174e-11,4.224108e-11,7.1446876e-11
210000,452,460,0,-4.156774e-13,3.882976e-12,6.681195e-18,2.0732426e-25,4.9372557e-23,9.0814e-12
210000,457,487,0,-8.655165e-13,1.9015813e-11,8.488129e-15,1.3712142e-20,1.4570339e-18,1.5128728e-12
210000,215,3,0,-9.206579e-13,3.3061505e-11,7.4238137e-25,1.104749e-36,1.9462344e-15,2.9510528e-13
210000,462,22,0,-1.0071494e-12,2.7688655e-11,3.303337e-16,3.1716984e-22,2.8650727e-17,9.375494e-11
210000,134,472,0,-6.316309e-14,6.64649e-16,1.3442245e-24,9.821806e-39,1.909873e-36,5.6826464e-11
210000,345,49,0,-1.0397201e-12,5.9270026e-11,7.803794e-15,1.2380776e-21,1.8284246e-15,8.6865896e-11
210000,465,311,0,-1.2139248e-13,1.0148876e-14,8.023716e-14,2.4961925e-19,3.072749e-23,2.281397e-16
210000,214,488,0,-3.0850997e-13,3.052948e-12,2.1468816e-16,6.6481007e-23,8.899096e-21,1.2753477e-13
210000,37,468,0,-8.68327e-13,4.6277652e-11,1.1326793e-10,9.533097e-13,5.8093904e-14,8.387294e-13
210000,45,32,0,-7.164339e-13,2.242486e-11,4.4389175e-14,3.9579306e-20,7.6077155e-19,1.9825414e-11
210000,421,60,0,2.0332e-11,1.888935e-11,6.4410466e-16,6.12271e-23,3.9629967e-18,2.5851687e-10
210000,476,422,0,-9.301966e-13,4.3727955e-11,1.0708744e-18,3.0190032e-27,3.7886376e-16,1.2899489e-11
210000,431,9,0,-2.094669e-12,1.5773657e-10,1.0152463e-12,9.4176505e-17,9.857127e-13,4.252673e-10
210000,480,255,0,-6.702343e-13,1.7766991e-11,4.2329317e-16,1.5391877e-22,2.9620686e-19,9.687818e-11
210000,450,479,0,-1.1079091e-12,1.5626318e-10,5.5239088e-17,2.8327093e-25,1.4153181e-12,7.339512e-10
210000,232,490,0,-1.278403e-13,8.451272e-14,6.537141e-15,3.646742e-20,1.22088705e-23,1.8632006e-11
210000,389,461,0,-1.2413506e-12,7.951794e-11,1.1725741e-17,1.0742768e-25,1.3634736e-14,4.6822997e-12
210000,17,474,0,-4.8740233e-13,2.3017712e-12,5.8758137e-12,8.911934e-15,1.5814402e-16,1.6983125e-10
210000,488,180,0,-1.8466697e-12,1.7999374e-10,9.61861e-16,3.1018607e-22,9.944435e-13,1.1145512e-11
210000,474,43,0,-1.1383656e-12,1.5636046e-11,2.9551069e-13,4.0538487e-17,1.7301904e-19,6.449347e-11
210000,425,50,0,3.7874335e-12,5.5940245e-11,9.3831e-12,4.737431e-15,4.0924114e-16,4.0635925e-10
210000,485,289,0,-1.1778019e-12,2.2708039e-11,1.0993186e-18,3.7597e-26,2.8391333e-17,1.087611e-11
