meanconcen,il8mean,il1mean,il6mean,il10mean,tnfmean,tgfmean,il8std,il1std,il6std,il10std,tnfstd,tgfstd
0,7.019647e-10,0.0,0.0,0.0,0.0,0.0,3.445566e-10,0.0,0.0,0.0,0.0,0.0
10000,8.017268e-10,7.743211e-12,0.0,0.0,1.3933772e-11,0.0,5.4359084e-10,1.319238e-10,0.0,0.0,2.3915722e-10,0.0
20000,8.735459e-10,1.628692e-11,6.7959085e-12,1.3958476e-12,3.146435e-11,0.0,6.283796e-10,1.9072528e-10,1.522131e-10,3.1609614e-11,3.4925354e-10,0.0
30000,9.337783e-10,3.6403595e-11,1.7486321e-11,3.6322618e-12,7.0837766e-11,9.436603e-12,6.8100364e-10,2.8322297e-10,2.454299e-10,5.098122e-11,5.1908433e-10,1.6765461e-10
40000,9.725902e-10,4.9648927e-11,1.9213256e-11,3.9723927e-12,9.477093e-11,2.0173665e-11,7.207702e-10,3.2956513e-10,2.5649782e-10,5.3276338e-11,6.0200095e-10,2.4462943e-10
50000,1.0203408e-09,5.986784e-11,1.5149883e-11,3.0924896e-12,1.1309987e-10,4.4247987e-11,7.5440304e-10,3.575712e-10,2.2610953e-10,4.6929995e-11,6.616741e-10,3.593304e-10
60000,1.0527731e-09,7.715116e-11,3.3682234e-11,6.959752e-12,1.481447e-10,7.516722e-11,7.8549756e-10,4.0486123e-10,3.3575076e-10,7.019566e-11,7.444587e-10,4.6553097e-10
70000,1.0903193e-09,8.6183984e-11,1.5221324e-11,3.056419e-12,1.6235753e-10,1.14793786e-10,8.067947e-10,4.240798e-10,2.2411711e-10,4.6459003e-11,7.912782e-10,5.7111615e-10
80000,1.1366046e-09,9.5965756e-11,2.5231435e-11,5.190325e-12,1.7639064e-10,1.3556743e-10,8.219917e-10,4.4811957e-10,2.9272948e-10,6.078269e-11,8.183982e-10,6.1589644e-10
90000,1.1639492e-09,8.535164e-11,2.3757923e-11,4.760856e-12,1.6137902e-10,1.8773048e-10,8.4382157e-10,4.211453e-10,2.7942496e-10,5.7943754e-11,7.9577156e-10,7.2430567e-10
100000,1.2073001e-09,8.893525e-11,2.8239742e-11,5.6678785e-12,1.6434928e-10,2.2044674e-10,8.5985935e-10,4.2675538e-10,3.0476413e-10,6.321228e-11,7.878801e-10,7.7346646e-10
110000,1.2158421e-09,1.0106322e-10,4.119775e-11,8.420174e-12,1.8891466e-10,2.6171626e-10,8.814777e-10,4.5212425e-10,3.7197356e-10,7.721299e-11,8.364525e-10,8.2954466e-10
120000,1.2542023e-09,9.7997985e-11,2.7848166e-11,5.5465237e-12,1.8114656e-10,3.1846878e-10,8.925886e-10,4.47326e-10,3.013262e-10,6.236694e-11,8.4906093e-10,9.1184854e-10
130000,1.2827733e-09,1.05021505e-10,3.587041e-11,7.2354974e-12,1.8941387e-10,3.6935202e-10,9.091217e-10,4.5861093e-10,3.410906e-10,7.1059096e-11,8.4040475e-10,9.740544e-10
140000,1.3188866e-09,1.0900884e-10,2.4526011e-11,5.0229287e-12,1.9432447e-10,4.1671544e-10,9.1634306e-10,4.6352272e-10,2.793441e-10,5.908898e-11,8.5629803e-10,1.0233564e-09
150000,1.353018e-09,1.15009745e-10,2.1209189e-11,4.2374194e-12,2.041085e-10,4.4514217e-10,9.2852664e-10,4.7133775e-10,2.6391592e-10,5.4797507e-11,8.78895e-10,1.048798e-09
160000,1.3784189e-09,1.0697815e-10,2.3538374e-11,4.6919083e-12,1.8753468e-10,4.957395e-10,9.473985e-10,4.5276172e-10,2.767586e-10,5.7449902e-11,8.551782e-10,1.0967721e-09
170000,1.4268091e-09,1.0844338e-10,2.2822948e-11,4.6212274e-12,1.9026057e-10,5.3151683e-10,9.533232e-10,4.523751e-10,2.6675798e-10,5.6217666e-11,8.4454943e-10,1.1225325e-09
180000,1.4567805e-09,1.0794588e-10,2.9798945e-11,6.034828e-12,1.8286024e-10,5.772926e-10,9.68607e-10,4.4963802e-10,3.0756517e-10,6.471505e-11,8.2599194e-10,1.1666871e-09
190000,1.5095832e-09,9.9960505e-11,2.2865024e-11,4.412658e-12,1.7056294e-10,6.028399e-10,9.633574e-10,4.3399281e-10,2.6807725e-10,5.562321e-11,8.258912e-10,1.1808798e-09
200000,1.5223101e-09,1.04661904e-10,1.8423523e-11,4.085205e-12,1.7207695e-10,6.3775163e-10,9.80597e-10,4.3735582e-10,2.2525125e-10,5.0152486e-11,8.0843865e-10,1.2021517e-09
210000,1.5574245e-09,1.0027649e-10,1.7464249e-11,3.3842967e-12,1.6982156e-10,6.6008676e-10,9.858465e-10,4.2670445e-10,2.2804604e-10,4.7784922e-11,8.1263685e-10,1.2140606e-09
220000,1.5737429e-09,1.0098956e-10,1.3655777e-11,2.5564782e-12,1.6930438e-10,6.7574263e-10,1.0100524e-09,4.2594406e-10,1.9070688e-10,4.026653e-11,8.014262e-10,1.2303439e-09
230000,1.6186202e-09,9.337244e-11,2.0920751e-11,4.005901e-12,1.63882e-10,7.0935974e-10,1.0063748e-09,4.0006645e-10,2.5527863e-10,5.286614e-11,7.940402e-10,1.2550466e-09
240000,1.6561169e-09,8.378361e-11,1.3754197e-11,2.8391948e-12,1.3113491e-10,7.4588563e-10,1.0149529e-09,3.6782968e-10,1.9290408e-10,4.2231413e-11,7.017789e-10,1.2678717e-09
250000,1.6627418e-09,9.16014e-11,1.2938222e-11,2.3703886e-12,1.5158867e-10,7.8906914e-10,1.0320605e-09,3.8718906e-10,1.7183953e-10,3.705442e-11,7.5163265e-10,1.3001021e-09
260000,1.7181786e-09,7.7798094e-11,1.4561501e-11,2.470318e-12,1.1768969e-10,8.0851403e-10,1.0207216e-09,3.4965456e-10,1.9228139e-10,3.9699112e-11,6.789818e-10,1.3000606e-09
270000,1.7304262e-09,7.9470104e-11,9.598464e-12,1.535188e-12,1.2033227e-10,8.611956e-10,1.0374902e-09,3.452156e-10,1.489946e-10,3.0761255e-11,6.7388933e-10,1.3386009e-09
280000,1.7691806e-09,7.099795e-11,1.44256855e-11,2.7041186e-12,1.0150814e-10,8.8663527e-10,1.0291731e-09,3.2080175e-10,2.0006927e-10,4.2757124e-11,6.138094e-10,1.3492689e-09
290000,1.8030483e-09,7.041466e-11,1.1401192e-11,2.2389829e-12,1.0820405e-10,9.081349e-10,1.0456626e-09,3.173243e-10,1.5281645e-10,3.4760018e-11,6.3259886e-10,1.3605413e-09
300000,1.8044408e-09,5.3686614e-11,1.5763129e-11,3.0766579e-12,7.725424e-11,9.628988e-10,1.062503e-09,2.4535124e-10,1.9313177e-10,4.3069007e-11,5.180347e-10,1.3923267e-09
310000,1.8446672e-09,5.462579e-11,1.7035163e-11,3.3684774e-12,7.946028e-11,9.669346e-10,1.0611728e-09,2.544984e-10,2.0995693e-10,4.4794366e-11,5.2351773e-10,1.386627e-09
320000,1.8573025e-09,5.4191523e-11,1.0234729e-11,1.8028825e-12,8.666282e-11,9.930476e-10,1.0664553e-09,2.550823e-10,1.4883421e-10,3.2242747e-11,5.7528016e-10,1.3812252e-09
330000,1.8742659e-09,4.8308926e-11,1.240102e-11,1.99141e-12,5.657107e-11,1.03788e-09,1.0865816e-09,2.2169337e-10,1.7100131e-10,3.5322585e-11,4.4169135e-10,1.4155355e-09
340000,1.9001642e-09,4.933326e-11,1.0137144e-11,1.8873856e-12,6.905206e-11,1.0698875e-09,1.0874672e-09,2.2689937e-10,1.5299495e-10,3.270813e-11,4.8444954e-10,1.4256949e-09
350000,1.9153843e-09,4.5572063e-11,8.610032e-12,1.5033728e-12,5.7872644e-11,1.0976979e-09,1.0960212e-09,2.037263e-10,1.2163928e-10,2.6226334e-11,4.3626783e-10,1.4361955e-09
360000,1.938345e-09,5.2063718e-11,1.7305475e-11,3.1112827e-12,7.360878e-11,1.1345557e-09,1.1004454e-09,2.356766e-10,2.0741454e-10,4.3297768e-11,5.0018684e-10,1.4550288e-09
370000,1.9525375e-09,4.6273426e-11,7.706654e-12,1.7276667e-12,5.885597e-11,1.197392e-09,1.1041e-09,2.0188377e-10,9.330986e-11,2.5259761e-11,4.474279e-10,1.4807515e-09
380000,1.967506e-09,4.5653252e-11,8.687609e-12,1.3618964e-12,4.72312e-11,1.2141306e-09,1.1220597e-09,2.040816e-10,1.202848e-10,2.5439784e-11,3.9924575e-10,1.4747914e-09
390000,2.0040347e-09,4.6228174e-11,8.37927e-12,1.4966662e-12,6.139405e-11,1.2313799e-09,1.11957e-09,2.0133405e-10,1.2670963e-10,2.7703426e-11,4.5095383e-10,1.4915772e-09
400000,2.0200217e-09,4.225303e-11,6.6101326e-12,8.356491e-13,5.1282822e-11,1.2602738e-09,1.1185973e-09,1.7646455e-10,8.573362e-11,1.8189419e-11,4.0791248e-10,1.5070942e-09
410000,2.0275577e-09,3.8636847e-11,6.942291e-12,1.085794e-12,4.8684973e-11,1.2730006e-09,1.1379785e-09,1.5113095e-10,8.609339e-11,1.9495142e-11,3.8016343e-10,1.4917684e-09
420000,2.053517e-09,3.6662135e-11,8.6610415e-12,1.4955187e-12,3.76249e-11,1.2989315e-09,1.1325726e-09,1.4676077e-10,1.1906719e-10,2.6033894e-11,3.3409345e-10,1.4971587e-09
430000,2.0747413e-09,3.7805765e-11,8.392262e-12,1.2556449e-12,4.5719855e-11,1.3196373e-09,1.1389606e-09,1.514456e-10,1.1878176e-10,2.4720833e-11,3.6964737e-10,1.5064213e-09
440000,2.0912683e-09,3.9682e-11,1.084964e-11,1.8180444e-12,5.5064012e-11,1.3249991e-09,1.1546212e-09,1.5852793e-10,1.4480918e-10,3.0638204e-11,3.9736509e-10,1.5003865e-09
450000,2.0996611e-09,3.9086484e-11,4.8505804e-12,6.3379163e-13,4.96298e-11,1.3640046e-09,1.1659803e-09,1.5603183e-10,2.0183216e-11,8.207793e-12,3.8432416e-10,1.5177627e-09
460000,2.145284e-09,3.830234e-11,4.997781e-12,5.472045e-13,3.743639e-11,1.3943912e-09,1.1615611e-09,1.4730955e-10,2.070108e-11,6.4868696e-12,3.2501132e-10,1.5314954e-09
470000,2.1552593e-09,3.8452408e-11,1.2923402e-11,2.3084507e-12,4.5927272e-11,1.3975079e-09,1.1682195e-09,1.560665e-10,1.6986337e-10,3.6513313e-11,3.6124484e-10,1.5203229e-09
480000,2.1700246e-09,3.8648612e-11,7.864976e-12,1.219647e-12,5.5948e-11,1.4388788e-09,1.1821474e-09,1.5629231e-10,9.5045825e-11,2.0074341e-11,3.9971712e-10,1.5446904e-09
490000,2.1934998e-09,3.3845853e-11,1.0601944e-11,2.1267534e-12,4.6894034e-11,1.4426415e-09,1.1820199e-09,1.2551682e-10,1.4444464e-10,3.2695742e-11,3.5484157e-10,1.5229197e-09
500000,2.1979127e-09,3.3455683e-11,4.9121085e-12,8.610998e-13,4.452795e-11,1.4508219e-09,1.1891746e-09,1.11401874e-10,2.0393756e-11,1.1352125e-11,3.42162e-10,1.5168357e-09
510000,2.212233e-09,3.035087e-11,6.6162032e-12,1.0142038e-12,3.224577e-11,1.4678087e-09,1.1930743e-09,9.694555e-11,8.368568e-11,1.893466e-11,2.9022412e-10,1.5271182e-09
520000,2.2512352e-09,3.07752e-11,7.0524715e-12,1.1703316e-12,3.258685e-11,1.4922895e-09,1.1829483e-09,9.684504e-11,8.4484905e-11,1.9265967e-11,2.749924e-10,1.5388798e-09
530000,2.238013e-09,3.5103587e-11,1.0948011e-11,2.069463e-12,5.0453614e-11,1.5377313e-09,1.2039904e-09,1.3398169e-10,1.4172896e-10,3.0818008e-11,3.6253578e-10,1.5554387e-09
540000,2.2705662e-09,3.1619006e-11,7.0346806e-12,1.2438193e-12,3.7088492e-11,1.5679473e-09,1.2067207e-09,1.0891542e-10,8.401097e-11,1.9590444e-11,2.9937927e-10,1.5617854e-09
550000,2.2818225e-09,3.4219093e-11,9.794736e-12,1.6701956e-12,4.0966636e-11,1.6015904e-09,1.2113383e-09,1.2286976e-10,1.1715688e-10,2.6311972e-11,3.1887773e-10,1.5727549e-09
560000,2.3022242e-09,3.2553404e-11,1.22152245e-11,2.0522403e-12,3.7156403e-11,1.5961575e-09,1.2225959e-09,1.1011652e-10,1.6336316e-10,3.399641e-11,2.9474567e-10,1.5547607e-09
570000,2.3487985e-09,3.3027345e-11,8.666651e-12,1.2424144e-12,4.3177167e-11,1.6019555e-09,1.2151709e-09,1.1607882e-10,1.1699693e-10,2.427115e-11,3.2347455e-10,1.5432174e-09
580000,2.3493638e-09,2.7789162e-11,7.10203e-12,1.0093191e-12,4.712358e-11,1.6493059e-09,1.2337574e-09,5.914888e-11,8.321557e-11,1.77174e-11,3.235484e-10,1.5667369e-09
590000,2.362874e-09,3.0139388e-11,8.691195e-12,1.4225037e-12,3.2920135e-11,1.6881777e-09,1.2322967e-09,9.5191355e-11,1.15698784e-10,2.4340535e-11,2.6798688e-10,1.5807825e-09
600000,2.3652207e-09,2.9771192e-11,1.2280661e-11,1.9848337e-12,3.7805883e-11,1.698972e-09,1.2420756e-09,9.5156494e-11,1.613887e-10,3.3564693e-11,2.9141548e-10,1.5738596e-09
610000,2.3849496e-09,2.927665e-11,5.2644395e-12,7.8809696e-13,3.6897707e-11,1.7565419e-09,1.2355844e-09,7.9341665e-11,1.7574298e-11,7.905865e-12,2.7504754e-10,1.6039429e-09
620000,2.4075484e-09,3.2230888e-11,9.052541e-12,1.4103475e-12,4.53083e-11,1.7425623e-09,1.2388741e-09,1.1980554e-10,1.1512897e-10,2.4215577e-11,3.3451622e-10,1.5825825e-09
630000,2.4030449e-09,3.087679e-11,9.2898154e-12,1.6500611e-12,3.3032133e-11,1.7725196e-09,1.2492596e-09,1.07496366e-10,1.1565928e-10,2.667119e-11,2.591562e-10,1.5803515e-09
640000,2.4253815e-09,3.5701865e-11,8.5084405e-12,1.434817e-12,4.513744e-11,1.7988306e-09,1.2504255e-09,1.4973828e-10,1.1366395e-10,2.4081988e-11,3.3223607e-10,1.5887727e-09
650000,2.4419804e-09,3.4602994e-11,8.240961e-12,1.2407538e-12,4.7061077e-11,1.8388038e-09,1.2548657e-09,1.4095651e-10,1.1307006e-10,2.3650916e-11,3.4994835e-10,1.5981988e-09
660000,2.4589617e-09,3.5212198e-11,6.8160946e-12,9.923762e-13,4.164357e-11,1.8645285e-09,1.2565303e-09,1.4065948e-10,8.069518e-11,1.7284412e-11,3.1777198e-10,1.5987068e-09
670000,2.4714533e-09,3.046851e-11,6.5057955e-12,1.0674962e-12,4.3378943e-11,1.890805e-09,1.2745358e-09,1.0671987e-10,8.099022e-11,1.7992169e-11,3.0503336e-10,1.6049998e-09
680000,2.4976012e-09,2.8271609e-11,4.843926e-12,6.5830517e-13,3.1616217e-11,1.9108892e-09,1.2717736e-09,7.831899e-11,1.638628e-11,6.493845e-12,2.4781927e-10,1.6033577e-09
690000,2.5188203e-09,2.7644036e-11,1.4269417e-11,2.4937626e-12,2.9882447e-11,1.9412585e-09,1.2800555e-09,7.690516e-11,1.7828711e-10,3.712668e-11,2.2471404e-10,1.6096016e-09
700000,2.5401943e-09,2.4799992e-11,4.8138516e-12,6.33365e-13,2.4425444e-11,1.941341e-09,1.2742809e-09,2.1210997e-11,1.4955892e-11,5.4825016e-12,1.8410899e-10,1.6134558e-09
710000,2.5305866e-09,2.5180753e-11,6.967556e-12,1.114843e-12,3.498325e-11,1.9720572e-09,1.2958943e-09,2.200241e-11,8.378589e-11,1.7717446e-11,2.4201632e-10,1.6087449e-09
720000,2.547845e-09,2.6144338e-11,1.0548136e-11,1.820911e-12,3.0460186e-11,2.0270077e-09,1.2878572e-09,5.7123133e-11,1.3712396e-10,2.8784976e-11,2.1510291e-10,1.6409406e-09
730000,2.57678e-09,2.5982303e-11,7.220292e-12,1.1750932e-12,3.4452878e-11,2.0397104e-09,1.2876193e-09,5.5945096e-11,8.197311e-11,1.7831597e-11,2.2638325e-10,1.622625e-09
740000,2.5998932e-09,2.7623227e-11,6.674387e-12,1.1774268e-12,3.4669507e-11,2.0507047e-09,1.2922228e-09,7.7636036e-11,8.0578565e-11,1.7603502e-11,2.2778732e-10,1.6260546e-09
750000,2.6167726e-09,2.5913162e-11,6.8053523e-12,9.525993e-13,4.1111656e-11,2.0718212e-09,1.299355e-09,5.628929e-11,8.032502e-11,1.6894902e-11,2.7461536e-10,1.6276218e-09
760000,2.6370974e-09,2.5677722e-11,4.9129225e-12,5.751966e-13,3.799186e-11,2.1092192e-09,1.3015653e-09,5.619134e-11,1.6203393e-11,4.5950388e-12,2.523369e-10,1.649943e-09
770000,2.629201e-09,2.4996694e-11,8.3455525e-12,1.4155e-12,3.7845185e-11,2.1483229e-09,1.3151971e-09,5.647514e-11,1.1158569e-10,2.4667083e-11,2.4676738e-10,1.6448286e-09
780000,2.657731e-09,2.4997228e-11,8.749353e-12,1.5171167e-12,3.5832816e-11,2.1781656e-09,1.3051684e-09,5.5114645e-11,1.1288574e-10,2.5758897e-11,2.3393992e-10,1.6523951e-09
790000,2.674863e-09,2.5117842e-11,1.119155e-11,1.880155e-12,3.2017142e-11,2.2082347e-09,1.311179e-09,5.627237e-11,1.3650803e-10,2.8471756e-11,2.1858167e-10,1.6587928e-09
800000,2.6656548e-09,2.6061502e-11,5.0102804e-12,6.2760615e-13,3.4456694e-11,2.215787e-09,1.3284361e-09,7.539218e-11,1.6046244e-11,4.2254798e-12,2.5086067e-10,1.6645115e-09
810000,2.6961962e-09,2.5358632e-11,5.1934975e-12,8.021871e-13,3.732494e-11,2.2356113e-09,1.3203154e-09,7.405877e-11,1.5517494e-11,5.2401087e-12,2.5087132e-10,1.6693044e-09
820000,2.7091813e-09,2.5622723e-11,9.738391e-12,1.5768765e-12,3.1037867e-11,2.2780888e-09,1.3168001e-09,7.439989e-11,1.3426324e-10,2.7982831e-11,2.1726662e-10,1.6712399e-09
830000,2.722616e-09,2.4323533e-11,8.073787e-12,1.3503346e-12,3.611782e-11,2.3075597e-09,1.3225786e-09,5.4104807e-11,1.09617496e-10,2.3891078e-11,2.1914384e-10,1.6741603e-09
840000,2.7353129e-09,2.3789599e-11,6.863367e-12,9.952904e-13,3.3080667e-11,2.340999e-09,1.3323537e-09,5.3856468e-11,7.84489e-11,1.6525977e-11,2.2241882e-10,1.6863969e-09
850000,2.7634195e-09,2.3560034e-11,4.2929887e-12,5.177612e-13,2.887342e-11,2.3650066e-09,1.3251444e-09,5.3467793e-11,1.2156207e-11,3.921763e-12,1.9353473e-10,1.6836045e-09
860000,2.770262e-09,2.3268134e-11,6.358762e-12,8.995859e-13,2.9268917e-11,2.3843232e-09,1.3362116e-09,5.4069485e-11,7.872643e-11,1.6523956e-11,1.9553385e-10,1.6792194e-09
870000,2.7914075e-09,2.2229467e-11,8.2620005e-12,1.3787362e-12,3.1310572e-11,2.4062703e-09,1.3434063e-09,1.8172571e-11,1.1106744e-10,2.3616147e-11,1.8095826e-10,1.6811554e-09
880000,2.8135527e-09,2.1716011e-11,4.8574478e-12,6.4399554e-13,3.026191e-11,2.4370883e-09,1.3492445e-09,1.7333369e-11,1.2816159e-11,3.809995e-12,1.7898955e-10,1.6943416e-09
890000,2.8475227e-09,2.1721807e-11,4.6356603e-12,7.4946386e-13,3.5282836e-11,2.4516547e-09,1.3396367e-09,1.8442095e-11,1.6783854e-11,9.888775e-12,2.0346828e-10,1.6858541e-09
900000,2.854208e-09,2.3757236e-11,6.305891e-12,1.0188547e-12,3.3484715e-11,2.4740932e-09,1.3378322e-09,7.3162656e-11,7.8076656e-11,1.6875995e-11,2.2383524e-10,1.6910398e-09
910000,2.849299e-09,2.6899023e-11,8.148336e-12,1.1991508e-12,4.174093e-11,2.504081e-09,1.3388847e-09,1.12220525e-10,1.083191e-10,2.2566792e-11,2.7223632e-10,1.6724496e-09
920000,2.8689902e-09,2.6980876e-11,8.0981844e-12,1.2146426e-12,4.7252768e-11,2.5226417e-09,1.3543144e-09,1.124305e-10,1.0843031e-10,2.2606911e-11,2.9419575e-10,1.6809653e-09
930000,2.8768508e-09,2.7908635e-11,6.86347e-12,1.0729062e-12,4.3592564e-11,2.5680218e-09,1.3476801e-09,1.2262906e-10,7.76934e-11,1.6603883e-11,2.869403e-10,1.7017825e-09
940000,2.8733393e-09,2.8497763e-11,7.24979e-12,1.2984365e-12,4.0557134e-11,2.6042266e-09,1.3700229e-09,1.3206529e-10,9.507455e-11,2.2802132e-11,2.8264438e-10,1.7006113e-09
950000,2.9051814e-09,2.874274e-11,8.203134e-12,1.4629489e-12,4.436057e-11,2.6156457e-09,1.3667273e-09,1.3244335e-10,1.085856e-10,2.283726e-11,2.9102024e-10,1.6887597e-09
960000,2.8965028e-09,2.9837178e-11,6.229112e-12,8.0722847e-13,4.3803492e-11,2.6856724e-09,1.3784179e-09,1.4080082e-10,7.679906e-11,1.5978255e-11,2.993564e-10,1.7185425e-09
970000,2.9524605e-09,2.8820639e-11,4.812927e-12,7.642043e-13,5.1152964e-11,2.6930458e-09,1.3663706e-09,1.3242321e-10,1.8280561e-11,9.178731e-12,3.1993885e-10,1.713715e-09
980000,2.9733587e-09,3.065034e-11,6.7512432e-12,1.0146084e-12,5.0414145e-11,2.7131375e-09,1.3614609e-09,1.4935399e-10,7.750692e-11,1.6534973e-11,3.2223046e-10,1.7147634e-09
990000,2.9994778e-09,3.027416e-11,8.346243e-12,1.4907876e-12,5.109357e-11,2.7466058e-09,1.3541093e-09,1.4400786e-10,1.08048445e-10,2.2824619e-11,3.2715985e-10,1.7051882e-09
1000000,2.9889888e-09,2.8186913e-11,7.908864e-12,1.363574e-12,4.2485713e-11,2.7821776e-09,1.3625945e-09,1.3162292e-10,1.0707211e-10,2.2997385e-11,2.7943528e-10,1.727559e-09
