mcsteps,xCOM,yCOM,zCOM,il8,il1,il6,il10,tnf,tgf
320000,58,260,0,2.6298916e-09,7.389125e-12,1.23373476e-17,1.3332823e-27,2.194893e-22,6.718772e-12
320000,127,278,0,2.0507607e-09,1.1295891e-13,2.1742748e-10,5.755854e-11,4.825945e-11,1.3715866e-17
320000,320,86,0,2.7058467e-09,1.0066735e-12,1.0013277e-17,1.3507373e-26,1.2644876e-25,9.106022e-12
320000,426,147,0,2.148978e-09,8.259574e-13,1.757403e-17,1.8036853e-26,7.763511e-29,1.1552361e-10
320000,389,77,0,2.146425e-09,6.630852e-13,5.104174e-13,8.978705e-18,3.9328448e-21,1.8469737e-10
320000,76,141,0,1.9743298e-09,2.0892413e-12,5.025877e-17,3.5042705e-26,1.749469e-25,5.260865e-16
320000,126,316,0,2.5475848e-09,4.7009493e-12,5.3996895e-30,0.0,2.0313258e-19,1.7521892e-13
320000,438,319,0,2.456575e-09,2.2229013e-12,5.4182233e-22,1.1902157e-36,3.6142834e-24,7.816996e-12
320000,395,187,0,2.189871e-09,3.297477e-10,1.0870277e-16,7.670336e-24,4.749599e-11,1.2481961e-11
320000,271,255,0,2.3412277e-09,1.3670132e-16,0.0,0.0,1.4953051e-37,1.0632244e-18
320000,383,67,0,2.2499722e-09,4.574859e-12,2.1509297e-13,9.729603e-19,1.2920094e-21,4.906022e-12
320000,137,99,0,1.9161757e-09,3.392997e-12,4.8829502e-20,3.8575038e-30,6.2681137e-25,2.3025895e-11
320000,392,314,0,2.2855602e-09,9.233059e-19,6.450518e-24,1.28049e-40,0.0,2.7773507e-11
320000,73,326,0,2.1451243e-09,1.3322752e-19,8.335904e-33,0.0,0.0,5.7869373e-12
320000,209,54,0,2.0171933e-09,1.2567127e-10,4.3430472e-23,5.5315403e-37,2.4550212e-12,7.4717196e-14
320000,323,205,0,2.0383069e-09,2.6062507e-19,1.5174902e-18,2.5570257e-28,1.7697534e-35,1.7737774e-12
320000,94,376,0,2.0746784e-09,1.5301514e-11,7.02893e-18,5.5536554e-28,1.0153189e-18,4.2495635e-11
320000,394,426,0,2.131248e-09,1.1126972e-11,3.55941e-24,2.266613e-39,9.94785e-21,2.0373603e-12
320000,203,425,0,2.9415785e-09,1.809647e-12,8.6490765e-13,2.6984344e-17,1.4030978e-20,1.2719387e-12
320000,261,127,0,2.321773e-09,6.0184266e-12,1.2773425e-22,5.490662e-37,1.9017426e-19,6.1699505e-16
320000,404,107,0,2.5598077e-09,1.00764085e-11,4.4854196e-16,4.746463e-24,5.356247e-19,5.4298585e-13
320000,188,196,0,1.8992397e-09,2.4797002e-13,2.2662364e-20,3.8490096e-32,2.7658364e-28,6.3144913e-15
320000,385,429,0,2.4887272e-09,3.0233455e-11,1.0306693e-14,1.8475717e-21,1.1394572e-14,1.297275e-12
320000,233,290,0,1.90323e-09,2.7065321e-30,0.0,0.0,0.0,6.7143725e-31
320000,201,360,0,2.1559239e-09,1.7142324e-14,6.5251433e-31,0.0,2.7453964e-34,7.2256383e-13
320000,349,67,0,2.2812827e-09,1.3658795e-11,3.1109705e-11,3.0204983e-13,2.0129238e-14,7.418413e-12
320000,66,315,0,2.0474757e-09,1.7628239e-12,4.5583605e-32,0.0,7.4383365e-26,8.340082e-12
320000,205,431,0,3.1879075e-09,1.7622612e-11,1.686637e-12,5.390826e-17,1.2488153e-17,9.761918e-11
320000,209,220,0,2.5041607e-09,1.2310096e-11,9.063737e-37,0.0,4.1231952e-19,2.5854742e-13
320000,77,278,0,2.876443e-09,1.8829037e-11,3.0429426e-23,1.1041371e-37,5.0870605e-19,2.6441462e-11
320000,108,363,0,2.003859e-09,3.3295918e-11,7.1607876e-12,3.0665176e-15,1.1606795e-13,6.537671e-11
320000,91,389,0,2.1816784e-09,1.0062701e-11,1.3026787e-12,5.2761398e-17,9.164872e-20,1.1760748e-11
320000,156,431,0,1.9252264e-09,1.65181e-12,6.23543e-21,1.5735078e-32,6.66102e-24,2.044088e-11
320000,407,267,0,1.9994044e-09,4.501035e-12,3.801987e-27,1.352e-42,2.374542e-23,1.7566551e-13
320000,268,393,0,2.0480113e-09,1.4857961e-13,2.2147533e-17,3.1065084e-26,1.5800363e-32,1.7960402e-11
320000,242,397,0,2.2028455e-09,4.1145403e-11,9.7446683e-32,0.0,9.752202e-15,1.2532767e-12
320000,440,84,0,2.1236546e-09,2.246375e-11,4.2410285e-12,8.115897e-16,1.1857627e-15,1.2057125e-10
320000,446,77,0,2.0799027e-09,4.5693675e-12,1.9592224e-13,2.1727398e-18,8.519877e-22,9.896556e-11
320000,415,128,0,2.7626055e-09,7.918455e-12,1.6347766e-16,4.2691275e-23,4.0905576e-21,4.22176e-11
320000,389,155,0,2.0498936e-09,5.0854012e-11,1.38163595e-11,1.2986847e-14,6.7595803e-12,4.7067218e-11
320000,307,424,0,2.2002242e-09,4.4548753e-12,6.777286e-21,4.9398324e-33,4.0405153e-22,1.172519e-11
320000,335,203,0,2.3191675e-09,2.9743514e-16,1.4539762e-15,1.5517977e-22,1.5507798e-27,3.3922843e-14
320000,59,186,0,2.0943058e-09,1.1364767e-12,1.3887017e-13,1.0736847e-18,1.8403849e-22,2.3298226e-11
320000,53,272,0,2.0853008e-09,2.8524873e-11,2.568613e-14,9.292122e-21,4.4652256e-18,9.256619e-12
320000,309,73,0,1.9809876e-09,3.2565493e-12,8.61616e-13,1.1010752e-16,2.2377094e-19,1.7038608e-14
320000,188,399,0,1.928573e-09,2.373032e-13,1.791447e-17,3.6676652e-26,1.5956816e-29,2.4837148e-11
320000,378,108,0,1.9619615e-09,8.65776e-14,1.3130974e-15,6.4824156e-22,2.564779e-26,1.2982765e-12
320000,377,253,0,2.3314246e-09,2.1876723e-11,3.0355226e-23,2.9058415e-38,6.654845e-17,3.6268401e-12
320000,168,209,0,1.9606907e-09,1.4820859e-14,0.0,0.0,1.2194355e-35,3.195454e-14
320000,66,90,0,2.0600512e-09,7.265448e-11,1.6956997e-16,1.1863078e-23,1.8942148e-10,4.6021355e-12
320000,396,334,0,2.1157254e-09,2.7456754e-11,2.2667263e-18,3.832697e-28,4.260165e-16,3.4334775e-14
320000,189,249,0,2.6758096e-09,1.1171746e-11,3.5397e-41,0.0,4.41531e-18,3.9524627e-14
320000,279,428,0,1.9236843e-09,5.283207e-12,2.8163636e-15,1.1286853e-22,4.993376e-21,1.00117054e-10
320000,346,344,0,2.0728732e-09,2.1699001e-12,2.0221754e-27,3e-45,1.3942818e-25,1.9627524e-12
320000,432,130,0,2.1079538e-09,8.120224e-12,2.1651162e-28,1.63e-43,5.48398e-23,7.199061e-11
320000,442,274,0,1.9194921e-09,2.678351e-13,1.0779482e-15,9.882526e-22,9.4638934e-26,1.3357468e-12
320000,438,54,0,1.9978685e-09,9.450848e-11,6.916225e-14,3.3393131e-19,3.2128428e-15,1.1908578e-11
320000,299,337,0,3.4760261e-09,8.094712e-20,9.691077e-34,0.0,0.0,2.3823498e-16
320000,341,111,0,3.1282748e-09,2.7989793e-13,1.5798012e-34,0.0,1.4225893e-30,8.113391e-16
320000,138,267,0,2.3613242e-09,3.2105032e-16,6.5458274e-24,1.256086e-39,8e-45,1.8821037e-18
320000,200,246,0,3.168211e-09,3.5674803e-11,0.0,0.0,1.4579939e-15,6.050092e-14
320000,292,108,0,2.2026783e-09,7.2134495e-12,2.0534327e-34,0.0,1.1211032e-21,4.441748e-12
320000,246,93,0,1.8919721e-09,4.016301e-12,1.6869789e-18,8.822424e-28,5.4784757e-24,2.0627194e-11
320000,296,339,0,3.2641587e-09,1.700345e-21,9.142923e-36,0.0,0.0,2.3913657e-18
320000,194,71,0,2.1354272e-09,3.7895485e-12,1.1742644e-16,6.358652e-25,8.3546974e-22,1.6433361e-13
320000,64,195,0,2.506342e-09,2.5345632e-11,4.5027773e-19,3.1710837e-29,8.433588e-18,1.1333177e-10
320000,52,71,0,1.9086794e-09,2.0862984e-12,1.18414384e-14,5.25676e-21,4.1073276e-25,1.8761668e-11
320000,402,128,0,2.0870943e-09,1.8834155e-12,1.5689031e-16,1.7942095e-24,8.857158e-27,3.0203897e-12
320000,355,401,0,1.9010358e-09,1.3846852e-12,1.8306885e-23,3.7998478e-35,2.912727e-24,2.5322808e-11
320000,439,427,0,2.3789537e-09,2.6850347e-11,1.2662977e-17,6.452424e-26,1.0124765e-18,6.551414e-11
320000,442,258,0,2.1147595e-09,1.1006256e-11,2.0691618e-19,3.267481e-30,1.1433974e-19,5.0387118e-11
320000,389,397,0,1.9302884e-09,1.4747169e-11,1.4047159e-22,6.716696e-35,1.8184317e-20,3.2690933e-11
320000,244,242,0,1.9139448e-09,1.2172665e-22,0.0,0.0,0.0,5.636722e-17
320000,71,411,0,1.9613637e-09,2.1158008e-11,1.856344e-12,2.7260895e-16,1.8131385e-16,3.1726284e-12
320000,307,376,0,2.1019897e-09,1.7441741e-15,7.235632e-18,2.1318386e-27,1.334184e-32,6.834983e-13
320000,305,254,0,1.9802677e-09,9.772924e-16,0.0,0.0,2.4846923e-37,8.541722e-22
320000,245,440,0,2.0179618e-09,7.350394e-14,1.6114909e-13,7.0389177e-19,9.460386e-23,4.029604e-12
320000,112,181,0,1.9116106e-09,3.736128e-11,6.077026e-31,0.0,2.2564676e-15,9.906285e-17
320000,162,315,0,2.26414e-09,9.4634e-11,2.0078967e-24,1.08357046e-35,6.273303e-13,7.134311e-15
320000,354,278,0,2.5285427e-09,8.0847206e-19,4.6112847e-21,1.0955926e-31,2.08311e-39,1.0911965e-13
320000,383,172,0,2.5397577e-09,1.2198848e-11,1.817872e-14,1.795302e-21,1.2300349e-17,1.5142304e-11
320000,89,263,0,2.1703972e-09,6.5700036e-11,5.214684e-15,8.820123e-22,3.715516e-12,7.643545e-12
320000,444,99,0,1.9193367e-09,1.7657001e-10,5.248275e-16,1.9372929e-24,1.9065916e-10,1.8449703e-10
320000,89,276,0,2.6895635e-09,2.3744475e-11,4.0839003e-16,1.3551425e-23,5.817143e-16,2.4079024e-13
320000,293,246,0,2.2156668e-09,2.2724414e-11,0.0,0.0,6.872802e-16,1.1451208e-16
320000,207,334,0,2.072026e-09,1.5664324e-13,4.6037174e-29,0.0,8.484249e-27,8.055144e-16
320000,280,212,0,2.1876718e-09,9.91944e-12,0.0,0.0,1.9603798e-20,1.7824049e-15
320000,313,59,0,1.9930315e-09,9.118673e-12,2.9632507e-19,6.3972885e-30,1.1511591e-21,6.024831e-12
320000,238,137,0,2.0564368e-09,1.1066587e-25,1.3279701e-12,1.4877172e-16,2.5076828e-19,5.895823e-15
320000,285,176,0,2.0024775e-09,1.6203018e-15,6.2125945e-36,0.0,1.7e-44,8.635171e-11
320000,132,197,0,2.1015345e-09,2.7561666e-11,9.384269e-39,0.0,6.8728026e-16,1.6125419e-14
320000,230,143,0,2.0760709e-09,1.6517311e-31,9.628522e-21,4.080927e-32,5.31105e-40,1.2506026e-12
320000,252,297,0,1.9510917e-09,4.2601853e-18,1.6996046e-34,0.0,2.5888e-41,7.582492e-17
320000,337,257,0,3.961401e-09,1.3763546e-19,8.381673e-33,0.0,0.0,4.691504e-17
320000,398,306,0,2.2591946e-09,8.258671e-15,3.3929402e-35,0.0,6.014979e-33,6.7452283e-13
320000,429,420,0,2.326171e-09,1.4810262e-11,8.441787e-16,6.2371978e-24,1.1565988e-17,7.2742284e-11
320000,71,218,0,2.0753663e-09,1.0198355e-11,3.478193e-17,1.6635509e-24,4.633655e-21,7.183317e-11
320000,168,403,0,1.9150181e-09,3.0343086e-11,1.5970309e-26,1.06e-43,5.774411e-17,2.672575e-13
320000,287,315,0,2.4738875e-09,7.076971e-13,2.0012402e-38,0.0,7.0324236e-22,1.11167214e-10
320000,259,282,0,1.981685e-09,1.7779929e-18,3.211774e-37,0.0,9.414e-42,5.921532e-24
320000,252,173,0,1.9421504e-09,2.6884336e-14,1e-45,0.0,5.6404422e-24,4.091142e-14
320000,238,428,0,2.381665e-09,1.923347e-11,4.126533e-23,1.3760882e-37,9.022631e-17,7.760882e-12
320000,229,430,0,2.3123563e-09,2.6013183e-11,2.1358562e-18,4.304058e-28,1.09648104e-16,1.459451e-12
320000,255,271,0,1.9711244e-09,3.6295477e-20,0.0,0.0,0.0,1.3955401e-32
320000,222,130,0,2.4162587e-09,7.3646903e-22,2.9777172e-30,1e-45,0.0,1.1381573e-12
320000,289,209,0,2.0873843e-09,7.431844e-13,0.0,0.0,5.444342e-28,2.7789454e-14
320000,86,240,0,2.0202986e-09,7.9332374e-11,1.4526235e-15,2.3458628e-23,1.17734615e-14,8.169568e-12
320000,223,352,0,2.4172044e-09,2.1475148e-12,3.5704836e-15,1.2660556e-21,6.633615e-23,4.8472077e-13
320000,210,268,0,1.9816637e-09,9.584334e-17,0.0,0.0,1e-45,9.756364e-18
320000,345,144,0,1.9646715e-09,1.7209601e-13,1.944361e-29,0.0,3.1427187e-33,2.45734e-13
320000,415,172,0,1.9988788e-09,1.2791119e-13,2.548993e-21,6.056502e-32,9.521237e-34,1.1105384e-14
320000,428,370,0,2.1138036e-09,4.2138418e-11,3.881064e-14,3.7391323e-20,8.175914e-14,2.2477942e-12
320000,396,193,0,2.1605975e-09,4.4330078e-11,2.9489144e-20,5.821045e-33,3.4445122e-18,1.4344464e-12
320000,413,337,0,2.6982716e-09,7.0180445e-11,2.4555282e-15,2.7117087e-22,3.4044052e-15,1.4514989e-11
320000,365,266,0,2.1649056e-09,3.597168e-15,4.440057e-27,4.008e-42,1.3228831e-33,1.0177438e-12
320000,335,335,0,2.4884867e-09,2.7683543e-11,3.5734496e-33,0.0,1.1540493e-16,5.0153458e-12
320000,330,184,0,2.0898754e-09,1.1342715e-13,4.228997e-35,0.0,2.1599504e-34,1.8502985e-16
320000,434,75,0,2.0438062e-09,3.6013557e-11,1.8212631e-14,1.7953733e-21,4.1361542e-17,1.2440138e-11
320000,403,150,0,2.2715458e-09,1.3877882e-11,6.4530175e-24,1.2219055e-38,2.7961975e-20,3.0983695e-11
320000,355,213,0,2.0869049e-09,1.216183e-16,1.0043092e-16,1.906182e-25,5.671892e-32,7.4482514e-14
320000,446,196,0,1.9028052e-09,1.6971492e-11,1.6670164e-14,5.449159e-20,1.7017512e-21,7.231357e-11
320000,150,282,0,1.9672388e-09,3.571021e-12,1.0315582e-29,0.0,4.0405153e-22,5.930798e-13
320000,323,291,0,2.5550058e-09,3.5567972e-11,4.714728e-32,0.0,8.8719644e-16,6.0817176e-14
320000,63,445,0,1.9143855e-09,1.3324655e-11,8.302273e-12,6.5477163e-15,4.2678873e-17,2.1498282e-11
320000,369,298,0,1.9317747e-09,5.3707893e-12,4.780298e-19,5.8640203e-30,1.8135666e-21,1.1456993e-14
320000,223,266,0,1.9399276e-09,2.332236e-15,0.0,0.0,2.4452e-39,1.6535765e-25
320000,444,434,0,2.3677957e-09,2.794054e-10,2.4069941e-13,1.1994538e-18,5.684449e-11,2.3597707e-10
320000,402,404,0,2.213673e-09,1.14090876e-10,2.0590666e-18,7.360179e-26,1.840412e-10,6.458041e-12
320000,387,86,0,2.0750337e-09,2.1198165e-11,2.3058096e-17,1.3351765e-24,3.658944e-17,1.3813871e-12
320000,324,310,0,2.67583e-09,6.056907e-11,0.0,0.0,1.0066676e-13,3.7171056e-12
320000,211,222,0,2.5255558e-09,7.2056896e-12,5.28128e-40,0.0,8.259416e-20,2.1624228e-14
320000,181,222,0,2.8772242e-09,1.2502154e-14,0.0,0.0,2.9224e-41,2.4027008e-17
320000,258,327,0,1.9122772e-09,1.1218027e-12,0.0,0.0,6.66091e-24,6.8750386e-15
320000,326,316,0,2.4391653e-09,8.9714625e-12,1e-45,0.0,3.347465e-18,3.6205314e-15
320000,236,433,0,2.47574e-09,2.491711e-11,9.71727e-22,3.6412907e-34,3.648721e-16,4.9282637e-11
320000,111,290,0,2.1403141e-09,1.6034642e-11,3.1784105e-27,4.322e-42,9.940377e-18,9.21187e-14
320000,313,431,0,2.4825697e-09,2.4887947e-10,3.1804353e-16,9.453495e-25,1.5496704e-12,2.7023161e-11
320000,299,294,0,2.0846704e-09,2.8837448e-11,4.054691e-39,0.0,2.6446788e-18,1.5921967e-16
320000,123,315,0,2.550069e-09,5.8639996e-11,8.1722805e-29,0.0,5.809632e-15,1.0305834e-14
320000,193,333,0,2.4845177e-09,4.1486665e-17,5.03e-43,0.0,8.42896e-40,2.3544727e-13
320000,152,89,0,1.9537334e-09,5.744245e-11,1.3406116e-15,1.2350161e-21,2.767263e-13,1.1561498e-11
320000,198,176,0,2.0699293e-09,1.4711081e-11,6.875608e-18,6.8561935e-27,7.590775e-19,1.1652239e-16
320000,327,279,0,2.6843177e-09,7.1082966e-11,8.125744e-22,1.5803305e-32,2.6159688e-14,1.5553088e-15
320000,64,142,0,1.9632678e-09,6.3196615e-11,7.069927e-11,1.8328926e-12,1.6913692e-13,3.0975485e-12
320000,315,110,0,2.3127862e-09,1.00733605e-11,3.6206615e-37,0.0,1.6316171e-19,6.272979e-11
320000,350,366,0,1.9798592e-09,5.0773526e-12,2.5224343e-31,0.0,1.8138815e-21,1.06947666e-10
320000,323,306,0,2.5817444e-09,4.0022955e-12,0.0,0.0,7.239377e-23,3.056267e-11
320000,417,128,0,2.751831e-09,1.987273e-12,1.6347794e-16,4.2691275e-23,4.0194573e-25,3.0676747e-10
320000,154,117,0,1.968846e-09,8.0380483e-13,1.1185832e-14,2.6390054e-21,7.060283e-26,2.1611544e-11
320000,444,151,0,1.967673e-09,1.33336805e-11,1.534709e-16,7.767953e-24,7.991782e-19,3.8342805e-11
320000,186,417,0,2.2159998e-09,4.3313934e-13,7.281974e-14,1.0534855e-18,5.245895e-22,7.230095e-15
320000,192,245,0,3.326552e-09,3.5476486e-11,0.0,0.0,1.8258566e-15,9.947918e-12
320000,73,66,0,2.1244544e-09,1.3208479e-12,1.9941035e-18,1.206929e-28,1.6880582e-21,7.875056e-11
320000,215,351,0,2.1914097e-09,9.073775e-13,1.4658224e-11,1.8132866e-14,2.8264137e-16,1.6414245e-11
320000,267,216,0,2.1545898e-09,1.78605e-14,0.0,0.0,2.3044191e-33,2.4449952e-19
320000,114,90,0,2.1842415e-09,9.413245e-12,5.2388746e-17,3.267766e-25,8.200455e-18,9.359991e-11
320000,204,429,0,3.311556e-09,7.680974e-12,3.8679862e-12,5.6003494e-16,1.1168013e-18,5.0684328e-11
320000,365,141,0,2.012752e-09,1.6450964e-13,7.233295e-14,9.664231e-20,4.2227026e-24,5.8483357e-12
320000,128,63,0,2.6190428e-09,4.6999283e-11,3.4951486e-11,4.7495086e-13,3.6163133e-14,3.8715693e-12
320000,403,144,0,2.2556013e-09,5.700067e-13,4.3058063e-21,1.1283094e-31,3.7198784e-31,6.835601e-11
320000,412,214,0,1.932319e-09,3.8745195e-11,6.2763913e-15,3.53804e-22,4.678774e-14,1.8672464e-10
320000,309,193,0,1.9589526e-09,2.8027463e-16,9.314e-42,0.0,1.3e-44,1.5269278e-17
320000,275,220,0,2.2009468e-09,6.156691e-14,0.0,0.0,4.071627e-34,3.1445595e-17
320000,263,196,0,2.128879e-09,4.9078927e-15,0.0,0.0,2.1973343e-30,5.537526e-15
320000,145,311,0,2.2354893e-09,4.115615e-21,4.35769e-19,3.1640195e-28,7.966166e-35,5.4054495e-12
320000,392,111,0,2.240155e-09,5.067057e-17,2.3742255e-13,1.2912178e-18,1.8395724e-22,6.115986e-17
320000,243,62,0,1.8912523e-09,2.3399995e-14,2.0187064e-21,1.821168e-33,1.8746668e-38,2.3132225e-11
320000,296,390,0,2.1208668e-09,6.83112e-12,1.9892338e-22,1.4453967e-35,5.4444246e-20,5.9144326e-12
320000,220,335,0,2.09622e-09,7.201726e-11,3.916159e-23,3.0159575e-35,2.1724538e-12,2.4657775e-16
320000,84,372,0,2.0133064e-09,1.03206e-12,8.257807e-18,9.338825e-28,1.4148484e-28,5.1282575e-11
320000,76,60,0,2.1207835e-09,5.361008e-11,3.6424002e-14,1.3882294e-19,2.7382386e-15,2.7504226e-11
320000,375,312,0,1.9663289e-09,4.715044e-13,1.1969943e-19,1.3380524e-30,5.502245e-27,2.0984601e-11
320000,169,241,0,1.9625574e-09,2.828119e-11,4.923444e-39,0.0,2.4001519e-14,8.466355e-14
320000,395,101,0,2.3830573e-09,1.0360834e-13,1.7550227e-17,1.02905595e-26,2.0685627e-29,6.9012274e-14
320000,369,385,0,2.152709e-09,8.480823e-13,1.6864728e-15,3.1257388e-22,8.34803e-26,7.1492105e-12
320000,287,324,0,3.132859e-09,4.000578e-19,0.0,0.0,8.7e-44,6.9590293e-12
320000,295,316,0,2.5091735e-09,2.0942883e-16,0.0,0.0,5.59286e-40,8.0155636e-13
320000,286,268,0,2.0983146e-09,1.2428574e-24,0.0,0.0,0.0,3.4765113e-23
320000,342,261,0,2.7075255e-09,1.2382232e-14,2.7536528e-27,1.2816e-41,2.8761443e-30,7.746498e-16
320000,114,391,0,2.2061166e-09,7.453676e-11,6.8131606e-13,4.2881926e-17,2.1724538e-12,3.3706152e-12
320000,266,179,0,2.0497846e-09,1.5642886e-12,0.0,0.0,4.8363688e-26,5.3458024e-15
320000,197,326,0,2.5791134e-09,2.9699919e-15,0.0,0.0,2.0820998e-32,9.367261e-18
320000,226,321,0,2.128685e-09,1.4987935e-17,2.33e-42,0.0,1.054e-42,4.9385805e-24
320000,321,116,0,2.2015436e-09,1.2016505e-12,1.9218556e-38,0.0,1.1613499e-24,2.1551387e-11
320000,436,369,0,2.2384383e-09,3.931129e-11,8.533408e-16,9.341983e-23,6.1149794e-18,7.3291706e-11
320000,184,328,0,2.2868991e-09,1.9847929e-19,4.59291e-35,0.0,1e-45,6.692617e-16
320000,100,332,0,2.0368034e-09,1.7812396e-18,2.8026454e-17,3.0727488e-26,7.873858e-33,5.7033843e-11
320000,195,318,0,2.2217654e-09,1.9644853e-18,1.3379649e-37,0.0,0.0,2.1338916e-20
320000,310,292,0,2.3052669e-09,2.1883365e-13,0.0,0.0,1.5260392e-26,1.42937025e-11
320000,155,446,0,1.9549011e-09,1.6743343e-10,2.442424e-17,6.8552666e-26,9.556897e-12,2.766168e-12
320000,354,113,0,2.1797597e-09,2.51706e-10,6.43146e-40,0.0,9.942661e-12,3.485446e-14
320000,319,287,0,2.5910212e-09,9.9413574e-14,2.3652109e-33,0.0,2.9775766e-31,6.1723547e-12
320000,280,119,0,1.978579e-09,4.753933e-13,1.609273e-32,0.0,7.0007394e-31,1.2003826e-18
320000,389,139,0,2.0058053e-09,2.0639828e-11,2.1791922e-13,4.3089633e-18,2.204025e-17,1.4133136e-14
320000,230,204,0,1.896649e-09,3.39799e-14,1.9218556e-38,0.0,1.4117544e-33,1.8526688e-13
320000,136,74,0,2.5128832e-09,3.0082704e-11,1.3751506e-16,9.089409e-26,7.315119e-17,2.013267e-12
320000,383,52,0,2.06716e-09,4.2639312e-11,4.431261e-12,1.9142354e-15,3.911685e-17,2.8095712e-11
320000,331,234,0,3.1882426e-09,5.533638e-11,1.3464048e-32,0.0,1.6310029e-13,9.009473e-12
320000,366,365,0,1.9631161e-09,2.6267508e-13,3.4795886e-20,6.291986e-33,1.5260392e-26,5.9521214e-13
320000,390,344,0,2.4158275e-09,7.176125e-13,1.5697019e-12,8.2656704e-16,1.0471593e-17,8.22379e-12
320000,118,326,0,2.0505688e-09,1.38561254e-11,3.6860965e-17,7.367308e-25,2.6358868e-19,3.2007e-11
320000,331,445,0,1.8951678e-09,2.2539992e-11,2.0669068e-12,1.457807e-16,2.686059e-19,3.076363e-11
320000,112,414,0,1.9613653e-09,5.1001103e-11,9.068653e-15,6.954335e-22,3.3583447e-14,1.1492268e-10
320000,337,254,0,3.269362e-09,2.7815277e-21,1.6990116e-35,0.0,0.0,2.0224563e-16
320000,225,357,0,2.2946327e-09,5.6750997e-12,1.8907508e-11,2.91502e-14,4.8167307e-16,2.9684408e-12
320000,292,102,0,2.2396263e-09,1.6058228e-11,3.532487e-27,8.0182e-41,2.8444115e-18,7.279168e-12
320000,355,76,0,2.1108282e-09,3.5130544e-11,3.899195e-12,6.7572657e-16,3.859767e-17,1.6252394e-12
320000,54,431,0,1.962856e-09,4.2985473e-11,2.834689e-16,6.5453776e-25,1.8571943e-17,5.541486e-11
320000,55,89,0,2.0478133e-09,8.112414e-12,8.387076e-21,3.7199806e-32,8.109106e-21,1.7557048e-12
320000,208,367,0,2.119534e-09,2.2032622e-11,1.0817573e-30,0.0,9.037274e-18,1.2138317e-16
320000,107,96,0,2.1748907e-09,6.124716e-12,7.96321e-15,5.021729e-22,2.1558034e-20,8.938977e-11
320000,439,376,0,2.1273983e-09,5.3640075e-11,3.0785443e-14,1.23578174e-20,4.41699e-12,2.7575213e-11
320000,193,55,0,1.9559643e-09,1.02794974e-10,1.1900971e-23,3.063603e-38,1.5652044e-14,1.0958758e-11
320000,250,216,0,1.9433541e-09,6.717965e-11,0.0,0.0,7.424375e-12,4.5202995e-12
320000,335,273,0,2.1720021e-09,5.231475e-14,9.232277e-18,7.095246e-27,1.4853438e-30,5.3767636e-15
320000,316,298,0,2.3923947e-09,8.100576e-14,3e-45,0.0,4.148184e-31,4.875948e-13
320000,331,365,0,2.1802726e-09,2.5583638e-11,7.697808e-30,0.0,1.09648104e-16,2.9929303e-13
320000,57,220,0,2.254106e-09,1.874945e-10,2.044864e-12,3.276065e-16,1.1754176e-13,1.9990408e-10
320000,181,414,0,2.209062e-09,1.3827176e-12,8.570545e-14,1.06935086e-19,5.59666e-23,1.1474688e-13
320000,161,126,0,2.006593e-09,6.524428e-11,3.661706e-22,8.382041e-36,2.7687596e-13,6.307355e-11
320000,203,419,0,2.3896918e-09,1.5040756e-12,2.80391e-16,5.296353e-25,8.1189595e-26,3.0246815e-11
320000,357,181,0,2.0269262e-09,7.78788e-12,1.7169471e-36,0.0,1.6113593e-21,1.392305e-18
320000,362,201,0,2.1739255e-09,1.9808674e-11,1.2711452e-27,3e-44,8.7334014e-17,6.577894e-14
320000,207,141,0,1.909491e-09,1.1895983e-16,3.7152106e-30,0.0,1.0073821e-38,1.8070691e-16
320000,112,271,0,2.1012938e-09,4.096529e-15,2.4900503e-24,4.56373e-40,1.02722e-40,8.8012097e-16
320000,406,408,0,2.1972355e-09,5.1122974e-11,4.513735e-17,1.844401e-24,9.693751e-17,7.354086e-13
320000,72,250,0,2.1095883e-09,1.0532314e-11,8.928695e-11,7.825976e-13,4.83157e-14,2.7859116e-11
320000,148,262,0,2.1829532e-09,1.1280634e-12,4.3339027e-35,0.0,1.4234739e-25,2.494365e-12
320000,118,124,0,2.018906e-09,3.923879e-15,7.325228e-24,5.01376e-40,9.395468e-38,1.20748214e-14
320000,142,199,0,2.210416e-09,5.5402082e-11,3.3626076e-38,0.0,1.0094836e-15,2.6926667e-11
320000,172,134,0,1.943918e-09,6.760734e-11,3.6424002e-14,1.3882294e-19,4.41699e-12,2.8919236e-15
320000,444,440,0,2.2094369e-09,4.1510864e-11,2.5319117e-12,2.9577678e-16,1.191822e-17,8.801235e-11
320000,103,244,0,2.18139e-09,1.2682722e-11,5.491843e-26,6.47e-43,5.0277496e-19,6.4613986e-15
320000,127,379,0,2.0199695e-09,1.1156709e-16,9.625109e-16,9.659483e-24,9.958295e-30,5.6899912e-11
320000,195,246,0,3.6109529e-09,4.358587e-12,0.0,0.0,5.5551617e-23,1.2990426e-12
320000,60,203,0,2.126208e-09,3.9716314e-11,6.5172394e-18,2.0860425e-26,1.1332638e-17,1.205514e-11
320000,218,436,0,2.262567e-09,2.0944782e-11,6.971326e-14,3.6983513e-20,2.2038226e-17,5.435261e-11
320000,291,129,0,2.2444526e-09,7.5516945e-12,1.02445095e-16,2.7396457e-24,1.1572048e-21,5.90842e-20
320000,342,417,0,1.9083293e-09,1.5138581e-11,1.4694952e-10,1.1928999e-11,3.1021054e-12,1.4893793e-11
320000,268,359,0,1.9947801e-09,1.9597414e-12,6.820212e-19,5.8836424e-27,5.6154053e-22,1.2313681e-13
320000,91,250,0,2.291464e-09,7.4204184e-13,2.6810534e-14,4.0368375e-20,2.0014983e-24,1.3776639e-11
320000,404,352,0,2.2408548e-09,7.537513e-14,7.902487e-18,2.9384912e-26,1.1813869e-31,3.0704127e-11
320000,296,281,0,2.0110134e-09,1.3501656e-14,1e-45,0.0,9.136934e-33,1.011911e-18
320000,310,434,0,2.5129976e-09,1.9637746e-11,2.3741026e-16,2.5453477e-24,2.9844693e-21,1.8362803e-12
320000,416,352,0,2.0754773e-09,1.9737776e-13,4.8029778e-11,2.9026133e-13,1.561361e-14,7.8506444e-11
320000,413,427,0,1.925934e-09,4.7629487e-11,3.022836e-27,1e-45,1.4434588e-18,2.1824952e-15
320000,75,333,0,2.0980457e-09,9.6797075e-24,9.001186e-34,0.0,0.0,4.6862323e-11
320000,256,231,0,1.9664428e-09,9.1308126e-14,0.0,0.0,5.0614724e-32,9.105989e-12
320000,145,354,0,1.9349091e-09,2.2027786e-11,4.154715e-16,1.1632516e-24,9.037274e-18,5.3578142e-11
320000,223,161,0,2.2772932e-09,9.134142e-17,2.5114443e-20,3.7009497e-29,2.3670194e-35,3.959077e-16
320000,382,283,0,2.2549589e-09,5.709267e-12,5.6538095e-24,2.1709817e-38,7.801745e-21,9.528617e-17
320000,366,124,0,1.9786788e-09,7.436434e-12,3.627579e-29,0.0,1.6717046e-20,2.9215897e-11
320000,373,262,0,2.246923e-09,4.354539e-12,3.4878432e-20,9.5434366e-32,9.048669e-23,1.1152579e-11
320000,440,176,0,2.146524e-09,4.3553793e-12,6.551904e-13,7.373396e-18,2.1214994e-21,1.4796314e-13
320000,298,201,0,2.0005215e-09,2.3344965e-19,0.0,0.0,0.0,5.7642943e-11
320000,394,171,0,2.0817883e-09,7.318299e-12,1.8353835e-13,3.276791e-18,1.9379145e-21,3.2032536e-11
320000,242,390,0,2.134828e-09,3.225955e-11,4.7978856e-25,5.4467e-41,1.1752657e-19,2.0100923e-11
320000,95,408,0,2.0360984e-09,3.518381e-11,3.2711433e-12,2.0440178e-15,2.87048e-15,1.10385784e-10
320000,350,259,0,2.236241e-09,8.578807e-17,1.7830888e-29,0.0,3.405242e-39,1.3702406e-12
320000,414,307,0,2.6219926e-09,1.1469419e-11,4.8918876e-21,3.8522118e-33,1.981781e-18,1.6205278e-14
320000,304,336,0,2.6745055e-09,6.565546e-17,4.2725004e-29,1e-45,3.5e-44,4.7237977e-18
320000,422,329,0,2.3751672e-09,1.6841525e-11,3.1661466e-20,9.406401e-31,2.8444115e-18,7.465794e-16
320000,211,434,0,2.5807836e-09,1.5638917e-11,2.4997398e-12,1.5181492e-16,3.7973143e-19,1.4587792e-10
320000,302,89,0,2.1379043e-09,7.151324e-11,4.314216e-27,0.0,2.7509436e-12,5.5245513e-11
320000,97,161,0,1.8950814e-09,3.2665454e-11,3.1136094e-19,4.82879e-30,1.7033901e-16,2.2407807e-11
320000,275,175,0,2.1041928e-09,2.7422061e-13,0.0,0.0,1.688057e-21,1.1854392e-10
320000,285,302,0,2.251641e-09,8.7675086e-14,1.383346e-23,2.4341687e-35,1.9014822e-27,5.7652418e-11
320000,58,284,0,1.9754878e-09,5.201848e-11,1.4527714e-21,1.1585114e-35,2.0521154e-10,2.3872297e-11
320000,151,54,0,1.9009212e-09,8.738923e-12,4.2236608e-13,2.9445167e-18,1.9729136e-20,8.19362e-11
320000,355,192,0,2.0630908e-09,7.3338904e-12,1.3768523e-37,0.0,2.1558036e-20,7.76315e-12
320000,419,109,0,1.9782496e-09,2.6173226e-12,9.66676e-12,9.874532e-15,6.995659e-17,5.2870523e-14
320000,218,421,0,2.0851059e-09,1.9278626e-11,7.4204727e-13,5.6550454e-17,4.6063624e-18,2.7649515e-11
320000,267,256,0,2.333702e-09,2.2715147e-14,0.0,0.0,5.8035503e-27,4.509763e-22
320000,356,276,0,2.553384e-09,2.369012e-18,4.497861e-24,1.7764489e-37,0.0,5.455841e-15
320000,278,382,0,1.9613582e-09,2.3978339e-12,3.8977636e-23,3.7757365e-38,1.0435558e-21,5.5818783e-13
320000,79,275,0,3.147585e-09,1.2115545e-11,3.0022696e-22,9.754334e-35,6.765789e-18,2.8014728e-11
320000,251,402,0,2.0629065e-09,2.8573454e-11,1.319515e-26,2.0792e-41,4.623741e-17,6.896241e-13
320000,244,309,0,1.9364466e-09,1.058266e-20,0.0,0.0,0.0,2.0152142e-18
320000,353,63,0,2.2390925e-09,2.0775265e-12,6.5095685e-12,4.07864e-15,2.4453547e-17,3.6497437e-11
320000,160,296,0,1.9637079e-09,9.2585245e-11,7.236614e-33,0.0,7.9740863e-13,2.763883e-16
320000,401,116,0,2.2660291e-09,7.7777526e-14,1.6363289e-10,5.8695916e-11,5.8857245e-11,4.097885e-12
320000,178,102,0,2.191617e-09,1.3903389e-17,6.3444155e-21,3.1757482e-32,1.67063e-40,4.010934e-12
320000,435,255,0,2.0987805e-09,3.1461663e-12,5.104226e-13,4.6822426e-17,8.358387e-20,4.839778e-12
320000,118,286,0,2.2001783e-09,8.8884173e-13,1.5349086e-18,2.4462929e-29,7.964957e-25,4.6294874e-13
320000,296,336,0,3.5364505e-09,9.753695e-22,6.0935666e-38,0.0,0.0,7.98288e-16
320000,236,171,0,1.9485187e-09,3.650079e-23,4.1501e-41,0.0,0.0,2.8440222e-15
320000,100,257,0,2.5198188e-09,1.179153e-11,1.1563662e-24,6.44509e-40,4.729822e-18,1.1240422e-16
320000,123,431,0,1.9077775e-09,3.1728212e-13,2.559639e-13,2.9790824e-17,1.1245515e-19,1.3212334e-12
320000,99,253,0,2.629591e-09,4.0114045e-12,7.720394e-22,3.005582e-35,4.0448433e-22,8.3708395e-15
320000,141,447,0,1.9318935e-09,2.3319138e-11,7.1061865e-11,8.9267824e-13,6.032693e-14,4.0821457e-11
320000,77,210,0,2.203262e-09,1.3364173e-11,4.2569626e-14,1.2511929e-19,3.6717645e-19,2.234933e-11
320000,325,257,0,2.13262e-09,6.308956e-14,2.1661e-41,0.0,2.0310058e-26,5.175928e-20
320000,378,59,0,2.2032804e-09,1.2068607e-11,2.0192492e-18,1.2074e-28,1.1634298e-19,1.01625826e-10
320000,265,128,0,2.331055e-09,4.6869682e-11,6.510066e-27,8e-45,2.7672358e-13,2.6510399e-17
320000,445,242,0,1.9296096e-09,9.691613e-12,1.727236e-14,3.8984045e-21,5.8384653e-21,3.35773e-12
320000,434,420,0,2.4470104e-09,2.2719198e-12,6.8992955e-15,5.983577e-21,3.0222282e-25,5.6138882e-11
320000,397,284,0,2.1121622e-09,1.2111605e-10,3.2452723e-29,0.0,2.3808947e-12,7.7785955e-12
320000,72,125,0,1.9224766e-09,1.2079964e-11,1.2520438e-19,6.895726e-30,1.7502688e-17,2.4091354e-11
320000,163,193,0,1.9276305e-09,4.5968857e-11,3.46e-43,0.0,2.5549505e-16,3.7995204e-11
320000,336,341,0,2.349546e-09,8.639783e-12,7.917359e-30,1e-45,1.8212498e-21,6.328777e-14
320000,343,297,0,1.9168354e-09,3.2063954e-15,2.4910001e-25,7.913207e-39,4.765585e-35,8.8011657e-16
320000,419,155,0,2.1442372e-09,8.861892e-12,6.2103054e-18,6.470091e-28,2.9168792e-20,8.581641e-14
320000,135,211,0,2.0909658e-09,4.8949733e-11,3.4964578e-23,2.4958672e-35,1.1503863e-15,7.9455196e-19
320000,438,338,0,2.201585e-09,9.1063624e-14,1.4797562e-27,4.25e-43,1.2417971e-30,1.08432326e-10
320000,181,220,0,2.8460354e-09,3.7298405e-14,0.0,0.0,1.3035064e-37,4.068316e-16
320000,147,303,0,2.117985e-09,8.25919e-18,1.9193254e-27,2.272e-42,0.0,5.878318e-12
320000,275,325,0,2.0474311e-09,2.8080736e-20,2.615e-42,0.0,0.0,1.158986e-12
320000,309,313,0,2.0519701e-09,2.7961e-18,0.0,0.0,0.0,5.661912e-13
320000,370,74,0,2.2851514e-09,4.959527e-13,7.270344e-21,1.11223935e-33,1.092042e-30,6.690754e-11
320000,73,291,0,2.062769e-09,1.5906164e-11,1.7563772e-26,4.48e-43,1.7410479e-18,6.28174e-13
320000,376,146,0,2.0168114e-09,2.6748767e-13,1.0864184e-14,1.0520455e-20,4.5496143e-25,1.11026924e-10
320000,136,179,0,2.2373556e-09,1.7215007e-11,0.0,0.0,7.590774e-19,3.0562712e-11
320000,411,339,0,2.7638094e-09,2.6989515e-11,6.1166933e-16,5.847248e-23,9.2410275e-17,3.8637316e-11
320000,287,442,0,1.958651e-09,1.4410766e-11,2.0454153e-12,3.276065e-16,7.0720194e-19,2.0314193e-12
320000,85,416,0,2.4665099e-09,4.6222835e-12,1.4164171e-17,1.4220358e-27,3.7293835e-20,4.3888223e-11
320000,219,315,0,2.0365334e-09,7.903889e-14,0.0,0.0,3.285683e-30,1.5347773e-28
320000,136,369,0,2.3717848e-09,4.7386057e-16,3.9575617e-11,7.070505e-14,1.2301453e-15,5.2108078e-15
320000,434,138,0,2.152341e-09,8.4586456e-11,3.3445186e-24,2.8419384e-35,4.7937487e-12,7.465137e-11
320000,113,237,0,2.0701552e-09,2.1342312e-11,4.9432605e-32,0.0,2.7201767e-19,9.986657e-13
320000,428,53,0,1.9989892e-09,1.9866811e-10,1.9095405e-12,7.1147346e-17,8.968822e-11,2.2811013e-11
320000,189,112,0,1.9296909e-09,1.9295106e-14,2.7195996e-20,1.0419512e-30,3.1556395e-36,1.901854e-12
320000,73,165,0,1.8999016e-09,2.1222295e-11,2.9940824e-26,4.99e-43,4.27571e-17,3.8120063e-11
320000,124,246,0,2.0410231e-09,3.8823975e-11,1.6111638e-29,0.0,1.13946065e-14,4.3615168e-13
320000,235,342,0,2.0228352e-09,2.3831694e-11,8.5544377e-19,1.5148008e-27,9.979903e-16,3.719442e-13
320000,142,319,0,2.1176154e-09,1.3369461e-16,1.2648297e-13,4.4899596e-19,5.695526e-23,1.9893278e-12
320000,264,203,0,2.1733098e-09,2.23309e-13,0.0,0.0,1.9539761e-26,3.359722e-13
320000,255,352,0,1.926107e-09,1.42856465e-11,2.3888307e-34,0.0,5.584042e-19,1.526752e-11
320000,432,157,0,2.0719428e-09,4.3101387e-11,3.7937348e-11,1.616442e-13,5.0443743e-14,5.6878405e-11
320000,203,241,0,2.6368823e-09,3.218117e-13,0.0,0.0,2.077481e-27,5.744167e-15
320000,204,289,0,2.1495463e-09,9.253718e-13,1e-45,0.0,1.777917e-25,4.696749e-17
320000,108,392,0,2.2006597e-09,1.11425955e-11,4.6057966e-12,9.670485e-16,1.8945943e-18,6.5836538e-12
320000,420,316,0,3.0155813e-09,2.9273825e-13,5.9725554e-21,6.916904e-35,3.4076825e-30,2.4081263e-11
320000,327,191,0,2.1586815e-09,1.1441046e-15,1.6014168e-28,1e-45,7.0684e-41,5.7041666e-16
320000,178,293,0,2.0008373e-09,5.2665896e-13,2.059035e-18,7.360179e-26,2.0081233e-28,5.7248247e-12
320000,340,111,0,3.116693e-09,2.0350411e-13,1.1347372e-33,0.0,3.6029616e-32,4.582128e-16
320000,154,75,0,1.9723485e-09,6.341929e-11,2.8948134e-14,8.866351e-21,9.5563965e-12,6.8673615e-11
320000,380,166,0,2.3673372e-09,1.869424e-14,4.1750034e-14,5.562408e-20,2.4903714e-24,9.113536e-12
320000,368,251,0,2.5402023e-09,8.743215e-13,2.8892527e-26,1.896e-42,9.691202e-27,3.4632942e-11
320000,257,424,0,1.9158402e-09,4.9446953e-11,1.4337206e-22,2.3528719e-36,7.5493844e-15,3.0024126e-11
320000,310,390,0,2.1109026e-09,1.8959376e-12,5.462663e-12,2.852963e-15,1.6163835e-17,2.7605546e-12
320000,88,281,0,2.6012101e-09,1.3117714e-12,8.7131035e-13,2.1328733e-17,1.01965375e-20,2.7108326e-12
320000,345,97,0,2.1120543e-09,4.0020227e-11,6.520648e-26,1.275138e-39,1.2890826e-15,1.2100299e-10
320000,145,207,0,2.1512396e-09,2.4181245e-12,1.051399e-31,0.0,3.8632147e-22,4.5380608e-15
320000,336,378,0,2.0096034e-09,1.233012e-15,1.4306919e-16,2.0269945e-24,5.331399e-30,3.83074e-11
320000,336,130,0,1.9583077e-09,1.6198414e-12,0.0,0.0,8.233813e-25,3.7995183e-11
320000,378,174,0,2.423662e-09,1.4860259e-11,9.14622e-17,6.6281264e-26,5.6623263e-16,3.161345e-11
320000,290,251,0,2.24634e-09,3.970597e-15,0.0,0.0,7.15607e-30,1.8779662e-13
320000,325,92,0,2.8686402e-09,6.103663e-15,9.728149e-14,3.1449967e-18,3.7507907e-21,9.633604e-12
320000,363,209,0,2.200225e-09,6.6737967e-13,3.4878432e-20,9.5434366e-32,1.3911761e-26,1.7434491e-16
320000,56,262,0,2.623859e-09,4.6073514e-12,2.233143e-18,2.03602e-28,8.1388206e-23,5.3267213e-12
320000,211,173,0,2.0576005e-09,8.659849e-13,1.3856902e-30,0.0,1.00125544e-20,1.9446896e-12
320000,296,329,0,3.0933769e-09,3.8491455e-23,4.2e-44,0.0,0.0,6.359442e-11
320000,123,224,0,2.5102387e-09,5.8813904e-12,1.8423297e-19,2.3127123e-30,9.560047e-22,1.6241604e-11
320000,84,390,0,2.136137e-09,4.8433795e-11,9.4701726e-14,1.076307e-19,2.2564776e-15,2.4498863e-11
320000,165,174,0,1.9052013e-09,2.8055162e-12,4e-44,0.0,3.5059005e-25,5.968483e-12
320000,272,234,0,1.9692252e-09,5.787666e-13,0.0,0.0,2.670158e-29,2.867426e-12
320000,104,340,0,2.0375701e-09,3.017979e-13,3.1042265e-21,4.7318812e-33,1.0286509e-27,1.29256475e-11
320000,179,347,0,1.9632649e-09,1.5850775e-16,1.4948073e-20,1.1144389e-32,8.50193e-40,5.301116e-14
320000,156,239,0,1.942381e-09,9.0794093e-13,2.0618208e-32,0.0,1.482572e-27,2.4732703e-13
320000,183,284,0,2.0042425e-09,2.7278196e-15,5.6884736e-29,0.0,8.453593e-35,6.26954e-13
320000,373,349,0,1.9500512e-09,3.1025811e-12,1.6972831e-17,1.7515595e-25,2.6053078e-24,1.0759096e-14
320000,415,313,0,2.7829643e-09,3.2632032e-14,7.8310916e-23,3.374051e-38,1.1756691e-30,8.440334e-17
320000,152,340,0,1.9247637e-09,4.058102e-11,1.425602e-20,7.835039e-34,2.7971628e-14,1.9060533e-14
320000,330,329,0,2.4909377e-09,3.3835532e-13,6.5955225e-34,0.0,9.041977e-30,1.2884423e-13
320000,321,107,0,2.4054765e-09,1.6034202e-11,1.4078111e-28,4e-45,9.940377e-18,2.156078e-11
320000,297,382,0,2.1683584e-09,4.781431e-13,2.4814627e-19,7.758496e-31,5.0172785e-32,6.938487e-11
320000,174,224,0,2.2908262e-09,1.6978705e-12,0.0,0.0,2.6473263e-26,8.051087e-19
320000,290,325,0,3.520268e-09,3.2288672e-20,0.0,0.0,0.0,1.3397078e-12
320000,191,351,0,2.0160789e-09,2.0391077e-17,1.3911403e-31,0.0,2.80979e-40,4.9181015e-12
320000,103,226,0,2.1217157e-09,6.657e-12,8.6884694e-29,1.1e-44,1.9780599e-21,1.117929e-13
320000,85,209,0,2.0948783e-09,4.3780993e-11,3.1857936e-19,1.1973111e-29,2.5811252e-15,9.65921e-13
320000,132,332,0,1.9678057e-09,2.8171825e-12,1.7450831e-25,1.7125e-41,3.6574662e-23,2.3984406e-12
320000,197,243,0,3.447808e-09,1.3759394e-12,0.0,0.0,1.2329409e-25,3.5293658e-12
320000,187,70,0,2.1255728e-09,1.290142e-12,9.493829e-23,2.5627197e-35,6.0340743e-28,6.5877278e-12
320000,54,316,0,1.9602076e-09,3.7834013e-13,5.5228983e-21,1.2436111e-33,2.2044164e-29,1.3813468e-11
320000,384,248,0,2.0785782e-09,3.286027e-13,2.9337443e-24,4.1999524e-38,1.6022459e-25,7.314687e-12
320000,388,319,0,2.208049e-09,2.1728796e-17,1.5708057e-17,6.2109296e-28,5.678632e-36,3.1538498e-11
320000,138,150,0,2.3383422e-09,3.0283776e-15,3.984173e-20,1.6868163e-26,9.7107966e-36,7.245997e-14
320000,94,432,0,1.9312492e-09,4.41821e-11,1.259026e-24,1.4565978e-38,1.646431e-14,1.0051011e-11
320000,336,257,0,3.897773e-09,5.3288413e-20,2.7016625e-33,0.0,0.0,9.9104145e-18
320000,68,192,0,2.4713225e-09,1.0995455e-11,1.2591346e-18,2.7324008e-28,8.200464e-18,2.6867727e-11
320000,299,147,0,1.9172952e-09,6.7144016e-12,4.0801374e-18,2.5814274e-28,1.2092396e-21,1.4264638e-11
320000,55,225,0,2.2180142e-09,3.19743e-10,7.005127e-14,1.0530985e-18,3.758375e-09,2.393471e-10
320000,137,373,0,2.388463e-09,3.190325e-18,7.1641174e-12,3.0665189e-15,1.6009027e-17,7.385978e-13
320000,324,416,0,1.9416517e-09,1.944646e-11,6.998983e-14,1.0530984e-18,1.4300237e-17,3.0383005e-11
320000,191,327,0,2.7383715e-09,3.317145e-19,2.5428e-41,0.0,0.0,6.070616e-16
320000,327,87,0,2.9963032e-09,6.009721e-13,7.837483e-16,2.0640958e-22,6.1889917e-27,3.20743e-13
320000,271,73,0,1.9017121e-09,3.6292563e-11,1.6214322e-18,9.248517e-30,5.5660216e-15,1.1767682e-11
320000,325,60,0,2.059276e-09,1.4513518e-14,9.591692e-22,3.3330314e-34,4.8027e-41,3.827538e-10
320000,87,183,0,1.9455944e-09,8.2692145e-11,2.1961298e-12,9.875044e-16,2.4490026e-13,1.3635056e-12
320000,61,100,0,2.205009e-09,7.759045e-11,3.0086645e-18,8.9222364e-27,1.8207314e-15,6.1614776e-12
320000,78,193,0,2.113998e-09,1.3931274e-10,5.0279977e-19,8.6666926e-29,2.380932e-12,3.5247562e-11
320000,198,370,0,2.0844992e-09,7.0980812e-12,3.95e-43,0.0,5.9325507e-21,3.296117e-18
320000,365,248,0,2.4015343e-09,3.5679633e-11,4.7558067e-21,5.5539485e-33,1.4579939e-15,1.10641e-12
320000,362,87,0,2.0549618e-09,3.639918e-12,1.6568872e-15,2.0937437e-23,9.420122e-23,1.4490034e-10
320000,215,62,0,1.998506e-09,7.891184e-11,2.2560083e-21,1.2190779e-33,3.6919694e-16,5.062544e-17
320000,194,265,0,1.967301e-09,6.1166354e-18,2.7016596e-33,0.0,1e-45,1.874446e-18
320000,421,304,0,2.3252564e-09,2.7150964e-12,5.759724e-15,1.8103122e-21,8.9716065e-23,2.3057042e-12
320000,337,208,0,2.2978435e-09,2.637783e-18,2.0645142e-13,2.7770877e-18,1.145322e-21,2.5065641e-14
320000,298,431,0,2.1191813e-09,2.9823675e-11,5.855353e-16,7.4502006e-23,3.6626354e-18,5.5244514e-11
320000,56,375,0,1.8909512e-09,2.8154508e-13,2.5411687e-11,8.5480336e-14,1.8210886e-15,2.4231877e-12
320000,130,263,0,2.2031847e-09,1.8038145e-12,1.360861e-22,1.2402131e-35,3.3828956e-23,1.8776745e-21
320000,123,116,0,2.0219626e-09,2.0478273e-15,3.1650907e-25,2.99e-42,6.5629893e-35,5.7160127e-11
320000,322,97,0,2.5225366e-09,5.7486443e-13,1.8061433e-18,3.644898e-27,4.4213145e-30,2.47509e-11
320000,277,297,0,2.3034898e-09,2.7723246e-20,6.661293e-12,1.9061059e-14,8.5784924e-16,1.3692589e-12
320000,364,170,0,2.0019084e-09,1.15707435e-11,1.3076979e-28,0.0,2.2073106e-18,1.56449e-13
320000,163,320,0,2.2462772e-09,2.2667974e-12,8.2587914e-25,8.229965e-39,4.2173335e-21,5.125104e-16
320000,294,266,0,2.1296789e-09,1.440299e-18,0.0,0.0,1e-45,1.0050779e-21
320000,388,286,0,2.3149564e-09,8.475103e-13,2.6810828e-26,1.3885e-41,1.364541e-26,3.3495479e-16
320000,405,345,0,2.4445326e-09,6.3046517e-12,1.503998e-12,1.05544805e-16,2.039507e-19,4.9678738e-12
320000,326,282,0,2.7738811e-09,2.377544e-12,3.6046567e-23,3.146395e-35,2.4245003e-22,8.4592307e-16
320000,139,75,0,2.5025368e-09,5.2332535e-12,5.0343468e-14,2.1559052e-20,4.1573175e-24,1.0731269e-10
320000,121,57,0,2.247253e-09,1.2308251e-11,4.6497195e-18,1.0593505e-28,2.2344966e-19,9.442949e-13
320000,420,320,0,2.967648e-09,5.8047065e-12,4.0741664e-24,7.1601e-41,2.9573128e-22,1.197751e-12
320000,99,66,0,2.1446558e-09,4.0383755e-11,7.9171095e-22,3.3324817e-34,8.1749786e-14,1.757209e-11
320000,412,276,0,2.020315e-09,1.2284294e-10,6.427664e-36,0.0,3.2851402e-09,1.0338282e-14
320000,339,358,0,2.0932516e-09,6.2886314e-11,2.3449789e-36,0.0,8.385261e-14,1.9646277e-13
320000,387,274,0,2.1066429e-09,3.8370702e-11,8.794312e-15,7.767147e-21,6.4168874e-15,3.4851922e-12
320000,289,134,0,2.2369437e-09,1.1060264e-11,1.9690407e-13,9.604642e-19,3.6549066e-20,2.3722602e-15
320000,336,222,0,2.112132e-09,3.825427e-12,9.50553e-21,5.8611606e-32,1.977931e-21,3.5293934e-12
320000,220,165,0,2.3162199e-09,3.8968497e-13,2.624685e-25,1.0710728e-37,3.204269e-25,6.2207634e-13
320000,145,269,0,2.3430822e-09,1.2493632e-13,1.7151699e-28,0.0,3.2295242e-29,2.8688834e-16
320000,435,333,0,2.2996514e-09,3.149484e-13,2.4460294e-27,3.5e-44,4.5119955e-27,1.7138454e-11
320000,426,321,0,2.663533e-09,1.4771256e-13,1.1397819e-21,4.9489914e-35,5.278911e-31,1.5599383e-12
320000,282,294,0,2.349467e-09,3.417894e-18,8.332744e-19,5.679184e-27,1.1555768e-32,6.2636197e-13
320000,325,84,0,2.933637e-09,2.117454e-12,2.2160047e-16,1.7867526e-24,3.776131e-26,8.188179e-15
320000,88,418,0,2.4707094e-09,1.6560545e-12,1.2434373e-19,1.1003468e-26,3.1525644e-27,1.7923543e-11
320000,265,402,0,2.0523632e-09,2.475751e-12,2.1791922e-13,4.3089633e-18,2.0416635e-21,5.3798094e-11
320000,323,357,0,2.0159745e-09,4.6719373e-16,1.0104195e-23,4.8422712e-36,5.539755e-38,6.3878043e-18
320000,293,324,0,3.3828849e-09,2.0669379e-20,0.0,0.0,0.0,4.723661e-13
320000,277,366,0,1.9873472e-09,2.7079868e-13,7.741073e-20,2.8299356e-29,2.9552193e-26,8.4283905e-14
320000,223,104,0,1.909725e-09,1.964427e-12,4.6785217e-22,7.0299195e-34,3.286149e-24,1.3484498e-12
320000,294,89,0,2.2245559e-09,8.669274e-11,2.4697864e-24,2.20792e-35,3.1430194e-13,3.694775e-13
320000,226,130,0,2.4750229e-09,6.529088e-23,1.8535794e-26,1.14e-43,0.0,9.511508e-13
320000,219,387,0,1.8980657e-09,2.0825344e-16,4.7978856e-25,5.4467e-41,0.0,4.305433e-11
320000,104,275,0,2.1306181e-09,6.910973e-13,1.727994e-24,2.54854e-40,3.0167503e-30,5.2873886e-12
320000,224,227,0,1.9522817e-09,1.005514e-11,0.0,0.0,1.6316171e-19,4.9335104e-20
320000,64,251,0,2.186501e-09,7.130103e-11,8.539532e-12,7.548579e-15,2.0442271e-14,1.37723374e-11
320000,91,307,0,1.9147604e-09,5.382039e-15,8.045056e-12,6.542126e-15,4.2670307e-17,2.2841099e-13
320000,354,132,0,2.01268e-09,2.7881445e-11,1.381506e-28,0.0,2.5496195e-16,1.0860008e-16
320000,420,225,0,1.9315851e-09,2.8261666e-12,1.611491e-13,7.0389177e-19,9.4958627e-23,1.2518404e-11
320000,324,374,0,2.1625741e-09,3.088611e-11,5.295594e-21,9.093164e-33,1.703432e-16,3.1440007e-11
320000,65,425,0,1.9824666e-09,1.2820972e-10,5.5681455e-24,5.24744e-40,1.0067796e-13,4.0521478e-10
320000,388,441,0,2.1254274e-09,4.3576955e-11,2.0346306e-11,4.898908e-14,1.000225e-15,9.758472e-12
320000,137,418,0,1.9072344e-09,4.3083946e-11,2.9765676e-12,9.532706e-16,1.1399276e-14,5.8614925e-11
320000,439,315,0,2.3894497e-09,3.3045287e-13,1.6393622e-19,4.8066948e-32,3.762524e-30,1.31483305e-11
320000,73,303,0,2.012296e-09,7.360915e-13,2.3246406e-24,7.6346765e-38,2.0056376e-26,1.6112296e-11
320000,355,97,0,2.2024609e-09,1.843994e-13,7.5560076e-23,6.948362e-36,2.863598e-25,1.2222785e-10
320000,115,98,0,2.225393e-09,7.888491e-13,1.3042465e-11,1.1184087e-14,7.138934e-17,7.9988506e-14
320000,184,444,0,1.8946418e-09,4.3867947e-11,7.032212e-24,4.2989547e-35,1.705369e-16,9.836981e-12
320000,376,74,0,2.3748696e-09,4.2196077e-12,3.6860978e-17,7.367308e-25,1.1585983e-21,6.872873e-11
320000,199,167,0,2.0711446e-09,6.4603296e-15,2.3822823e-27,1.88e-43,7.5820965e-31,3.3103896e-18
320000,98,361,0,2.0311186e-09,2.7151731e-12,4.413908e-19,3.1673136e-28,8.8941685e-24,1.2520714e-10
320000,326,325,0,2.4206328e-09,1.2243061e-15,7.095281e-35,0.0,3.1696752e-38,2.0032864e-16
320000,447,421,0,2.1055884e-09,7.53257e-11,1.27491595e-20,3.1494594e-33,5.9858027e-15,1.0049144e-12
320000,329,146,0,1.9262567e-09,6.36044e-12,0.0,0.0,4.9987195e-21,6.313861e-15
320000,143,183,0,2.1336088e-09,1.1644062e-10,0.0,0.0,1.3407636e-10,1.3691326e-11
320000,202,283,0,2.1733633e-09,6.918366e-13,0.0,0.0,3.5616677e-28,1.034014e-12
320000,145,148,0,2.199071e-09,6.9407186e-13,5.3524135e-28,2e-42,4.814672e-24,4.425428e-15
320000,317,381,0,2.1722757e-09,1.3735642e-12,2.8113295e-15,1.1286718e-22,2.0024435e-20,9.925721e-13
320000,371,379,0,2.1718243e-09,5.155167e-13,4.101542e-14,1.4459455e-20,1.9711868e-25,1.33789e-10
320000,127,60,0,2.686344e-09,9.984119e-11,4.5294603e-13,1.4133895e-17,8.387472e-14,1.3052838e-11
320000,126,297,0,2.0039301e-09,1.2537802e-15,4.6804482e-24,2.5026408e-37,1.3000048e-35,5.668905e-11
320000,386,342,0,2.3773599e-09,1.4449072e-12,1.569716e-12,8.2656704e-16,1.0471593e-17,6.3821615e-11
320000,315,230,0,1.9309274e-09,7.147149e-15,8.957323e-39,0.0,7.164e-41,3.1385555e-21
320000,231,119,0,2.0136919e-09,7.2928094e-19,2.7975067e-24,1.3653479e-37,0.0,1.372342e-10
320000,121,404,0,1.9833908e-09,2.6646662e-11,4.1208187e-15,1.8009462e-22,5.2162713e-18,4.2919035e-10
320000,411,95,0,2.021975e-09,6.083542e-13,2.686961e-21,1.5764449e-32,1.6022947e-25,7.527283e-11
320000,231,331,0,2.1177757e-09,1.6065741e-15,1.3082066e-29,1.01e-43,1.5364058e-38,2.402691e-17
320000,58,107,0,2.0960214e-09,4.0944456e-11,3.6477027e-17,8.75299e-25,5.649882e-17,6.0845174e-12
320000,194,90,0,1.915443e-09,1.6229763e-12,2.3482704e-26,3.5e-44,5.826432e-25,6.0132953e-12
320000,341,233,0,2.1976134e-09,4.8774548e-12,5.787298e-26,1.8623e-41,2.0019775e-24,1.7824758e-15
320000,359,106,0,2.2038236e-09,3.5698892e-12,4.529339e-32,0.0,9.5417794e-23,1.3907017e-10
320000,405,304,0,2.3153794e-09,3.8101e-14,1.3237418e-29,0.0,2.9960095e-31,6.0843092e-15
320000,132,253,0,2.12416e-09,8.662795e-11,3.9400875e-32,0.0,4.4318722e-14,2.1057447e-16
320000,126,223,0,2.4924278e-09,7.2290936e-12,1.9988188e-17,6.944075e-27,2.7686919e-21,3.604368e-12
320000,136,144,0,2.2472109e-09,8.406819e-14,1.0600778e-22,8.8e-44,3.532036e-32,1.5668121e-13
320000,82,276,0,3.1825886e-09,2.47356e-12,2.1879462e-20,1.1195273e-32,7.491547e-25,1.9264085e-12
320000,344,328,0,2.064083e-09,1.1119678e-12,2.4230319e-29,0.0,1.3561113e-27,1.5871665e-11
320000,109,221,0,2.1370132e-09,2.8558917e-12,2.3019507e-28,7e-45,2.1083017e-22,1.4687693e-16
320000,411,66,0,1.8989679e-09,4.789985e-11,1.2385599e-21,5.0203556e-35,3.475185e-13,4.8108097e-12
320000,435,180,0,2.1483677e-09,8.085677e-14,3.2912115e-18,3.7839633e-29,1.183057e-30,1.7042937e-15
320000,129,183,0,2.1480695e-09,5.7843418e-11,1.5e-44,0.0,1.6309973e-13,2.209552e-13
320000,168,152,0,1.9073043e-09,2.5317769e-11,6.8633445e-29,0.0,1.6719042e-17,5.6062077e-16
320000,401,103,0,2.6567404e-09,1.960135e-11,5.346967e-19,1.0525332e-28,4.6223974e-17,2.5158927e-12
320000,287,82,0,2.0331892e-09,1.756579e-11,9.126383e-25,8.031673e-36,6.765801e-18,7.809038e-11
320000,100,131,0,1.9003574e-09,8.677058e-12,1.5264812e-11,1.7163715e-14,1.1928686e-16,1.2145285e-11
320000,422,290,0,1.961855e-09,3.7043875e-11,7.831306e-23,3.3740568e-38,2.7181961e-18,8.640027e-12
320000,313,403,0,1.9644233e-09,3.3993064e-12,1.703985e-19,2.5722246e-28,5.786508e-25,2.532603e-11
320000,332,234,0,3.2169016e-09,4.4623506e-11,1.6119006e-32,0.0,4.1907014e-15,6.359414e-11
320000,172,101,0,2.1670812e-09,8.4562924e-21,7.22171e-15,3.1730741e-21,1.0346465e-25,8.5713485e-11
320000,386,433,0,2.5599476e-09,4.6135134e-11,1.8239178e-13,3.2767865e-18,6.730858e-16,2.0611382e-12
320000,330,69,0,2.0538002e-09,7.731185e-14,2.9187217e-17,1.0404553e-26,8.709422e-34,7.477198e-13
320000,410,162,0,2.108826e-09,4.8363175e-11,7.024509e-26,1.1968e-41,3.0418081e-09,8.501332e-15
320000,97,72,0,2.1446536e-09,3.0516905e-11,2.2796201e-21,8.3997796e-35,1.4708346e-18,4.0847006e-11
320000,111,305,0,1.9866113e-09,3.6156184e-17,1.31184275e-24,4.830811e-39,0.0,2.088705e-11
320000,303,444,0,2.0337174e-09,5.9501896e-11,2.6173159e-12,1.347562e-15,5.3700497e-16,4.70097e-11
320000,159,492,0,-1.1590168e-11,2.2822424e-09,1.5757129e-10,5.8580085e-11,4.1790273e-09,4.7865233e-11
320000,250,33,0,-1.100361e-11,2.2962547e-09,1.2907831e-15,1.8124955e-23,4.118809e-09,1.344801e-11
320000,416,91,0,2.6532726e-10,2.468194e-09,3.0189857e-14,1.8175172e-19,4.120788e-09,1.2956067e-11
320000,257,36,0,7.751464e-14,2.0857907e-12,6.726375e-17,1.9704716e-25,2.723501e-26,5.882199e-11
320000,90,85,0,3.4772327e-11,2.3051474e-09,1.9224234e-18,4.7506245e-28,4.118809e-09,1.1604799e-13
320000,491,312,0,-9.291906e-13,4.6698576e-11,1.0444987e-14,1.84878e-21,1.7202299e-15,3.6898792e-10
320000,232,443,0,2.1029754e-10,2.357656e-09,2.0033849e-20,1.0301081e-33,4.1192836e-09,4.7043976e-11
320000,491,444,0,-1.3241667e-11,2.4516325e-09,1.8859773e-11,5.70365e-14,4.1284482e-09,2.2367455e-11
320000,15,81,0,-9.17745e-13,8.55804e-11,9.996003e-17,6.1522646e-26,4.2810737e-13,2.3903744e-11
320000,145,79,0,4.6003562e-10,2.2733044e-09,2.3083442e-10,2.6621794e-10,4.97987e-09,1.2355595e-12
320000,223,147,0,2.7384559e-10,2.3834924e-25,4.539639e-12,3.4448517e-15,4.7694916e-17,4.2230566e-11
320000,488,189,0,-1.2260567e-11,2.394889e-09,2.0771481e-12,8.6656037e-17,4.1190633e-09,3.6571956e-12
320000,23,274,0,-1.1264304e-11,2.2847668e-09,1.8793417e-12,8.568458e-17,4.1188084e-09,1.2989639e-10
320000,32,75,0,5.3740888e-12,1.3861884e-10,6.6063433e-14,1.3669109e-18,1.5393863e-10,7.805635e-11
320000,95,105,0,2.4646984e-11,2.3599462e-09,2.990414e-18,2.0423242e-28,4.119199e-09,8.181605e-12
320000,276,444,0,9.918003e-11,5.2320724e-11,4.906761e-13,1.4307622e-17,6.7594953e-12,1.1785928e-10
320000,135,224,0,2.443142e-10,2.2736553e-09,8.217287e-12,1.6765689e-14,4.118809e-09,4.740512e-13
320000,454,334,0,2.2391224e-11,2.2719568e-09,3.9765037e-15,1.0524647e-21,4.1188084e-09,7.535163e-12
320000,228,285,0,2.2044348e-10,1.6792287e-27,0.0,0.0,0.0,7.970854e-30
320000,346,14,0,-1.1981558e-11,2.3390256e-09,6.542714e-19,2.9903645e-28,4.1188084e-09,4.8527626e-11
320000,171,241,0,8.2273427e-10,2.2719304e-09,8.904373e-39,0.0,4.1188084e-09,4.88396e-15
320000,107,8,0,-1.1788751e-11,2.279198e-09,6.8004786e-14,2.2247403e-19,4.1188084e-09,1.9367867e-10
320000,483,79,0,-1.1534549e-11,2.3279236e-09,1.0364165e-10,4.0339784e-12,4.1299737e-09,1.6265583e-11
320000,326,477,0,-1.1404509e-11,2.2992708e-09,7.0188334e-11,1.946265e-12,4.118982e-09,1.7992831e-11
320000,115,499,0,-1.4570024e-11,2.5242122e-09,4.9361763e-14,1.4227958e-17,4.128751e-09,3.5559087e-11
320000,225,36,0,-9.1578784e-12,2.2861606e-09,2.8548947e-14,8.864988e-21,4.1188084e-09,1.8668135e-11
320000,476,314,0,-1.154171e-11,2.3373834e-09,7.177867e-11,9.870475e-13,4.1190744e-09,2.20556e-12
320000,114,468,0,-1.2851215e-11,2.4192546e-09,1.8370984e-14,6.076474e-21,4.1190273e-09,1.0591468e-10
320000,45,396,0,-9.419565e-12,2.295901e-09,7.067235e-11,1.832892e-12,4.1189674e-09,1.1813291e-12
320000,493,194,0,-1.2145613e-11,2.3179478e-09,4.377522e-11,2.3748616e-13,4.118838e-09,2.6511314e-11
320000,16,124,0,-1.1513598e-11,2.2825295e-09,1.3904547e-11,1.12110714e-14,4.1188084e-09,3.888782e-11
320000,121,74,0,1.4048321e-10,2.5274787e-09,3.522605e-17,3.046568e-26,7.638572e-09,2.4973619e-11
320000,429,229,0,1.0465598e-10,2.2757942e-09,1.8266893e-13,3.2767867e-18,4.1188084e-09,1.05964494e-10
320000,122,5,0,-2.6808764e-13,3.7799055e-13,9.021103e-13,1.9863153e-16,9.448335e-19,5.7505153e-11
320000,253,464,0,-1.0344405e-11,2.285581e-09,1.3042475e-11,1.1184087e-14,4.1188084e-09,1.0249908e-11
320000,77,447,0,4.0419886e-11,1.4816224e-12,3.1229258e-16,3.2658037e-23,4.156677e-28,6.8922625e-11
320000,481,349,0,-1.1284584e-11,2.2721491e-09,7.655391e-14,4.210397e-19,4.1188084e-09,1.248945e-10
320000,389,70,0,5.3523586e-10,2.2909377e-09,2.3533285e-12,1.9161334e-16,4.1188084e-09,3.876033e-12
320000,61,249,0,6.7415695e-10,1.0414819e-10,3.7149454e-11,1.8009598e-13,2.1957758e-13,2.0098858e-11
320000,50,241,0,3.495072e-11,2.3969178e-09,6.757202e-16,8.4235285e-24,4.3188995e-09,2.1144235e-10
320000,73,491,0,-1.1735244e-11,2.3418676e-09,1.6683534e-13,3.136499e-19,4.285178e-09,1.01124165e-10
320000,289,481,0,-1.163624e-11,2.2847368e-09,1.0933552e-15,4.0453122e-23,4.1188084e-09,8.668481e-11
320000,313,102,0,4.6863735e-10,1.8918788e-11,9.374457e-32,0.0,3.6126816e-19,2.0291204e-14
320000,332,237,0,1.2758682e-09,2.2794613e-09,1.5980348e-33,0.0,4.1188084e-09,1.196615e-12
320000,135,403,0,6.9168275e-11,5.534214e-11,2.0899144e-12,1.04489984e-16,4.41699e-12,1.0787363e-12
320000,418,178,0,2.6584496e-10,2.8225846e-13,1.6518355e-21,4.8473585e-34,5.0814195e-26,4.802239e-14
320000,122,451,0,2.5259458e-12,2.4847697e-09,2.4152316e-16,1.9845986e-25,4.2241015e-09,3.2198574e-13
320000,292,245,0,1.1899126e-09,1.344284e-12,0.0,0.0,2.0024435e-20,1.9230435e-16
320000,69,65,0,5.708513e-10,2.2856494e-09,1.6172664e-21,6.81275e-34,4.1188084e-09,5.668929e-10
320000,27,497,0,-1.3387556e-12,9.584498e-11,1.3510224e-11,5.041763e-14,1.28851075e-14,3.2096442e-10
320000,181,19,0,-1.5770287e-12,2.1426988e-10,3.1397165e-15,1.8014474e-22,2.133637e-12,1.0971362e-10
320000,354,112,0,1.4334293e-09,2.273123e-09,8.08041e-39,0.0,4.1188084e-09,1.1712385e-13
320000,101,26,0,-1.1644462e-11,2.277484e-09,2.65896e-15,3.0310642e-23,4.1188084e-09,1.5787809e-11
320000,291,395,0,2.5599256e-10,2.2859161e-09,1.109066e-15,3.4426016e-23,4.1188084e-09,2.2569921e-12
320000,103,115,0,5.377116e-11,2.1174713e-10,1.1755436e-17,3.4676097e-26,6.4966206e-11,1.310776e-10
320000,432,350,0,9.1443644e-11,2.273442e-09,1.7740964e-18,1.0841395e-27,4.1188084e-09,6.226676e-12
320000,471,64,0,-1.1192771e-11,2.27785e-09,3.7369845e-18,3.2592955e-29,4.1188084e-09,2.4532676e-11
320000,117,301,0,4.3627027e-10,2.3319571e-16,9.928168e-31,0.0,0.0,1.15139745e-10
320000,378,320,0,2.8554245e-10,2.6647574e-15,8.2601536e-16,3.788866e-24,1.4253157e-30,7.311046e-12
320000,20,25,0,-1.6281491e-12,1.0942271e-10,3.2025361e-12,4.5618823e-16,1.8942994e-10,1.3078987e-10
320000,192,199,0,3.358035e-10,2.2719933e-09,9.521409e-21,6.9054433e-32,4.1188084e-09,5.2849638e-17
320000,59,197,0,7.5612827e-10,2.346937e-09,3.632503e-14,2.8096581e-18,4.1218686e-09,1.421117e-11
320000,196,35,0,8.4437145e-12,1.541181e-12,8.096951e-25,5.6633e-41,1.404821e-26,5.6955548e-11
320000,291,140,0,4.2004442e-10,1.179335e-11,1.6044377e-10,9.753393e-12,2.2717874e-12,3.2437718e-12
320000,416,365,0,1.2068054e-10,3.9560282e-11,1.1574146e-12,7.924326e-17,3.0638613e-15,5.182233e-11
320000,72,467,0,3.691335e-13,9.388295e-11,1.5699299e-17,3.201472e-26,4.996045e-15,1.04278e-10
320000,51,194,0,1.7926054e-10,2.293673e-09,1.9976237e-10,5.829268e-11,4.1702943e-09,8.2684894e-11
320000,21,332,0,-6.974591e-13,3.7586666e-11,3.2997278e-15,1.9884814e-21,6.7305037e-16,6.191842e-13
320000,422,41,0,4.8300548e-11,1.2090844e-10,3.863528e-11,5.901859e-13,4.9553742e-12,1.5272407e-10
320000,193,417,0,4.628928e-10,6.1329913e-12,8.36166e-16,2.179331e-23,6.569902e-22,4.718565e-13
320000,67,454,0,1.0693936e-10,9.8917645e-11,7.996674e-18,7.183005e-27,2.4510914e-13,4.5349592e-11
320000,352,140,0,3.8850642e-10,6.945077e-12,2.2448524e-24,4.49506e-40,2.1558033e-20,4.495019e-17
320000,57,218,0,1.0258371e-09,2.407474e-09,2.6714457e-11,1.0820692e-13,4.291166e-09,1.018774e-10
320000,0,449,0,-1.5723912e-11,2.5589775e-09,1.2638809e-13,3.5238719e-19,4.128751e-09,1.11255684e-13
320000,94,270,0,5.937087e-10,1.0555549e-10,4.879523e-22,1.8253198e-34,6.776208e-12,1.5064509e-11
320000,33,355,0,-8.1497493e-13,9.5932616e-11,8.9882095e-13,2.1369104e-17,2.318774e-13,5.7996576e-11
320000,434,493,0,-1.2228235e-11,2.2906208e-09,2.3917707e-15,1.7162022e-22,4.1188084e-09,4.3804255e-11
320000,63,88,0,7.0899203e-10,2.333291e-09,3.2813325e-14,2.8738865e-19,4.1331427e-09,6.8112464e-12
320000,336,436,0,9.658976e-11,2.291987e-09,2.0029849e-14,1.9070463e-19,4.1188084e-09,2.0014251e-10
320000,72,313,0,4.2744705e-10,2.0719786e-14,8.46826e-25,5.9790612e-36,1.303702e-34,3.1187921e-12
320000,106,480,0,-2.2377383e-13,2.281754e-13,1.0152377e-12,9.4176505e-17,1.4997491e-19,1.0313299e-11
320000,392,118,0,4.4636025e-10,6.5509465e-16,5.7627006e-15,1.8103124e-21,2.6626206e-26,1.7529782e-15
320000,349,423,0,1.280524e-10,1.4535504e-12,6.634372e-15,1.5610218e-22,6.661171e-24,6.1993423e-12
320000,104,454,0,-1.0867225e-11,2.446149e-09,2.4117557e-13,7.848498e-18,4.1255723e-09,5.2994203e-11
320000,123,140,0,7.599482e-11,1.5219466e-10,3.510755e-27,1e-45,9.516852e-13,3.2302728e-13
320000,304,384,0,6.3888633e-10,2.2750084e-09,1.822424e-14,1.608822e-20,4.1188084e-09,1.01067106e-10
320000,335,319,0,4.0777198e-10,2.6565372e-15,6.0632e-40,0.0,1.29997e-40,3.8626447e-15
320000,142,114,0,9.3791364e-11,1.4095476e-11,4.85644e-15,2.4567918e-22,1.7408249e-19,2.2330495e-11
320000,28,214,0,-1.1473621e-11,2.319588e-09,1.4748227e-11,2.4047753e-14,4.118809e-09,3.5438215e-11
320000,271,176,0,7.418634e-10,2.2726565e-09,0.0,0.0,4.1188084e-09,1.651207e-11
320000,402,202,0,1.2659997e-10,1.6986928e-12,3.62501e-11,1.615025e-13,3.6557895e-15,7.4752955e-14
320000,210,326,0,3.3354242e-10,8.283776e-11,2.2408158e-35,0.0,1.4128089e-12,3.6253733e-20
320000,210,483,0,-1.1795197e-11,2.2778828e-09,7.960273e-21,3.6061792e-32,4.1188084e-09,4.6588195e-11
320000,43,477,0,-2.2290078e-12,2.1488304e-10,3.7536803e-18,5.1215956e-28,1.7903009e-11,3.4851802e-10
320000,36,295,0,1.6925847e-12,5.832388e-11,5.951498e-14,6.4571197e-19,1.256624e-15,5.2277917e-12
320000,172,12,0,-5.7379817e-13,1.832817e-12,6.557537e-17,7.9452897e-25,6.785539e-27,5.172785e-11
320000,456,169,0,1.9998014e-11,1.0589719e-10,1.6126488e-18,1.6507219e-28,8.066635e-15,2.7012398e-11
320000,215,288,0,1.3863935e-10,1.4997408e-18,0.0,0.0,0.0,7.7993756e-22
320000,3,379,0,-7.013443e-13,7.0112804e-12,8.2611405e-18,3.7117905e-25,4.246536e-21,4.4848184e-10
320000,443,352,0,5.049735e-11,4.006395e-11,2.1034796e-17,3.2122265e-26,8.484842e-12,6.6059046e-12
320000,79,371,0,3.7471856e-10,1.269982e-11,1.0567413e-17,1.7706433e-26,2.2073106e-18,7.1073408e-12
320000,137,3,0,-8.684442e-13,7.311009e-11,3.658318e-12,4.916069e-16,1.5610762e-15,7.569139e-13
320000,79,276,0,2.5229525e-09,1.07026705e-11,1.02338244e-22,2.1586567e-36,3.0179514e-19,2.1312417e-11
320000,10,157,0,-7.9522966e-13,9.9873915e-11,1.6440652e-12,9.1505935e-17,5.558109e-13,5.3976247e-11
320000,155,241,0,7.430437e-10,5.825161e-13,6.018597e-33,0.0,2.670158e-29,4.4674034e-12
320000,209,346,0,3.4098363e-10,1.8015433e-16,4.9709313e-17,7.2411312e-25,1.904248e-30,6.970898e-11
320000,160,330,0,1.81876e-10,7.4015876e-17,4.892981e-24,1.2137949e-38,5.54e-42,1.7192455e-15
320000,245,469,0,-4.987703e-13,2.7382848e-11,4.2478964e-16,1.7379499e-22,3.1598697e-19,8.6036775e-11
320000,185,272,0,1.4865349e-10,4.44415e-19,4.1468444e-22,1.8905332e-33,1.0336e-41,2.1340557e-13
320000,229,191,0,5.5174483e-11,7.8437154e-13,5.36196e-34,0.0,1.6030075e-28,2.8156222e-15
320000,305,383,0,6.4916617e-10,5.519432e-11,3.8808204e-14,3.7391323e-20,4.800192e-14,1.2158866e-10
320000,437,168,0,2.8833827e-10,5.8172602e-11,1.6496708e-13,3.6894804e-19,2.0521154e-10,9.029797e-11
320000,91,2,0,-7.2441933e-13,8.4825254e-12,8.6157616e-13,2.6984104e-17,1.4253303e-20,9.9117235e-11
320000,250,121,0,9.0951156e-11,1.1909667e-17,2.277541e-11,6.5734134e-14,1.3240696e-15,2.1967092e-12
320000,248,190,0,5.191172e-11,4.56011e-12,0.0,0.0,2.0313258e-19,1.2398413e-10
320000,13,86,0,-1.614142e-12,1.170724e-10,5.9554887e-16,1.724498e-24,5.574122e-15,2.4528967e-11
320000,438,125,0,2.2596944e-10,1.3898538e-10,2.4660269e-17,3.4307143e-24,1.9489158e-10,8.081999e-13
320000,159,400,0,1.184192e-10,7.1490876e-11,1.4206594e-24,9.73968e-40,5.6820634e-13,1.2400386e-10
320000,283,490,0,-7.175057e-13,1.6888995e-11,1.2188688e-13,4.2575338e-19,1.424074e-17,5.3141665e-13
320000,303,53,0,7.5298344e-11,3.3237274e-11,5.823062e-17,4.699501e-25,4.750561e-19,1.536861e-10
320000,346,313,0,6.739242e-11,5.648111e-15,6.0841464e-25,3.8928e-40,4.12706e-32,3.3649598e-17
320000,153,290,0,3.1557026e-10,3.801978e-12,4.3231232e-37,0.0,1.3395681e-20,1.6250163e-16
320000,194,294,0,1.7131621e-10,1.2188683e-10,7.051212e-30,0.0,7.002974e-12,9.2196976e-20
320000,106,100,0,6.0270827e-10,4.7637425e-11,8.0162175e-14,4.2755312e-19,5.5470164e-12,4.4787493e-11
320000,46,30,0,-1.0412399e-12,7.4423766e-11,6.5991956e-15,3.723154e-22,4.723394e-13,2.9900743e-10
320000,328,169,0,3.4276925e-11,2.6629168e-12,0.0,0.0,5.7844986e-25,1.8717262e-15
320000,247,103,0,1.077656e-10,2.4700656e-12,4.7123507e-12,1.4580771e-15,6.975851e-18,1.9690267e-11
320000,232,77,0,1.7908135e-11,4.8608707e-14,1.8403817e-10,5.867325e-11,5.4550347e-11,4.5607637e-12
320000,354,26,0,-6.802707e-13,2.88448e-11,2.2928676e-19,3.2777886e-31,2.6582288e-17,7.3379705e-12
320000,489,276,0,-6.299818e-13,5.9474786e-11,4.8764646e-18,1.2784956e-27,5.342255e-16,3.092652e-10
320000,467,452,0,-2.1608663e-13,7.4548645e-11,3.9371468e-11,1.8048655e-13,5.1884694e-15,9.1076466e-11
320000,215,242,0,1.3355954e-10,1.3734449e-16,0.0,0.0,3.6673e-41,4.175003e-18
320000,450,452,0,5.1849348e-11,6.7494996e-11,1.8769342e-20,4.2276075e-32,1.4358224e-16,1.4746929e-10
320000,240,76,0,4.6838786e-11,4.584826e-12,1.6334176e-10,9.177045e-12,2.078825e-12,2.780568e-13
320000,62,405,0,9.2783725e-11,5.288783e-11,1.0025139e-11,5.7831107e-15,1.0025162e-14,2.6071595e-11
320000,431,483,0,-1.8778546e-12,1.5120345e-10,4.8414524e-17,7.9026917e-25,1.3501034e-11,2.1911398e-10
320000,65,469,0,-1.1047443e-14,1.10534006e-10,8.809952e-13,7.3684905e-17,1.01814555e-14,1.2525336e-10
320000,105,299,0,2.762294e-10,9.65613e-14,1.1581303e-19,4.451037e-31,1.3232666e-35,6.2665234e-11
320000,168,265,0,1.6480182e-11,8.4400186e-14,4.5621815e-14,1.124198e-19,1.8688437e-23,5.6581166e-17
320000,24,439,0,-2.0995152e-12,1.5170817e-10,2.5142431e-17,4.543638e-25,9.558399e-12,5.4232188e-11
320000,137,326,0,3.9471984e-10,5.9601007e-15,5.523908e-17,2.832709e-25,2.514281e-31,2.8003586e-11
320000,353,204,0,4.1492468e-10,7.408776e-14,5.998577e-26,1.96e-42,6.3507087e-35,5.3266367e-12
320000,298,306,0,3.3493824e-10,1.9448999e-15,8.35e-42,0.0,4.6479024e-34,1.7285597e-11
320000,264,321,0,2.2599195e-10,2.7060759e-17,1.272e-42,0.0,0.0,1.7053971e-15
320000,436,92,0,2.5145916e-10,9.076075e-11,5.738957e-13,5.637853e-17,8.6649776e-14,1.326151e-10
320000,365,260,0,6.976881e-10,8.36477e-16,6.1852077e-29,0.0,3.66351e-40,2.3980068e-11
320000,203,42,0,6.427549e-11,4.538399e-11,3.6847923e-23,3.350416e-39,1.1865965e-16,1.9950154e-10
320000,20,27,0,-1.5208583e-12,9.8441526e-11,3.2912756e-11,1.1237908e-13,1.1999234e-11,5.5743462e-11
320000,61,142,0,6.060947e-10,8.168055e-11,5.6766293e-12,1.5680407e-15,2.9445595e-15,2.3893908e-12
320000,69,475,0,-1.3278792e-12,9.228186e-11,8.7748976e-13,7.350893e-17,2.1506721e-10,1.1307465e-10
320000,369,435,0,3.8989947e-11,6.863271e-11,8.888039e-18,4.1146082e-26,1.8813424e-13,9.371472e-12
320000,77,131,0,2.9502606e-10,3.9527367e-11,8.692542e-20,6.8460873e-32,4.2808918e-13,1.9833145e-15
320000,359,22,0,-9.427479e-13,9.918715e-11,5.3663565e-19,3.0924552e-29,1.9539051e-10,3.983376e-11
320000,193,76,0,5.257254e-10,1.159185e-12,4.4592196e-21,1.51210625e-33,4.5414993e-25,8.164072e-12
320000,141,281,0,2.7418884e-10,2.6211673e-17,2.4273596e-20,2.6124788e-31,1.848583e-39,1.3819729e-17
320000,246,462,0,3.0278768e-12,1.0448532e-10,5.4707502e-17,2.6954326e-26,1.05530714e-11,4.377446e-11
320000,160,452,0,1.8618095e-10,4.9484892e-11,5.1945493e-11,3.484697e-13,1.930652e-14,2.6962968e-11
320000,323,494,0,-7.653222e-13,6.656292e-11,4.7707075e-13,3.6245615e-18,3.1093243e-13,2.292093e-10
320000,287,232,0,8.909865e-11,8.8016095e-18,0.0,0.0,0.0,2.8643013e-19
320000,487,88,0,-4.516036e-13,2.2980009e-11,4.261002e-11,5.4170772e-14,3.9673536e-16,2.2260803e-10
320000,458,71,0,4.8135742e-11,7.615569e-11,6.719187e-11,8.014075e-13,6.812176e-12,2.0445432e-11
320000,451,19,0,-1.0941817e-12,3.962417e-11,3.7363606e-15,1.6797668e-22,3.0460544e-16,4.3003538e-11
320000,337,336,0,1.3205413e-09,4.2054707e-11,9.354194e-34,0.0,3.985723e-15,8.33279e-12
320000,304,413,0,1.4566377e-10,3.7848717e-12,1.2583818e-24,4.395258e-39,6.2675875e-21,1.1513463e-11
320000,299,422,0,3.3927544e-10,1.1543372e-11,1.8150034e-20,6.1926636e-31,1.913334e-21,2.4519378e-11
320000,404,59,0,1.1637995e-10,2.510777e-12,4.5968544e-17,7.8953893e-25,8.464035e-23,2.7824526e-11
320000,249,384,0,1.7194192e-10,1.6049445e-10,1.1295952e-26,2.34e-43,1.5481248e-14,1.8437713e-13
320000,444,367,0,2.7297958e-10,3.161796e-11,9.936896e-12,5.0262863e-15,3.5843483e-17,1.5645306e-11
320000,231,230,0,2.0675461e-10,4.8158837e-14,0.0,0.0,1.610248e-37,1.0035547e-20
320000,163,42,0,1.6129771e-11,4.07859e-11,7.913061e-15,5.021377e-22,2.2985869e-14,3.9654694e-15
320000,109,120,0,1.7884988e-10,8.3144795e-14,2.5879633e-20,2.9631174e-32,5.0500254e-29,4.7446584e-13
320000,27,67,0,-7.012176e-13,3.9784737e-10,2.7729754e-15,4.3136404e-23,2.2269944e-10,8.917523e-11
320000,205,125,0,4.5283863e-11,3.9314025e-13,1.5898764e-20,1.5432033e-31,1.1425914e-27,1.1381935e-13
320000,137,367,0,1.0195426e-09,9.842219e-16,1.9657694e-11,9.743815e-14,5.2075734e-15,1.4167217e-14
320000,100,187,0,8.828451e-11,3.228678e-10,5.1490917e-23,5.5855695e-38,3.842129e-11,4.4245323e-11
320000,221,357,0,9.346106e-10,4.7608643e-11,2.4009166e-14,5.6327594e-20,2.4489284e-13,7.7156495e-14
320000,446,158,0,2.5119948e-10,8.8979435e-11,6.6677046e-13,1.2497738e-17,1.2417576e-12,2.0073021e-11
320000,202,374,0,4.5800766e-10,2.3938236e-12,9.209049e-39,0.0,1.03890015e-23,7.552416e-14
320000,239,336,0,3.4821823e-10,5.00255e-14,3.0735377e-28,3.6e-44,6.175731e-34,2.2972407e-17
320000,11,222,0,-4.8615197e-13,3.8913293e-11,1.34999256e-14,1.2845058e-21,6.278808e-14,1.694641e-10
320000,28,412,0,-1.5824028e-12,1.0949608e-10,7.0916e-18,1.8182567e-28,8.113378e-15,4.089327e-11
320000,313,293,0,1.1659563e-09,9.41224e-15,3.2e-44,0.0,4.5815954e-33,1.524128e-11
320000,276,126,0,3.2461836e-10,1.6673343e-11,1.4885228e-29,0.0,3.5791406e-18,7.226392e-21
320000,99,302,0,1.9976525e-10,4.4684208e-13,8.9479646e-14,5.397082e-19,8.507847e-23,4.906626e-13
320000,31,277,0,2.7030264e-12,3.8361418e-11,4.811781e-11,6.604465e-13,5.5534004e-14,4.2045215e-11
320000,252,153,0,1.649638e-11,1.4336632e-25,2.8419535e-25,9.188e-42,0.0,1.5273462e-19
320000,60,262,0,1.1790935e-09,4.222689e-11,2.647694e-20,8.3770194e-33,3.3839426e-15,7.6183695e-12
320000,257,331,0,4.416359e-10,1.2005326e-11,0.0,0.0,1.3332333e-19,1.1046794e-13
320000,344,138,0,4.2995937e-10,3.96564e-12,2.0880293e-33,0.0,1.3931022e-21,7.110505e-13
320000,298,53,0,2.352873e-11,5.24456e-11,5.982621e-18,6.0779133e-28,1.1605329e-13,5.6219675e-11
320000,306,334,0,1.0747108e-09,4.2295224e-16,6.9916024e-29,1e-45,6.99e-43,3.62461e-18
320000,477,393,0,-6.588813e-13,6.542538e-11,8.156854e-15,7.5595245e-21,8.824527e-12,1.7657929e-10
320000,289,116,0,3.5969763e-10,4.9292634e-13,2.6907942e-30,0.0,3.266525e-27,8.375183e-15
320000,246,50,0,5.7199957e-11,2.3431257e-13,8.946271e-11,2.2006572e-12,3.9558648e-13,1.1127038e-10
320000,100,280,0,4.686245e-10,4.5080582e-13,1.3794059e-17,4.2556465e-27,1.7361999e-32,3.4056002e-10
320000,334,374,0,6.5573946e-10,5.6909797e-15,1.5512203e-21,8.8828655e-34,1.5490901e-33,9.4777027e-11
320000,402,125,0,8.2647583e-10,9.064717e-13,3.130438e-14,5.130201e-20,2.683871e-24,1.0668125e-11
320000,290,360,0,5.1678967e-11,3.654901e-15,3.7517074e-18,1.299693e-26,1.2642e-32,7.7410224e-11
320000,235,232,0,1.1457056e-10,4.1648062e-16,0.0,0.0,0.0,6.4859616e-21
320000,421,279,0,2.1532658e-10,1.15504384e-10,1.8426305e-31,0.0,2.032824e-13,1.0060158e-14
320000,305,430,0,9.0841895e-10,2.3887486e-11,3.7763364e-20,1.2791387e-31,4.7726675e-18,1.13716675e-10
320000,207,299,0,1.2189899e-10,7.045381e-12,3.755e-42,0.0,3.348297e-20,3.0080965e-25
320000,73,393,0,1.0125022e-10,1.2200338e-11,1.1714239e-18,5.863701e-30,1.4046856e-20,3.030507e-09
320000,210,285,0,3.817219e-10,3.581348e-16,0.0,0.0,8.451e-42,3.4155273e-17
320000,290,283,0,3.8504577e-10,1.7752568e-17,3.0141627e-37,0.0,1.4e-43,6.01988e-21
320000,12,307,0,-2.1247545e-13,9.938085e-15,1.4204263e-16,9.010595e-26,9.077539e-33,4.1981054e-11
320000,112,181,0,1.9116106e-09,3.736128e-11,6.077026e-31,0.0,2.2564676e-15,9.906285e-17
320000,489,213,0,-8.740643e-13,9.3935805e-12,7.4152394e-17,4.097291e-26,3.6505443e-21,1.5486975e-11
320000,476,433,0,-5.8098524e-13,3.420482e-11,1.2130594e-16,2.274162e-24,8.969001e-18,3.1198794e-10
320000,6,467,0,-1.2717785e-12,8.9044695e-11,1.5678805e-13,1.3330581e-18,7.2187766e-14,1.0641844e-10
320000,95,225,0,2.3574287e-10,5.0306453e-11,1.7706283e-26,3.1956e-40,1.6162997e-16,2.742017e-13
320000,406,101,0,8.8224406e-10,6.717954e-11,1.0796068e-18,4.7253398e-29,7.424375e-12,4.609761e-11
320000,157,168,0,1.2275675e-10,4.0435707e-11,0.0,0.0,6.504157e-15,8.4519265e-14
320000,205,167,0,5.281802e-10,7.277594e-16,4.2562064e-31,0.0,2.7523671e-33,3.1245395e-14
320000,192,463,0,4.9430182e-12,1.595214e-11,2.8634332e-12,3.1157792e-16,5.720299e-19,1.3202678e-10
320000,481,448,0,-1.4680876e-12,1.1079508e-10,1.7355171e-12,2.2507873e-16,1.948356e-10,2.2622028e-10
320000,199,7,0,-4.0168192e-13,2.0401032e-11,1.3782725e-14,4.1970498e-20,1.8081377e-16,1.4099307e-13
320000,43,376,0,4.7960278e-11,6.974592e-13,7.5467985e-13,4.1173266e-17,5.535777e-20,9.698163e-11
320000,26,119,0,-9.059506e-13,5.355492e-11,3.8560053e-15,6.5140934e-21,1.9482266e-10,8.21248e-13
320000,213,6,0,-6.662408e-13,2.1230323e-11,7.120761e-24,1.95775e-39,5.398765e-19,3.0772176e-09
320000,197,441,0,1.8060012e-10,7.632274e-12,9.382964e-16,4.2550763e-23,2.2075964e-20,4.6242203e-12
320000,398,275,0,3.5206935e-10,1.1412978e-11,2.165952e-22,1.05529595e-36,6.9680046e-19,2.988885e-09
320000,332,138,0,3.1914937e-10,6.7116486e-11,0.0,0.0,4.0607613e-12,2.9889173e-09
320000,134,148,0,8.552271e-10,5.990233e-16,2.9967062e-16,3.6374076e-21,3.4230615e-24,2.991497e-09
320000,322,218,0,1.6094084e-10,6.3167776e-13,1.2049898e-21,3.1468438e-34,3.3423936e-28,2.9888727e-09
320000,145,322,0,5.5839117e-10,1.01008844e-16,1.679034e-10,7.99551e-12,1.7123906e-12,2.9938418e-09
320000,273,244,0,2.4828076e-10,1.50186e-17,0.0,0.0,0.0,2.9887874e-09
320000,490,248,0,-6.7797883e-13,3.9246134e-11,8.572068e-15,2.7707178e-21,3.3624637e-17,2.9951095e-09
320000,86,368,0,5.100334e-10,2.1880984e-12,3.2835466e-22,4.357781e-36,8.661627e-23,2.990239e-09
320000,207,17,0,-7.6517454e-13,7.776843e-12,1.4746324e-11,6.3751515e-14,3.2197895e-15,3.0279441e-09
320000,374,113,0,3.2739753e-10,1.959792e-13,6.835835e-21,3.4708994e-33,1.547476e-32,1.0231025e-12
320000,482,296,0,-6.684397e-13,3.7242025e-11,1.1751121e-13,2.090832e-18,6.739115e-13,3.1162983e-09
320000,92,430,0,6.696324e-10,4.0580605e-11,1.5784606e-24,1.8902698e-37,1.6448545e-14,2.9906682e-09
320000,424,156,0,6.812187e-10,5.0947495e-13,1.0327042e-13,1.7053051e-19,7.895872e-24,2.9904579e-09
320000,477,499,0,-6.390754e-14,3.2971063e-12,2.3965713e-15,6.361838e-23,2.7228062e-20,2.7016427e-09
320000,66,399,0,5.835742e-11,9.220135e-11,2.1697995e-17,1.854881e-27,2.4493087e-13,3.0032308e-09
320000,428,21,0,-1.0481715e-12,1.1327568e-10,4.735815e-22,1.0667601e-34,1.02550665e-13,3.0242004e-09
320000,40,294,0,7.082094e-12,9.857541e-11,9.731715e-11,3.1102263e-12,1.4146914e-10,2.9931329e-09
320000,2,430,0,-1.289473e-12,1.4125946e-10,9.1951086e-11,7.072579e-12,8.363212e-12,3.4138063e-09
320000,26,127,0,-5.2507017e-13,9.23932e-12,3.628585e-09,7.2416306e-10,1.1541905e-09,1.1359171e-13
320000,205,474,0,-8.384284e-13,4.820219e-11,5.790098e-17,7.9003897e-25,9.2180094e-17,3.1852048e-09
320000,240,195,0,5.224729e-11,7.350852e-13,0.0,0.0,2.0056376e-26,2.9887863e-09
320000,60,431,0,4.7982834e-10,3.9636287e-11,2.3367983e-20,1.5442769e-31,6.2107673e-18,1.2619801e-10
320000,431,68,0,2.6427568e-10,5.8069126e-13,1.6209822e-11,1.9555607e-14,1.3977837e-16,3.1054812e-09
320000,361,162,0,1.8036725e-10,7.943677e-15,1.8694774e-23,1.919473e-38,3.596035e-39,2.9887863e-09
320000,239,393,0,7.810642e-10,4.6377246e-11,1.0962689e-25,1.1701e-41,3.1091799e-13,2.9907368e-09
320000,254,101,0,7.58579e-11,3.0271883e-14,8.946239e-19,1.331461e-28,1.213381e-35,4.932141e-13
320000,83,41,0,6.773788e-12,1.7927104e-12,1.2150492e-16,1.4557186e-21,2.4301105e-24,3.074599e-09
320000,227,151,0,2.854486e-10,4.4731658e-25,6.5055356e-14,1.8720522e-18,2.1680105e-21,1.7205115e-13
320000,40,455,0,6.447886e-13,2.6871748e-11,1.0377776e-11,6.2657915e-15,3.7592927e-17,3.2343241e-09
320000,137,392,0,4.131686e-11,3.142816e-11,2.0968864e-15,8.823126e-23,1.0163015e-16,4.988106e-09
320000,381,6,0,-4.219702e-13,9.480553e-12,2.9283208e-23,1.3810875e-37,1.6153997e-20,3.0765177e-09
320000,463,437,0,1.9465263e-11,1.1579563e-10,1.6810041e-10,8.590884e-12,1.9796758e-12,1.639359e-11
320000,99,94,0,2.0523624e-10,7.4707753e-13,1.7730207e-15,2.683295e-23,5.1485076e-28,3.0160205e-09
320000,122,443,0,6.9524914e-11,2.7640282e-10,3.0414786e-17,1.7826706e-23,4.7478847e-11,3.058797e-09
320000,447,298,0,1.5363459e-11,6.3679778e-12,2.6191777e-15,1.3535242e-21,3.9240463e-21,3.103482e-09
320000,149,61,0,2.626229e-10,7.3726296e-11,3.4937596e-13,5.4061737e-18,8.385277e-14,3.025226e-09
320000,130,150,0,3.4427006e-10,1.15018885e-17,3.462259e-09,7.191878e-10,1.1532664e-09,3.9304462e-11
320000,7,219,0,-5.964178e-13,2.617727e-11,2.8872583e-11,1.479228e-13,4.455743e-15,3.0046978e-09
320000,37,397,0,-8.1314973e-13,2.6281852e-11,1.4720562e-11,2.4047697e-14,4.0997935e-16,3.344565e-09
320000,39,126,0,2.0505972e-13,5.2694453e-11,2.396905e-19,1.1574139e-30,1.826031e-15,2.9937999e-09
320000,279,388,0,3.614039e-10,1.02744656e-13,2.6443113e-24,1.166361e-39,1.8480744e-33,3.003798e-09
320000,20,229,0,-1.4594952e-12,3.0258862e-10,5.1955683e-20,1.3814686e-32,3.8421284e-11,1.9599771e-11
320000,7,390,0,-1.101324e-12,1.0026837e-10,2.3829189e-17,5.145764e-26,5.498242e-12,3.6223892e-11
320000,444,55,0,2.8991948e-10,1.2310318e-10,2.5729524e-13,3.2086756e-18,1.32567e-14,3.0413763e-09
320000,299,352,0,1.1826004e-10,1.22704844e-20,9.915465e-30,0.0,0.0,2.9898992e-09
320000,0,151,0,-6.0392766e-13,3.0507463e-12,1.7182851e-19,5.198793e-32,6.4926256e-23,3.2941745e-09
320000,393,186,0,9.364601e-10,6.5988826e-11,1.1855038e-15,1.2413739e-23,1.5776784e-13,2.9964256e-09
320000,272,200,0,3.2627853e-10,3.5060194e-11,0.0,0.0,2.2564676e-15,3.0200056e-09
320000,361,35,0,9.463297e-13,2.1068359e-13,6.5901215e-17,8.618691e-26,6.844919e-30,1.1654495e-11
320000,462,429,0,3.261677e-11,5.2684843e-11,1.05929856e-14,9.300935e-22,2.0577378e-14,2.5654742e-10
320000,293,110,0,9.101638e-10,3.302935e-12,1.9384611e-36,0.0,1.0825614e-23,4.1952292e-12
320000,390,329,0,3.8484887e-10,4.0752206e-12,4.3449737e-14,2.1369216e-19,3.7330878e-20,2.9661282e-12
320000,409,82,0,8.446872e-11,3.029185e-11,1.330728e-21,1.743827e-32,3.614055e-16,3.986658e-11
320000,373,162,0,3.5238948e-10,1.6917602e-15,5.222095e-16,5.8473632e-24,6.363052e-30,1.662965e-16
320000,457,344,0,8.348016e-12,1.5308348e-12,3.7096906e-17,5.3541345e-27,7.261857e-29,5.6646115e-11
320000,99,450,0,8.8199404e-12,7.430645e-11,1.05507694e-14,6.564755e-20,2.3112964e-14,6.8387754e-11
320000,107,259,0,4.301154e-10,1.1903639e-11,4.084459e-32,0.0,2.7062366e-18,5.549725e-14
320000,387,385,0,8.992699e-11,7.0135855e-11,1.6863433e-15,3.1257388e-22,7.561952e-15,7.33255e-14
320000,244,105,0,7.482501e-11,2.8734565e-12,1.7002422e-10,6.181624e-12,1.2159319e-12,1.1246094e-10
320000,73,333,0,9.926114e-10,1.7015781e-22,2.026109e-32,0.0,0.0,1.747565e-11
320000,392,284,0,9.2176966e-10,1.2997207e-11,5.998547e-26,1.96e-42,3.0476638e-18,5.5765678e-14
320000,311,438,0,7.934055e-10,1.1021752e-10,1.032703e-13,1.7053051e-19,4.759092e-13,6.070027e-12
320000,430,273,0,1.034678e-10,4.0321493e-11,1.23231646e-23,7.885175e-37,8.043038e-12,3.0229643e-09
320000,170,432,0,6.216424e-11,2.8539947e-13,1.4694948e-10,1.1928999e-11,3.1021043e-12,1.268178e-10
320000,112,52,0,1.2952828e-10,1.0785998e-11,1.388601e-16,4.081521e-24,5.734273e-18,3.0281828e-09
320000,308,4,0,-7.6093065e-13,4.2449322e-11,2.7193324e-15,4.2854032e-23,7.548934e-15,2.99012e-09
320000,288,140,0,3.8903214e-10,2.5265894e-12,5.462663e-12,2.852963e-15,1.6163829e-17,2.9887863e-09
320000,132,55,0,4.388268e-10,8.486e-11,1.02621425e-17,6.0380874e-27,1.225558e-13,1.13141975e-10
320000,486,20,0,-2.1214328e-12,1.2908608e-10,2.780889e-19,1.1532657e-30,9.214974e-15,3.329445e-09
320000,114,382,0,2.6458785e-10,1.8286532e-13,3.4436735e-12,1.2209618e-15,6.1706983e-18,3.0074552e-09
320000,111,432,0,9.1480025e-11,2.04145e-10,2.0158553e-20,5.0356876e-31,9.356784e-12,6.9793976e-11
320000,491,54,0,-1.1721524e-12,1.8934515e-11,2.2399773e-14,6.916329e-21,1.1496313e-19,1.1980411e-11
320000,77,326,0,6.6958245e-10,1.7724942e-21,5.938323e-29,1e-45,0.0,3.0155984e-09
320000,10,325,0,-1.4196188e-12,2.1784614e-10,2.3727625e-10,5.640946e-11,6.304091e-11,1.873447e-10
320000,275,49,0,1.2148219e-12,5.2999362e-11,1.6759694e-18,3.8777422e-26,3.1091845e-13,9.398689e-11
320000,289,175,0,4.651221e-10,4.025154e-14,1.1736302e-30,0.0,3.665985e-35,6.0095817e-12
320000,226,332,0,7.158427e-10,3.4913164e-13,4.6173095e-30,0.0,6.608343e-29,1.4405553e-16
320000,483,143,0,-7.036095e-13,3.659843e-11,9.942925e-12,1.1182516e-14,2.1058422e-16,1.2253501e-10
320000,78,82,0,6.2483525e-11,5.521091e-12,3.42797e-13,2.5412085e-17,4.2051316e-20,3.5950375e-11
320000,46,483,0,-1.8165375e-12,7.153292e-11,1.8332641e-15,9.462978e-21,5.12835e-16,3.721107e-10
320000,193,209,0,8.56556e-11,1.1845086e-11,5.881965e-31,0.0,4.7783238e-18,6.897009e-17
320000,468,15,0,-2.337365e-12,1.6316413e-10,2.1106398e-21,1.10598985e-33,2.8146794e-13,4.107324e-11
320000,474,355,0,-5.2638184e-13,2.0561516e-11,5.3781367e-12,1.0796493e-15,1.1161549e-17,1.0612472e-10
320000,130,309,0,4.2312545e-10,1.4305301e-16,1.9154636e-31,0.0,9.710781e-36,1.1842384e-13
320000,294,356,0,4.574242e-11,1.7470103e-17,5.3021986e-23,1.054207e-36,0.0,2.4101537e-10
320000,183,85,0,1.2096692e-10,3.9254502e-13,2.5079595e-31,0.0,3.4241763e-27,2.458922e-12
320000,249,212,0,4.6614157e-10,1.094786e-11,0.0,0.0,9.259871e-18,3.4859e-15
320000,375,233,0,4.224422e-11,3.8699904e-11,2.2508638e-27,0.0,4.678774e-14,1.9704147e-12
320000,85,128,0,9.435991e-11,3.0522095e-11,8.116717e-17,1.7604777e-25,8.3094925e-18,2.9890137e-09
320000,344,32,0,-1.619254e-13,1.2434231e-12,6.3200355e-15,1.553162e-22,1.2959055e-24,2.9891847e-09
320000,13,316,0,-5.7506864e-13,2.4497234e-12,3.965739e-11,2.6523068e-13,6.903928e-15,3.0140632e-09
320000,360,171,0,5.4109417e-10,4.9437256e-12,1.2426725e-32,0.0,4.2291657e-23,2.9887863e-09
320000,109,362,0,9.975295e-10,1.982881e-11,6.3568824e-11,6.3218246e-13,3.9389238e-14,3.005876e-09
320000,285,108,0,4.104239e-10,3.6206723e-13,1.0649591e-28,1.24e-41,2.4725977e-28,3.0054148e-09
320000,379,29,0,2.2818652e-12,5.447843e-13,1.3997984e-16,1.8352364e-24,1.4139974e-24,5.626796e-12
320000,328,447,0,4.869085e-10,4.334505e-11,2.8391567e-10,5.2574122e-11,3.7541414e-11,2.995361e-09
320000,189,464,0,4.9252187e-12,2.1984133e-11,7.191995e-12,1.2458833e-14,2.4590915e-16,3.2372456e-09
320000,33,361,0,3.5035923e-13,1.0899097e-12,8.748816e-13,2.132891e-17,1.0196557e-20,3.015359e-09
320000,482,88,0,-4.2689056e-13,4.1442657e-12,1.7180005e-10,1.4094204e-11,4.0196874e-12,4.9006278e-11
320000,184,17,0,-1.1874681e-12,6.695953e-11,1.8563432e-12,2.7260895e-16,1.1078944e-11,3.099101e-09
320000,392,388,0,1.3245069e-10,1.8745824e-11,3.636867e-20,4.335769e-31,8.465335e-20,2.99031e-09
320000,113,138,0,6.365137e-11,6.033885e-11,2.2854509e-17,3.1012757e-27,5.809632e-15,2.9887863e-09
320000,325,59,0,1.2640806e-09,2.57265e-14,1.113094e-22,6.778614e-36,3.309475e-39,3.056833e-09
320000,422,231,0,2.5734975e-10,4.2275246e-12,1.6331808e-10,9.177045e-12,2.078825e-12,2.1589203e-11
320000,275,378,0,4.303136e-10,6.582536e-12,1.444728e-22,5.88926e-35,5.932954e-22,2.988859e-09
320000,98,108,0,4.1207406e-11,5.245924e-11,4.246054e-17,2.6505728e-24,1.1764306e-16,3.0403509e-09
320000,221,349,0,9.397797e-10,5.7200893e-12,3.061164e-12,3.0526259e-15,4.7329352e-17,8.6842214e-13
320000,386,421,0,3.582913e-10,1.6233032e-10,6.404943e-22,5.213533e-35,2.5106978e-12,2.9891034e-09
320000,338,38,0,1.3146083e-12,3.4704605e-12,6.600341e-16,6.4479873e-24,3.632225e-23,3.0077176e-09
320000,165,448,0,1.16405094e-10,9.914196e-12,3.252371e-16,5.3612518e-24,3.793217e-20,3.0297327e-09
320000,225,416,0,2.1301338e-10,2.0378595e-12,1.1693198e-19,9.808415e-31,2.388058e-22,9.13552e-11
320000,372,227,0,1.8028284e-11,3.0436938e-12,1.08312185e-20,6.190383e-33,1.31981925e-20,2.0188943e-11
320000,58,136,0,1.7096467e-10,1.2555183e-11,3.983615e-15,7.011911e-23,8.261719e-20,2.5676315e-11
320000,220,331,0,6.675823e-10,2.275118e-09,1.5977391e-27,1.635e-42,4.1188084e-09,1.7166374e-18
320000,336,408,0,1.2560972e-10,2.019383e-11,5.1168477e-16,3.1751313e-22,4.5248405e-18,1.6273674e-10
320000,415,332,0,8.0708795e-10,3.7387902e-11,6.5769983e-18,5.4829265e-27,5.5707515e-15,3.5176378e-13
320000,44,237,0,1.464016e-11,2.3843736e-09,2.779733e-19,3.9126512e-30,4.1189754e-09,1.0076873e-11
320000,340,361,0,7.79696e-10,1.0475979e-10,1.2770368e-32,0.0,1.1999529e-10,5.0580495e-12
320000,40,208,0,1.4062864e-11,1.9466562e-11,4.9398645e-12,8.990345e-16,1.7736866e-18,2.4613833e-10
320000,75,148,0,2.827572e-10,8.8779646e-13,1.1837181e-16,9.6637334e-26,7.717671e-28,8.42701e-12
320000,420,169,0,4.1143638e-10,6.2964316e-14,1.04758196e-16,2.2531995e-24,6.6787015e-30,8.609131e-12
320000,137,354,0,2.1469561e-10,3.651772e-14,3.951435e-15,2.5230364e-22,9.775764e-28,1.3959699e-11
320000,100,223,0,5.6027866e-10,6.338502e-11,9.722538e-24,2.4245897e-35,4.0297563e-15,4.262329e-15
320000,61,384,0,9.897657e-11,1.5522663e-11,5.3121674e-12,7.411288e-15,1.285091e-16,2.5607336e-11
320000,326,349,0,2.7300046e-10,1.0061269e-14,8.5544377e-19,1.5148008e-27,9.760167e-34,1.9605717e-21
320000,202,84,0,1.3693671e-10,1.7769666e-12,4.0378433e-24,2.1178257e-36,9.354501e-26,1.4607683e-11
320000,282,337,0,2.4605343e-10,3.7412425e-15,7e-45,0.0,3.01861e-40,1.5140016e-13
320000,188,33,0,2.5990805e-12,8.2633865e-11,1.8551595e-21,4.0614782e-35,6.766008e-12,2.4731531e-11
320000,110,405,0,3.1389807e-10,2.6748125e-11,2.3760247e-13,1.2912185e-18,1.7457852e-16,1.0621817e-10
320000,297,67,0,7.553851e-11,1.967398e-12,2.2402857e-24,1.68145e-40,6.1996726e-26,1.1927582e-11
320000,4,251,0,-3.677391e-13,5.7376505e-13,1.6571558e-15,2.0937455e-23,2.5814593e-29,2.9972391e-09
320000,326,10,0,-1.0819431e-12,1.43490575e-11,1.2282593e-16,6.049879e-25,2.7421515e-17,3.0840832e-09
320000,36,118,0,9.142024e-13,3.7222316e-11,1.7204551e-23,5.779179e-37,1.7331705e-13,3.0191774e-09
320000,436,95,0,2.1706051e-10,7.579397e-11,3.2623872e-15,2.1495272e-21,5.3128553e-15,2.99637e-09
320000,348,225,0,2.1504216e-10,1.9650098e-11,5.9797937e-18,2.0325098e-27,1.2755633e-16,7.97078e-16
320000,411,390,0,3.1199935e-11,1.3076759e-11,1.6030981e-19,4.605841e-31,1.9860323e-19,2.9920735e-09
320000,59,371,0,3.408171e-10,2.0746965e-15,3.7167953e-11,1.8009601e-13,4.1928864e-15,3.0103773e-09
320000,456,475,0,-1.6278979e-12,2.043526e-10,9.469792e-17,5.5056886e-24,9.644771e-11,3.2542509e-09
320000,50,102,0,2.394972e-10,3.6041055e-12,3.2401887e-10,4.8004076e-11,3.155375e-11,9.150084e-11
320000,469,412,0,1.2383032e-12,6.553048e-11,3.1432117e-16,1.8818428e-23,1.2397717e-16,3.0988292e-09
320000,120,394,0,4.1323078e-10,8.003731e-12,4.077177e-12,6.071115e-16,1.0694096e-18,3.1402192e-09
320000,335,421,0,2.3027937e-10,1.0938437e-11,1.7247223e-13,2.3606608e-19,7.328852e-18,3.104256e-09
320000,424,452,0,3.125108e-12,1.6486878e-11,1.2257063e-12,1.1989868e-16,4.590838e-19,3.5992258e-11
320000,387,458,0,1.652837e-11,1.1165359e-10,1.82466e-17,6.689463e-28,9.854619e-13,2.9907947e-09
320000,189,434,0,1.6565029e-10,1.2569944e-10,1.3798069e-16,1.2081698e-24,3.3588707e-09,3.1008531e-09
320000,424,105,0,2.8283959e-10,2.2181482e-12,3.513907e-09,7.194015e-10,1.1532714e-09,5.073189e-13
320000,285,472,0,-6.1534447e-13,6.2898964e-11,6.048636e-25,7.517e-42,1.9324684e-14,2.7505942e-12
320000,327,497,0,-9.178003e-13,6.2462535e-11,2.096375e-10,5.8317406e-11,5.14929e-11,4.999377e-12
320000,395,442,0,3.0260203e-10,7.8948015e-11,1.04907626e-13,4.0488152e-19,7.1000483e-15,2.9888865e-09
320000,16,363,0,-3.668068e-13,2.2794895e-12,8.794323e-15,7.767147e-21,3.2384833e-24,4.978188e-11
320000,307,39,0,5.2877585e-12,4.0869677e-12,5.229435e-13,3.92943e-18,7.384051e-22,2.9905258e-09
320000,74,346,0,5.6460156e-11,2.1067823e-18,7.7726996e-21,2.991788e-33,1.562e-42,3.0406972e-09
320000,48,366,0,6.1699035e-11,2.5214894e-13,3.4622605e-09,7.191878e-10,1.1532664e-09,5.9935786e-11
320000,138,15,0,-3.9719495e-13,1.7176861e-12,3.4626733e-09,7.191878e-10,1.1532664e-09,1.521506e-10
320000,35,216,0,6.182929e-12,7.9659064e-11,3.3311938e-13,4.6216194e-18,1.00580555e-14,3.6537687e-12
320000,462,47,0,-1.2155451e-12,1.4511962e-10,7.1049416e-15,1.7684994e-22,1.6278722e-13,3.1405747e-09
320000,216,24,0,-5.5930363e-13,3.234657e-11,7.0532604e-13,3.0902935e-17,5.8175223e-16,1.7541416e-11
320000,19,471,0,-1.6013635e-12,9.568527e-11,1.288406e-14,1.9775001e-20,4.011821e-13,3.0968546e-09
320000,339,77,0,1.9629334e-10,9.073486e-11,1.370312e-16,2.911578e-25,1.4747921e-10,1.9997747e-10
320000,207,6,0,-6.0293784e-13,1.1793762e-11,4.5868416e-19,1.6513766e-30,3.845067e-20,3.017512e-09
320000,122,395,0,3.2078976e-10,2.3421974e-11,7.51393e-13,2.1309197e-17,2.8702053e-16,9.447659e-11
320000,493,67,0,-7.999894e-13,5.0030317e-11,9.010982e-12,2.6416457e-15,4.6746875e-16,1.1664682e-10
320000,328,431,0,1.0954219e-10,6.1265056e-11,4.1987914e-14,1.6213065e-20,8.933008e-12,2.5939518e-13
320000,73,393,0,1.0125022e-10,1.2200338e-11,1.1714239e-18,5.863701e-30,1.4046856e-20,3.030507e-09
320000,46,18,0,-1.0407831e-12,1.1932914e-10,3.990047e-11,2.6525779e-13,3.30721e-12,1.2601417e-10
320000,468,330,0,-4.3350526e-13,3.2640488e-11,1.3904433e-13,1.3817672e-19,3.0637482e-15,1.3638743e-10
320000,470,476,0,-2.0017189e-12,1.4110663e-10,3.5891123e-11,8.78737e-14,2.198069e-10,3.1191367e-09
320000,96,174,0,1.1604951e-10,4.399005e-11,1.3692924e-16,2.9115757e-25,3.9847337e-14,3.0192517e-09
320000,180,42,0,1.1074671e-11,2.1137215e-11,1.7700766e-18,1.7749498e-26,7.1344586e-17,2.9903182e-09
320000,88,40,0,2.3206825e-12,6.9089678e-12,3.4622594e-09,7.191878e-10,1.1532664e-09,8.9198674e-12
320000,35,402,0,-1.1830466e-12,8.751182e-11,5.4999655e-12,1.9000774e-15,3.4754328e-13,5.1397428e-11
320000,492,237,0,-1.1741586e-12,6.589227e-11,1.8166599e-19,5.3730055e-31,2.1450955e-15,4.750648e-12
320000,125,210,0,2.371429e-10,1.2715715e-10,8.682435e-29,0.0,5.552827e-12,3.1095288e-14
320000,458,96,0,4.0857987e-11,1.5225824e-11,1.3615233e-10,1.3397058e-11,3.7789407e-12,3.0039622e-09
320000,488,454,0,-1.3989069e-12,9.9567715e-11,3.4617877e-12,1.2209636e-15,4.417061e-12,3.0263592e-09
320000,498,132,0,-8.959491e-13,9.2417865e-11,1.825336e-14,1.24964364e-20,2.3660705e-15,3.0031135e-09
320000,464,204,0,6.5218313e-12,8.491745e-11,3.713349e-11,1.8009597e-13,7.798006e-13,5.3403188e-11
320000,434,385,0,1.3689479e-10,6.183764e-11,3.791319e-11,1.9978303e-13,1.1872572e-11,3.2097993e-09
320000,214,177,0,4.2983114e-10,4.2490902e-12,2.545491e-30,0.0,2.765142e-18,2.9888216e-09
320000,216,388,0,5.480613e-10,3.1091367e-17,1.4859159e-28,0.0,3.31e-43,9.126997e-12
320000,1,280,0,-8.939164e-13,7.1440985e-11,1.1913029e-10,1.3244733e-12,8.133585e-12,4.643072e-11
320000,266,399,0,8.257401e-10,3.061629e-13,5.6056054e-14,5.599839e-20,2.2454178e-24,3.0200427e-09
320000,11,347,0,-6.8009997e-13,1.1057979e-10,7.9220134e-20,3.284661e-31,2.1508016e-10,3.2068204e-09
320000,243,497,0,-3.2951213e-13,1.2987401e-12,3.2789812e-15,8.776496e-23,9.2441055e-28,4.5119502e-11
320000,152,348,0,2.948913e-10,8.497908e-12,5.1889704e-15,1.1440115e-22,5.516818e-20,9.3679986e-12
320000,306,15,0,-3.3489585e-13,1.4897691e-12,1.971331e-12,8.622434e-17,4.8806248e-20,1.285091e-11
320000,387,18,0,-6.045337e-13,7.409062e-11,7.0267173e-12,4.8116787e-15,2.6189361e-14,3.1967318e-09
320000,12,44,0,-1.8216368e-12,2.8792682e-10,6.3758695e-12,2.0983393e-15,5.6325798e-11,6.888773e-11
320000,148,391,0,1.0491144e-11,5.3714624e-12,2.9178472e-17,1.0404551e-26,9.729501e-21,1.0982933e-12
320000,64,490,0,-7.935442e-13,4.8916537e-11,3.858148e-17,2.9341379e-27,1.3496217e-11,3.1539238e-09
320000,495,97,0,-4.6947813e-13,2.6806625e-11,5.190286e-15,1.1440126e-22,5.8171565e-16,1.1937297e-12
320000,113,65,0,1.8543973e-10,2.6500403e-11,2.6281557e-12,5.7752633e-16,2.0591528e-17,5.6280762e-14
320000,36,262,0,1.7220772e-11,7.9722534e-11,1.3877813e-22,4.6393077e-38,2.0730019e-13,8.721463e-11
320000,487,372,0,-5.0973245e-13,4.6444697e-12,2.1064022e-15,2.490129e-22,4.0414263e-22,1.3583269e-10
320000,484,267,0,-8.252889e-13,4.914584e-11,1.976085e-19,1.9833126e-31,4.1059595e-17,1.0806233e-11
320000,396,497,0,-5.278211e-13,4.363769e-13,1.0073335e-10,4.3367835e-12,9.469027e-13,3.2087786e-09
320000,247,24,0,-4.1119755e-13,4.1589503e-11,2.6291513e-10,2.8550565e-10,8.803495e-10,2.9916218e-09
320000,493,228,0,-1.4205838e-12,7.2387485e-11,7.206817e-16,5.0470094e-24,8.929975e-15,7.4026e-11
320000,95,72,0,9.774144e-10,2.8510973e-11,1.4861826e-22,2.2494002e-37,8.247727e-18,3.0057212e-09
320000,44,308,0,5.3138334e-11,1.2526863e-10,3.358346e-11,4.0257202e-13,6.5779283e-13,1.082168e-13
320000,154,310,0,4.5331114e-10,1.2699748e-15,8.359619e-24,2.1221668e-38,1.450638e-39,7.791488e-11
320000,375,390,0,2.6880934e-10,5.505269e-12,1.3334339e-12,4.4828997e-17,2.3393656e-20,1.0366676e-11
320000,293,409,0,2.7115584e-11,9.4592546e-12,2.7477018e-16,2.597002e-25,4.4791745e-21,1.2828741e-10
320000,427,432,0,2.0387476e-10,1.9368531e-11,1.0887507e-21,1.0019394e-34,6.5998665e-21,1.2957677e-10
320000,283,261,0,3.8165035e-10,2.2935415e-22,0.0,0.0,0.0,2.7606875e-17
320000,341,204,0,6.247228e-10,9.302264e-16,3.0499964e-19,1.02912676e-29,2.061804e-37,2.7514916e-11
320000,135,227,0,1.9793257e-10,1.4867739e-11,2.2706563e-10,5.7040043e-11,4.6583522e-11,3.243889e-12
320000,257,436,0,1.2853994e-10,3.7554413e-12,2.9363895e-14,1.01657234e-19,1.364719e-23,2.0274308e-11
320000,385,208,0,1.8590888e-11,3.677897e-13,5.0675845e-19,3.2503277e-28,8.3418857e-29,5.4039186e-11
320000,399,312,0,6.751205e-10,1.6150066e-18,8.348121e-31,0.0,1e-45,6.303656e-13
320000,165,101,0,2.8508917e-10,4.8295056e-18,7.5358513e-13,4.1172607e-17,5.5357705e-20,5.763697e-11
320000,348,167,0,4.3704193e-11,2.0436739e-11,4.0622488e-38,0.0,1.8081375e-16,1.4610989e-17
320000,329,442,0,4.945478e-10,1.42286755e-11,1.12225015e-13,1.3467378e-18,7.3294e-18,1.1046105e-10
320000,195,230,0,2.2887191e-10,5.757544e-14,0.0,0.0,3.2133523e-37,1.0859797e-14
320000,1,376,0,-3.50617e-13,1.4740165e-13,1.5984665e-21,2.2231938e-32,1.2391818e-31,3.3500025e-10
320000,109,88,0,5.45052e-10,3.924727e-12,2.8526313e-13,2.368358e-18,6.9671626e-20,1.6167432e-12
320000,75,127,0,5.286631e-10,5.083106e-12,1.0663207e-21,5.664144e-34,3.7959643e-23,4.110392e-13
320000,209,143,0,6.135752e-10,5.852701e-18,2.4008763e-26,8.0474e-41,0.0,3.3103255e-15
320000,98,359,0,8.8562985e-10,1.2766391e-12,1.025782e-18,1.2410198e-27,4.841604e-27,6.4639384e-11
320000,224,73,0,4.0889986e-11,9.871956e-13,9.764735e-15,1.0256136e-21,8.901511e-27,1.9130701e-10
320000,153,410,0,3.6144778e-11,2.4991612e-14,1.7241474e-19,1.811149e-30,2.4256493e-36,1.5275353e-12
320000,346,147,0,5.8911703e-10,4.3207744e-14,7.05261e-28,1.26e-43,1.3605397e-31,1.3222539e-12
320000,235,485,0,-4.5293096e-13,2.2545353e-12,1.0403887e-13,6.849647e-19,1.110752e-22,7.0962854e-11
320000,13,190,0,-2.685657e-13,8.336493e-12,1.5426911e-13,8.594846e-19,2.1980123e-20,2.9033081e-11
320000,249,90,0,4.0895465e-10,5.484078e-13,1.6629529e-22,5.7686826e-37,4.0513584e-30,7.5957234e-11
320000,475,284,0,-1.2323841e-12,1.1015287e-10,1.9730994e-13,8.790958e-19,4.7838673e-12,2.7349153e-10
320000,405,489,0,-1.2487472e-12,6.036406e-11,3.5002472e-09,7.193876e-10,1.1596181e-09,1.959796e-10
320000,288,439,0,6.5503175e-10,5.1594975e-11,6.417276e-14,1.1371678e-19,2.256488e-15,2.5718308e-11
320000,479,100,0,-6.170395e-13,1.2273125e-11,1.2738057e-11,2.5091442e-14,5.302098e-16,7.3299445e-13
320000,198,31,0,2.1105771e-12,3.4087806e-12,1.6235112e-21,1.7295418e-33,7.3248675e-26,1.2785695e-11
320000,141,471,0,8.039114e-13,1.4738404e-10,7.7965204e-20,3.2787154e-31,1.5944847e-12,7.2257985e-12
320000,431,457,0,4.5494867e-12,2.1934787e-11,5.342265e-12,1.0909498e-15,5.986063e-18,1.3620342e-10
320000,470,480,0,-2.1966539e-12,2.0334943e-10,3.943403e-10,3.0788438e-10,8.999852e-10,1.328409e-10
320000,12,273,0,-6.694996e-13,5.569552e-11,5.143754e-13,1.7395502e-17,5.942597e-12,5.1510345e-12
320000,295,459,0,2.6154131e-11,2.2352568e-11,8.6361166e-16,1.1973447e-23,3.6182739e-19,8.908326e-11
320000,33,124,0,-4.797262e-13,3.9672224e-11,1.6836604e-16,1.18627586e-23,1.1394795e-14,1.828241e-13
320000,143,6,0,-8.2892173e-13,1.2041228e-11,2.4042835e-15,6.650495e-22,2.1077883e-21,2.793829e-12
320000,15,152,0,-1.2830426e-12,8.676758e-11,3.1074132e-18,2.233318e-29,1.1943194e-13,4.9682092e-11
320000,28,5,0,-1.1780335e-12,7.899911e-11,4.4582525e-14,1.867838e-19,1.838781e-10,2.1860597e-10
320000,5,64,0,-1.0000218e-12,6.8239955e-11,1.7079103e-10,5.87536e-11,5.7464943e-11,1.3985039e-11
320000,172,53,0,1.307617e-11,1.7819972e-12,1.242963e-13,1.9330337e-19,9.080583e-24,6.6710092e-12
320000,437,147,0,4.6090703e-10,2.6007408e-12,3.3472945e-16,6.9186497e-23,4.975967e-23,3.3845992e-11
320000,250,0,0,-9.166987e-13,6.261245e-12,1.4202414e-11,2.0193074e-14,3.5155774e-16,3.2241224e-10
320000,7,59,0,-1.3412914e-12,1.4577704e-10,1.6595324e-10,9.177588e-12,2.7972297e-12,2.5171595e-10
320000,9,56,0,-1.3089382e-12,8.1895206e-11,4.9508596e-12,2.3503026e-15,7.1800053e-12,1.7137738e-10
320000,430,28,0,6.91434e-13,2.1673968e-11,2.245038e-18,1.2139354e-28,2.9558862e-19,2.6159205e-11
320000,36,267,0,2.1327108e-11,1.0865685e-10,4.725563e-19,4.821673e-31,2.2442398e-10,3.3346804e-11
320000,484,21,0,-2.0503091e-12,2.3127433e-10,6.340149e-21,1.9572563e-33,1.1112414e-12,2.4966706e-10
320000,8,366,0,-5.817354e-13,7.494435e-11,8.7851965e-12,1.921582e-14,2.6550026e-14,9.0280214e-11
320000,348,19,0,-8.7395764e-13,2.7692827e-11,1.02560134e-22,3.0484492e-34,2.8652153e-19,7.4391125e-11
320000,493,486,0,-9.365313e-13,7.6464696e-11,1.629543e-10,9.753985e-12,2.3379087e-12,3.8803363e-10
320000,55,69,0,5.020239e-10,3.9763956e-12,7.2099014e-18,3.0151364e-27,1.0368502e-23,1.9858286e-10
320000,458,16,0,-1.9203133e-12,1.6304534e-10,1.08876344e-14,1.2170757e-20,2.0201237e-13,3.936051e-11
320000,452,336,0,5.568333e-11,1.0611595e-11,9.764067e-17,9.400036e-25,2.2994925e-16,6.166777e-11
320000,55,125,0,3.7481365e-11,2.574583e-11,5.8147915e-13,5.9210324e-18,1.4532599e-18,5.3665475e-11
320000,201,450,0,3.8790637e-11,7.1343005e-12,9.373279e-14,6.117903e-20,2.3909167e-22,2.6092868e-13
320000,20,55,0,-1.3955378e-12,2.391007e-11,7.961257e-18,1.0913929e-25,1.2302474e-17,2.5133999e-11
320000,62,483,0,-1.2414003e-12,2.0288969e-10,5.8183033e-12,1.286266e-15,3.7159742e-09,7.718117e-11
320000,418,35,0,4.917616e-12,4.145587e-11,2.079156e-12,4.0114075e-16,4.3067976e-17,1.5734183e-11
320000,467,474,0,-1.9330724e-12,1.0039945e-10,2.273096e-10,5.7040043e-11,4.6614372e-11,1.6986695e-10
320000,118,498,0,-6.962851e-13,1.7353274e-12,3.4625258e-09,7.1918826e-10,1.1532664e-09,3.4994656e-11
320000,288,23,0,-9.158888e-14,1.5505431e-13,9.149059e-17,6.630448e-26,7.933199e-33,9.708122e-12
320000,473,113,0,-4.2804698e-13,5.5597294e-11,9.8485e-18,1.3507161e-26,3.3304901e-15,3.473024e-11
320000,36,27,0,-7.774638e-13,1.9577829e-11,2.9218565e-11,9.685268e-14,2.1143596e-15,8.6848966e-11
320000,126,54,0,6.7284317e-10,1.5181476e-10,4.3446745e-17,2.9548923e-24,7.1754824e-12,1.6737622e-10
320000,56,307,0,1.9583007e-10,7.690408e-12,6.760767e-21,5.8822554e-32,3.3903515e-22,1.0967165e-12
320000,231,31,0,-1.7002435e-13,4.817858e-11,1.997549e-10,5.829268e-11,5.173076e-11,4.4333197e-11
320000,174,473,0,-1.1551043e-12,2.7702407e-10,3.462273e-09,7.191878e-10,1.2222934e-09,3.1193317e-10
320000,54,360,0,2.7616746e-11,1.5632672e-11,1.9839928e-15,1.745176e-23,1.689603e-17,4.958543e-12
320000,389,413,0,1.2126034e-10,7.7414713e-13,3.759591e-31,0.0,6.748909e-26,8.9246756e-11
320000,61,13,0,-1.6427952e-12,1.4731522e-10,6.9297404e-15,1.2250734e-21,5.319835e-13,6.1746726e-11
320000,75,78,0,1.0918451e-10,4.3190247e-11,3.1398337e-17,4.9218745e-26,2.256522e-15,1.2688178e-10
320000,430,29,0,1.5022741e-12,1.6537518e-11,1.4434616e-17,3.8300414e-27,2.519293e-20,1.8893621e-11
320000,212,498,0,-9.298108e-13,3.1616498e-11,2.197734e-20,7.738996e-30,3.593209e-18,2.4685065e-10
320000,55,32,0,-1.0122612e-12,7.696865e-11,5.3588243e-22,5.690523e-37,1.00912925e-16,3.9758353e-11
320000,482,369,0,-2.5038974e-13,2.0539695e-13,5.0901105e-17,9.177739e-26,2.533914e-28,6.5049764e-11
320000,418,81,0,6.3983006e-11,4.2178487e-12,6.537063e-15,3.646742e-20,5.012511e-23,8.671107e-11
320000,67,464,0,6.4696282e-12,8.929938e-11,2.3901676e-11,8.210927e-14,1.0312007e-11,1.7089742e-10
320000,298,29,0,-6.1226577e-13,2.3974212e-11,9.576372e-16,1.4562197e-22,2.8372427e-17,1.5092096e-10
320000,498,499,0,-1.477958e-13,4.7245163e-11,2.3314843e-13,1.543848e-18,4.806416e-12,3.397555e-11
320000,40,435,0,3.2983002e-11,4.7219378e-11,3.7127047e-15,1.4788789e-21,8.22535e-17,1.5927736e-10
320000,154,488,0,-6.6712684e-13,2.4603805e-11,2.3849128e-12,8.377311e-16,6.820163e-17,5.917582e-11
320000,21,7,0,-1.636877e-12,1.9807715e-10,2.2706592e-10,5.7040043e-11,5.0315564e-11,2.8277358e-10
320000,197,479,0,-5.105967e-13,5.169517e-12,5.0552174e-11,7.2957065e-13,6.340103e-14,1.1720536e-10
320000,478,69,0,-8.333731e-13,6.7964384e-11,2.0876744e-16,7.186577e-25,4.7213665e-13,2.5194418e-11
320000,48,231,0,1.6034629e-10,1.526113e-10,3.9475712e-13,3.145874e-17,4.1847743e-13,1.4250501e-10
320000,40,499,0,-2.2532367e-12,3.2354736e-10,1.0428115e-12,2.8109933e-17,3.5489611e-09,2.1810366e-10
320000,447,52,0,1.3418205e-10,1.9846531e-10,3.1056813e-10,4.9714045e-11,1.8188391e-10,3.1883288e-10
320000,431,471,0,-1.7303301e-12,1.7399095e-10,7.847631e-21,1.22296035e-33,3.5519767e-09,2.593011e-10
320000,64,299,0,2.2090642e-10,3.854533e-12,5.675287e-32,0.0,5.6160394e-22,9.802576e-12
320000,63,76,0,1.6485197e-10,1.0136317e-11,3.281332e-14,2.8738865e-19,5.591647e-20,3.01037e-09
320000,347,8,0,-7.8607146e-13,2.3246042e-11,3.2648675e-13,1.2549304e-17,2.856061e-15,1.5432507e-10
320000,468,379,0,2.4273886e-14,1.2152898e-12,7.899884e-13,1.8700831e-17,9.331472e-21,2.5568817e-10
320000,441,370,0,6.3025113e-10,2.7007582e-11,6.8121774e-15,2.6549923e-22,1.1034243e-18,1.1217895e-10
320000,28,469,0,-1.5734927e-12,7.2402605e-11,3.4631737e-09,7.1918793e-10,1.1532764e-09,3.1525194e-10
320000,171,1,0,-1.369136e-12,2.6198394e-11,4.1250892e-10,3.546846e-10,9.40502e-10,6.443745e-11
320000,472,31,0,-1.0015537e-12,3.0261547e-11,8.629223e-15,1.30164e-21,6.654983e-17,8.2845626e-11
320000,29,31,0,-1.0558332e-12,1.5732695e-11,9.007361e-13,4.146151e-17,1.391597e-19,1.9738637e-10
320000,312,443,0,3.4470238e-10,9.2261684e-11,8.044978e-12,6.542126e-15,1.9287333e-14,2.0107593e-10
320000,492,78,0,-5.702206e-13,1.6034592e-11,3.690652e-13,3.7069446e-18,4.0178066e-20,3.6487112e-11
320000,483,461,0,-2.3810084e-12,1.7855434e-10,2.1364217e-15,2.6762544e-22,5.249985e-13,1.1317633e-10
320000,219,485,0,-1.0720955e-12,5.824164e-11,5.652664e-19,2.9539174e-30,1.8261298e-15,5.807171e-11
320000,378,43,0,1.1912932e-10,3.7948023e-11,9.944443e-12,1.1182516e-14,1.6529167e-14,1.8379041e-10
320000,493,209,0,-9.879951e-13,3.6376013e-11,1.0193157e-18,2.960524e-28,1.2495441e-17,1.5075685e-12
320000,125,482,0,-4.8396205e-13,1.1966764e-11,7.8499154e-13,9.40791e-17,2.5040595e-19,9.90762e-12
320000,120,473,0,-9.0530025e-13,9.5712896e-11,6.034869e-17,4.7006703e-25,3.4588482e-14,5.7134636e-12
320000,76,485,0,-6.907966e-13,1.8841808e-11,1.871295e-11,2.5285678e-14,2.0198074e-16,1.31367625e-11
320000,370,429,0,5.3050522e-11,2.5290891e-11,1.3184238e-18,7.0286434e-29,1.3524318e-18,8.5220324e-13
320000,17,189,0,-3.516062e-13,2.0437343e-12,1.5628524e-13,1.4367264e-17,5.1138887e-20,5.257923e-11
320000,10,295,0,-5.3912533e-13,7.1979814e-12,1.104377e-15,1.335454e-23,1.7566143e-22,1.7487184e-11
320000,50,462,0,3.3234151e-12,5.3731082e-11,1.941691e-12,1.294238e-16,3.475186e-13,8.779087e-11
320000,188,42,0,3.986433e-11,4.92996e-11,3.462259e-09,7.191878e-10,1.1532665e-09,1.5356211e-12
320000,453,39,0,3.8484996e-12,4.990395e-11,3.6096965e-12,3.912919e-15,7.6139326e-15,9.9059316e-11
320000,449,453,0,4.4690685e-11,6.16424e-11,3.214076e-20,2.3901491e-31,1.4370061e-16,1.1943588e-10
320000,491,86,0,-5.190578e-13,7.4148465e-11,1.01397475e-11,1.1187127e-14,3.913742e-13,1.0810065e-10
320000,481,374,0,-3.49839e-13,4.6376735e-12,8.023716e-14,2.4961925e-19,5.444345e-23,1.9818347e-10
320000,489,483,0,-1.4471267e-12,4.7966367e-11,7.951534e-11,2.3568422e-13,5.0090924e-15,1.3303282e-10
320000,101,85,0,1.512203e-10,9.984118e-12,7.147103e-11,1.5000578e-12,1.1986497e-13,5.2789994e-15
320000,417,472,0,-1.088508e-12,1.3310198e-11,5.244371e-19,6.782261e-31,9.22314e-21,1.7109779e-11
