mcsteps,xCOM,yCOM,zCOM,il8,il1,il6,il10,tnf,tgf
540000,58,260,0,3.0117369e-09,1.737827e-11,1.3969375e-15,1.5388734e-24,5.802768e-20,3.9327003e-11
540000,127,278,0,2.4045848e-09,2.2379284e-12,9.8975085e-11,5.304967e-11,7.5816076e-11,6.0058905e-15
540000,320,86,0,3.2563412e-09,2.6994806e-12,1.3638516e-15,1.4308774e-23,1.4014362e-23,1.882462e-10
540000,426,147,0,2.54528e-09,3.6702967e-12,3.4237294e-11,1.4861953e-13,7.324712e-15,7.715758e-11
540000,389,77,0,2.4984181e-09,9.086809e-12,5.644253e-12,7.8341405e-16,7.190108e-19,1.5459138e-10
540000,76,141,0,2.1855937e-09,6.118221e-12,2.5761336e-15,1.3379338e-23,3.227155e-23,1.0017022e-12
540000,126,316,0,2.9478158e-09,2.4529193e-11,1.0150674e-24,1.477e-42,2.1316017e-16,2.1499141e-12
540000,438,319,0,2.878426e-09,3.7162173e-11,3.82737e-19,9.8422834e-33,5.71812e-17,4.6598152e-11
540000,395,187,0,2.4770421e-09,1.0289816e-10,8.805045e-15,2.6976985e-21,2.0021906e-10,9.3324785e-11
540000,271,255,0,2.6371012e-09,3.798049e-12,0.0,0.0,3.6460012e-23,1.1239413e-13
540000,383,67,0,2.665437e-09,1.69581e-11,2.5492262e-12,8.4472174e-17,5.4954163e-19,2.1290695e-11
540000,137,99,0,2.1074336e-09,5.272008e-11,5.0790965e-16,5.7148663e-25,2.7672358e-13,4.405741e-11
540000,392,314,0,2.6744564e-09,8.823285e-16,9.683313e-21,2.4386629e-36,0.0,3.1313292e-11
540000,73,326,0,2.4225046e-09,9.113454e-14,3.0769931e-25,2.42e-43,1.2258821e-33,1.8836688e-10
540000,209,54,0,2.2439226e-09,8.643452e-11,3.3540432e-19,5.758063e-32,1.1260386e-11,3.0444657e-11
540000,323,205,0,2.3484037e-09,1.1404297e-11,1.1928478e-15,2.4432048e-24,6.4068014e-20,2.2083335e-11
540000,94,376,0,2.3999704e-09,1.6922554e-11,1.3727095e-15,1.2153875e-24,6.3813285e-17,3.3965075e-10
540000,394,426,0,2.4534725e-09,2.0767702e-11,3.2769015e-20,2.8313754e-34,1.7323349e-18,3.045613e-11
540000,203,425,0,3.4901737e-09,9.8539015e-12,4.2280715e-12,8.421811e-16,8.1112235e-19,1.4910278e-11
540000,261,127,0,2.5644835e-09,8.243208e-12,4.003328e-19,2.3059997e-32,7.0449575e-18,2.5263654e-11
540000,404,107,0,3.075241e-09,1.1013184e-11,2.6083328e-14,3.6667297e-21,2.907554e-17,1.8844261e-11
540000,188,196,0,2.052237e-09,1.7057572e-11,4.157361e-17,9.196842e-28,8.349719e-20,9.7576267e-11
540000,385,429,0,2.8348353e-09,3.2066953e-11,3.3309344e-13,5.952467e-19,8.7971554e-14,2.1144319e-11
540000,233,290,0,2.0623396e-09,1.6531728e-21,1.7549167e-32,0.0,0.0,3.310315e-16
540000,201,360,0,2.51019e-09,9.063902e-13,1.2369834e-24,1.575e-42,1.4074129e-29,1.874178e-11
540000,349,67,0,2.6112443e-09,2.2134522e-11,3.9112637e-11,1.1663871e-12,1.3569808e-13,5.1090753e-11
540000,66,315,0,2.3346907e-09,4.5726437e-11,1.4564128e-25,3.12e-41,1.1207551e-15,5.2410673e-11
540000,205,431,0,3.744012e-09,2.1180821e-11,7.928735e-12,1.6787775e-15,7.4746745e-16,7.561937e-11
540000,209,220,0,2.789985e-09,9.903156e-12,8.8611233e-17,1.3910018e-25,1.1576931e-17,8.729606e-11
540000,77,278,0,3.4193803e-09,4.0715296e-11,1.3589014e-19,6.360786e-33,8.5370505e-17,4.771891e-10
540000,108,363,0,2.2354525e-09,2.0566862e-11,2.0925386e-11,6.0812134e-14,6.06441e-13,1.847521e-10
540000,91,389,0,2.5179814e-09,1.7798577e-11,9.322737e-12,3.8712425e-15,2.0391651e-17,4.2456014e-11
540000,156,431,0,2.1017053e-09,1.1974226e-11,2.9109309e-18,5.519679e-29,3.702532e-21,1.0463368e-10
540000,407,267,0,2.2244264e-09,2.5470653e-11,2.1488268e-22,2.8190855e-36,6.826682e-20,2.1637485e-11
540000,268,393,0,2.3070927e-09,1.2801939e-12,3.1333576e-15,4.099777e-23,3.2182888e-29,3.3782237e-11
540000,242,397,0,2.4914957e-09,3.821857e-11,3.1238676e-26,0.0,9.904141e-14,8.911069e-11
540000,440,84,0,2.4117184e-09,2.1318355e-11,1.0623357e-11,1.1775641e-14,1.4297491e-14,1.6440331e-10
540000,446,77,0,2.3392723e-09,1.25028815e-11,3.7782963e-12,3.9982634e-16,2.9556218e-19,8.449731e-11
540000,415,128,0,3.1710803e-09,1.791973e-11,4.7807024e-14,1.00351426e-19,8.8258e-19,1.5369606e-10
540000,389,155,0,2.4204392e-09,3.9176527e-11,2.2340803e-11,1.0922292e-13,1.7218057e-11,7.230639e-11
540000,307,424,0,2.5667068e-09,1.8639616e-11,2.7000563e-18,1.6849156e-29,5.029387e-19,3.4611886e-11
540000,335,203,0,2.6968745e-09,1.7360925e-14,1.2406306e-13,1.3282329e-19,2.5102033e-24,1.12026124e-10
540000,59,186,0,2.3906652e-09,1.8023834e-11,9.363282e-13,3.2585573e-17,1.0530738e-20,4.9915325e-11
540000,53,272,0,2.3886255e-09,3.866106e-11,3.2465957e-13,9.114617e-19,1.323113e-16,3.7010305e-11
540000,309,73,0,2.2738245e-09,8.023776e-12,2.846621e-12,1.2238876e-15,4.2463064e-18,8.457401e-11
540000,188,399,0,2.120826e-09,1.6288757e-12,1.6371114e-13,7.039363e-19,9.543731e-23,4.382545e-11
540000,378,108,0,2.2263917e-09,1.2605094e-12,4.2580865e-14,8.8829776e-20,6.1107903e-24,2.1832227e-11
540000,377,253,0,2.755529e-09,2.7643056e-11,1.0733525e-19,1.3741264e-33,1.2935703e-14,1.934741e-11
540000,168,209,0,2.2073665e-09,1.0785617e-12,1.3918e-41,0.0,1.0269632e-27,1.0210312e-12
540000,66,90,0,2.330628e-09,6.4130964e-11,3.9931667e-14,2.6653263e-20,2.8005143e-10,4.348263e-11
540000,396,334,0,2.5262352e-09,3.138757e-11,1.7055844e-15,3.7588642e-24,5.6142415e-15,6.157245e-13
540000,189,249,0,3.1883851e-09,2.3781397e-11,2.2665281e-33,0.0,1.935102e-16,9.034241e-12
540000,279,428,0,2.1070763e-09,1.30883394e-11,1.2694723e-13,5.132e-20,2.2631002e-19,9.23783e-11
540000,346,344,0,2.4007383e-09,7.662331e-12,4.8223837e-23,7.86214e-40,5.89421e-23,7.1933948e-12
540000,432,130,0,2.4136158e-09,2.2732717e-11,8.980718e-21,3.624319e-34,2.9100605e-20,7.7821145e-11
540000,442,274,0,2.0885518e-09,3.5598657e-12,6.552161e-13,7.373396e-18,1.2915172e-21,3.8442614e-11
540000,438,54,0,2.2013433e-09,8.5607244e-11,3.2189245e-12,2.1538922e-16,5.1388222e-14,1.5528019e-10
540000,299,337,0,4.112993e-09,8.409792e-17,3.759753e-26,2.7e-44,0.0,1.5331145e-12
540000,341,111,0,3.5632366e-09,1.0092545e-12,6.453017e-27,0.0,6.585367e-28,5.049028e-13
540000,138,267,0,2.8022347e-09,3.8680844e-14,3.3581568e-20,8.921133e-35,1.466504e-39,5.783743e-15
540000,200,246,0,3.7547485e-09,2.2272396e-11,1.4757825e-37,0.0,3.3953045e-14,8.230053e-12
540000,292,108,0,2.5110651e-09,8.669609e-12,3.8619326e-18,1.185322e-25,1.2947945e-19,2.1629375e-11
540000,246,93,0,2.0140527e-09,5.0608554e-12,3.3013992e-15,2.2951602e-23,4.863601e-22,2.1181039e-10
540000,296,339,0,3.8587156e-09,7.76604e-18,6.4889347e-28,0.0,0.0,1.8732075e-13
540000,194,71,0,2.4067712e-09,2.6638098e-11,1.7910332e-14,1.0416032e-21,1.3941065e-15,6.106831e-11
540000,64,195,0,2.9425915e-09,4.2961964e-11,7.6889744e-16,8.4686845e-24,2.780769e-16,9.942079e-11
540000,52,71,0,2.069936e-09,8.155305e-12,1.525641e-11,1.813589e-14,2.826416e-16,6.506805e-11
540000,402,128,0,2.4695956e-09,6.288846e-12,4.9153246e-15,3.0026108e-22,6.1107513e-24,7.8000356e-10
540000,355,401,0,2.048341e-09,1.4620725e-11,3.1244084e-18,9.533464e-29,5.7757054e-21,4.7304403e-11
540000,439,427,0,2.8157718e-09,4.1327147e-11,1.770016e-15,5.466452e-23,7.462279e-17,1.3069387e-10
540000,442,258,0,2.3746631e-09,2.1662633e-11,5.2661643e-17,7.300921e-27,1.478968e-17,1.9010248e-10
540000,389,397,0,2.1154203e-09,2.2612578e-11,5.8397116e-19,3.4282945e-30,1.0850596e-18,1.4706253e-10
540000,244,242,0,2.0793196e-09,8.3571706e-19,2.3580137e-20,7.8019544e-31,1.6354826e-38,6.592713e-14
540000,71,411,0,2.1926252e-09,2.5997893e-11,6.0149065e-12,4.4381375e-15,2.590585e-15,1.7180997e-10
540000,307,376,0,2.4451827e-09,2.700654e-12,1.5232937e-15,4.662409e-24,2.3769641e-25,6.951821e-12
540000,305,254,0,2.2410298e-09,2.7451907e-13,0.0,0.0,7.6585914e-32,7.865768e-18
540000,245,440,0,2.2749285e-09,1.2461362e-12,1.9028262e-12,7.051996e-17,1.7786461e-20,3.0835872e-11
540000,112,181,0,2.078415e-09,6.88513e-11,3.0429046e-26,3.5e-44,6.863416e-14,1.7112712e-12
540000,162,315,0,2.5728353e-09,3.7820073e-11,3.0847075e-18,3.1287083e-28,7.6079585e-12,4.946491e-13
540000,354,278,0,2.879122e-09,1.1616192e-14,1.2660845e-17,2.7437559e-27,1.0062823e-34,2.4399573e-12
540000,383,172,0,2.9838458e-09,3.9073942e-11,2.4810584e-13,2.1181416e-19,1.3056391e-14,3.3846478e-11
540000,89,263,0,2.6545837e-09,8.914934e-11,1.854289e-13,2.8561644e-19,1.3412622e-11,2.0722913e-11
540000,444,99,0,2.0883162e-09,1.0004042e-10,1.7162809e-14,5.543609e-22,3.0268113e-10,1.03726285e-10
540000,89,276,0,3.2525171e-09,1.7186193e-11,2.3873818e-14,6.2591355e-21,6.6546385e-15,2.5373482e-12
540000,293,246,0,2.5146045e-09,4.2285463e-11,0.0,0.0,3.475185e-13,4.4151073e-13
540000,207,334,0,2.451561e-09,3.0508116e-12,3.514602e-23,1.128653e-39,2.5190847e-23,6.791992e-14
540000,280,212,0,2.5470983e-09,1.17510515e-11,0.0,0.0,2.3600282e-18,3.6743295e-12
540000,313,59,0,2.2281095e-09,1.9181207e-11,3.7242947e-17,5.5537707e-27,1.0858132e-19,3.1675575e-11
540000,238,137,0,2.339755e-09,2.2500359e-21,5.5359454e-12,3.3850198e-15,1.0429513e-17,1.0919554e-12
540000,285,176,0,2.212022e-09,2.1982787e-12,1.2850658e-25,2.76e-43,4.6410947e-24,9.6803836e-11
540000,132,197,0,2.455218e-09,6.430923e-11,6.473872e-33,0.0,3.4751864e-13,1.2332058e-10
540000,230,143,0,2.3848339e-09,2.3312531e-23,1.1077795e-16,2.1292152e-26,6.7235825e-34,1.0405896e-11
540000,252,297,0,2.1657411e-09,1.9813819e-13,9.734685e-27,2.513e-42,4.5085607e-32,1.7783149e-10
540000,337,257,0,4.5681774e-09,9.252116e-15,7.181325e-27,7e-45,1.0414e-41,1.2642954e-11
540000,398,306,0,2.6773217e-09,5.922827e-13,3.1657526e-30,0.0,1.5570342e-28,4.7780217e-12
540000,429,420,0,2.6673646e-09,2.391362e-11,4.1632503e-14,3.1547612e-21,2.9230715e-16,1.087912e-10
540000,71,218,0,2.399527e-09,9.118491e-11,2.6227674e-14,1.3269105e-20,2.1539073e-13,7.360839e-11
540000,168,403,0,2.0824018e-09,3.1926576e-11,1.9679522e-22,1.6896836e-38,1.4542884e-15,5.019022e-12
540000,287,315,0,3.0568734e-09,7.292716e-12,4.8416675e-29,0.0,7.9916866e-19,9.047032e-11
540000,259,282,0,2.208308e-09,6.844378e-14,4.54014e-28,0.0,2.506656e-33,8.908431e-20
540000,252,173,0,2.141535e-09,6.454873e-12,7.389642e-39,0.0,2.9843058e-19,8.5762e-12
540000,238,428,0,2.7611928e-09,3.8715583e-11,2.3970727e-19,1.1030911e-32,5.1621296e-15,1.670628e-10
540000,229,430,0,2.741846e-09,3.6509372e-11,9.477763e-16,2.1376644e-24,1.461773e-14,1.5924517e-10
540000,255,271,0,2.1818083e-09,7.1421764e-13,5.7631e-41,0.0,7.0326523e-22,3.5527397e-19
540000,222,130,0,2.763281e-09,3.1703905e-15,2.3436129e-24,1.8936695e-38,0.0,1.4663078e-11
540000,289,209,0,2.3773792e-09,3.1399748e-12,0.0,0.0,7.372985e-25,5.1646985e-11
540000,86,240,0,2.3226556e-09,6.084377e-11,4.302383e-14,4.5162292e-21,1.156041e-13,2.6279333e-11
540000,223,352,0,2.8140426e-09,1.3328116e-11,4.099012e-13,1.3949627e-18,4.524994e-19,1.7809232e-11
540000,210,268,0,2.2376188e-09,4.05814e-13,1.477e-42,0.0,2.739696e-28,1.0016189e-13
540000,345,144,0,2.1992081e-09,8.7930115e-11,3.7629047e-25,3.222e-42,4.9068406e-12,6.4140124e-11
540000,415,172,0,2.2634092e-09,1.3616215e-12,4.5643586e-18,7.4436215e-28,3.366506e-28,2.7455657e-12
540000,428,370,0,2.374758e-09,5.2602523e-11,6.775879e-13,5.623548e-18,5.164004e-13,8.85935e-12
540000,396,193,0,2.3986881e-09,6.1053246e-11,1.8546685e-17,7.5370336e-29,7.3888664e-16,1.7384337e-11
540000,413,337,0,3.2138068e-09,5.812597e-11,1.9541751e-13,2.3128104e-19,4.2939851e-13,2.1627497e-11
540000,365,266,0,2.583716e-09,1.7320406e-13,3.408303e-23,1.4264916e-37,7.5172266e-30,6.2549657e-12
540000,335,335,0,2.9619933e-09,2.1070336e-11,1.316256e-25,1.01e-43,2.9008422e-15,1.157791e-11
540000,330,184,0,2.34015e-09,8.208844e-13,4.6381006e-29,0.0,4.7258917e-31,1.0234936e-10
540000,434,75,0,2.3087317e-09,5.1205696e-11,2.5025628e-13,2.1184814e-19,1.2172416e-14,1.3343386e-10
540000,403,150,0,2.6730047e-09,2.1216164e-11,6.545387e-20,2.0281504e-33,2.8335347e-18,3.223846e-11
540000,355,213,0,2.3896345e-09,1.35964424e-14,8.5455596e-15,1.6000411e-22,9.0015245e-29,9.114656e-12
540000,446,196,0,2.0475615e-09,3.1215718e-11,2.1633413e-13,2.7819037e-18,1.7828446e-19,2.631143e-10
540000,150,282,0,2.221219e-09,2.0846797e-11,2.699618e-25,2.106e-42,6.170783e-19,1.0321472e-11
540000,323,291,0,3.111565e-09,2.4527004e-11,6.74962e-26,4e-45,2.8046069e-14,9.477752e-13
540000,63,445,0,2.0734479e-09,2.2970861e-11,1.6914498e-11,5.6035668e-14,6.5966815e-16,1.02999005e-10
540000,369,298,0,2.1372808e-09,1.565988e-11,2.3475952e-16,3.4201447e-26,6.2980446e-19,1.2296389e-12
540000,223,266,0,2.1198243e-09,1.8546078e-13,0.0,0.0,2.102869e-34,1.9915523e-16
540000,444,434,0,2.7405869e-09,9.2630105e-11,2.375174e-12,1.00990726e-16,2.0742018e-10,2.0617955e-10
540000,402,404,0,2.4781155e-09,5.919597e-11,5.759808e-15,1.810312e-21,2.7833139e-10,3.742228e-11
540000,387,86,0,2.4003817e-09,4.377208e-11,7.437149e-13,1.6232443e-17,1.180187e-15,1.1911366e-10
540000,324,310,0,3.1805873e-09,2.6916589e-11,2.951961e-17,7.0802324e-23,1.0553873e-12,1.0974607e-11
540000,211,222,0,2.8277425e-09,7.6703e-12,3.8808204e-14,3.7391317e-20,2.3245889e-18,3.9436055e-11
540000,181,222,0,3.248254e-09,1.9065778e-13,1.51e-43,0.0,1.5449425e-37,4.0946535e-14
540000,258,327,0,2.084747e-09,6.5737563e-12,1.677e-42,0.0,3.699759e-21,7.1890918e-12
540000,326,316,0,2.9247886e-09,1.1914713e-11,8.411573e-36,0.0,1.6881291e-16,1.9866159e-13
540000,236,433,0,2.8818892e-09,3.954806e-11,1.838033e-18,7.442701e-30,8.538453e-15,1.1646428e-10
540000,111,290,0,2.4938576e-09,1.1637e-11,6.60371e-22,8.8978414e-35,2.029441e-16,2.650527e-11
540000,313,431,0,2.876812e-09,1.2310222e-10,1.37536916e-14,3.7312937e-22,1.7395613e-11,6.759917e-11
540000,299,294,0,2.4724371e-09,3.8960085e-11,3.1879693e-30,0.0,7.1078325e-16,4.516417e-14
540000,123,315,0,2.9436087e-09,3.8299884e-11,1.1956105e-23,2.8207e-41,4.721262e-13,6.0799976e-13
540000,193,333,0,2.9690128e-09,2.668196e-13,5.7073356e-35,0.0,3.1875063e-32,2.074954e-12
540000,152,89,0,2.1786517e-09,3.392416e-11,7.915595e-13,9.2026e-18,1.6214719e-12,3.5461335e-11
540000,198,176,0,2.3243518e-09,2.1673e-11,2.004593e-15,1.98469e-23,5.593633e-17,2.1213866e-13
540000,327,279,0,3.1699117e-09,3.2714234e-11,2.9003175e-18,4.0353278e-28,6.739115e-13,1.11538796e-13
540000,64,142,0,2.157771e-09,5.2693707e-11,5.3175495e-11,4.209814e-12,7.327928e-13,2.5963233e-11
540000,315,110,0,2.703281e-09,1.4083438e-11,5.753624e-29,0.0,5.485589e-18,5.1381746e-11
540000,350,366,0,2.2459727e-09,1.32044375e-11,4.7767165e-25,5.68e-43,6.301101e-19,7.969894e-11
540000,323,306,0,3.0974434e-09,1.1412116e-11,6.2474826e-12,5.0068416e-14,6.7204564e-15,3.0569082e-11
540000,417,128,0,3.1526242e-09,1.0038091e-11,4.7807383e-14,1.0035143e-19,3.2261826e-22,1.0823e-10
540000,154,117,0,2.1707545e-09,4.022749e-12,2.404217e-13,4.8161614e-19,1.8108491e-23,6.132526e-11
540000,444,151,0,2.2005067e-09,2.2067376e-11,9.5295394e-14,6.121423e-20,1.5162646e-17,5.17359e-11
540000,186,417,0,2.5312716e-09,7.704626e-12,8.273159e-13,4.0280473e-17,8.847331e-20,9.478387e-13
540000,192,245,0,3.921884e-09,2.2370284e-11,3.871823e-39,0.0,3.7204276e-14,3.420677e-11
540000,73,66,0,2.3576465e-09,6.4200964e-11,6.3795605e-16,4.3320657e-25,4.091667e-15,1.00137364e-10
540000,215,351,0,2.583871e-09,3.3877927e-12,4.080749e-11,3.664635e-13,1.0650842e-14,1.7802354e-10
540000,267,216,0,2.5308708e-09,2.9072564e-13,1.587971e-39,0.0,4.562937e-30,1.4583075e-14
540000,114,90,0,2.4800049e-09,3.3893582e-11,3.578804e-15,1.1943647e-22,8.707935e-15,9.960841e-11
540000,204,429,0,3.875825e-09,1.7124774e-11,1.26280635e-11,1.0044554e-14,4.774602e-17,5.4171567e-11
540000,365,141,0,2.286758e-09,1.4048314e-12,8.2519365e-13,8.8395606e-18,7.2273275e-22,1.535577e-11
540000,128,63,0,3.0019367e-09,6.280046e-11,3.5759007e-11,1.3664087e-12,1.7953468e-13,3.5747478e-11
540000,403,144,0,2.650442e-09,4.584753e-12,5.670029e-18,9.994061e-28,9.576655e-28,6.798195e-11
540000,412,214,0,2.0950026e-09,2.3703628e-11,1.6870685e-13,9.019371e-20,4.0303253e-13,9.015719e-11
540000,309,193,0,2.183947e-09,5.865264e-14,4.625071e-34,0.0,1.2071308e-34,2.52985e-14
540000,275,220,0,2.5676963e-09,9.226224e-13,1e-45,0.0,2.8911812e-30,6.2331737e-13
540000,263,196,0,2.4095772e-09,2.3277413e-12,0.0,0.0,4.6069975e-25,9.006833e-11
540000,145,311,0,2.6101623e-09,9.291268e-11,1.9261585e-16,9.42891e-25,3.4385025e-13,3.1653347e-11
540000,392,111,0,2.6768574e-09,1.0584536e-14,2.1221076e-12,9.274713e-17,2.4738927e-20,1.7683088e-11
540000,243,62,0,2.0094322e-09,4.5746696e-13,9.532736e-18,7.4867896e-29,1.0241346e-28,8.533819e-11
540000,296,390,0,2.4282483e-09,1.2517858e-11,5.7951907e-19,3.5121155e-31,1.8334034e-18,2.3925577e-11
540000,220,335,0,2.4805948e-09,5.0078594e-11,6.7229456e-19,5.7899755e-30,1.0783936e-11,1.0338359e-12
540000,84,372,0,2.269242e-09,4.2012613e-12,8.542517e-16,8.933637e-25,7.8480795e-26,8.623457e-11
540000,76,60,0,2.3429236e-09,5.314507e-11,5.231345e-13,1.2000915e-17,5.575929e-14,7.15671e-11
540000,375,312,0,2.2000606e-09,2.5960588e-12,6.661583e-17,7.852746e-27,5.278336e-24,2.6728295e-11
540000,169,241,0,2.2009687e-09,4.7636246e-11,3.237471e-32,0.0,5.1605894e-12,6.6795055e-12
540000,395,101,0,2.843088e-09,7.638444e-12,6.5682234e-15,5.3938036e-23,5.9330393e-22,2.4483497e-11
540000,369,385,0,2.3985982e-09,2.7226532e-11,4.594608e-14,4.962824e-20,1.1195461e-15,6.054158e-11
540000,287,324,0,3.8284593e-09,3.8138895e-15,2.012821e-37,0.0,2.5106042e-37,1.8914117e-11
540000,295,316,0,3.1216416e-09,2.1185764e-13,1.9965645e-36,0.0,1.6003298e-33,6.3021394e-12
540000,286,268,0,2.4052544e-09,2.4808154e-18,9.688231e-39,0.0,0.0,3.5208546e-17
540000,342,261,0,3.2934295e-09,2.2707808e-12,1.4950426e-22,4.9541918e-36,6.2642256e-25,3.12598e-13
540000,114,391,0,2.5147864e-09,3.6385377e-11,5.459517e-12,2.0405392e-15,1.07823125e-11,6.675185e-11
540000,266,179,0,2.3229294e-09,1.1341504e-11,3e-45,0.0,1.245887e-21,2.0551419e-12
540000,197,326,0,3.0707903e-09,6.564195e-13,6.5091306e-35,0.0,3.4134255e-26,2.4839023e-15
540000,226,321,0,2.452017e-09,7.473414e-14,2.0415261e-22,1.2925388e-35,1.0669861e-33,5.0452382e-11
540000,321,116,0,2.556586e-09,4.707959e-12,3.3561353e-30,0.0,2.491313e-22,4.82812e-11
540000,436,369,0,2.5217881e-09,1.01094653e-10,6.622664e-14,6.14933e-20,7.84274e-16,8.766477e-11
540000,184,328,0,2.6898683e-09,1.1304046e-14,1.2581621e-25,2.98e-43,2.3619684e-37,3.697978e-14
540000,100,332,0,2.2692854e-09,1.4326946e-12,6.994966e-15,8.824561e-23,1.0607792e-24,7.1630805e-11
540000,195,318,0,2.5930955e-09,5.3535337e-15,7.21493e-28,0.0,4.672e-42,3.9305022e-14
540000,310,292,0,2.791923e-09,3.1853268e-12,2.4876604e-38,0.0,3.1602418e-23,2.1009664e-11
540000,155,446,0,2.1507494e-09,1.2135101e-10,1.0336393e-14,3.9258818e-22,2.926137e-11,2.444514e-11
540000,354,113,0,2.5916926e-09,6.177369e-11,3.1461507e-34,0.0,1.7819038e-10,1.8309824e-12
540000,319,287,0,3.138412e-09,1.7762482e-12,3.834967e-27,0.0,3.364068e-27,1.3287559e-11
540000,280,119,0,2.2428106e-09,2.743002e-12,4.5750963e-27,0.0,9.905154e-28,3.9833772e-13
540000,389,139,0,2.3127456e-09,2.4395062e-11,1.7745583e-12,2.0530997e-16,9.429885e-16,4.9206845e-12
540000,230,204,0,2.0376747e-09,4.5303366e-13,3.356423e-30,0.0,3.5236397e-30,7.8681775e-12
540000,136,74,0,2.8680966e-09,3.8182527e-11,7.999675e-15,4.721825e-23,2.35066e-15,3.3675045e-11
540000,383,52,0,2.317887e-09,6.83143e-11,1.37480765e-11,3.3550863e-14,1.533913e-14,5.2216207e-11
540000,331,234,0,3.610722e-09,5.807477e-11,5.142465e-27,4.2e-44,1.2885516e-12,5.3992425e-11
540000,366,365,0,2.1978321e-09,7.02476e-12,1.7843546e-17,3.9558005e-29,2.6972335e-20,8.8817165e-12
540000,390,344,0,2.813923e-09,4.173772e-11,2.8225772e-11,1.3394728e-13,4.648474e-15,1.6324758e-11
540000,118,326,0,2.3637996e-09,1.6636132e-11,5.1991094e-15,6.9776173e-22,4.241319e-17,5.099799e-11
540000,331,445,0,2.0331625e-09,4.8352784e-11,1.3553061e-11,6.9913638e-15,3.8658498e-17,1.2132192e-10
540000,112,414,0,2.202794e-09,4.725343e-11,1.6432701e-13,1.0922419e-19,3.5319423e-13,1.5788844e-10
540000,337,254,0,3.8493666e-09,7.144871e-16,1.0588284e-28,0.0,0.0,2.9932442e-11
540000,225,357,0,2.6321632e-09,1.4470402e-11,4.098131e-11,4.224947e-13,1.2969456e-14,3.021401e-11
540000,292,102,0,2.573102e-09,1.3464369e-11,1.5697025e-12,8.2656704e-16,1.1519808e-16,1.9899415e-11
540000,355,76,0,2.474979e-09,3.47611e-11,3.909208e-11,2.522401e-13,1.6509514e-14,1.2283167e-11
540000,54,431,0,2.1613513e-09,5.02921e-11,1.4690756e-14,3.079763e-22,1.6393984e-15,1.812511e-10
540000,55,89,0,2.320256e-09,3.4014954e-11,6.362991e-17,3.9277277e-27,3.2926614e-19,6.761282e-11
540000,208,367,0,2.443513e-09,2.1562797e-11,1.02720655e-24,1.358e-42,1.0210613e-15,1.6682416e-11
540000,107,96,0,2.4560631e-09,1.2925243e-11,1.8494397e-13,1.07899746e-19,1.1059505e-18,8.019035e-11
540000,439,376,0,2.3753306e-09,3.2355417e-11,3.4749352e-13,1.0590478e-18,1.4187796e-11,1.3762677e-10
540000,193,55,0,2.1738145e-09,6.788425e-11,1.5558783e-19,1.590283e-32,1.4848629e-13,6.2227036e-11
540000,250,216,0,2.1689346e-09,2.6337182e-11,8.359617e-24,2.1138032e-38,2.629818e-11,4.6914608e-11
540000,335,273,0,2.6345979e-09,2.1233523e-12,5.5830648e-15,5.369147e-23,4.938865e-26,5.3888475e-13
540000,316,298,0,2.9388703e-09,1.9145846e-12,6.1423006e-24,0.0,5.040265e-27,4.1710797e-12
540000,331,365,0,2.5722582e-09,2.7422379e-11,5.47946e-25,1.4906e-41,1.461773e-14,9.054655e-12
540000,57,220,0,2.5556721e-09,1.9007694e-10,6.1672204e-12,4.832826e-15,5.7431104e-12,1.3244614e-10
540000,181,414,0,2.4993927e-09,1.2554408e-11,1.0684411e-12,1.1391066e-17,2.7274619e-19,2.5579424e-12
540000,161,126,0,2.2405127e-09,3.5255833e-11,6.3289305e-19,1.7243822e-31,1.6237603e-12,7.570191e-11
540000,203,419,0,2.8404425e-09,7.316103e-12,1.9049664e-14,3.6190116e-22,6.976726e-23,5.0632085e-11
540000,357,181,0,2.2928703e-09,1.1149621e-11,1.2589991e-31,0.0,1.4099605e-19,2.3349332e-13
540000,362,201,0,2.4988906e-09,1.4651617e-11,1.5654659e-23,3.264909e-39,1.7744698e-15,7.035983e-12
540000,207,141,0,2.0811226e-09,1.2897841e-13,2.8918505e-23,2.846686e-39,1.3103933e-32,1.3739717e-12
540000,112,271,0,2.4655178e-09,1.01425616e-13,1.34508615e-20,3.2488095e-35,3.8344696e-37,5.472183e-14
540000,406,408,0,2.4587972e-09,6.187136e-11,8.1657994e-14,4.4333682e-20,3.1315526e-15,9.332573e-12
540000,72,250,0,2.4327576e-09,2.1086816e-11,1.0209308e-10,3.915176e-12,4.3118672e-13,3.240528e-10
540000,148,262,0,2.518134e-09,6.998645e-12,1.5216007e-28,0.0,2.9424835e-22,1.2329348e-11
540000,118,124,0,2.2354085e-09,3.5130387e-13,1.537071e-20,1.3427017e-35,1.0914744e-32,8.571853e-13
540000,142,199,0,2.592242e-09,4.1999192e-11,3.0667537e-32,0.0,3.804162e-14,2.9528695e-11
540000,172,134,0,2.1374e-09,5.714255e-11,5.231345e-13,1.2000915e-17,1.4187823e-11,3.7006327e-13
540000,444,440,0,2.494515e-09,7.1364845e-11,9.606413e-12,7.528014e-15,3.3546155e-16,2.7610156e-10
540000,103,244,0,2.6029368e-09,1.3048226e-11,1.6110689e-22,1.9697883e-38,1.2988274e-17,1.995677e-12
540000,127,379,0,2.2845559e-09,2.6755436e-14,4.8845375e-14,4.9129803e-21,9.585906e-27,7.433988e-11
540000,195,246,0,4.2344306e-09,1.2279691e-11,1.00526e-40,0.0,1.9350393e-20,1.0482413e-11
540000,60,203,0,2.4871742e-09,4.814699e-11,4.280547e-14,1.4492043e-20,3.2865998e-16,6.533694e-11
540000,218,436,0,2.6978197e-09,8.680298e-11,5.9773323e-13,2.4566638e-18,8.479542e-14,1.1450002e-10
540000,291,129,0,2.5362303e-09,1.6687075e-11,7.678505e-15,1.2905527e-21,2.8703806e-19,5.4611207e-12
540000,342,417,0,2.0633302e-09,1.5221274e-11,8.205259e-11,1.901714e-11,8.748538e-12,5.2871867e-11
540000,268,359,0,2.2145474e-09,5.2053396e-12,1.4488667e-15,1.0293151e-22,6.8027825e-20,2.0189865e-12
540000,91,250,0,2.7504141e-09,3.8825748e-11,2.5374069e-13,1.9713437e-18,1.4292507e-16,3.3345434e-11
540000,404,352,0,2.6315035e-09,2.1708961e-11,2.654171e-15,8.800808e-23,5.7727956e-17,9.069923e-11
540000,296,281,0,2.3224456e-09,9.373403e-13,6.815577e-35,0.0,3.8143534e-28,7.2676205e-16
540000,310,434,0,2.9262361e-09,1.0645855e-10,9.904326e-15,7.6240733e-22,2.1538098e-13,4.0724514e-11
540000,416,352,0,2.4168099e-09,2.5227027e-12,6.753595e-11,2.4052674e-12,2.3875812e-13,6.3763536e-11
540000,413,427,0,2.1329776e-09,6.487412e-11,7.737225e-23,3.1055e-40,9.5283815e-17,3.6427293e-12
540000,75,333,0,2.3278295e-09,1.9656429e-17,6.2680204e-28,0.0,0.0,6.442512e-11
540000,256,231,0,2.2177573e-09,7.520069e-13,2.3438666e-21,1.4875636e-32,9.994602e-29,2.6191835e-11
540000,145,354,0,2.1301525e-09,2.1284694e-11,1.9724692e-14,5.4437587e-22,1.0210613e-15,5.9016826e-11
540000,223,161,0,2.586058e-09,1.883158e-13,1.9597167e-16,2.4399407e-24,3.0773872e-30,5.158299e-13
540000,382,283,0,2.61514e-09,1.9980564e-11,1.7352687e-20,6.8686624e-34,1.9182784e-18,5.1781445e-14
540000,366,124,0,2.2531377e-09,1.335745e-11,5.744032e-25,1.6981e-41,9.683595e-19,4.5778676e-11
540000,373,262,0,2.6797242e-09,8.971482e-12,1.8906255e-17,5.292517e-28,3.9017825e-20,3.4882756e-11
540000,440,176,0,2.3936695e-09,7.522894e-12,2.859128e-12,2.1717906e-16,1.1168988e-19,1.0464289e-11
540000,298,201,0,2.242301e-09,1.2906691e-15,2.123233e-39,0.0,3.032628e-38,4.2548392e-11
540000,394,171,0,2.4524698e-09,1.767224e-11,1.7197995e-12,1.821477e-16,1.8458433e-19,5.7946467e-11
540000,242,390,0,2.3918805e-09,4.7006673e-11,9.170047e-21,1.5220617e-35,6.3988575e-18,1.0463998e-10
540000,95,408,0,2.349954e-09,3.6271135e-11,7.3481195e-12,1.4740687e-14,2.2373005e-14,1.6361777e-10
540000,350,259,0,2.7161113e-09,2.3790692e-13,5.2613248e-24,1.69462e-40,3.2334602e-32,1.1099176e-11
540000,414,307,0,3.2005738e-09,1.8170023e-11,1.3454305e-18,7.3691504e-30,3.8927384e-16,7.9195574e-11
540000,304,336,0,3.222978e-09,9.501079e-15,1.9289526e-22,9.665604e-38,1.391484e-39,4.1305352e-13
540000,422,329,0,2.9446874e-09,2.0545888e-11,5.153255e-17,1.5957682e-26,1.0472847e-16,1.9767665e-11
540000,211,434,0,3.1027219e-09,2.8788827e-11,7.1929992e-12,2.5183314e-15,3.9853456e-17,1.7617914e-10
540000,302,89,0,2.5038125e-09,3.694228e-11,2.994606e-23,1.57215e-39,1.1736341e-11,6.590583e-11
540000,97,161,0,2.032532e-09,3.9507952e-11,3.747078e-16,1.0317548e-25,1.6447428e-14,5.4661234e-11
540000,275,175,0,2.3729667e-09,2.0826155e-11,1.53032825e-33,0.0,1.0597328e-16,1.1661253e-10
540000,285,302,0,2.6794271e-09,3.2772316e-12,5.0480322e-18,1.5105365e-28,3.7265717e-23,4.3535228e-11
540000,58,284,0,2.2304218e-09,5.667071e-11,1.2824664e-18,1.2793935e-31,2.885071e-10,4.552428e-11
540000,151,54,0,2.0548478e-09,2.2513068e-11,2.8991336e-12,1.3997947e-16,2.5687765e-18,9.780325e-11
540000,355,192,0,2.3663085e-09,1.1049926e-11,1.0820019e-31,0.0,1.1059093e-18,4.3630665e-11
540000,419,109,0,2.2643623e-09,5.781998e-12,1.7290556e-11,6.7625627e-14,8.5934515e-16,4.482002e-12
540000,218,421,0,2.4790698e-09,2.8597371e-11,4.8544285e-12,2.2658354e-15,5.174408e-16,7.996957e-11
540000,267,256,0,2.6141003e-09,1.0949379e-11,0.0,0.0,1.822553e-18,3.390087e-15
540000,356,276,0,2.9221097e-09,1.191097e-14,8.317715e-20,3.9258746e-32,2.0662e-41,4.7456906e-13
540000,278,382,0,2.1996351e-09,1.0252582e-11,1.3602915e-19,1.784405e-33,9.884323e-20,5.2195945e-11
540000,79,275,0,3.7139873e-09,4.440767e-11,6.934418e-19,2.0078237e-30,4.838711e-15,3.4959657e-11
540000,251,402,0,2.3554334e-09,3.7324952e-11,1.2661245e-22,1.2658545e-36,1.3160906e-15,4.272481e-11
540000,244,309,0,2.1364244e-09,5.3290188e-11,7.085882e-32,0.0,3.3332265e-15,1.1787016e-15
540000,353,63,0,2.54315e-09,8.855144e-12,1.4685376e-11,4.550046e-14,4.96858e-16,1.8086488e-10
540000,160,296,0,2.2154372e-09,3.5975306e-11,2.6865134e-25,3.907e-42,8.043038e-12,9.531729e-14
540000,401,116,0,2.735862e-09,9.76277e-13,8.1217325e-11,4.897484e-11,8.152301e-11,1.0366131e-11
540000,178,102,0,2.4610727e-09,2.7498465e-15,3.3424314e-17,2.479146e-27,9.81344e-35,1.9185679e-11
540000,435,255,0,2.3443811e-09,1.3112004e-11,2.399222e-12,8.052061e-16,2.4986345e-18,2.2825156e-10
540000,118,286,0,2.5869076e-09,2.6174078e-12,4.533204e-16,8.522084e-26,7.081755e-23,4.3119796e-12
540000,296,336,0,4.2152486e-09,4.1704077e-18,1.6801503e-29,0.0,0.0,2.98485e-12
540000,236,171,0,2.1626867e-09,2.654315e-17,6.5889985e-32,0.0,0.0,5.0812007e-12
540000,100,257,0,2.9942397e-09,3.2571796e-11,4.4146443e-21,5.200778e-35,2.5029815e-15,2.0947892e-13
540000,123,431,0,2.07065e-09,5.7614235e-12,9.489862e-12,9.864936e-15,6.9942263e-17,1.3766198e-11
540000,99,253,0,3.1196143e-09,1.8920808e-11,4.0407054e-19,1.4749901e-31,2.0115509e-19,4.7599115e-13
540000,141,447,0,2.1075497e-09,9.250688e-11,7.313618e-11,3.3297965e-12,4.087477e-13,1.5439218e-10
540000,77,210,0,2.5700853e-09,3.2893122e-11,9.394189e-13,2.2873569e-17,9.572769e-18,3.3566244e-11
540000,325,257,0,2.526929e-09,5.457438e-12,1.4035743e-33,0.0,1.3865467e-21,3.527487e-13
540000,378,59,0,2.5573177e-09,2.034741e-11,6.726217e-16,4.340155e-25,3.1204614e-17,9.836588e-11
540000,265,128,0,2.5870452e-09,2.9092189e-11,1.4677316e-22,2.660622e-39,1.621406e-12,1.5323517e-10
540000,445,242,0,2.1055166e-09,1.5638647e-11,3.9383134e-13,8.4658394e-19,2.882304e-19,1.6744692e-11
540000,434,420,0,2.8337532e-09,8.35618e-12,2.3989296e-13,4.9498997e-18,5.4450396e-21,1.2897747e-10
540000,397,284,0,2.4621065e-09,4.179954e-11,1.5647804e-24,2.52e-43,1.7824901e-11,7.818852e-11
540000,72,125,0,2.101483e-09,1.2332833e-11,2.5811628e-17,8.339191e-27,3.5725258e-16,1.1526031e-10
540000,163,193,0,2.133535e-09,4.8427415e-11,5.261968e-36,0.0,2.465793e-14,3.5067272e-11
540000,336,341,0,2.7815779e-09,1.8513423e-11,2.5874306e-23,4.6620712e-38,6.316194e-19,9.888535e-13
540000,343,297,0,2.1302022e-09,1.1730582e-12,6.1718696e-21,1.7788683e-33,9.710505e-28,5.3672243e-14
540000,419,155,0,2.5368978e-09,1.1166312e-11,8.615736e-16,9.08897e-25,2.1982929e-18,1.7733858e-11
540000,135,211,0,2.4263371e-09,4.023981e-11,6.115106e-20,1.998222e-31,1.5513852e-14,1.0247631e-14
540000,438,338,0,2.500821e-09,7.298201e-12,8.9489195e-23,2.7012844e-37,8.969528e-22,9.113911e-11
540000,181,220,0,3.2099265e-09,2.9897683e-13,1.2861e-41,0.0,3.143747e-34,6.996254e-14
540000,147,303,0,2.44666e-09,1.6333576e-13,5.0515715e-23,3.994339e-37,6.024263e-26,2.9373802e-11
540000,275,325,0,2.394109e-09,6.179257e-17,5.866112e-33,0.0,0.0,9.847032e-12
540000,309,313,0,2.476158e-09,1.831971e-15,2.186666e-39,0.0,2.445e-42,4.3522052e-12
540000,370,74,0,2.7018712e-09,5.7877258e-12,1.2188725e-14,2.2700692e-20,2.4850574e-24,1.7278665e-10
540000,73,291,0,2.41536e-09,2.014546e-11,2.8996616e-22,9.272727e-38,8.225322e-17,9.538074e-12
540000,376,146,0,2.3071633e-09,2.3713206e-12,1.7834237e-13,9.895851e-19,7.9206475e-23,8.308762e-11
540000,136,179,0,2.5658735e-09,2.7163537e-11,5.4008007e-37,0.0,5.593276e-17,8.3641635e-11
540000,411,339,0,3.2841454e-09,3.1218785e-11,6.4412803e-14,5.0637406e-20,2.6149754e-15,3.494793e-11
540000,287,442,0,2.1829039e-09,2.6311984e-11,6.810907e-12,4.8756373e-15,2.2892468e-17,2.6023118e-11
540000,85,416,0,2.8191576e-09,1.5736008e-11,1.8415697e-15,2.0100407e-24,3.279885e-18,6.858592e-11
540000,219,315,0,2.2948041e-09,4.6923642e-11,1.8230428e-14,5.18361e-20,1.0094335e-15,2.485731e-14
540000,136,369,0,2.6635383e-09,1.10180785e-13,8.180533e-11,8.7892e-13,2.7713454e-14,4.1972206e-13
540000,434,138,0,2.4941778e-09,4.7820605e-11,4.579245e-19,3.557215e-29,1.4769375e-11,8.776931e-11
540000,113,237,0,2.4367417e-09,3.2326135e-11,7.2788234e-27,0.0,4.362822e-17,5.3643513e-12
540000,428,53,0,2.203928e-09,9.116849e-11,8.222009e-12,1.788439e-15,2.244088e-10,1.2150131e-10
540000,189,112,0,2.1124273e-09,4.979392e-13,1.26366595e-17,3.0309546e-27,3.781475e-32,6.322466e-11
540000,73,165,0,2.0558761e-09,2.6474972e-11,1.9717704e-14,3.595425e-19,5.672467e-16,9.8180415e-11
540000,124,246,0,2.3481013e-09,3.391298e-11,1.0934904e-24,1.57e-43,8.7972984e-14,2.5309813e-11
540000,235,342,0,2.3199822e-09,2.2082728e-11,4.178096e-15,9.730893e-23,1.3159503e-14,3.825741e-12
540000,142,319,0,2.468349e-09,1.5551742e-13,2.0037897e-12,6.57851e-17,1.5723164e-20,7.8607454e-11
540000,264,203,0,2.4978801e-09,1.6237291e-12,0.0,0.0,1.02117965e-23,2.1890146e-11
540000,255,352,0,2.1036703e-09,3.019593e-11,9.6310564e-27,0.0,4.886136e-17,5.522361e-11
540000,432,157,0,2.4085287e-09,3.925749e-11,5.064276e-11,7.850936e-13,4.3514592e-13,6.8975194e-11
540000,203,241,0,3.1427363e-09,2.36303e-12,2.1918941e-30,0.0,3.3649465e-24,5.6907555e-13
540000,204,289,0,2.395232e-09,6.671843e-12,4.0295995e-35,0.0,1.0683936e-22,8.6809764e-13
540000,108,392,0,2.5201972e-09,2.4892095e-11,1.0954378e-11,1.27806286e-14,4.6523407e-17,3.4903726e-11
540000,420,316,0,3.684606e-09,5.2360746e-12,2.814263e-18,3.9611997e-31,1.1009763e-22,1.0105896e-10
540000,327,191,0,2.4835145e-09,4.7125386e-14,1.9847969e-23,3.268913e-39,5.851238e-37,2.0702062e-11
540000,178,293,0,2.2231896e-09,1.4546013e-11,5.759724e-15,1.810312e-21,1.1634395e-19,2.177831e-11
540000,340,111,0,3.5482224e-09,8.29758e-13,2.9144176e-26,6e-45,2.5409594e-29,6.8783054e-13
540000,154,75,0,2.210047e-09,4.0369014e-11,4.4493887e-13,1.1608314e-18,2.9252187e-11,1.2756932e-10
540000,380,166,0,2.7954903e-09,1.2082699e-11,4.822759e-13,4.4317636e-18,1.3016603e-18,1.07095256e-10
540000,368,251,0,2.982628e-09,4.5219358e-12,2.954337e-21,3.1199478e-36,1.56828e-23,5.261243e-11
540000,257,424,0,2.1076931e-09,6.135225e-11,5.6313634e-19,1.2048446e-31,7.143806e-14,6.407891e-11
540000,310,390,0,2.4695948e-09,4.3931376e-11,1.42022765e-11,3.9267343e-14,8.752929e-15,2.771132e-11
540000,88,281,0,3.1240928e-09,2.8889606e-12,5.233372e-12,9.941287e-16,8.886649e-19,8.882872e-12
540000,345,97,0,2.5135383e-09,2.7889031e-11,4.1965722e-20,2.661258e-31,1.649401e-14,1.1923938e-10
540000,145,207,0,2.477391e-09,9.123456e-12,1.5008182e-26,0.0,1.7632621e-19,2.118555e-11
540000,336,378,0,2.2902982e-09,5.219481e-11,5.0101386e-14,8.98529e-21,1.8813323e-13,5.4482537e-11
540000,336,130,0,2.2179962e-09,6.1470577e-12,4.73722e-40,0.0,1.952895e-22,3.654984e-11
540000,378,174,0,2.8323248e-09,3.263193e-11,4.4840772e-15,2.9124192e-23,1.2910841e-13,3.9100768e-11
540000,290,251,0,2.586516e-09,4.5972544e-12,0.0,0.0,3.1110106e-23,9.5548205e-12
540000,325,92,0,3.4521546e-09,1.9249823e-13,3.245313e-12,8.501879e-16,1.894421e-18,9.404086e-11
540000,363,209,0,2.5033087e-09,3.4291495e-12,1.8906255e-17,5.292517e-28,4.0757544e-24,6.069095e-14
540000,56,262,0,2.9950613e-09,1.7604425e-11,3.0333647e-16,2.3780224e-25,2.3106604e-20,2.5130942e-11
540000,211,173,0,2.3544398e-09,2.5028596e-11,4.515873e-25,6e-44,1.2755643e-16,2.9334302e-11
540000,296,329,0,3.863916e-09,1.1605956e-18,2.6564721e-34,0.0,0.0,7.8517616e-11
540000,123,224,0,2.865407e-09,2.2806613e-11,8.011865e-17,1.0419462e-26,2.65099e-19,2.3757806e-11
540000,84,390,0,2.426227e-09,4.2881587e-11,1.2393414e-12,1.1502223e-17,4.0664293e-14,1.7510284e-10
540000,165,174,0,2.0634168e-09,7.877429e-12,1.3859778e-36,0.0,1.0203216e-22,1.6210185e-10
540000,272,234,0,2.2300841e-09,2.3040868e-12,6.25964e-40,0.0,3.1580817e-26,5.3131406e-11
540000,104,340,0,2.2709579e-09,5.409368e-12,6.686034e-18,1.1393641e-28,6.837421e-24,6.4227006e-11
540000,179,347,0,2.1893336e-09,3.3599087e-13,6.4348084e-18,4.6885922e-29,3.1875143e-32,1.244584e-12
540000,156,239,0,2.1319184e-09,2.982301e-12,4.0861015e-27,0.0,1.03886335e-24,2.4341156e-11
540000,183,284,0,2.2349507e-09,3.4751783e-13,3.8499385e-23,2.7771082e-38,1.0987399e-29,8.793847e-12
540000,373,349,0,2.1682443e-09,1.0733664e-11,2.2894677e-14,2.9878723e-21,1.061097e-21,1.1636753e-12
540000,415,313,0,3.4179723e-09,1.0734333e-12,7.719253e-20,3.991588e-34,1.8827492e-26,4.231901e-12
540000,152,340,0,2.1143207e-09,2.7096983e-11,8.0867236e-13,1.3455215e-16,3.2962985e-13,2.2135718e-12
540000,330,329,0,2.969152e-09,1.8825607e-12,3.9259268e-26,6e-45,1.3315222e-26,1.2709781e-12
540000,321,107,0,2.8762985e-09,1.1667706e-11,2.903254e-22,1.6397248e-37,2.029441e-16,4.7567558e-11
540000,297,382,0,2.5064402e-09,7.2561883e-12,1.1511989e-16,4.27278e-27,1.4130253e-23,8.22426e-11
540000,174,224,0,2.648794e-09,6.06135e-12,4.1728e-41,0.0,2.4924166e-23,5.5223e-13
540000,290,325,0,4.2747286e-09,9.109864e-16,1.52502e-40,0.0,3.74e-43,7.369238e-12
540000,191,351,0,2.3134958e-09,1.4159602e-13,3.2452447e-27,4e-45,1.06287604e-32,4.305396e-11
540000,103,226,0,2.436166e-09,2.9733507e-11,1.2173792e-22,2.7781412e-37,3.4767825e-19,4.6433295e-11
540000,85,209,0,2.3813835e-09,4.9632246e-11,3.3963065e-16,2.1303334e-25,2.9083178e-14,8.1191e-12
540000,132,332,0,2.2249844e-09,1.28829395e-11,4.9529257e-21,7.131366e-36,1.8542043e-20,1.0303839e-11
540000,197,243,0,4.0612447e-09,6.8261317e-12,1.7139321e-37,0.0,9.0329584e-23,2.356757e-11
540000,187,70,0,2.3776843e-09,3.4659393e-12,3.790513e-19,1.0252792e-30,1.8162242e-25,5.1360843e-11
540000,54,316,0,2.1547302e-09,7.7404515e-12,1.7444397e-18,2.4230023e-30,9.456982e-23,5.0185793e-11
540000,384,248,0,2.3561169e-09,7.570124e-12,8.007034e-21,8.882306e-34,2.2975351e-21,2.3042089e-11
540000,388,319,0,2.5527398e-09,6.4576746e-15,1.1125803e-15,4.4422104e-25,7.690344e-33,5.910579e-11
540000,138,150,0,2.635581e-09,3.6947057e-13,1.3781799e-14,4.197049e-20,6.0704156e-24,2.4330472e-11
540000,94,432,0,2.121484e-09,3.5656093e-11,4.4538775e-19,3.0356544e-29,1.07470734e-13,8.4814364e-11
540000,336,257,0,4.4998796e-09,7.339716e-15,3.2542407e-27,0.0,2.305e-42,2.3559422e-11
540000,68,192,0,2.9055316e-09,4.139532e-11,4.835086e-16,1.0229794e-24,8.707937e-15,8.722514e-11
540000,299,147,0,2.0817683e-09,8.121103e-12,1.2250819e-15,9.237546e-25,1.2107153e-19,2.3044877e-11
540000,55,225,0,2.4760696e-09,1.4956379e-10,6.8033155e-13,4.0083743e-17,2.9443932e-09,1.7919762e-10
540000,137,373,0,2.680089e-09,7.107644e-15,2.1267701e-11,6.081351e-14,5.8998666e-16,7.1843334e-12
540000,324,416,0,2.163965e-09,5.856428e-11,6.775132e-13,4.008367e-17,6.311188e-14,5.60304e-11
540000,191,327,0,3.2425107e-09,4.035546e-15,2.9120243e-30,0.0,2.1521185e-38,3.1641807e-14
540000,327,87,0,3.5520522e-09,3.1858097e-12,2.4302104e-13,7.3628127e-19,4.0932178e-23,4.172144e-11
540000,271,73,0,2.042895e-09,3.0336834e-11,3.6400312e-16,6.888389e-23,6.1276396e-14,4.551749e-11
540000,325,60,0,2.3344837e-09,1.5250016e-13,1.1292664e-18,3.812541e-30,2.099442e-37,1.9145883e-10
540000,87,183,0,2.1569244e-09,8.005475e-11,6.6395765e-12,1.0546273e-14,1.532812e-12,1.3433995e-11
540000,61,100,0,2.5181501e-09,5.86576e-11,1.9161014e-15,5.318191e-23,3.9179648e-14,4.2485848e-11
540000,78,193,0,2.475621e-09,9.117203e-11,3.3921655e-16,5.956195e-25,1.7836338e-11,2.0146956e-10
540000,198,370,0,2.3598792e-09,1.4366122e-11,1.588791e-33,0.0,1.0396792e-18,5.8791954e-14
540000,365,248,0,2.7808178e-09,2.2196193e-11,2.5651193e-17,4.171069e-28,3.3953045e-14,1.2561112e-11
540000,362,87,0,2.4001663e-09,1.21367005e-11,5.924973e-14,7.312263e-21,1.3030462e-20,1.5914088e-10
540000,215,62,0,2.2033833e-09,6.975546e-11,7.4378095e-18,4.4806628e-29,1.0386052e-14,6.5688926e-13
540000,194,265,0,2.246778e-09,6.4426155e-13,3.254151e-27,0.0,7.294007e-29,2.1751169e-14
540000,421,304,0,2.8186038e-09,1.4427235e-11,7.657639e-14,1.248705e-19,1.0943863e-19,3.2529854e-10
540000,337,208,0,2.670296e-09,1.0037337e-15,2.8803184e-12,3.1989237e-16,2.4709914e-19,3.1143872e-11
540000,298,431,0,2.48048e-09,4.8230805e-11,3.0589108e-14,2.4786236e-20,1.4141463e-16,6.085065e-11
540000,56,375,0,2.0071118e-09,1.4727477e-12,3.4221778e-11,4.7990816e-13,1.8510053e-14,5.1477232e-11
540000,130,263,0,2.6079456e-09,4.8029367e-12,2.0174224e-19,1.6825492e-31,7.6703255e-21,4.293194e-17
540000,123,116,0,2.2504953e-09,1.2898588e-12,2.0077127e-21,2.5701363e-37,4.8408808e-27,1.2596177e-10
540000,322,97,0,3.0768117e-09,1.798268e-12,5.0560146e-15,1.3084253e-22,2.5502255e-27,9.948102e-11
540000,277,297,0,2.6472187e-09,2.3442016e-15,3.6446436e-11,5.897843e-13,4.8528774e-14,7.268185e-12
540000,364,170,0,2.2746798e-09,1.3029734e-11,3.3412866e-24,1.104e-42,5.910661e-17,3.0746662e-11
540000,163,320,0,2.532101e-09,1.1868423e-11,5.187454e-20,9.570125e-33,4.7783238e-18,2.2051239e-12
540000,294,266,0,2.4594016e-09,4.7122344e-15,0.0,0.0,3.488039e-39,1.1545488e-17
540000,388,286,0,2.6947085e-09,1.0196046e-10,1.7000035e-22,6.799457e-37,4.759092e-13,4.4001752e-14
540000,405,345,0,2.9480374e-09,4.972223e-11,1.0191885e-11,5.9288266e-15,7.191614e-14,3.8360103e-11
540000,326,282,0,3.2843017e-09,1.0405317e-11,3.0512025e-19,2.4199532e-30,3.017951e-19,9.432616e-14
540000,139,75,0,2.8512113e-09,1.9746201e-11,5.357006e-13,1.8391772e-18,1.6874351e-21,7.661817e-11
540000,121,57,0,2.5504736e-09,2.817663e-11,8.4599126e-16,2.169666e-25,1.9571887e-17,1.31579235e-11
540000,420,320,0,3.6285648e-09,4.3298462e-11,7.557848e-21,1.7083022e-36,4.5434585e-15,9.7343265e-11
540000,99,66,0,2.3786553e-09,3.3686783e-11,9.992461e-19,3.8273483e-30,5.1354407e-13,7.5932725e-11
540000,412,276,0,2.2773297e-09,7.900174e-11,8.731086e-13,7.350883e-17,2.5892897e-09,5.229456e-13
540000,339,358,0,2.453541e-09,2.7889477e-11,1.2154908e-29,0.0,9.851639e-13,2.7312848e-12
540000,387,274,0,2.4541984e-09,3.583842e-11,1.6482849e-13,8.531378e-19,2.0708697e-13,6.9095854e-11
540000,289,134,0,2.5171703e-09,1.3025384e-11,2.0105861e-12,8.102883e-17,3.1948118e-18,1.5379673e-11
540000,336,222,0,2.4858544e-09,9.455326e-12,2.405334e-17,1.717276e-27,3.4647866e-19,1.3751212e-11
540000,220,165,0,2.6426676e-09,7.878666e-12,5.3840834e-20,2.4446674e-31,4.592949e-21,7.7488155e-12
540000,145,269,0,2.7385945e-09,9.606066e-13,5.8811852e-24,4.631e-42,2.7878542e-26,1.0768785e-12
540000,435,333,0,2.706844e-09,3.677062e-12,2.594279e-22,5.5876535e-38,1.9822716e-23,3.1513223e-11
540000,426,321,0,3.298795e-09,3.284015e-12,4.941201e-19,1.984644e-31,4.5624377e-25,9.2024686e-11
540000,282,294,0,2.7228322e-09,1.20651305e-14,7.374079e-15,6.447616e-22,2.7245856e-27,4.3100246e-12
540000,325,84,0,3.4768692e-09,4.8151513e-12,1.578384e-14,1.1245725e-21,7.432218e-24,2.6810726e-11
540000,88,418,0,2.8213318e-09,9.807309e-12,1.3273659e-14,1.4071055e-20,3.0453194e-24,5.7238724e-11
540000,265,402,0,2.312139e-09,5.666597e-12,1.7745583e-12,2.0530997e-16,1.783221e-19,1.1736331e-10
540000,323,357,0,2.306081e-09,3.0031636e-13,1.4831354e-18,1.086301e-29,7.201883e-32,9.7948864e-14
540000,293,324,0,4.150949e-09,8.7894894e-16,5.9569e-41,0.0,0.0,7.0034313e-12
540000,277,366,0,2.2085735e-09,1.6965364e-12,4.668234e-16,2.0981174e-24,1.2431484e-23,1.7244884e-12
540000,223,104,0,2.0664455e-09,1.1889267e-11,4.4092035e-19,4.068393e-30,5.3741125e-21,3.5963007e-11
540000,294,89,0,2.5843199e-09,4.7910582e-11,2.9025682e-17,1.3510317e-26,1.7737585e-12,2.7322436e-11
540000,226,130,0,2.8520755e-09,3.7318477e-18,2.9980148e-22,2.4967392e-38,0.0,1.1625387e-11
540000,219,387,0,2.044281e-09,3.7225428e-14,9.1700475e-21,1.5220617e-35,9.126633e-39,7.733899e-11
540000,104,275,0,2.5319062e-09,2.9616461e-12,1.6706312e-20,3.457305e-35,1.898563e-27,1.5935564e-11
540000,224,227,0,2.1654387e-09,8.926675e-12,1.822424e-14,1.6088217e-20,5.485141e-18,1.015209e-14
540000,64,251,0,2.5232694e-09,1.1869263e-10,1.5183394e-11,5.9489496e-14,9.71123e-12,4.3950572e-11
540000,91,307,0,2.1058353e-09,3.4104412e-12,1.5134765e-11,5.5805082e-14,6.591742e-16,3.688425e-12
540000,354,132,0,2.3146873e-09,2.1303835e-11,4.6713578e-24,9e-43,4.2866855e-15,1.6301764e-13
540000,420,225,0,2.0910034e-09,1.7992456e-11,1.9028475e-12,7.051996e-17,2.4126183e-20,3.288085e-11
540000,324,374,0,2.5436468e-09,3.9066212e-11,8.340461e-18,1.5717396e-28,1.6452192e-14,4.075799e-11
540000,65,425,0,2.221053e-09,1.14045925e-10,8.852e-21,9.437064e-36,1.0565832e-12,9.676215e-11
540000,388,441,0,2.4040756e-09,6.699141e-11,3.2180633e-11,3.884288e-13,1.8650026e-14,1.7516798e-10
540000,137,418,0,2.0713424e-09,4.3754774e-11,1.2932598e-11,2.594688e-14,8.821484e-14,5.3668802e-11
540000,439,315,0,2.7542066e-09,4.682972e-12,5.0285997e-17,1.8587305e-28,2.3277171e-23,3.4288963e-10
540000,73,303,0,2.2901496e-09,2.9111455e-12,3.75489e-21,5.470057e-34,1.00715954e-23,4.862272e-11
540000,355,97,0,2.6079525e-09,1.0511645e-11,8.2804146e-20,5.719337e-32,6.462069e-20,1.01895936e-10
540000,115,98,0,2.535786e-09,4.086224e-12,2.2126112e-11,1.0233437e-13,1.2002715e-15,1.1163475e-11
540000,184,444,0,2.0375521e-09,6.203879e-11,5.8639702e-18,8.1716414e-27,1.6479646e-14,4.74279e-11
540000,376,74,0,2.8188298e-09,1.0632526e-11,5.199599e-15,6.977618e-22,5.282221e-19,8.020913e-11
540000,199,167,0,2.3304711e-09,2.2264504e-12,8.870056e-23,7.9032746e-38,4.576004e-25,1.1264592e-10
540000,98,361,0,2.2898214e-09,6.9623994e-12,4.122195e-16,1.1332377e-24,1.3140648e-21,8.679859e-11
540000,326,325,0,2.8870657e-09,1.136648e-13,4.584631e-27,0.0,5.901586e-34,2.0429025e-14
540000,447,421,0,2.4243816e-09,6.798099e-11,1.230146e-16,3.260593e-22,7.89083e-14,9.754729e-12
540000,329,146,0,2.1033177e-09,1.1202627e-11,6.46196e-40,0.0,2.0779369e-19,8.526201e-12
540000,143,183,0,2.4578957e-09,4.9869598e-11,3e-45,0.0,2.4955826e-10,5.0953748e-11
540000,202,283,0,2.453816e-09,5.2579117e-12,7.609716e-38,0.0,1.1498438e-24,1.07943e-11
540000,145,148,0,2.4838793e-09,1.23376205e-11,4.2038805e-21,9.415145e-33,1.0445223e-19,1.1169658e-12
540000,317,381,0,2.5504097e-09,2.7819358e-11,1.2509943e-13,5.1313522e-20,2.5496195e-16,1.6010073e-11
540000,371,379,0,2.4316829e-09,6.228674e-12,5.351844e-13,1.6259708e-18,4.2121228e-23,1.6601269e-10
540000,127,60,0,3.0549854e-09,7.389813e-11,2.2166878e-12,3.5603646e-16,9.861104e-13,5.4776246e-11
540000,126,297,0,2.3176e-09,5.0227547e-13,1.0691027e-20,3.5243855e-33,1.0804503e-27,7.898681e-11
540000,386,342,0,2.739193e-09,1.3984278e-11,2.823512e-11,1.3394728e-13,3.1906414e-15,4.64914e-11
540000,315,230,0,2.1370496e-09,5.8205346e-12,1.5395505e-31,0.0,2.758251e-21,1.4692617e-15
540000,231,119,0,2.2808535e-09,1.137375e-13,8.314486e-21,2.5378422e-33,2.033796e-28,1.2411575e-10
540000,121,404,0,2.2346256e-09,3.4934153e-11,1.8783998e-13,7.2611594e-20,5.440037e-16,1.2686267e-10
540000,411,95,0,2.319607e-09,1.4939062e-11,5.2444243e-17,6.7345295e-23,2.3202402e-21,8.263832e-11
540000,231,331,0,2.4596447e-09,2.6341833e-13,1.9664695e-23,9.211714e-37,1.0089781e-29,1.5901798e-14
540000,58,107,0,2.3456044e-09,5.995024e-11,3.777876e-14,3.2109093e-20,1.712615e-14,1.8054828e-10
540000,194,90,0,2.0964699e-09,6.3274134e-12,3.730917e-22,8.007535e-39,1.7356399e-22,2.8535485e-11
540000,341,233,0,2.5677855e-09,1.1528365e-11,3.9808503e-21,1.8813302e-35,1.1432976e-21,5.5455692e-11
540000,359,106,0,2.600257e-09,2.3384366e-11,1.6497903e-27,0.0,4.4638905e-18,3.9777565e-10
540000,405,304,0,2.780534e-09,2.536045e-12,8.4302157e-26,3.87e-43,9.950451e-27,6.293225e-13
540000,132,253,0,2.4688482e-09,4.7333863e-11,3.134787e-27,1e-45,7.905505e-13,6.525785e-14
540000,126,223,0,2.8299572e-09,2.7570553e-11,3.1489729e-15,1.1880561e-23,7.556565e-19,1.0226195e-11
540000,136,144,0,2.5294304e-09,2.985794e-12,1.4646114e-15,1.6711057e-23,1.9597163e-26,2.5390795e-11
540000,82,276,0,3.778352e-09,9.5234836e-12,2.5433863e-17,1.6459083e-28,4.0272117e-22,1.0392128e-11
540000,344,328,0,2.3919067e-09,5.222602e-12,1.2260956e-24,8.9e-43,1.1680554e-24,2.2404426e-11
540000,109,221,0,2.4532927e-09,1.2902543e-11,4.650319e-22,2.7094207e-37,4.770393e-20,3.1543653e-14
540000,411,66,0,2.0496438e-09,3.474019e-11,5.1919315e-17,7.74119e-26,1.8068403e-12,1.3001358e-10
540000,435,180,0,2.3971483e-09,1.2503842e-12,9.000962e-16,9.038129e-24,1.8788868e-27,1.1953187e-10
540000,129,183,0,2.4743876e-09,3.4655025e-11,2.3285043e-37,0.0,1.2820479e-12,7.942189e-12
540000,168,152,0,2.068857e-09,3.5258303e-11,4.597038e-24,2.982e-42,8.400178e-16,5.3819012e-11
540000,401,103,0,3.1666674e-09,1.5432598e-11,6.053022e-17,4.4334325e-26,1.3093194e-15,2.8123904e-11
540000,287,82,0,2.2957765e-09,2.3705685e-11,1.1671538e-17,4.9342784e-27,1.0989252e-16,1.94071e-10
540000,100,131,0,2.04488e-09,2.6630274e-11,2.2886762e-11,1.2368763e-13,1.5726294e-15,1.9795702e-11
540000,422,290,0,2.212343e-09,4.036267e-11,7.869768e-20,9.275615e-34,7.28286e-17,5.1497313e-11
540000,313,403,0,2.2028666e-09,3.378465e-11,1.6881337e-15,3.1999767e-23,1.4262125e-16,7.408027e-11
540000,332,234,0,3.6456722e-09,5.85642e-11,5.822306e-27,9.4e-44,1.702532e-13,7.88215e-11
540000,172,101,0,2.41749e-09,1.8113707e-17,5.2298926e-13,2.4963655e-18,1.5448343e-22,1.0206362e-10
540000,386,433,0,2.9231872e-09,5.058454e-11,1.686318e-12,1.8214639e-16,2.5394658e-14,9.628837e-12
540000,330,69,0,2.3821678e-09,7.5513695e-13,4.434072e-15,1.776921e-23,2.835021e-30,2.190917e-11
540000,410,162,0,2.472546e-09,6.3378414e-11,2.5886744e-22,3.7422628e-37,2.406009e-09,5.533774e-12
540000,97,72,0,2.3796392e-09,4.4853468e-11,1.5217535e-18,6.303039e-31,5.045112e-17,1.1051431e-10
540000,111,305,0,2.273228e-09,5.29285e-15,2.5856333e-21,7.029766e-35,3.30521e-40,5.981928e-11
540000,303,444,0,2.326721e-09,6.211274e-11,6.9417024e-12,1.2127828e-14,1.1093884e-14,3.6901284e-11
540000,218,134,0,7.996618e-10,2.2719089e-09,1.6598274e-21,8.030597e-35,4.1188084e-09,7.3886584e-11
540000,263,449,0,3.309234e-11,2.3622824e-09,6.851142e-13,2.9577048e-18,4.1454977e-09,2.4211551e-11
540000,353,446,0,6.2471903e-12,2.3281035e-09,9.442658e-17,1.4777047e-27,4.1188963e-09,9.296529e-11
540000,429,390,0,7.8308214e-11,2.3106388e-09,1.0780475e-14,7.989241e-23,4.1205213e-09,6.708724e-11
540000,393,424,0,1.2298408e-09,3.5044523e-11,1.238843e-20,2.3020936e-35,4.9384754e-17,4.0718963e-11
540000,102,314,0,3.0754504e-10,5.6728705e-11,7.080235e-18,1.89367e-27,3.1209223e-15,4.969285e-12
540000,102,121,0,2.488238e-10,1.9452393e-11,6.40839e-14,1.4420959e-20,1.1414044e-18,2.0811148e-11
540000,2,160,0,-5.818424e-13,6.6094122e-12,1.878702e-12,1.2291545e-16,4.0449368e-20,1.00771336e-10
540000,228,458,0,3.024225e-11,3.8821016e-11,4.3634692e-12,2.4064148e-16,6.1861394e-16,2.7081568e-11
540000,76,453,0,6.9911535e-11,3.7167193e-11,2.0940999e-11,6.0812134e-14,3.6556447e-15,3.4374868e-11
540000,16,482,0,-1.6412802e-12,1.481443e-10,2.719977e-14,3.015995e-21,4.340207e-12,1.879362e-10
540000,134,304,0,5.7387795e-10,1.9813973e-11,8.7389256e-27,0.0,7.1344586e-17,7.408451e-12
540000,483,15,0,-1.9996977e-12,1.166875e-10,1.2277703e-13,1.8116428e-18,3.4371707e-11,2.6616048e-10
540000,65,283,0,7.2693773e-10,2.8441947e-11,3.682468e-23,2.04329e-40,4.7777432e-20,2.436657e-11
540000,34,91,0,2.9728157e-11,2.3882974e-11,4.828641e-12,2.2658345e-15,7.008797e-17,2.014478e-10
540000,337,324,0,9.423274e-10,1.7583083e-12,8.280575e-33,0.0,2.220538e-24,6.200091e-12
540000,262,251,0,5.67044e-10,7.660656e-12,1.689e-42,0.0,1.8221567e-18,4.233807e-15
540000,122,164,0,1.09141335e-10,2.3765932e-11,9.176842e-19,2.440264e-31,1.1934304e-17,2.16018e-11
540000,213,346,0,8.86623e-10,6.2875166e-13,3.5610891e-12,3.4495798e-16,2.4638011e-19,9.880919e-11
540000,255,373,0,1.0371155e-10,1.0285745e-11,5.4872027e-18,2.0921358e-28,3.296048e-23,2.8959525e-13
540000,189,178,0,3.2808742e-10,8.8486276e-12,2.392621e-15,6.3614887e-24,4.1488204e-22,5.1617896e-14
540000,266,259,0,1.0827638e-09,2.0784803e-11,0.0,0.0,2.5029754e-15,9.87259e-16
540000,430,146,0,1.115295e-09,5.020799e-12,1.9184943e-13,4.7266863e-19,3.9639838e-23,7.620005e-11
540000,125,351,0,1.182236e-10,3.585694e-12,1.58985e-21,2.6726423e-37,5.96609e-25,3.419185e-11
540000,375,482,0,-1.201427e-12,4.970597e-11,5.700836e-12,3.7147515e-15,2.5465352e-17,1.2033548e-10
540000,308,265,0,3.495871e-10,4.9636344e-11,3.76e-42,0.0,1.6932858e-11,3.8500564e-13
540000,87,171,0,2.8066022e-10,3.6072263e-11,7.150027e-13,4.487844e-17,7.4326336e-13,5.934558e-11
540000,350,89,0,6.9842293e-10,7.0339485e-12,6.016347e-14,7.141832e-20,2.266746e-21,1.5787097e-10
540000,335,429,0,2.008294e-10,4.3234513e-11,2.497057e-16,7.7079525e-26,5.1948554e-17,7.6981276e-11
540000,287,123,0,7.695268e-10,1.477006e-11,2.9259004e-20,1.123563e-33,1.498665e-16,2.0728827e-12
540000,395,49,0,1.679426e-10,3.735572e-11,1.4906055e-15,3.4626734e-23,1.173634e-11,1.5281508e-10
540000,409,343,0,1.7068803e-09,1.5637689e-11,3.5973506e-13,5.7068096e-18,1.6474715e-18,1.7800029e-11
540000,413,334,0,1.6226596e-09,4.65515e-11,6.573891e-15,7.018888e-23,1.4974707e-14,1.4656998e-11
540000,357,309,0,1.405952e-10,3.736229e-11,1.7745583e-12,2.0530997e-16,6.2788255e-14,1.4787894e-13
540000,169,375,0,1.5570926e-11,1.3438998e-13,1.0196987e-20,2.2042841e-35,3.7303685e-35,1.1461278e-10
540000,39,22,0,-1.0917188e-12,4.5039833e-11,2.948742e-11,1.39307e-13,6.1721265e-14,2.9762334e-10
540000,463,30,0,-6.8129e-13,1.01452034e-10,8.5484225e-14,1.1086889e-20,7.225561e-14,1.2600034e-10
540000,209,76,0,1.7480095e-10,1.7049837e-11,1.9620242e-16,7.722568e-25,1.452642e-15,8.0169395e-12
540000,199,141,0,2.7667516e-10,1.7720455e-11,6.2341086e-24,7.5171e-41,1.5908288e-17,3.340899e-11
540000,319,486,0,-6.701046e-13,5.8507026e-11,5.4363243e-17,2.2992231e-27,2.0028387e-12,5.0037054e-11
540000,453,160,0,1.5117525e-10,7.853078e-11,9.0515925e-13,1.35872505e-17,3.5803348e-13,7.2683685e-11
540000,419,413,0,3.5037057e-10,1.6276671e-11,1.952406e-12,2.5824547e-16,2.6300086e-19,2.1880134e-10
540000,208,233,0,6.643887e-10,1.0115757e-12,1.2595311e-19,3.1371723e-31,8.170651e-28,6.6387454e-14
540000,31,433,0,1.17567475e-11,7.145262e-11,9.7850126e-17,7.7032144e-27,7.37528e-14,1.5032665e-10
540000,254,214,0,7.5246737e-10,8.233998e-12,8.172192e-29,0.0,6.352307e-20,4.6737673e-11
540000,412,36,0,1.4682179e-11,7.241341e-11,1.6991183e-10,4.221183e-12,4.2561804e-13,1.2713665e-10
540000,282,472,0,1.2164933e-12,7.506552e-11,2.1640924e-19,4.13111e-33,2.961974e-10,1.31428835e-11
540000,28,346,0,-1.8232864e-13,5.862496e-12,2.1842842e-11,6.9308925e-14,8.605416e-16,2.8215458e-10
540000,476,100,0,1.038903e-12,4.0690944e-11,6.023838e-11,3.4137797e-12,4.3129462e-13,9.858211e-12
540000,137,105,0,4.6331441e-10,2.6941496e-11,4.698786e-20,3.2995998e-33,8.805291e-14,1.8193239e-11
540000,421,439,0,1.5018266e-10,7.3804116e-11,6.5377855e-20,5.1705763e-34,2.3730835e-12,2.325622e-10
540000,191,319,0,1.2169368e-09,1.9266107e-16,1.2863937e-24,7.1978e-41,0.0,3.0673572e-15
540000,318,193,0,6.217837e-10,4.882745e-13,6.3729107e-27,0.0,9.655448e-27,1.5182914e-11
540000,153,40,0,8.106938e-11,2.0319767e-11,4.9506254e-13,1.9251564e-18,3.729024e-11,1.900823e-10
540000,177,390,0,1.4846707e-10,1.7053445e-12,9.722285e-22,3.6377422e-34,1.6714373e-24,5.1531314e-11
540000,390,78,0,1.4837727e-09,1.2657664e-11,7.7951725e-12,1.2462903e-14,2.334606e-16,1.471697e-10
540000,443,299,0,1.1600046e-10,1.4876976e-11,5.6641806e-13,1.1120242e-16,2.6445783e-18,6.94366e-11
540000,298,23,0,-1.126918e-13,2.1660904e-12,1.722008e-11,1.6343082e-13,6.6382747e-15,9.765393e-11
540000,451,139,0,1.5682233e-10,3.6526688e-11,2.7867996e-20,4.7383972e-32,1.06738125e-13,4.241705e-11
540000,156,133,0,3.9487294e-10,1.1801186e-11,1.20627004e-17,6.2596936e-28,6.2792687e-18,4.633672e-11
540000,50,476,0,-7.4751403e-13,8.758739e-11,7.321642e-14,3.552565e-20,1.2040651e-12,2.840817e-10
540000,405,275,0,7.3773737e-10,1.1896834e-10,3.5791198e-19,6.868028e-29,2.2647473e-10,6.075256e-12
540000,449,31,0,7.390506e-12,3.1608553e-11,2.269011e-12,4.7891812e-17,1.0474104e-16,1.8058868e-10
540000,323,435,0,4.29661e-10,1.0573685e-10,2.220725e-13,1.5113588e-18,1.6414838e-11,1.2259967e-10
540000,138,489,0,-8.457679e-13,1.8810594e-11,2.0912557e-16,4.4061195e-25,1.1411131e-20,2.3385058e-10
540000,3,259,0,-7.480948e-13,3.4358644e-11,2.0949642e-14,1.8594744e-21,7.843261e-14,3.2480702e-11
540000,169,64,0,9.8551965e-11,4.3593153e-11,1.5714774e-18,3.7315892e-29,2.2273717e-12,5.09852e-11
540000,263,377,0,1.9931663e-10,3.677599e-11,5.056014e-15,1.3084253e-22,9.36703e-17,8.3864166e-11
540000,447,105,0,3.414408e-10,5.5264522e-11,3.7776208e-13,1.2284991e-18,2.2446456e-11,8.9011555e-11
540000,355,348,0,3.4802713e-10,1.9356685e-11,4.0034073e-19,2.3059997e-32,3.1204614e-17,1.2397808e-13
540000,71,56,0,5.1235877e-10,4.8623366e-11,4.4276014e-17,8.85622e-28,4.9475645e-14,2.1507464e-10
540000,484,135,0,-6.3583335e-13,3.3026675e-11,2.1499045e-13,1.0637472e-18,1.7921948e-14,2.1987323e-10
540000,147,464,0,6.042543e-11,3.8957542e-11,8.064286e-13,1.932455e-16,8.211378e-14,5.0327017e-11
540000,234,257,0,1.3147108e-10,1.7113947e-15,2.846512e-39,0.0,2.4918e-41,7.9317436e-15
540000,337,241,0,9.376336e-10,4.7703265e-12,1.4950425e-22,4.9541918e-36,2.2617191e-23,1.0300411e-11
540000,404,441,0,1.7773039e-10,4.32052e-11,4.0846545e-11,5.124564e-13,1.7075178e-14,5.917292e-11
540000,284,223,0,4.920534e-10,4.4310536e-12,0.0,0.0,9.740162e-22,2.8957393e-14
540000,304,15,0,-3.985871e-13,1.8625602e-12,1.5789103e-11,5.949169e-14,7.2121547e-16,7.242227e-11
540000,481,221,0,-6.121286e-13,2.1075761e-11,1.3471281e-16,2.2868454e-25,1.3159487e-14,1.7250305e-10
540000,205,357,0,9.382306e-10,1.8025231e-13,1.2304484e-19,1.2536746e-32,2.3781735e-30,7.2404817e-12
540000,251,110,0,1.00048234e-10,5.681703e-13,2.8187744e-13,3.4289588e-19,6.9343524e-24,1.251867e-10
540000,270,238,0,7.022273e-10,5.9150314e-13,6.8141e-40,0.0,3.3749297e-30,8.781139e-12
540000,325,494,0,-8.7168776e-13,5.5659404e-11,1.1163711e-11,1.0829522e-14,1.7128598e-12,2.7560854e-10
540000,283,114,0,6.768746e-10,3.0426098e-12,1.604453e-26,3.1559e-41,1.03886335e-24,2.8445347e-11
540000,117,289,0,1.3144665e-09,2.7156808e-12,2.5047523e-18,8.148724e-31,2.1586291e-24,1.4715104e-11
540000,195,484,0,-8.931872e-13,5.236312e-11,2.1025773e-10,4.8722857e-12,8.0682395e-13,1.4757054e-10
540000,300,188,0,3.104562e-10,1.0089703e-10,4.8657925e-32,0.0,3.473192e-09,9.628804e-13
540000,364,465,0,-4.350927e-14,4.490431e-11,4.3413398e-11,4.3707673e-13,1.5884092e-14,8.5469756e-11
540000,241,457,0,5.517751e-11,8.572667e-11,1.5845613e-19,3.211282e-30,8.0463e-12,1.6944298e-11
540000,198,386,0,1.4990519e-10,3.5795374e-11,2.6829607e-18,1.5024024e-28,5.678457e-13,1.461401e-11
540000,25,344,0,-3.090277e-13,1.3831719e-11,3.042525e-12,1.0431707e-15,8.158689e-17,5.5461826e-11
540000,6,166,0,-4.8713616e-13,2.9807233e-12,1.1231556e-11,1.6122613e-14,6.293307e-17,1.1956276e-10
540000,419,181,0,2.9828987e-10,2.228488e-11,5.613947e-19,9.3312105e-32,2.712075e-18,1.2531544e-10
540000,231,82,0,6.124076e-11,3.2045625e-13,2.304082e-12,3.940411e-16,4.0085764e-19,2.1917505e-12
540000,331,260,0,1.5591362e-09,1.0286197e-12,5.6084097e-27,0.0,4.9701515e-27,3.908536e-12
540000,20,305,0,-8.249996e-14,1.8389595e-11,1.5089019e-12,6.889646e-17,1.7051078e-17,3.266308e-11
540000,219,157,0,7.728813e-10,7.673126e-14,5.0285205e-14,2.7396813e-20,4.2394815e-25,3.10182e-11
540000,130,124,0,3.1693173e-10,2.3527052e-14,1.3915724e-19,5.3452555e-32,1.37742e-40,4.494459e-12
540000,430,247,0,3.1083458e-10,3.716891e-11,1.9267076e-13,1.1436145e-18,6.4952266e-17,8.2294255e-11
540000,479,489,0,-1.292221e-12,8.318544e-11,2.2754009e-11,2.0719512e-14,2.7704947e-10,2.6698055e-10
540000,255,5,0,-8.895791e-13,4.7834087e-11,1.3133934e-13,2.1624586e-19,3.1244583e-11,7.8017814e-11
540000,366,284,0,4.1098688e-10,1.7738934e-11,1.6948561e-26,2.1e-44,5.818877e-16,9.925141e-12
540000,410,459,0,4.4465616e-12,9.289692e-11,9.4355235e-12,6.37163e-15,4.723976e-13,2.2290879e-10
540000,278,223,0,9.223369e-10,9.478081e-13,0.0,0.0,4.3357513e-30,3.0078566e-12
540000,271,96,0,8.273405e-11,9.394917e-11,3.9273237e-11,7.4399975e-13,4.474954e-12,2.2726364e-11
540000,115,189,0,3.441869e-10,2.162007e-11,1.3033529e-32,0.0,3.9629963e-18,1.848516e-12
540000,458,416,0,1.5797479e-10,8.738605e-11,4.2679585e-14,4.204319e-20,2.2939441e-12,9.561695e-11
540000,269,465,0,2.7881634e-12,4.4909354e-11,1.2373419e-12,1.7803989e-17,5.741917e-13,4.8523567e-11
540000,318,303,0,1.4397568e-09,1.7995468e-12,3.9823431e-16,4.8492466e-21,4.564157e-24,3.9226917e-11
540000,299,287,0,8.97915e-10,1.7790571e-11,1.6500684e-33,0.0,8.801136e-19,5.3454335e-14
540000,276,451,0,9.592064e-11,1.1109001e-11,5.1052053e-12,2.516927e-15,7.15915e-18,6.2992146e-11
540000,421,433,0,3.2793845e-10,6.381086e-11,5.4978006e-22,7.618978e-33,8.7979476e-14,1.2656744e-10
540000,317,195,0,6.177259e-10,2.147123e-12,4.07656e-26,0.0,4.6410947e-24,2.4648666e-12
540000,16,211,0,-4.9671725e-13,1.7783433e-11,8.561411e-15,3.0155987e-22,1.4318511e-18,1.0272279e-10
540000,245,229,0,3.5301043e-10,1.3796788e-13,2.7040424e-11,2.1328082e-13,1.3100567e-14,3.8559444e-13
540000,205,125,0,1.3983059e-10,5.9627095e-11,9.211899e-18,7.077855e-28,7.118028e-14,2.1925849e-12
540000,135,213,0,1.2664222e-09,3.4560115e-11,2.4017261e-18,2.2513233e-28,2.1538056e-16,7.618874e-15
540000,144,121,0,2.401709e-10,2.834004e-11,3.207626e-11,4.5620994e-13,9.926937e-14,6.941973e-11
540000,80,193,0,1.2870207e-09,9.7845315e-11,6.3594e-17,5.6401332e-27,3.199993e-14,1.3220629e-10
540000,365,344,0,2.848032e-10,5.1407413e-11,1.521696e-13,7.326698e-19,2.7304974e-09,4.8229316e-12
540000,336,401,0,1.353488e-10,3.2859084e-11,9.5848687e-17,1.4984829e-26,4.9920707e-16,3.3182973e-10
540000,66,114,0,3.4619113e-10,3.5714688e-11,3.0251458e-13,7.8161573e-19,2.372005e-16,4.4070837e-11
540000,432,71,0,7.0112843e-10,1.0023822e-11,1.5410465e-11,6.722249e-14,8.5829303e-16,2.3914362e-10
540000,283,57,0,3.500597e-11,4.8011112e-11,1.4130988e-13,1.074689e-18,8.565692e-14,8.085597e-11
540000,224,212,0,3.3842418e-10,1.1054375e-12,2.4970313e-22,4.6361235e-36,1.061298e-26,7.0477096e-11
540000,292,417,0,1.964193e-10,8.3597865e-11,1.3900331e-13,9.032101e-20,2.606819e-10,5.625519e-11
540000,104,389,0,8.3491025e-10,2.6699153e-11,2.3965158e-11,1.4846255e-13,5.1980345e-15,3.59021e-11
540000,150,135,0,2.909099e-10,1.5611751e-11,1.4634295e-14,5.607766e-22,5.1842996e-21,2.6939633e-11
540000,21,492,0,-1.3567568e-12,2.8664135e-11,5.9938506e-11,3.9278997e-12,2.2735596e-12,2.3131425e-10
540000,453,483,0,-1.5405163e-12,5.2184923e-11,2.1348643e-11,6.601129e-14,6.7859676e-15,3.9659867e-09
540000,229,119,0,1.1965415e-09,3.7960225e-14,1.6946126e-22,1.8288919e-36,4.4677654e-32,3.0540364e-09
540000,321,306,0,1.9308941e-09,6.0560858e-12,3.462259e-09,7.191878e-10,1.1532664e-09,5.055789e-11
540000,376,367,0,3.4260625e-10,2.88221e-11,7.9825014e-13,5.5771965e-17,1.304617e-17,1.8539852e-10
540000,215,167,0,9.729874e-10,4.8766376e-11,8.377022e-24,7.56337e-40,2.0521154e-10,6.80736e-11
540000,309,407,0,5.5926686e-10,1.24655885e-11,3.3600759e-18,1.3848334e-27,9.755918e-21,2.836043e-10
540000,479,413,0,3.3566322e-13,7.008963e-11,4.2152414e-12,8.6673515e-16,1.3119258e-14,6.09902e-11
540000,359,81,0,9.440132e-10,3.8715888e-11,5.6656322e-11,3.726682e-12,9.105553e-13,6.468852e-11
540000,472,476,0,-1.9337275e-12,9.672938e-11,7.5931456e-11,5.9460265e-13,1.3576636e-11,1.853321e-10
540000,128,392,0,3.197448e-10,2.0599933e-11,1.10942166e-13,6.513626e-20,1.4899492e-15,6.737587e-11
540000,118,266,0,6.400632e-10,2.6161497e-14,1.0733525e-19,1.3741264e-33,8.16e-43,2.042347e-14
540000,248,293,0,5.7246013e-10,8.705599e-15,1.4869921e-31,0.0,1.1570092e-33,1.4431299e-11
540000,345,125,0,5.859482e-10,2.7727471e-11,6.1886535e-36,0.0,5.411483e-18,1.9756757e-11
540000,50,312,0,4.5366433e-10,4.448275e-11,1.1097306e-14,2.1839429e-22,1.0771701e-16,5.346074e-11
540000,383,129,0,3.2326336e-10,1.7066442e-11,9.529885e-14,3.6764692e-20,7.256183e-17,5.6303774e-11
540000,257,462,0,8.0394545e-12,4.1663596e-11,5.490315e-12,1.0308606e-15,1.4687267e-11,1.2056957e-10
540000,197,333,0,1.4569009e-09,1.0538399e-13,1.681563e-31,0.0,7.1477674e-32,2.9891338e-09
540000,177,485,0,-7.015533e-13,4.0877336e-11,2.916569e-13,4.0810263e-19,1.0553873e-12,1.10569456e-10
540000,317,314,0,1.1024476e-09,1.0455821e-12,5.679043e-23,0.0,1.6367934e-27,3.9524833e-12
540000,483,490,0,-1.1167963e-12,3.795604e-11,1.3746933e-10,5.881687e-11,8.749124e-11,2.7228336e-10
540000,202,46,0,2.8307254e-10,2.8196131e-11,6.5456943e-21,3.8718907e-33,2.5759094e-15,9.213012e-11
540000,485,19,0,-2.0371046e-12,1.6242513e-10,7.160821e-12,3.0665176e-15,1.8718191e-13,4.119845e-10
540000,171,302,0,3.61078e-10,2.5416943e-11,3.7870077e-14,1.737283e-19,1.883202e-15,3.1254808e-11
540000,24,495,0,-1.2972909e-12,4.3662487e-11,5.258535e-11,4.3876703e-12,2.423027e-12,2.6610655e-10
540000,346,302,0,4.5530482e-10,1.4812736e-13,1.8700461e-21,3.0764314e-36,7.742153e-32,5.10226e-16
540000,117,365,0,3.3393488e-10,7.306987e-12,2.651635e-14,1.6606384e-21,1.8785217e-20,5.189353e-11
540000,364,312,0,2.3893076e-10,8.305102e-12,1.42022765e-11,3.9267343e-14,4.100196e-16,2.3417225e-13
540000,226,90,0,1.0550939e-10,1.0666724e-11,3.933258e-17,1.537309e-24,4.1973467e-17,3.1367714e-11
540000,379,356,0,3.905384e-10,1.5758807e-11,4.3067733e-15,1.3480709e-22,1.21502e-18,7.380874e-12
540000,394,193,0,1.278819e-09,4.6142916e-11,1.07602506e-16,3.4889873e-26,2.8128882e-15,5.278176e-11
540000,88,428,0,6.035356e-10,2.3603994e-09,6.7887845e-19,2.7509974e-30,4.145107e-09,1.1448374e-10
540000,431,341,0,6.954443e-10,3.0833457e-11,1.5282621e-16,1.4817175e-24,1.3471711e-16,3.0448807e-11
540000,342,432,0,1.24096e-10,1.5189548e-11,9.980985e-16,4.143437e-24,1.2928622e-20,2.6937752e-10
540000,73,154,0,3.1191075e-10,8.696056e-11,2.5700367e-16,3.64216e-26,1.6957141e-12,2.4502842e-11
540000,21,75,0,8.069649e-13,8.144186e-11,3.3160225e-11,5.51207e-13,1.3864774e-12,1.7554845e-10
540000,130,322,0,9.0171115e-10,3.7063595e-11,1.3743157e-19,8.661147e-31,5.187033e-13,5.4009158e-11
540000,496,127,0,-6.1291727e-13,4.409377e-11,9.121885e-13,6.8568336e-17,1.2038313e-12,8.0027845e-11
540000,62,275,0,6.845815e-10,1.9041239e-11,1.0980067e-18,2.6494847e-29,2.6029585e-20,4.053102e-10
540000,424,193,0,9.898022e-11,3.706839e-11,9.909434e-16,3.5258863e-25,1.2706679e-11,2.6235701e-11
540000,148,429,0,3.6568135e-10,3.4549e-11,2.1440116e-22,1.7675285e-38,1.4533882e-15,1.1950665e-10
540000,469,95,0,1.06655795e-11,3.531492e-11,2.0604739e-14,1.0100068e-21,1.7216738e-11,3.379294e-11
540000,30,80,0,1.4899589e-11,7.18875e-11,1.7110625e-10,5.875361e-11,5.89072e-11,3.9383763e-10
540000,140,473,0,6.1542637e-12,1.4111613e-10,3.7282478e-16,8.0784816e-24,4.0448833e-10,3.6072888e-11
540000,286,137,0,7.99252e-10,8.233033e-12,1.2178456e-12,4.093767e-17,6.470233e-19,4.6044453e-11
540000,303,147,0,5.9451966e-10,1.4810115e-12,5.2181485e-18,6.5836305e-30,1.1979905e-26,3.0610634e-09
540000,474,279,0,2.9912745e-13,1.1829071e-10,5.1912654e-12,2.7866852e-15,1.8843423e-11,3.1952194e-09
540000,361,458,0,2.0874654e-12,4.8230822e-11,4.252307e-12,2.8921114e-16,5.6963914e-15,5.5943347e-11
540000,1,15,0,-1.08479e-11,2.286775e-09,7.137031e-13,2.8908639e-18,4.1196233e-09,7.653729e-11
540000,441,288,0,1.278416e-10,5.6651586e-11,3.5466994e-11,1.4052023e-12,3.1435014e-11,6.464122e-11
540000,328,65,0,1.0248481e-09,1.3271842e-13,2.823835e-16,4.5364802e-26,6.0629827e-34,3.6133402e-10
540000,273,117,0,4.8557713e-10,9.2833675e-12,3.4564609e-25,1.372e-42,1.7388493e-20,3.8654765e-12
540000,31,395,0,3.8760526e-13,6.3369275e-11,1.6416204e-12,7.78196e-17,1.2219617e-11,1.3860622e-10
540000,128,231,0,6.3845573e-10,1.0831322e-10,2.2126861e-13,4.06457e-19,1.9722735e-13,2.938939e-11
540000,68,475,0,6.918991e-13,8.9373745e-11,1.3838157e-11,3.3551046e-14,1.8752758e-11,1.7039886e-10
540000,121,446,0,9.175206e-11,7.470919e-11,1.3806778e-14,3.2657373e-21,1.5831368e-13,8.491794e-11
540000,102,141,0,2.0550794e-10,9.5855386e-11,5.6004368e-11,1.5420822e-12,1.2672816e-11,5.4062796e-11
540000,253,154,0,7.318064e-11,5.4340087e-21,1.46771e-22,2.660622e-39,0.0,1.8937544e-14
540000,101,21,0,-9.981718e-13,5.216628e-11,6.303052e-12,1.8928126e-15,2.5717813e-17,2.126229e-10
540000,178,171,0,1.5776744e-10,1.0816366e-11,2.9965729e-27,0.0,2.0164708e-19,9.394637e-12
540000,215,285,0,3.166272e-10,8.3277225e-16,3.971093e-32,0.0,0.0,1.2862929e-10
540000,290,176,0,5.327715e-10,4.0257256e-13,3.8805098e-22,2.5980138e-36,3.8679462e-32,1.24815306e-11
540000,338,73,0,5.57501e-10,2.5887235e-11,1.6049025e-14,5.482884e-21,4.4334087e-14,3.0823983e-09
540000,227,367,0,3.149775e-10,2.8296598e-11,9.032695e-14,6.462913e-19,1.3093232e-15,3.021782e-09
540000,93,216,0,3.572856e-10,3.0133004e-11,7.630367e-15,2.0881536e-22,2.4247037e-12,3.0280982e-09
540000,95,20,0,-1.0593417e-12,1.12009575e-10,3.8742293e-10,2.9302484e-11,2.5453736e-11,3.1577683e-09
540000,22,318,0,5.607166e-13,3.0434582e-11,1.0139144e-12,9.176759e-17,9.90414e-14,3.0613565e-09
540000,359,21,0,-4.885173e-13,7.822092e-11,1.4868945e-10,3.24037e-12,2.4935336e-09,3.018773e-09
540000,75,43,0,5.6476355e-11,1.651133e-11,6.1523865e-14,1.6170413e-19,2.4386131e-23,3.1574194e-09
540000,119,370,0,3.3990724e-10,1.6199984e-11,4.0875585e-18,3.3102622e-29,9.4281e-16,3.0477583e-09
540000,418,114,0,7.863318e-10,5.0404174e-11,1.0946318e-12,8.890031e-18,9.186715e-14,3.0563394e-09
540000,435,274,0,4.062831e-10,2.3138647e-11,3.0411404e-17,4.6310526e-27,3.718571e-17,3.0424716e-09
540000,309,158,0,8.5245616e-11,1.7676562e-11,8.549226e-19,1.6907883e-29,1.964381e-16,3.0557215e-09
540000,130,357,0,2.3444563e-10,3.6791598e-11,1.7476982e-15,2.0430026e-24,5.6975294e-17,2.9972202e-09
540000,221,479,0,-8.858263e-13,3.284168e-11,1.1650241e-12,1.5850981e-17,6.117788e-15,3.0409433e-09
540000,3,78,0,-5.9453825e-13,2.4235275e-12,3.0412847e-14,2.0864569e-21,6.0058253e-27,3.0489067e-09
540000,464,298,0,3.3480241e-12,6.726436e-11,2.489594e-12,1.0104445e-16,1.4257203e-11,3.0987488e-09
540000,499,335,0,-5.789129e-13,2.408643e-11,1.750701e-16,5.8275512e-27,3.3647262e-21,3.3961916e-09
540000,247,102,0,2.3104416e-10,7.4988314e-11,8.0166394e-12,3.9803577e-15,3.4492828e-14,3.0334588e-09
540000,228,415,0,3.2965422e-10,1.9040405e-10,6.8335246e-19,1.2447774e-31,7.340414e-11,3.0385814e-09
540000,62,274,0,6.888141e-10,2.0222737e-11,9.985057e-19,1.2475772e-29,6.836987e-20,3.0784901e-09
540000,24,41,0,-1.4336032e-12,1.9254834e-10,4.7771717e-11,2.9866604e-13,1.3031819e-11,3.1779255e-09
540000,179,70,0,3.5538797e-10,3.9351695e-12,4.7145357e-26,2.2e-43,1.1398228e-24,3.07815e-09
540000,450,420,0,8.991711e-10,7.1004085e-11,6.0178673e-17,1.8016121e-25,2.7365527e-11,2.9975507e-09
540000,390,205,0,1.3119164e-10,2.2738513e-09,4.3557486e-16,1.7139232e-25,4.1188084e-09,1.9605418e-11
540000,235,403,0,3.486692e-10,2.5606826e-09,6.7063914e-28,0.0,4.175566e-09,3.403041e-11
540000,174,383,0,4.5013604e-11,3.1327453e-14,1.8659256e-22,3.9321717e-36,4.04695e-40,1.3965089e-10
540000,346,68,0,1.0909954e-09,3.5995477e-11,1.09208864e-10,5.4128285e-11,8.568653e-11,8.70093e-11
540000,393,307,0,1.0548629e-09,4.7396765e-14,1.7613737e-26,0.0,1.2678007e-38,3.9685075e-11
540000,110,175,0,4.0603484e-10,2.7409013e-11,8.312015e-21,2.5378422e-33,4.0662528e-14,6.3450786e-11
540000,334,225,0,1.2355758e-09,2.6544194e-11,3.9461514e-19,3.425492e-30,6.514744e-17,9.00919e-12
540000,229,374,0,1.528401e-10,4.9055062e-11,1.1115621e-11,8.186534e-15,4.8540287e-14,6.1152936e-12
540000,176,131,0,5.3123034e-10,3.1862995e-11,5.2319277e-12,9.941287e-16,3.5439401e-15,2.0867784e-12
540000,20,215,0,-9.723376e-14,2.643278e-11,5.1601284e-16,3.2748882e-24,1.772747e-11,9.809004e-11
540000,327,220,0,5.8244176e-10,2.528401e-11,2.5633107e-16,1.0394074e-25,1.0216124e-14,5.062773e-11
540000,116,48,0,2.516632e-10,8.5504284e-11,6.2700973e-16,2.1622104e-24,8.190249e-14,6.954921e-11
540000,278,408,0,1.6186745e-10,3.5313703e-11,1.4504756e-13,2.4559073e-20,3.607066e-16,3.6530542e-11
540000,379,141,0,7.202113e-10,8.528399e-11,9.683646e-17,3.6283646e-27,3.454632e-14,2.3760426e-11
540000,405,427,0,5.03271e-10,6.535668e-11,5.8652023e-20,3.0511552e-32,1.19105845e-11,1.2722558e-11
540000,261,152,0,4.706409e-11,8.637644e-19,1.3630023e-26,0.0,0.0,9.841517e-13
540000,72,183,0,5.8723154e-10,9.3579665e-11,3.08102e-13,1.765136e-18,3.0099492e-10,3.0266365e-09
540000,45,235,0,1.2200119e-10,1.5291701e-10,1.114834e-14,5.721279e-21,1.4776808e-11,3.1363292e-09
540000,319,86,0,2.339781e-09,2.8654021e-12,8.472761e-16,2.196625e-24,1.0450807e-24,1.04316666e-10
540000,89,204,0,5.4431193e-10,4.5504198e-11,4.8030066e-11,2.9026133e-13,1.799808e-14,2.9959604e-09
540000,62,384,0,1.7361548e-10,1.9709682e-11,5.563956e-12,6.011528e-15,9.958786e-16,3.040592e-09
540000,328,478,0,2.6404356e-13,5.5595674e-11,5.716911e-11,1.0444956e-11,5.5614974e-12,5.933798e-11
540000,54,191,0,6.297498e-10,9.638766e-11,2.40183e-11,1.0244501e-13,2.0521274e-10,3.114051e-09
540000,441,41,0,1.293043e-10,7.4013816e-11,7.1616628e-12,1.8999745e-15,3.6051726e-16,3.342304e-09
540000,108,435,0,1.6382902e-10,1.00693204e-10,3.0318078e-16,2.3759024e-25,2.5340174e-10,3.1446543e-09
540000,435,60,0,5.9334815e-10,9.349031e-11,7.801676e-12,1.8002444e-15,4.02353e-14,3.0792515e-09
540000,438,478,0,-1.493856e-12,1.351632e-10,1.4374683e-10,1.4334214e-11,8.290449e-12,3.3484882e-09
540000,492,176,0,-1.5244763e-12,7.2720975e-11,2.1827638e-14,8.956426e-21,4.1504e-15,1.00719974e-10
540000,54,370,0,4.0974152e-10,1.768894e-13,3.155086e-11,5.511542e-13,2.2991349e-14,3.0777783e-09
540000,274,436,0,2.9930147e-10,1.1632533e-10,1.4697394e-14,1.0960544e-22,3.8732468e-12,3.0414686e-09
540000,480,498,0,-1.8707427e-13,6.158859e-12,1.5688197e-12,2.4052439e-17,7.702671e-21,3.0701923e-09
540000,471,495,0,-6.1811146e-13,2.8462765e-11,3.024766e-11,1.06799653e-13,1.2161102e-15,3.0490992e-09
540000,431,411,0,4.7910215e-10,2.526824e-11,3.6467166e-11,1.5187458e-12,2.3813325e-09,3.4959344e-09
540000,333,27,0,4.6666783e-13,4.7727395e-11,7.3371423e-16,2.1776818e-25,1.2038339e-12,3.0829503e-09
540000,435,4,0,-1.2831667e-12,9.646499e-11,1.8245174e-17,3.6393805e-26,3.123169e-11,3.0280123e-09
540000,358,218,0,6.296544e-10,1.5380213e-13,1.4589049e-11,4.550042e-14,4.9685153e-16,2.9940082e-09
540000,110,447,0,3.776323e-11,8.650916e-11,9.0759976e-11,5.1346455e-11,8.476084e-11,3.0938638e-09
540000,396,155,0,8.6261176e-10,4.5548468e-11,2.4071668e-14,2.496218e-21,2.9083232e-15,3.044064e-09
540000,128,105,0,3.9128434e-10,8.042408e-12,3.9232442e-17,9.846316e-26,1.6222141e-18,3.0737823e-09
540000,483,19,0,-1.9431297e-12,1.5391338e-10,6.3568824e-11,6.3218246e-13,4.1145015e-14,3.253999e-09
540000,478,86,0,7.6528925e-13,2.3239669e-11,5.9833687e-12,1.4414772e-15,4.290999e-15,3.1581524e-09
540000,420,372,0,3.4667685e-10,2.1741572e-11,9.230105e-13,8.395117e-18,8.226625e-18,3.0023655e-09
540000,425,44,0,2.445592e-10,7.3615856e-11,6.66793e-11,1.9843942e-12,3.446599e-13,3.1464888e-09
540000,116,28,0,2.8271216e-12,2.722468e-11,1.5071939e-18,1.5338956e-31,1.0342587e-17,3.1175453e-09
540000,226,391,0,3.5303901e-10,2.662174e-12,2.3547506e-19,4.1962192e-32,6.726549e-26,3.058684e-09
540000,431,310,0,8.8623753e-10,2.5155628e-11,6.702765e-12,6.642213e-15,5.5782835e-14,2.9925706e-09
540000,121,496,0,-1.1357657e-12,4.833997e-11,1.2639662e-11,9.562936e-15,1.4678233e-16,3.2037424e-09
540000,133,132,0,2.499414e-10,4.959228e-13,1.5518884e-16,1.8464884e-25,7.114089e-32,2.989152e-09
540000,20,407,0,-9.524904e-13,7.275729e-11,2.009553e-13,1.842777e-18,2.9948702e-12,3.4186187e-09
540000,451,437,0,6.522217e-10,1.478146e-10,8.982638e-12,1.3062908e-15,3.1163832e-12,3.4518532e-09
540000,421,314,0,2.3086382e-09,1.122098e-11,1.3254618e-16,2.1978872e-27,5.517277e-20,3.0495342e-09
540000,489,341,0,-5.286471e-13,2.0056028e-11,2.2581935e-11,8.9281806e-14,4.535108e-15,3.0998828e-09
540000,495,265,0,-7.8339906e-13,1.24435965e-11,2.8727465e-10,5.5995108e-11,4.311226e-11,3.2384058e-09
540000,491,416,0,-7.108245e-13,1.7064026e-11,8.581564e-15,9.129199e-23,1.2382549e-19,3.0326008e-09
540000,43,486,0,-1.71817e-12,9.557051e-11,1.6183366e-14,3.5877083e-22,2.4060127e-09,3.2047134e-09
540000,390,179,0,8.1136714e-10,1.03003335e-10,5.647139e-11,4.117815e-12,2.524073e-10,3.189141e-09
540000,359,105,0,1.8276793e-09,2.9596044e-11,1.3197628e-26,1.5e-44,2.5496197e-16,3.0980645e-09
540000,348,2,0,-9.258231e-13,2.195289e-11,3.1292722e-12,2.528052e-16,3.4962376e-19,3.064349e-09
540000,52,197,0,4.5395526e-10,2.1509344e-10,4.867879e-11,1.6320009e-13,1.8414092e-10,3.0867577e-09
540000,327,457,0,1.1348544e-10,1.0886019e-10,3.0976285e-13,5.109125e-19,2.696993e-14,3.038233e-09
540000,435,439,0,5.465045e-10,6.445638e-11,5.902399e-12,3.18706e-15,1.8426292e-14,3.1426843e-09
540000,17,465,0,-1.4412149e-12,5.742695e-11,4.0550147e-11,3.1394966e-13,8.777563e-15,3.1314114e-09
540000,21,179,0,-6.210391e-13,7.57075e-11,1.0747134e-17,1.770633e-26,3.7660975e-14,3.0980067e-09
540000,39,34,0,-8.55883e-13,4.3057637e-11,1.7371885e-11,1.5629796e-13,3.839161e-11,3.2646936e-09
540000,132,137,0,4.1057457e-10,1.1338526e-12,4.3040846e-19,1.9135569e-29,5.229875e-26,2.99878e-09
540000,17,196,0,-5.041613e-13,6.5557013e-12,3.0283885e-12,8.8421886e-16,2.780322e-18,3.0250757e-09
540000,464,471,0,-1.4961056e-12,1.057588e-10,5.9394408e-12,1.1243721e-15,1.3204172e-12,1.00405115e-10
540000,494,412,0,-6.764821e-13,1.3204492e-11,8.8392895e-12,4.9929433e-15,1.3740816e-17,3.0977485e-09
540000,409,440,0,1.484978e-10,2.5459494e-11,1.529925e-13,1.9685213e-19,1.5363607e-20,3.1062333e-09
540000,232,162,0,5.5288074e-10,8.2482315e-17,1.5674868e-21,4.055177e-36,0.0,1.1156213e-14
540000,96,27,0,-5.051677e-13,9.8473014e-11,6.6664716e-12,2.2940441e-15,1.0783374e-11,3.1491463e-09
540000,10,8,0,-8.6045217e-13,6.972805e-11,2.3779832e-11,7.18509e-14,1.0986775e-13,3.4610907e-09
540000,441,23,0,1.2563065e-12,4.6548387e-11,4.3438507e-16,4.983953e-23,5.8014374e-19,3.0789389e-09
540000,298,326,0,2.192916e-09,5.9544936e-18,5.942289e-35,0.0,0.0,3.0426213e-09
540000,32,320,0,1.4000227e-11,9.974455e-11,4.6240318e-14,2.3214685e-21,1.3871072e-12,3.1149265e-09
540000,63,21,0,-1.1073944e-12,5.5334022e-11,4.9207394e-13,1.5830669e-18,2.1526616e-17,3.025639e-09
540000,497,458,0,-3.825383e-13,1.7279315e-11,1.2642126e-11,1.4998614e-14,4.4388596e-14,3.0956175e-09
540000,6,114,0,-9.891315e-13,7.973585e-11,2.388513e-16,1.595331e-26,3.0593916e-11,3.0167515e-09
540000,14,5,0,-1.5909089e-12,1.3584907e-10,7.168708e-11,9.44567e-12,6.5522223e-12,3.2527712e-09
540000,46,175,0,5.6311924e-11,7.5399485e-11,1.8409038e-14,3.8148188e-22,2.7659022e-14,3.0887535e-09
540000,77,87,0,2.0645843e-10,2.8133721e-11,8.857474e-11,1.8529137e-11,7.9177585e-12,3.2040788e-09
540000,45,43,0,2.4550956e-12,8.629686e-11,4.9573808e-17,1.5741533e-28,1.9094548e-12,3.3060799e-09
540000,277,37,0,1.6845316e-13,1.877943e-11,2.411105e-12,1.3926037e-16,3.4514047e-18,3.125503e-09
540000,230,12,0,-8.567771e-13,7.2621846e-11,1.7051872e-16,4.4585805e-26,1.4022029e-13,3.0657228e-09
540000,318,14,0,-7.750112e-13,5.96634e-11,1.15404995e-11,1.3275649e-14,2.926773e-11,3.0109648e-09
540000,23,228,0,5.262577e-13,5.643866e-11,2.4042139e-17,1.0111556e-27,7.941221e-16,3.037353e-09
540000,432,473,0,-9.418535e-13,9.56198e-11,1.7777623e-15,6.571277e-24,9.853415e-13,3.1789487e-09
540000,134,87,0,4.0405948e-10,4.9435067e-11,3.0687353e-14,4.1749332e-21,4.2808918e-13,3.0757992e-09
540000,31,425,0,9.79993e-12,9.509934e-11,1.0784087e-14,7.9894596e-23,5.8962316e-14,3.1273888e-09
540000,230,125,0,1.011634e-09,2.2253195e-17,2.9404425e-22,5.529909e-39,5.6e-44,4.3603912e-11
540000,209,28,0,7.20962e-12,2.8616411e-11,1.9388042e-12,1.2294288e-16,6.2240804e-18,2.9956864e-09
540000,27,300,0,1.6527438e-12,5.148318e-11,5.096609e-14,5.9066945e-20,3.627807e-11,3.0411778e-09
540000,447,294,0,5.248056e-11,3.281319e-11,1.3184908e-12,2.996274e-17,6.929753e-16,3.1366056e-09
540000,1,395,0,-9.854462e-13,7.13634e-11,3.4137633e-19,2.4079843e-29,3.978544e-15,3.0825267e-09
540000,471,47,0,-2.3741276e-13,7.246853e-11,2.222151e-13,1.5113588e-18,8.043292e-12,3.1751883e-09
540000,34,34,0,-1.0468384e-12,2.7542394e-11,8.581747e-11,5.0170822e-11,8.002098e-11,3.3124221e-09
540000,50,176,0,1.1909534e-10,4.3566473e-11,5.2565083e-14,2.6035347e-20,2.857752e-10,3.0388179e-09
540000,458,243,0,1.182752e-10,3.4256976e-11,1.1900227e-11,1.0975382e-14,3.398773e-14,3.1374192e-09
540000,8,69,0,-7.591199e-13,1.8069412e-11,7.734519e-11,9.313653e-12,3.557971e-12,3.0811764e-09
540000,7,34,0,-8.217571e-13,9.859345e-11,5.7516275e-13,5.1125325e-18,4.0010294e-11,3.3104421e-09
540000,36,50,0,4.275645e-12,1.2387519e-10,7.415719e-13,1.35999e-18,1.5829098e-12,3.2346261e-09
540000,135,157,0,4.6909426e-10,2.280518e-09,1.2712936e-15,1.4331222e-23,4.1188084e-09,1.3079556e-12
540000,241,306,0,6.641357e-10,3.2496137e-12,9.3912966e-29,6e-45,3.174423e-24,1.1928884e-15
540000,220,220,0,6.270009e-10,1.6632546e-11,1.9690407e-13,9.604642e-19,1.4095046e-13,2.1120215e-12
540000,147,228,0,1.6599581e-10,1.5129557e-11,4.1668605e-16,5.915281e-24,6.3057446e-19,1.1731957e-11
540000,88,143,0,2.0524911e-10,7.530962e-11,6.7980847e-12,1.1321004e-14,7.565523e-13,1.3490349e-10
540000,415,461,0,1.2692755e-12,3.6984922e-11,1.2290058e-13,7.689159e-20,8.228259e-17,2.340292e-10
540000,332,278,0,1.3485754e-09,1.8203414e-11,1.1173016e-14,1.7490364e-21,3.8927384e-16,1.04275875e-13
540000,403,286,0,6.6876776e-10,5.7427837e-11,3.47199e-25,3.8736e-41,5.1547078e-14,8.788743e-11
540000,95,271,0,1.0605309e-09,5.8795344e-11,2.3038872e-18,1.0290697e-29,3.4285765e-11,3.3936527e-11
540000,94,281,0,1.0988066e-09,3.7614894e-12,5.421348e-12,9.987381e-16,8.913666e-19,1.3370243e-11
540000,100,332,0,2.2692854e-09,1.4326946e-12,6.994966e-15,8.824561e-23,1.0607792e-24,7.1630805e-11
540000,344,205,0,7.37264e-10,1.40734465e-14,9.635742e-18,1.5109184e-28,4.9441285e-37,7.190083e-11
540000,302,91,0,1.3779702e-09,4.156967e-11,8.967164e-24,1.3851465e-37,2.7304974e-09,2.9099024e-11
540000,402,384,0,7.2493726e-11,3.3078724e-11,1.4720728e-23,2.2398e-41,6.825547e-17,3.7755042e-11
540000,95,245,0,1.1492147e-09,5.060356e-11,2.522845e-16,6.390758e-26,7.091463e-15,6.054171e-11
540000,193,379,0,2.4112895e-10,1.2652033e-12,6.5141983e-22,9.8106125e-34,1.0006666e-27,6.17081e-12
540000,408,338,0,1.7205708e-09,1.6114578e-11,1.9564809e-13,2.3128148e-19,1.3302254e-21,5.7579195e-11
540000,245,16,0,-7.840113e-13,5.46695e-11,1.7372433e-11,1.5629552e-13,2.7189288e-14,6.525726e-12
540000,3,421,0,-1.1773545e-12,2.6585694e-11,2.1571544e-14,9.1550945e-21,6.41818e-20,1.3841865e-10
540000,281,444,0,4.2950005e-10,1.2183164e-10,7.9978635e-11,1.9151115e-11,2.8470748e-10,1.1329899e-10
540000,405,265,0,8.53024e-10,5.5402953e-11,1.5772229e-21,9.78505e-35,4.086629e-16,1.6861226e-10
540000,339,474,0,1.4052208e-12,3.6175684e-11,7.7089783e-13,2.954926e-18,1.9176694e-18,1.7356658e-10
540000,462,295,0,4.9069386e-12,3.593036e-11,6.079498e-11,3.3061208e-12,4.0504422e-13,3.0538714e-09
540000,73,352,0,5.905761e-11,4.1231334e-14,4.4159646e-14,1.2392467e-20,7.37886e-26,4.360921e-11
540000,177,79,0,1.868676e-10,3.5133858e-11,1.824606e-23,1.2205681e-35,5.678457e-13,4.698272e-11
540000,137,8,0,-8.4161936e-13,4.8546372e-11,2.1829994e-11,8.3083856e-14,9.18563e-13,1.0267278e-10
540000,36,305,0,2.1732794e-11,4.365815e-11,2.5619231e-12,1.2091434e-16,1.6743697e-17,9.688187e-11
540000,480,478,0,-2.0365695e-12,1.2688882e-10,1.673133e-11,1.7765972e-14,3.7923077e-13,3.2731082e-09
540000,402,436,0,3.3561265e-10,1.802736e-10,4.833436e-13,2.1696737e-17,1.7974359e-12,1.1369363e-10
540000,200,36,0,4.7289037e-11,1.6110582e-11,8.0904514e-19,2.9780395e-27,3.359482e-19,2.6426692e-11
540000,14,422,0,-1.1772911e-12,8.9975964e-11,3.5517325e-09,7.384779e-10,1.1641682e-09,1.2332758e-10
540000,438,94,0,4.9353055e-10,6.74702e-11,1.4949448e-13,2.9773348e-19,3.037671e-10,1.5174119e-10
540000,194,18,0,-3.7582676e-13,3.548977e-11,6.5710493e-12,1.0564949e-15,7.430652e-17,1.3614246e-10
540000,440,405,0,1.4672978e-10,2.466208e-11,6.099708e-13,1.0452676e-17,2.1316262e-16,3.1170544e-09
540000,490,94,0,-6.085401e-13,5.3344936e-11,1.739188e-11,1.7065708e-13,1.1829443e-14,1.3185747e-10
540000,491,138,0,-6.1421896e-13,2.484908e-11,3.2151507e-11,3.4530885e-13,1.1495141e-14,1.1839299e-10
540000,447,470,0,1.0461534e-12,8.616521e-11,8.839061e-15,7.128917e-22,2.7460645e-10,1.6144343e-10
540000,259,21,0,-4.7470106e-13,1.8601062e-11,3.428949e-16,2.509415e-25,5.6138553e-15,3.7733178e-11
540000,6,69,0,-7.3719514e-13,1.3044822e-11,4.8085185e-11,5.585956e-13,1.87756e-14,1.9159364e-10
540000,12,24,0,-1.2985647e-12,1.13729005e-10,1.2985146e-12,8.383249e-18,1.421943e-11,3.621428e-10
540000,499,334,0,-5.6026456e-13,2.2039913e-11,4.4609778e-17,2.8997242e-27,1.4449493e-20,4.6777093e-10
540000,113,26,0,8.8122413e-13,3.3410975e-11,9.438763e-16,2.7232223e-25,2.4979396e-16,2.0957108e-10
540000,35,146,0,1.5834626e-12,7.9795545e-11,1.6644597e-11,6.723938e-14,2.8295713e-10,3.0162635e-09
540000,452,338,0,1.387255e-10,4.185688e-11,1.8098375e-15,8.671417e-24,2.5854108e-16,6.429509e-11
540000,33,139,0,7.5778717e-13,8.599832e-11,1.3258061e-11,1.9794345e-14,3.1250117e-11,1.5502973e-10
540000,43,363,0,3.808796e-11,2.413675e-12,1.3576302e-12,3.9280594e-17,2.3466004e-20,1.898232e-10
540000,431,411,0,4.7910215e-10,2.526824e-11,3.6467166e-11,1.5187458e-12,2.3813325e-09,3.4959344e-09
540000,79,148,0,3.8298115e-10,6.87613e-12,2.810499e-17,1.7825949e-28,6.0377465e-24,6.2686314e-12
540000,268,491,0,-1.044145e-12,3.9963248e-11,2.7704616e-12,1.9410075e-16,1.3208203e-16,7.618164e-11
540000,194,475,0,4.316588e-13,4.6433257e-11,3.546044e-09,7.220081e-10,1.1537565e-09,1.1698242e-10
540000,69,47,0,9.7793246e-11,9.3145484e-11,6.1374365e-12,1.7126252e-15,1.2788474e-11,2.6549176e-11
540000,28,39,0,-1.2893481e-12,9.361719e-11,6.5424376e-12,5.0133542e-15,1.9483035e-11,2.5560343e-10
540000,465,63,0,1.4743227e-11,2.3508558e-11,3.8327767e-15,1.11889885e-23,8.1395347e-17,2.3813236e-11
540000,13,66,0,-8.843393e-13,4.222406e-11,1.7952018e-12,1.328645e-17,1.8752588e-11,3.3116307e-09
540000,47,425,0,2.4310282e-10,4.81204e-11,7.966775e-11,1.3227547e-12,5.5051456e-14,3.9567738e-10
540000,424,26,0,4.652384e-12,4.8449886e-11,2.136767e-13,8.728725e-19,5.9202885e-17,5.330113e-10
540000,314,460,0,4.946129e-11,4.5932477e-11,1.2047606e-14,7.3212966e-22,1.464955e-14,5.326226e-11
540000,35,437,0,2.6536344e-11,4.4276017e-11,1.3770476e-12,3.3018638e-17,1.7098264e-13,2.9741873e-10
540000,485,431,0,-8.365106e-13,7.4825306e-11,5.4000936e-11,8.8134453e-13,3.1940478e-11,1.4734314e-10
540000,15,139,0,-1.0742379e-12,9.474531e-11,3.3526695e-11,2.1173201e-13,2.4957902e-10,3.1809322e-09
540000,100,398,0,5.843157e-10,2.5631925e-11,3.1226749e-12,2.154479e-16,3.5130237e-18,3.5093053e-10
540000,95,460,0,3.2681867e-12,9.8629334e-11,4.429819e-12,1.4368068e-15,8.832371e-12,1.9581152e-10
540000,5,336,0,-7.8528227e-13,7.033895e-11,3.4622594e-09,7.191878e-10,1.3865246e-09,2.258276e-10
540000,21,106,0,-5.6489514e-13,8.969809e-11,6.5547992e-12,5.2503634e-15,2.857764e-10,4.3674037e-11
540000,480,110,0,-2.389497e-13,4.4001025e-11,1.7492435e-14,3.2869153e-22,1.6380383e-12,6.7863916e-11
540000,55,134,0,1.6381863e-10,6.208112e-12,6.4589757e-12,2.0864355e-15,2.26299e-18,4.2220852e-11
540000,97,440,0,2.4727212e-10,6.067935e-11,4.59714e-19,3.784656e-32,7.232866e-14,8.509548e-11
540000,93,490,0,-9.0278756e-13,9.523629e-11,1.2674768e-11,1.5035873e-14,3.4373274e-10,3.4524874e-09
540000,478,325,0,-1.6100765e-13,1.9350889e-11,3.8799096e-14,3.5386822e-20,2.3708124e-14,2.8951185e-11
540000,218,53,0,4.0774198e-10,4.3943602e-11,1.4441854e-19,8.661227e-31,1.7022212e-17,7.032206e-12
540000,15,475,0,-1.5914349e-12,1.3414227e-10,5.8120135e-14,3.166553e-19,1.4676889e-12,2.6338134e-10
540000,47,489,0,-1.7297734e-12,7.732684e-11,1.387666e-14,2.6409286e-22,1.2242918e-16,2.6592253e-10
540000,235,60,0,2.6589983e-10,1.9179462e-10,1.8944645e-13,4.0459167e-19,3.7159742e-09,3.0591707e-09
540000,214,60,0,1.0989541e-09,1.0419465e-10,1.8983576e-18,1.55701035e-30,1.6039785e-12,2.002187e-14
540000,49,391,0,4.2726073e-11,3.3413463e-11,3.3290098e-12,1.4894949e-16,1.9262209e-14,6.1634475e-11
540000,82,116,0,1.2306269e-10,1.6209983e-11,6.064356e-15,1.8199583e-22,5.1415556e-15,1.0922813e-11
540000,489,369,0,-5.890197e-13,4.2432027e-11,1.0032205e-12,9.4038207e-17,8.484843e-12,5.058792e-11
540000,37,221,0,5.868842e-11,1.0451286e-10,2.1804377e-15,3.9925244e-24,1.8942559e-10,3.1527746e-11
540000,211,67,0,4.9819987e-10,9.179681e-12,2.7871335e-14,4.576841e-20,1.592569e-19,3.8967538e-13
540000,131,489,0,-8.5108537e-13,3.271212e-11,2.4745032e-12,4.789229e-16,7.465001e-16,2.4933677e-10
540000,30,15,0,-1.5427639e-12,1.7103102e-10,1.6731962e-12,1.9033356e-17,3.1519065e-11,1.2102015e-10
540000,425,93,0,2.3219761e-10,4.6285403e-11,7.3557925e-15,1.8134594e-22,1.0554771e-12,4.803655e-11
540000,304,436,0,1.1618729e-09,9.042092e-11,4.5044897e-14,5.563649e-21,2.7282456e-11,3.2420126e-11
540000,167,479,0,-9.535003e-14,4.0476438e-11,1.4761014e-11,4.8809054e-14,2.3437026e-14,4.3273527e-11
540000,12,3,0,-5.381726e-13,6.789036e-11,7.1105184e-11,9.445656e-12,3.704313e-12,3.2238914e-09
540000,21,239,0,-9.494451e-13,5.8373965e-11,3.8348253e-12,2.7871344e-16,1.4370453e-18,1.411651e-10
540000,478,446,0,-2.365478e-13,6.687337e-11,2.26561e-11,9.569614e-14,4.958612e-15,4.2919016e-10
540000,42,312,0,1.1611736e-10,3.4773805e-11,3.036029e-11,1.2850865e-13,1.6465593e-15,3.0280358e-11
540000,481,323,0,-3.6907825e-13,1.71927e-11,1.5680831e-13,1.6531556e-19,6.11778e-15,3.0283003e-09
540000,43,88,0,1.8149605e-10,3.0390027e-11,6.4076624e-15,1.5007575e-22,5.673154e-16,3.2842568e-10
540000,435,21,0,4.7667415e-13,1.1012334e-10,2.2336123e-19,1.6429582e-30,3.2916737e-14,2.4265923e-10
540000,490,107,0,-4.8253225e-13,2.4525165e-11,7.462771e-15,4.1204108e-23,7.9216464e-20,1.012963e-10
540000,10,401,0,-8.7366876e-13,1.8678628e-11,1.6513566e-14,5.55244e-21,7.55379e-21,7.5017555e-11
540000,193,69,0,1.2913526e-09,1.6714295e-11,1.6690301e-14,3.395065e-21,6.7268715e-16,6.8400216e-11
540000,180,421,0,6.6308375e-10,1.8072681e-12,7.77855e-17,2.7199922e-27,1.4507413e-28,1.4212747e-11
540000,451,194,0,4.4249093e-10,5.431708e-11,1.1935766e-15,1.2076984e-24,2.2086814e-12,8.993323e-11
540000,482,330,0,-2.8442938e-13,1.8004043e-12,6.921655e-16,1.30509046e-23,1.3559541e-27,8.0582915e-11
540000,214,81,0,7.438741e-11,1.3599735e-10,1.2884044e-14,1.977417e-20,1.2706627e-12,3.0479281e-09
540000,6,104,0,-8.789001e-13,4.7495487e-11,6.9886465e-15,1.5117455e-22,8.5684084e-14,2.580014e-10
540000,63,32,0,1.2065334e-12,5.0477088e-11,1.3923392e-15,5.596112e-24,1.6553003e-15,3.183278e-09
540000,7,3,0,-2.9054602e-13,7.348964e-11,3.4657632e-09,7.191884e-10,1.181218e-09,2.7811015e-10
540000,66,188,0,1.2453447e-09,6.579374e-11,4.5355058e-13,9.028742e-18,1.1867789e-11,2.9982972e-09
540000,321,54,0,5.3734084e-10,5.057439e-12,4.0116716e-19,2.3070427e-32,3.414203e-21,1.0611117e-10
540000,478,14,0,-1.6372926e-12,1.3300198e-10,3.4622598e-09,7.191878e-10,1.1613469e-09,1.5200412e-10
540000,58,465,0,1.9883132e-11,1.3766824e-10,9.476737e-14,2.0205824e-19,1.9070368e-10,1.2011851e-10
540000,82,244,0,7.881919e-10,5.3976833e-11,6.6020067e-12,6.154451e-15,2.7663022e-14,8.176977e-11
540000,402,284,0,7.869768e-10,4.8418988e-11,1.0280475e-24,5.62142e-40,3.5319377e-13,9.096458e-11
540000,430,486,0,-1.854623e-12,1.3186058e-10,7.751928e-14,2.2296958e-19,2.6278393e-11,1.303853e-10
540000,21,381,0,-6.5650346e-14,2.1783917e-11,2.8205949e-12,2.8918846e-16,4.8225526e-14,9.503245e-11
540000,39,362,0,1.6957132e-11,7.7850695e-12,9.670581e-12,7.528042e-15,2.3324043e-17,3.1799945e-09
540000,464,168,0,1.483649e-11,6.063259e-12,4.4294765e-16,1.1935286e-25,2.0620778e-26,7.7155844e-11
540000,164,493,0,-8.930975e-13,4.2671023e-11,1.0799984e-11,3.0623032e-15,4.11971e-17,1.544115e-10
540000,89,468,0,1.2203959e-13,1.8822903e-11,6.701578e-11,9.800522e-12,4.1124335e-12,3.0097444e-10
540000,408,36,0,1.0025072e-11,2.0843653e-11,1.282244e-10,1.9844104e-11,9.885634e-12,4.0300654e-10
540000,227,53,0,1.3556095e-10,2.9719233e-12,4.203765e-13,7.783066e-18,1.8022496e-21,2.065014e-12
540000,39,65,0,7.8716915e-11,3.766463e-11,3.2727254e-10,1.8558168e-10,7.2203193e-10,3.6876802e-10
540000,290,52,0,1.854223e-11,4.4064336e-11,5.0160207e-14,2.1558611e-20,1.067499e-13,1.9539004e-10
