mcsteps,xCOM,yCOM,zCOM,il8,il1,il6,il10,tnf,tgf
340000,58,260,0,2.6704559e-09,8.739108e-12,2.2861366e-17,3.100896e-27,4.51205e-22,8.450672e-12
340000,127,278,0,2.084089e-09,2.0851047e-13,1.997549e-10,5.829268e-11,5.1485868e-11,3.3156003e-17
340000,320,86,0,2.7630802e-09,1.1605862e-12,1.935098e-17,3.2106423e-26,2.1801e-25,1.35182135e-11
340000,426,147,0,2.187688e-09,1.0432859e-12,4.0194473e-17,5.375015e-26,1.5888136e-28,1.097975e-10
340000,389,77,0,2.1816926e-09,9.728102e-13,7.391931e-13,1.6231211e-17,7.537078e-21,1.8625199e-10
340000,76,141,0,1.9964264e-09,2.4341828e-12,8.2641875e-17,7.037627e-26,3.245656e-25,1.7720417e-15
340000,126,316,0,2.588372e-09,8.4396e-12,2.5444592e-29,0.0,7.279105e-19,2.5654468e-13
340000,438,319,0,2.4992481e-09,3.1332038e-12,1.2017497e-21,3.3448766e-36,1.04278505e-23,1.1480775e-11
340000,395,187,0,2.2199338e-09,2.7193608e-10,1.9803498e-16,1.6285238e-23,6.4988216e-11,4.525035e-11
340000,271,255,0,2.3718316e-09,8.936476e-16,0.0,0.0,3.243481e-36,1.14967004e-17
340000,383,67,0,2.292716e-09,5.9815377e-12,3.1328445e-13,1.7387791e-18,3.0106341e-21,5.5793547e-12
340000,137,99,0,1.9337585e-09,2.6555572e-11,2.1316293e-19,2.1988639e-29,6.872802e-16,2.7168958e-11
340000,392,314,0,2.3245696e-09,2.4525825e-18,1.5469846e-23,3.9113e-40,0.0,2.9092197e-11
340000,73,326,0,2.174565e-09,4.2182254e-19,1.0789707e-31,0.0,0.0,9.762409e-12
340000,209,54,0,2.0413509e-09,1.210158e-10,1.4337204e-22,2.3528731e-36,3.0603094e-12,1.0852071e-13
340000,323,205,0,2.0684943e-09,7.437038e-14,3.9682575e-18,8.543247e-28,4.7724906e-25,2.8646833e-12
340000,94,376,0,2.1071198e-09,1.6162731e-11,1.4217623e-17,1.4220464e-27,1.7410479e-18,4.4703588e-11
340000,394,426,0,2.1645075e-09,1.2752619e-11,1.15963594e-23,9.512237e-39,1.9708652e-20,3.791117e-12
340000,203,425,0,3.0004885e-09,2.3383045e-12,1.1062427e-12,4.1964077e-17,2.3106673e-20,1.8656845e-12
340000,261,127,0,2.3486733e-09,6.5230087e-12,3.591515e-22,1.9816082e-36,2.9843058e-19,1.3483084e-14
340000,404,107,0,2.613311e-09,1.0752182e-11,7.6254215e-16,1.10340476e-23,8.95601e-19,1.0229918e-12
340000,188,196,0,1.9146544e-09,6.683607e-13,6.3375044e-20,1.3808241e-31,2.3576218e-24,1.2102423e-14
340000,385,429,0,2.5270988e-09,2.971432e-11,1.727236e-14,3.8984045e-21,1.461773e-14,2.7000023e-12
340000,233,290,0,1.9193274e-09,2.0212705e-29,0.0,0.0,0.0,3.736799e-30
340000,201,360,0,2.1919084e-09,3.4972686e-14,4.66308e-30,0.0,1.2387517e-33,1.82142e-12
340000,349,67,0,2.3155877e-09,1.5586107e-11,3.317502e-11,3.6791463e-13,2.586868e-14,8.627325e-12
340000,66,315,0,2.0768642e-09,2.1668847e-12,2.7607808e-31,0.0,1.6646464e-25,9.6627975e-12
340000,205,431,0,3.2480045e-09,1.9001708e-11,2.150231e-12,8.382131e-17,2.2084417e-17,9.466764e-11
340000,209,220,0,2.5345732e-09,1.22610845e-11,1.0333905e-35,0.0,6.0933634e-19,1.2692155e-12
340000,77,278,0,2.9330791e-09,1.9893337e-11,9.001078e-23,4.1830145e-37,7.476883e-19,2.9294782e-11
340000,108,363,0,2.0273552e-09,3.1708608e-11,8.878093e-12,4.6779038e-15,1.4302338e-13,1.716956e-10
340000,91,389,0,2.2157116e-09,1.0980791e-11,1.7636657e-12,9.666473e-17,2.0829274e-19,1.32949875e-11
340000,156,431,0,1.9434656e-09,2.317866e-12,1.353968e-20,4.1704917e-32,1.5689034e-23,2.2970075e-11
340000,407,267,0,2.022477e-09,6.237455e-12,1.1537607e-26,4.907e-42,8.4683764e-23,5.152072e-13
340000,268,393,0,2.0746953e-09,2.0292971e-13,4.3684824e-17,7.6520155e-26,3.9494127e-32,2.0198128e-11
340000,242,397,0,2.2340823e-09,4.04773e-11,4.798719e-31,0.0,1.3056391e-14,1.9052667e-12
340000,440,84,0,2.1545232e-09,2.2488499e-11,4.959565e-12,1.1437908e-15,1.6314875e-15,1.2064283e-10
340000,446,77,0,2.1076068e-09,5.505884e-12,3.298115e-13,4.6203588e-18,1.9204016e-21,9.624259e-11
340000,415,128,0,2.8033027e-09,9.425895e-12,4.183904e-16,1.360088e-22,8.429262e-21,5.0426913e-11
340000,389,155,0,2.0846525e-09,4.9574924e-11,1.5262687e-11,1.716371e-14,7.608077e-12,5.224356e-11
340000,307,424,0,2.2380615e-09,6.37929e-12,1.4292917e-20,1.2857829e-32,1.1935205e-21,1.3735922e-11
340000,335,203,0,2.3575386e-09,5.316255e-16,2.875724e-15,3.8731245e-22,4.10709e-27,7.00469e-14
340000,59,186,0,2.1249682e-09,1.7028207e-12,1.7922067e-13,1.6291532e-18,2.9517186e-22,2.7112812e-11
340000,53,272,0,2.1163589e-09,2.918068e-11,3.6559934e-14,1.6266718e-20,6.765855e-18,1.0444001e-11
340000,309,73,0,2.0081616e-09,3.941701e-12,1.0229696e-12,1.4820435e-16,3.1697512e-19,4.2281195e-14
340000,188,399,0,1.9479107e-09,2.9613738e-13,3.4736656e-17,8.9424416e-26,3.0303888e-29,3.0259458e-11
340000,378,108,0,1.9863569e-09,1.3829442e-13,2.118353e-15,1.2105323e-21,5.048907e-26,2.1275139e-12
340000,377,253,0,2.3760338e-09,2.8616639e-11,8.549574e-23,1.0500092e-37,1.7033899e-16,5.0366317e-12
340000,168,209,0,1.9845372e-09,2.9741404e-14,0.0,0.0,5.4521546e-35,5.461856e-14
340000,66,90,0,2.0881004e-09,7.016234e-11,4.0226217e-16,3.546653e-23,2.0008552e-10,6.9378405e-12
340000,396,334,0,2.1547268e-09,2.7332778e-11,5.8901075e-18,1.2803904e-27,5.817182e-16,5.013281e-14
340000,189,249,0,2.730248e-09,1.3517192e-11,3.52832e-40,0.0,7.336584e-18,7.158041e-14
340000,279,428,0,1.942265e-09,6.0165505e-12,4.8675756e-15,2.4568297e-22,7.805262e-21,9.823748e-11
340000,346,344,0,2.1050641e-09,2.6794949e-12,7.112645e-27,1.1e-44,2.9323432e-25,2.4642924e-12
340000,432,130,0,2.1387745e-09,1.0134279e-11,4.3711495e-27,8.911e-42,1.2402537e-22,8.0737986e-11
340000,442,274,0,1.937142e-09,4.120004e-13,3.8424146e-15,4.5492522e-21,4.5373213e-25,1.9366717e-12
340000,438,54,0,2.019726e-09,9.458132e-11,1.351465e-13,9.226363e-19,4.6248727e-15,1.3982741e-11
340000,299,337,0,3.5449372e-09,2.0887132e-19,1.2625451e-32,0.0,0.0,2.6260558e-15
340000,341,111,0,3.1714236e-09,3.4076135e-13,1.9216725e-33,0.0,2.8868864e-30,1.7737341e-15
340000,138,267,0,2.4070674e-09,6.578982e-16,1.9228832e-23,4.748827e-39,3e-44,6.5439797e-18
340000,200,246,0,3.2327334e-09,3.5083412e-11,0.0,0.0,2.2564676e-15,2.0453707e-13
340000,292,108,0,2.2339162e-09,7.757267e-12,5.007695e-32,0.0,2.013968e-21,5.5980533e-12
340000,246,93,0,1.9057205e-09,4.243061e-12,5.4788072e-18,3.6986926e-27,9.158159e-24,2.3621658e-11
340000,296,339,0,3.327895e-09,5.298651e-21,1.2830149e-34,0.0,0.0,3.8071315e-17
340000,194,71,0,2.1638185e-09,5.350391e-12,2.430984e-16,1.6659117e-24,6.9268167e-19,2.764234e-13
340000,64,195,0,2.5524656e-09,2.7070091e-11,9.091843e-19,9.984092e-29,1.3239713e-17,1.1061035e-10
340000,52,71,0,1.9253739e-09,2.552159e-12,2.1901824e-14,1.265464e-20,8.785622e-25,2.4193727e-11
340000,402,128,0,2.1233444e-09,2.3140465e-12,2.4278066e-16,3.285962e-24,1.9418403e-26,3.8962544e-12
340000,355,401,0,1.9165787e-09,2.1706463e-12,1.290187e-22,3.657774e-34,8.854663e-24,2.821071e-11
340000,439,427,0,2.425893e-09,2.9281157e-11,2.4393573e-17,1.4990221e-25,1.7851987e-18,7.324956e-11
340000,442,258,0,2.142855e-09,1.3290255e-11,4.2117723e-19,8.239246e-30,2.2353987e-19,4.9385575e-11
340000,389,397,0,1.9492534e-09,1.6243331e-11,4.182312e-22,2.73439e-34,2.9998435e-20,4.7133e-11
340000,244,242,0,1.9309572e-09,3.915233e-22,0.0,0.0,0.0,1.8808982e-16
340000,71,411,0,1.9843012e-09,2.1467399e-11,2.2380472e-12,3.905855e-16,2.5055158e-16,5.102735e-12
340000,307,376,0,2.1362572e-09,7.712436e-15,1.5006072e-17,5.5675626e-27,7.5915047e-31,9.38393e-13
340000,305,254,0,2.0055342e-09,2.7861114e-15,0.0,0.0,1.5619812e-36,2.7489173e-21
340000,245,440,0,2.0443334e-09,1.1954668e-13,2.3735896e-13,1.2912178e-18,1.8395724e-22,5.4813307e-12
340000,112,181,0,1.9286732e-09,3.6749034e-11,2.279059e-30,0.0,3.3301661e-15,3.0237303e-16
340000,162,315,0,2.295844e-09,8.9715374e-11,2.7345598e-23,2.4312203e-34,9.854575e-13,1.3449381e-14
340000,354,278,0,2.563444e-09,3.6466386e-18,1.4127734e-20,4.1930227e-31,8.544349e-39,1.7848609e-13
340000,383,172,0,2.5864275e-09,2.490855e-11,2.5978111e-14,3.1808374e-21,5.6095366e-17,1.9101788e-11
340000,89,263,0,2.2161513e-09,6.162034e-11,8.806539e-15,1.8617136e-21,4.41699e-12,8.5479705e-12
340000,444,99,0,1.9370163e-09,1.6527858e-10,8.281783e-16,3.78911e-24,2.0296977e-10,1.7133729e-10
340000,89,276,0,2.7478229e-09,2.3006819e-11,7.217825e-16,2.953028e-23,7.778439e-16,3.435698e-13
340000,293,246,0,2.2467594e-09,4.932523e-11,0.0,0.0,3.3581811e-15,6.288362e-16
340000,207,334,0,2.1075146e-09,2.7028946e-13,2.9584109e-28,1e-45,2.6412986e-26,1.4118532e-15
340000,280,212,0,2.2245323e-09,1.0784503e-11,0.0,0.0,3.6416158e-20,1.6193813e-14
340000,313,59,0,2.0171849e-09,1.0157271e-11,5.381611e-19,1.4060924e-29,1.830362e-21,7.4891525e-12
340000,238,137,0,2.0852522e-09,3.9012978e-25,1.6734481e-12,2.2490914e-16,4.011346e-19,1.4683752e-14
340000,285,176,0,2.0247581e-09,3.982068e-15,6.589247e-34,0.0,2.044603e-30,8.253094e-11
340000,132,197,0,2.136596e-09,5.5364012e-11,4.7081123e-38,0.0,3.3581811e-15,2.7223752e-14
340000,230,143,0,2.107126e-09,2.053576e-30,3.2007495e-20,2.8097562e-31,4.360212e-39,1.7570902e-12
340000,252,297,0,1.9726052e-09,4.7431625e-17,2.7625715e-33,0.0,1.733052e-39,1.6599658e-16
340000,337,257,0,4.02635e-09,1.1784076e-18,5.0367435e-32,0.0,0.0,1.5170688e-16
340000,398,306,0,2.3002202e-09,1.7766306e-14,1.2614062e-34,0.0,2.482538e-32,9.282831e-13
340000,429,420,0,2.361904e-09,1.6183097e-11,1.4342686e-15,1.3491118e-23,1.7502688e-17,7.643291e-11
340000,71,218,0,2.10732e-09,1.4607694e-11,1.054737e-16,6.4729106e-24,1.6868087e-20,7.446919e-11
340000,168,403,0,1.9324458e-09,3.1547442e-11,5.1513314e-26,4.41e-43,8.7363183e-17,4.3297812e-13
340000,287,315,0,2.5322149e-09,1.2984752e-12,5.9290095e-37,0.0,2.2340983e-21,1.1485123e-10
340000,259,282,0,2.0046569e-09,2.0059964e-17,8.763418e-36,0.0,6.19203e-40,2.063895e-23
340000,252,173,0,1.9624204e-09,1.6317461e-13,4e-45,0.0,6.615758e-23,1.877792e-13
340000,238,428,0,2.4215163e-09,2.2600777e-11,1.2778491e-22,5.4916685e-37,1.6838114e-16,1.0226172e-11
340000,229,430,0,2.3563569e-09,3.1726715e-11,5.0032722e-18,1.283856e-27,2.5259653e-16,1.843861e-12
340000,255,271,0,1.9927844e-09,4.2044006e-19,0.0,0.0,0.0,7.809179e-32
340000,222,130,0,2.452799e-09,2.1151697e-21,1.57959e-29,1.3e-44,0.0,2.0100148e-12
340000,289,209,0,2.1171562e-09,9.850544e-13,0.0,0.0,1.3542017e-27,4.1517527e-12
340000,86,240,0,2.0490516e-09,8.155431e-11,2.242252e-15,4.3801502e-23,1.5366557e-14,1.0012314e-11
340000,223,352,0,2.4584457e-09,2.8652788e-12,7.711402e-15,3.4561516e-21,3.5605943e-22,7.282417e-13
340000,210,268,0,2.006623e-09,2.4380827e-16,0.0,0.0,6e-45,3.9112855e-17
340000,345,144,0,1.9880615e-09,2.4569206e-13,6.454492e-29,0.0,8.395116e-33,3.435256e-13
340000,415,172,0,2.0243829e-09,1.6947863e-13,7.0740446e-21,2.0420279e-31,4.8246586e-33,2.082664e-14
340000,428,370,0,2.1420457e-09,4.4482397e-11,5.9540074e-14,7.1418186e-20,1.0384326e-13,2.8262447e-12
340000,396,193,0,2.186257e-09,5.0297287e-11,6.5823246e-20,1.7251238e-32,7.769373e-18,1.8656014e-12
340000,413,337,0,2.7494227e-09,8.632556e-11,4.830579e-15,6.766543e-22,9.260578e-15,1.5967533e-11
340000,365,266,0,2.2052165e-09,6.7755423e-15,1.3356071e-26,1.3971e-41,4.084395e-33,1.3643793e-12
340000,335,335,0,2.537979e-09,2.7475492e-11,4.632218e-32,0.0,1.7457833e-16,5.8653186e-12
340000,330,184,0,2.11591e-09,1.536065e-13,2.5193757e-34,0.0,5.330916e-34,6.0554433e-16
340000,434,75,0,2.0712294e-09,4.7629036e-11,2.6036505e-14,3.1809875e-21,1.1868538e-16,1.4716443e-11
340000,403,150,0,2.3108884e-09,1.534904e-11,2.1278482e-23,5.4802984e-38,5.044115e-20,3.1213344e-11
340000,355,213,0,2.1172544e-09,2.325383e-16,1.8385941e-16,4.3755994e-25,1.3812377e-31,1.3681294e-13
340000,446,196,0,1.9184538e-09,1.906972e-11,2.3690002e-14,8.9028564e-20,2.9692064e-21,7.310277e-11
340000,150,282,0,1.9915436e-09,5.2613413e-12,3.5811313e-29,0.0,1.1935206e-21,9.717163e-13
340000,323,291,0,2.6118099e-09,3.578926e-11,3.0362058e-31,0.0,1.4579939e-15,9.294274e-14
340000,63,445,0,1.9313844e-09,1.4658977e-11,9.369189e-12,8.6639375e-15,5.9698737e-17,2.8664737e-11
340000,369,298,0,1.9516848e-09,6.8688948e-12,1.0985394e-18,1.7139496e-29,4.0904417e-21,2.6405871e-14
340000,223,266,0,1.9586959e-09,4.8927685e-15,0.0,0.0,1.0774662e-38,1.9670862e-24
340000,444,434,0,2.4080968e-09,2.2853423e-10,3.4449432e-13,2.1381438e-18,7.402371e-11,2.3567828e-10
340000,402,404,0,2.2423576e-09,1.0535741e-10,8.261225e-18,3.7117907e-25,1.9503804e-10,8.614884e-12
340000,387,86,0,2.1061877e-09,2.2787192e-11,4.9323698e-17,3.3496174e-24,5.77284e-17,2.8692337e-12
340000,324,310,0,2.727094e-09,5.59729e-11,0.0,0.0,1.4022029e-13,4.581216e-12
340000,211,222,0,2.5577853e-09,7.432252e-12,7.480033e-39,0.0,1.2208083e-19,1.3625818e-13
340000,181,222,0,2.9169194e-09,1.8028986e-14,0.0,0.0,7.7392e-41,5.77362e-17
340000,258,327,0,1.929488e-09,1.5719596e-12,0.0,0.0,1.5688724e-23,2.0946654e-14
340000,326,316,0,2.4883813e-09,1.0068108e-11,4.5e-44,0.0,5.7273427e-18,6.6399874e-15
340000,236,433,0,2.5190925e-09,2.8461854e-11,2.6284227e-21,1.2434355e-33,5.6483354e-16,4.9497198e-11
340000,111,290,0,2.1749798e-09,1.5786839e-11,1.3223654e-26,5.6646e-41,1.4240684e-17,1.4546478e-13
340000,313,431,0,2.5244342e-09,2.3762103e-10,5.237189e-16,1.9371827e-24,2.2897996e-12,4.1064947e-11
340000,299,294,0,2.1208024e-09,3.5180792e-11,9.87383e-38,0.0,6.4751893e-18,3.4329404e-16
340000,123,315,0,2.5904408e-09,6.8843424e-11,3.7705743e-28,0.0,1.3626536e-14,1.7812154e-14
340000,193,333,0,2.5350149e-09,2.9971641e-16,3.992e-42,0.0,2.2762339e-38,3.192923e-13
340000,152,89,0,1.9759134e-09,5.4154323e-11,4.7677723e-15,5.684774e-21,3.475225e-13,1.6388413e-11
340000,198,176,0,2.096915e-09,1.5948947e-11,1.5328562e-17,1.9209692e-26,1.3383868e-18,4.102869e-16
340000,327,279,0,2.7335745e-09,6.906373e-11,2.5489896e-21,6.0565025e-32,4.431737e-14,2.9258265e-15
340000,64,142,0,1.9839723e-09,6.199137e-11,6.967462e-11,2.0604284e-12,2.0184436e-13,4.254922e-12
340000,315,110,0,2.3522986e-09,1.0233734e-11,5.244765e-36,0.0,2.47493e-19,6.206452e-11
340000,350,366,0,2.005369e-09,6.4027004e-12,1.7782271e-30,0.0,4.0912696e-21,1.0478887e-10
340000,323,306,0,2.633502e-09,5.0346e-12,4e-45,0.0,1.6274144e-22,3.1663235e-11
340000,417,128,0,2.7918032e-09,2.6629525e-12,4.1839113e-16,1.360088e-22,9.712681e-25,2.5288932e-10
340000,154,117,0,1.989704e-09,9.988456e-13,1.7346181e-14,5.079154e-21,1.3696064e-25,2.7334796e-11
340000,444,151,0,1.9908966e-09,1.462951e-11,4.5802444e-16,3.017266e-23,1.132045e-18,4.0384026e-11
340000,186,417,0,2.248025e-09,9.0390136e-13,1.01961774e-13,1.6804852e-18,9.083357e-22,1.4766185e-14
340000,192,245,0,3.3920295e-09,3.464509e-11,0.0,0.0,2.755851e-15,1.191405e-11
340000,73,66,0,2.149493e-09,3.2939927e-12,4.353074e-18,3.33696e-28,3.4642977e-20,8.265296e-11
340000,215,351,0,2.2301008e-09,1.1318049e-12,1.8907506e-11,2.91502e-14,4.8166333e-16,1.7558344e-11
340000,267,216,0,2.1921676e-09,2.7186864e-14,0.0,0.0,5.8070846e-33,1.8773063e-18
340000,114,90,0,2.2157631e-09,1.8938717e-11,9.076161e-17,6.7091713e-25,3.7398546e-17,1.2414203e-10
340000,204,429,0,3.3726781e-09,9.035725e-12,4.6901636e-12,8.1530743e-16,1.7679722e-18,5.2727326e-11
340000,365,141,0,2.039849e-09,2.366988e-13,1.032703e-13,1.7053051e-19,7.89587e-24,6.8995903e-12
340000,128,63,0,2.660395e-09,5.2352112e-11,3.6022338e-11,5.507868e-13,4.4187107e-14,5.3551196e-12
340000,403,144,0,2.2940263e-09,8.0672854e-13,1.1334338e-20,3.5993522e-31,9.771208e-31,6.658649e-11
340000,412,214,0,1.9501316e-09,3.716155e-11,9.965787e-15,7.031055e-22,6.278808e-14,1.6696826e-10
340000,309,193,0,1.98133e-09,5.498119e-16,8.7096e-41,0.0,4.9e-44,4.2360687e-17
340000,275,220,0,2.2384206e-09,9.6503046e-14,0.0,0.0,1.2321698e-33,4.141075e-16
340000,263,196,0,2.1573623e-09,1.5447335e-14,0.0,0.0,2.116783e-29,9.032485e-12
340000,145,311,0,2.2733613e-09,2.3118441e-20,1.0079282e-18,8.883062e-28,2.3720787e-34,7.511125e-12
340000,392,111,0,2.2841231e-09,1.08707414e-16,3.328647e-13,2.2425007e-18,3.385871e-22,1.125143e-16
340000,243,62,0,1.904801e-09,3.406465e-14,6.1168795e-21,6.601563e-33,5.100134e-38,3.71882e-11
340000,296,390,0,2.1520892e-09,7.102406e-12,5.536376e-22,4.961476e-35,8.259416e-20,7.432495e-12
340000,220,335,0,2.132977e-09,6.771299e-11,1.5896893e-22,1.564761e-34,2.7509455e-12,5.3808154e-16
340000,84,372,0,2.0392217e-09,1.2720196e-12,1.500443e-17,2.1124657e-27,2.9916406e-28,5.462407e-11
340000,76,60,0,2.1452973e-09,5.4416822e-11,5.3908487e-14,2.4791621e-19,4.1327834e-15,2.881221e-11
340000,375,312,0,1.9895732e-09,6.4532434e-13,2.7784707e-19,3.9126512e-30,1.3290214e-26,2.2569792e-11
340000,169,241,0,1.9856632e-09,7.50392e-11,3.7023362e-38,0.0,1.4073306e-13,1.8308555e-13
340000,395,101,0,2.4300397e-09,1.4854726e-13,4.072524e-17,3.1879465e-26,4.9507708e-29,1.05477266e-13
340000,369,385,0,2.17918e-09,1.3121997e-12,2.6448703e-15,5.872297e-22,2.5505914e-25,1.1795129e-11
340000,287,324,0,3.205748e-09,2.0361814e-18,0.0,0.0,8.84e-43,8.185042e-12
340000,295,316,0,2.5698927e-09,8.264039e-16,0.0,0.0,5.678152e-39,1.0902121e-12
340000,286,268,0,2.1286664e-09,1.0882259e-23,0.0,0.0,0.0,3.9722128e-22
340000,342,261,0,2.7682916e-09,4.4312837e-14,1.1904009e-26,6.7978e-41,2.4049394e-29,2.235393e-15
340000,114,391,0,2.2377213e-09,6.846696e-11,9.619176e-13,7.363827e-17,2.7509436e-12,4.7547257e-12
340000,266,179,0,2.0777637e-09,2.012994e-12,0.0,0.0,1.2265556e-25,1.5669759e-14
340000,197,326,0,2.631497e-09,6.6354084e-15,1e-44,0.0,7.846621e-32,1.92786e-17
340000,226,321,0,2.1616473e-09,4.8792393e-17,2.8608e-41,0.0,6.991e-42,1.9677747e-23
340000,321,116,0,2.2373685e-09,1.4529029e-12,2.8069939e-37,0.0,2.2257898e-24,2.6461751e-11
340000,436,369,0,2.270165e-09,4.794222e-11,1.630757e-15,2.2233344e-22,1.1235209e-17,7.328414e-11
340000,184,328,0,2.3282363e-09,1.891275e-18,2.1567135e-33,0.0,3.5e-44,1.166513e-15
340000,100,332,0,2.0609343e-09,6.0420055e-18,6.17188e-17,8.604482e-26,2.3440684e-32,5.7525033e-11
340000,195,318,0,2.259944e-09,7.089633e-18,6.6754935e-36,0.0,0.0,9.5573185e-20
340000,310,292,0,2.3532092e-09,3.632119e-13,1e-45,0.0,4.4202967e-26,1.5760357e-11
340000,155,446,0,1.975757e-09,1.6393689e-10,5.892278e-17,2.2297831e-25,1.1079659e-11,4.22134e-12
340000,354,113,0,2.2217452e-09,3.247728e-10,2.977485e-39,0.0,2.914892e-11,6.624594e-14
340000,319,287,0,2.6474798e-09,1.7187156e-13,1.5384075e-32,0.0,1.0441478e-30,7.1658027e-12
340000,280,119,0,2.0043585e-09,6.3116575e-13,7.549609e-32,0.0,1.6720634e-30,3.6007594e-18
340000,389,139,0,2.0347959e-09,2.1888479e-11,3.005259e-13,7.164235e-18,3.6592902e-17,2.5294616e-14
340000,230,204,0,1.9115072e-09,5.0145594e-14,2.8069939e-37,0.0,3.690515e-33,4.422704e-13
340000,136,74,0,2.5495355e-09,3.065159e-11,2.3266484e-16,1.9095149e-25,1.1540496e-16,4.6694116e-12
340000,383,52,0,2.0936337e-09,5.6923962e-11,5.4626633e-12,2.852963e-15,1.167882e-16,2.9588113e-11
340000,331,234,0,3.232013e-09,5.8304805e-11,7.0890414e-32,0.0,2.1538767e-13,2.3157594e-11
340000,366,365,0,1.9863793e-09,4.2757041e-13,7.6778484e-20,1.7664352e-32,4.4202967e-26,9.312872e-13
340000,390,344,0,2.4567137e-09,1.0104762e-12,3.3909607e-12,2.2838719e-15,3.070147e-17,9.072689e-12
340000,118,326,0,2.08152e-09,1.563532e-11,7.4293286e-17,1.8053654e-24,5.3788345e-19,3.4722652e-11
340000,331,445,0,1.909909e-09,2.7252563e-11,2.879138e-12,2.5065822e-16,5.210692e-19,3.4288655e-11
340000,112,414,0,1.9846642e-09,5.1807798e-11,1.3500466e-14,1.2845058e-21,4.678775e-14,1.185453e-10
340000,337,254,0,3.3306522e-09,2.0022227e-20,1.2868465e-34,0.0,0.0,5.776177e-16
340000,225,357,0,2.3295899e-09,6.5607584e-12,2.2987404e-11,4.378647e-14,7.667202e-16,4.141726e-12
340000,292,102,0,2.2737865e-09,1.6237673e-11,2.433363e-25,4.398063e-38,4.461723e-18,8.990026e-12
340000,355,76,0,2.1465334e-09,3.6721817e-11,4.621006e-12,9.670551e-16,6.0959155e-17,2.2483458e-12
340000,54,431,0,1.984e-09,4.7803636e-11,4.778548e-16,1.3759948e-24,3.505886e-17,6.1839193e-11
340000,55,89,0,2.0761561e-09,9.004591e-12,3.116153e-20,1.7938822e-31,1.235847e-20,2.4467342e-12
340000,208,367,0,2.1524704e-09,2.4449295e-11,6.671351e-30,0.0,1.820041e-17,2.9244625e-16
340000,107,96,0,2.2054778e-09,6.6156893e-12,1.23455814e-14,9.722201e-22,3.4843878e-20,1.1815474e-10
340000,439,376,0,2.1550435e-09,4.9773432e-11,4.3048213e-14,2.1206463e-20,5.1605894e-12,3.156844e-11
340000,193,55,0,1.978227e-09,9.906838e-11,4.1251976e-23,1.3759651e-37,2.070416e-14,1.5974135e-11
340000,250,216,0,1.9651003e-09,6.021823e-11,0.0,0.0,8.824527e-12,8.573012e-12
340000,335,273,0,2.2157494e-09,1.138459e-13,2.3896924e-17,2.3534889e-26,6.861781e-30,1.1741634e-14
340000,316,298,0,2.4468243e-09,1.4538532e-13,3.6e-44,0.0,1.5143114e-30,6.914673e-13
340000,331,365,0,2.219846e-09,3.1051217e-11,3.1607444e-29,0.0,2.5259653e-16,5.796538e-13
340000,57,220,0,2.2860445e-09,2.3791916e-10,2.4351571e-12,4.62247e-16,2.5863206e-13,1.8450413e-10
340000,181,414,0,2.2394042e-09,2.7281675e-12,1.245394e-13,1.9330504e-19,2.2666824e-22,1.9123457e-13
340000,161,126,0,2.0309623e-09,6.140992e-11,9.488905e-22,2.7601531e-35,3.4773166e-13,6.447316e-11
340000,203,419,0,2.4358608e-09,1.9177613e-12,4.950843e-16,1.1778068e-24,1.7551931e-25,3.8907374e-11
340000,357,181,0,2.05371e-09,8.417978e-12,6.255492e-36,0.0,2.772001e-21,1.1868804e-17
340000,362,201,0,2.207893e-09,1.965633e-11,4.0528284e-27,1.19e-43,1.2755633e-16,1.325329e-13
340000,207,141,0,1.9265838e-09,4.57805e-16,3.947191e-29,0.0,9.0363796e-38,3.7726064e-16
340000,112,271,0,2.1355286e-09,6.349247e-15,7.344669e-24,1.725692e-39,2.64781e-40,1.5791385e-15
340000,406,408,0,2.2250346e-09,5.5472623e-11,1.7548694e-16,9.28837e-24,1.5174558e-16,1.1401379e-12
340000,72,250,0,2.141035e-09,1.1859444e-11,9.6291225e-11,1.0000829e-12,6.512995e-14,3.015888e-11
340000,148,262,0,2.2173958e-09,1.6566295e-12,3.0695741e-34,0.0,4.12273e-25,3.4945367e-12
340000,118,124,0,2.041913e-09,8.791423e-15,1.8588527e-23,1.622764e-39,4.555687e-37,2.0989246e-14
340000,142,199,0,2.2493012e-09,5.607958e-11,1.7519179e-37,0.0,1.7203087e-15,2.8445789e-11
340000,172,134,0,1.9639217e-09,6.705871e-11,5.3908487e-14,2.4791621e-19,5.1605894e-12,6.067912e-15
340000,444,440,0,2.2399271e-09,4.6332303e-11,3.1902603e-12,4.5618754e-16,1.8043976e-17,9.668197e-11
340000,103,244,0,2.222753e-09,1.2777103e-11,1.4267314e-25,2.109e-42,7.3423576e-19,1.18958146e-14
340000,127,379,0,2.0467845e-09,2.5858076e-16,1.6595708e-15,2.0937588e-23,2.289664e-29,8.051407e-11
340000,195,246,0,3.680539e-09,5.4966674e-12,0.0,0.0,1.1996597e-22,1.8780778e-12
340000,60,203,0,2.1618063e-09,4.0547878e-11,1.9688126e-17,2.6186775e-25,1.7042738e-17,1.592114e-11
340000,218,436,0,2.30616e-09,2.217809e-11,9.380713e-14,6.118083e-20,3.658934e-17,5.8937286e-11
340000,291,129,0,2.2752118e-09,9.013383e-12,1.8528038e-16,5.978374e-24,2.4265576e-21,1.7588678e-18
340000,342,417,0,1.924701e-09,1.5877733e-11,1.3974555e-10,1.2924699e-11,3.5486746e-12,1.6324143e-11
340000,268,359,0,2.018025e-09,2.3848946e-12,2.3584112e-18,2.5347537e-26,1.0435558e-21,1.9767017e-13
340000,91,250,0,2.3374593e-09,1.2445818e-12,3.628848e-14,6.4655435e-20,3.3795025e-21,1.5367792e-11
340000,404,352,0,2.28042e-09,1.337875e-13,1.8400055e-17,8.5362355e-26,4.300352e-31,4.5169306e-11
340000,296,281,0,2.0402848e-09,3.0237297e-14,4.2e-44,0.0,4.1676085e-32,2.4879523e-18
340000,310,434,0,2.5570894e-09,2.3999008e-11,3.8882298e-16,5.0828426e-24,7.30485e-21,4.0213883e-12
340000,416,352,0,2.1088071e-09,2.9974775e-13,5.5423773e-11,4.1196248e-13,2.347873e-14,7.5410074e-11
340000,413,427,0,1.945858e-09,5.23693e-11,1.0551385e-26,4e-45,2.4630333e-18,4.957464e-15
340000,75,333,0,2.1228432e-09,6.498049e-23,4.813632e-33,0.0,0.0,5.0943416e-11
340000,256,231,0,1.9907977e-09,1.2868168e-13,0.0,0.0,1.275229e-31,1.2302749e-11
340000,145,354,0,1.9547752e-09,2.4438384e-11,6.9700494e-16,2.444887e-24,1.820041e-17,5.6193314e-11
340000,223,161,0,2.3093598e-09,4.337087e-16,1.0841842e-19,2.0005189e-28,1.3963983e-34,1.1683819e-15
340000,382,283,0,2.291797e-09,7.277018e-12,1.5552874e-23,7.4982124e-38,1.7121816e-20,2.5632178e-16
340000,366,124,0,2.004643e-09,8.399957e-12,1.1745964e-28,0.0,2.753355e-20,3.077571e-11
340000,373,262,0,2.2900923e-09,5.3078583e-12,7.899378e-20,2.7132352e-31,2.0341163e-22,1.4240389e-11
340000,440,176,0,2.1729063e-09,4.7316612e-12,8.1520066e-13,1.11640704e-17,3.3821046e-21,2.326792e-13
340000,298,201,0,2.0252204e-09,5.983077e-19,0.0,0.0,0.0,5.6992966e-11
340000,394,171,0,2.1172284e-09,8.269587e-12,2.5909234e-13,5.590497e-18,3.4382425e-21,3.705811e-11
340000,242,390,0,2.16241e-09,3.4791777e-11,1.7279734e-24,2.54853e-40,1.9159131e-19,2.255545e-11
340000,95,408,0,2.066386e-09,3.6427052e-11,3.71199e-12,2.6240064e-15,3.6848927e-15,1.4200374e-10
340000,350,259,0,2.2822448e-09,4.681323e-16,9.5443045e-29,0.0,5.539745e-38,2.1692895e-12
340000,414,307,0,2.6812617e-09,1.4330827e-11,9.687923e-21,9.2294754e-33,4.519472e-18,9.0202e-12
340000,304,336,0,2.7312692e-09,1.3389592e-16,4.2380743e-28,1.4e-44,1.28e-43,8.5524937e-17
340000,422,329,0,2.430892e-09,1.7272522e-11,8.9697953e-20,3.3634125e-30,4.461723e-18,1.3092205e-15
340000,211,434,0,2.6358684e-09,1.7510542e-11,2.9330809e-12,2.1461655e-16,6.9918284e-19,1.42791e-10
340000,302,89,0,2.1730968e-09,6.620678e-11,1.22107525e-26,0.0,3.3817955e-12,5.8516074e-11
340000,97,161,0,1.9097848e-09,3.8008124e-11,7.934147e-19,1.6835523e-29,3.6070668e-16,2.7082217e-11
340000,275,175,0,2.1328723e-09,1.8008208e-12,6.4e-44,0.0,3.4642974e-20,1.4073424e-10
340000,285,302,0,2.2940005e-09,2.0425206e-13,1.1853315e-22,2.979224e-34,9.108666e-27,5.7017266e-11
340000,58,284,0,2.000081e-09,4.870176e-11,3.3791027e-21,3.4323126e-35,2.1506653e-10,2.7293903e-11
340000,151,54,0,1.9167221e-09,1.0495511e-11,5.622331e-13,4.787062e-18,3.8495677e-20,7.787842e-11
340000,355,192,0,2.0931943e-09,8.0126366e-12,6.63689e-37,0.0,3.484388e-20,9.724776e-12
340000,419,109,0,2.0049327e-09,3.0007216e-12,1.0633182e-11,1.2627079e-14,9.451101e-17,9.214282e-14
340000,218,421,0,2.1228865e-09,2.2169825e-11,1.0162687e-12,9.417651e-17,9.255385e-18,3.3523646e-11
340000,267,256,0,2.3630364e-09,8.4936534e-14,0.0,0.0,4.5786442e-26,1.0861306e-20
340000,356,276,0,2.5902454e-09,8.472005e-18,1.7428885e-23,8.827463e-37,0.0,1.0987398e-14
340000,278,382,0,1.9847357e-09,2.8128333e-12,1.0966229e-22,1.3642777e-37,1.836783e-21,1.7999721e-12
340000,79,275,0,3.2069283e-09,1.34830975e-11,8.2472123e-22,3.3326231e-34,9.934997e-18,2.9454935e-11
340000,251,402,0,2.0927895e-09,3.088102e-11,4.1781534e-26,7.9103e-41,7.137957e-17,9.583686e-13
340000,244,309,0,1.9563404e-09,1.7967144e-14,0.0,0.0,9.545533e-26,4.747572e-18
340000,353,63,0,2.270735e-09,2.675634e-12,7.5436055e-12,5.6313003e-15,3.571582e-17,3.831938e-11
340000,160,296,0,1.987958e-09,8.6220094e-11,1.0257219e-31,0.0,1.190808e-12,6.4958406e-16
340000,401,116,0,2.312657e-09,1.0591147e-13,1.5183663e-10,5.841096e-11,6.154412e-11,4.6591116e-12
340000,178,102,0,2.2205453e-09,2.9412127e-17,2.1796135e-20,1.4040879e-31,7.99306e-40,5.093409e-12
340000,435,255,0,2.1252389e-09,4.220265e-12,6.4093327e-13,6.7351785e-17,1.2671566e-19,6.270488e-12
340000,118,286,0,2.2388855e-09,1.0362875e-12,3.2608998e-18,6.602267e-29,1.3489274e-24,6.7627387e-13
340000,296,336,0,3.609869e-09,2.957155e-21,1.028625e-36,0.0,0.0,8.325167e-15
340000,236,171,0,1.9700435e-09,1.2313876e-22,8.7616e-40,0.0,0.0,9.4274615e-15
340000,100,257,0,2.567314e-09,1.6468372e-11,3.1254787e-24,2.566128e-39,1.6642005e-17,2.5005175e-16
340000,123,431,0,1.9244522e-09,5.205099e-13,5.8264987e-13,8.6255145e-17,3.4541248e-19,1.972206e-12
340000,99,253,0,2.679923e-09,5.2715033e-12,1.6599058e-21,8.03192e-35,7.086188e-22,1.5163113e-14
340000,141,447,0,1.9505024e-09,2.9976428e-11,7.3823204e-11,1.0846778e-12,7.753231e-14,4.543735e-11
340000,77,210,0,2.2402995e-09,1.40944825e-11,6.956181e-14,2.5450329e-19,5.3065e-19,2.5062851e-11
340000,325,257,0,2.1705684e-09,2.219101e-13,2.16133e-40,0.0,1.6022468e-25,1.4714784e-19
340000,378,59,0,2.2399196e-09,1.4553456e-11,4.419892e-18,3.3385603e-28,2.6358868e-19,9.952836e-11
340000,265,128,0,2.359159e-09,4.3645986e-11,2.27958e-26,3.6e-44,3.475185e-13,5.4958257e-17
340000,445,242,0,1.9482604e-09,1.03435776e-11,2.7272152e-14,7.715902e-21,9.223092e-21,4.246286e-12
340000,434,420,0,2.4884812e-09,2.744128e-12,9.567907e-15,9.476415e-21,5.060949e-25,6.620023e-11
340000,397,284,0,2.1465405e-09,1.05525005e-10,1.2188079e-28,0.0,3.3003058e-12,8.782467e-12
340000,72,125,0,1.9408488e-09,1.25128016e-11,2.4509183e-19,1.6093703e-29,2.5571574e-17,3.8239287e-11
340000,163,193,0,1.9475916e-09,5.2057796e-11,2.66e-42,0.0,5.410165e-16,3.9090443e-11
340000,336,341,0,2.393539e-09,1.04694985e-11,7.461028e-29,1.1e-44,4.1055603e-21,9.5181946e-14
340000,343,297,0,1.9361865e-09,7.788256e-15,9.891343e-25,3.937149e-38,2.390724e-34,1.5790976e-15
340000,419,155,0,2.1825943e-09,9.5004135e-12,1.1698361e-17,1.5312975e-27,5.011035e-20,3.7311056e-13
340000,135,211,0,2.1246207e-09,4.9006015e-11,9.000806e-23,7.443891e-35,1.6072287e-15,2.188977e-18
340000,438,338,0,2.2318047e-09,1.375728e-13,6.3778168e-27,2.33e-42,1.5830974e-27,1.06701446e-10
340000,181,220,0,2.8851168e-09,5.0119373e-14,0.0,0.0,3.168924e-37,8.675509e-16
340000,147,303,0,2.1504223e-09,3.5253872e-17,7.141294e-27,1.0246e-41,3e-45,8.1185675e-12
340000,275,325,0,2.0801174e-09,8.0513786e-20,7.3386e-41,0.0,0.0,1.8248421e-12
340000,309,313,0,2.089267e-09,7.363839e-18,0.0,0.0,0.0,8.024639e-13
340000,370,74,0,2.3263418e-09,7.3797023e-13,1.6719125e-20,3.25752e-33,3.3249604e-30,7.90481e-11
340000,73,291,0,2.0965776e-09,1.6407915e-11,6.0004015e-26,1.96e-42,2.8444115e-18,8.981092e-13
340000,376,146,0,2.044893e-09,3.7723416e-13,1.6040619e-14,1.8600964e-20,8.517267e-25,1.0878224e-10
340000,136,179,0,2.2720377e-09,1.8899224e-11,0.0,0.0,1.3383861e-18,3.1663873e-11
340000,411,339,0,2.8162916e-09,2.755744e-11,1.2303473e-15,1.4605507e-22,1.4262118e-16,3.94405e-11
340000,287,442,0,1.9812572e-09,1.5978666e-11,2.4360642e-12,4.62247e-16,1.0761661e-18,3.151487e-12
340000,85,416,0,2.5035516e-09,5.66916e-12,2.6886975e-17,3.40738e-27,6.783217e-20,4.503359e-11
340000,219,315,0,2.0622788e-09,1.5698409e-13,6e-45,0.0,1.3600213e-29,6.189351e-28
340000,136,369,0,2.4037214e-09,1.2061886e-15,4.736899e-11,1.0240048e-13,1.8799585e-15,1.0107946e-14
340000,434,138,0,2.1869082e-09,7.9699476e-11,2.2171685e-23,2.471037e-34,5.5599522e-12,7.698983e-11
340000,113,237,0,2.1051718e-09,2.4296383e-11,2.1214466e-31,0.0,5.5403746e-19,1.3281779e-12
340000,428,53,0,2.0210593e-09,1.746772e-10,2.3739405e-12,1.06862054e-16,1.0520875e-10,2.9010868e-11
340000,189,112,0,1.948498e-09,3.228468e-14,6.034485e-20,2.7774105e-30,1.01524005e-35,2.490841e-12
340000,73,165,0,1.9156767e-09,2.2212484e-11,1.1010106e-25,2.45e-42,5.841133e-17,4.677747e-11
340000,124,246,0,2.0704798e-09,3.855803e-11,6.3670197e-29,0.0,1.4617785e-14,5.882574e-13
340000,235,342,0,2.0517588e-09,2.4379063e-11,3.5631086e-18,8.174265e-27,1.3940652e-15,5.625707e-13
340000,142,319,0,2.1518018e-09,5.5341697e-16,1.9726298e-13,8.790958e-19,1.1824615e-22,3.4042131e-12
340000,264,203,0,2.206267e-09,3.1707845e-13,0.0,0.0,4.3835472e-26,9.541395e-13
340000,255,352,0,1.9443291e-09,1.604135e-11,2.9052679e-33,0.0,1.01532e-18,1.7863036e-11
340000,432,157,0,2.1048663e-09,4.2629938e-11,4.0232363e-11,2.000202e-13,6.757188e-14,5.931548e-11
340000,203,241,0,2.6903124e-09,4.7052504e-13,0.0,0.0,5.502245e-27,1.1374556e-14
340000,204,289,0,2.1756459e-09,1.2945524e-12,5.9e-44,0.0,4.0210932e-25,1.6130178e-16
340000,108,392,0,2.2327058e-09,1.340714e-11,5.328024e-12,1.3435407e-15,2.7871003e-18,8.459405e-12
340000,420,316,0,3.084971e-09,4.262404e-13,1.2706172e-20,1.8685652e-34,9.06927e-30,5.6895568e-11
340000,327,191,0,2.1921276e-09,1.9186355e-15,7.5398077e-28,1.3e-44,2.05889e-40,2.1101222e-14
340000,178,293,0,2.0238253e-09,7.4367357e-13,8.261138e-18,3.7117907e-25,5.4749176e-28,7.861913e-12
340000,340,111,0,3.1592802e-09,2.5205893e-13,1.3012155e-32,0.0,7.660195e-32,1.1315475e-15
340000,154,75,0,1.9961206e-09,5.9045865e-11,4.2650298e-14,1.6215792e-20,1.1078944e-11,6.969298e-11
340000,380,166,0,2.4114166e-09,3.4103698e-14,5.910444e-14,9.601319e-20,4.5522007e-24,1.2318134e-11
340000,368,251,0,2.5865077e-09,1.2141784e-12,1.3773045e-25,1.2001e-41,2.5665708e-26,3.9164748e-11
340000,257,424,0,1.9344637e-09,5.246857e-11,4.240332e-22,8.923014e-36,9.988885e-15,3.104506e-11
340000,310,390,0,2.1464095e-09,8.2561345e-12,6.5075016e-12,4.07864e-15,2.8601163e-17,4.1711448e-12
340000,88,281,0,2.6550775e-09,1.4918415e-12,1.1689585e-12,3.540852e-17,1.7939105e-20,3.304712e-12
340000,345,97,0,2.1497328e-09,3.938879e-11,4.235809e-25,1.1293017e-38,1.783339e-15,1.1673176e-10
340000,145,207,0,2.1845292e-09,3.2694682e-12,4.5008597e-31,0.0,9.198011e-22,8.119515e-15
340000,336,378,0,2.0370687e-09,3.529595e-15,3.581548e-16,6.6039522e-24,1.8504633e-29,4.114198e-11
340000,336,130,0,1.9827004e-09,1.9960166e-12,0.0,0.0,1.6203319e-24,3.9090453e-11
340000,378,174,0,2.4661468e-09,2.6039162e-11,1.5116462e-16,1.3595804e-25,1.9368825e-15,3.496635e-11
340000,290,251,0,2.281167e-09,3.637068e-14,0.0,0.0,2.7656978e-28,5.0942003e-13
340000,325,92,0,2.9299214e-09,9.867211e-15,1.9066117e-13,7.731037e-18,9.775713e-21,1.5803721e-11
340000,363,209,0,2.2327389e-09,8.6978054e-13,7.899378e-20,2.7132352e-31,2.7662076e-26,4.2177566e-16
340000,56,262,0,2.663452e-09,5.5970055e-12,4.2026996e-18,4.739033e-28,1.6897993e-22,6.8215867e-12
340000,211,173,0,2.0879383e-09,3.3446022e-12,6.981945e-30,0.0,9.132483e-20,3.131029e-12
340000,296,329,0,3.1755043e-09,1.3394185e-22,1.117e-42,0.0,0.0,1.06931596e-10
340000,123,224,0,2.5469336e-09,7.52501e-12,4.1110378e-19,6.489294e-30,2.0593192e-21,1.758869e-11
340000,84,390,0,2.1656508e-09,4.9492604e-11,1.3790241e-13,1.9459006e-19,3.3301858e-15,2.0254354e-09
340000,165,174,0,1.92144e-09,3.3090963e-12,3.42e-43,0.0,6.970472e-25,7.416779e-12
340000,272,234,0,1.9939728e-09,7.449888e-13,0.0,0.0,6.340364e-29,8.305712e-12
340000,104,340,0,2.0618804e-09,4.8973347e-13,8.790674e-21,1.6984927e-32,3.266525e-27,2.10234e-11
340000,179,347,0,1.9855366e-09,6.2441607e-16,3.21309e-20,2.9918265e-32,2.2783245e-38,7.7571115e-14
340000,156,239,0,1.9617281e-09,1.1322182e-12,9.151047e-32,0.0,3.312679e-27,4.991458e-13
340000,183,284,0,2.0279425e-09,5.8496993e-15,3.2937986e-28,3e-45,4.9870706e-34,1.1117503e-12
340000,373,349,0,1.9716893e-09,3.86961e-12,5.668076e-17,7.5338184e-25,5.597945e-24,2.0502605e-14
340000,415,313,0,2.8481661e-09,5.5647513e-14,1.8037067e-22,9.855887e-38,4.7627687e-30,1.4108791e-15
340000,152,340,0,1.9435995e-09,3.973641e-11,2.9320292e-20,2.0338646e-33,3.9847337e-14,2.911296e-14
340000,330,329,0,2.5401894e-09,4.546191e-13,9.116383e-33,0.0,2.2231325e-29,1.8263867e-13
340000,321,107,0,2.4530995e-09,1.5786327e-11,1.181681e-27,4.8e-44,1.4240684e-17,2.5060821e-11
340000,297,382,0,2.2029993e-09,5.9827035e-13,5.549011e-19,2.2046748e-30,1.7479685e-29,7.101369e-11
340000,174,224,0,2.3284188e-09,2.1765007e-12,0.0,0.0,6.364698e-26,2.2251026e-18
340000,290,325,0,3.6003456e-09,1.9259774e-19,0.0,0.0,0.0,1.7399923e-12
340000,191,351,0,2.0446036e-09,1.2903827e-16,4.5840184e-31,0.0,7.587996e-39,9.30281e-12
340000,103,226,0,2.1529887e-09,8.102718e-12,6.9100354e-28,1.33e-43,3.9239045e-21,2.463932e-13
340000,85,209,0,2.1237045e-09,4.3726453e-11,8.402398e-19,4.0446473e-29,3.5009657e-15,1.4212729e-12
340000,132,332,0,1.9924635e-09,3.8399405e-12,6.690674e-25,8.552e-41,8.2947115e-23,3.0653566e-12
340000,197,243,0,3.5159193e-09,1.9039846e-12,0.0,0.0,2.910647e-25,4.7254405e-12
340000,187,70,0,2.1525994e-09,1.4714409e-12,2.8758976e-22,9.753388e-35,1.1674035e-27,8.297246e-12
340000,54,316,0,1.9806492e-09,5.6228313e-13,1.0871336e-20,2.9524633e-33,1.0327382e-28,1.759472e-11
340000,384,248,0,2.1070217e-09,6.617727e-13,7.910352e-24,1.385946e-37,7.8772583e-25,8.653305e-12
340000,388,319,0,2.2424318e-09,5.0037694e-17,2.6887598e-17,1.331076e-27,1.2909227e-35,3.7481268e-11
340000,138,150,0,2.3718247e-09,5.620569e-15,1.3203529e-18,7.0290706e-25,5.2057784e-29,6.1930837e-13
340000,94,432,0,1.9505497e-09,4.300926e-11,3.880216e-24,2.504618e-36,2.0600143e-14,2.1303936e-11
340000,336,257,0,3.962146e-09,5.2616685e-19,1.6921847e-32,0.0,0.0,3.4571253e-17
340000,68,192,0,2.5169946e-09,2.0960091e-11,2.8591357e-18,7.779309e-28,3.7398563e-17,3.4318878e-11
340000,299,147,0,1.9346504e-09,7.195328e-12,8.862429e-18,7.135667e-28,2.1240692e-21,1.5724394e-11
340000,55,225,0,2.2458333e-09,2.7075378e-10,9.692957e-14,1.6796038e-18,3.6741679e-09,2.295321e-10
340000,137,373,0,2.4207025e-09,1.0032311e-17,8.8852346e-12,4.677907e-15,2.5874875e-17,1.1056556e-12
340000,324,416,0,1.9633124e-09,2.0283313e-11,9.682452e-14,1.6796035e-18,2.1248126e-17,3.9224214e-11
340000,191,327,0,2.7931004e-09,1.3086043e-18,2.520653e-39,0.0,0.0,1.0438789e-15
340000,327,87,0,3.054888e-09,8.191424e-13,2.1413217e-15,7.2238676e-22,2.2780041e-26,1.7268357e-12
340000,271,73,0,1.9170414e-09,3.5731074e-11,3.1002254e-18,2.232371e-29,7.548934e-15,1.5737642e-11
340000,325,60,0,2.0874342e-09,2.0202005e-14,2.3643643e-21,1.03874e-33,1.23997e-40,5.066093e-10
340000,87,183,0,1.9664281e-09,8.2292534e-11,2.617315e-12,1.347562e-15,3.1092907e-13,2.113744e-12
340000,61,100,0,2.2390532e-09,7.685791e-11,7.9013e-18,2.938491e-26,2.7579958e-15,9.63808e-12
340000,78,193,0,2.149937e-09,1.3192654e-10,1.2587929e-18,2.7324006e-28,3.3004155e-12,4.9665688e-11
340000,198,370,0,2.1133217e-09,8.3751955e-12,5.007e-42,0.0,1.1768676e-20,1.7496769e-17
340000,365,248,0,2.440135e-09,3.5091235e-11,1.6063886e-20,2.426726e-32,2.2564676e-15,1.6577439e-12
340000,362,87,0,2.0876871e-09,4.5639356e-12,2.7061909e-15,4.2847018e-23,1.7362625e-22,1.557495e-10
340000,215,62,0,2.0204525e-09,8.073545e-11,6.7492106e-21,4.6417653e-33,5.83656e-16,1.166237e-16
340000,194,265,0,1.9931847e-09,3.19761e-17,1.692182e-32,0.0,3.8e-44,9.011652e-18
340000,421,304,0,2.3742561e-09,4.0291117e-12,8.0830414e-15,3.0031774e-21,2.6214532e-22,3.0530385e-12
340000,337,208,0,2.3351825e-09,5.7650134e-18,3.217874e-13,5.3984458e-18,2.360114e-21,5.672304e-14
340000,298,431,0,2.1557578e-09,3.0799124e-11,1.0232697e-15,1.5755151e-22,5.6515254e-18,5.6452724e-11
340000,56,375,0,1.9044013e-09,3.685933e-13,2.7352277e-11,1.0823262e-13,2.438237e-15,3.844839e-12
340000,130,263,0,2.2434374e-09,2.207589e-12,3.4405672e-22,3.896593e-35,6.7877354e-23,8.017394e-21
340000,123,116,0,2.0457043e-09,4.907065e-15,9.299891e-25,1.1287e-41,5.7395918e-33,5.631745e-11
340000,322,97,0,2.578738e-09,6.9027607e-13,6.634831e-18,1.7272623e-26,9.173155e-30,3.4504302e-11
340000,277,297,0,2.3389959e-09,1.90273e-19,1.0633093e-11,3.7674257e-14,1.7967284e-15,1.8689583e-12
340000,364,170,0,2.028738e-09,1.176518e-11,4.476697e-28,0.0,3.2932629e-18,1.531909e-12
340000,163,320,0,2.2756161e-09,3.7437206e-12,2.8271268e-24,3.5428214e-38,1.3395682e-20,3.8761655e-15
340000,294,266,0,2.1627928e-09,5.6562048e-18,0.0,0.0,1.1e-44,3.1788143e-21
340000,388,286,0,2.3543598e-09,1.2269488e-12,7.939125e-26,5.0305e-41,3.8318136e-26,6.1697864e-16
340000,405,345,0,2.4965026e-09,7.799986e-12,2.135409e-12,1.8730438e-16,3.9766178e-19,9.700658e-12
340000,326,282,0,2.8264557e-09,3.5941848e-12,1.2622489e-22,1.3771274e-34,7.1618357e-22,1.6854364e-15
340000,139,75,0,2.538511e-09,6.3034972e-12,6.99944e-14,3.698372e-20,8.868755e-24,1.2449947e-10
340000,121,57,0,2.2800288e-09,1.4137421e-11,9.006479e-18,2.5938509e-28,4.0631735e-19,1.4435339e-12
340000,420,320,0,3.0354859e-09,6.6243244e-12,1.0060924e-23,2.25497e-40,5.932954e-22,1.4188629e-11
340000,99,66,0,2.1699278e-09,3.9437738e-11,1.9842322e-21,1.0386101e-33,1.03815834e-13,2.064737e-11
340000,412,276,0,2.0462017e-09,1.1586743e-10,3.0320224e-35,0.0,3.213325e-09,1.7122087e-14
340000,339,358,0,2.1283741e-09,5.8255484e-11,1.7668333e-35,0.0,1.1943186e-13,3.010614e-13
340000,387,274,0,2.1409354e-09,4.2388187e-11,1.3270132e-14,1.4071056e-20,1.1499248e-14,6.6540462e-12
340000,289,134,0,2.2668212e-09,1.1788054e-11,2.8262386e-13,1.712354e-18,6.431929e-20,4.091147e-14
340000,336,222,0,2.148894e-09,4.6263483e-12,2.8494033e-20,2.2365374e-31,3.923623e-21,4.7254587e-12
340000,220,165,0,2.3506281e-09,8.87725e-13,1.73432e-24,9.365533e-37,1.5753054e-24,1.0454022e-12
340000,145,269,0,2.3845477e-09,1.7439415e-13,6.2039524e-28,0.0,7.4585513e-29,1.4938484e-15
340000,435,333,0,2.3403552e-09,4.7385663e-13,1.1375464e-26,2.13e-43,1.5260422e-26,1.9040922e-11
340000,426,321,0,2.728228e-09,2.3125292e-13,2.3860645e-21,1.2858069e-34,1.5419878e-30,8.75122e-12
340000,282,294,0,2.3879796e-09,1.4242073e-17,4.334047e-18,3.841878e-26,8.733414e-32,8.735303e-13
340000,325,84,0,2.9906901e-09,2.4079452e-12,3.983848e-16,4.001284e-24,6.9085005e-26,5.654458e-14
340000,88,418,0,2.507703e-09,2.2218167e-12,1.912516e-18,2.4576742e-25,7.174079e-27,2.0654272e-11
340000,265,402,0,2.0792035e-09,2.816422e-12,3.005259e-13,7.164235e-18,3.592462e-21,6.428491e-11
340000,323,357,0,2.043713e-09,1.7116264e-15,6.5067033e-23,4.2286452e-35,4.969035e-37,3.7340114e-17
340000,293,324,0,3.4642453e-09,1.3272087e-19,0.0,0.0,0.0,6.6420393e-13
340000,277,366,0,2.0102562e-09,3.737552e-13,3.088931e-19,1.4732785e-28,6.388159e-26,1.401246e-13
340000,223,104,0,1.9261988e-09,2.3148638e-12,1.1140901e-21,2.0049823e-33,6.4659225e-24,1.86994e-12
340000,294,89,0,2.2617554e-09,8.178981e-11,8.40332e-23,2.6235893e-33,3.9155777e-13,6.757769e-13
340000,226,130,0,2.5152578e-09,2.0431693e-22,6.247003e-26,4.93e-43,0.0,1.5924816e-12
340000,219,387,0,1.9132231e-09,3.787943e-16,1.7279736e-24,2.54853e-40,1e-45,5.0139847e-11
340000,104,275,0,2.1684157e-09,8.6121686e-13,5.580624e-24,1.063164e-39,6.397476e-30,6.2251883e-12
340000,224,227,0,1.9736444e-09,1.0195942e-11,0.0,0.0,2.47493e-19,6.678659e-19
340000,64,251,0,2.219727e-09,1.745309e-10,9.490006e-12,9.864936e-15,1.6847598e-13,1.6916994e-11
340000,91,307,0,1.932956e-09,7.729106e-15,9.021864e-12,8.654861e-15,5.968482e-17,3.5269357e-13
340000,354,132,0,2.0417603e-09,2.7526745e-11,4.9348315e-28,0.0,3.6138396e-16,2.27945e-16
340000,420,225,0,1.949229e-09,3.6523753e-12,2.37359e-13,1.2912178e-18,1.8478437e-22,1.4090637e-11
340000,324,374,0,2.200867e-09,3.6598145e-11,1.4232353e-20,3.0910124e-32,3.6072e-16,3.3561712e-11
340000,65,425,0,2.0066968e-09,1.3029305e-10,1.3439167e-23,1.60997e-39,1.4024232e-13,3.3921557e-10
340000,388,441,0,2.1555713e-09,5.142412e-11,2.2775417e-11,6.5734134e-14,1.4582239e-15,1.0478772e-11
340000,137,418,0,1.9239932e-09,4.414718e-11,3.9299176e-12,1.5395383e-15,1.4625794e-14,6.240044e-11
340000,439,315,0,2.4261437e-09,4.853155e-13,3.2714936e-19,1.2173802e-31,1.0469391e-29,1.7401485e-11
340000,73,303,0,2.039438e-09,9.33177e-13,5.712309e-24,2.1652602e-37,4.341295e-26,2.3424287e-11
340000,355,97,0,2.2426445e-09,4.885089e-13,1.8050024e-22,2.0243947e-35,4.75079e-24,1.3262914e-10
340000,115,98,0,2.2587086e-09,9.572757e-13,1.4548366e-11,1.49774e-14,1.0118751e-16,2.5293792e-13
340000,184,444,0,1.9094861e-09,5.171641e-11,4.2938305e-23,3.6728788e-33,3.6111074e-16,1.2826784e-11
340000,376,74,0,2.4201157e-09,5.443025e-12,7.4293326e-17,1.8053654e-24,2.758343e-21,7.3748285e-11
340000,199,167,0,2.0984348e-09,2.686828e-14,9.3345056e-27,9.36e-43,8.916138e-30,1.1286144e-17
340000,98,361,0,2.0576019e-09,3.1559724e-12,1.0408849e-18,8.908791e-28,1.6257622e-23,1.15382835e-10
340000,326,325,0,2.4675164e-09,2.4120496e-15,9.875861e-34,0.0,1.1309345e-37,3.8284746e-16
340000,447,421,0,2.1386457e-09,7.731664e-11,2.5082372e-20,7.660578e-33,8.360188e-15,1.3379043e-12
340000,329,146,0,1.9447088e-09,7.1622487e-12,0.0,0.0,7.81608e-21,1.0702686e-14
340000,143,183,0,2.1664408e-09,1.0499043e-10,0.0,0.0,1.4747929e-10,1.6254489e-11
340000,202,283,0,2.2026947e-09,9.821437e-13,0.0,0.0,9.703339e-28,1.7504847e-12
340000,145,148,0,2.2300917e-09,1.4160535e-12,3.0044887e-27,3.5515e-41,3.0983326e-23,1.3212295e-14
340000,317,381,0,2.2102002e-09,5.401213e-12,4.8565066e-15,2.4567918e-22,1.8263855e-19,1.5936229e-12
340000,371,379,0,2.1998785e-09,7.365248e-13,5.9026406e-14,2.584641e-20,3.734881e-25,1.2834464e-10
340000,127,60,0,2.7267524e-09,9.7798054e-11,5.7257644e-13,2.122842e-17,1.1946856e-13,1.7990866e-11
340000,126,297,0,2.033198e-09,3.1728948e-15,1.2322189e-23,7.885175e-37,6.521969e-35,5.7074633e-11
340000,386,342,0,2.4146607e-09,1.856054e-12,3.3910015e-12,2.2838719e-15,3.070147e-17,6.0936055e-11
340000,315,230,0,1.9508561e-09,1.18677735e-14,7.4223573e-38,0.0,2.30522e-40,1.3840405e-20
340000,231,119,0,2.0406825e-09,1.5808098e-18,7.668653e-24,4.48782e-37,0.0,1.325565e-10
340000,121,404,0,2.0083435e-09,2.9816795e-11,6.839419e-15,3.702774e-22,1.0240803e-17,3.8024628e-10
340000,411,95,0,2.05088e-09,1.1199765e-12,8.419774e-21,5.7383996e-32,7.8780206e-25,7.853442e-11
340000,231,331,0,2.152081e-09,3.4142526e-15,1.0877343e-28,1.061e-42,2.8749228e-36,5.7736035e-17
340000,58,107,0,2.122718e-09,5.31423e-11,1.06974325e-16,5.3148103e-24,1.652207e-16,4.1515874e-10
340000,194,90,0,1.9335182e-09,2.108401e-12,7.817386e-26,1.49e-43,1.1843847e-24,8.3983836e-12
340000,341,233,0,2.234879e-09,5.8435223e-12,2.6280684e-25,1.11116e-40,4.5122303e-24,1.6193774e-14
340000,359,106,0,2.2430338e-09,5.086197e-12,1.5876861e-31,0.0,1.0127364e-21,1.333185e-10
340000,405,304,0,2.36114e-09,8.500646e-14,3.6780974e-29,0.0,1.3825584e-30,1.1541133e-14
340000,132,253,0,2.1585447e-09,8.339773e-11,1.563545e-31,0.0,6.8914424e-14,4.4867033e-16
340000,126,223,0,2.5272582e-09,8.941206e-12,3.9763684e-17,1.7453082e-26,5.9543356e-21,4.3397226e-12
340000,136,144,0,2.278523e-09,1.3930216e-13,6.751546e-21,4.8180508e-30,3.3955744e-31,7.4289766e-13
340000,82,276,0,3.2463616e-09,2.7763787e-12,5.562911e-20,3.6345054e-32,1.2712887e-24,2.5050198e-12
340000,344,328,0,2.096428e-09,1.4250373e-12,9.245321e-29,0.0,3.1313845e-27,1.7163368e-11
340000,109,221,0,2.16918e-09,3.745551e-12,1.9291576e-27,7.8e-44,4.360858e-22,3.091221e-16
340000,411,66,0,1.9143283e-09,4.526989e-11,2.6086473e-21,1.305697e-34,4.2808918e-13,6.9771736e-12
340000,435,180,0,2.174953e-09,1.1837783e-13,6.521645e-18,1.0891182e-28,2.9443062e-30,2.9485124e-15
340000,129,183,0,2.181711e-09,5.434014e-11,1.1e-43,0.0,2.1537947e-13,4.7111224e-13
340000,168,152,0,1.9238842e-09,2.7504457e-11,2.7494326e-28,0.0,2.859877e-17,1.0692134e-15
340000,401,103,0,2.710332e-09,1.9801456e-11,9.455821e-19,2.1300463e-28,7.1344586e-17,2.9745642e-12
340000,287,82,0,2.059875e-09,1.8520132e-11,3.1331693e-23,9.548118e-34,9.37558e-18,7.786323e-11
340000,100,131,0,1.91566e-09,1.0285184e-11,1.6580712e-11,2.215293e-14,1.6288598e-16,1.3341331e-11
340000,422,290,0,1.9855684e-09,3.861869e-11,1.803766e-22,9.855907e-38,4.041836e-18,1.0781527e-11
340000,313,403,0,1.9874444e-09,4.2067265e-12,8.282194e-19,1.6219562e-27,3.37721e-21,3.0664703e-11
340000,332,234,0,3.261511e-09,5.4408776e-11,8.399753e-32,0.0,6.5430326e-15,1.0693104e-10
340000,172,101,0,2.1937125e-09,2.3367878e-20,1.4537349e-14,8.1268476e-21,2.812462e-25,8.6650326e-11
340000,386,433,0,2.6007787e-09,4.9808404e-11,2.572989e-13,5.5904878e-18,1.1471075e-15,2.4542887e-12
340000,330,69,0,2.0851683e-09,1.05851695e-13,5.789503e-17,2.6147205e-26,2.3244488e-33,9.976455e-13
340000,410,162,0,2.1442683e-09,4.4102375e-11,1.9035207e-25,4.0035e-41,2.9762777e-09,1.608269e-14
340000,97,72,0,2.1699498e-09,3.2430277e-11,5.126001e-21,2.3852502e-34,2.2743033e-18,1.00014975e-10
340000,111,305,0,2.013756e-09,6.339099e-17,3.315773e-24,1.4855388e-38,0.0,2.467824e-11
340000,303,444,0,2.0632043e-09,6.211121e-11,3.0514116e-12,1.7896718e-15,8.08054e-16,4.579265e-11
340000,122,488,0,-1.19110355e-11,2.3137057e-09,3.7094574e-11,6.6952043e-13,4.1188666e-09,1.8802218e-11
340000,245,499,0,-4.0176125e-13,2.1247977e-12,9.045627e-15,1.9012255e-22,1.2532567e-27,3.4211967e-11
340000,82,99,0,1.16634254e-11,2.298256e-09,2.729489e-11,8.6890734e-14,4.11881e-09,6.6086595e-11
340000,17,294,0,-5.240004e-13,3.5339687e-12,3.6242146e-12,6.7998556e-16,2.0231986e-18,6.85927e-13
340000,492,81,0,-5.6220013e-13,3.7719043e-11,1.1840698e-14,1.2255936e-21,4.278005e-16,1.4228315e-11
340000,103,139,0,1.5351166e-10,2.3623534e-09,7.08703e-12,1.9300378e-15,4.1189985e-09,1.3683266e-14
340000,239,140,0,7.165474e-10,1.8862236e-25,3.5342274e-12,5.577924e-16,1.0021594e-18,3.042869e-13
340000,50,216,0,2.9383898e-10,2.398181e-09,2.3988517e-14,3.1544352e-20,4.2851864e-09,5.923135e-11
340000,93,247,0,9.500465e-10,2.2768292e-09,7.533208e-16,1.3158757e-23,4.1188084e-09,6.0940746e-11
340000,74,97,0,1.505589e-10,2.3313143e-09,1.4560003e-16,2.9437244e-25,4.1192805e-09,1.3347451e-10
340000,69,107,0,2.0433112e-10,2.3133053e-09,7.033777e-13,7.390541e-18,4.1188084e-09,4.337663e-13
340000,98,223,0,3.9531992e-10,2.349236e-09,1.5010922e-22,7.590002e-33,4.1283648e-09,1.984332e-14
340000,13,337,0,-1.1743267e-11,2.2822646e-09,2.778783e-19,3.912652e-30,4.1188084e-09,9.673517e-11
340000,220,281,0,1.0567623e-10,1.8326925e-22,0.0,0.0,0.0,1.1693285e-21
340000,272,58,0,2.0832586e-11,2.2883893e-09,1.2736548e-12,8.654159e-16,4.1188084e-09,7.7683186e-11
340000,157,258,0,1.521134e-10,2.3090485e-09,3.0398055e-28,0.0,4.1188097e-09,3.8195868e-13
340000,136,477,0,-1.18360625e-11,2.2799673e-09,1.7014911e-21,4.425126e-36,4.1188084e-09,1.5353514e-10
340000,493,95,0,-1.1473577e-11,2.2965578e-09,9.0105554e-13,1.3587072e-17,4.118809e-09,2.5178022e-12
340000,300,4,0,-1.16887776e-11,2.301131e-09,3.655999e-14,1.6266718e-20,4.1188084e-09,1.0938472e-10
340000,121,6,0,-1.2246229e-11,2.2961397e-09,1.4151206e-13,1.862252e-18,4.1188093e-09,9.878814e-11
340000,489,234,0,-1.20501924e-11,2.357219e-09,6.0583236e-23,4.0891548e-38,4.1215595e-09,3.4608844e-11
340000,165,9,0,-1.1638194e-11,2.3016773e-09,3.3249832e-17,1.4589326e-26,4.118809e-09,8.036482e-11
340000,13,358,0,-1.1549778e-11,2.3769018e-09,1.2429633e-13,1.9330337e-19,4.122109e-09,1.6737992e-10
340000,482,192,0,-1.1789962e-11,2.2746058e-09,1.4128237e-10,5.7930563e-11,4.182899e-09,6.760086e-11
340000,119,48,0,1.7523479e-10,2.3187228e-09,4.3165686e-16,1.8263583e-23,4.11881e-09,3.108168e-10
340000,422,262,0,7.63484e-11,2.2810573e-09,2.1462608e-16,1.1000318e-23,4.1188084e-09,4.078391e-11
340000,132,459,0,3.2066242e-11,7.5588306e-11,4.1473945e-13,4.580169e-18,8.5281413e-13,2.3971504e-11
340000,113,429,0,1.5026624e-10,1.4507556e-10,9.4642025e-20,5.2700004e-32,1.3295699e-11,5.2594227e-12
340000,431,349,0,1.1995524e-10,2.4111269e-09,8.773357e-19,1.6214281e-29,4.11909e-09,4.9883687e-12
340000,384,89,0,5.3624566e-10,2.2727191e-09,2.875724e-15,3.8731245e-22,4.1188084e-09,1.323306e-11
340000,76,274,0,1.3886388e-09,2.305289e-09,2.2035412e-22,4.4684677e-36,4.1281956e-09,1.1388917e-10
340000,15,260,0,-1.4293045e-11,2.6264675e-09,6.962104e-11,2.0604265e-12,4.1386548e-09,2.2683539e-11
340000,291,451,0,1.5391433e-10,2.2726996e-09,1.3259337e-10,1.3851832e-11,4.122822e-09,1.5960736e-11
340000,353,107,0,8.2814905e-10,7.311112e-13,3.9700683e-33,0.0,1.3380577e-22,3.0485735e-11
340000,315,220,0,1.3985053e-10,2.2733475e-09,4.0638416e-29,0.0,4.1188084e-09,3.0195803e-15
340000,122,386,0,3.3674546e-10,7.215106e-14,3.2127973e-14,3.5837143e-19,1.5723135e-22,2.3778746e-10
340000,387,182,0,3.9523657e-10,7.252323e-11,1.0379846e-11,1.26110475e-14,4.7229386e-13,1.2249753e-10
340000,132,1,0,-1.18734605e-11,2.2796967e-09,8.662936e-13,2.698548e-17,4.1188084e-09,7.750185e-14
340000,319,258,0,3.7336842e-10,1.4363765e-13,7e-45,0.0,2.6615362e-27,3.2069266e-17
340000,61,13,0,-1.2593732e-11,2.4186808e-09,1.0707361e-14,2.1947042e-21,4.1196806e-09,6.61028e-11
340000,202,11,0,-5.3564656e-13,2.494994e-11,1.6891703e-12,6.968441e-17,3.24291e-15,1.02563846e-10
340000,341,123,0,3.4437833e-10,2.2722344e-09,0.0,0.0,4.1188084e-09,2.607045e-13
340000,137,35,0,-7.2001302e-12,2.4005207e-09,1.7045246e-10,6.788641e-12,4.1235904e-09,9.991208e-12
340000,310,401,0,6.033882e-10,2.2794544e-09,4.4807118e-21,3.5427575e-32,4.1188084e-09,8.9059586e-11
340000,54,103,0,5.486098e-10,4.8168716e-11,1.4719724e-11,2.4047697e-14,5.7284203e-16,6.0728304e-11
340000,462,336,0,-8.154861e-12,2.337844e-09,1.2908874e-10,1.42887134e-11,4.12307e-09,7.0625485e-11
340000,110,333,0,3.487815e-10,3.786256e-14,8.667719e-14,3.5304542e-19,4.7314328e-23,8.2592086e-11
340000,379,359,0,1.4397772e-10,1.0360923e-11,1.4748036e-16,4.2059602e-23,5.356247e-19,2.7158118e-13
340000,13,156,0,-1.1981369e-11,2.3430136e-09,3.0665452e-14,4.1749344e-21,4.119195e-09,2.3643797e-11
340000,235,21,0,-6.275551e-13,2.3288772e-11,3.268781e-12,8.064153e-16,5.165775e-15,1.1791652e-10
340000,269,96,0,4.8427803e-12,2.3203452e-09,9.3252656e-11,6.5820925e-12,4.120587e-09,5.328571e-12
340000,381,405,0,9.634637e-11,6.5122206e-11,3.6779487e-17,4.0943748e-26,4.41699e-12,1.1287684e-11
340000,48,451,0,2.873686e-11,3.006916e-11,2.035323e-13,1.987699e-18,6.950615e-18,4.6992823e-11
340000,41,146,0,-9.109767e-12,2.3596465e-09,3.70743e-11,5.8978815e-13,4.119045e-09,1.0591714e-10
340000,417,32,0,-9.2867675e-12,2.338689e-09,5.345656e-12,7.4114095e-15,4.1188093e-09,5.745752e-12
340000,232,361,0,2.5319805e-10,4.980155e-11,2.6013433e-13,3.9108926e-18,3.475185e-13,2.9322118e-11
340000,23,483,0,-1.6145483e-12,1.845217e-11,3.932696e-12,1.5395384e-15,8.007526e-18,1.07684514e-10
340000,298,150,0,5.7173904e-10,2.6648282e-12,1.6132664e-19,5.102769e-31,5.7844986e-25,5.8920533e-12
340000,61,180,0,3.3878433e-10,2.2791855e-09,5.462943e-12,2.852963e-15,4.1188084e-09,1.7536932e-10
340000,5,453,0,-1.2526024e-11,2.389059e-09,1.3838741e-11,1.2986887e-14,4.1361004e-09,7.039183e-11
340000,75,239,0,2.0879477e-10,3.0541705e-11,2.396536e-12,8.701899e-17,6.7438487e-16,1.6671038e-11
340000,66,322,0,4.9021553e-10,9.877897e-15,1.7836179e-34,0.0,2.7416564e-33,2.3984473e-10
340000,427,1,0,-1.2233665e-11,2.2958113e-09,4.4571266e-32,0.0,4.1188084e-09,4.5852343e-11
340000,101,76,0,4.1386347e-10,2.3827185e-09,4.8942236e-16,7.054868e-24,4.2911723e-09,6.828169e-14
340000,85,361,0,1.6098338e-10,1.0244918e-12,1.0063322e-22,5.869732e-35,2.5643594e-28,2.0995113e-14
340000,124,8,0,-5.009089e-13,2.30776e-12,1.4657585e-15,1.5063286e-22,3.3815327e-21,1.4332683e-11
340000,452,118,0,9.69708e-12,6.23894e-11,6.205864e-13,5.8838924e-18,2.1580728e-16,3.1705416e-13
340000,354,454,0,1.1190676e-12,2.5504276e-11,1.45512e-15,1.0293209e-22,2.5968296e-19,2.1909386e-11
340000,77,159,0,2.3857247e-10,4.5392284e-11,4.2122697e-25,3.84e-43,7.1799814e-12,2.469788e-10
340000,291,385,0,5.1964266e-10,2.272377e-09,7.3114686e-19,1.9444522e-28,4.1188084e-09,1.1830134e-10
340000,365,335,0,4.2047102e-11,2.623834e-12,1.6274869e-10,1.1416411e-11,2.8863491e-12,9.2642366e-11
340000,170,104,0,6.777976e-10,2.2126975e-19,1.4539762e-15,1.5517977e-22,1.5507797e-27,1.0796252e-10
340000,414,224,0,3.7979953e-10,7.0380187e-13,1.8732797e-16,1.0165275e-24,2.204684e-23,9.257548e-11
340000,182,317,0,2.3006616e-10,1.7859284e-19,2.23267e-20,5.8299788e-30,9.081746e-37,3.9086886e-15
340000,55,466,0,1.9411922e-12,7.2367036e-11,1.3490477e-15,3.119595e-23,1.9444654e-15,1.2656566e-10
340000,35,320,0,8.724859e-12,8.6474376e-11,7.6804956e-14,5.623306e-20,2.1538165e-13,2.359051e-10
340000,170,52,0,1.5705826e-11,2.769103e-12,4.599785e-12,9.670482e-16,1.8928496e-18,7.2297103e-12
340000,453,142,0,6.987331e-11,6.201472e-11,2.1762226e-22,7.6749528e-34,1.9482266e-10,2.769172e-12
340000,166,345,0,9.3261746e-11,2.6857753e-13,5.727102e-13,2.122842e-17,1.2243588e-20,1.7852581e-13
340000,34,402,0,-1.1816544e-12,8.044311e-11,1.6507704e-12,1.4065768e-16,6.3468974e-12,7.147103e-11
340000,454,369,0,3.520631e-11,4.6583997e-11,3.785407e-13,1.9923183e-18,6.5466966e-18,1.1881432e-10
340000,129,309,0,4.9352994e-10,6.054041e-16,1.2273332e-31,0.0,1.9713515e-36,2.7811791e-13
340000,83,487,0,-1.2641823e-12,3.6728013e-11,1.455296e-11,1.49774e-14,1.0440137e-16,1.6997918e-10
340000,85,269,0,9.015936e-10,8.9001116e-12,2.2156154e-16,1.78675e-24,3.320861e-22,1.4229869e-11
340000,489,132,0,-6.6246016e-13,1.4671259e-11,2.8606564e-12,3.1157787e-16,5.353419e-19,1.526259e-10
340000,196,230,0,2.6378202e-10,1.5209023e-13,0.0,0.0,6.5855504e-35,1.22245735e-14
340000,213,346,0,5.51797e-10,1.1695637e-14,2.572355e-13,3.2086756e-18,1.2870537e-21,5.6742378e-11
340000,142,256,0,4.3379514e-10,7.11814e-14,4.4715327e-36,0.0,2.0938903e-33,3.4944803e-12
340000,250,459,0,8.647017e-12,2.8589091e-11,5.4084255e-16,1.6975439e-24,1.5703508e-18,8.7982656e-11
340000,195,248,0,2.2368447e-09,5.4030387e-12,0.0,0.0,2.8111024e-21,2.3466976e-13
340000,231,196,0,1.7727247e-10,4.114504e-13,2.7609433e-34,0.0,8.953491e-28,3.8697778e-16
340000,278,350,0,9.029781e-11,6.161632e-12,4.132046e-33,0.0,4.2230766e-22,2.3765448e-11
340000,388,184,0,4.0023837e-10,6.9010915e-11,9.410505e-13,1.2810095e-16,3.0752194e-09,3.8447485e-11
340000,49,465,0,8.0880506e-13,4.258157e-11,1.1584932e-11,1.7592591e-14,3.9118237e-16,1.01181855e-10
340000,298,100,0,5.3868715e-10,1.6739613e-11,5.7961486e-30,1e-45,4.461723e-18,2.189013e-12
340000,248,133,0,1.6145103e-10,2.146042e-18,2.7272159e-14,7.715902e-21,9.7822604e-26,3.1998914e-16
340000,26,25,0,-1.4464146e-12,9.96822e-11,1.6433742e-11,1.9567622e-14,1.108465e-11,8.6845454e-11
340000,389,130,0,2.4092703e-10,1.3486919e-11,2.387678e-11,7.522237e-14,1.5585346e-15,9.362444e-13
340000,172,377,0,3.3289127e-12,4.776746e-16,1.068728e-25,3.946e-42,5.464e-42,7.932883e-12
340000,289,26,0,-1.8239972e-13,2.1575261e-12,3.863974e-17,6.0062025e-25,3.5248317e-25,9.5912875e-11
340000,315,52,0,2.7129238e-10,5.0343767e-11,7.238647e-23,3.0295636e-38,2.2440866e-10,1.02219296e-10
340000,361,263,0,6.5337336e-10,5.641594e-17,3.0764138e-31,0.0,2.12e-43,2.9763534e-13
340000,101,357,0,5.130176e-10,2.8404017e-12,1.1550831e-16,7.4251626e-25,8.0063756e-25,1.9739747e-10
340000,221,328,0,5.6921917e-10,8.5113435e-12,1.4607155e-30,0.0,8.200455e-18,1.0903972e-19
340000,87,94,0,1.7698149e-11,1.0952736e-10,2.4074162e-13,2.4915156e-18,3.434579e-09,9.9176604e-12
340000,21,51,0,-1.2983728e-12,3.4896537e-11,7.240633e-18,2.1330294e-27,6.747273e-16,3.534862e-11
340000,313,139,0,4.8617943e-11,9.390087e-14,4.440057e-27,4.008e-42,1.2146618e-35,2.492954e-11
340000,240,85,0,1.1451173e-10,2.7496198e-12,7.034446e-15,5.6566807e-21,3.9231544e-25,3.4126472e-11
340000,235,93,0,1.10998946e-10,2.67123e-12,1.1199906e-15,9.705795e-23,1.6300911e-25,6.0054635e-12
340000,325,19,0,-1.1061748e-12,4.4103814e-11,6.2867975e-15,5.093248e-21,3.2077508e-16,2.7807253e-11
340000,11,268,0,-6.7765834e-13,6.558783e-12,1.2426187e-13,4.8554814e-19,1.0917366e-21,5.2950977e-12
340000,484,453,0,-1.7036587e-12,1.8534259e-10,1.7712218e-13,9.596875e-18,8.120118e-12,4.1704987e-11
340000,216,196,0,3.0972e-11,1.1897683e-11,2.5795518e-17,1.4455669e-24,4.7783238e-18,3.4317018e-12
340000,483,489,0,-1.2948462e-12,2.7089756e-11,1.2231137e-10,8.704697e-12,2.5697014e-12,1.0852176e-10
340000,314,71,0,4.982331e-10,3.1095534e-12,6.962167e-11,2.0604265e-12,1.8869522e-13,2.7212098e-15
340000,33,400,0,-1.1148488e-12,4.213561e-11,1.0836923e-12,3.1294408e-16,1.8242e-16,1.3220161e-10
340000,422,497,0,-1.5967708e-12,8.591558e-11,1.1287093e-15,1.0015373e-22,2.9368015e-14,7.78742e-11
340000,23,446,0,-1.5329626e-12,7.216047e-11,1.0655208e-14,7.162529e-22,2.3357301e-16,1.68889e-10
340000,116,275,0,5.813761e-10,2.5531569e-14,4.289613e-18,3.8953004e-28,1.0268066e-35,9.076787e-18
340000,160,266,0,1.0614872e-10,9.028634e-12,1.5104854e-19,5.4057615e-30,3.8450625e-20,1.2302566e-15
340000,5,454,0,-4.592211e-12,3.436636e-10,4.2463264e-12,8.1159113e-16,1.0628106e-11,6.786216e-11
340000,152,344,0,5.215801e-10,9.2665944e-12,2.857053e-17,1.3044572e-27,9.883528e-21,1.0105947e-12
340000,350,193,0,4.68522e-10,2.260852e-12,5.787097e-36,0.0,1.0014263e-26,4.8656044e-12
340000,266,261,0,5.737042e-10,9.502841e-11,0.0,0.0,4.759092e-13,1.9091824e-24
340000,233,350,0,4.042536e-10,1.9077025e-11,8.513315e-11,1.9083838e-12,3.3342909e-13,3.2923577e-12
340000,474,119,0,-6.3115566e-13,1.528033e-11,8.629207e-23,2.3628253e-35,4.998496e-22,1.12778065e-10
340000,387,249,0,6.740216e-10,1.480657e-12,1.1905446e-22,4.0426347e-35,4.0098288e-25,2.93638e-11
340000,281,26,0,-1.8406193e-13,6.1852823e-13,9.415273e-14,1.371106e-18,1.4929473e-21,2.3654488e-12
340000,481,26,0,-1.2633111e-12,1.1969697e-10,4.90098e-15,9.954515e-22,6.1218747e-15,1.5118991e-10
340000,46,181,0,4.75806e-11,5.5952284e-11,1.8305332e-13,1.7274875e-18,6.5181506e-15,6.140309e-11
340000,93,482,0,-7.957157e-13,4.872512e-11,5.64371e-17,2.8389126e-26,5.4100603e-16,1.9920073e-11
340000,326,403,0,1.215784e-10,1.003723e-11,4.7924792e-14,3.270207e-19,1.4158978e-20,1.5536432e-14
340000,31,168,0,-1.0719326e-12,6.397066e-11,7.0363404e-17,1.3537597e-24,1.3314946e-15,5.882862e-11
340000,372,34,0,7.014822e-12,2.7688965e-14,1.0407238e-12,2.7664877e-17,1.3609095e-20,6.916238e-11
340000,168,9,0,-9.199019e-13,1.58148e-11,1.4798362e-15,6.027423e-23,5.8346786e-17,9.924612e-11
340000,127,280,0,9.683689e-10,2.132996e-12,1.997549e-10,5.829268e-11,5.1485868e-11,4.4727675e-16
340000,218,453,0,3.0361692e-11,4.924111e-11,3.0436276e-12,7.36542e-16,6.329829e-17,1.3954627e-12
340000,195,464,0,2.8878375e-12,1.4947982e-11,1.5080536e-14,3.251265e-21,3.0179537e-19,2.3587621e-11
340000,323,11,0,-1.1739201e-12,1.3891942e-10,1.8587433e-15,2.2296496e-22,1.9704097e-12,4.3463583e-11
340000,300,265,0,4.2911338e-10,4.2350543e-14,0.0,0.0,4.5372978e-29,4.30297e-18
340000,6,81,0,-5.123729e-13,1.08380145e-11,1.1594256e-15,4.802569e-23,2.47493e-19,8.798819e-11
340000,477,61,0,-8.8579664e-13,7.907439e-12,1.0829496e-12,1.9728575e-17,2.6041559e-20,2.7117042e-10
340000,430,26,0,-3.1185256e-14,4.1988243e-11,1.2350687e-19,7.038113e-31,1.6891984e-16,3.8625388e-11
340000,350,316,0,6.8478355e-11,2.9842992e-12,1.5272818e-22,7.311268e-37,7.742894e-21,1.3761845e-13
340000,336,413,0,2.7870944e-10,3.862384e-12,4.371464e-13,2.9223383e-18,4.8791393e-22,2.2131309e-11
340000,280,388,0,3.6172962e-10,6.490891e-14,3.0954252e-23,1.1042917e-37,4.9397114e-35,4.5675047e-10
340000,364,24,0,-6.665306e-13,1.4584835e-10,3.7246423e-15,1.6794201e-22,1.9704097e-12,7.628512e-11
340000,210,320,0,2.6415864e-10,6.905971e-11,3.3502e-41,0.0,5.5762893e-14,1.2711386e-23
340000,477,365,0,-3.3247838e-13,1.2384346e-11,1.4784541e-13,3.152322e-18,6.110913e-19,7.241458e-12
340000,253,244,0,2.0685945e-10,2.9794172e-19,0.0,0.0,0.0,4.5061302e-14
340000,154,19,0,-5.1001385e-13,1.8032065e-11,6.101291e-16,9.684993e-24,5.514171e-18,6.117641e-13
340000,117,176,0,2.7311178e-10,4.9333593e-12,7.8383302e-28,0.0,1.6981223e-22,9.332296e-16
340000,11,62,0,-9.925815e-13,7.9541145e-11,1.2381748e-11,6.9252804e-15,5.4163314e-13,1.1015413e-10
340000,243,105,0,8.382346e-11,3.798982e-12,6.12358e-11,5.5404157e-13,3.344092e-14,1.4555182e-10
340000,138,337,0,2.542541e-10,1.9159905e-11,3.5258525e-24,2.263066e-39,2.859738e-17,2.5376413e-15
340000,89,206,0,4.4123447e-10,6.084047e-11,3.0639878e-18,7.688154e-27,7.2070225e-14,5.9233683e-13
340000,225,365,0,2.7174385e-10,5.101338e-12,4.2569626e-14,1.2511929e-19,2.312047e-23,2.0067585e-11
340000,426,164,0,3.2955524e-10,3.9975443e-11,2.052461e-13,4.3159575e-19,4.992444e-16,4.3036005e-11
340000,204,404,0,7.381177e-11,1.9947407e-12,1.4441015e-15,6.511518e-24,1.0367751e-23,1.1090341e-14
340000,199,383,0,8.513957e-11,1.1478936e-11,8.8004835e-37,0.0,1.981781e-18,5.7098293e-13
340000,9,220,0,-5.310167e-13,4.980011e-11,1.7912735e-12,1.09176406e-16,2.448929e-13,7.918021e-11
340000,17,403,0,-7.9114883e-13,9.314992e-12,3.48282e-14,1.2059566e-20,4.3923866e-24,2.231421e-10
340000,339,329,0,8.4077245e-10,2.012363e-11,2.9527081e-33,0.0,8.7334014e-17,7.231328e-11
340000,315,155,0,3.537147e-11,4.4044967e-12,7.3728714e-34,0.0,5.0462138e-23,3.6217386e-13
340000,108,331,0,3.829239e-10,2.0299058e-15,7.0546602e-12,1.245776e-14,2.3344887e-16,6.208907e-11
340000,59,289,0,4.1899018e-10,2.9453908e-11,1.5358626e-25,1.7286e-41,3.3744967e-16,9.271453e-11
340000,263,123,0,7.3837936e-10,8.397189e-12,2.1097177e-21,2.6400843e-34,2.0139958e-21,5.595808e-14
340000,93,216,0,1.7984211e-10,3.482238e-11,1.0418846e-17,2.761568e-26,7.308704e-13,3.718317e-11
340000,286,330,0,1.0557297e-09,1.1000489e-19,0.0,0.0,0.0,7.92651e-14
340000,318,125,0,1.8595032e-10,4.2425764e-11,3.041922e-39,0.0,3.475185e-13,2.202427e-15
340000,299,498,0,-5.7410137e-13,4.6339377e-11,1.5663758e-18,2.9444622e-29,8.346227e-15,1.9672751e-13
340000,277,346,0,6.53693e-11,3.7080814e-11,1.3963389e-37,0.0,6.278808e-14,1.0302767e-10
340000,414,384,0,1.5000815e-11,5.6737382e-11,7.779098e-21,9.562181e-34,1.1605338e-13,1.6859295e-11
340000,321,118,0,1.0111482e-09,6.0842937e-12,1.570033e-39,0.0,2.1558033e-20,5.25549e-12
340000,269,38,0,-2.4913107e-13,3.2680882e-11,2.7088857e-15,1.6985977e-23,2.0708695e-13,3.062194e-11
340000,135,293,0,2.0303224e-10,1.1907631e-14,5.627393e-23,6.756473e-38,1.219432e-35,2.0437169e-14
340000,381,358,0,1.3565098e-10,2.7952111e-12,7.736682e-15,1.6177758e-20,7.7308914e-22,1.0723111e-12
340000,406,110,0,1.0129483e-09,1.0572316e-12,3.6994127e-14,1.01866045e-19,1.4349733e-23,9.224025e-12
340000,299,358,0,4.1764984e-11,1.9610553e-17,1.1916029e-23,2.87304e-39,0.0,6.6851017e-12
340000,268,187,0,3.4728523e-10,1.791935e-11,0.0,0.0,2.3210808e-18,2.6204692e-12
340000,418,255,0,4.788199e-11,1.1807649e-10,6.514797e-14,1.8720545e-18,1.0342591e-13,2.3741404e-12
340000,341,379,0,4.1445972e-10,7.4755756e-13,6.5689023e-13,1.4805608e-16,6.9848863e-19,2.3446103e-11
340000,211,260,0,2.7440059e-10,1.090527e-12,0.0,0.0,1.5974358e-26,2.589339e-18
340000,81,370,0,5.540937e-10,1.2440141e-11,2.5374741e-18,9.598095e-28,2.183434e-19,4.324026e-12
340000,240,258,0,4.276256e-11,6.4930003e-22,0.0,0.0,0.0,8.0191554e-23
340000,219,243,0,7.2313745e-11,1.0558536e-15,0.0,0.0,3.0515533e-38,2.4266091e-14
340000,27,305,0,-3.593143e-13,4.375074e-11,2.7414513e-17,3.407732e-27,3.9479496e-16,1.0072671e-12
340000,152,222,0,6.1287975e-11,1.0194927e-11,9.748752e-25,1.85494e-40,3.8460974e-20,1.4053083e-15
340000,495,179,0,-1.7708359e-12,4.3545258e-11,3.6562103e-14,1.626672e-20,3.6088927e-16,1.4055551e-10
340000,440,398,0,1.2669525e-11,6.04283e-12,1.592465e-11,1.9553239e-14,1.3979081e-16,1.346082e-11
340000,459,449,0,2.0547715e-11,1.2820689e-10,5.099891e-14,2.8918397e-19,4.3336032e-13,2.141126e-10
340000,68,231,0,1.419585e-10,5.4180296e-11,1.9994587e-10,5.82927e-11,5.1494572e-11,1.3528759e-10
340000,387,111,0,6.1648453e-10,6.358236e-17,3.3552796e-11,4.0257202e-13,2.9068433e-14,4.9925726e-16
340000,227,164,0,6.687794e-10,2.6727966e-17,4.9297126e-25,1.1785418e-38,1.739e-42,6.238467e-16
340000,157,175,0,2.1626269e-10,5.977173e-11,0.0,0.0,1.8813323e-13,3.782033e-15
340000,223,469,0,-5.4762217e-13,1.34500215e-11,9.942925e-12,1.1182516e-14,8.167321e-17,1.1675881e-10
340000,478,430,0,-6.451442e-13,4.345155e-11,1.2021412e-14,1.1663374e-21,4.2684116e-16,5.89215e-11
340000,173,45,0,6.7509553e-12,9.425086e-14,5.123349e-13,4.713608e-18,7.761504e-22,8.031827e-11
340000,34,362,0,1.0805938e-12,1.2881044e-12,1.1768682e-12,3.540902e-17,1.7939108e-20,1.7611014e-10
340000,453,100,0,1.4644222e-10,4.1086783e-11,2.541172e-12,1.5186658e-16,8.708053e-15,9.287632e-12
340000,185,485,0,-7.638216e-13,9.659992e-11,4.3755947e-11,2.3748614e-13,1.6908108e-13,3.01106e-09
340000,229,28,0,-3.3755372e-13,1.5752982e-11,4.5997854e-12,9.670482e-16,3.3255163e-18,1.4980996e-10
340000,292,60,0,1.6755401e-11,4.418714e-11,3.314817e-26,1.385161e-39,1.9785828e-15,3.0187794e-09
340000,86,146,0,1.09712475e-10,3.6119024e-11,1.1081719e-14,3.5068888e-21,1.6448646e-14,2.9895106e-09
340000,322,190,0,5.523171e-10,3.9783346e-15,4.1659875e-32,0.0,5.60243e-40,2.9887965e-09
340000,119,296,0,5.3327903e-10,7.899735e-15,1.1073167e-25,9.92e-43,6.9e-43,3.0403333e-09
340000,495,240,0,-1.1354164e-12,4.4690897e-11,5.341618e-15,5.96237e-22,5.5668246e-15,2.9888392e-09
340000,224,0,0,-1.1386739e-12,1.6621857e-11,1.3144551e-27,1.71e-43,4.095047e-19,3.4181835e-09
340000,391,113,0,1.0066841e-09,1.6513364e-17,1.03926355e-13,1.44686e-19,6.3330333e-24,1.2668451e-16
340000,36,292,0,3.5448094e-12,7.429744e-11,4.259851e-14,1.251193e-19,5.547026e-12,3.0118974e-09
340000,106,360,0,6.8452305e-10,2.9186275e-11,7.0546602e-12,1.245776e-14,1.0221017e-14,2.9979095e-09
340000,402,493,0,-9.469406e-13,3.283799e-11,9.6886756e-11,6.3250785e-12,1.6644263e-12,3.053597e-09
340000,99,142,0,1.0057161e-10,1.254739e-11,4.0562828e-10,1.1423777e-10,1.0332033e-10,2.988799e-09
340000,18,462,0,-1.4394612e-12,6.7722536e-11,3.114576e-14,6.320992e-20,9.988707e-15,3.343396e-11
340000,351,218,0,3.6049033e-10,5.6710045e-14,1.0808711e-15,1.310943e-23,1.4312646e-29,2.9901657e-09
340000,272,90,0,4.666182e-11,5.0488114e-11,1.8791015e-12,8.568458e-17,1.9482266e-10,4.9695236e-13
340000,72,10,0,-1.0840975e-12,2.2165922e-11,1.0626871e-11,6.8161203e-15,4.0069095e-17,3.0318357e-09
340000,236,120,0,4.3146153e-10,2.374483e-18,3.0736393e-19,1.912469e-29,4.8356057e-37,7.596293e-11
340000,56,478,0,-1.3309878e-12,2.1111722e-11,1.5988655e-11,1.9553595e-14,1.3978704e-16,3.0902727e-09
340000,152,379,0,3.7533893e-11,2.3380995e-11,3.5342274e-12,5.577924e-16,1.3997499e-17,3.0217164e-09
340000,466,437,0,9.063948e-12,1.4491101e-10,5.489613e-12,2.8530035e-15,3.3971983e-09,3.0451992e-09
340000,72,97,0,2.392976e-10,6.253727e-11,1.0432386e-17,9.14706e-28,2.4427534e-14,3.029121e-09
340000,416,306,0,1.5182272e-09,3.4148132e-11,8.1102055e-19,7.4930176e-29,4.9924275e-16,2.9888623e-09
340000,129,33,0,1.9050007e-12,1.11591604e-10,1.0865759e-14,2.4422265e-20,1.6636963e-10,3.103228e-09
340000,154,184,0,2.0251319e-10,6.481904e-12,0.0,0.0,1.8137803e-21,2.98879e-09
340000,496,263,0,-2.0489734e-13,1.4547033e-13,2.8833946e-10,5.492289e-11,4.12978e-11,3.0844889e-09
340000,69,102,0,3.082812e-10,2.0436333e-11,4.1041184e-16,1.3616646e-24,6.9720955e-19,2.9901819e-09
340000,49,264,0,4.769902e-10,2.8086885e-11,4.5142095e-17,4.1043435e-24,3.2428764e-15,3.1181746e-09
340000,0,368,0,-3.7657673e-13,1.7134108e-12,9.3672944e-17,4.1800753e-26,1.618003e-26,1.0409274e-10
340000,21,118,0,-7.140137e-13,7.4707905e-12,4.430417e-17,1.2321692e-25,5.444425e-20,2.9892802e-09
340000,272,196,0,2.8678104e-10,2.0196384e-12,0.0,0.0,4.8311555e-23,2.9926819e-09
340000,444,374,0,4.681949e-10,4.510147e-11,3.6769203e-16,8.475975e-25,1.8976674e-13,9.77612e-11
340000,348,143,0,6.5953787e-10,7.291388e-13,3.0794492e-26,1.188e-42,5.568033e-29,1.7212909e-14
340000,383,361,0,7.57654e-11,3.3915823e-13,1.6055215e-13,1.9282957e-18,7.7233623e-22,1.4106559e-13
340000,399,83,0,1.8978008e-10,1.2417889e-12,9.29332e-25,1.19685e-40,8.524989e-25,3.5631387e-11
340000,359,141,0,4.519719e-10,8.81189e-12,1.9658415e-17,2.2183331e-27,2.9168792e-20,2.3711139e-14
340000,464,385,0,5.4193016e-13,6.8176025e-12,7.170449e-11,8.935302e-13,6.031646e-14,2.120507e-10
340000,95,393,0,5.004515e-10,9.126728e-11,1.0817511e-12,2.0094336e-16,1.6182389e-11,1.0261314e-10
340000,130,272,0,5.843761e-10,1.5401693e-16,1.7346181e-14,5.079154e-21,6.609562e-26,1.0105069e-21
340000,362,346,0,1.2164933e-10,2.9303362e-11,1.3798279e-16,1.2081698e-24,7.316437e-17,5.211859e-15
340000,218,100,0,2.5854308e-10,4.8846257e-12,1.1671535e-17,4.9344513e-27,6.0482776e-22,5.0820865e-11
340000,77,376,0,2.3589986e-10,3.4013313e-11,3.6559938e-14,1.6266718e-20,1.3056391e-14,1.2770651e-10
340000,396,259,0,1.01088415e-10,7.4948665e-11,5.507221e-19,2.2024568e-30,1.6310419e-13,1.4768441e-13
340000,359,497,0,-7.482493e-13,4.950261e-11,3.0086509e-18,8.922243e-27,1.1772604e-16,1.5145194e-13
340000,449,344,0,7.6490966e-11,8.360677e-12,1.7191869e-22,1.2470162e-37,1.00722403e-19,3.0915934e-09
340000,206,448,0,8.825403e-11,9.768098e-11,5.4374403e-14,1.2369413e-19,6.115768e-12,2.9988063e-09
340000,147,58,0,3.5141165e-10,1.4601388e-11,1.3810909e-11,1.2986846e-14,8.584512e-17,3.01832e-09
340000,325,497,0,-8.7199773e-13,1.1937e-10,7.6070816e-11,1.5010249e-12,1.199762e-11,3.0074117e-09
340000,287,156,0,4.845214e-11,2.691542e-13,8.958587e-24,9.9231705e-36,3.1891218e-32,2.9887863e-09
340000,107,79,0,1.7461368e-10,5.4213183e-11,1.3499925e-14,1.2845058e-21,1.4299949e-13,1.5347638e-13
340000,124,408,0,4.3606482e-10,3.3522934e-11,1.1188731e-11,3.7687088e-14,1.9738085e-15,3.9569223e-11
340000,13,54,0,-1.3372094e-12,8.404046e-11,3.732317e-15,1.6794207e-22,1.10830685e-11,1.5410753e-10
340000,133,344,0,1.1080136e-10,6.4959295e-11,2.550109e-25,3.143e-42,1.0066676e-13,2.9934264e-09
340000,47,315,0,2.1915643e-10,2.2752442e-09,7.64702e-15,8.504661e-22,4.1188084e-09,1.2894651e-11
340000,246,71,0,1.3057708e-10,3.1087227e-11,3.7246224e-15,1.6794201e-22,4.2601485e-16,1.22495234e-11
340000,224,117,0,3.671064e-10,3.2113825e-15,1.2280713e-28,0.0,1.085e-42,8.856381e-12
340000,231,344,0,6.3114225e-10,7.802882e-11,2.8252894e-14,8.4627535e-19,3.0600988e-12,3.7995183e-11
340000,21,133,0,-7.6527993e-13,3.802435e-11,8.601969e-11,7.746054e-12,2.4004128e-12,3.5866016e-10
340000,97,39,0,9.073433e-13,3.8021596e-11,4.180793e-15,9.731016e-23,4.7289002e-15,5.3999166e-11
340000,480,0,0,-1.1796101e-12,7.054109e-11,6.341645e-15,1.212626e-21,1.1916793e-15,3.179062e-10
340000,221,212,0,1.7378406e-10,4.455351e-13,4.486855e-35,0.0,1.2211149e-27,2.0520892e-12
340000,488,14,0,-1.9475567e-12,1.3604465e-10,6.47607e-16,3.255069e-23,8.488975e-12,6.6634066e-11
340000,448,300,0,2.3695225e-11,2.3317638e-11,2.509915e-13,1.6032186e-17,9.980153e-16,1.4246886e-10
340000,141,322,0,7.3381967e-10,1.845215e-15,1.0152355e-12,9.4176505e-17,1.4997491e-19,7.0368403e-12
340000,328,352,0,4.039013e-10,3.691896e-15,1.971413e-22,1.3271409e-34,5.482035e-39,6.209185e-20
340000,180,65,0,2.0581407e-10,6.8626533e-13,6.4613654e-28,0.0,8.96021e-28,1.6443574e-10
340000,238,204,0,1.9906292e-10,1.9800063e-11,0.0,0.0,8.7334014e-17,3.4320084e-12
340000,347,256,0,9.823837e-10,4.1733995e-17,9.951833e-28,3e-45,2.518896e-39,2.948253e-11
340000,350,59,0,5.4819926e-10,1.32143125e-11,9.579709e-11,6.0602847e-12,1.5531646e-12,3.086155e-09
340000,365,195,0,4.1100975e-10,1.6203218e-11,8.3951625e-26,6.36307e-40,4.461723e-18,3.0058656e-09
340000,306,121,0,1.1082956e-10,1.1426405e-11,1.5320692e-31,0.0,8.451596e-21,2.989045e-09
340000,397,38,0,8.630197e-12,7.417868e-11,1.6734741e-12,2.2490914e-16,4.8083456e-13,1.8909174e-10
340000,185,476,0,-7.2014405e-13,1.4666149e-11,8.1883095e-13,1.1164174e-17,3.813595e-20,3.1022587e-09
340000,483,66,0,-9.32555e-13,1.010674e-10,1.0588529e-12,6.0642067e-17,1.6193904e-11,3.0535587e-09
340000,232,471,0,-1.1133642e-12,4.9159964e-11,1.893234e-14,8.012091e-21,2.2890535e-14,2.9908143e-09
340000,441,284,0,1.1975872e-10,3.172499e-11,2.2788295e-12,1.264021e-16,9.987644e-15,3.0041152e-09
340000,278,403,0,1.0603985e-10,9.6536453e-14,7.072802e-14,1.0532075e-18,5.143005e-22,3.0427276e-09
340000,184,93,0,2.41255e-10,2.1219598e-14,7.3139633e-26,1.21435e-40,2.4048488e-37,2.9887883e-09
340000,263,311,0,7.358065e-11,1.3647855e-20,6.696122e-31,0.0,0.0,5.1119477e-11
340000,414,389,0,2.0808095e-11,1.05929215e-11,3.0278932e-18,2.455482e-28,1.6168447e-21,3.0272458e-09
340000,349,36,0,7.336871e-13,4.19508e-11,3.7505745e-11,7.510472e-13,4.965121e-13,3.0005631e-09
340000,101,499,0,-5.4614836e-13,8.8720426e-13,5.992884e-15,2.1452942e-22,7.389896e-28,3.3542746e-09
340000,249,431,0,3.48055e-10,2.3131583e-12,2.5729476e-13,5.5904878e-18,2.7242713e-21,6.083562e-14
340000,94,158,0,4.2760953e-10,3.6068124e-11,3.286832e-19,1.0360899e-29,2.2564676e-15,2.113578e-11
340000,251,321,0,1.7493113e-10,2.273443e-09,0.0,0.0,4.1188084e-09,1.3208533e-14
340000,317,400,0,4.5015014e-10,1.84267e-12,2.3492725e-17,2.4510835e-25,3.5167293e-24,5.616087e-12
340000,455,371,0,2.974314e-11,3.3256186e-11,1.3535103e-11,8.890319e-15,5.4568566e-17,1.3597576e-10
340000,54,198,0,3.6226777e-10,2.4365951e-09,3.7539202e-10,2.5434078e-11,4.1325663e-09,1.1379832e-10
340000,350,374,0,2.5175212e-10,2.813281e-11,9.471145e-23,4.2107978e-36,4.406259e-17,2.3151034e-12
340000,46,222,0,2.1125635e-10,1.6942385e-11,1.3042465e-11,1.1184087e-14,7.1491903e-17,1.9106801e-10
340000,69,132,0,3.5465625e-10,4.8955943e-12,5.4877958e-18,2.0921832e-28,1.6883039e-23,2.2678651e-12
340000,402,153,0,8.5888024e-10,3.9552393e-11,1.4821761e-21,5.7256596e-35,8.1749786e-14,5.165572e-12
340000,141,353,0,4.8481535e-10,3.94458e-13,3.97506e-15,1.0524645e-21,1.6510293e-26,6.496804e-11
340000,116,203,0,5.117373e-11,7.815842e-11,1.25631984e-29,0.0,1.0308305e-11,1.2977916e-12
340000,77,364,0,1.1068301e-10,3.772215e-11,7.6388784e-23,2.8202208e-37,4.721262e-13,1.5903383e-10
340000,326,356,0,7.488744e-10,3.3311625e-15,3.0205784e-24,7.6434626e-38,1.17285775e-33,1.0368792e-18
340000,220,94,0,1.02744015e-10,1.14354646e-11,8.5496025e-23,1.0500092e-37,1.7859783e-18,2.0566258e-10
340000,285,308,0,7.0373024e-10,7.1082765e-11,6.6598503e-28,8e-44,2.6159688e-14,3.1433482e-12
340000,174,21,0,-1.3112304e-12,1.0979784e-10,1.0151771e-21,1.5242967e-34,4.417374e-12,4.1064773e-11
340000,133,432,0,1.6829439e-10,1.392972e-11,3.855963e-15,6.5140764e-21,1.1634527e-19,2.8049482e-10
340000,259,107,0,2.5249098e-11,2.2134561e-15,3.0204516e-21,6.0567417e-32,1.221794e-39,2.1920353e-11
340000,309,42,0,1.8290924e-11,3.902873e-11,1.5625038e-13,3.1576946e-18,7.188932e-14,2.9943594e-09
340000,61,82,0,3.2112255e-10,4.830038e-12,2.2342494e-11,1.3853514e-13,7.832057e-15,3.0663687e-09
340000,359,242,0,2.4818034e-10,1.9597633e-11,6.3190924e-12,2.432823e-15,1.33530046e-17,2.2541352e-12
340000,415,461,0,-9.301885e-13,2.5342981e-11,1.1029033e-14,1.1445415e-21,2.8448044e-18,3.0941452e-09
340000,54,93,0,6.5033906e-10,8.6373e-12,2.4019444e-17,9.756958e-26,1.01362297e-22,3.0405622e-09
340000,87,397,0,4.119765e-10,4.5173973e-12,8.114478e-13,1.6789134e-17,7.740374e-21,3.2400054e-09
340000,392,394,0,4.704642e-10,4.668474e-11,9.168654e-23,1.2440409e-37,3.3303036e-15,3.4330516e-09
340000,429,467,0,-1.186124e-12,1.5230839e-10,7.728979e-20,5.987991e-30,1.2616493e-11,2.2700644e-10
340000,375,428,0,1.9884464e-10,3.4789047e-12,3.724606e-15,1.6794201e-22,4.64191e-24,2.9888438e-09
340000,171,419,0,1.4869599e-10,3.568839e-11,2.0899163e-19,3.3490095e-29,8.043038e-12,3.038726e-09
340000,373,88,0,2.4001673e-10,1.3086305e-11,3.5693794e-24,6.30462e-40,1.3332392e-19,3.179399e-09
340000,279,468,0,-1.0066527e-12,2.1523945e-10,2.7710847e-17,3.6030964e-27,7.007133e-13,1.2902109e-11
340000,329,451,0,2.6157682e-10,1.8906532e-10,1.9025573e-11,4.1710786e-14,5.1480443e-12,2.9915297e-09
340000,19,388,0,-5.1994216e-13,8.684431e-12,2.9882402e-10,7.0339956e-11,6.4646226e-11,1.649008e-10
340000,272,469,0,-7.3730757e-13,7.294668e-11,5.1406895e-16,2.3785472e-23,2.3682531e-14,3.0386171e-09
340000,98,348,0,2.0345034e-10,3.6076687e-16,1.1572748e-15,3.0942187e-22,8.924893e-27,2.9895897e-09
340000,495,376,0,-7.463707e-13,2.868707e-11,1.2634001e-18,2.7324304e-28,4.260145e-16,3.0005298e-09
340000,125,38,0,1.4637309e-11,7.794044e-11,7.2155064e-14,2.5843043e-19,6.3973496e-13,3.0914418e-09
340000,471,236,0,4.1184555e-13,9.4957575e-12,3.4622596e-09,7.191878e-10,1.1532664e-09,2.7776685e-13
340000,449,495,0,-9.550429e-13,1.2517908e-10,6.307754e-12,1.2256754e-15,7.913819e-13,2.9918075e-09
340000,195,19,0,-8.1637876e-13,3.401315e-11,6.647053e-13,4.863729e-18,1.1941547e-17,2.396504e-10
340000,23,13,0,-2.4512215e-12,1.3855551e-10,2.827136e-13,1.9090158e-18,1.7070597e-13,3.275931e-09
340000,316,94,0,7.252395e-10,3.9636406e-12,1.0906117e-22,1.5436612e-33,8.3546974e-22,3.0010943e-09
340000,204,50,0,3.4564035e-10,7.03627e-11,6.0803036e-24,3.3448923e-37,9.269142e-14,3.0141705e-09
340000,138,402,0,4.6236924e-11,6.11369e-11,1.1078822e-12,2.7853656e-17,1.0308179e-11,1.2594501e-11
340000,32,498,0,-1.7447116e-12,1.6284908e-10,1.9898957e-13,2.4722987e-18,2.429564e-13,3.3260759e-09
340000,325,462,0,1.4052635e-11,8.287619e-12,6.958285e-11,9.8606e-13,6.8569994e-14,8.836732e-12
340000,78,411,0,4.7367466e-10,1.7018666e-10,7.147103e-11,1.5000578e-12,3.674269e-09,3.013817e-09
340000,92,14,0,-1.2426766e-12,1.6591363e-10,3.1288348e-13,6.6940074e-17,4.3618594e-12,7.673329e-12
340000,447,322,0,2.6312444e-10,6.7125805e-11,5.371052e-20,7.0654973e-31,1.8813973e-13,2.0874158e-10
340000,395,472,0,-1.6486269e-12,5.981197e-11,1.0230481e-12,1.4820435e-16,3.984768e-14,3.0580456e-09
340000,96,241,0,5.3336796e-10,2.927433e-11,5.252333e-21,6.6153987e-35,2.643392e-13,2.9951503e-09
340000,185,38,0,1.1324832e-11,6.8553996e-11,7.458933e-16,2.3451196e-21,1.9560244e-14,3.0368517e-09
340000,55,51,0,1.1946306e-11,1.0179844e-10,1.7684058e-10,5.874789e-11,5.60341e-11,3.264952e-09
340000,40,397,0,-2.5459173e-13,5.4494173e-11,7.397819e-12,3.073077e-15,2.767396e-13,1.0549226e-10
340000,484,183,0,-1.5920061e-12,7.10202e-11,3.463128e-09,7.191879e-10,1.1532666e-09,9.8169105e-11
340000,214,248,0,1.4452715e-10,2.6612596e-13,0.0,0.0,7.1534365e-29,6.2659246e-18
340000,418,83,0,7.843388e-11,7.375342e-12,1.0769264e-12,2.0094197e-16,9.077916e-19,3.0875493e-09
340000,495,138,0,-6.65425e-13,5.832353e-11,2.8606564e-12,3.1157787e-16,5.5721177e-15,2.989655e-09
340000,439,220,0,1.3744736e-11,1.0007657e-10,1.7181269e-11,2.4969113e-14,6.020727e-14,7.352644e-12
340000,264,194,0,8.988227e-10,1.6752313e-14,0.0,0.0,1.0786989e-30,2.9887952e-09
340000,262,382,0,1.0838856e-10,4.5069767e-11,1.3664256e-23,1.9699903e-36,4.721262e-13,9.4515236e-11
340000,6,248,0,-5.521514e-13,2.993884e-12,1.2276454e-12,5.1610472e-17,2.9241575e-20,3.0173217e-09
340000,228,361,0,4.918812e-10,1.0649488e-11,6.123468e-11,5.5404157e-13,3.3440986e-14,3.1463971e-09
340000,495,438,0,-1.5956015e-12,1.3029698e-10,1.6574823e-13,3.973303e-19,1.2283161e-12,3.0063891e-09
340000,258,448,0,3.3151922e-11,9.084937e-11,1.9138228e-16,1.915085e-25,2.4493198e-13,1.0212887e-10
340000,146,318,0,7.5153705e-10,1.876376e-18,1.4217274e-12,4.791675e-16,2.592764e-18,7.17939e-11
340000,305,450,0,3.0320332e-10,5.7350548e-11,1.4181165e-13,2.880316e-19,4.41699e-12,3.9021297e-11
340000,485,34,0,-1.123912e-12,3.178113e-11,6.6810847e-13,3.2371538e-17,2.2127068e-17,1.3964464e-10
340000,89,338,0,1.3414887e-10,2.7364474e-22,8.434777e-25,8.728226e-38,0.0,5.590367e-13
340000,495,114,0,-4.165283e-13,9.649843e-12,7.0562355e-13,3.0902925e-17,5.729188e-20,2.9899303e-09
340000,46,243,0,2.859929e-11,6.029236e-11,3.4622591e-09,7.191878e-10,1.1532686e-09,1.9586863e-10
340000,491,402,0,-8.3211736e-13,2.5195145e-11,3.7976246e-16,1.2566261e-24,1.52394e-16,5.3153575e-11
340000,483,256,0,-9.609134e-13,3.6177707e-11,3.3614648e-14,1.0629627e-20,1.7033969e-16,7.542471e-12
340000,0,227,0,-6.901938e-13,2.627767e-11,3.609072e-09,7.2518813e-10,1.1560504e-09,3.5359164e-15
340000,100,8,0,-8.753512e-13,3.9876585e-11,7.805351e-13,5.9321895e-18,3.0638128e-15,3.0142238e-09
340000,131,275,0,5.947208e-10,2.0747223e-15,4.7123606e-13,3.6242025e-18,5.639111e-22,3.250825e-20
340000,135,300,0,2.5440638e-10,2.2719089e-09,1.6729816e-29,0.0,4.1188084e-09,4.275753e-13
340000,374,373,0,3.7462353e-10,9.812976e-12,7.1327756e-11,1.6095241e-12,1.3219565e-13,1.9084524e-10
340000,332,418,0,2.8447e-10,8.0413595e-13,7.130297e-11,1.2869348e-12,9.730518e-14,1.0876565e-10
340000,457,387,0,5.379169e-12,1.05315215e-10,6.9582715e-11,9.8606e-13,1.3837567e-13,2.023158e-10
340000,285,271,0,7.1275336e-10,3.3856683e-24,3.6e-44,0.0,0.0,1.9554978e-24
340000,85,156,0,9.2435934e-11,2.3433575e-09,1.03569564e-23,5.34607e-38,4.1188346e-09,1.3370059e-14
340000,293,442,0,4.7788934e-10,9.897397e-12,2.691871e-14,4.036932e-20,2.942258e-23,5.377265e-12
340000,406,365,0,8.6812696e-11,2.1767833e-10,3.8289003e-17,9.846243e-26,1.7051186e-12,1.1411837e-10
340000,192,71,0,1.1661104e-09,4.3108546e-12,4.8764245e-18,1.2784957e-27,1.4046273e-21,1.4232447e-12
340000,300,140,0,3.182261e-10,5.9742957e-12,8.794312e-15,7.767147e-21,3.9747026e-22,5.589654e-13
340000,298,422,0,3.2569566e-10,2.0584107e-11,3.6733328e-19,7.989874e-29,2.1118592e-19,1.8744872e-11
340000,182,247,0,4.611751e-10,9.879963e-13,2.3769975e-36,0.0,2.3034857e-26,1.2329904e-15
340000,21,399,0,-7.844031e-13,3.385507e-11,9.4616016e-11,6.324983e-12,1.6868169e-12,1.2404151e-10
340000,125,52,0,5.022462e-10,9.4818584e-11,4.2002704e-15,4.149483e-21,1.781904e-10,1.8615462e-10
340000,39,141,0,5.987535e-13,9.736916e-11,2.997963e-11,1.7802575e-13,1.6637411e-10,4.7988197e-11
340000,222,149,0,2.5090713e-10,5.887082e-23,3.6345849e-10,4.157429e-11,2.51127e-11,3.2080734e-11
340000,61,360,0,2.7264144e-11,6.2344433e-13,1.6262815e-12,8.26623e-16,1.0471595e-17,4.3038254e-11
340000,201,107,0,7.333907e-11,1.0766668e-12,3.5627647e-12,5.5780127e-16,1.0021603e-18,1.1729049e-11
340000,113,370,0,2.1326307e-10,5.417319e-11,1.5328603e-17,1.9209692e-26,1.6309972e-13,1.91716e-10
340000,331,143,0,5.76841e-10,3.397652e-11,2.7e-44,0.0,5.5660216e-15,2.6537445e-13
340000,234,468,0,-5.54385e-13,3.937846e-11,4.0020097e-17,6.828897e-27,8.549664e-19,5.911666e-12
340000,6,227,0,-6.3275774e-13,3.9133388e-11,4.2940793e-15,6.2947925e-22,5.678457e-13,1.3080635e-12
340000,260,109,0,3.2744852e-11,2.0272016e-15,2.4274098e-21,7.891603e-35,8.855e-42,4.2992644e-11
340000,467,239,0,3.85965e-12,2.82266e-11,3.4778194e-13,9.078107e-18,1.1171927e-17,2.1962974e-12
340000,387,463,0,2.991244e-12,2.0524592e-10,1.2652199e-14,1.5006885e-21,1.056479e-11,2.9954732e-09
340000,320,484,0,-6.702338e-13,7.465366e-11,4.1320276e-17,2.1352046e-27,3.0418084e-09,1.8445571e-11
340000,7,108,0,-6.33439e-13,1.9896675e-11,4.8053666e-15,1.3869768e-21,3.0563612e-17,3.3226658e-10
340000,240,38,0,2.0779708e-12,1.18746315e-11,1.7430982e-15,9.3631344e-24,1.7502688e-17,9.437819e-11
340000,137,22,0,-5.9998854e-13,4.1123844e-11,6.6738076e-13,1.2801796e-17,4.728987e-15,1.6664026e-11
340000,467,497,0,-4.8891474e-13,3.933523e-11,1.8185428e-10,5.867286e-11,6.804652e-11,6.2083593e-12
340000,432,22,0,-1.1778504e-12,1.2784401e-10,2.9558376e-22,2.6962442e-35,7.439155e-12,3.1060978e-09
340000,37,274,0,3.1465268e-11,1.01381655e-11,1.3787553e-14,1.6311837e-21,1.763293e-19,3.1281906e-12
340000,256,461,0,1.8780943e-12,5.344278e-11,5.1730007e-13,1.7397822e-17,1.1078944e-11,3.9701775e-12
340000,37,126,0,-7.390261e-15,5.3521076e-11,1.5708847e-19,2.5770182e-28,2.7606292e-15,9.06211e-11
340000,103,1,0,-7.2017484e-13,1.2551334e-11,1.00611935e-10,5.225066e-12,1.2367612e-12,1.0019311e-11
340000,499,144,0,-5.100874e-13,3.6193214e-12,5.0616433e-19,4.9056648e-30,4.112951e-23,3.3066851e-09
340000,17,5,0,-1.2851665e-12,2.3708424e-10,8.821837e-12,5.512675e-15,2.594226e-12,3.4459097e-10
340000,494,58,0,-9.879582e-13,2.7710246e-11,1.1041337e-14,3.7095842e-22,1.2995342e-17,2.860189e-11
340000,187,56,0,3.4116268e-10,5.5240364e-11,2.1353425e-26,4.3838073e-38,6.391749e-16,5.9780035e-13
340000,425,131,0,5.884399e-10,3.5307664e-12,2.3022263e-22,3.836335e-36,3.7266048e-23,1.2067737e-11
340000,294,26,0,-1.9896338e-13,4.1508914e-12,1.9359407e-14,2.2762243e-21,1.6420678e-21,1.5967326e-11
340000,49,69,0,5.0087684e-10,1.6970798e-11,2.5988342e-13,2.9244565e-18,7.0730915e-20,1.6484453e-10
340000,26,79,0,-2.834635e-13,4.5836928e-11,1.2748316e-12,8.654159e-16,1.3975994e-17,1.225297e-10
340000,467,87,0,3.953104e-12,1.5087093e-10,3.4889935e-09,7.192502e-10,1.1544515e-09,9.093831e-11
340000,9,291,0,-5.9382105e-13,2.3751003e-11,2.7369284e-15,3.9272488e-21,3.3744909e-16,1.15298035e-10
340000,449,29,0,-4.5141323e-14,1.3011534e-11,3.2138082e-15,2.7363106e-22,1.2035129e-21,5.107685e-11
340000,497,340,0,-9.851129e-13,1.7578793e-10,2.854144e-14,8.864988e-21,8.164351e-11,1.04403076e-10
340000,346,35,0,3.5039216e-13,1.6906893e-11,3.1262488e-12,2.528051e-16,2.8347728e-19,6.812254e-12
340000,20,458,0,-1.5123899e-12,1.1667319e-10,2.4802155e-13,1.867399e-18,3.3964744e-09,2.9719182e-11
340000,493,4,0,-1.7750853e-12,1.5699023e-10,2.1257568e-12,1.04500175e-16,1.7236265e-10,4.8712624e-11
340000,25,8,0,-1.6094269e-12,1.2653079e-10,3.5342983e-12,5.577924e-16,6.8656044e-12,2.2372874e-10
340000,0,368,0,-3.7657673e-13,1.7134108e-12,9.3672944e-17,4.1800753e-26,1.618003e-26,1.0409274e-10
340000,68,125,0,4.894806e-10,5.5484707e-11,1.1702081e-20,2.2417116e-33,1.838781e-10,4.5582177e-11
340000,22,4,0,-1.039054e-12,1.12512284e-10,7.094368e-11,1.1838457e-12,8.200764e-12,1.1541207e-10
340000,37,484,0,-1.7348735e-12,1.2590853e-10,6.25338e-16,2.1569153e-23,1.8389457e-10,1.9472364e-10
340000,409,56,0,1.1779829e-10,1.6273857e-11,8.742203e-15,2.434281e-22,3.962026e-20,6.533231e-11
340000,452,16,0,-1.4286605e-12,5.6853335e-11,2.3614124e-16,5.2323655e-25,9.995606e-15,4.787519e-11
340000,113,27,0,-5.4316165e-13,1.0757971e-11,2.7741764e-18,1.807354e-29,1.9355136e-20,3.044531e-09
340000,335,39,0,3.5770742e-12,1.6948113e-11,3.3275975e-13,2.2425007e-18,9.1026594e-18,1.7920389e-10
340000,24,63,0,-9.529336e-13,8.316476e-11,6.0860196e-16,2.052084e-24,2.1538427e-13,1.1456553e-10
340000,51,30,0,-1.0268654e-12,6.92001e-11,8.695438e-18,1.0266089e-28,1.5186716e-11,3.1175935e-09
340000,142,67,0,4.1143128e-10,1.2175117e-11,4.2030375e-14,1.6213137e-20,8.3494855e-20,7.944111e-11
340000,38,336,0,1.108398e-12,4.1327202e-11,5.77587e-12,1.5681225e-15,1.7824905e-11,4.0247375e-10
340000,237,467,0,-2.0330547e-13,7.074778e-11,5.139811e-20,1.3732382e-32,5.9774154e-15,3.0012737e-09
340000,127,477,0,-1.2370708e-12,1.0433491e-10,1.2465441e-16,4.196727e-25,1.1082303e-11,2.9926068e-09
340000,53,421,0,1.7455805e-10,1.06615994e-10,5.0994157e-15,7.3530444e-22,2.1655135e-10,3.0046658e-09
340000,59,41,0,-2.4942e-13,3.750422e-10,6.948428e-14,1.2418863e-19,5.6801723e-11,2.560298e-10
340000,415,21,0,-7.725226e-13,9.696336e-11,6.3253977e-12,2.4328266e-15,4.302881e-13,3.0102552e-09
340000,262,493,0,-8.9085033e-13,1.8351804e-11,2.8376288e-12,6.3449163e-16,1.7044711e-18,2.640968e-10
340000,18,2,0,-6.662549e-13,1.7467704e-10,1.3812483e-12,4.488104e-17,4.9906954e-12,4.2656256e-10
340000,469,389,0,-2.9016196e-13,1.9291168e-11,1.1113909e-11,3.104675e-14,9.139933e-16,1.874447e-11
340000,414,37,0,5.297919e-12,2.8252428e-11,3.4662775e-09,7.191881e-10,1.1532665e-09,2.1318786e-10
340000,50,437,0,2.4918367e-10,2.1769043e-11,1.0799421e-11,1.4153697e-14,6.9088465e-16,1.5927398e-10
340000,311,492,0,-5.576894e-13,2.1944535e-11,2.4149074e-14,5.4705983e-19,4.4623218e-18,8.31678e-13
340000,483,14,0,-1.9842866e-12,9.7109966e-11,5.502212e-20,3.820608e-31,2.1042973e-10,3.032066e-09
340000,55,420,0,1.8260708e-10,1.0609452e-10,7.8968633e-16,1.8837659e-23,1.5614801e-11,1.834918e-11
340000,170,484,0,-9.563627e-13,3.138196e-11,8.292983e-12,6.543993e-15,5.1458817e-17,6.448571e-11
340000,21,32,0,-1.58004e-12,1.0037453e-10,8.766588e-12,1.8960794e-15,2.2106916e-14,3.0761547e-09
340000,152,468,0,5.796897e-12,2.0231365e-11,8.8851105e-15,2.1592574e-22,9.060387e-21,5.5982857e-11
340000,477,49,0,-1.5032911e-12,1.449962e-10,7.1056286e-11,1.7205582e-12,2.5261622e-12,3.767722e-10
340000,24,211,0,-7.9359143e-13,6.1329004e-11,9.331314e-15,5.744181e-21,3.1093222e-13,3.280461e-12
340000,67,5,0,-1.1032991e-12,5.7138135e-11,1.0596075e-11,6.816117e-15,3.3623383e-14,2.7910013e-10
340000,415,30,0,-1.361154e-13,7.048969e-11,2.3112581e-11,4.3786785e-14,1.8942203e-10,2.0997524e-12
340000,467,453,0,-1.7959497e-13,7.504484e-11,7.2556454e-11,1.7206344e-12,1.4604968e-13,1.0032289e-10
340000,45,243,0,2.3487871e-11,6.889033e-11,1.468119e-10,6.0002988e-12,2.8877747e-12,1.8887428e-10
340000,15,22,0,-1.7995581e-12,1.5326242e-10,1.0569453e-13,4.990017e-20,3.28516e-09,3.1074616e-09
340000,311,47,0,7.64444e-11,1.8827585e-10,1.3131704e-16,9.198932e-26,6.366375e-13,1.4401105e-10
340000,477,348,0,-7.9394477e-13,1.820917e-11,1.3029155e-14,1.0823744e-21,9.662754e-20,3.8262688e-11
340000,496,372,0,-6.379094e-13,6.1384504e-12,1.2573719e-20,5.2233672e-33,5.231174e-22,5.315996e-13
340000,444,12,0,-1.8277409e-12,1.2323989e-10,4.5117124e-17,2.0500957e-24,1.8818401e-13,3.2804857e-09
340000,237,454,0,3.2568944e-11,1.06568365e-10,7.3489926e-19,1.8645992e-28,1.4747921e-10,2.5725166e-12
340000,457,496,0,-6.6056064e-13,5.3168164e-11,9.8363124e-14,1.3107687e-18,5.7578403e-15,4.4907598e-12
340000,34,484,0,-1.6415444e-12,1.04968124e-10,2.8911915e-14,2.6576594e-19,7.563577e-15,2.6938712e-10
340000,277,438,0,2.041804e-10,2.1996604e-11,5.901125e-14,2.5846365e-20,2.9109227e-16,3.9979742e-11
340000,497,52,0,-9.831553e-13,3.6348132e-12,5.8217537e-13,5.921035e-18,1.0517679e-21,1.4585176e-10
340000,256,483,0,-1.0158785e-12,6.489666e-11,2.493645e-11,8.5462955e-14,7.609782e-12,1.8858623e-10
340000,409,40,0,4.5178024e-12,8.261947e-12,7.483255e-11,1.7231823e-12,1.4525589e-13,5.943937e-11
340000,487,198,0,-7.243696e-13,1.9701369e-11,1.4330774e-13,1.1745131e-19,1.0153236e-18,1.6574386e-12
340000,85,469,0,-5.7863393e-13,1.9864834e-11,3.9981627e-13,1.1381944e-17,1.5914326e-17,3.8616485e-11
340000,93,457,0,3.2109344e-13,1.6992756e-10,7.174855e-15,6.2580373e-21,7.882133e-14,1.5513307e-10
340000,95,472,0,-5.758129e-13,1.5762641e-10,4.7135126e-13,3.6242033e-18,1.05221803e-10,3.1338867e-09
340000,434,417,0,1.015106e-09,5.6297133e-12,1.023024e-12,1.4820435e-16,3.171118e-19,1.9138366e-10
340000,0,181,0,-2.621932e-13,4.028612e-12,1.05823865e-19,7.1455063e-32,7.016964e-23,3.9604056e-11
340000,2,300,0,-7.308037e-13,7.825548e-11,2.5094982e-21,5.324719e-33,2.3803127e-16,4.2777722e-11
340000,55,19,0,-1.006879e-12,5.7966197e-12,7.334956e-13,9.107583e-18,2.0476731e-19,3.117726e-09
340000,184,62,0,2.825753e-10,4.9292246e-12,3.2521937e-26,3.544e-42,5.1275787e-22,3.0634808e-09
340000,425,60,0,2.773432e-10,1.8045407e-12,5.4607937e-12,1.343828e-15,2.7833197e-18,3.075566e-10
340000,472,413,0,1.8782327e-13,7.5536084e-11,3.553324e-17,3.265663e-27,1.7235517e-10,1.4462559e-10
340000,39,82,0,3.5098098e-11,6.0029155e-11,3.005937e-11,8.5194215e-14,9.296658e-15,3.0056428e-09
340000,491,426,0,-1.2097067e-12,8.625684e-11,7.654316e-12,1.7035876e-15,1.1458991e-14,2.7316038e-11
340000,482,497,0,-2.7301826e-13,3.590317e-12,4.3735657e-12,1.0278005e-15,2.2699035e-18,1.03880834e-10
340000,118,97,0,8.344004e-10,5.1991536e-12,1.7302964e-13,3.3337276e-19,2.497629e-22,5.865892e-13
