mcsteps,xCOM,yCOM,zCOM,il8,il1,il6,il10,tnf,tgf
390000,58,260,0,2.7655989e-09,1.1662695e-11,8.655434e-17,2.0419925e-26,2.11882e-21,1.32720735e-11
390000,127,278,0,2.1663709e-09,5.9460916e-13,1.6363289e-10,5.8695916e-11,5.8857245e-11,2.0230902e-16
390000,320,86,0,2.8985636e-09,1.5586252e-12,7.848875e-17,2.1428435e-25,7.492978e-25,3.0481135e-11
390000,426,147,0,2.2818816e-09,1.6652862e-12,2.4193537e-16,6.343169e-25,8.012309e-28,9.765385e-11
390000,389,77,0,2.266459e-09,2.2662417e-12,1.5130725e-12,5.6271635e-17,3.026512e-20,1.8247587e-10
390000,76,141,0,2.0486222e-09,3.3173444e-12,2.4556774e-16,3.3912906e-25,1.2964561e-24,2.3900014e-14
390000,126,316,0,2.6857718e-09,1.6977895e-11,7.3155043e-28,0.0,6.499022e-18,5.5242074e-13
390000,438,319,0,2.6012306e-09,6.97463e-12,7.080003e-21,3.52016e-35,2.0114719e-20,2.2529834e-11
390000,395,187,0,2.2905728e-09,1.8500206e-10,7.0075745e-16,8.260583e-23,1.0524704e-10,9.938746e-11
390000,271,255,0,2.4441278e-09,1.60039e-14,0.0,0.0,4.9410307e-34,6.143239e-16
390000,383,67,0,2.3946736e-09,9.32155e-12,6.6836337e-13,6.050164e-18,1.7164093e-20,7.403479e-12
390000,137,99,0,1.97887e-09,7.366426e-11,3.6605182e-18,7.1135455e-28,1.3626536e-14,3.4698244e-11
390000,392,314,0,2.418054e-09,1.8633833e-17,1.0995603e-22,5.03756e-39,0.0,3.0908654e-11
390000,73,326,0,2.2436573e-09,5.160616e-17,1.7561067e-29,0.0,9.63274e-40,2.59107e-11
390000,209,54,0,2.0980249e-09,1.10463395e-10,1.8161342e-21,5.510258e-35,4.784264e-12,3.3775283e-13
390000,323,205,0,2.142022e-09,1.9752032e-12,2.8439108e-17,1.111021e-26,1.1020842e-22,6.1703234e-12
390000,94,376,0,2.185458e-09,1.731828e-11,6.3903686e-17,1.13586325e-26,5.514029e-18,4.8810903e-11
390000,394,426,0,2.2436708e-09,1.5989167e-11,1.4835039e-22,2.2505412e-37,8.380795e-20,9.4135125e-12
390000,203,425,0,3.138278e-09,3.9576376e-12,1.810744e-12,1.0917868e-16,6.9298904e-20,3.9846906e-12
390000,261,127,0,2.4104625e-09,7.429726e-12,3.3791039e-21,3.4323118e-35,7.9916866e-19,6.2406547e-13
390000,404,107,0,2.7403602e-09,1.1683526e-11,2.4221337e-15,6.948714e-23,2.7062366e-18,3.6059463e-12
390000,188,196,0,1.951349e-09,4.0783015e-12,5.5072217e-19,2.2024566e-30,2.1797206e-22,4.3173977e-14
390000,385,429,0,2.6157172e-09,2.9279825e-11,4.9357965e-14,1.9438575e-20,2.5377373e-14,7.808152e-12
390000,233,290,0,1.957514e-09,2.6790423e-27,0.0,0.0,0.0,1.6015967e-28
390000,201,360,0,2.2780033e-09,1.310027e-13,2.8573682e-28,0.0,2.7295038e-32,6.4621e-12
390000,349,67,0,2.396548e-09,1.9145232e-11,3.6807377e-11,5.508237e-13,4.4165958e-14,1.3122399e-11
390000,66,315,0,2.1467985e-09,7.532701e-12,2.1399856e-29,1e-45,4.729769e-18,1.3492355e-11
390000,205,431,0,3.3882146e-09,2.075559e-11,3.4894743e-12,2.1798672e-16,7.148316e-17,8.685911e-11
390000,209,220,0,2.6055278e-09,1.1880344e-11,7.376056e-21,1.617061e-30,1.469981e-18,2.7099217e-11
390000,77,278,0,3.0668745e-09,2.7259793e-11,9.388584e-22,7.974573e-36,2.1801104e-18,3.4834212e-11
390000,108,363,0,2.0832926e-09,2.8124262e-11,1.3042465e-11,1.1184087e-14,2.2535664e-13,2.2427178e-10
390000,91,389,0,2.2971547e-09,1.315811e-11,3.271438e-12,3.450557e-16,1.0526253e-18,1.8718341e-11
390000,156,431,0,1.9865602e-09,4.259256e-12,7.373513e-20,3.681531e-31,9.3958004e-23,3.0647613e-11
390000,407,267,0,2.0771829e-09,1.1335527e-11,1.3349086e-25,8.7532e-41,9.421326e-22,2.4305646e-12
390000,268,393,0,2.1380449e-09,3.856497e-13,1.8244936e-16,5.47201e-25,3.036489e-31,2.4516549e-11
390000,242,397,0,2.3067932e-09,3.90979e-11,1.5580013e-29,0.0,2.4656887e-14,5.8144587e-12
390000,440,84,0,2.2268716e-09,2.2110945e-11,6.71711e-12,2.4076708e-15,3.2484542e-15,1.15191565e-10
390000,446,77,0,2.172551e-09,7.70855e-12,8.7131073e-13,2.1328733e-17,1.0253248e-20,9.0552475e-11
390000,415,128,0,2.9011298e-09,1.2654923e-11,2.478264e-15,1.3531444e-21,3.845236e-20,6.0042145e-11
390000,389,155,0,2.1707427e-09,4.6767812e-11,1.8267745e-11,3.1273588e-14,9.847257e-12,6.167399e-11
390000,307,424,0,2.3280753e-09,1.09116275e-11,7.377861e-20,1.1072845e-31,9.8835255e-21,1.91291e-11
390000,335,203,0,2.4491733e-09,1.7728208e-15,1.1185832e-14,2.6390054e-21,3.240117e-26,2.0157351e-10
390000,59,186,0,2.1976663e-09,4.074392e-12,3.0879135e-13,4.104644e-18,8.53523e-22,3.5033882e-11
390000,53,272,0,2.1904247e-09,2.9727477e-11,7.67867e-14,5.623296e-20,1.6913982e-17,1.4984814e-11
390000,309,73,0,2.0755673e-09,5.4829505e-12,1.4626779e-12,2.8558555e-16,6.924337e-19,2.1007649e-13
390000,188,399,0,1.9941861e-09,4.75807e-13,3.3770934e-16,1.382748e-22,1.15055386e-26,3.8938682e-11
390000,378,108,0,2.0467354e-09,3.3271002e-13,5.7938722e-15,4.6970785e-21,2.2301872e-25,5.4828646e-12
390000,377,253,0,2.4813538e-09,3.5508145e-11,8.1870676e-22,1.849249e-36,8.8719644e-16,8.97678e-12
390000,168,209,0,2.0426794e-09,1.0991779e-13,0.0,0.0,1.2285416e-33,1.5488504e-13
390000,66,90,0,2.1550264e-09,7.2889916e-11,2.1668644e-15,3.3214826e-22,2.2440931e-10,1.3714442e-11
390000,396,334,0,2.2507771e-09,2.7025954e-11,4.174171e-17,1.6645933e-26,1.1625606e-15,1.1325236e-13
390000,189,249,0,2.8582166e-09,1.8815074e-11,4.985883e-38,0.0,2.1320529e-17,2.259381e-13
390000,279,428,0,1.9865627e-09,7.743328e-12,1.5059124e-14,1.3284347e-21,2.1113554e-20,9.485171e-11
390000,346,344,0,2.1831459e-09,4.04151e-12,1.1240495e-25,3.21e-43,1.5049233e-24,3.7824813e-12
390000,432,130,0,2.212604e-09,1.4806031e-11,1.0388031e-24,5.934848e-39,7.197847e-22,8.897041e-11
390000,442,274,0,1.9787387e-09,9.488053e-13,3.3129678e-14,7.250244e-20,8.261206e-24,4.9599066e-12
390000,438,54,0,2.070754e-09,9.346324e-11,4.814764e-13,6.550277e-18,1.0048075e-14,1.99627e-11
390000,299,337,0,3.7054322e-09,1.5435535e-18,2.0842331e-30,0.0,0.0,5.983461e-14
390000,341,111,0,3.2753493e-09,5.05638e-13,3.036197e-31,0.0,1.438673e-29,8.787405e-15
390000,138,267,0,2.5156772e-09,2.797058e-15,2.0282024e-22,9.280496e-38,4.78e-43,7.618581e-17
390000,200,246,0,3.3820138e-09,3.2044426e-11,0.0,0.0,5.5660216e-15,1.2602813e-12
390000,292,108,0,2.3084366e-09,8.625088e-12,8.555544e-29,3e-45,7.296911e-21,8.862011e-12
390000,246,93,0,1.937034e-09,4.66757e-12,5.5413375e-17,6.9401486e-26,2.9512003e-23,3.0254424e-11
390000,296,339,0,3.4769878e-09,5.928859e-20,2.473777e-32,0.0,0.0,1.9285483e-15
390000,194,71,0,2.231173e-09,1.4907296e-11,1.0808711e-15,1.310943e-23,2.7425213e-17,2.3895202e-11
390000,64,195,0,2.6610851e-09,3.1583073e-11,5.5281403e-18,4.156999e-27,3.494734e-17,1.07534634e-10
390000,52,71,0,1.9647994e-09,3.865717e-12,7.426224e-14,7.85216e-20,4.9028514e-24,3.7036412e-11
390000,402,128,0,2.2125939e-09,3.4493853e-12,6.306109e-16,1.2804251e-23,1.1253355e-25,6.352641e-12
390000,355,401,0,1.9529667e-09,4.5932715e-12,5.2254518e-21,2.8448427e-32,8.138947e-23,3.4361722e-11
390000,439,427,0,2.5360412e-09,3.3994956e-11,9.7645105e-17,9.400036e-25,5.9515136e-18,1.043803e-10
390000,442,258,0,2.2084632e-09,1.7752293e-11,1.970272e-18,6.482285e-29,8.961943e-19,4.7159863e-11
390000,389,397,0,1.9942983e-09,1.9175753e-11,4.3840997e-21,5.531352e-33,9.049298e-20,8.425397e-11
390000,244,242,0,1.9711255e-09,4.7870925e-21,1.07526425e-26,1.4552363e-38,0.0,1.8083876e-15
390000,71,411,0,2.039631e-09,2.2500274e-11,3.2453205e-12,8.501879e-16,5.129392e-16,1.9978924e-10
390000,307,376,0,2.2188786e-09,1.3692031e-13,6.9967324e-17,4.545375e-26,1.3129282e-28,1.779305e-12
390000,305,254,0,2.0669764e-09,1.8068927e-14,0.0,0.0,6.063475e-35,3.344358e-20
390000,245,440,0,2.1071862e-09,2.9788357e-13,5.122364e-13,4.713582e-18,7.7614957e-22,1.059621e-11
390000,112,181,0,1.969111e-09,3.436561e-11,4.2544936e-29,0.0,7.548934e-15,6.285413e-15
390000,162,315,0,2.371005e-09,7.1822014e-11,2.5293384e-21,4.6290794e-32,2.1724536e-12,4.828519e-14
390000,354,278,0,2.6470628e-09,8.064616e-17,1.4192523e-19,7.1864895e-30,1.7122807e-37,4.7599647e-13
390000,383,172,0,2.6964344e-09,4.3676358e-11,5.5410605e-14,1.1415558e-20,5.410047e-16,2.6459338e-11
390000,89,263,0,2.3286906e-09,1.12143295e-10,2.5686188e-14,9.292122e-21,6.3527066e-12,1.04995205e-11
390000,444,99,0,1.9786144e-09,1.4246673e-10,2.217104e-15,1.707563e-23,2.317401e-10,1.4576906e-10
390000,89,276,0,2.886088e-09,2.1251747e-11,2.3665865e-15,1.601614e-22,1.4899492e-15,7.009082e-13
390000,293,246,0,2.3201965e-09,7.1082765e-11,0.0,0.0,2.6159688e-14,1.0407425e-14
390000,207,334,0,2.1953912e-09,6.962636e-13,1.429505e-26,7e-44,2.6539901e-25,4.5825368e-15
390000,280,212,0,2.3124045e-09,1.2048006e-11,0.0,0.0,1.3749643e-19,2.5695751e-13
390000,313,59,0,2.0746422e-09,1.30570095e-11,2.012683e-18,8.352669e-29,5.5333258e-21,1.160305e-11
390000,238,137,0,2.15413e-09,6.103256e-24,2.6351599e-12,5.433066e-16,1.1143509e-18,8.0187654e-14
390000,285,176,0,2.0768622e-09,9.53097e-14,9.290554e-31,0.0,1.9014799e-27,7.471755e-11
390000,132,197,0,2.2216091e-09,8.190796e-11,1.7169464e-36,0.0,2.615969e-14,7.8063654e-14
390000,230,143,0,2.181749e-09,4.97102e-28,5.0475223e-19,1.3359392e-29,2.6323697e-37,3.468875e-12
390000,252,297,0,2.0241968e-09,1.8968092e-15,5.5851113e-31,0.0,1.3108718e-36,8.318778e-16
390000,337,257,0,4.1780863e-09,4.7403226e-17,2.3049923e-30,0.0,0.0,1.7002215e-13
390000,398,306,0,2.3995599e-09,7.224525e-14,2.5185501e-33,0.0,4.5347332e-31,1.7064158e-12
390000,429,420,0,2.446308e-09,1.8981825e-11,4.415141e-15,7.349831e-23,4.275433e-17,8.11515e-11
390000,71,218,0,2.1841393e-09,8.441002e-11,8.5110294e-16,9.342001e-23,5.8098227e-15,7.719846e-11
390000,168,403,0,1.973578e-09,3.3143852e-11,6.766096e-25,1.0581e-41,2.1326451e-16,1.1020499e-12
390000,287,315,0,2.672854e-09,3.209167e-12,3.4913821e-34,0.0,1.9072738e-20,1.1387172e-10
390000,259,282,0,2.0594417e-09,7.843771e-16,4.4561757e-33,0.0,2.3483713e-37,3.0351874e-22
390000,252,173,0,2.0108055e-09,1.2984755e-12,3.52e-43,0.0,2.2340983e-21,1.3702384e-12
390000,238,428,0,2.5155573e-09,2.9113406e-11,1.4535775e-21,1.158779e-35,5.6480014e-16,1.8351801e-11
390000,229,430,0,2.461382e-09,3.7704284e-11,2.9519965e-17,1.3540087e-26,1.1470079e-15,3.045102e-10
390000,255,271,0,2.044152e-09,2.4579717e-17,0.0,0.0,0.0,3.4709185e-30
390000,222,130,0,2.5389586e-09,2.0512182e-20,7.372926e-28,1.571e-42,0.0,5.0332403e-12
390000,289,209,0,2.1879578e-09,1.6354904e-12,0.0,0.0,9.771832e-27,2.9944297e-11
390000,86,240,0,2.1194304e-09,7.8734706e-11,5.7740152e-15,1.7768884e-22,2.8115763e-14,1.4693717e-11
390000,223,352,0,2.5560758e-09,5.446342e-12,3.3982596e-14,2.6603646e-20,5.826328e-21,2.0207126e-12
390000,210,268,0,2.067207e-09,1.5881829e-15,0.0,0.0,3.03e-43,5.221756e-16
390000,345,144,0,2.0444115e-09,4.960893e-13,9.260092e-28,1e-45,7.3849604e-32,6.678317e-13
390000,415,172,0,2.086424e-09,3.1670955e-13,6.0345e-20,2.7774103e-30,2.4982408e-31,7.284354e-14
390000,428,370,0,2.2077904e-09,4.8385865e-11,1.418402e-13,2.8803163e-19,1.7348543e-13,4.3800736e-12
390000,396,193,0,2.2458706e-09,5.921614e-11,3.8537954e-19,2.0728331e-31,3.877749e-17,3.76601e-12
390000,413,337,0,2.8727671e-09,9.0570856e-11,1.8517902e-14,4.6074025e-21,4.449818e-14,1.868092e-11
390000,365,266,0,2.303897e-09,2.311845e-14,1.5172545e-25,2.27317e-40,4.51499e-32,2.409082e-12
390000,335,335,0,2.6550366e-09,2.621017e-11,7.564654e-30,0.0,4.260145e-16,7.812315e-12
390000,330,184,0,2.1773348e-09,2.8277294e-13,1.1800992e-32,0.0,4.0660357e-33,3.099892e-11
390000,434,75,0,2.1362796e-09,6.129401e-11,5.5598877e-14,1.1416344e-20,7.171071e-16,2.0045802e-11
390000,403,150,0,2.406207e-09,1.8133712e-11,2.8235932e-22,1.4482652e-36,1.8027327e-19,3.13895e-11
390000,355,213,0,2.190151e-09,9.118851e-16,6.6098094e-16,2.72407e-24,9.9538445e-31,5.5142934e-13
390000,446,196,0,1.9548383e-09,2.3549492e-11,4.9763887e-14,2.6099097e-19,1.0312055e-20,7.3820165e-11
390000,150,282,0,2.0509663e-09,9.110515e-12,5.624168e-28,1e-45,9.883526e-21,2.5002862e-12
390000,323,291,0,2.747565e-09,3.3749496e-11,1.6111638e-29,0.0,3.9856936e-15,2.1658097e-13
390000,63,445,0,1.9711195e-09,1.7631833e-11,1.1838683e-11,1.5839054e-14,1.2519888e-16,4.5826877e-11
390000,369,298,0,1.9998907e-09,1.0263829e-11,6.4401247e-18,1.8072715e-28,2.1854567e-20,1.2242665e-13
390000,223,266,0,2.0028068e-09,2.0071049e-14,0.0,0.0,2.5213861e-37,2.336259e-22
390000,444,434,0,2.502164e-09,1.5588524e-10,7.0343763e-13,7.390542e-18,1.13609566e-10,2.2970881e-10
390000,402,404,0,2.3090179e-09,8.802911e-11,1.02902387e-16,7.932336e-24,2.2018698e-10,1.4264664e-11
390000,387,86,0,2.1822673e-09,2.96659e-11,2.3215163e-15,7.522145e-21,1.5240516e-16,9.6147e-12
390000,324,310,0,2.8494815e-09,4.5761287e-11,3e-45,0.0,2.7672358e-13,6.673831e-12
390000,211,222,0,2.633005e-09,7.777767e-12,4.5339384e-17,7.153829e-24,2.9465003e-19,5.7100947e-12
390000,181,222,0,3.0094092e-09,3.9438315e-14,0.0,0.0,7.15154e-40,3.4406918e-16
390000,258,327,0,1.9705089e-09,2.8650175e-12,0.0,0.0,9.395514e-23,1.9603084e-13
390000,326,316,0,2.6060876e-09,1.1813583e-11,2.6412e-41,0.0,1.7502688e-17,2.252703e-14
390000,236,433,0,2.6206608e-09,3.5050723e-11,2.2085646e-20,1.8408578e-32,1.3943508e-15,5.2555054e-11
390000,111,290,0,2.2589877e-09,1.4896128e-11,4.0345354e-25,7.913617e-39,3.1820523e-17,1.89164e-12
390000,313,431,0,2.6225113e-09,1.9100609e-10,1.5272695e-15,9.603655e-24,4.856673e-12,6.1583745e-11
390000,299,294,0,2.2102524e-09,4.3480948e-11,4.1662952e-35,0.0,3.521122e-17,1.7602272e-15
390000,123,315,0,2.6864018e-09,6.7274755e-11,1.0265826e-26,4e-45,5.5762893e-14,5.4892268e-14
390000,193,333,0,2.6546658e-09,6.581638e-15,5.85346e-40,0.0,4.685325e-36,5.893198e-13
390000,152,89,0,2.029477e-09,4.7107936e-11,4.0878854e-14,9.057957e-20,5.6785506e-13,2.60532e-11
390000,198,176,0,2.160322e-09,1.8623821e-11,8.066041e-17,1.7572274e-25,4.4617407e-18,4.170119e-15
390000,327,279,0,2.8511287e-09,5.825227e-11,2.7195996e-20,1.0419512e-30,1.1943186e-13,1.05732954e-14
390000,64,142,0,2.032564e-09,5.889681e-11,6.606234e-11,2.634935e-12,2.9918342e-13,8.048055e-12
390000,315,110,0,2.4465758e-09,1.0652493e-11,1.1894522e-33,0.0,6.297973e-19,5.902652e-11
390000,350,366,0,2.0677242e-09,9.247555e-12,1.0815333e-28,0.0,2.1860558e-20,9.8198394e-11
390000,323,306,0,2.7578684e-09,7.42872e-12,7.8e-43,0.0,8.969866e-22,3.2859004e-11
390000,417,128,0,2.8878562e-09,4.5766164e-12,2.4782697e-15,1.3531444e-21,6.3084698e-24,1.7025245e-10
390000,154,117,0,2.038977e-09,1.6109534e-12,4.3048132e-14,2.1206463e-20,6.017951e-25,3.915852e-11
390000,444,151,0,2.0467805e-09,1.7411971e-11,3.5487602e-15,4.3427613e-22,2.4729185e-18,4.3515344e-11
390000,186,417,0,2.32448e-09,2.7001216e-12,2.067663e-13,4.614501e-18,3.306468e-21,6.276484e-14
390000,192,245,0,3.5434906e-09,3.1449916e-11,2e-44,0.0,6.503853e-15,1.5952663e-11
390000,73,66,0,2.2076743e-09,3.0831546e-11,2.2744497e-17,3.1007624e-27,3.8632164e-17,9.1764325e-11
390000,215,351,0,2.3238067e-09,1.7126837e-12,2.8450364e-11,7.3250284e-14,1.3982951e-15,8.193493e-11
390000,267,216,0,2.2829088e-09,6.3536395e-14,0.0,0.0,4.476864e-32,6.337838e-17
390000,114,90,0,2.2895328e-09,3.4853852e-11,2.9707905e-16,3.2991074e-24,3.607066e-16,1.3410237e-10
390000,204,429,0,3.5151169e-09,1.1860007e-11,6.8473074e-12,1.8302156e-15,4.8850545e-18,5.4587918e-11
390000,365,141,0,2.105261e-09,4.7432907e-13,2.1464045e-13,5.8951105e-19,3.152386e-23,9.453923e-12
390000,128,63,0,2.756805e-09,6.081441e-11,3.7504576e-11,7.510472e-13,6.849637e-14,9.762054e-12
390000,403,144,0,2.387401e-09,1.5780467e-12,8.7615074e-20,4.41263e-30,8.169007e-30,6.5170695e-11
390000,412,214,0,1.991404e-09,3.2849612e-11,2.6193122e-14,3.1809039e-21,1.1605194e-13,1.335015e-10
390000,309,193,0,2.0351985e-09,2.1690104e-15,1.112893e-38,0.0,9.6e-43,3.4260055e-16
390000,275,220,0,2.3278752e-09,2.300343e-13,0.0,0.0,1.3783454e-32,1.32974805e-14
390000,263,196,0,2.2252251e-09,1.4912264e-13,0.0,0.0,9.470975e-28,8.111639e-11
390000,145,311,0,2.364073e-09,9.01882e-19,5.8288295e-18,8.1717855e-27,2.5170271e-33,1.36614825e-11
390000,392,111,0,2.3898132e-09,5.182118e-16,6.5551834e-13,7.373396e-18,1.2860295e-21,5.4112335e-13
390000,243,62,0,1.9354853e-09,7.371196e-14,6.6836006e-20,1.1561555e-31,4.8665127e-37,6.454327e-11
390000,296,390,0,2.2266329e-09,7.700623e-12,5.0851243e-21,7.5570814e-34,2.1024762e-19,1.1496411e-11
390000,220,335,0,2.2235436e-09,6.3702175e-11,2.770126e-21,4.873083e-33,4.4170327e-12,3.80322e-15
390000,84,372,0,2.101275e-09,1.9487328e-12,5.484379e-17,1.3148482e-26,1.6010174e-27,6.2984416e-11
390000,76,60,0,2.2017792e-09,5.5738546e-11,1.1996833e-13,8.6128077e-19,9.752288e-15,3.137836e-11
390000,375,312,0,2.0455149e-09,1.1483546e-12,1.6726252e-18,4.130747e-29,8.8563516e-26,2.5138404e-11
390000,169,241,0,2.0420423e-09,9.267218e-11,2.8342567e-36,0.0,7.9740863e-13,6.809446e-13
390000,395,101,0,2.5421567e-09,5.724844e-13,2.3332698e-16,3.5234283e-25,1.5467321e-25,3.8031237e-13
390000,369,385,0,2.2408948e-09,2.7322322e-12,6.8501545e-15,2.3416055e-21,2.5153372e-24,2.6924905e-11
390000,287,324,0,3.3781706e-09,3.916529e-17,1.14e-43,0.0,7.1082e-41,1.12624805e-11
390000,295,316,0,2.7167564e-09,8.791305e-15,1.167e-42,0.0,4.5556845e-37,2.0254692e-12
390000,286,268,0,2.2018698e-09,9.590332e-22,4e-45,0.0,0.0,3.1591537e-20
390000,342,261,0,2.9123548e-09,3.0179158e-13,2.6116024e-25,2.400164e-39,1.0286506e-27,1.5739614e-14
390000,114,391,0,2.3128108e-09,5.625657e-11,1.8673017e-12,2.2537882e-16,4.4169906e-12,9.044198e-12
390000,266,179,0,2.1445454e-09,3.820202e-12,0.0,0.0,2.269397e-24,1.2588162e-13
390000,197,326,0,2.7544214e-09,2.922642e-14,2.7069e-41,0.0,1.183039e-30,8.982645e-17
390000,226,321,0,2.2402862e-09,5.4161256e-16,5.87463e-30,0.0,3.4237e-40,3.676079e-22
390000,321,116,0,2.3230124e-09,2.112629e-12,6.4944754e-35,0.0,9.342061e-24,3.6257775e-11
390000,436,369,0,2.342845e-09,6.509784e-11,6.0317055e-15,1.3898023e-21,4.347821e-17,7.18893e-11
390000,184,328,0,2.4267819e-09,7.59161e-17,1.5840447e-30,0.0,1.3088e-41,3.7507263e-15
390000,100,332,0,2.117827e-09,4.751936e-15,3.1428406e-16,7.859028e-25,1.7618935e-29,5.915234e-11
390000,195,318,0,2.3508104e-09,8.447858e-17,5.8622447e-33,0.0,1e-45,1.8853684e-18
390000,310,292,0,2.4693803e-09,9.018899e-13,2.13e-43,0.0,3.9361e-25,1.8456127e-11
390000,155,446,0,2.0247208e-09,1.540776e-10,3.6258767e-16,2.6273918e-24,1.5188276e-11,9.7633195e-12
390000,354,113,0,2.32029e-09,1.884987e-10,9.454807e-38,0.0,7.340414e-11,2.2968018e-13
390000,319,287,0,2.7816776e-09,4.5813077e-13,8.378364e-31,0.0,1.4465436e-29,9.374198e-12
390000,280,119,0,2.0671247e-09,1.0981583e-12,2.2852812e-30,0.0,1.161596e-29,9.386305e-17
390000,389,139,0,2.106132e-09,2.3492305e-11,5.7257644e-13,2.122842e-17,1.0598553e-16,8.652155e-14
390000,230,204,0,1.946175e-09,1.10801376e-13,6.4944754e-35,0.0,3.055897e-32,1.7382355e-12
390000,136,74,0,2.6365468e-09,3.2499038e-11,7.2712776e-16,1.0089575e-24,3.0459572e-16,1.4343374e-11
390000,383,52,0,2.1558495e-09,7.5460235e-11,8.0449805e-12,6.542126e-15,7.939325e-16,3.2080734e-11
390000,331,234,0,3.3360759e-09,7.014256e-11,2.5159168e-30,0.0,3.8673418e-13,4.887342e-11
390000,366,365,0,2.042525e-09,1.0230777e-12,4.3259724e-19,1.7959873e-31,3.9360996e-25,2.2262732e-12
390000,390,344,0,2.554052e-09,1.9537605e-12,1.0148628e-11,1.2107608e-14,1.8845247e-16,1.10736975e-11
390000,118,326,0,2.1564561e-09,1.7937953e-11,3.161987e-16,1.2251514e-23,2.3210808e-18,3.997469e-11
390000,331,445,0,1.9441566e-09,3.675275e-11,5.365379e-12,7.6921656e-16,2.1253465e-18,5.6023762e-11
390000,112,414,0,2.0413988e-09,5.2113053e-11,3.130942e-14,5.018754e-21,9.23867e-14,1.2615003e-10
390000,337,254,0,3.4746774e-09,1.1559905e-18,9.913069e-33,0.0,0.0,2.6206734e-12
390000,225,357,0,2.4123572e-09,9.0052375e-12,3.153113e-11,9.8233135e-14,1.9855325e-15,8.404764e-12
390000,292,102,0,2.3550242e-09,1.6027816e-11,1.0063244e-22,5.869695e-35,1.1934134e-17,1.2834093e-11
390000,355,76,0,2.2331619e-09,3.8361203e-11,8.332939e-12,5.945759e-15,3.201317e-16,4.211261e-12
390000,54,431,0,2.033617e-09,5.3518336e-11,1.4650962e-15,7.1865765e-24,1.28578e-16,7.526261e-11
390000,55,89,0,2.1431172e-09,1.1787928e-11,4.4247116e-19,4.764056e-30,3.1844938e-20,1.08418986e-11
390000,208,367,0,2.2312467e-09,2.6521813e-11,3.2054345e-28,0.0,7.3151175e-17,1.7936668e-15
390000,107,96,0,2.2765505e-09,8.031929e-12,3.0975233e-14,4.1754724e-21,1.0072249e-19,1.2325709e-10
390000,439,376,0,2.218791e-09,4.235685e-11,8.729665e-14,7.0404534e-20,7.1799814e-12,4.0370655e-11
390000,193,55,0,2.0314153e-09,8.993006e-11,5.840811e-22,3.716489e-36,3.8229206e-14,3.2745587e-11
390000,250,216,0,2.0180415e-09,4.709372e-11,6.117906e-32,0.0,1.2673832e-11,1.8950041e-11
390000,335,273,0,2.3237652e-09,4.206451e-13,1.6304249e-16,2.9353541e-25,1.4313106e-28,5.1443414e-14
390000,316,298,0,2.5782958e-09,4.214918e-13,7.493e-42,0.0,2.2023126e-29,1.3634241e-12
390000,331,365,0,2.3148687e-09,3.5795696e-11,6.8252184e-28,4e-45,1.1470079e-15,1.919311e-12
390000,57,220,0,2.3612337e-09,2.56531e-10,3.4497583e-12,9.761858e-16,9.922409e-13,1.5869445e-10
390000,181,414,0,2.3109823e-09,6.8004296e-12,2.6707448e-13,7.005751e-19,3.0587303e-21,5.1421465e-13
390000,161,126,0,2.0885338e-09,5.2916463e-11,7.519073e-21,3.92659e-34,5.6829265e-13,6.4750746e-11
390000,203,419,0,2.5460893e-09,3.2036745e-12,1.6593386e-15,6.8860205e-24,1.0254586e-24,5.059907e-11
390000,357,181,0,2.117834e-09,9.640804e-12,1.1809248e-34,0.0,9.222959e-21,1.048849e-15
390000,362,201,0,2.2881739e-09,1.86968e-11,5.2311006e-26,2.58e-42,2.9109227e-16,5.636928e-13
390000,207,141,0,1.9674424e-09,4.7830663e-15,4.261416e-27,6.2e-44,5.7848004e-36,1.978009e-15
390000,112,271,0,2.219839e-09,1.6090173e-14,7.8310916e-23,3.3740498e-38,2.271621e-39,5.309945e-15
390000,406,408,0,2.2900748e-09,6.230841e-11,2.0006192e-15,1.9769117e-22,3.9813492e-16,2.4959802e-12
390000,72,250,0,2.2172684e-09,1.4734963e-11,1.0641089e-10,1.6342436e-12,1.216471e-13,3.4710287e-11
390000,148,262,0,2.2993627e-09,3.1744275e-12,2.0382899e-32,0.0,3.6699103e-24,6.191526e-12
390000,118,124,0,2.0957678e-09,3.893462e-14,1.4740213e-22,2.3375103e-38,1.2188363e-35,6.3892264e-14
390000,142,199,0,2.3423143e-09,5.3747024e-11,6.929219e-36,0.0,4.9941588e-15,3.0492203e-11
390000,172,134,0,2.0112887e-09,6.5501556e-11,1.1996833e-13,8.6128077e-19,7.1799827e-12,2.6578413e-14
390000,444,440,0,2.311345e-09,5.6941923e-11,4.959566e-12,1.1437908e-15,4.4924265e-17,1.1301269e-10
390000,103,244,0,2.3232194e-09,1.2936312e-11,1.2107396e-24,3.1053e-41,1.7283746e-18,5.898814e-14
390000,127,379,0,2.1109625e-09,1.3859224e-15,5.206572e-15,1.1440297e-22,1.4482647e-28,9.7971256e-11
390000,195,246,0,3.8404995e-09,8.123265e-12,0.0,0.0,6.1565335e-22,3.60313e-12
390000,60,203,0,2.248104e-09,4.2106048e-11,3.720142e-16,1.8982991e-23,4.21703e-17,2.814055e-11
390000,218,436,0,2.41137e-09,2.3826174e-11,1.7560526e-13,1.8839966e-19,1.0597339e-16,7.0122075e-11
390000,291,129,0,2.347502e-09,1.2191776e-11,6.43814e-16,3.2549376e-23,1.1522168e-20,4.69363e-16
390000,342,417,0,1.9630504e-09,1.6623087e-11,1.222724e-10,1.5108031e-11,4.7412053e-12,1.9484437e-11
390000,268,359,0,2.072656e-09,3.3773774e-12,2.5117599e-17,4.543638e-25,3.9447892e-21,4.861048e-13
390000,91,250,0,2.4481004e-09,1.2224653e-11,6.919749e-14,1.8431613e-19,8.0322396e-19,1.8532996e-11
390000,404,352,0,2.3749942e-09,4.94856e-12,1.0304455e-16,8.137954e-25,2.0313258e-19,7.242787e-11
390000,296,281,0,2.112429e-09,1.2665356e-13,6.7617e-41,0.0,8.95288e-31,1.6590955e-17
390000,310,434,0,2.6600395e-09,9.460658e-11,1.1199036e-15,2.360414e-23,5.809677e-15,1.3267384e-11
390000,416,352,0,2.1898163e-09,6.7630266e-13,6.719252e-11,8.014075e-13,5.2677304e-14,6.9569586e-11
390000,413,427,0,1.9943038e-09,6.050487e-11,1.6678059e-25,1.15e-43,7.842662e-18,2.6470378e-14
390000,75,333,0,2.180499e-09,3.3335417e-21,1.8926794e-31,0.0,0.0,5.7070782e-11
390000,256,231,0,2.0501203e-09,2.5179763e-13,4.859477e-28,9.302e-41,9.825859e-31,1.900494e-11
390000,145,354,0,2.0021456e-09,2.6476004e-11,2.1029988e-15,1.275803e-23,7.3151175e-17,6.014761e-11
390000,223,161,0,2.3851723e-09,5.986654e-15,1.7255784e-18,5.3872567e-27,4.4355615e-33,1.1442998e-14
390000,382,283,0,2.3794557e-09,1.1032993e-11,1.4198632e-22,1.1906501e-36,8.4548534e-20,1.7908453e-15
390000,366,124,0,2.068418e-09,1.0471364e-11,1.5948215e-27,1.3e-44,8.260498e-20,3.4258527e-11
390000,373,262,0,2.3942328e-09,7.2134933e-12,4.610537e-19,2.7547394e-30,1.1211032e-21,2.1469961e-11
390000,440,176,0,2.2345157e-09,5.570349e-12,1.2765753e-12,2.7963585e-17,9.6551575e-21,5.584095e-13
390000,298,201,0,2.08403e-09,4.4323286e-18,2.4e-44,0.0,0.0,5.3768812e-11
390000,394,171,0,2.204302e-09,1.08010215e-11,5.157539e-13,1.7394283e-17,1.1981747e-20,4.6433125e-11
390000,242,390,0,2.2268045e-09,4.003131e-11,2.725322e-23,7.56369e-39,5.6360975e-19,5.133311e-11
390000,95,408,0,2.140371e-09,3.8000887e-11,4.790053e-12,4.5287582e-15,6.4089283e-15,1.7496378e-10
390000,350,259,0,2.395141e-09,7.410337e-15,3.3419283e-27,1.8e-44,7.1138164e-36,4.6217526e-12
390000,414,307,0,2.8226033e-09,1.8628123e-11,4.4279405e-20,6.700062e-32,2.2038209e-17,8.039812e-11
390000,304,336,0,2.8659095e-09,5.8335e-16,3.9587977e-26,2.953e-42,2.214e-42,4.7206844e-15
390000,422,329,0,2.566572e-09,1.7741577e-11,7.7328716e-19,5.09027e-29,1.1934134e-17,8.65261e-15
390000,211,434,0,2.765838e-09,2.0437745e-11,4.055139e-12,4.612418e-16,2.5862205e-18,1.5804304e-10
390000,302,89,0,2.2590996e-09,5.5498783e-11,1.2700537e-25,1.1e-44,5.1605894e-12,6.318756e-11
390000,97,161,0,1.943882e-09,4.3537254e-11,6.0363245e-18,2.6474892e-28,1.4579943e-15,3.6334005e-11
390000,275,175,0,2.2003201e-09,1.0108329e-11,5.57749e-40,0.0,1.233616e-18,1.5352737e-10
390000,285,302,0,2.396306e-09,7.7123025e-13,6.3444155e-21,3.175746e-32,1.767253e-25,5.3895225e-11
390000,58,284,0,2.059959e-09,4.2257562e-11,2.1693689e-20,3.9892798e-34,2.375042e-10,3.396908e-11
390000,151,54,0,1.9539557e-09,1.4258204e-11,1.0083246e-12,1.3841512e-17,1.5418963e-19,7.074254e-11
390000,355,192,0,2.1657767e-09,9.36776e-12,2.3359344e-35,0.0,1.0072244e-19,1.395711e-11
390000,419,109,0,2.0709503e-09,3.8484003e-12,1.2814735e-11,2.1565557e-14,1.8488237e-16,3.5092258e-13
390000,218,421,0,2.2158126e-09,2.6690344e-11,1.8590836e-12,2.7260898e-16,3.7099037e-17,4.6057443e-11
390000,267,256,0,2.431979e-09,5.4434604e-13,0.0,0.0,1.4817873e-24,2.4987484e-18
390000,356,276,0,2.678472e-09,1.1928398e-16,2.942419e-22,2.6959894e-35,4e-45,4.408428e-14
390000,278,382,0,2.0412703e-09,3.965311e-12,1.0471388e-21,2.4024345e-36,6.2719152e-21,1.0188683e-11
390000,79,275,0,3.3470555e-09,3.4035955e-11,7.2238224e-21,4.9406354e-33,8.6120196e-17,3.1682792e-11
390000,251,402,0,2.1641977e-09,3.505976e-11,5.1800734e-25,1.524992e-39,1.8103749e-16,2.3170368e-12
390000,244,309,0,2.003645e-09,1.3561525e-11,1.2488e-41,0.0,1.8915523e-17,2.8683513e-17
390000,353,63,0,2.3453854e-09,4.3020787e-12,9.9540974e-12,1.1182517e-14,8.150606e-17,4.153946e-10
390000,160,296,0,2.0470992e-09,6.827896e-11,1.7830068e-29,0.0,2.4548777e-12,3.7003985e-15
390000,401,116,0,2.4255076e-09,1.9874372e-13,1.2737476e-10,5.691354e-11,6.765762e-11,6.010993e-12
390000,178,102,0,2.288056e-09,1.3949906e-16,2.705208e-19,3.2033553e-30,2.1595534e-38,8.159499e-12
390000,435,255,0,2.1869968e-09,7.017955e-12,1.0229694e-12,1.4820435e-16,3.1729576e-19,9.968972e-11
390000,118,286,0,2.331992e-09,1.4236634e-12,1.6370485e-17,5.948113e-28,4.415991e-24,1.3781424e-12
390000,296,336,0,3.7810852e-09,3.1678035e-20,2.8668195e-34,0.0,0.0,1.644482e-13
390000,236,171,0,2.0216686e-09,7.339025e-21,3.9293857e-37,0.0,0.0,7.1917644e-14
390000,100,257,0,2.6814657e-09,2.6355564e-11,2.9001793e-23,5.4083204e-38,1.2488956e-16,1.5522098e-15
390000,123,431,0,1.9639625e-09,1.3594518e-12,2.1176689e-12,5.4991216e-16,2.5486498e-18,4.134317e-12
390000,99,253,0,2.7995475e-09,9.846533e-12,9.073925e-21,7.4648217e-34,3.2230733e-21,4.939229e-14
390000,141,447,0,1.9942348e-09,4.3125732e-11,7.7313725e-11,1.6129515e-12,1.3244023e-13,9.562019e-11
390000,77,210,0,2.3291e-09,1.6339709e-11,1.8250275e-13,1.1258419e-18,1.2229603e-18,2.9486063e-11
390000,325,257,0,2.2633713e-09,1.2267999e-12,3.0619274e-38,0.0,5.1845548e-24,1.9006959e-16
390000,378,59,0,2.3269402e-09,1.8487194e-11,2.3272814e-17,3.103064e-27,1.3536008e-18,9.380902e-11
390000,265,128,0,2.4240165e-09,3.7312292e-11,3.5603393e-25,1.086e-42,5.678457e-13,1.2360185e-15
390000,445,242,0,1.9920887e-09,1.1798012e-11,6.965241e-14,3.4014384e-20,2.5837442e-20,6.8690375e-12
390000,434,420,0,2.585591e-09,4.0640577e-12,1.9410722e-14,2.6483612e-20,1.6249316e-24,8.94059e-11
390000,397,284,0,2.2298718e-09,7.7088926e-11,2.2748672e-27,0.0,6.115681e-12,1.1109966e-11
390000,72,125,0,1.984451e-09,1.3022794e-11,1.0652863e-18,1.0697843e-28,5.840664e-17,7.614215e-11
390000,163,193,0,1.9959705e-09,5.6854518e-11,2.34056e-40,0.0,2.1866376e-15,3.9690373e-11
390000,336,341,0,2.4987383e-09,1.4245259e-11,6.302712e-27,2.008e-42,2.192126e-20,2.1822331e-13
390000,343,297,0,1.9841035e-09,4.313313e-14,1.7798892e-23,1.20650255e-36,3.059994e-32,5.3077897e-15
390000,419,155,0,2.2758575e-09,1.05650376e-11,4.6300194e-17,1.0562035e-26,1.6316171e-19,3.3071315e-12
390000,135,211,0,2.205636e-09,4.770112e-11,7.0626103e-22,8.358862e-34,3.303049e-15,2.1823238e-17
390000,438,338,0,2.3038742e-09,8.360085e-13,1.4215771e-25,9.1555e-41,7.42207e-25,1.0255342e-10
390000,181,220,0,2.9760834e-09,9.245643e-14,0.0,0.0,2.3991057e-36,3.957038e-15
390000,147,303,0,2.2288118e-09,5.0328273e-16,1.2105567e-25,2.74184e-40,1.0407e-41,1.4289109e-11
390000,275,325,0,2.1607172e-09,7.2921156e-19,4.062174e-38,0.0,0.0,3.9132825e-12
390000,309,313,0,2.1839381e-09,5.2066192e-17,3e-45,0.0,1e-45,1.554121e-12
390000,370,74,0,2.4260791e-09,1.621768e-12,1.0295615e-19,3.6213052e-32,3.7391978e-29,9.889256e-11
390000,73,291,0,2.179402e-09,1.6965391e-11,8.737621e-25,5.1925e-41,8.225992e-18,1.8579643e-12
390000,376,146,0,2.1132625e-09,7.3085033e-13,3.628858e-14,6.4655435e-20,3.411853e-24,1.0145732e-10
390000,136,179,0,2.353564e-09,2.217997e-11,5.6e-44,0.0,4.4617233e-18,3.2888248e-11
390000,411,339,0,2.942125e-09,2.966587e-11,5.0063616e-15,9.97359e-22,3.6138515e-16,3.9625508e-11
390000,287,442,0,2.035502e-09,1.9303989e-11,3.452514e-12,9.761873e-16,2.7357988e-18,7.791117e-12
390000,85,416,0,2.5908578e-09,8.42496e-12,1.06532307e-16,2.3830825e-26,2.3934678e-19,4.8752693e-11
390000,219,315,0,2.1240536e-09,5.042798e-13,2.245574e-18,1.16677e-24,3.0198107e-28,6.108799e-20
390000,136,369,0,2.4777507e-09,7.0210955e-15,6.372201e-11,2.172646e-13,4.5675985e-15,3.8426866e-14
390000,434,138,0,2.269766e-09,6.921637e-11,8.181232e-22,1.5803296e-32,7.630848e-12,8.171511e-11
390000,113,237,0,2.1912228e-09,2.9211304e-11,5.3243545e-30,0.0,2.3857018e-18,2.2857142e-12
390000,428,53,0,2.0725177e-09,1.3777156e-10,3.6949697e-12,2.5977222e-16,1.4086086e-10,4.341383e-11
390000,189,112,0,1.9930795e-09,8.887624e-14,3.3629325e-19,2.4080168e-29,1.3030937e-34,5.370604e-12
390000,73,165,0,1.9531043e-09,2.4022574e-11,1.8709686e-24,8.1379e-41,1.168854e-16,6.756746e-11
390000,124,246,0,2.1423614e-09,3.770558e-11,1.3168073e-27,0.0,2.537752e-14,1.336889e-12
390000,235,342,0,2.1221527e-09,2.481876e-11,5.14161e-17,2.1908423e-25,2.856046e-15,1.215182e-12
390000,142,319,0,2.2349826e-09,6.095353e-15,4.7123606e-13,3.6242025e-18,5.639111e-22,2.0366686e-11
390000,264,203,0,2.2849822e-09,6.1115956e-13,0.0,0.0,2.4809643e-25,4.4451547e-12
390000,255,352,0,1.9875632e-09,2.0930037e-11,4.580323e-31,0.0,3.5791712e-18,2.376132e-11
390000,432,157,0,2.184922e-09,4.1730577e-11,4.4679958e-11,3.1464835e-13,1.2468988e-13,6.336326e-11
390000,203,241,0,2.8160885e-09,9.338573e-13,4.155096e-38,0.0,4.341295e-26,4.371384e-14
390000,204,289,0,2.2366204e-09,2.481555e-12,5.7609e-41,0.0,2.3394662e-24,1.5853287e-15
390000,108,392,0,2.3095192e-09,1.8348125e-11,7.075263e-12,2.748808e-15,6.5736544e-18,1.3551455e-11
390000,420,316,0,3.2496197e-09,8.678067e-13,6.7822555e-20,1.7929716e-33,7.612918e-29,9.775537e-11
390000,327,191,0,2.271736e-09,5.641701e-15,2.0435499e-26,6.21e-43,2.25398e-39,1.5227741e-12
390000,178,293,0,2.0781834e-09,1.3751674e-12,1.0290162e-16,7.932336e-24,4.7135317e-27,1.2928191e-11
390000,340,111,0,3.2620737e-09,3.878728e-13,1.817196e-30,0.0,4.2513413e-31,7.0231076e-15
390000,154,75,0,2.0532984e-09,5.14562e-11,9.5586265e-14,6.119192e-20,1.5186706e-11,7.003063e-11
390000,380,166,0,2.5162927e-09,1.6729286e-13,1.2177958e-13,3.1789388e-19,1.737973e-23,1.9066294e-11
390000,368,251,0,2.6959037e-09,2.1551606e-12,3.6899087e-24,6.23181e-40,2.0246818e-25,4.663652e-11
390000,257,424,0,1.9795876e-09,5.7561882e-11,4.3472602e-21,1.6766628e-34,1.8440878e-14,3.47949e-11
390000,310,390,0,2.2333915e-09,3.7127974e-11,9.0216e-12,8.654861e-15,2.2414646e-16,9.279526e-12
390000,88,281,0,2.783122e-09,1.9184964e-12,2.0756027e-12,1.04478616e-16,6.1136253e-20,4.8040296e-12
390000,345,97,0,2.2428195e-09,3.6910325e-11,1.879163e-23,3.399047e-36,3.601891e-15,1.10310115e-10
390000,145,207,0,2.2638724e-09,5.3660054e-12,1.122223e-29,0.0,5.3878114e-21,1.2111854e-12
390000,336,378,0,2.1030353e-09,4.935134e-11,2.1777448e-15,7.4532317e-23,3.3581811e-15,4.6473558e-11
390000,336,130,0,2.042799e-09,2.9848433e-12,1.7e-44,0.0,7.150911e-24,3.9695507e-11
390000,378,174,0,2.5667375e-09,3.9609954e-11,4.4986534e-16,6.838676e-25,1.1499248e-14,3.9358034e-11
390000,290,251,0,2.364194e-09,5.2687504e-13,0.0,0.0,3.1874618e-26,2.172397e-12
390000,325,92,0,3.074274e-09,2.75002e-14,6.2061516e-13,4.2810352e-17,6.256583e-20,3.331991e-11
390000,363,209,0,2.3086855e-09,1.4694293e-12,4.610537e-19,2.7547394e-30,1.2700128e-25,2.4570465e-15
390000,56,262,0,2.7561686e-09,7.92891e-12,1.6560713e-17,3.127408e-27,8.059659e-22,1.0885207e-11
390000,211,173,0,2.1606972e-09,1.2935387e-11,2.330117e-28,0.0,1.9817814e-18,8.521254e-12
390000,296,329,0,3.3685708e-09,2.1427084e-21,7.25295e-40,0.0,0.0,1.2520932e-10
390000,123,224,0,2.6338332e-09,1.1488191e-11,2.2918968e-18,6.317457e-29,1.0178129e-20,2.0192292e-11
390000,84,390,0,2.2359732e-09,4.9855287e-11,2.9798866e-13,7.0560104e-19,7.5490185e-15,5.269682e-10
390000,165,174,0,1.9597954e-09,4.595366e-12,3.7277e-41,0.0,3.198114e-24,1.302981e-10
390000,272,234,0,2.0546869e-09,1.1925802e-12,0.0,0.0,4.272258e-28,2.6650262e-11
390000,104,340,0,2.1191717e-09,1.1335462e-12,7.899381e-20,2.7132352e-31,3.5468647e-26,4.159255e-11
390000,179,347,0,2.0392097e-09,8.956802e-15,1.7140026e-19,2.7436979e-31,4.685553e-36,1.6942112e-13
390000,156,239,0,2.007562e-09,1.7013773e-12,2.4810027e-30,0.0,1.9456199e-26,1.6811092e-12
390000,183,284,0,2.0842148e-09,2.7366283e-14,1.4429163e-26,8.18e-43,1.5840536e-32,2.8770122e-12
390000,373,349,0,2.023763e-09,5.8200202e-12,5.4876554e-16,1.3442627e-23,2.926018e-23,9.018873e-14
390000,415,313,0,3.0035063e-09,1.6395487e-13,1.1595574e-21,1.1352966e-36,7.813529e-29,1.0204563e-13
390000,152,340,0,1.9887663e-09,3.6375288e-11,1.4490864e-19,1.7782973e-32,8.1749786e-14,7.229586e-14
390000,330,329,0,2.6573e-09,7.960707e-13,1.6941176e-30,0.0,1.6030075e-28,3.6844995e-13
390000,321,107,0,2.5671187e-09,1.4895937e-11,8.4714275e-26,7.259e-42,3.1820523e-17,3.252614e-11
390000,297,382,0,2.2854991e-09,1.1529644e-12,3.1323562e-18,2.2353628e-29,6.097163e-27,7.5244685e-11
390000,174,224,0,2.4169915e-09,3.3978107e-12,1e-45,0.0,4.2124275e-25,1.8000901e-17
390000,290,325,0,3.7887826e-09,5.1112334e-18,0.0,0.0,0.0,2.8960291e-12
390000,191,351,0,2.114359e-09,2.8579559e-15,6.6634716e-30,0.0,1.5619822e-36,2.2151631e-11
390000,103,226,0,2.228028e-09,1.2060021e-11,4.429207e-26,1.7218e-41,1.6718374e-20,9.193219e-13
390000,85,209,0,2.192599e-09,4.229651e-11,6.2885045e-18,5.531649e-28,6.8050263e-15,2.868e-12
390000,132,332,0,2.052762e-09,6.7335378e-12,1.19160295e-23,2.873039e-39,4.719293e-22,4.8946515e-12
390000,197,243,0,3.672783e-09,3.3699213e-12,0.0,0.0,1.8204665e-24,7.739075e-12
390000,187,70,0,2.2156965e-09,1.9045124e-12,3.0217075e-21,1.7784098e-33,5.2103912e-27,1.5479265e-11
390000,54,316,0,2.0287205e-09,1.3280617e-12,5.0057452e-20,2.1232229e-32,4.78667e-26,2.7799636e-11
390000,384,248,0,2.1747775e-09,2.1079946e-12,6.939875e-23,1.982794e-36,1.4590904e-23,1.2344206e-11
390000,388,319,0,2.3250029e-09,2.7509878e-16,8.741281e-17,7.491791e-27,8.411036e-35,4.8710418e-11
390000,138,150,0,2.4484685e-09,2.2649033e-14,9.2673484e-17,8.230541e-23,7.88506e-27,6.0413514e-12
390000,94,432,0,1.9965187e-09,4.0383336e-11,1.6249816e-22,1.7185004e-33,3.4001898e-14,5.7753587e-11
390000,336,257,0,4.11263e-09,2.6904483e-17,8.488076e-31,0.0,0.0,7.474098e-13
390000,68,192,0,2.6248272e-09,3.81615e-11,1.5947382e-17,7.503486e-27,3.6070665e-16,5.1239995e-11
390000,299,147,0,1.9753836e-09,7.981665e-12,4.5693613e-17,6.626645e-27,7.3645295e-21,1.8601617e-11
390000,55,225,0,2.310344e-09,2.098454e-10,1.8999104e-13,4.609425e-18,3.4732393e-09,2.0832865e-10
390000,137,373,0,2.4951092e-09,1.06353774e-16,1.3073274e-11,1.1184114e-14,7.138934e-17,2.3163982e-12
390000,324,416,0,2.0154087e-09,4.2241377e-11,1.89664e-13,4.609423e-18,1.1696771e-15,5.1672375e-11
390000,191,327,0,2.9204517e-09,2.3830327e-17,5.245187e-36,0.0,3e-45,3.27859e-15
390000,327,87,0,3.1925287e-09,1.4480235e-12,1.3608169e-14,8.330646e-21,3.0147902e-25,1.09730445e-11
390000,271,73,0,1.9525357e-09,3.4300462e-11,1.27678066e-17,1.6256664e-28,1.461773e-14,2.6410726e-11
390000,325,60,0,2.1544666e-09,4.0357783e-14,1.6827716e-20,1.2860471e-32,1.086642e-39,3.603809e-10
390000,87,183,0,2.0165156e-09,8.1642346e-11,3.71199e-12,2.6240064e-15,5.1873024e-13,4.621278e-12
390000,61,100,0,2.3184e-09,7.2543055e-11,5.474908e-17,3.5080043e-25,6.5944336e-15,1.8776822e-11
390000,78,193,0,2.2368523e-09,1.138345e-10,8.421528e-18,3.193968e-27,6.116354e-12,7.169633e-11
390000,198,370,0,2.1813387e-09,1.103827e-11,1.133394e-39,0.0,5.0144177e-20,4.0686275e-16
390000,365,248,0,2.5322193e-09,3.2059636e-11,1.9785307e-19,5.5749004e-31,5.5660216e-15,3.6396385e-12
390000,362,87,0,2.1681252e-09,6.9389997e-12,7.630365e-15,2.0881557e-22,6.6254547e-22,1.5745064e-10
390000,215,62,0,2.0717015e-09,8.1338894e-11,6.825445e-20,8.3657876e-32,1.5145985e-15,6.632605e-16
390000,194,265,0,2.0574404e-09,6.572199e-16,8.488046e-31,0.0,1.5873313e-37,1.7859332e-16
390000,421,304,0,2.4927789e-09,7.601352e-12,1.6794075e-14,9.3183245e-21,2.1470767e-21,5.937495e-12
390000,337,208,0,2.4247877e-09,3.1149117e-17,7.5124217e-13,2.1309197e-17,1.0766175e-20,4.7782325e-12
390000,298,431,0,2.243791e-09,3.245423e-11,3.258267e-15,7.904777e-22,1.4653005e-17,5.8306665e-11
390000,56,375,0,1.934754e-09,6.2013735e-13,3.0969376e-11,1.7808626e-13,4.605317e-15,1.0334254e-11
390000,130,263,0,2.340633e-09,3.1493202e-12,2.5929982e-21,4.9779596e-34,3.0385168e-22,1.5724157e-19
390000,123,116,0,2.101763e-09,5.985999e-14,1.00699e-23,2.25508e-40,1.4836914e-30,5.6012358e-11
390000,322,97,0,2.713416e-09,9.911849e-13,7.8761855e-17,3.78531e-25,4.8030255e-29,4.888552e-11
390000,277,297,0,2.4229243e-09,6.978324e-18,2.0567567e-11,1.1707005e-13,6.436043e-15,3.2950498e-12
390000,364,170,0,2.0937074e-09,1.181198e-11,6.916802e-27,0.0,7.984713e-18,1.0771387e-11
390000,163,320,0,2.345073e-09,7.4596345e-12,4.5175227e-23,1.0399999e-36,1.1430328e-19,8.760118e-14
390000,294,266,0,2.2422912e-09,7.3928936e-17,0.0,0.0,8.23e-43,3.8445154e-20
390000,388,286,0,2.4475917e-09,2.466649e-12,8.647656e-25,8.92274e-40,3.4237968e-25,2.2925292e-15
390000,405,345,0,2.619752e-09,3.670944e-11,4.076995e-12,6.071115e-16,1.93848e-15,2.1947787e-11
390000,326,282,0,2.951207e-09,6.567022e-12,1.7107117e-21,3.17839e-33,5.9310688e-21,6.9118443e-15
390000,139,75,0,2.6238647e-09,9.231445e-12,1.3993144e-13,1.2267278e-19,4.5946386e-23,1.2062103e-10
390000,121,57,0,2.3563218e-09,1.8331794e-11,3.7975984e-17,1.9387426e-27,1.4326262e-18,3.2732179e-12
390000,420,320,0,3.1971312e-09,8.153416e-12,7.603788e-23,3.097794e-39,2.6547972e-21,6.2538794e-11
390000,99,66,0,2.2285644e-09,3.7333876e-11,1.4486584e-20,1.2860375e-32,1.7331705e-13,3.3522397e-11
390000,412,276,0,2.1081508e-09,1.0243434e-10,2.4104343e-15,3.7518105e-20,3.0418181e-09,5.027065e-14
390000,339,358,0,2.213932e-09,4.7634636e-11,1.3367411e-33,0.0,2.4489284e-13,6.910194e-13
390000,387,274,0,2.2238764e-09,4.5028856e-11,3.130438e-14,5.130201e-20,3.358344e-14,1.7608881e-11
390000,289,134,0,2.3367477e-09,1.2877683e-11,5.8147915e-13,5.9210324e-18,2.1934687e-19,8.3141805e-13
390000,336,222,0,2.2381623e-09,6.394365e-12,2.7782753e-19,3.912651e-30,1.6716377e-20,7.737413e-12
390000,220,165,0,2.4315914e-09,2.8742716e-12,6.8683677e-23,6.708771e-35,2.917714e-23,2.531206e-12
390000,145,269,0,2.482486e-09,3.335461e-13,1.06129394e-26,1e-45,4.6715944e-28,2.9200844e-14
390000,435,333,0,2.43835e-09,1.0486487e-12,2.9844053e-25,1.0674e-41,1.7550792e-25,2.310938e-11
390000,426,321,0,2.8831906e-09,5.472318e-13,1.2342424e-20,1.1268499e-33,1.5404239e-29,4.6234697e-11
390000,282,294,0,2.4791762e-09,1.9649543e-16,8.1058797e-17,1.3322374e-24,3.616117e-30,1.6390366e-12
390000,325,84,0,3.1250198e-09,3.1260211e-12,1.3665695e-15,2.3319995e-23,2.7388442e-25,1.3566591e-12
390000,88,418,0,2.5947118e-09,3.949004e-12,9.528512e-17,2.2230053e-23,4.3960143e-26,2.8834784e-11
390000,265,402,0,2.1428546e-09,3.6391827e-12,5.7257644e-13,2.122842e-17,1.2247941e-20,9.601921e-11
390000,323,357,0,2.1114708e-09,1.5751006e-14,2.4046365e-21,3.0189538e-33,3.1806627e-35,9.401818e-16
390000,293,324,0,3.6558405e-09,4.0475746e-18,0.0,0.0,0.0,1.4089361e-12
390000,277,366,0,2.0644686e-09,6.862457e-13,4.487862e-18,3.9398225e-27,3.3735518e-25,3.6810567e-13
390000,223,104,0,1.9648494e-09,3.1041346e-12,7.378619e-21,2.0531378e-32,2.852383e-23,3.5980806e-12
390000,294,89,0,2.3500033e-09,7.058636e-11,1.6868374e-20,1.2876124e-30,6.308943e-13,2.1397847e-12
390000,226,130,0,2.609669e-09,2.3832774e-21,8.94062e-25,1.3063e-41,0.0,3.7998515e-12
390000,219,387,0,1.9487887e-09,1.4917273e-15,2.7253223e-23,7.56369e-39,1.71e-43,6.350368e-11
390000,104,275,0,2.2616322e-09,1.345436e-12,7.11268e-23,2.5255692e-38,3.4905467e-29,8.652248e-12
390000,224,227,0,2.0248305e-09,1.0220398e-11,1.9905794e-17,3.0687916e-24,6.2979686e-19,4.0299267e-17
390000,64,251,0,2.3031406e-09,2.162229e-10,1.1585451e-11,1.7592591e-14,1.299478e-12,2.4373639e-11
390000,91,307,0,1.977147e-09,1.6530761e-14,1.1203763e-11,1.5813348e-14,1.2515776e-16,8.0014906e-13
390000,354,132,0,2.1128657e-09,2.6240532e-11,8.307638e-27,0.0,7.7784396e-16,1.0561387e-15
390000,420,225,0,1.9899165e-09,5.9119545e-12,5.1223663e-13,4.713582e-18,7.8185713e-22,1.8395846e-11
390000,324,374,0,2.293019e-09,4.3215452e-11,1.1581543e-19,4.4510366e-31,1.4581081e-15,3.70402e-11
390000,65,425,0,2.0646664e-09,1.3082462e-10,9.6753733e-23,2.0715764e-38,2.7680996e-13,2.1267327e-10
390000,388,441,0,2.2260167e-09,6.3778434e-11,2.7506953e-11,1.2070554e-13,3.2907768e-15,1.2114511e-11
390000,137,418,0,1.9637336e-09,4.5929215e-11,6.5075037e-12,4.07864e-15,2.540214e-14,6.411546e-11
390000,439,315,0,2.5140736e-09,1.0050946e-12,1.5299268e-18,1.0260151e-30,3.2132234e-28,2.5857375e-11
390000,73,303,0,2.1052753e-09,1.4507458e-12,4.200072e-23,2.2616416e-36,2.3505052e-25,3.7537803e-11
390000,355,97,0,2.3397537e-09,2.7258237e-12,1.2246647e-21,2.2231128e-34,2.4245005e-22,1.2791902e-10
390000,115,98,0,2.3365285e-09,1.4745626e-12,1.7720126e-11,2.8007602e-14,2.177963e-16,1.6119071e-12
390000,184,444,0,1.9442508e-09,6.212933e-11,4.3188497e-21,1.29682305e-30,1.4597417e-15,2.2002466e-11
390000,376,74,0,2.5282905e-09,7.9745655e-12,3.1619915e-16,1.2251514e-23,1.6153997e-20,7.963853e-11
390000,199,167,0,2.1627344e-09,2.340566e-13,1.7605278e-25,3.1539e-41,5.4415114e-28,1.2519994e-16
390000,98,361,0,2.1206887e-09,4.266591e-12,6.723417e-18,8.304931e-27,6.205437e-23,9.8864104e-11
390000,326,325,0,2.5800386e-09,9.556354e-15,1.8668416e-31,0.0,1.7177317e-36,1.4819908e-15
390000,447,421,0,2.2173192e-09,7.900444e-11,1.1332234e-19,5.795663e-32,1.7123721e-14,2.433478e-12
390000,329,146,0,1.9882473e-09,8.838858e-12,4e-44,0.0,2.1163973e-20,1.464067e-13
390000,143,183,0,2.24506e-09,8.375213e-11,0.0,0.0,1.7819063e-10,2.5733419e-11
390000,202,283,0,2.2718754e-09,1.9236626e-12,8.5e-44,0.0,8.854956e-27,4.1040357e-12
390000,145,148,0,2.3021454e-09,4.5063497e-12,3.45069e-25,1.0773851e-37,7.1678764e-22,8.519709e-14
390000,317,381,0,2.3017062e-09,1.8762726e-11,1.4999624e-14,1.328397e-21,3.9629967e-18,4.206335e-12
390000,371,379,0,2.2652158e-09,1.5208405e-12,1.2610547e-13,9.315818e-20,1.5560816e-24,1.2057594e-10
390000,127,60,0,2.8202853e-09,9.152513e-11,9.257218e-13,5.1614823e-17,2.4499914e-13,2.977457e-11
390000,126,297,0,2.1056161e-09,1.8421046e-14,1.0272672e-22,1.0149809e-35,1.8835278e-33,5.93923e-11
390000,386,342,0,2.5032034e-09,2.97595e-12,1.0148935e-11,1.2107608e-14,1.8845247e-16,5.507997e-11
390000,315,230,0,1.999129e-09,3.4302148e-14,7.2297824e-36,0.0,7.43774e-32,8.803473e-19
390000,231,119,0,2.1054578e-09,8.6587405e-18,6.926801e-23,6.283937e-36,1e-45,1.2061273e-10
390000,121,404,0,2.0685234e-09,3.4501277e-11,2.0115825e-14,1.82657e-21,3.9882573e-17,2.4368543e-10
390000,411,95,0,2.1212558e-09,3.5329905e-12,1.1485043e-19,1.1193416e-30,1.460626e-23,8.321995e-11
390000,231,331,0,2.2345197e-09,1.5489417e-14,7.215182e-27,1.11026e-40,1.8942357e-33,3.4304766e-16
390000,58,107,0,2.1851718e-09,6.68468e-11,9.423466e-16,1.4017776e-22,1.012278e-15,3.2735428e-10
390000,194,90,0,1.976852e-09,3.3958136e-12,1.1015211e-24,3.935e-42,5.5822247e-24,1.4512803e-11
390000,341,233,0,2.324106e-09,8.009843e-12,6.321267e-24,5.071268e-39,2.6109805e-23,1.3888696e-11
390000,359,106,0,2.337987e-09,1.1739105e-11,2.6270025e-30,0.0,3.3569875e-20,1.2019548e-10
390000,405,304,0,2.472004e-09,3.536006e-13,3.7141436e-28,0.0,2.8811262e-29,4.105479e-14
390000,132,253,0,2.2412965e-09,7.257759e-11,3.3027942e-30,0.0,1.6310708e-13,2.3356902e-15
390000,126,223,0,2.6096456e-09,1.298096e-11,1.7041685e-16,1.3216094e-25,2.9297555e-20,6.132353e-12
390000,136,144,0,2.3506812e-09,4.498989e-13,1.5671409e-18,2.825575e-27,1.9074628e-29,6.30352e-12
390000,82,276,0,3.3952592e-09,3.7177657e-12,4.0982617e-19,4.8693123e-31,4.3877426e-24,4.161781e-12
390000,344,328,0,2.1748303e-09,2.3095297e-12,1.7668331e-27,0.0,1.9604e-26,1.9562657e-11
390000,109,221,0,2.2459625e-09,6.1232534e-12,1.377303e-25,1.2001e-41,2.0097395e-21,1.4594914e-15
390000,411,66,0,1.95064e-09,4.058024e-11,1.7858209e-20,8.999402e-31,6.739115e-13,8.366864e-11
390000,435,180,0,2.2370292e-09,2.649795e-13,3.015671e-17,1.1890055e-27,2.1278509e-29,1.0056964e-14
390000,129,183,0,2.2617865e-09,4.7107318e-11,8.824e-42,0.0,3.8656385e-13,1.624874e-12
390000,168,152,0,1.963121e-09,3.1221106e-11,5.7662805e-27,0.0,8.733864e-17,4.0374715e-15
390000,401,103,0,2.8368004e-09,1.9328202e-11,3.3640046e-18,1.0474561e-27,1.8081375e-16,4.304897e-12
390000,287,82,0,2.123643e-09,2.0572058e-11,6.3871623e-21,4.6896653e-31,1.9571833e-17,7.62884e-11
390000,100,131,0,1.951337e-09,1.4422045e-11,1.9256931e-11,3.850581e-14,3.2554158e-16,1.5757215e-11
390000,422,290,0,2.0436597e-09,4.1037663e-11,1.1596158e-21,1.1353097e-36,9.762555e-18,2.0027365e-11
390000,313,403,0,2.043471e-09,1.5658268e-11,1.5163478e-17,5.472532e-26,8.0318364e-19,4.419863e-11
390000,332,234,0,3.3673542e-09,7.1422694e-11,2.9233375e-30,0.0,1.9473279e-14,1.2520852e-10
390000,172,101,0,2.2559372e-09,2.0572302e-19,5.6056054e-14,5.599839e-20,2.2453963e-24,9.035086e-11
390000,386,433,0,2.6945577e-09,5.395422e-11,5.1106417e-13,1.7394242e-17,3.3307595e-15,3.6405132e-12
390000,330,69,0,2.1620818e-09,2.0704906e-13,2.4621863e-16,1.9792636e-25,2.0407484e-32,1.7882318e-12
390000,410,162,0,2.230484e-09,3.5915996e-11,1.74386e-24,6.11349e-40,2.8197031e-09,2.2110032e-13
390000,97,72,0,2.2286126e-09,3.6161848e-11,3.0503445e-20,2.5126012e-33,5.929237e-18,1.3936201e-10
390000,111,305,0,2.0805209e-09,2.1324597e-16,2.5887493e-23,1.8668951e-37,0.0,3.430594e-11
390000,303,444,0,2.134175e-09,6.5522296e-11,4.1498627e-12,3.3048469e-15,1.9048295e-15,4.288152e-11
390000,229,482,0,-7.8079074e-13,1.3334015e-11,1.907615e-12,3.8473926e-15,1.6067948e-16,1.5134347e-11
390000,487,69,0,-8.1034967e-13,9.00097e-11,8.751482e-12,4.9918735e-15,9.19452e-13,2.4702318e-10
390000,265,116,0,2.1051005e-10,4.2051413e-13,3.41165e-21,2.4395624e-33,3.906899e-31,2.7642018e-12
390000,16,236,0,-1.2014423e-11,2.2852504e-09,2.5353096e-16,1.2956598e-25,4.1188084e-09,8.6322734e-11
390000,15,122,0,-1.1984648e-11,2.3523574e-09,3.4220862e-12,8.5181704e-16,4.118828e-09,6.6206554e-11
390000,93,143,0,8.500504e-11,2.4257916e-09,1.3654613e-12,6.0986286e-17,4.2084967e-09,4.86759e-12
390000,495,272,0,-1.2030145e-11,2.306404e-09,3.4252387e-16,2.8845087e-23,4.118812e-09,1.5820116e-10
390000,249,276,0,3.120964e-10,5.4390924e-23,0.0,0.0,0.0,1.8682991e-28
390000,130,239,0,2.8073213e-10,2.3492208e-09,5.0480322e-18,1.5106011e-28,4.1298875e-09,6.508019e-11
390000,251,14,0,-1.1798971e-11,2.2937316e-09,1.4873265e-14,5.610439e-22,4.1188084e-09,2.1754655e-11
390000,394,244,0,1.1566015e-10,2.3167699e-09,8.5034984e-26,5.0913e-41,4.139377e-09,1.1738677e-10
390000,5,309,0,-1.1803088e-11,2.4179145e-09,1.8347143e-18,1.3517361e-30,4.120063e-09,6.789329e-11
390000,415,227,0,3.9573736e-10,2.2734814e-09,2.3433312e-14,4.956344e-21,4.1188084e-09,5.5294307e-11
390000,177,473,0,-3.207579e-13,1.0429347e-10,1.0635245e-11,3.7674257e-14,2.1742935e-12,5.6743797e-11
390000,103,403,0,3.5902012e-10,4.175453e-12,1.2878377e-12,2.7968412e-17,5.987178e-21,1.24068e-10
390000,379,433,0,5.745083e-10,2.2761797e-09,1.3974541e-10,1.2924699e-11,4.122357e-09,5.7246096e-12
390000,64,296,0,2.9423536e-10,2.2990574e-09,1.1899635e-28,1e-45,4.1188106e-09,3.59538e-11
390000,307,381,0,8.508975e-10,7.617757e-12,2.0133431e-13,4.310052e-19,2.5825598e-20,5.310502e-11
390000,486,482,0,-1.2848652e-11,2.440341e-09,2.3735539e-10,2.0540626e-10,4.9239124e-09,1.694951e-10
390000,213,445,0,2.7464653e-10,2.2795665e-09,3.4815995e-18,1.3710101e-29,4.1188084e-09,1.6559752e-10
390000,351,150,0,2.268881e-10,2.2747393e-09,4.662153e-22,1.905458e-35,4.1188084e-09,1.4441871e-13
390000,366,433,0,1.9394378e-11,2.3714486e-09,5.1708936e-17,1.5968352e-26,4.3090336e-09,1.7937048e-10
390000,23,40,0,-1.2515592e-11,2.3876294e-09,4.804835e-11,2.9026136e-13,4.1188732e-09,1.0694659e-10
390000,236,271,0,8.675907e-11,5.2097636e-22,0.0,0.0,0.0,1.7294287e-27
390000,377,419,0,1.1925227e-10,6.492685e-11,6.777099e-21,4.9398317e-33,1.3357223e-16,2.8119692e-12
390000,300,188,0,1.9338149e-10,2.2719095e-09,8.9337833e-38,0.0,4.1188084e-09,1.7579184e-16
390000,52,245,0,1.3399529e-10,1.3972397e-10,3.4503286e-12,9.761863e-16,5.586548e-14,1.8791207e-10
390000,24,272,0,-1.09054805e-11,2.3565023e-09,1.083352e-12,1.9728575e-17,4.118828e-09,1.4184978e-10
390000,444,5,0,-1.2328839e-11,2.2988242e-09,2.0567567e-11,1.1707005e-13,4.118815e-09,1.7246499e-10
390000,185,473,0,-1.0965206e-11,2.290038e-09,1.960065e-11,4.2479204e-14,4.118809e-09,2.1327862e-10
390000,360,50,0,7.437949e-11,4.251209e-11,3.4079411e-15,2.0665455e-23,9.851639e-13,1.2273688e-11
390000,98,210,0,1.4048189e-10,2.1088728e-11,2.8391559e-10,5.2574122e-11,3.7541366e-11,3.501783e-12
390000,179,391,0,1.1743502e-10,1.6873235e-12,2.0789293e-24,1.0835484e-35,5.443674e-26,7.410483e-11
390000,445,423,0,1.1098454e-09,8.7021834e-11,5.3913585e-21,6.3185823e-35,8.38545e-14,8.564396e-12
390000,41,392,0,4.4039837e-12,3.6272967e-11,2.2159138e-13,1.6700903e-19,4.4700586e-16,1.569178e-10
390000,135,20,0,-6.505861e-13,9.628508e-12,3.529551e-13,9.082101e-18,7.453084e-21,7.241477e-11
390000,52,180,0,1.8137639e-10,4.9150316e-11,4.7900633e-12,4.5287582e-15,1.060658e-14,8.045644e-11
390000,231,452,0,4.9300564e-11,3.1765767e-11,8.769644e-14,1.5827642e-19,2.804607e-14,2.4360098e-13
390000,37,402,0,-7.2186647e-13,9.399902e-11,7.037952e-11,1.0834568e-12,1.3126841e-13,1.328316e-10
390000,461,407,0,1.2734145e-11,7.287673e-11,3.9373026e-11,2.5534533e-13,1.1794588e-13,1.0811107e-10
390000,102,293,0,2.8186142e-10,5.3311648e-12,7.170597e-18,5.3242225e-27,3.5828233e-20,5.039171e-13
390000,202,31,0,5.3673095e-12,1.4621892e-11,5.2168544e-17,1.6770005e-24,7.4731333e-19,3.0599353e-11
390000,56,218,0,1.0674951e-09,3.2976108e-10,1.8244932e-11,3.1273585e-14,8.861042e-11,1.0133555e-10
390000,482,108,0,-4.920415e-13,6.512736e-11,4.2931557e-14,8.0852594e-20,2.5083236e-14,3.32144e-11
390000,171,336,0,1.5012602e-10,2.4435514e-11,3.2424357e-21,4.6579876e-35,1.820041e-17,9.548696e-16
390000,130,336,0,4.9887755e-10,8.780006e-11,2.3279852e-28,0.0,2.1724564e-12,1.3799446e-12
390000,92,242,0,7.039182e-10,3.040728e-11,7.6990597e-17,5.5052623e-27,2.537738e-14,5.7387636e-11
390000,167,390,0,7.116726e-11,3.9076405e-13,9.73781e-21,4.7603255e-34,1.7090611e-32,5.4568326e-11
390000,168,303,0,2.578357e-10,3.012409e-11,1.0959884e-18,3.0195098e-27,1.7457836e-16,5.7428167e-13
390000,142,166,0,1.3583029e-10,7.2613734e-12,6.5958568e-34,0.0,5.1795118e-23,1.0630495e-14
390000,223,334,0,9.51333e-10,2.5274484e-11,8.2552385e-24,2.5482293e-38,3.0089514e-18,6.323497e-15
390000,444,116,0,4.821306e-11,2.8599258e-11,2.0069067e-13,7.731429e-18,2.7969393e-20,1.036527e-12
390000,93,469,0,-6.194624e-13,4.1496508e-11,7.067107e-11,1.832892e-12,1.6125325e-13,1.626855e-10
390000,320,119,0,8.1999546e-10,1.2552706e-11,7.93286e-39,0.0,5.840664e-17,3.845008e-12
390000,282,274,0,3.524596e-10,1.4490688e-21,1.4730358e-35,0.0,0.0,8.765862e-24
390000,158,102,0,1.5959853e-10,5.089056e-15,1.37857135e-17,4.255152e-27,3.4500387e-34,4.6306646e-11
390000,382,137,0,4.0243056e-10,2.4503318e-11,2.230916e-15,3.7659298e-23,3.0729806e-17,8.7828524e-13
390000,168,439,0,1.1839754e-10,2.3186709e-12,2.4298621e-13,7.3628127e-19,6.033866e-23,4.7483073e-11
390000,273,71,0,6.501565e-10,5.8891676e-11,3.1225742e-20,4.715581e-33,1.5186704e-11,2.1858692e-11
390000,380,5,0,-5.1451747e-13,1.40563065e-11,3.2437563e-23,1.4811337e-38,1.7400003e-19,2.5247376e-10
390000,388,324,0,6.2376976e-10,6.54339e-14,7.1719425e-14,1.8075006e-20,9.960726e-26,1.9017299e-10
390000,52,398,0,9.402547e-12,1.800541e-11,4.2539375e-12,1.6185032e-15,4.1692753e-18,1.0446094e-10
390000,215,261,0,3.4682882e-10,8.669653e-12,0.0,0.0,2.9168792e-20,4.531e-14
390000,104,33,0,8.1160244e-14,9.516471e-12,3.5441685e-16,1.89815e-24,4.729806e-18,2.7682358e-11
390000,36,35,0,-8.9908024e-13,3.5127425e-11,1.1265806e-10,1.6200088e-11,5.555885e-12,5.393289e-10
390000,369,171,0,6.9052736e-10,8.8676184e-12,1.6769012e-23,3.65624e-40,1.4337168e-20,2.1320515e-13
390000,272,107,0,8.219567e-11,2.0297652e-11,1.9647732e-18,6.4822824e-29,4.1895413e-19,5.166358e-12
390000,206,86,0,9.340785e-11,5.647094e-12,8.858491e-22,4.6470515e-34,1.7926662e-21,3.6241024e-11
390000,371,8,0,-1.0887365e-12,6.6133876e-11,3.1473843e-15,2.2521893e-22,1.4959843e-15,4.1872016e-11
390000,439,259,0,9.648725e-10,3.778946e-11,1.9137757e-16,1.915085e-25,3.985694e-15,5.2804774e-11
390000,2,469,0,-1.2065624e-12,9.5846754e-11,5.722394e-12,2.8541707e-15,1.0308301e-11,2.538003e-10
390000,236,161,0,2.527363e-10,1.7469382e-22,9.470636e-28,3e-45,0.0,4.0457503e-17
390000,44,445,0,3.79117e-11,1.1910413e-10,2.0302655e-12,3.6090294e-17,2.1282236e-10,6.941831e-11
390000,248,50,0,6.461276e-11,1.3164819e-11,4.1392395e-10,3.6776374e-10,9.510128e-10,1.3442528e-10
390000,495,377,0,-8.4690095e-13,3.9256463e-11,1.9252442e-17,3.2107138e-26,3.0845172e-14,3.6975714e-10
390000,420,7,0,-7.55373e-13,4.1092327e-11,2.3464859e-20,1.2850519e-32,1.9393627e-14,2.8592595e-10
390000,0,14,0,-7.54198e-14,7.825816e-12,1.8230541e-14,1.433076e-20,5.9457945e-14,1.9477637e-11
390000,87,245,0,8.0843104e-10,3.3831347e-11,1.5244317e-12,3.487854e-17,2.8117308e-17,4.3899488e-11
390000,170,247,0,3.6407447e-10,8.257804e-13,1.5609215e-29,0.0,4.3603106e-23,2.2839112e-13
390000,443,453,0,8.059306e-11,3.533707e-11,2.5704673e-14,9.2921585e-21,8.399477e-16,1.7041707e-10
390000,129,341,0,1.8467258e-10,4.79457e-11,2.4414129e-29,0.0,1.1470092e-15,4.2265535e-11
390000,312,249,0,2.618082e-10,5.440971e-17,0.0,0.0,2.1e-44,1.4613509e-21
390000,192,231,0,3.5871944e-10,1.6328186e-14,1.0428e-41,0.0,5.2846317e-38,4.699758e-13
390000,241,367,0,3.901196e-11,9.249157e-11,3.4807363e-20,6.291994e-33,4.50004e-13,1.0090414e-11
390000,494,114,0,-4.38734e-13,8.4142545e-12,6.8469796e-13,1.1864924e-17,6.0233903e-21,3.508765e-10
390000,386,277,0,1.0589666e-09,1.1802045e-10,1.8576167e-16,5.6620562e-24,1.2712294e-10,1.3161573e-12
390000,227,12,0,-8.2624115e-13,2.7846524e-11,2.9749171e-21,9.904586e-34,2.085716e-18,1.7906758e-11
390000,53,108,0,4.877695e-10,4.4995386e-11,1.8806064e-11,9.742594e-14,5.3353127e-15,1.849553e-11
390000,473,134,0,-7.5509743e-13,1.6138613e-10,1.4147298e-15,2.7411252e-24,1.2764101e-11,1.4029145e-11
390000,103,441,0,7.629378e-11,6.350745e-11,6.3400273e-16,7.965751e-25,2.2892622e-14,1.8846955e-10
390000,267,387,0,4.3537207e-10,1.8144822e-11,5.1554547e-22,1.7991966e-35,6.094123e-19,1.7353919e-11
390000,4,121,0,-1.1571025e-12,1.4446623e-10,3.6589015e-14,1.6266723e-20,1.0520875e-10,1.5968104e-11
390000,349,455,0,8.812136e-12,2.2194408e-11,6.3418345e-19,2.5659315e-30,2.5458624e-19,1.1918193e-10
390000,143,19,0,-5.648235e-13,3.5333375e-11,9.6928444e-11,5.788333e-12,1.4450229e-12,2.1714838e-11
390000,111,394,0,1.0560777e-09,6.303909e-11,8.483911e-13,1.3288586e-17,1.6245918e-13,3.7783953e-11
390000,163,3,0,-1.1563088e-12,2.914553e-11,1.163084e-14,3.5085863e-21,1.0597502e-16,4.8366214e-11
390000,213,433,0,1.5669912e-09,2.5385924e-11,3.1944173e-11,2.8429575e-13,8.653178e-15,4.0851011e-10
390000,374,17,0,-6.2110885e-13,4.1146014e-11,1.6029778e-18,1.0930642e-29,4.2226835e-14,1.345263e-10
390000,296,282,0,1.3469837e-09,1.9767459e-13,5.20458e-40,0.0,3.9813615e-29,2.8046538e-17
390000,38,39,0,-9.467752e-13,2.2870924e-11,1.178451e-12,2.3554918e-17,3.2904924e-18,5.206068e-10
390000,4,94,0,-1.022282e-12,4.8954975e-11,6.847002e-11,9.384171e-13,6.949539e-14,1.1595113e-10
390000,95,0,0,-6.351999e-13,3.0302073e-11,1.34274415e-11,1.3347586e-14,1.1232659e-16,1.2511221e-10
390000,302,356,0,7.920936e-11,1.4190125e-18,2.3548208e-26,3e-45,0.0,3.4692837e-12
390000,353,333,0,2.277708e-10,6.400295e-14,3.7809453e-17,2.4254447e-26,2.4799171e-33,7.086464e-12
390000,260,334,0,2.747286e-10,1.3507547e-11,0.0,0.0,5.3564303e-19,6.013504e-15
390000,337,113,0,1.0972981e-09,2.7281183e-14,2.0520195e-30,0.0,8.063439e-39,1.7339444e-14
390000,191,407,0,3.9136344e-10,5.871129e-13,1.3775638e-11,1.1193195e-14,7.1390974e-17,1.9340675e-11
390000,21,298,0,-5.5905736e-13,6.114382e-11,3.041382e-11,1.9412294e-13,4.788922e-12,2.9552652e-11
390000,271,250,0,6.7740724e-10,2.3205811e-17,0.0,0.0,3e-45,4.6840407e-13
390000,161,26,0,1.2494495e-13,4.6901523e-12,3.0611635e-12,3.0526259e-15,4.7146737e-17,6.8576525e-12
390000,96,149,0,1.0692148e-10,7.5749225e-12,1.171264e-13,1.3453272e-19,1.2855266e-20,2.1386395e-12
390000,469,93,0,2.9899768e-12,3.5111362e-11,1.4391307e-15,5.0353565e-22,3.8038735e-14,5.404608e-11
390000,193,157,0,1.1630386e-10,1.7644602e-12,1.1658907e-33,0.0,1.5074529e-24,2.8973516e-11
390000,112,359,0,3.954977e-10,2.195688e-12,7.129898e-11,1.2869348e-12,9.730518e-14,1.4882143e-10
390000,120,122,0,9.0186725e-10,1.1885486e-15,1.9122024e-25,4.8e-44,3.478062e-39,1.120587e-12
390000,234,290,0,1.1862906e-09,3.677067e-27,0.0,0.0,0.0,6.323164e-28
390000,406,93,0,5.869727e-10,5.450526e-12,6.125848e-23,2.8187246e-36,3.9658254e-19,8.549647e-11
390000,174,372,0,9.25368e-12,1.2122599e-12,4.501781e-28,0.0,2.5665685e-26,1.7408855e-10
390000,225,430,0,9.573489e-10,1.1861999e-11,2.9259923e-14,8.9000304e-21,1.2532828e-21,2.2375348e-12
390000,18,229,0,-8.648245e-13,7.1915335e-11,4.3022827e-20,1.0677247e-33,4.431737e-14,3.068677e-11
390000,496,59,0,-9.518222e-13,6.5998665e-11,7.734623e-15,9.1128297e-23,3.060096e-12,4.8961897e-11
390000,403,264,0,4.4734125e-10,1.0626391e-10,5.929176e-22,8.8989916e-35,3.6743552e-15,9.6973755e-11
390000,313,83,0,6.179237e-10,1.3075865e-11,2.2637273e-15,6.865561e-23,3.0555807e-17,4.1658937e-11
390000,176,357,0,1.5382713e-10,1.9653276e-11,4.9653047e-18,4.8455383e-29,4.6223974e-17,9.681696e-14
390000,66,288,0,4.917392e-10,3.41077e-11,1.6422895e-29,0.0,5.7174703e-16,2.3230928e-10
390000,262,116,0,1.9749438e-10,9.246549e-14,1.6124975e-18,1.6507219e-28,1.2040315e-35,1.3996988e-11
390000,160,227,0,1.7501474e-10,1.4267073e-11,7.7544876e-30,0.0,6.76579e-18,9.251357e-18
390000,321,337,0,2.9903774e-10,9.86175e-11,1.9414068e-16,4.0470284e-24,1.7090822e-11,4.579922e-18
390000,318,79,0,7.236422e-10,3.0768138e-11,1.2055517e-12,1.1220413e-17,1.680045e-15,1.472161e-11
390000,330,413,0,3.5009512e-10,1.8180945e-11,2.9450966e-11,1.626203e-13,4.0939817e-15,9.957952e-11
390000,285,355,0,1.1038524e-10,2.0022967e-15,5.417801e-23,1.0313059e-37,2.2e-44,4.410221e-13
390000,380,444,0,2.8501126e-10,1.6176284e-11,4.610172e-15,2.8996406e-21,3.6864913e-20,9.348831e-11
390000,293,127,0,8.8979835e-10,2.3589946e-11,1.3964496e-17,2.5542396e-26,7.1344586e-17,2.2652004e-14
390000,247,8,0,-9.646771e-13,9.05555e-11,3.1665595e-14,4.17554e-20,1.433557e-11,6.237e-11
390000,119,234,0,5.6806276e-10,1.1474649e-11,9.196988e-23,1.6264499e-37,6.5728335e-22,7.9421136e-11
390000,412,351,0,9.595686e-10,4.7148353e-13,8.667855e-14,3.5304542e-19,4.7314356e-23,4.8473545e-11
390000,428,59,0,4.4678003e-10,2.541011e-11,4.938502e-11,2.5959213e-13,6.6594505e-15,5.436869e-11
390000,327,294,0,8.6639923e-10,4.586963e-11,2.5409887e-28,0.0,7.1889726e-14,2.4711123e-15
390000,262,170,0,3.0793948e-10,5.00389e-16,0.0,0.0,1.469756e-39,8.3562235e-16
390000,408,207,0,2.2153474e-10,1.1390432e-10,4.278359e-11,2.654835e-13,1.12698864e-10,1.502662e-11
390000,347,394,0,1.3448125e-10,1.00223524e-10,1.1487902e-15,4.6314363e-24,1.9312714e-13,2.6430895e-13
390000,257,302,0,3.118773e-10,5.3136554e-15,4.2302108e-27,1.099e-42,1.5920164e-35,2.0672817e-12
390000,14,305,0,-3.6321144e-13,7.110806e-13,9.375549e-14,6.117904e-20,9.777468e-25,3.527992e-11
390000,212,235,0,3.2807046e-10,3.2704833e-14,5.0580133e-23,3.834193e-34,7.22214e-40,1.1013826e-19
390000,245,252,0,1.4863409e-10,5.9722367e-24,3.178e-41,0.0,0.0,4.4168394e-20
390000,68,293,0,5.5745786e-10,4.3422117e-11,1.3872179e-30,0.0,5.7840847e-16,1.2098202e-11
390000,210,199,0,3.4158294e-11,7.474736e-12,4.141139e-13,6.505683e-18,1.4988506e-19,1.5847059e-12
390000,26,197,0,-3.8098618e-13,4.2612542e-11,9.832724e-11,2.6161614e-12,2.500861e-13,7.688418e-11
390000,412,380,0,2.3451914e-11,1.2898443e-10,2.3760445e-19,1.1404677e-30,1.2985071e-11,8.599019e-11
390000,407,451,0,1.1974137e-11,4.813384e-11,1.9340133e-13,7.222196e-19,8.304433e-18,1.5670523e-10
390000,82,225,0,1.8178684e-10,2.7797337e-11,7.0017914e-17,4.5457142e-26,2.5377373e-14,9.023123e-14
390000,386,113,0,5.5695554e-10,4.7924015e-15,2.63516e-12,5.433066e-16,1.1143509e-18,4.027653e-15
390000,221,144,0,3.506217e-10,1.7805208e-22,7.7253464e-14,9.303428e-19,3.8193472e-22,1.1678152e-10
390000,197,164,0,6.374183e-10,6.12091e-12,7.18142e-28,1.7e-44,9.045628e-19,4.932817e-15
390000,204,474,0,-6.59829e-13,5.2126886e-11,3.99508e-15,7.0162087e-22,1.9133255e-15,4.3802947e-10
390000,13,413,0,-1.0117537e-12,3.7197353e-11,1.8805906e-11,2.5014836e-14,7.9065427e-13,3.5756773e-10
390000,167,12,0,-1.3682672e-12,2.895407e-11,8.611019e-18,9.365797e-28,7.57032e-18,7.384653e-11
390000,3,430,0,-1.2658111e-12,1.150825e-10,6.7468475e-11,2.5202722e-12,1.1907605e-12,5.051591e-10
390000,470,103,0,1.5520778e-12,3.2493994e-11,2.6351627e-12,5.433066e-16,2.1915781e-14,5.1877322e-14
390000,246,482,0,-9.577559e-13,1.0083284e-10,2.9396255e-15,2.166081e-22,4.740648e-13,3.047909e-09
390000,269,50,0,5.1300028e-12,1.4406703e-11,1.2154805e-19,3.2110466e-30,4.1240282e-20,3.0012885e-11
390000,355,141,0,4.2913445e-10,1.1833784e-11,7.278079e-20,2.1812896e-32,1.04434176e-19,2.9887872e-09
390000,108,171,0,1.5670953e-10,5.8842475e-12,3.3636248e-19,2.4080174e-29,3.7502126e-23,3.0872371e-09
390000,330,186,0,1.1715364e-09,1.1377784e-13,1.6806077e-30,0.0,1.7051225e-34,2.988816e-09
390000,494,331,0,-4.713031e-13,8.909957e-11,1.2101756e-18,3.1304607e-29,3.3964744e-09,3.0854277e-09
390000,412,56,0,1.5974247e-10,2.4555023e-11,4.142583e-13,2.017813e-18,5.157744e-16,3.0201932e-09
390000,161,215,0,2.374392e-10,5.3245364e-12,1.9026622e-36,0.0,7.567783e-23,2.9887863e-09
390000,160,360,0,4.7034446e-11,2.6531137e-13,3.277298e-13,4.851779e-18,1.035917e-21,3.0098244e-09
390000,110,129,0,2.8454844e-10,3.4216054e-11,3.623241e-14,6.428028e-21,3.3301661e-15,2.9888563e-09
390000,3,392,0,-1.1203976e-12,7.597796e-11,5.327009e-20,3.0665552e-30,6.580962e-15,3.0310494e-09
390000,344,241,0,4.034672e-10,6.562664e-14,2.1423568e-18,2.280915e-27,8.974317e-34,2.988812e-09
390000,263,90,0,4.2467696e-11,1.0705147e-12,3.6526319e-13,3.5139468e-18,6.9927034e-22,9.798448e-12
390000,282,174,0,7.888844e-10,2.2726343e-12,9.379322e-32,0.0,4.217333e-21,3.0614682e-09
390000,439,6,0,-1.2210992e-12,5.4948716e-11,6.3189685e-16,2.2860018e-22,1.0553931e-12,3.0445297e-09
390000,165,163,0,2.0135055e-10,2.4315005e-12,1.963359e-39,0.0,5.114308e-26,3.0330316e-09
390000,487,294,0,-6.563783e-13,2.0993153e-11,1.2279483e-12,5.161047e-17,5.669545e-17,3.097549e-09
390000,469,360,0,-4.7462284e-13,4.1648966e-11,3.0174204e-14,1.6867232e-20,4.4561106e-17,9.061531e-11
390000,382,318,0,5.874758e-10,1.3261045e-15,8.5415766e-16,4.4156874e-23,2.1788939e-28,2.0591702e-11
390000,220,235,0,2.430992e-10,5.378171e-14,1.7024502e-21,3.5983086e-31,2.5450787e-34,3.187655e-16
390000,397,373,0,1.4282181e-11,2.0902327e-11,5.9489983e-15,2.261233e-22,5.743517e-15,4.428103e-13
390000,369,51,0,1.6255108e-10,1.6468745e-11,9.928159e-16,1.8315189e-24,1.0956157e-17,1.986603e-10
390000,381,178,0,8.4207147e-10,1.8154136e-11,3.4965252e-13,1.2394857e-17,9.023475e-17,1.9489568e-11
390000,450,430,0,5.751498e-10,2.8522126e-11,1.2269768e-13,1.4648221e-19,1.0517333e-18,1.7226385e-11
390000,108,374,0,2.4351823e-10,7.552029e-12,3.3487907e-17,6.539413e-27,1.6900405e-22,1.1452212e-10
390000,80,226,0,1.8750457e-10,2.4373576e-11,2.3732915e-15,1.6020385e-22,5.573948e-19,3.6959522e-13
390000,299,347,0,5.0926646e-10,8.2674305e-20,3.3525314e-27,4.31e-42,0.0,3.7610687e-12
390000,303,77,0,4.1748185e-10,2.8094707e-11,1.9208017e-17,1.2376433e-27,1.2935703e-14,3.5845083e-12
390000,56,412,0,8.8297855e-11,4.2670145e-11,8.643192e-12,3.9878404e-15,5.172621e-15,3.729386e-11
390000,379,268,0,4.75353e-10,3.684703e-11,9.313405e-14,2.0204732e-19,8.346189e-15,1.2413494e-10
390000,330,428,0,1.5016528e-10,3.998357e-11,5.4398e-14,1.2369418e-19,1.2038313e-12,1.0019329e-11
390000,158,433,0,6.991561e-10,1.8799552e-12,6.6330575e-18,8.08041e-27,8.8543266e-27,2.9933387e-09
390000,308,126,0,1.00681075e-10,7.0380646e-11,1.4225624e-27,0.0,3.2489924e-09,2.9897211e-09
390000,86,16,0,-1.2078048e-12,6.4343586e-11,3.2033657e-11,3.0410754e-13,2.6627096e-14,3.0892262e-09
390000,153,392,0,2.1540679e-11,6.122787e-13,4.8053657e-15,1.3869768e-21,1.9901577e-26,1.6378873e-10
390000,43,90,0,1.0905173e-10,1.9753164e-11,3.2354766e-17,1.3584804e-26,3.7150842e-19,3.0021288e-09
390000,114,317,0,4.664627e-10,2.331891e-13,2.3389934e-18,4.6262005e-29,3.1672368e-25,2.9908507e-09
390000,61,288,0,5.045887e-10,2.376813e-09,2.0526676e-25,6.4e-44,4.118949e-09,1.3861316e-10
390000,156,51,0,3.1872838e-10,3.1945765e-10,4.0059338e-11,2.890996e-13,5.856553e-11,1.0753258e-11
390000,228,367,0,1.8232646e-10,3.4991444e-11,7.071122e-15,5.656701e-21,2.502987e-15,1.8986743e-11
390000,491,148,0,-5.4347e-13,2.0009796e-11,3.3523012e-18,2.0229337e-28,1.3250779e-17,9.8193e-11
390000,193,50,0,4.2747783e-10,5.7752424e-11,1.4322795e-19,5.0150087e-29,1.0553885e-12,6.2493617e-12
390000,19,499,0,-1.062549e-12,6.532669e-12,1.307757e-11,5.597471e-15,1.4163226e-17,3.2042077e-10
390000,168,242,0,1.0576119e-09,2.8643546e-11,2.0291439e-35,0.0,1.7033899e-16,3.026961e-12
390000,456,19,0,-1.3994192e-12,8.24514e-11,3.3743527e-12,5.5953784e-16,1.1814678e-15,1.7889332e-10
390000,445,304,0,1.1086872e-10,3.2123932e-11,1.3042465e-11,1.1184087e-14,1.291798e-13,3.347298e-11
390000,156,330,0,2.5121072e-10,1.6644416e-13,5.5072217e-19,2.2024566e-30,1.1629705e-30,5.781098e-14
390000,364,350,0,2.2924847e-10,4.8330746e-11,3.9436074e-19,7.275253e-29,4.132778e-15,2.3526277e-16
390000,172,73,0,7.0262234e-11,7.804664e-12,8.926358e-28,0.0,1.8444195e-22,4.8278305e-11
390000,223,279,0,1.4747044e-10,2.8945552e-21,0.0,0.0,0.0,6.8023004e-22
390000,337,191,0,4.0250764e-10,1.02050365e-11,2.0435499e-26,6.21e-43,2.47493e-19,1.3038268e-10
390000,307,96,0,4.2174153e-10,3.8919694e-11,1.5150436e-28,0.0,8.5270804e-13,2.9888765e-09
390000,366,108,0,4.656108e-10,9.208993e-12,9.6408374e-26,1.34544e-40,7.2969116e-21,3.0731913e-09
390000,5,134,0,-9.796146e-13,5.5201173e-11,1.8099183e-10,2.2453119e-10,8.154825e-10,3.0839107e-09
390000,489,281,0,-8.809732e-13,3.3382803e-11,5.13541e-16,2.3785452e-23,3.803872e-14,3.03463e-09
390000,270,442,0,6.0327764e-11,9.6083884e-11,4.097949e-11,4.224947e-13,8.056014e-12,3.107408e-09
390000,214,306,0,1.6104443e-10,1.6165605e-15,7.6368036e-18,4.0802974e-24,2.2126301e-28,2.9887863e-09
390000,352,88,0,4.825287e-10,1.1146186e-12,1.7613553e-15,1.12041275e-23,2.742108e-28,3.0498861e-09
390000,294,443,0,5.038347e-10,2.1549956e-11,1.5491026e-13,4.8553863e-19,1.6330534e-19,2.991726e-09
390000,327,408,0,2.4685018e-10,7.399113e-11,1.6389491e-13,1.9283673e-18,1.8735102e-15,2.1252522e-12
390000,428,328,0,1.0157752e-09,2.272744e-09,3.037764e-23,2.9058704e-38,4.1188084e-09,6.973714e-13
390000,339,355,0,8.798796e-10,1.1098862e-11,6.1472854e-34,0.0,8.95601e-19,4.9911606e-14
390000,490,303,0,-1.0161222e-12,3.9669573e-11,8.596257e-12,7.548895e-15,1.237702e-15,1.4273909e-11
390000,30,173,0,-7.4688655e-13,7.538626e-11,3.8127836e-18,2.7893427e-29,1.2965658e-14,9.393052e-11
390000,377,115,0,3.5924805e-10,1.8016557e-12,2.2568434e-18,1.4468801e-29,3.3647675e-23,1.3049286e-12
390000,89,308,0,7.919004e-10,3.4184014e-15,1.1969786e-12,1.9201729e-17,4.35736e-21,6.8750095e-13
390000,133,183,0,1.0622427e-09,1.0715178e-11,4e-45,0.0,2.7540988e-20,1.899047e-12
390000,11,328,0,-1.0414848e-12,1.5217937e-10,1.5254277e-11,1.7163708e-14,2.7243148e-09,1.2660704e-10
390000,377,259,0,9.349225e-10,2.8561424e-12,1.6370485e-17,5.948113e-28,1.8367832e-21,1.14941815e-11
390000,152,474,0,8.2949907e-13,6.077812e-11,1.483626e-18,9.5409855e-30,1.03843597e-13,7.841404e-12
390000,336,353,0,6.20867e-10,2.693004e-12,2.2650343e-29,0.0,2.2937673e-24,1.2804495e-15
390000,109,48,0,6.175537e-11,1.8835e-11,3.6559934e-14,1.6266718e-20,4.4617233e-18,2.4823602e-11
390000,144,446,0,7.00287e-10,1.9098144e-10,1.527648e-11,1.7163732e-14,1.01564625e-11,2.3647626e-11
390000,206,127,0,1.0087886e-10,1.5989831e-13,1.7839002e-21,3.0867869e-34,6.5493114e-32,5.198686e-14
390000,333,196,0,6.528298e-10,1.1922692e-13,4.0878442e-20,1.717452e-30,2.901098e-35,3.238753e-11
390000,81,58,0,4.6154838e-10,8.703047e-11,1.525362e-11,1.7163708e-14,7.2351055e-13,2.990299e-09
390000,125,461,0,7.514277e-12,4.962974e-11,9.257314e-13,5.1614823e-17,5.7845806e-17,2.9888645e-09
390000,437,469,0,-9.80651e-13,1.9480163e-10,4.6379772e-17,2.375001e-26,1.7900592e-10,3.7233707e-09
390000,374,413,0,3.5784816e-11,5.7149983e-11,4.96966e-20,5.965725e-30,2.0864182e-14,3.4455714e-09
390000,89,353,0,1.2433915e-10,7.470438e-16,2.5331714e-12,7.312831e-16,3.488826e-18,2.995793e-09
390000,341,123,0,4.2652964e-10,3.9255993e-10,6.9e-44,0.0,3.8889976e-09,2.9893525e-09
390000,166,477,0,-6.3211594e-13,2.851365e-11,8.152043e-13,1.11640704e-17,3.6591377e-17,3.8255385e-11
390000,357,455,0,5.7023624e-13,2.760752e-11,2.1656399e-13,8.73089e-19,8.912909e-19,3.0016902e-09
390000,455,438,0,2.1421573e-10,1.199197e-10,5.7161637e-11,2.0456419e-13,2.7047754e-14,3.0549414e-09
390000,162,358,0,4.451267e-11,2.5955132e-12,1.4441397e-12,3.306323e-17,7.252475e-21,3.048951e-09
390000,67,336,0,2.7587418e-10,4.286957e-18,1.3119914e-24,4.830808e-39,2.353e-42,2.9903962e-09
390000,137,65,0,5.8121485e-10,2.5698924e-11,9.498604e-15,3.8209076e-21,8.745365e-20,3.0131213e-09
390000,463,234,0,1.2369649e-11,9.272295e-13,6.952037e-13,1.6256243e-17,1.6090401e-20,3.3627805e-09
390000,229,18,0,-9.458893e-13,1.08131386e-10,3.1284908e-16,3.265805e-23,5.744207e-14,3.128813e-09
390000,18,497,0,-1.1284975e-12,7.0496105e-12,6.653989e-12,6.072294e-15,5.3109872e-17,3.4575478e-09
390000,337,96,0,5.227705e-10,2.860589e-12,2.0695412e-15,2.4827616e-22,1.4015927e-26,3.4009178e-09
390000,192,111,0,6.24844e-10,2.4727672e-14,1.4814833e-16,4.2160143e-24,1.6622136e-29,2.997385e-09
390000,229,431,0,1.6974075e-09,4.3323505e-11,9.2688665e-18,8.660615e-28,2.7971628e-14,2.994191e-09
390000,32,101,0,3.6287767e-12,6.388938e-11,4.7900525e-12,4.5287582e-15,1.0453035e-15,3.001351e-09
390000,334,441,0,3.8754547e-10,3.7524e-11,3.4127555e-11,1.2763885e-13,3.156634e-15,3.060922e-09
390000,71,20,0,-1.4820227e-12,8.0674266e-11,1.8737584e-11,3.4771644e-14,5.472678e-14,3.0018494e-09
390000,455,313,0,5.1859912e-11,1.5916372e-11,3.4622605e-09,7.191878e-10,1.1532664e-09,3.1130442e-11
390000,321,469,0,1.8778622e-12,4.3268923e-11,2.8724402e-13,2.3683624e-18,8.8719824e-16,3.0019995e-09
390000,78,283,0,1.1212814e-09,5.7214233e-12,1.189395e-18,1.1042709e-28,1.007072e-21,3.0528244e-09
390000,47,79,0,2.2123024e-10,1.848823e-10,2.2777238e-11,6.5734134e-14,3.6741503e-09,3.059923e-09
390000,30,373,0,1.5023922e-12,4.4941783e-11,1.5769896e-11,2.6581373e-14,2.5985777e-16,3.117362e-09
390000,451,276,0,1.6355463e-10,1.1836103e-10,2.2760277e-14,1.14408716e-20,4.418127e-12,3.0405138e-09
390000,187,244,0,1.1608068e-09,4.722949e-11,3.387e-41,0.0,5.1605894e-12,2.9933676e-09
390000,475,161,0,-4.0481458e-13,2.2307076e-11,5.017093e-23,2.3315282e-38,2.181946e-15,3.0493976e-09
390000,450,283,0,8.301126e-11,1.2916442e-11,4.2970138e-11,4.2262412e-13,1.2968805e-14,2.9978222e-09
390000,214,350,0,1.2819612e-09,5.688051e-13,2.0346303e-11,4.898908e-14,9.324465e-16,3.0284466e-09
390000,399,217,0,6.982349e-11,3.837942e-13,1.04369514e-16,2.125398e-26,1.15900466e-32,2.9918363e-09
390000,288,447,0,4.3523782e-10,6.4604086e-12,3.46571e-09,7.1918815e-10,1.1532664e-09,1.7616862e-12
390000,213,257,0,2.2499622e-10,1.9907465e-11,0.0,0.0,7.1344586e-17,2.9887866e-09
390000,364,401,0,1.9405007e-10,1.1360525e-11,1.0301972e-16,8.1379507e-25,1.15659876e-17,2.3940747e-10
390000,494,51,0,-1.231648e-12,1.3669117e-11,1.3555938e-11,5.488708e-14,1.4454143e-15,3.8543196e-11
390000,462,193,0,3.0102903e-11,1.12426304e-10,1.077895e-17,1.5013e-26,5.7926965e-13,3.0522131e-09
390000,62,239,0,1.8696207e-10,1.425606e-10,8.041434e-14,1.3696313e-19,1.0076812e-13,3.043742e-09
390000,476,476,0,-2.1526747e-12,8.803927e-11,1.9782852e-10,1.660091e-11,4.5539583e-12,8.027668e-11
390000,417,250,0,3.4495767e-11,7.168379e-11,8.177152e-14,1.5920811e-19,8.933032e-12,6.974136e-13
390000,11,256,0,-1.1293775e-12,1.2282928e-11,2.7245712e-12,2.7852177e-16,3.7077766e-19,3.317145e-09
390000,170,300,0,2.6915575e-10,3.3373117e-11,4.5939954e-17,7.895389e-25,6.503853e-15,7.763189e-12
390000,203,263,0,4.1214793e-10,2.2729378e-09,1.754e-41,0.0,4.1188084e-09,1.7725614e-15
390000,330,390,0,1.4383131e-10,1.0322743e-11,1.3811015e-11,1.2986846e-14,8.528861e-17,1.96102e-11
390000,351,381,0,1.1726603e-10,2.3409976e-09,1.5718771e-17,1.9210185e-26,4.1188106e-09,1.9903366e-10
390000,466,418,0,1.5894962e-11,8.1339116e-11,5.2331688e-11,5.5269905e-13,3.313606e-13,2.1970485e-10
390000,73,238,0,1.9838257e-10,2.3164672e-09,8.540764e-12,2.7946893e-15,4.1188084e-09,2.0067423e-11
390000,280,468,0,-1.0852797e-11,2.4101159e-09,3.079699e-17,1.5080589e-27,4.1188457e-09,1.2941333e-11
390000,421,369,0,3.2040942e-10,4.1569578e-11,1.3080585e-14,1.0384911e-21,6.730456e-16,6.211555e-12
390000,252,99,0,1.7955863e-10,4.07144e-13,3.315229e-17,1.19294635e-26,1.5263031e-28,9.250845e-12
390000,347,154,0,1.5346752e-10,1.9495612e-14,1.8668216e-27,0.0,6.32277e-40,4.300026e-12
390000,302,406,0,1.6637024e-10,8.40052e-12,1.8502174e-21,2.6660414e-34,1.562148e-20,6.518978e-11
390000,169,206,0,6.8735995e-10,1.844628e-12,2.77e-43,0.0,6.198917e-26,5.4864007e-13
390000,42,467,0,-1.3207014e-12,1.2108538e-10,1.0515177e-11,6.6255434e-15,8.5274794e-13,2.9943693e-11
390000,105,1,0,-1.2909144e-12,2.5632737e-11,3.836308e-11,1.8014758e-13,4.194931e-15,2.2781284e-11
390000,102,161,0,3.8843065e-10,7.535321e-11,1.5166127e-14,1.3972669e-21,1.00667094e-13,2.4104943e-10
390000,209,145,0,4.6941784e-10,1.3962051e-15,2.5307534e-22,6.1788024e-35,2.476e-42,4.3119835e-14
390000,45,461,0,2.688551e-12,7.4833785e-11,3.761213e-11,1.0005868e-12,8.9689096e-13,8.0095604e-11
390000,193,115,0,3.9587295e-10,3.9245687e-13,9.1461e-17,6.6281264e-26,5.444598e-30,9.110156e-12
390000,100,359,0,8.3326285e-10,5.964424e-12,3.176966e-16,1.2251742e-23,2.1700024e-22,1.0334429e-10
390000,270,87,0,8.074676e-11,1.5918697e-11,3.3695898e-13,2.1074465e-18,1.6896401e-17,6.622442e-11
390000,261,499,0,-8.1861666e-13,5.927855e-11,4.140617e-16,1.4792358e-24,2.3501841e-11,3.340749e-09
390000,452,183,0,1.2239462e-10,1.2417489e-10,4.282933e-20,9.862644e-34,4.945777e-14,2.9927218e-09
390000,470,288,0,-6.000461e-13,4.2350973e-11,1.6559691e-11,2.2152917e-14,1.0312321e-11,3.0917442e-09
390000,413,448,0,1.1666914e-11,1.9657265e-10,5.70097e-18,3.7957925e-29,1.1327532e-11,3.1208367e-09
390000,274,1,0,-6.4169633e-13,2.4910822e-11,2.8241104e-18,2.1670738e-29,2.6577665e-17,3.0380638e-09
390000,21,148,0,-1.3791915e-12,1.4441862e-10,5.215003e-15,8.820123e-22,2.8264617e-09,3.0297576e-09
390000,306,13,0,-4.3039563e-13,4.1927213e-12,1.8955112e-11,3.4774043e-14,2.8589763e-16,1.372447e-11
390000,208,18,0,-7.7607007e-13,1.7682782e-11,6.357205e-11,6.3218246e-13,3.9261685e-14,3.202868e-09
390000,373,381,0,9.844929e-10,5.537267e-12,1.6209422e-13,1.0185416e-19,3.696185e-24,3.1445109e-09
390000,402,25,0,-5.1089124e-13,7.774328e-11,4.4510216e-12,1.8173244e-15,1.1078995e-11,3.118233e-09
390000,469,302,0,-3.5576902e-13,3.6451786e-11,1.6618851e-16,1.7981134e-24,3.8941363e-16,2.9970977e-09
390000,253,441,0,2.464406e-10,1.2819752e-12,1.8790217e-12,8.568458e-17,4.872001e-20,8.3487287e-11
390000,39,110,0,1.8464901e-11,4.975744e-11,2.0797111e-19,8.4525647e-29,4.4706505e-16,1.443096e-11
390000,91,75,0,3.6266207e-10,4.6960987e-11,1.2409784e-21,1.1462844e-36,1.356384e-16,3.0149423e-09
390000,54,85,0,6.1174454e-10,1.84296e-11,2.0125334e-17,1.9547174e-26,8.201297e-18,3.0224803e-09
390000,465,127,0,2.884104e-14,5.2403887e-11,3.5339755e-16,3.8168825e-25,2.4489284e-13,3.0359069e-09
390000,241,11,0,-7.79122e-13,1.4472316e-11,2.2639348e-15,2.3768024e-23,1.8914602e-22,4.4412675e-11
390000,437,114,0,7.933893e-11,7.598136e-11,3.7621948e-13,1.6702063e-18,6.2420853e-13,2.9997649e-09
390000,230,31,0,1.370881e-13,3.9953027e-11,1.2227132e-10,1.5108031e-11,1.1921181e-11,5.7133395e-11
390000,31,79,0,6.7107114e-12,9.7153174e-11,3.2451114e-10,4.800409e-11,2.3164891e-10,3.236696e-09
390000,477,63,0,-8.716232e-13,4.5048878e-11,2.5181146e-13,3.383576e-19,1.4579939e-15,3.0995628e-09
390000,459,332,0,1.484255e-11,3.6336895e-12,4.6260114e-12,3.7263113e-16,2.6017154e-19,2.2061923e-12
390000,397,45,0,4.3200738e-11,4.5893307e-11,8.896115e-16,3.4778345e-24,1.9666335e-15,3.0899512e-09
390000,46,433,0,2.0473606e-10,5.2419385e-11,9.529784e-13,5.1620027e-17,1.291085e-13,3.0698628e-09
390000,299,35,0,7.831976e-13,2.1069214e-11,6.713253e-14,4.4592218e-20,4.5350946e-18,1.4167177e-10
390000,14,479,0,-1.9101385e-12,2.3477212e-10,6.1399147e-16,9.685302e-24,1.3155313e-11,3.0561784e-09
390000,88,40,0,5.5778967e-12,1.9924042e-11,1.1586219e-09,5.4037597e-10,1.0643708e-09,2.6869966e-11
390000,85,483,0,-1.1645061e-12,7.3515104e-11,3.1348096e-14,4.1822676e-21,5.5762893e-14,1.0190439e-10
390000,485,400,0,-7.1354294e-13,8.479145e-12,1.7248526e-13,2.5479637e-19,2.8821408e-22,3.1505132e-09
390000,121,114,0,7.8487217e-10,2.3817617e-12,7.636694e-21,1.080275e-34,2.4245005e-22,3.0341507e-09
390000,31,7,0,-1.2799449e-12,1.3731677e-10,1.037066e-15,4.6600813e-23,5.1309322e-14,1.9412585e-10
390000,73,482,0,-8.561217e-13,4.3841205e-11,1.3624138e-10,5.6520524e-11,6.87828e-11,3.0906309e-09
390000,421,109,0,9.1197017e-10,4.1204934e-12,6.6933965e-11,2.5202587e-12,2.5692943e-13,1.7752759e-13
390000,424,16,0,-8.6948e-13,1.1440181e-11,9.8517236e-18,1.3507161e-26,8.2621484e-22,3.05349e-09
390000,135,57,0,4.5000254e-10,7.726833e-11,6.885877e-15,2.3416076e-21,6.1968155e-13,3.3045218e-09
390000,288,53,0,5.1794125e-12,4.8542725e-11,4.859201e-15,1.889268e-21,2.2528614e-13,3.0551295e-09
390000,87,493,0,-1.1082541e-12,8.9935615e-11,3.4782235e-09,7.191938e-10,1.1532717e-09,6.073603e-11
390000,70,499,0,-8.401414e-13,7.158619e-11,3.854928e-14,5.694265e-21,1.9519088e-11,3.4362786e-09
390000,473,291,0,-7.7104447e-13,3.4597897e-11,3.4915903e-12,2.3218287e-15,2.8062425e-14,1.10356405e-10
390000,199,440,0,3.4091444e-10,2.0989183e-11,4.3449744e-14,2.1369216e-19,2.8597417e-17,3.0118663e-09
390000,95,462,0,-4.789413e-13,9.7314934e-11,2.6733794e-13,9.974658e-19,2.6616655e-14,3.038996e-09
390000,70,387,0,8.869375e-11,4.051506e-12,2.9851604e-16,3.6864138e-25,1.7295856e-22,3.03992e-09
390000,52,8,0,-1.3502142e-12,1.018113e-10,7.240385e-11,1.184069e-12,8.785977e-14,3.061852e-09
390000,403,40,0,6.9278246e-12,4.8052458e-11,2.1491774e-13,4.9720684e-19,2.5383685e-14,3.1084357e-09
390000,295,485,0,-7.639164e-13,6.267483e-11,2.0885307e-12,1.04737715e-16,4.783764e-12,4.082444e-11
390000,10,48,0,-1.3777123e-12,1.619452e-10,9.394254e-13,2.2873569e-17,1.2759438e-10,3.026763e-09
390000,8,84,0,-8.606417e-13,3.053291e-11,9.9682524e-14,5.922083e-20,2.8046069e-14,3.0310472e-09
390000,107,15,0,-1.125598e-12,1.1795429e-10,1.8732767e-11,3.477164e-14,4.9071355e-12,3.0171172e-09
390000,256,450,0,4.6522116e-11,4.1281638e-11,2.64105e-18,7.896447e-30,1.4299788e-13,3.0343814e-09
390000,4,22,0,-6.456803e-13,4.384019e-11,8.412715e-12,3.1993385e-15,2.0722603e-13,3.123703e-09
390000,105,401,0,3.8024955e-10,4.2125682e-12,2.8745672e-13,2.92948e-18,5.7137087e-22,9.20204e-11
390000,171,488,0,-8.817485e-13,8.9083754e-11,1.7201875e-11,2.4969323e-14,2.4550793e-12,6.711565e-11
390000,3,36,0,-5.418357e-13,5.96628e-11,8.0969336e-14,2.2526527e-20,1.4334113e-11,3.2324807e-09
390000,143,451,0,4.935449e-10,1.0552415e-10,7.1424415e-11,1.6095243e-12,2.1604889e-13,8.4138765e-11
390000,11,73,0,-6.942821e-13,1.867243e-11,1.3839721e-11,1.29868565e-14,8.6169224e-17,3.045308e-09
390000,63,245,0,4.844269e-10,9.546559e-11,8.2969e-11,8.15273e-12,1.8681636e-11,1.583593e-10
390000,76,51,0,1.9770956e-10,1.8000675e-10,3.502778e-18,1.3127467e-29,1.2544469e-12,3.158491e-09
390000,393,92,0,4.843587e-10,3.695212e-12,1.8517279e-14,4.6074025e-21,2.5204112e-23,3.0242169e-09
390000,452,490,0,-1.2482117e-12,1.269997e-10,4.9235144e-13,2.5667333e-17,1.2065427e-11,2.2903932e-10
390000,494,285,0,-7.599707e-13,1.5488794e-11,8.5766044e-21,1.3800705e-33,8.75567e-20,1.0794201e-10
390000,468,1,0,-1.2088004e-12,4.739175e-11,3.7444116e-16,8.0802636e-24,3.09028e-14,3.1129874e-09
390000,368,76,0,1.0278898e-09,7.595213e-12,3.3426054e-17,6.5387055e-27,1.0826361e-22,3.1581704e-09
390000,45,344,0,9.95146e-13,5.3617857e-11,4.098008e-11,4.224947e-13,2.5786155e-13,5.5214045e-11
390000,8,5,0,-7.334861e-13,1.1721235e-10,1.0928078e-11,3.1045794e-14,2.7520727e-12,3.1062506e-09
390000,272,430,0,2.781221e-10,1.6864142e-11,5.4357585e-19,1.3064782e-30,1.457528e-20,7.4041155e-11
390000,3,65,0,-8.890662e-13,3.473149e-11,3.1716418e-11,2.6504252e-13,8.144004e-15,3.0588136e-09
390000,262,426,0,3.8825906e-10,6.835356e-11,9.077695e-23,2.2914352e-38,9.17545e-16,4.720345e-11
390000,48,94,0,2.6948271e-10,1.1333131e-11,1.0932956e-15,4.045309e-23,1.3768967e-18,3.0167429e-09
390000,259,459,0,3.9963987e-12,3.8742433e-11,3.2614127e-13,2.2594904e-18,5.678457e-13,7.136821e-12
390000,489,9,0,-1.7426739e-12,1.8429551e-10,5.704793e-14,3.1665017e-19,1.3609834e-11,3.1799086e-09
390000,25,250,0,-8.1542894e-13,6.1019884e-11,1.6953347e-10,2.1012213e-10,7.980597e-10,2.5875555e-11
390000,53,27,0,-9.362396e-13,6.5058674e-11,1.3254239e-16,1.8137271e-26,1.4593264e-15,2.2275773e-10
390000,166,479,0,-7.228431e-13,2.6285864e-11,3.041157e-12,7.365381e-16,3.8185946e-17,1.8931601e-11
390000,0,57,0,-1.3326698e-12,1.1485003e-10,1.18084575e-14,4.0400778e-22,1.8625525e-13,3.359268e-09
390000,8,444,0,-1.762924e-12,1.4347792e-10,6.957836e-11,2.2901947e-12,1.6341914e-11,2.9926834e-09
390000,52,144,0,8.3295884e-11,4.6523802e-11,5.2384667e-17,3.7376165e-26,7.3087435e-13,3.013168e-09
390000,429,353,0,1.6293293e-10,1.9588983e-11,3.4623013e-09,7.191878e-10,1.1532664e-09,4.662719e-11
390000,54,36,0,-9.525869e-13,6.8181176e-11,3.4774673e-19,6.4611103e-31,4.9406496e-15,3.025535e-09
390000,153,42,0,7.9436825e-11,2.2957213e-11,2.2124301e-13,1.9860927e-18,3.3953045e-14,3.2239555e-09
390000,443,12,0,-1.6075788e-12,1.2274429e-10,1.5620234e-16,2.6604713e-24,8.229842e-15,3.5773917e-09
390000,30,355,0,-2.9517225e-13,1.3763024e-10,2.3784756e-13,1.9252421e-19,9.754205e-11,3.0821867e-09
390000,77,56,0,5.757832e-10,8.645034e-11,1.4999097e-14,1.328397e-21,3.19626e-13,3.0024456e-09
390000,438,382,0,3.955715e-10,4.559359e-11,6.7522564e-11,2.4052674e-12,2.3900852e-13,7.29408e-11
390000,466,47,0,-5.2439254e-13,5.696112e-11,1.3706707e-16,1.7412961e-26,2.4436846e-13,3.2948828e-09
390000,46,483,0,-1.7874777e-12,8.45563e-11,2.0033407e-14,1.9070463e-19,1.362394e-15,3.3215237e-09
