mcsteps,xCOM,yCOM,zCOM,il8,il1,il6,il10,tnf,tgf
610000,58,260,0,3.1125027e-09,2.0061019e-11,3.4305764e-15,7.321727e-24,1.8145671e-19,5.5129963e-11
610000,127,278,0,2.5112643e-09,3.1255946e-12,8.1217325e-11,4.897484e-11,8.152301e-11,1.6213239e-14
610000,320,86,0,3.4049883e-09,3.125572e-12,3.3968126e-15,6.244001e-23,4.1803065e-23,1.8704154e-10
610000,426,147,0,2.6594813e-09,4.458128e-12,6.126349e-11,5.5404157e-13,3.344092e-14,7.2426926e-11
610000,389,77,0,2.5979e-09,1.1682896e-11,8.205787e-12,1.9359173e-15,2.312938e-18,1.5018134e-10
610000,76,141,0,2.2419069e-09,7.737525e-12,5.644916e-15,5.1407885e-23,1.05140625e-22,2.3442231e-12
610000,126,316,0,3.0582832e-09,2.3501175e-11,1.1911295e-23,3.6254e-41,5.8188824e-16,3.1328152e-12
610000,438,319,0,2.9955036e-09,3.66681e-11,1.545439e-18,1.442582e-31,2.5498574e-16,6.4363265e-11
610000,395,187,0,2.555227e-09,8.718073e-11,1.944418e-14,8.905589e-21,2.3346733e-10,9.2602294e-11
610000,271,255,0,2.7192353e-09,7.3763304e-12,0.0,0.0,5.9325884e-22,3.4923317e-13
610000,383,67,0,2.7771647e-09,1.864762e-11,3.6330717e-12,2.0429937e-16,1.7085364e-18,3.077429e-11
610000,137,99,0,2.1659214e-09,4.276319e-11,2.0213702e-15,4.8402217e-24,5.678457e-13,4.6943123e-11
610000,392,314,0,2.7857119e-09,2.7490384e-15,4.7238404e-20,2.5364516e-35,0.0,3.108615e-11
610000,73,326,0,2.495453e-09,2.9004961e-13,6.695352e-24,1.2254e-41,3.639651e-32,1.7792547e-10
610000,209,54,0,2.3027624e-09,7.7575064e-11,1.8128432e-18,6.653387e-31,1.4693465e-11,6.7558105e-11
610000,323,205,0,2.43838e-09,1.2287817e-11,3.632009e-15,1.512993e-23,3.3594798e-19,3.8837742e-11
610000,94,376,0,2.491042e-09,1.6052423e-11,3.621526e-15,6.397892e-24,1.4740647e-16,2.329795e-10
610000,394,426,0,2.5400557e-09,2.2079356e-11,1.9683848e-19,3.6580065e-33,4.834073e-18,4.3239377e-11
610000,203,425,0,3.6309389e-09,1.205456e-11,5.2439476e-12,1.6721286e-15,1.9470498e-18,2.082293e-11
610000,261,127,0,2.6260911e-09,8.2294475e-12,1.9574816e-18,2.4229647e-31,1.5159843e-17,4.042805e-11
610000,404,107,0,3.2129346e-09,1.0104523e-11,5.4568912e-14,1.4142616e-20,6.589791e-17,3.0084282e-11
610000,188,196,0,2.0971478e-09,1.9100338e-11,1.6123551e-16,7.5105436e-27,4.1233377e-19,8.589994e-11
610000,385,429,0,2.9200704e-09,3.415233e-11,5.6476536e-13,1.8954277e-18,1.3685685e-13,2.5122505e-11
610000,233,290,0,2.1088031e-09,2.4478404e-19,3.9005366e-30,0.0,0.0,9.960133e-15
610000,201,360,0,2.608197e-09,1.3787241e-12,1.8907846e-23,5.5329e-41,1.1304561e-28,2.2056103e-11
610000,349,67,0,2.7019245e-09,2.1598374e-11,3.7922915e-11,1.4440747e-12,1.9776498e-13,6.562271e-11
610000,66,315,0,2.4131215e-09,4.779011e-11,2.3739067e-24,9.70412e-40,3.6871946e-15,6.517862e-11
610000,205,431,0,3.8854915e-09,2.085508e-11,9.713709e-12,3.3300704e-15,1.6113882e-15,8.047136e-11
610000,209,220,0,2.8669285e-09,8.953686e-12,6.9619396e-16,2.4447884e-24,2.4776415e-17,8.385268e-11
610000,77,278,0,3.5654242e-09,3.952389e-11,7.0924203e-19,7.023407e-32,2.8009717e-16,2.9087657e-10
610000,108,363,0,2.3014148e-09,1.8180095e-11,2.2126096e-11,1.0233437e-13,8.53208e-13,1.775095e-10
610000,91,389,0,2.611917e-09,1.8828187e-11,1.1955976e-11,8.003662e-15,5.077216e-17,5.229103e-11
610000,156,431,0,2.150614e-09,1.5233136e-11,1.0110414e-17,3.39734e-28,1.2692516e-20,1.06630274e-10
610000,407,267,0,2.2876057e-09,2.9732505e-11,6.631216e-21,2.341158e-34,2.5307764e-19,3.3633554e-11
610000,268,393,0,2.3782885e-09,1.798178e-12,7.560143e-15,1.8430968e-22,1.7426526e-28,4.0842277e-11
610000,242,397,0,2.5661673e-09,4.7796166e-11,4.275758e-25,1.8e-44,1.6055164e-13,1.0254202e-10
610000,440,84,0,2.485655e-09,2.13562e-11,1.157726e-11,1.9969642e-14,2.379257e-14,1.6592834e-10
610000,446,77,0,2.4063167e-09,1.4025332e-11,5.2320075e-12,9.941287e-16,8.947983e-19,8.7724196e-11
610000,415,128,0,3.2883094e-09,1.8803433e-11,1.0583115e-13,3.8205787e-19,2.527801e-18,1.6143241e-10
610000,389,155,0,2.5318743e-09,3.5974536e-11,2.2467717e-11,1.636065e-13,2.08108e-11,7.301171e-11
610000,307,424,0,2.6655786e-09,2.268515e-11,9.233405e-18,1.0650765e-28,1.7372766e-18,3.9586244e-11
610000,335,203,0,2.8020855e-09,3.4114025e-14,2.404217e-13,4.8161614e-19,1.1090235e-23,9.025145e-11
610000,59,186,0,2.4707587e-09,2.3908093e-11,1.3256111e-12,6.742944e-17,2.7896207e-20,5.8966006e-11
610000,53,272,0,2.472077e-09,4.1382873e-11,4.963551e-13,2.4330999e-18,2.7633576e-16,4.4674972e-11
610000,309,73,0,2.3638e-09,8.379526e-12,3.4078291e-12,2.0271565e-15,8.243198e-18,1.4700564e-10
610000,188,399,0,2.1757192e-09,3.195151e-12,5.186483e-13,4.7137764e-18,7.99422e-22,4.3046774e-11
610000,378,108,0,2.310214e-09,1.7291692e-12,7.852863e-14,2.444714e-19,1.9823496e-23,2.910807e-11
610000,377,253,0,2.86726e-09,2.3075786e-11,5.5397837e-19,1.5258368e-32,2.8046069e-14,2.255529e-11
610000,168,209,0,2.2802134e-09,2.3299888e-12,1.048693e-39,0.0,3.5411248e-26,2.7674501e-12
610000,66,90,0,2.4026976e-09,5.619863e-11,8.892202e-14,1.0846907e-19,2.9860409e-10,7.614811e-11
610000,396,334,0,2.6486064e-09,3.5067567e-11,5.9094626e-15,2.2903035e-22,9.881159e-15,1.0549584e-12
610000,189,249,0,3.3219096e-09,2.2715137e-11,9.2349663e-32,0.0,4.0628176e-16,1.4684866e-11
610000,279,428,0,2.1594915e-09,3.192493e-11,2.3575553e-13,1.8000899e-19,4.434136e-18,9.2012994e-11
610000,346,344,0,2.4952527e-09,8.701499e-12,3.8789752e-22,1.3682455e-38,2.1849238e-22,8.283162e-12
610000,432,130,0,2.4996711e-09,2.3911659e-11,1.1682812e-19,1.0830164e-32,1.0117381e-19,7.166943e-11
610000,442,274,0,2.1345439e-09,4.8704435e-12,1.2766522e-12,2.7963585e-17,5.97727e-21,4.4845707e-11
610000,438,54,0,2.254064e-09,8.118146e-11,4.906783e-12,6.0752093e-16,8.9243554e-14,1.5218685e-10
610000,299,337,0,4.2762585e-09,2.915383e-16,8.259122e-25,1.328e-42,0.0,2.7506805e-12
610000,341,111,0,3.6884726e-09,1.2434383e-12,1.5781234e-25,1.3e-44,2.7590965e-27,2.6774772e-12
610000,138,267,0,2.9204166e-09,8.715747e-14,1.8911713e-19,1.0950684e-33,1.0244671e-37,1.9608096e-14
610000,200,246,0,3.9015764e-09,1.904992e-11,4.290702e-35,0.0,6.1276396e-14,1.1359857e-11
610000,292,108,0,2.598261e-09,8.143849e-12,4.2304687e-16,3.1556187e-23,3.6008216e-19,2.818324e-11
610000,246,93,0,2.044852e-09,4.9947112e-12,1.0406493e-14,1.5049553e-22,1.3947213e-21,1.6831042e-10
610000,296,339,0,4.012496e-09,3.5662347e-17,1.6566618e-26,4e-45,0.0,4.8333337e-13
610000,194,71,0,2.4784113e-09,2.5162412e-11,5.857849e-14,9.929776e-20,3.665273e-15,6.096514e-11
610000,64,195,0,3.0567922e-09,4.454998e-11,3.303069e-15,7.811403e-23,5.6572124e-16,9.8238966e-11
610000,52,71,0,2.1144404e-09,9.903385e-12,2.9478513e-11,7.32601e-14,1.398296e-15,7.9067496e-11
610000,402,128,0,2.5843205e-09,7.110159e-12,9.736791e-15,9.457918e-22,2.5358505e-23,2.6154853e-10
610000,355,401,0,2.088872e-09,2.0039961e-11,1.9445253e-17,1.237665e-27,2.3078556e-20,5.197386e-11
610000,439,427,0,2.9257843e-09,4.219841e-11,5.981487e-15,2.9028726e-22,1.7595672e-16,1.2746827e-10
610000,442,258,0,2.4403948e-09,2.1006067e-11,1.5663999e-16,4.0180686e-26,3.7342066e-17,2.1524502e-10
610000,389,397,0,2.1670818e-09,2.3251201e-11,2.8802876e-18,3.1260885e-29,2.6384365e-18,1.5231551e-10
610000,244,242,0,2.1263453e-09,4.359472e-18,4.408145e-19,3.0355873e-29,7.8812505e-37,1.6219364e-13
610000,71,411,0,2.258852e-09,2.6899158e-11,6.9387534e-12,7.690687e-15,4.6212313e-15,1.9212755e-10
610000,307,376,0,2.5416134e-09,4.308272e-12,3.975309e-15,2.3568302e-23,2.014163e-24,1.0454376e-11
610000,305,254,0,2.318651e-09,5.230641e-13,0.0,0.0,7.954368e-31,5.2996972e-17
610000,245,440,0,2.3448707e-09,1.7980221e-12,2.6524048e-12,1.729776e-16,5.3018843e-20,3.821193e-11
610000,112,181,0,2.1261966e-09,6.3881164e-11,3.0926533e-25,6.71e-43,1.5293443e-13,3.8782475e-12
610000,162,315,0,2.6588423e-09,2.9869714e-11,2.1134445e-17,4.4129892e-27,1.0782307e-11,9.651166e-13
610000,354,278,0,2.9816913e-09,3.8356698e-14,5.1037494e-17,2.0441412e-26,9.11302e-34,3.665878e-12
610000,383,172,0,3.102308e-09,3.4289935e-11,3.886155e-13,6.02666e-19,3.0845172e-14,3.5390947e-11
610000,89,263,0,2.7983342e-09,7.349648e-11,3.2466765e-13,9.114617e-19,1.7179454e-11,3.029494e-11
610000,444,99,0,2.134409e-09,8.707169e-11,3.2988738e-14,1.9568044e-21,3.289281e-10,9.4280805e-11
610000,89,276,0,3.4050744e-09,1.5814891e-11,4.8021882e-14,2.2098847e-20,1.1447728e-14,3.6953474e-12
610000,293,246,0,2.5965456e-09,3.2710445e-11,0.0,0.0,6.739115e-13,1.0154155e-12
610000,207,334,0,2.5668092e-09,5.2661872e-12,4.344693e-22,3.1706681e-38,1.1358305e-22,1.9074354e-13
610000,280,212,0,2.6451374e-09,1.0907826e-11,0.0,0.0,6.2792682e-18,5.7022616e-12
610000,313,59,0,2.2926647e-09,2.0021545e-11,1.01444206e-16,2.6169323e-26,3.422047e-19,6.069534e-11
610000,238,137,0,2.418078e-09,2.3190185e-20,6.5764525e-12,6.1544508e-15,2.2786e-17,2.0837709e-12
610000,285,176,0,2.2678337e-09,3.344694e-12,4.0986728e-24,2.1067e-41,3.7265164e-23,9.676129e-11
610000,132,197,0,2.5547662e-09,5.6009582e-11,1.2589661e-31,0.0,6.7391215e-13,9.940307e-11
610000,230,143,0,2.470987e-09,2.289621e-19,5.2598295e-16,2.2211954e-25,8.614174e-33,1.3513662e-11
610000,252,297,0,2.227053e-09,6.7078103e-13,2.0136224e-25,8.493e-41,2.6572516e-30,1.2346503e-10
610000,337,257,0,4.7269544e-09,3.1415514e-14,1.0699186e-25,1.93e-43,3.03109e-40,1.7654319e-11
610000,398,306,0,2.7991172e-09,9.665259e-13,4.46088e-29,0.0,1.0826999e-27,6.8614784e-12
610000,429,420,0,2.75815e-09,2.6202028e-11,8.3153346e-14,1.1782704e-20,5.6704753e-16,1.3887487e-10
610000,71,218,0,2.4925884e-09,8.13397e-11,6.5120625e-14,6.1492335e-20,4.7216354e-13,7.873885e-11
610000,168,403,0,2.127983e-09,3.009742e-11,1.3902511e-21,2.5308807e-37,2.8168676e-15,7.337734e-12
610000,287,315,0,3.219781e-09,7.7496065e-12,1.9833698e-27,0.0,2.4728265e-18,8.4064214e-11
610000,259,282,0,2.2724722e-09,1.7603852e-13,1.6572749e-26,0.0,4.0246493e-32,1.0038906e-18
610000,252,173,0,2.197289e-09,7.497104e-12,2.7961575e-37,0.0,1.1320254e-18,1.1303063e-11
610000,238,428,0,2.8622118e-09,4.0908e-11,1.2844648e-18,1.2798899e-31,1.021598e-14,2.4741803e-10
610000,229,430,0,2.85848e-09,3.486213e-11,2.736515e-15,1.2149767e-23,3.0902455e-14,1.2335431e-10
610000,255,271,0,2.2406372e-09,3.231961e-12,9.615208e-39,0.0,1.9072786e-20,2.3480061e-17
610000,222,130,0,2.854498e-09,1.0584874e-12,3.0999353e-23,4.120872e-37,1.9587081e-24,1.7874813e-11
610000,289,209,0,2.4573188e-09,3.4659233e-12,1.5e-44,0.0,3.3631274e-24,4.8303223e-11
610000,86,240,0,2.4146474e-09,5.5460553e-11,8.2519054e-14,1.460085e-20,1.9261986e-13,3.0143863e-11
610000,223,352,0,2.92139e-09,1.5186012e-11,7.9202156e-13,4.8917927e-18,1.5699082e-18,3.078215e-11
610000,210,268,0,2.3128752e-09,1.366704e-12,9.5435e-41,0.0,6.667833e-27,4.5322828e-13
610000,345,144,0,2.2663136e-09,6.162224e-11,3.149236e-24,5.0874e-41,9.5563965e-12,1.8271641e-10
610000,415,172,0,2.342985e-09,2.337047e-12,1.824309e-17,5.084094e-27,2.9737154e-27,1.0191222e-11
610000,428,370,0,2.441552e-09,5.0691024e-11,1.038275e-12,1.5343456e-17,7.476799e-13,1.0813409e-11
610000,396,193,0,2.461655e-09,5.809115e-11,6.8790404e-17,6.407066e-28,1.829646e-15,5.4915954e-11
610000,413,337,0,3.3611558e-09,4.8054186e-11,3.6964043e-13,8.373148e-19,7.930412e-13,2.1744384e-11
610000,365,266,0,2.7066134e-09,2.8584925e-13,2.2659195e-22,1.5030467e-36,4.3858185e-29,8.073712e-12
610000,335,335,0,3.088279e-09,1.8931188e-11,2.8359938e-24,5.028e-42,5.6138553e-15,1.2463767e-11
610000,330,184,0,2.4087279e-09,1.0844065e-12,1.5485043e-16,4.6970485e-22,1.169926e-25,8.2299105e-11
610000,434,75,0,2.3804616e-09,4.4103957e-11,3.933158e-13,6.027969e-19,2.7260575e-14,1.3172607e-10
610000,403,150,0,2.7899882e-09,2.116137e-11,3.9176362e-19,2.6210018e-32,7.367896e-18,3.3754846e-11
610000,355,213,0,2.4752542e-09,3.0960186e-14,1.8854091e-14,6.7128837e-22,4.6049317e-28,1.6264861e-11
610000,446,196,0,2.08498e-09,3.2605314e-11,3.3761806e-13,6.3286985e-18,4.9744274e-19,2.3019228e-10
610000,150,282,0,2.2979005e-09,2.4736e-11,2.3723284e-24,3.5038e-41,2.6239761e-18,1.3754262e-11
610000,323,291,0,3.2639877e-09,2.1211017e-11,1.355959e-24,1.0611515e-37,5.2341916e-14,1.4100428e-12
610000,63,445,0,2.1150577e-09,2.3992109e-11,1.8126325e-11,8.456164e-14,1.1907256e-15,1.4324347e-10
610000,369,298,0,2.1996267e-09,1.6303271e-11,7.3270806e-16,2.177643e-25,1.9056721e-18,2.117239e-12
610000,223,266,0,2.1699567e-09,3.1391486e-13,0.0,0.0,2.1645366e-33,2.7808394e-15
610000,444,434,0,2.8347098e-09,8.227121e-11,3.2229274e-12,2.4171263e-16,2.4051183e-10,2.0260225e-10
610000,402,404,0,2.5461842e-09,5.1837683e-11,1.6794478e-14,9.3183245e-21,2.9810085e-10,4.5373007e-11
610000,387,86,0,2.4979243e-09,4.1463718e-11,1.8900745e-12,8.5689195e-17,2.3683708e-15,1.5931455e-10
610000,324,310,0,3.3216894e-09,2.1919471e-11,3.0189857e-14,1.817517e-19,1.621406e-12,1.19703475e-11
610000,211,222,0,2.9083131e-09,7.333794e-12,1.4180866e-13,2.880316e-19,4.9798874e-18,4.460942e-11
610000,181,222,0,3.3469485e-09,3.1460278e-13,1.4426e-41,0.0,1.2647877e-36,1.8008387e-13
610000,258,327,0,2.1363546e-09,7.913696e-12,3.10047e-40,0.0,1.26628435e-20,1.1675924e-11
610000,326,316,0,3.0605112e-09,1.09629476e-11,1.3307283e-21,1.7343154e-32,3.5725258e-16,3.608478e-13
610000,236,433,0,2.987525e-09,3.86973e-11,7.774806e-18,6.23128e-29,1.5450188e-14,1.4247344e-10
610000,111,290,0,2.5968125e-09,1.02525445e-11,6.7226346e-21,1.7788635e-33,3.9789637e-16,3.1680093e-11
610000,313,431,0,2.980058e-09,1.0946316e-10,2.7536496e-14,1.3893825e-21,2.5031671e-11,7.036891e-11
610000,299,294,0,2.591655e-09,3.403367e-11,1.097665e-28,0.0,1.7745427e-15,1.1699714e-13
610000,123,315,0,3.0520335e-09,3.0471375e-11,1.2885339e-22,6.88684e-40,8.527076e-13,1.4292826e-12
610000,193,333,0,3.098141e-09,5.437807e-13,3.0825117e-33,0.0,4.683665e-31,1.6088585e-11
610000,152,89,0,2.2438733e-09,3.029161e-11,1.5251533e-12,3.487854e-17,2.3155583e-12,3.6594273e-11
610000,198,176,0,2.3911677e-09,2.0892047e-11,5.3131383e-15,9.967465e-23,1.318901e-16,6.8639425e-13
610000,327,279,0,3.3063703e-09,2.6002983e-11,1.2636639e-17,3.0309532e-27,1.1282767e-12,2.1881756e-13
610000,64,142,0,2.2083841e-09,5.040901e-11,4.785271e-11,4.7915977e-12,1.0100382e-12,3.4522413e-11
610000,315,110,0,2.8138805e-09,1.5160278e-11,1.9133814e-27,0.0,1.2100004e-17,5.1608967e-11
610000,350,366,0,2.3255327e-09,1.3567021e-11,7.4056755e-24,1.9957e-41,1.90678e-18,7.333898e-11
610000,323,306,0,3.24258e-09,1.1867246e-11,7.368852e-11,1.3534266e-12,2.2327451e-13,2.8687025e-11
610000,417,128,0,3.26746e-09,1.1801385e-11,1.05832504e-13,3.8205787e-19,1.2330218e-21,3.0444622e-10
610000,154,117,0,2.2272075e-09,4.999027e-12,3.9496908e-13,1.4151423e-18,6.2388636e-23,1.3234833e-10
610000,444,151,0,2.2667683e-09,2.2873857e-11,2.211174e-13,2.824431e-19,2.942995e-17,6.7908734e-11
610000,186,417,0,2.6191305e-09,8.769127e-12,1.251283e-12,8.413324e-17,2.93733e-19,2.6309827e-12
610000,192,245,0,4.071094e-09,1.949898e-11,2.8457215e-37,0.0,6.61059e-14,4.282332e-11
610000,73,66,0,2.4183733e-09,6.09212e-11,1.8158362e-15,2.4594644e-24,1.173202e-14,2.1651929e-10
610000,215,351,0,2.6962363e-09,4.0466758e-12,4.054789e-11,5.7588716e-13,2.0234274e-14,1.4812636e-10
610000,267,216,0,2.6357019e-09,4.4076415e-13,8.866418e-37,0.0,2.4158913e-29,1.7256562e-13
610000,114,90,0,2.558358e-09,2.9827557e-11,8.056739e-15,4.2792147e-22,2.0576733e-14,9.391791e-11
610000,204,429,0,4.0190478e-09,1.8319351e-11,1.4509713e-11,1.7617862e-14,1.0689319e-16,5.512205e-11
610000,365,141,0,2.3660076e-09,1.8089237e-12,1.1974761e-12,2.243104e-17,2.2274033e-21,1.7246052e-11
610000,128,63,0,3.1000775e-09,5.947186e-11,3.349302e-11,1.6266162e-12,2.5107626e-13,4.7156237e-11
610000,403,144,0,2.7663583e-09,5.87011e-12,2.1779268e-17,6.5288486e-27,5.2694576e-27,6.9730346e-11
610000,412,214,0,2.1360993e-09,2.1530224e-11,2.9183898e-13,2.9027978e-19,6.05851e-13,8.446363e-11
610000,309,193,0,2.2485365e-09,2.0097975e-13,1.8893586e-32,0.0,5.5187586e-33,2.546173e-13
610000,275,220,0,2.6682343e-09,1.2803129e-12,1.749e-42,0.0,1.9263555e-29,1.3354548e-12
610000,263,196,0,2.4888869e-09,3.7508716e-12,0.0,0.0,2.8706374e-24,8.2854515e-11
610000,145,311,0,2.7158025e-09,7.8842155e-11,5.792696e-16,4.7933094e-24,1.6508259e-12,3.7748995e-11
610000,392,111,0,2.798532e-09,2.8422048e-14,2.8668285e-12,2.1717909e-16,7.0346683e-20,3.9155654e-11
610000,243,62,0,2.0382578e-09,1.1850209e-12,4.6551683e-17,7.3451227e-28,5.4957547e-27,8.5172e-11
610000,296,390,0,2.5136315e-09,1.5072589e-11,2.8241836e-18,3.1630315e-30,4.046298e-18,2.892233e-11
610000,220,335,0,2.593196e-09,4.2678187e-11,3.660284e-18,6.213852e-29,1.419192e-11,2.4798685e-12
610000,84,372,0,2.3403588e-09,5.117856e-12,2.1039525e-15,4.1258617e-24,3.2743642e-25,9.7900646e-11
610000,76,60,0,2.3990123e-09,5.0708007e-11,7.9188137e-13,2.904635e-17,9.904613e-14,9.871554e-11
610000,375,312,0,2.2675064e-09,3.059865e-12,2.172504e-16,5.012737e-26,2.1808317e-23,2.6410457e-11
610000,169,241,0,2.2720568e-09,3.626747e-11,8.094035e-31,0.0,8.043038e-12,1.3706714e-11
610000,395,101,0,2.9689513e-09,9.9530375e-12,1.7695077e-14,2.9312405e-22,4.479215e-21,3.6766083e-11
610000,369,385,0,2.4632643e-09,4.7775266e-11,8.274961e-14,1.4389991e-19,1.4779988e-14,6.9602664e-11
610000,287,324,0,4.011815e-09,1.1920509e-14,2.1281328e-35,0.0,3.4566016e-36,2.1271707e-11
610000,295,316,0,3.2951346e-09,4.0907596e-13,2.0699659e-34,0.0,2.196251e-32,2.2328915e-11
610000,286,268,0,2.4941413e-09,2.093321e-17,1.1388694e-36,0.0,0.0,2.6952011e-16
610000,342,261,0,3.4517533e-09,3.0738693e-12,1.2065988e-21,6.933792e-35,4.3630145e-24,6.634622e-13
610000,114,391,0,2.6008267e-09,3.1354384e-11,7.089611e-12,4.0855453e-15,1.4187809e-11,1.0675814e-10
610000,266,179,0,2.3972115e-09,1.281227e-11,7.6e-43,0.0,7.511186e-21,3.675234e-12
610000,197,326,0,3.1988945e-09,1.8806896e-12,6.512832e-33,0.0,1.06210625e-24,2.146752e-13
610000,226,321,0,2.5418152e-09,3.124098e-13,7.2335264e-21,1.0770596e-33,8.3434197e-32,5.076838e-11
610000,321,116,0,2.6573435e-09,5.9391667e-12,1.1559305e-28,0.0,8.409611e-22,4.9405976e-11
610000,436,369,0,2.5907474e-09,9.564726e-11,1.3170686e-13,2.162412e-19,2.051904e-15,1.03698425e-10
610000,184,328,0,2.799635e-09,3.4815965e-14,3.6061076e-24,2.0203e-41,4.7835295e-36,7.388909e-14
610000,100,332,0,2.33381e-09,2.6563354e-12,1.756219e-14,4.4169456e-22,1.2090572e-23,8.2204146e-11
610000,195,318,0,2.6945581e-09,1.65366e-14,2.4790285e-26,2.1e-44,7.9699e-41,8.207869e-13
610000,310,292,0,2.931599e-09,4.0933762e-12,6.6959313e-31,0.0,1.3459046e-22,2.080565e-11
610000,155,446,0,2.201566e-09,1.07875125e-10,2.6911138e-14,2.033209e-21,3.6295234e-11,5.873661e-11
610000,354,113,0,2.7087708e-09,4.5539766e-11,6.215641e-33,0.0,2.1506653e-10,3.3622857e-12
610000,319,287,0,3.2873173e-09,2.3665098e-12,6.50698e-26,1e-44,2.129674e-26,1.5600968e-11
610000,280,119,0,2.3188962e-09,3.474123e-12,6.53946e-26,0.0,4.991109e-27,2.2235677e-12
610000,389,139,0,2.4063431e-09,2.5749777e-11,2.3895267e-12,4.3496097e-16,1.954625e-15,1.1869231e-11
610000,230,204,0,2.0770599e-09,6.554471e-13,1.1564542e-28,0.0,1.9307419e-29,1.0119872e-11
610000,136,74,0,2.9648626e-09,3.8694537e-11,1.7433488e-14,1.905045e-22,4.699894e-15,4.1370418e-11
610000,383,52,0,2.3846582e-09,6.07493e-11,1.5051863e-11,5.5805034e-14,3.5059077e-14,6.267515e-11
610000,331,234,0,3.72539e-09,4.9248376e-11,6.8941235e-26,9.9e-43,1.9198968e-12,4.8837944e-11
610000,366,365,0,2.2653328e-09,1.033976e-11,6.1662927e-17,2.8498708e-28,1.9030889e-19,1.24809685e-11
610000,390,344,0,2.9230527e-09,4.096046e-11,3.146992e-11,2.4637603e-13,1.2671686e-14,1.844209e-11
610000,118,326,0,2.453063e-09,1.5190994e-11,1.2180396e-14,2.7352001e-21,1.09613766e-16,5.548965e-11
610000,331,445,0,2.0705164e-09,4.9243977e-11,1.6442842e-11,1.3995085e-14,1.01140273e-16,1.3756285e-10
610000,112,414,0,2.2746025e-09,4.3998142e-11,2.7012228e-13,3.2589717e-19,5.434218e-13,1.750713e-10
610000,337,254,0,4.0032386e-09,3.557162e-15,2.4756337e-27,0.0,0.0,3.2976465e-11
610000,225,357,0,2.7244194e-09,1.5395482e-11,4.0122947e-11,6.4167595e-13,2.378579e-14,3.727157e-11
610000,292,102,0,2.6655853e-09,1.2238031e-11,1.0148633e-11,1.2107608e-14,4.1321346e-16,2.2140928e-11
610000,355,76,0,2.5805018e-09,3.19651e-11,4.684322e-11,4.935828e-13,3.871313e-14,3.2174565e-11
610000,54,431,0,2.2128568e-09,4.6957133e-11,3.0566617e-14,1.1810849e-21,3.715471e-15,2.2979435e-10
610000,55,89,0,2.3926112e-09,3.925396e-11,7.720852e-16,3.9623771e-22,9.147632e-19,1.456026e-10
610000,208,367,0,2.53289e-09,1.8847129e-11,1.4853535e-23,4.3778e-41,2.3505944e-15,2.4456165e-11
610000,107,96,0,2.527943e-09,1.407797e-11,3.1419314e-13,3.3823392e-19,2.608607e-18,7.034708e-11
610000,439,376,0,2.4355253e-09,3.1154374e-11,5.228699e-13,2.7660254e-18,1.772747e-11,1.7486855e-10
610000,193,55,0,2.233005e-09,6.0196306e-11,1.0498961e-18,3.9358908e-31,2.389868e-13,6.4178024e-11
610000,250,216,0,2.2363826e-09,2.11125e-11,4.1194422e-22,2.5203086e-36,3.325076e-11,8.259705e-11
610000,335,273,0,2.7721867e-09,2.8690225e-12,1.5480396e-14,3.0468835e-22,3.2613805e-25,5.0717633e-12
610000,316,298,0,3.0926965e-09,2.621948e-12,1.4322793e-19,5.0018814e-29,3.0945778e-26,5.5268966e-12
610000,331,365,0,2.6809102e-09,2.3203045e-11,5.5322164e-24,2.81179e-40,3.0902455e-14,1.2263708e-11
610000,57,220,0,2.635682e-09,1.666835e-10,7.0565225e-12,8.25199e-15,8.895963e-12,1.3771594e-10
610000,181,414,0,2.5776048e-09,1.30186235e-11,1.5622932e-12,2.9544565e-17,1.0519931e-18,3.8822808e-12
610000,161,126,0,2.3040454e-09,2.9847076e-11,2.7867473e-18,1.5622325e-30,2.3196735e-12,8.1020614e-11
610000,203,419,0,2.9627258e-09,8.583016e-12,4.0716315e-14,1.4714244e-21,3.153835e-22,4.822242e-11
610000,357,181,0,2.36841e-09,1.1217196e-11,1.6680353e-30,0.0,3.7608847e-19,7.0030716e-13
610000,362,201,0,2.5859552e-09,1.3158502e-11,1.1559358e-22,4.48167e-38,3.3345229e-15,1.1555118e-11
610000,207,141,0,2.1318354e-09,2.687838e-13,4.401708e-22,9.913694e-38,1.5465222e-31,3.8242703e-12
610000,112,271,0,2.5772149e-09,1.7637099e-13,7.719253e-20,3.9915646e-34,2.638568e-36,1.1139653e-13
610000,406,408,0,2.5283486e-09,5.7724336e-11,2.039039e-13,2.2574343e-19,6.3355494e-15,1.5673756e-11
610000,72,250,0,2.528638e-09,2.2729901e-11,9.38344e-11,4.9632646e-12,6.517109e-13,2.4322877e-10
610000,148,262,0,2.6098952e-09,8.4309755e-12,3.1119575e-27,0.0,1.2521197e-21,1.3850084e-11
610000,118,124,0,2.2930584e-09,5.757594e-13,7.766044e-20,1.4448086e-34,1.0971096e-31,3.2842587e-12
610000,142,199,0,2.6968994e-09,3.7585494e-11,6.23164e-31,0.0,7.227222e-14,3.2448714e-11
610000,172,134,0,2.1906181e-09,5.267351e-11,7.9188137e-13,2.904635e-17,1.7727545e-11,8.43368e-13
610000,444,440,0,2.5681193e-09,7.154008e-11,1.0949613e-11,1.38395e-14,6.763806e-16,3.1860437e-10
610000,103,244,0,2.7240412e-09,1.2941835e-11,9.196311e-22,2.2342166e-37,2.740663e-17,3.9539648e-12
610000,127,379,0,2.3578002e-09,1.4043547e-12,9.5959034e-14,1.8309223e-20,2.0023758e-20,6.658595e-11
610000,195,246,0,4.3878225e-09,1.2723457e-11,1.0678148e-38,0.0,6.2763066e-20,1.5123678e-11
610000,60,203,0,2.5892255e-09,5.031674e-11,1.3105519e-13,9.3342123e-20,6.852408e-16,8.229124e-11
610000,218,436,0,2.818493e-09,7.0947234e-11,8.5777376e-13,6.145175e-18,2.46847e-13,1.3705055e-10
610000,291,129,0,2.614174e-09,1.694811e-11,1.6580755e-14,4.5938214e-21,8.436578e-19,2.8509266e-11
610000,342,417,0,2.1052264e-09,1.4360805e-11,6.9134386e-11,1.9683293e-11,1.0725069e-11,6.5533474e-11
610000,268,359,0,2.2729498e-09,5.541471e-12,4.522245e-15,5.621907e-22,1.8150385e-19,3.1685746e-12
610000,91,250,0,2.8793263e-09,3.960204e-11,3.7786327e-13,4.566369e-18,5.0099357e-16,4.0803978e-11
610000,404,352,0,2.7395095e-09,2.2021114e-11,6.991718e-15,4.2143403e-22,2.1316008e-16,8.9720176e-11
610000,296,281,0,2.417809e-09,1.4349562e-12,5.820096e-33,0.0,2.7880084e-27,2.3457887e-15
610000,310,434,0,3.0329779e-09,9.674507e-11,1.9842011e-14,2.6288448e-21,4.721308e-13,4.8039277e-11
610000,416,352,0,2.516044e-09,3.4967018e-12,6.139671e-11,3.1970596e-12,3.8161797e-13,6.5026574e-11
610000,413,427,0,2.1955355e-09,6.222817e-11,6.535502e-22,5.757266e-39,2.2476946e-16,3.0299922e-11
610000,75,333,0,2.3878555e-09,2.1545065e-16,1.0707079e-26,0.0,0.0,7.3201674e-11
610000,256,231,0,2.291638e-09,9.759616e-13,5.3546823e-20,7.063161e-31,5.285663e-28,2.6150958e-11
610000,145,354,0,2.184678e-09,1.8482778e-11,3.9585607e-14,2.0822042e-21,2.3505944e-15,5.6115553e-11
610000,223,161,0,2.6700873e-09,3.8174027e-13,7.472464e-16,1.6430374e-23,2.509597e-29,1.200173e-12
610000,382,283,0,2.7158067e-09,2.943879e-11,8.90451e-20,6.922469e-33,5.3879853e-18,1.3230247e-13
610000,366,124,0,2.3368254e-09,1.348688e-11,4.6163777e-24,2.45058e-40,2.3267546e-18,5.3165736e-11
610000,373,262,0,2.8015041e-09,8.694524e-12,6.4025156e-17,3.4878996e-27,1.2947941e-19,3.8082662e-11
610000,440,176,0,2.459038e-09,8.2018255e-12,3.5268808e-12,4.4382668e-16,2.7484642e-19,3.337737e-11
610000,298,201,0,2.3097464e-09,8.537443e-15,1.1945066e-37,0.0,1.7207988e-36,3.8757074e-11
610000,394,171,0,2.561568e-09,1.9465865e-11,2.366853e-12,3.9404574e-16,4.80559e-19,5.996832e-11
610000,242,390,0,2.4588565e-09,4.712914e-11,6.302967e-20,2.3078752e-34,1.524944e-17,1.0229948e-10
610000,95,408,0,2.442061e-09,3.423293e-11,8.08317e-12,2.1941037e-14,3.494784e-14,1.6252681e-10
610000,350,259,0,2.856919e-09,4.721037e-13,5.956068e-23,4.119114e-39,4.397847e-31,1.2760594e-11
610000,414,307,0,3.3587204e-09,1.618103e-11,4.4329047e-18,4.230426e-29,9.4281e-16,6.735559e-11
610000,304,336,0,3.3719056e-09,2.184538e-14,2.5990386e-21,2.971715e-36,1.424093e-38,9.778392e-13
610000,422,329,0,3.107558e-09,2.2047954e-11,1.8847194e-16,1.1277496e-25,2.247777e-16,4.9284535e-11
610000,211,434,0,3.2389549e-09,3.1174625e-11,8.3745285e-12,4.5268147e-15,1.00101566e-16,1.7937668e-10
610000,302,89,0,2.612067e-09,3.1867238e-11,2.3489228e-22,7.779383e-38,1.518919e-11,6.662612e-11
610000,97,161,0,2.0699027e-09,3.6612106e-11,1.3417798e-15,7.850082e-25,3.39531e-14,6.239662e-11
610000,275,175,0,2.442538e-09,1.9971297e-11,1.4196558e-31,0.0,3.3744906e-16,1.04949195e-10
610000,285,302,0,2.802198e-09,4.072009e-12,3.2701338e-17,2.1116595e-27,1.9614395e-22,3.999995e-11
610000,58,284,0,2.3071363e-09,7.494698e-11,5.1400313e-18,1.080456e-30,3.053349e-10,5.5277935e-11
610000,151,54,0,2.0986022e-09,2.4363355e-11,3.8564408e-12,3.0913918e-16,6.5326713e-18,1.2835698e-10
610000,355,192,0,2.4531883e-09,1.1220348e-11,2.3857673e-30,0.0,2.6083344e-18,5.0355397e-11
610000,419,109,0,2.3522007e-09,6.765227e-12,1.8555768e-11,9.8670685e-14,1.496423e-15,1.1688447e-11
610000,218,421,0,2.593266e-09,2.7485023e-11,6.074564e-12,4.4381414e-15,1.192049e-15,1.2145744e-10
610000,267,256,0,2.6912128e-09,1.5499019e-11,0.0,0.0,1.15680175e-17,1.816402e-14
610000,356,276,0,3.0291272e-09,3.7363796e-14,5.003989e-19,4.795979e-31,4.56111e-40,8.907446e-13
610000,278,382,0,2.268809e-09,1.2096943e-11,6.992618e-19,1.98095e-32,2.77544e-19,7.3539376e-11
610000,79,275,0,3.8655648e-09,3.9025953e-11,3.1505465e-18,1.6859424e-29,1.3143214e-14,4.7051703e-11
610000,251,402,0,2.4353175e-09,3.700654e-11,8.399597e-22,1.4285402e-35,2.595357e-15,7.057432e-11
610000,244,309,0,2.1949977e-09,5.7810628e-11,8.713589e-30,0.0,1.0016232e-14,6.795066e-15
610000,353,63,0,2.6265259e-09,1.0384717e-11,1.5648979e-11,7.1266994e-14,9.336865e-16,1.5937401e-10
610000,160,296,0,2.2902698e-09,2.8419735e-11,5.264529e-24,1.69446e-40,1.1257137e-11,4.2703777e-13
610000,401,116,0,2.868191e-09,1.7925837e-12,6.776078e-11,4.4739375e-11,8.6080594e-11,1.3074496e-11
610000,178,102,0,2.5313076e-09,6.6532765e-15,1.6374817e-16,4.7685582e-26,7.847175e-33,2.493562e-11
610000,435,255,0,2.4075228e-09,1.4596291e-11,3.0158443e-12,1.4262517e-15,5.2226856e-18,2.3388586e-10
610000,118,286,0,2.6965061e-09,3.1790104e-12,1.307822e-15,5.0139353e-25,1.9720278e-22,6.0004133e-12
610000,296,336,0,4.388148e-09,1.9812954e-17,5.7324525e-28,0.0,0.0,4.80919e-12
610000,236,171,0,2.2232352e-09,2.0486216e-16,3.316307e-30,0.0,0.0,9.596988e-12
610000,100,257,0,3.128889e-09,3.0873377e-11,2.5347932e-20,6.0804475e-34,5.7435343e-15,9.74446e-13
610000,123,431,0,2.1166264e-09,7.90054e-12,1.2296297e-11,2.1518733e-14,1.8479799e-16,2.2596347e-11
610000,99,253,0,3.2548182e-09,1.9961682e-11,1.5115616e-18,1.0539557e-30,8.039868e-19,1.1998728e-12
610000,141,447,0,2.1542403e-09,9.670039e-11,6.968291e-11,4.0653453e-12,5.989865e-13,1.4890582e-10
610000,77,210,0,2.672667e-09,4.533314e-11,1.4355051e-12,6.0804015e-17,3.0927678e-17,5.353897e-11
610000,325,257,0,2.6434932e-09,6.3885806e-12,5.7438586e-32,0.0,7.092832e-21,1.02639e-12
610000,378,59,0,2.6526783e-09,1.9877747e-11,1.946307e-15,2.4657701e-24,8.504866e-17,1.0330037e-10
610000,265,128,0,2.6523128e-09,2.681413e-11,1.1566448e-21,4.625697e-38,2.3154254e-12,1.4003217e-10
610000,445,242,0,2.1515851e-09,1.7351155e-11,6.3941934e-13,2.5483681e-18,7.014918e-19,2.1655988e-11
610000,434,420,0,2.932899e-09,1.01529965e-11,1.293409e-12,7.9893266e-17,1.1303846e-19,1.5742475e-10
610000,397,284,0,2.5632072e-09,3.5931726e-11,3.780784e-17,1.5362717e-24,2.435802e-11,8.042279e-11
610000,72,125,0,2.1510695e-09,1.1818939e-11,7.5836236e-17,4.041907e-26,6.7267434e-16,1.5173331e-09
610000,163,193,0,2.1953637e-09,4.35621e-11,1.8394834e-34,0.0,5.0890007e-14,3.28303e-11
610000,336,341,0,2.9003646e-09,1.8326878e-11,3.3645682e-22,1.2683655e-36,1.9115331e-18,1.5111366e-12
610000,343,297,0,2.2006819e-09,2.1967083e-12,4.09052e-20,2.188442e-32,1.4014068e-26,1.0621892e-13
610000,419,155,0,2.6506346e-09,1.0881071e-11,2.3641846e-15,5.0984435e-24,5.48514e-18,2.1629112e-11
610000,135,211,0,2.5200366e-09,3.697349e-11,2.788451e-19,1.4295133e-30,2.6406105e-14,2.0434304e-11
610000,438,338,0,2.5862366e-09,9.717731e-12,1.0001487e-21,7.447024e-33,5.838301e-21,8.7260435e-11
610000,181,220,0,3.3060692e-09,4.5238767e-13,8.67984e-40,0.0,2.3103653e-33,1.961067e-13
610000,147,303,0,2.541654e-09,1.6224616e-12,3.882414e-22,5.2722446e-36,8.844802e-24,3.3415912e-11
610000,275,325,0,2.4988092e-09,2.6422788e-16,2.6112448e-31,0.0,0.0,1.1580495e-11
610000,309,313,0,2.6138922e-09,5.028514e-15,2.7262557e-25,4.788284e-39,3.4525e-41,5.567928e-12
610000,370,74,0,2.8202114e-09,7.724276e-12,8.669641e-14,3.5304542e-19,4.73509e-23,1.7048617e-10
610000,73,291,0,2.519355e-09,2.1169566e-11,2.0894182e-21,1.3994159e-36,1.828811e-16,1.5351132e-11
610000,376,146,0,2.3935862e-09,3.919048e-12,2.8725115e-13,2.54033e-18,2.463497e-22,7.705425e-11
610000,136,179,0,2.6532576e-09,2.7779624e-11,7.2657564e-35,0.0,1.3187279e-16,9.736926e-11
610000,411,339,0,3.4297996e-09,2.9598487e-11,1.3390138e-13,1.8455347e-19,5.1422896e-15,3.2625447e-11
610000,287,442,0,2.2455011e-09,2.897396e-11,8.775308e-12,8.4769024e-15,4.9336265e-17,3.352756e-11
610000,85,416,0,2.9130753e-09,1.7850537e-11,4.6111165e-15,9.918475e-24,7.9190376e-18,7.884498e-11
610000,219,315,0,2.370157e-09,4.4737793e-11,7.6306156e-14,4.2103904e-19,4.993911e-15,1.5077703e-13
610000,136,369,0,2.7371028e-09,2.1379034e-13,8.007444e-11,1.3198872e-12,5.0094924e-14,8.853491e-11
610000,434,138,0,2.589109e-09,4.1125485e-11,2.9140884e-18,4.035323e-28,1.836831e-11,8.777605e-11
610000,113,237,0,2.5449167e-09,3.1269938e-11,9.2008484e-26,1e-45,1.1292385e-16,6.620281e-12
610000,428,53,0,2.2569004e-09,7.932221e-11,1.0215243e-11,3.4497138e-15,2.5335262e-10,1.4159017e-10
610000,189,112,0,2.1631152e-09,7.811862e-13,4.1976246e-17,1.685897e-26,2.8452542e-31,6.763147e-11
610000,73,165,0,2.1015072e-09,2.7523385e-11,5.832322e-13,2.567904e-17,1.0011963e-15,1.01873315e-10
610000,124,246,0,2.4406939e-09,3.2011633e-11,1.1306904e-23,3.634e-42,1.3686011e-13,3.1350422e-11
610000,235,342,0,2.4064593e-09,2.0156278e-11,1.3559828e-14,6.475977e-22,2.2157452e-14,4.9641016e-12
610000,142,319,0,2.569987e-09,3.1945632e-13,2.8633552e-12,1.6959839e-16,4.9332693e-20,8.361752e-11
610000,264,203,0,2.5883777e-09,2.0266128e-12,6e-45,0.0,3.6921896e-23,2.9653828e-11
610000,255,352,0,2.1535644e-09,3.020241e-11,2.3424574e-25,3e-44,1.1771013e-16,5.9570626e-11
610000,432,157,0,2.505505e-09,3.7220897e-11,5.102338e-11,1.0422585e-12,6.5681076e-13,7.1025345e-11
610000,203,241,0,3.275881e-09,2.8085858e-12,2.3876093e-28,0.0,1.4870828e-23,1.3192666e-12
610000,204,289,0,2.4613525e-09,8.179838e-12,4.642406e-33,0.0,4.040971e-22,2.649817e-12
610000,108,392,0,2.6112257e-09,2.4992602e-11,1.1965733e-11,2.136673e-14,9.428695e-17,5.5518964e-11
610000,420,316,0,3.8647454e-09,1.3349796e-11,1.0189184e-17,2.0010087e-28,4.5987046e-21,1.7903451e-10
610000,327,191,0,2.5716256e-09,9.388979e-14,1.9359523e-22,6.6989976e-38,4.5292886e-36,3.1831995e-11
610000,178,293,0,2.2853086e-09,2.0820224e-11,1.6794075e-14,9.3183245e-21,1.3536044e-18,2.3542819e-11
610000,340,111,0,3.673167e-09,1.0403589e-12,6.4217636e-25,2.51e-43,1.1809396e-28,3.644021e-12
610000,154,75,0,2.277369e-09,3.702738e-11,6.9508575e-13,3.2396798e-18,3.627807e-11,1.734501e-10
610000,380,166,0,2.9124623e-09,2.23611e-11,7.186386e-13,1.103737e-17,9.270882e-18,1.2246537e-10
610000,368,251,0,3.1007477e-09,5.1816225e-12,2.5524451e-20,6.0535416e-35,6.928053e-23,5.24308e-11
610000,257,424,0,2.165467e-09,6.299385e-11,2.7678295e-18,1.2552602e-30,1.1483993e-13,7.8380934e-11
610000,310,390,0,2.569158e-09,4.3091183e-11,1.5286312e-11,6.3295974e-14,2.2702196e-14,3.523862e-11
610000,88,281,0,3.266776e-09,3.1978313e-12,6.464548e-12,2.0864355e-15,2.2629987e-18,1.0905547e-11
610000,345,97,0,2.6354499e-09,2.4231606e-11,4.408405e-19,6.48076e-30,2.7896906e-14,1.2350723e-10
610000,145,207,0,2.5679106e-09,9.7079384e-12,1.8759069e-25,3e-45,5.4981015e-19,2.5420253e-11
610000,336,378,0,2.3721547e-09,4.035753e-11,1.1764266e-13,4.213687e-20,4.2808918e-13,5.6054758e-11
610000,336,130,0,2.2974098e-09,7.681815e-12,2.106181e-38,0.0,6.32314e-22,3.7134993e-11
610000,378,174,0,2.942859e-09,2.8481138e-11,9.460069e-15,1.1418528e-22,2.443676e-13,3.771909e-11
610000,290,251,0,2.6797589e-09,5.80867e-12,0.0,0.0,2.1699678e-22,1.2097935e-11
610000,325,92,0,3.6083248e-09,3.3005722e-13,4.6399408e-12,2.032871e-15,5.4800906e-18,1.196408e-10
610000,363,209,0,2.582345e-09,4.150554e-12,6.4025156e-17,3.4878996e-27,1.4280561e-23,1.5640714e-13
610000,56,262,0,3.0925995e-09,2.4289114e-11,7.924215e-16,1.1391165e-24,7.819556e-20,3.3013307e-11
610000,211,173,0,2.4344995e-09,2.4307698e-11,5.9355496e-24,2.012e-42,3.8927437e-16,3.3988493e-11
610000,296,329,0,4.0621e-09,9.0745436e-18,1.7939822e-32,0.0,0.0,8.223775e-11
610000,123,224,0,2.9626839e-09,2.6856089e-11,2.5228445e-16,6.3907563e-26,7.862156e-19,2.4260805e-11
610000,84,390,0,2.507544e-09,3.8880576e-11,1.8577652e-12,2.9881552e-17,7.118956e-14,1.5193465e-10
610000,165,174,0,2.108645e-09,8.769712e-12,5.837897e-35,0.0,3.5590228e-22,1.3977576e-10
610000,272,234,0,2.3091193e-09,2.5866039e-12,2.640095e-37,0.0,1.4811361e-25,5.460386e-11
610000,104,340,0,2.335026e-09,7.552643e-12,2.7478176e-17,9.334318e-28,4.9785968e-23,6.5255155e-11
610000,179,347,0,2.2558402e-09,7.0266536e-13,2.183374e-17,3.064098e-28,4.6836726e-31,4.235766e-12
610000,156,239,0,2.1865278e-09,3.3128608e-12,5.5343936e-26,0.0,4.313813e-24,3.929063e-11
610000,183,284,0,2.298924e-09,6.588107e-13,4.950314e-22,8.242661e-37,8.9621645e-29,1.0589368e-11
610000,373,349,0,2.2317264e-09,1.2256254e-11,6.120637e-14,1.6132575e-20,3.7081174e-21,2.1156226e-12
610000,415,313,0,3.5910122e-09,2.3259983e-12,3.3527261e-19,3.616223e-33,2.7225887e-25,1.1524316e-11
610000,152,340,0,2.1699846e-09,2.3954044e-11,3.44361e-12,1.2209618e-15,5.1355025e-13,4.6742076e-12
610000,330,329,0,3.0995941e-09,2.295883e-12,9.385258e-25,3.45e-43,6.450208e-26,1.7725849e-12
610000,321,107,0,3.0078005e-09,1.0345167e-11,3.605085e-21,4.6268344e-36,3.9789637e-16,5.515786e-11
610000,297,382,0,2.5988998e-09,1.0060166e-11,3.695382e-16,2.8076466e-26,1.1479678e-22,8.134887e-11
610000,174,224,0,2.7447746e-09,6.9217874e-12,1.6575e-39,0.0,1.028326e-22,1.7272564e-12
610000,290,325,0,4.4702833e-09,3.4129083e-15,2.3393237e-38,0.0,9.146e-42,9.803285e-12
610000,191,351,0,2.4019933e-09,3.1029769e-13,3.05505e-26,5.5e-44,1.5619951e-31,4.6315615e-11
610000,103,226,0,2.5267084e-09,3.4397495e-11,1.4193366e-21,6.941815e-36,9.7623e-19,5.803339e-11
610000,85,209,0,2.4634887e-09,5.7647737e-11,1.494533e-15,4.108117e-24,4.833841e-14,4.8680712e-11
610000,132,332,0,2.3017355e-09,1.3842494e-11,3.6155237e-20,1.1462081e-34,6.478185e-20,1.243694e-11
610000,197,243,0,4.213449e-09,7.573102e-12,4.977399e-35,0.0,3.4687512e-22,3.1262007e-11
610000,187,70,0,2.4434326e-09,4.379335e-12,7.72973e-13,1.04706176e-16,4.0758728e-19,5.87149e-11
610000,54,316,0,2.2070865e-09,1.23011245e-11,6.262197e-18,1.4400723e-29,6.614943e-22,5.826219e-11
610000,384,248,0,2.4323163e-09,9.351821e-12,4.0820394e-20,8.134059e-33,1.0641693e-20,2.6793888e-11
610000,388,319,0,2.652093e-09,1.6047204e-14,2.5886843e-15,2.0109555e-24,4.250556e-32,5.871338e-11
610000,138,150,0,2.7081402e-09,8.356655e-13,4.3449737e-14,2.1369215e-19,3.704345e-23,2.6864158e-11
610000,94,432,0,2.175158e-09,3.4520237e-11,1.1415067e-17,4.0807502e-24,1.6279919e-13,1.04240776e-10
610000,336,257,0,4.6575916e-09,2.690039e-14,5.213396e-26,2.2e-44,7.3956e-41,2.8065973e-11
610000,68,192,0,3.0198668e-09,3.8942537e-11,1.3998001e-15,5.5961244e-24,2.0576736e-14,1.382679e-10
610000,299,147,0,2.1259836e-09,7.68062e-12,3.4087263e-15,5.237893e-24,3.296262e-19,3.723607e-11
610000,55,225,0,2.5441254e-09,1.3606313e-10,9.829425e-13,8.346596e-17,2.7309053e-09,1.7988358e-10
610000,137,373,0,2.7527858e-09,2.3596109e-14,2.2760906e-11,1.02339164e-13,1.2002718e-15,3.933558e-11
610000,324,416,0,2.2295172e-09,5.248053e-11,9.780749e-13,8.3465713e-17,1.4361632e-13,5.6705387e-11
610000,191,327,0,3.3709349e-09,1.6407223e-14,1.6813663e-28,0.0,2.8330551e-36,7.237074e-14
610000,327,87,0,3.7009333e-09,3.690764e-12,4.956693e-13,2.8964755e-18,1.9648155e-22,5.54878e-11
610000,271,73,0,2.0798454e-09,2.8530706e-11,8.988684e-15,1.3691329e-20,1.0050883e-13,5.0610297e-11
610000,325,60,0,2.4106965e-09,2.260845e-13,4.626819e-18,2.9290864e-29,1.5587843e-36,1.8500652e-10
610000,87,183,0,2.2190692e-09,7.720561e-11,7.58813e-12,1.6641971e-14,2.2090563e-12,1.7399648e-11
610000,61,100,0,2.5966689e-09,5.387641e-11,5.4227392e-15,2.7704596e-22,7.0630927e-14,5.196499e-11
610000,78,193,0,2.5774924e-09,9.104298e-11,1.053124e-15,3.540877e-24,2.4383762e-11,2.1131036e-10
610000,198,370,0,2.4338833e-09,1.433515e-11,2.3637764e-31,0.0,2.904417e-18,1.132191e-12
610000,365,248,0,2.8865257e-09,1.8856054e-11,1.1374259e-16,3.9710464e-27,6.1276396e-14,1.6961104e-11
610000,362,87,0,2.5044449e-09,1.3282034e-11,1.1011037e-13,2.5712546e-20,3.7549987e-20,1.4730948e-10
610000,215,62,0,2.256933e-09,6.3081144e-11,3.3305223e-17,3.9867942e-28,1.9560278e-14,1.3002785e-11
610000,194,265,0,2.332998e-09,2.0446995e-12,5.2130905e-26,2.2e-44,2.0847123e-27,7.4505906e-14
610000,421,304,0,2.9576583e-09,1.5498316e-11,1.2401632e-13,3.1705846e-19,3.7827714e-19,1.8735997e-10
610000,337,208,0,2.7759095e-09,2.9787345e-15,3.952085e-12,7.55152e-16,7.0769613e-19,3.5685344e-11
610000,298,431,0,2.579163e-09,7.0285236e-11,6.006531e-14,8.0003914e-20,7.5922194e-16,6.149027e-11
610000,56,375,0,2.0348534e-09,1.892235e-12,3.3566393e-11,6.5038095e-13,3.0016005e-14,9.923747e-11
610000,130,263,0,2.7225557e-09,5.0542196e-12,8.776093e-19,1.3796135e-30,2.3465956e-20,2.3033417e-16
610000,123,116,0,2.3131208e-09,2.0876371e-12,1.2622318e-20,3.4874447e-36,4.936151e-26,1.3883947e-10
610000,322,97,0,3.2297574e-09,2.0692994e-12,1.5627163e-14,8.239454e-22,1.1554004e-26,1.2244203e-10
610000,277,297,0,2.7429898e-09,1.5830107e-14,3.7742413e-11,8.7539237e-13,8.595073e-14,8.512784e-12
610000,364,170,0,2.3537838e-09,1.4652498e-11,2.9482995e-23,2.0539e-41,1.2109601e-16,3.265415e-11
610000,163,320,0,2.6125924e-09,1.15846915e-11,5.426196e-19,2.3507835e-31,1.4763098e-17,3.842202e-12
610000,294,266,0,2.5526061e-09,1.3721172e-14,4.2e-44,0.0,5.5513627e-38,7.984134e-17
610000,388,286,0,2.7993705e-09,8.3746e-11,1.0635385e-21,7.654914e-36,1.9042413e-12,1.3953677e-13
610000,405,345,0,3.0838507e-09,4.3385424e-11,1.2131018e-11,1.2031285e-14,1.5779852e-13,3.994143e-11
610000,326,282,0,3.4248808e-09,1.0403033e-11,1.5827831e-18,2.3270486e-29,1.0376495e-18,2.0027494e-13
610000,139,75,0,2.9462044e-09,2.3107004e-11,7.9407233e-13,4.794766e-18,6.0118138e-21,6.552807e-11
610000,121,57,0,2.6285731e-09,3.0740837e-11,2.3984642e-15,1.2445866e-24,4.7167443e-17,2.1027222e-11
610000,420,320,0,3.809036e-09,4.988792e-11,2.4232172e-17,6.734407e-23,2.7971833e-14,9.333437e-11
610000,99,66,0,2.4402993e-09,3.268144e-11,4.3313365e-18,3.5972213e-29,7.4130914e-13,8.4523534e-11
610000,412,276,0,2.350491e-09,7.178169e-11,2.0448357e-12,3.276065e-16,2.4060762e-09,1.0739907e-12
610000,339,358,0,2.557534e-09,2.2757336e-11,2.665713e-28,0.0,1.5326101e-12,3.8833784e-12
610000,387,274,0,2.5542313e-09,3.1114698e-11,2.7026515e-13,2.2410926e-18,3.5319368e-13,8.128668e-11
610000,289,134,0,2.5907572e-09,1.253992e-11,2.7564216e-12,1.9410001e-16,8.143267e-18,2.5442322e-11
610000,336,222,0,2.592581e-09,1.03326766e-11,9.5827716e-17,1.373694e-26,9.677946e-19,1.5086312e-11
610000,220,165,0,2.7293574e-09,8.634493e-12,3.9461514e-19,3.425478e-30,2.1269434e-20,9.696565e-12
610000,145,269,0,2.8437757e-09,1.2820179e-12,5.298e-23,9.2201e-41,1.1944497e-25,2.15133e-12
610000,435,333,0,2.8217397e-09,5.197704e-12,2.390494e-21,1.1349773e-36,9.130521e-23,3.4783836e-11
610000,426,321,0,3.4719103e-09,5.616005e-12,5.2331688e-11,5.5269905e-13,7.8805926e-14,9.191348e-11
610000,282,294,0,2.8264189e-09,3.5340895e-14,2.3395397e-14,4.1085144e-21,2.1223192e-26,5.3755503e-12
610000,325,84,0,3.622619e-09,5.270607e-12,3.3772996e-14,4.3374286e-21,2.5603109e-23,5.556582e-11
610000,88,418,0,2.9142453e-09,1.2110028e-11,4.1797058e-14,8.084796e-20,1.457565e-23,6.837359e-11
610000,265,402,0,2.3831512e-09,7.65605e-12,2.3895267e-12,4.3496097e-16,4.546794e-19,1.13735896e-10
610000,323,357,0,2.3939257e-09,5.504242e-13,9.635742e-18,1.5109125e-28,8.497468e-31,2.8414608e-13
610000,293,324,0,4.3507e-09,3.4179116e-15,8.670531e-39,0.0,2.2e-44,1.2524812e-11
610000,277,366,0,2.2694526e-09,2.0524379e-12,1.7280209e-15,1.5390752e-23,4.3668787e-23,2.5724032e-12
610000,223,104,0,2.1093907e-09,1.5709208e-11,1.7705774e-18,2.7271568e-29,5.1118175e-20,6.926687e-11
610000,294,89,0,2.6823603e-09,4.121086e-11,1.9137783e-16,1.9150694e-25,2.5313488e-12,4.3353682e-11
610000,226,130,0,2.949378e-09,8.71514e-15,2.1935483e-21,3.9436974e-37,3.316734e-33,1.4951295e-11
610000,219,387,0,2.0861342e-09,1.0867718e-13,6.302968e-20,2.3078752e-34,1.6989235e-36,8.159545e-11
610000,104,275,0,2.6534104e-09,3.6334913e-12,1.05146695e-19,4.7142452e-34,8.3766674e-27,1.8510795e-11
610000,224,227,0,2.2265785e-09,8.115105e-12,6.930183e-14,1.2418808e-19,1.209709e-17,3.7026727e-14
610000,64,251,0,2.6161886e-09,9.832571e-11,1.5709744e-11,8.857326e-14,1.5427291e-11,5.94954e-11
610000,91,307,0,2.1662656e-09,5.939242e-12,1.5856622e-11,8.408295e-14,1.1895188e-15,6.18113e-12
610000,354,132,0,2.4037101e-09,1.9074221e-11,4.288856e-23,1.8552e-41,7.832471e-15,1.789285e-12
610000,420,225,0,2.1308195e-09,2.2587982e-11,2.652493e-12,1.729776e-16,1.04876356e-19,3.8556606e-11
610000,324,374,0,2.64964e-09,3.5083637e-11,3.2864286e-17,1.2284899e-27,3.3967807e-14,4.1474404e-11
610000,65,425,0,2.2868856e-09,1.03747726e-10,4.4276988e-20,9.412069e-35,1.6241675e-12,8.161197e-11
610000,388,441,0,2.4743905e-09,6.7647866e-11,3.1455824e-11,5.511541e-13,3.3546604e-14,1.2816635e-10
610000,137,418,0,2.1178586e-09,4.086846e-11,1.4589394e-11,4.550042e-14,1.3737641e-13,4.94874e-11
610000,439,315,0,2.8570646e-09,6.964657e-12,1.6919643e-16,1.3346923e-27,2.3054476e-22,2.2825278e-10
610000,73,303,0,2.3717173e-09,3.995296e-12,1.8556429e-20,4.140961e-33,4.0525217e-23,4.7886334e-11
610000,355,97,0,2.7241043e-09,1.1631601e-11,3.5351652e-19,4.3403652e-31,3.0179499e-19,9.7819086e-11
610000,115,98,0,2.6163856e-09,5.393103e-12,2.227276e-11,1.5521341e-13,2.1930905e-15,1.5640503e-11
610000,184,444,0,2.0785398e-09,5.8194442e-11,3.8460775e-17,9.8461816e-26,3.4036762e-14,5.7134252e-11
610000,376,74,0,2.9405718e-09,1.0583036e-11,1.21944835e-14,2.7352038e-21,1.6462111e-18,7.997749e-11
610000,199,167,0,2.3992734e-09,3.2158896e-12,7.1350836e-22,1.2770004e-36,3.3872583e-24,8.888026e-11
610000,98,361,0,2.3611495e-09,7.6619345e-12,1.5720808e-15,6.624823e-24,3.9603582e-21,9.3487655e-11
610000,326,325,0,3.0185636e-09,2.2447995e-13,1.130703e-25,3.5e-44,4.487056e-33,4.4856917e-14
610000,447,421,0,2.5086104e-09,6.133351e-11,2.9453545e-14,1.96398e-19,1.3289307e-13,4.70802e-11
610000,329,146,0,2.1517497e-09,1.1488798e-11,2.3734538e-38,0.0,4.761402e-19,1.3605408e-11
610000,143,183,0,2.547979e-09,4.1232347e-11,9.2e-43,0.0,2.739621e-10,5.6799548e-11
610000,202,283,0,2.5294495e-09,6.4252718e-12,8.150677e-36,0.0,6.1100385e-24,1.2622523e-11
610000,145,148,0,2.5565086e-09,1.3629907e-11,5.453222e-20,2.444969e-31,4.408121e-19,2.0081924e-12
610000,317,381,0,2.6555502e-09,2.5984919e-11,2.3034103e-13,1.7997016e-19,7.778439e-16,2.0588644e-11
610000,371,379,0,2.4990685e-09,9.676729e-12,8.113825e-13,4.4292916e-18,1.4607417e-22,1.571237e-10
610000,127,60,0,3.148121e-09,6.688356e-11,2.8020314e-12,6.8770907e-16,1.534573e-12,6.3935066e-11
610000,126,297,0,2.4138318e-09,1.3587135e-12,5.277779e-20,2.932604e-32,7.184831e-26,8.252828e-11
610000,386,342,0,2.838561e-09,1.7906896e-11,3.1447026e-11,2.4637576e-13,7.106803e-15,4.4757854e-11
610000,315,230,0,2.2001334e-09,9.4754e-12,4.8326743e-30,0.0,2.9168592e-20,8.2380095e-15
610000,231,119,0,2.354858e-09,5.6174585e-13,4.2761706e-20,2.205333e-32,8.633303e-27,2.1247645e-10
610000,121,404,0,2.306395e-09,3.3013883e-11,3.7884352e-13,2.754846e-19,1.250262e-15,1.13470934e-10
610000,411,95,0,2.4068911e-09,1.8426424e-11,3.0010631e-15,1.6170145e-20,1.081667e-20,8.050835e-11
610000,231,331,0,2.5558398e-09,5.640123e-13,2.3103222e-22,1.7524424e-35,1.1154913e-28,7.021991e-14
610000,58,107,0,2.4103646e-09,5.4749705e-11,9.9942576e-14,1.5470062e-19,3.814345e-14,1.6304055e-10
610000,194,90,0,2.1485962e-09,7.020607e-12,2.7656463e-21,1.3181824e-37,5.8697365e-22,3.3318855e-11
610000,341,233,0,2.6728295e-09,1.2091146e-11,3.1702624e-20,3.2614272e-34,4.2149533e-21,5.513658e-11
610000,359,106,0,2.7133398e-09,2.3750106e-11,1.6764795e-26,7e-45,1.6902868e-17,3.6864006e-10
610000,405,304,0,2.9145764e-09,3.8140437e-12,6.1371106e-25,4.7e-42,6.577641e-26,1.8352147e-12
610000,132,253,0,2.567207e-09,4.004408e-11,3.539295e-26,1.7e-44,1.2822442e-12,1.9125772e-13
610000,126,223,0,2.9230043e-09,3.2299566e-11,7.7873405e-15,5.7845466e-23,2.2408062e-18,1.1464332e-11
610000,136,144,0,2.5996603e-09,4.343832e-12,7.245948e-15,1.8106695e-22,1.623815e-25,2.8694918e-11
610000,82,276,0,3.934478e-09,1.1599377e-11,9.6201e-17,1.3076761e-27,2.5142847e-21,1.5107656e-11
610000,344,328,0,2.4853841e-09,6.276199e-12,1.19228485e-23,1.8405e-41,5.0007246e-24,2.2662415e-11
610000,109,221,0,2.5415312e-09,1.5655956e-11,5.7276793e-21,7.642446e-36,1.38875e-19,9.162431e-14
610000,411,66,0,2.0936328e-09,3.2287027e-11,4.1256931e-16,1.3616529e-24,2.5364515e-12,1.3042332e-10
610000,435,180,0,2.4628037e-09,1.9199388e-12,3.1422015e-15,2.2829738e-22,1.5664325e-26,1.8735687e-10
610000,129,183,0,2.5625104e-09,3.1332274e-11,9.571232e-36,0.0,1.9034496e-12,1.3225848e-11
610000,168,152,0,2.113955e-09,4.8426117e-11,4.5845286e-23,6.6619e-41,1.7935757e-15,5.753078e-11
610000,401,103,0,3.3014695e-09,1.3789444e-11,1.703534e-16,1.7684967e-25,2.5757694e-15,5.469876e-11
610000,287,82,0,2.3686613e-09,2.393873e-11,7.9557695e-17,7.006281e-26,2.0751476e-16,1.7289578e-10
610000,100,131,0,2.0844104e-09,3.0308388e-11,2.3128399e-11,1.809711e-13,2.7685403e-15,2.1651798e-11
610000,422,290,0,2.2893913e-09,3.825696e-11,3.7367535e-19,3.4694892e-32,1.5032245e-16,5.8251466e-11
610000,313,403,0,2.2738784e-09,3.249938e-11,5.9491575e-15,2.261232e-22,4.992075e-16,8.221074e-11
610000,332,234,0,3.7616066e-09,4.9588632e-11,7.7881525e-26,2.005e-42,3.2171688e-13,6.564036e-11
610000,172,101,0,2.4844307e-09,8.083e-17,9.241025e-13,8.3953365e-18,6.338417e-22,1.0671348e-10
610000,386,433,0,3.0107068e-09,4.7989453e-11,2.3051337e-12,3.940411e-16,4.827496e-14,2.2758934e-11
610000,330,69,0,2.4798523e-09,1.0852368e-12,1.0826991e-14,8.645266e-23,1.6864168e-29,4.1594943e-11
610000,410,162,0,2.5790077e-09,5.7994515e-11,1.5213412e-21,4.0349353e-36,2.2382753e-09,1.0283998e-11
610000,97,72,0,2.441904e-09,4.571374e-11,5.762332e-18,4.836167e-30,1.07988747e-16,1.0511134e-10
610000,111,305,0,2.3597475e-09,2.7623735e-14,1.2968788e-20,6.269919e-34,2.0107308e-37,6.487356e-11
610000,303,444,0,2.4075628e-09,5.8098193e-11,7.804242e-12,1.8669111e-14,1.9958033e-14,3.591271e-11
610000,425,460,0,8.789289e-12,5.0168463e-11,1.8942421e-13,1.2913936e-19,2.0026437e-12,4.416372e-10
610000,158,291,0,7.0858885e-10,1.7164862e-11,4.3688426e-28,0.0,1.6881293e-16,5.0287858e-14
610000,133,145,0,1.1286454e-09,7.105616e-13,8.1520055e-13,1.1164071e-17,2.0620577e-21,5.964661e-11
610000,496,260,0,-7.241736e-13,1.292656e-11,1.4608416e-10,5.646026e-11,8.851062e-11,3.3152622e-10
610000,290,447,0,5.865078e-10,2.6993335e-11,1.1918669e-10,5.9605237e-12,1.4477791e-12,1.8403685e-11
610000,173,431,0,2.0955038e-10,3.0358999e-12,3.6729203e-11,9.935566e-13,4.7875125e-14,7.161219e-11
610000,13,42,0,-1.2081208e-12,9.602249e-11,3.6815148e-11,2.6689756e-13,2.3166392e-11,2.0867011e-10
610000,140,434,0,3.1912342e-10,1.9483113e-11,9.0876085e-14,2.7906227e-20,3.0984643e-19,1.4503472e-10
610000,0,494,0,-2.3205533e-12,1.6204912e-10,2.37124e-10,9.307276e-12,3.1066916e-12,3.485746e-10
610000,12,324,0,-6.8110654e-13,1.0893939e-10,3.2847083e-11,5.7556276e-13,3.085958e-10,1.1599065e-10
610000,49,18,0,-1.0198379e-12,4.7883794e-11,1.3684557e-11,6.8345102e-15,1.3629318e-12,6.0648986e-10
610000,352,204,0,8.044749e-10,5.5646064e-13,1.4009876e-21,2.5326723e-37,3.0199402e-32,3.8639897e-11
610000,265,266,0,5.525271e-10,2.5897574e-11,6.08506e-37,0.0,2.28898e-14,3.0269522e-12
610000,127,168,0,2.6234095e-10,3.9596448e-11,6.7693404e-23,4.4186497e-37,1.9561657e-14,8.538647e-11
610000,202,347,0,6.633629e-10,2.7334244e-15,1.0235925e-18,1.2659771e-29,4.4520583e-38,2.5167894e-11
610000,202,416,0,1.283984e-09,5.4960923e-12,4.7106406e-14,2.9508642e-21,1.582321e-25,3.1789543e-11
610000,149,122,0,4.8582904e-10,3.7736272e-11,3.754702e-11,9.212874e-13,1.1778491e-11,7.209859e-11
610000,309,281,0,7.231575e-10,1.3915248e-11,1.2781396e-33,0.0,2.023691e-18,8.206396e-12
610000,430,83,0,5.298399e-10,6.9852915e-11,1.307081e-12,2.8481466e-17,1.8942124e-10,6.515523e-11
610000,136,364,0,8.508063e-10,1.3127887e-12,3.3457917e-11,9.1430715e-14,8.165909e-16,2.4413741e-12
610000,411,483,0,-1.4524212e-12,7.3108936e-11,1.05519055e-13,2.6422976e-20,1.72754e-13,2.690875e-10
610000,207,165,0,7.6248124e-10,6.052282e-11,4.4236774e-26,0.0,5.809632e-15,5.6815754e-12
610000,125,136,0,2.851895e-10,8.511854e-12,3.3724864e-20,9.377262e-33,2.1269434e-20,2.3485571e-11
610000,364,42,0,6.5379695e-11,1.9007734e-12,4.1198324e-14,3.6570734e-20,1.0230015e-24,5.2756962e-11
610000,457,400,0,2.48392e-11,4.628543e-11,1.1647271e-12,8.3542046e-17,1.2367288e-17,1.0017715e-10
610000,273,197,0,5.664244e-10,7.6893795e-12,0.0,0.0,8.877506e-18,1.5496468e-10
610000,391,44,0,1.990987e-10,1.821308e-11,1.0531358e-12,3.2767466e-17,2.091345e-20,6.0290904e-11
610000,350,424,0,1.962346e-10,1.3990052e-11,8.876004e-13,6.9263853e-18,4.44624e-20,6.091722e-11
610000,242,318,0,4.245978e-10,2.0628856e-11,9.5556153e-32,0.0,1.6896069e-17,1.3719603e-13
610000,340,253,0,2.1550224e-09,3.8066724e-15,2.0394746e-24,3.07e-43,3.97e-43,6.1976457e-12
610000,115,357,0,3.429393e-10,5.5782093e-12,2.4409827e-12,1.3613995e-16,5.2140037e-20,6.488037e-11
610000,108,460,0,3.6851928e-12,7.369578e-11,4.2922515e-12,3.876851e-16,1.8436148e-14,2.6331284e-10
610000,27,59,0,4.3478376e-12,4.639715e-11,4.0237865e-11,1.3116458e-13,2.9149449e-15,2.6388186e-10
610000,277,16,0,-4.9321983e-13,4.931942e-11,2.521216e-17,1.3434234e-27,2.5335228e-10,2.4157523e-10
610000,188,130,0,1.397348e-10,2.9515335e-11,6.9279714e-15,4.6820428e-23,7.77844e-16,9.249671e-12
610000,173,399,0,5.068538e-10,1.3035374e-11,4.4757832e-20,5.1960575e-35,6.614795e-15,2.5434973e-12
610000,428,152,0,1.2314207e-09,3.6901545e-12,5.8452193e-12,5.0062087e-15,4.1963938e-17,1.1189101e-10
610000,462,386,0,1.3014306e-11,3.298175e-11,2.6755678e-11,7.131022e-14,1.9394554e-15,4.4954618e-10
610000,163,279,0,2.668698e-10,1.5718529e-11,1.1374259e-16,3.9710464e-27,5.1415556e-15,4.3557987e-12
610000,9,438,0,-1.4614921e-12,6.664042e-11,7.2097888e-12,1.0548711e-14,2.6560908e-12,5.378621e-10
610000,119,165,0,1.3934452e-10,4.977582e-11,1.0283512e-16,1.5153019e-27,2.1503724e-11,4.8249422e-11
610000,344,86,0,6.014965e-10,1.333334e-11,7.121572e-12,2.0846732e-15,6.810238e-18,1.720004e-11
610000,316,480,0,2.2054114e-13,3.2259046e-11,8.1752915e-16,4.648197e-25,2.1043683e-12,3.268957e-11
610000,492,388,0,-1.1372205e-12,9.065442e-11,3.4568952e-11,1.5551344e-12,2.8709725e-13,3.2404676e-10
610000,442,24,0,3.667632e-12,4.8783887e-11,2.0012795e-14,6.9997297e-20,1.0582281e-15,2.9189895e-10
610000,183,137,0,2.0704816e-10,3.028946e-11,1.0949371e-11,1.38395e-14,3.4004243e-14,7.7757965e-12
610000,295,445,0,6.797273e-10,3.7813027e-11,3.3814028e-12,3.662227e-16,2.3911203e-14,7.9628165e-11
610000,102,319,0,3.4970632e-10,4.0083336e-12,6.6833373e-15,3.6092908e-23,2.9244816e-23,5.7012502e-11
610000,273,252,0,1.0968406e-09,5.0473263e-12,0.0,0.0,7.289346e-21,5.920577e-12
610000,239,21,0,-4.641779e-13,2.1794873e-11,6.6332266e-11,2.975934e-12,3.3707466e-13,3.022232e-11
610000,339,352,0,9.716689e-10,1.0591916e-11,4.674038e-26,1.4e-44,6.367002e-19,1.0336602e-13
610000,380,68,0,1.576271e-09,2.5208249e-11,2.3546996e-13,1.1592428e-19,1.3629214e-12,3.3669446e-11
610000,453,314,0,1.8320265e-10,1.8413352e-11,7.097323e-11,1.1838457e-12,8.729375e-14,1.2710323e-10
610000,285,70,0,2.681936e-10,3.1709867e-11,4.1922577e-20,9.73167e-34,5.052176e-15,7.5908585e-11
610000,480,188,0,-1.8748103e-13,3.6692024e-11,3.711836e-11,6.032639e-13,2.6363243e-14,1.461047e-10
610000,130,135,0,3.452516e-10,8.8554993e-13,3.9849703e-19,3.7642327e-30,1.0006928e-30,6.644825e-11
610000,56,8,0,-1.1247537e-12,9.8148795e-11,5.1672906e-11,1.6380833e-13,2.8512757e-09,2.556153e-10
610000,371,250,0,1.6939731e-09,6.037751e-12,8.1887276e-22,7.505922e-38,3.0187533e-20,5.8064876e-11
610000,433,484,0,-1.7157337e-12,1.4181942e-10,7.382079e-14,1.4547575e-20,3.257507e-10,3.1799374e-10
610000,396,438,0,6.4623856e-10,5.1578485e-11,2.0864128e-13,1.0874716e-19,3.460515e-14,6.9433674e-11
610000,136,470,0,1.5945273e-11,8.942568e-11,3.776071e-16,5.5456394e-25,8.646556e-15,1.3216137e-11
610000,66,187,0,1.2124978e-09,5.5484242e-11,2.2167754e-12,3.5603646e-16,7.308711e-13,2.8843974e-10
610000,171,55,0,8.365855e-11,2.0474105e-11,4.4470097e-13,1.866742e-18,1.0961383e-16,4.490044e-11
610000,258,398,0,8.11088e-10,4.492504e-11,2.1784096e-17,2.2849818e-28,3.6089594e-16,2.9126767e-11
610000,18,212,0,-5.480907e-14,2.3657317e-11,6.3632667e-16,4.4413964e-25,2.0139555e-17,1.1553445e-10
610000,316,316,0,1.1109942e-09,4.700402e-13,1.3307283e-21,1.7343154e-32,1.2377392e-31,1.3361154e-12
610000,482,84,0,2.556628e-13,2.6128705e-11,7.383543e-11,1.6879975e-12,8.432883e-14,3.3923872e-10
610000,6,122,0,-9.924382e-13,6.1029175e-11,2.5171885e-12,4.789247e-16,7.466731e-14,1.0442435e-10
610000,492,486,0,-1.1440449e-12,7.1468546e-11,1.1609718e-10,5.03303e-11,8.2108015e-11,4.1366977e-10
610000,186,174,0,2.736435e-10,9.131445e-12,8.207072e-19,6.5838404e-32,2.5835805e-20,1.6351363e-11
610000,364,303,0,4.608055e-10,7.33054e-12,6.4444713e-12,5.6905562e-15,2.0619249e-17,1.2775775e-13
610000,290,431,0,6.918537e-10,1.12364326e-10,7.802541e-11,1.927144e-11,2.9097038e-09,8.647926e-11
610000,283,101,0,5.388433e-10,2.713195e-12,9.5562576e-14,2.0146366e-18,2.4983855e-21,1.2882129e-10
610000,315,471,0,6.966282e-12,1.8337293e-11,1.0470836e-15,2.751287e-25,1.2745526e-17,2.6293993e-11
610000,476,120,0,-6.1984495e-14,3.104105e-11,5.0442905e-20,2.230777e-32,2.4538132e-15,5.7119316e-11
610000,59,298,0,3.4448183e-10,4.1907033e-11,1.34648436e-20,4.802742e-34,1.0720047e-13,1.0992639e-10
610000,239,87,0,2.4414357e-10,2.4315322e-12,1.1459186e-14,9.237489e-22,4.023042e-27,5.043855e-11
610000,357,172,0,6.2305133e-10,5.5842494e-11,7.083125e-29,0.0,2.1537947e-13,4.6354313e-11
610000,400,95,0,1.0118654e-09,3.586331e-11,8.341383e-17,1.1355781e-25,6.739115e-13,4.438865e-11
610000,273,160,0,1.5576128e-10,1.5716781e-14,4.2555685e-28,1e-45,5.144e-41,1.6337069e-11
610000,166,233,0,6.1698546e-10,1.6175962e-11,4.2708704e-32,0.0,5.565795e-18,2.6117422e-13
610000,163,450,0,2.942684e-10,3.3477013e-11,2.5845498e-12,1.01072855e-16,2.7347508e-17,1.1519822e-10
610000,323,236,0,8.227811e-10,4.426676e-12,3.4580083e-30,0.0,2.5294663e-24,6.378345e-11
610000,416,424,0,7.7027373e-10,5.8417396e-11,2.3984815e-18,3.3042138e-31,2.0294115e-11,1.2253287e-10
610000,280,394,0,4.1576623e-10,1.1057641e-12,2.7002305e-15,3.2794555e-24,2.2678538e-29,9.744987e-11
610000,168,324,0,6.6277916e-10,7.710528e-13,1.153596e-18,2.4765044e-30,3.594042e-29,3.831623e-11
610000,24,269,0,6.124014e-12,9.779011e-11,1.6459242e-13,1.6473694e-19,1.06507685e-13,1.8160591e-10
610000,201,98,0,2.5392283e-10,7.570956e-12,2.664923e-13,2.4838887e-19,1.2322986e-17,9.8330885e-11
610000,445,170,0,4.6296927e-10,2.0064495e-11,4.707249e-11,4.715317e-12,8.421509e-13,6.503656e-11
610000,234,70,0,1.710247e-10,3.8569876e-12,3.504877e-12,1.9747426e-16,6.902903e-20,4.491175e-10
610000,436,322,0,1.5354078e-09,4.4700067e-11,9.6623446e-20,3.289471e-29,4.0492376e-13,8.145908e-11
610000,18,396,0,-6.775199e-13,3.017362e-11,2.435209e-11,4.282504e-14,2.2865373e-11,2.7089755e-10
610000,169,158,0,4.6685505e-10,4.3351815e-11,3.1238645e-27,0.0,1.9594926e-15,6.2738016e-11
610000,174,141,0,4.677426e-10,7.961354e-11,2.3021106e-13,1.7997015e-19,2.6547073e-10,3.698644e-13
610000,358,331,0,2.0511118e-10,4.356621e-12,3.1877214e-13,3.1982564e-19,6.2566584e-23,4.247597e-12
610000,420,485,0,-1.4976902e-12,8.480667e-11,6.83591e-11,9.689623e-12,4.0748386e-12,1.34187e-10
610000,216,475,0,-7.9421604e-14,4.3901778e-11,2.7273182e-13,1.059061e-18,2.0568288e-11,7.502026e-11
610000,280,252,0,7.159725e-10,6.730496e-15,0.0,0.0,8.594752e-36,5.88397e-11
610000,395,328,0,9.082035e-10,5.06939e-12,6.4529273e-16,2.5251378e-24,2.984139e-25,9.277534e-12
610000,278,99,0,2.683987e-10,1.42326055e-11,1.9566432e-14,3.4972637e-22,9.7564746e-18,6.1859656e-11
610000,192,165,0,4.781878e-10,3.8082135e-11,2.7572427e-23,7.124267e-39,2.2889374e-10,1.1050865e-11
610000,179,173,0,1.891775e-10,9.351203e-12,5.8006808e-24,1.243e-42,3.2288553e-20,4.1796344e-11
610000,30,331,0,4.7132233e-12,2.1341089e-11,8.0187974e-11,3.9804813e-12,5.387603e-13,1.7274411e-10
610000,286,471,0,5.344001e-12,7.3902336e-11,3.038317e-20,1.3343342e-35,3.5631448e-12,3.4590827e-11
610000,322,377,0,1.317932e-09,3.711156e-11,5.4935677e-16,1.3203112e-25,3.5319488e-13,5.740443e-11
610000,272,305,0,5.478968e-10,9.210926e-15,4.5126815e-14,3.3157134e-20,5.866429e-25,2.5050526e-12
610000,284,422,0,4.0537587e-10,4.7484103e-11,8.5381056e-11,1.9384118e-11,4.7895653e-11,4.356927e-11
610000,407,483,0,-1.3961476e-12,8.506684e-11,4.4581426e-12,5.077228e-16,3.041915e-11,1.9498647e-10
610000,365,182,0,6.608836e-10,5.634113e-12,7.3457694e-24,5.0684e-41,4.2158402e-19,5.3257267e-11
610000,69,244,0,7.4166906e-10,6.6714266e-11,3.228276e-11,6.7462686e-13,3.4294567e-11,1.1945983e-10
610000,237,200,0,3.2128397e-10,7.799578e-12,1.6112738e-33,0.0,2.1842976e-19,1.5318483e-11
610000,182,219,0,2.0294901e-09,8.1149144e-13,2.7891232e-38,0.0,4.1001345e-30,3.1599644e-13
610000,67,340,0,2.6348548e-10,3.4084474e-14,3.527777e-18,7.272176e-29,6.2660434e-34,5.965637e-11
610000,203,149,0,3.3173392e-10,8.958724e-12,2.066398e-22,7.419469e-36,5.615412e-20,1.2612845e-11
610000,26,224,0,5.728977e-12,1.0184372e-10,1.9969122e-16,3.2745764e-26,1.5662703e-12,8.23039e-11
610000,331,361,0,1.2685932e-09,1.004448e-11,1.9677281e-25,1.4e-44,2.5838524e-20,1.4986867e-12
610000,319,385,0,1.0325566e-09,7.1757483e-12,2.7766737e-13,1.744557e-18,1.6144757e-22,2.3876172e-11
610000,163,99,0,4.3083495e-10,3.4941244e-14,9.606348e-12,7.528014e-15,2.3029393e-17,2.392077e-10
610000,382,38,0,1.205568e-10,1.4774793e-11,5.09924e-12,1.1438327e-15,7.28323e-18,1.11213955e-10
610000,313,40,0,5.3609128e-11,3.3618632e-11,4.421715e-12,7.562546e-16,1.4906877e-15,1.2448552e-10
610000,301,261,0,7.5329204e-10,2.028213e-12,0.0,0.0,1.6306915e-25,7.254738e-16
610000,246,403,0,9.400206e-10,2.502953e-11,4.9108037e-26,3.4e-43,9.515334e-19,9.526659e-11
610000,137,450,0,5.2244387e-10,4.0507275e-11,7.588558e-11,9.695376e-12,3.9905184e-12,1.8473523e-10
610000,170,172,0,4.976223e-10,1.2410308e-12,1.00467e-31,0.0,8.170568e-28,5.3219422e-11
610000,479,409,0,6.5396234e-13,5.823682e-11,1.4410184e-10,1.8045697e-11,4.4913885e-11,1.4430883e-10
610000,243,73,0,1.9636978e-10,1.4770426e-11,1.0795602e-11,1.27805515e-14,6.639109e-17,2.9944967e-09
610000,257,381,0,2.1760001e-10,6.741557e-11,2.5341124e-20,1.6812694e-34,2.4605547e-16,3.0033236e-09
610000,450,341,0,2.0388077e-10,1.6660492e-11,3.051556e-17,1.4711239e-27,6.7660152e-18,1.4229332e-10
610000,148,179,0,6.463837e-10,9.099143e-12,2.472e-42,0.0,1.0586844e-22,8.1020086e-11
610000,268,429,0,3.311044e-10,4.901374e-11,2.997968e-17,7.126339e-27,9.925808e-15,8.072351e-11
610000,488,414,0,-5.7589626e-13,2.0380708e-11,9.993703e-14,1.8322185e-20,2.7418084e-18,1.2698592e-10
610000,374,97,0,4.640662e-10,3.392158e-11,8.3446443e-17,1.1355781e-25,8.0741506e-13,2.0143624e-10
610000,49,477,0,-5.6720535e-13,9.517321e-11,2.3130074e-13,2.8285177e-19,2.7708774e-10,5.288245e-10
610000,86,363,0,4.6329057e-10,4.7686043e-12,4.2525752e-18,1.3421923e-29,4.4979713e-24,6.604196e-11
610000,114,192,0,2.776754e-10,1.3305543e-11,3.5058854e-28,0.0,6.053245e-21,1.2234115e-11
610000,182,308,0,2.7707614e-10,1.7688126e-13,4.2148322e-13,2.0180432e-18,1.2804665e-22,5.0216428e-11
610000,302,87,0,1.4768179e-09,2.3932058e-11,3.7339086e-21,7.8415956e-38,1.6634684e-14,1.1126897e-10
610000,482,301,0,-6.4665325e-13,4.0794743e-11,5.5626396e-11,1.054534e-11,5.5455376e-12,1.461466e-10
610000,379,122,0,3.8725728e-10,6.452216e-11,7.8979324e-19,1.8336231e-32,8.153737e-12,6.432934e-11
610000,185,496,0,-7.37196e-13,9.773747e-12,1.6748044e-11,8.40881e-14,1.1895083e-15,9.0350866e-11
610000,187,266,0,5.2559473e-10,3.0641514e-11,8.363044e-20,1.5518791e-32,7.548934e-15,3.0001734e-09
610000,178,16,0,-8.098966e-13,8.5882676e-11,8.141553e-15,9.153307e-22,1.9643369e-11,1.6074092e-10
610000,306,285,0,9.0593694e-10,3.261948e-11,2.4427657e-37,0.0,2.435802e-11,6.9870633e-12
610000,25,392,0,1.1808504e-13,2.756843e-11,8.0199e-11,4.716125e-11,8.360748e-11,2.2310198e-10
610000,116,459,0,9.534046e-12,6.23415e-11,2.794153e-11,6.06315e-14,3.6297597e-11,4.3764915e-11
610000,407,51,0,1.1996873e-10,3.933877e-11,4.4707237e-13,5.106782e-18,2.4163438e-10,2.9249342e-10
610000,172,286,0,4.76424e-10,8.422603e-11,3.531091e-19,3.0274742e-30,1.4086085e-10,1.1199107e-11
610000,95,26,0,-1.5680972e-13,9.252785e-11,5.6858914e-12,2.5447152e-15,7.130238e-14,3.609718e-10
610000,408,371,0,1.14529115e-10,5.1186933e-11,6.485661e-18,1.8064077e-30,2.2159332e-14,1.643695e-10
610000,118,320,0,1.0962325e-09,1.345816e-11,1.6123522e-16,7.5105436e-27,8.799288e-19,3.1696947e-11
610000,301,298,0,1.1041675e-09,1.4919078e-11,2.5900226e-30,0.0,8.915985e-19,1.1849072e-12
610000,193,123,0,1.9196363e-10,7.64467e-12,5.642332e-19,1.4325218e-32,2.8178995e-23,8.109111e-11
610000,340,372,0,8.017846e-10,7.714183e-12,2.7213774e-16,1.5438068e-24,2.2637118e-21,7.081184e-11
610000,445,165,0,3.6367837e-10,3.3577696e-11,2.4500573e-11,1.09448624e-13,1.3411734e-15,1.9829455e-10
610000,145,8,0,-1.1766245e-11,2.2954565e-09,1.0858672e-12,6.1093045e-17,4.1188084e-09,2.157714e-11
610000,447,298,0,8.893185e-11,1.9685838e-11,1.6065026e-10,9.753394e-12,2.2717887e-12,3.0388886e-10
610000,244,326,0,3.480488e-10,1.6235344e-10,3.73063e-32,0.0,1.2544413e-12,8.5623895e-12
610000,32,139,0,1.3058857e-12,7.7501616e-11,7.782799e-12,4.1823425e-15,2.5381869e-12,1.02528916e-10
610000,493,81,0,-5.697567e-13,3.1471332e-11,2.1211283e-13,3.0261795e-19,3.736363e-15,4.985121e-11
610000,186,368,0,2.7361544e-10,1.8120271e-11,5.204676e-29,0.0,4.0782126e-18,7.988604e-11
610000,10,226,0,-7.6770567e-13,2.538045e-11,2.3389488e-14,3.91586e-22,4.842375e-16,9.628646e-11
610000,62,269,0,8.9591656e-10,5.5628408e-11,2.467569e-19,7.9987534e-33,2.8791275e-15,5.6140443e-11
610000,416,362,0,4.3408854e-10,3.6123358e-11,5.8585685e-11,3.5197665e-12,4.547668e-13,7.853446e-11
610000,174,407,0,6.387134e-10,9.04279e-12,5.368873e-16,5.9665376e-25,1.0481823e-21,3.581489e-12
610000,496,110,0,-4.7114374e-13,8.741082e-12,3.4363347e-14,2.8190635e-20,9.389888e-22,1.7611941e-10
610000,132,99,0,6.4057004e-10,1.41654926e-11,4.955505e-13,2.8964755e-18,9.196108e-21,6.838261e-11
610000,52,5,0,-8.682382e-13,7.005948e-11,7.083332e-12,4.124118e-15,1.569336e-11,3.95689e-10
610000,241,172,0,6.7468364e-10,2.9795685e-14,3.6129032e-34,0.0,5.225135e-39,9.87175e-11
610000,259,26,0,-9.9306454e-14,9.576136e-12,1.2209821e-15,6.1458745e-24,3.358824e-22,3.1864205e-09
610000,449,264,0,4.1910223e-10,2.2956732e-11,4.1633293e-13,5.675698e-18,3.9386683e-16,3.049e-09
610000,401,287,0,8.7479357e-10,4.7628516e-11,3.649957e-18,5.5659575e-25,1.1503922e-16,1.4299961e-10
610000,359,478,0,-1.0012369e-12,5.526847e-11,4.108367e-14,9.317402e-21,1.5326106e-12,5.25324e-11
610000,307,195,0,9.861051e-10,2.044875e-13,8.965078e-33,0.0,9.45943e-33,1.6789636e-12
610000,106,378,0,5.0730115e-10,6.0531853e-12,7.125568e-13,1.1037355e-17,1.2466145e-21,1.1951204e-10
610000,173,206,0,6.610607e-10,1.5010966e-11,2.1351452e-33,0.0,7.256183e-17,3.704385e-11
610000,86,428,0,6.122253e-10,1.947128e-10,2.7904735e-13,1.0024596e-16,3.4280606e-11,7.4387954e-11
610000,32,407,0,1.5768135e-12,1.06086924e-10,4.1768385e-13,1.1392082e-17,1.8767697e-11,9.217717e-11
610000,139,200,0,1.44515e-09,3.5884826e-11,4.345621e-29,0.0,2.4247327e-12,1.21746155e-11
610000,240,84,0,1.9392277e-10,5.0382086e-12,7.5405654e-13,2.5845394e-17,8.766046e-21,5.1125854e-11
610000,82,94,0,1.2010264e-10,4.466491e-11,4.9906767e-12,3.157011e-16,4.086768e-16,8.217693e-11
610000,235,220,0,2.8925182e-10,3.2515332e-13,3.2609025e-18,6.601286e-29,1.1531153e-31,2.8580374e-13
610000,140,251,0,6.2922334e-10,3.0295474e-11,5.4059104e-25,4.74e-43,3.3340722e-18,2.6391955e-12
610000,280,277,0,4.330138e-10,6.546664e-16,4.609432e-25,2.576e-42,4.99e-43,5.2338526e-16
610000,290,240,0,6.153347e-10,1.3551158e-12,0.0,0.0,1.0005064e-27,2.990365e-09
610000,458,251,0,1.3450314e-10,4.2844915e-11,5.1995375e-14,1.0084578e-20,2.8636894e-15,3.0419691e-09
610000,155,444,0,1.1082282e-09,9.477731e-11,1.5786421e-15,4.6695036e-24,3.808493e-11,3.0016594e-09
610000,497,382,0,-1.0662184e-12,7.379052e-11,1.3372662e-13,1.0271267e-19,8.929031e-13,3.2504293e-09
610000,295,172,0,2.2285891e-10,3.1025638e-12,1.1195654e-15,2.3604113e-23,7.408937e-23,2.9908682e-09
610000,230,399,0,3.1189779e-10,1.0201645e-10,8.528245e-24,1.461933e-39,3.9436406e-11,2.9943437e-09
610000,77,6,0,-1.2714124e-12,9.7646426e-11,7.519154e-13,2.5845392e-17,2.154629e-11,3.1111889e-09
610000,134,413,0,5.06362e-10,2.288576e-09,1.482371e-11,4.550358e-14,4.118809e-09,6.725573e-12
610000,315,490,0,-7.0027285e-13,2.3294802e-11,1.086941e-14,3.6733375e-22,1.5039227e-19,3.0821533e-11
610000,438,324,0,1.2684747e-09,6.364342e-11,5.5180076e-22,3.980065e-36,1.2151502e-12,1.0288238e-10
610000,103,228,0,1.395161e-09,2.11283e-11,2.8243795e-23,5.176659e-39,2.7438702e-20,6.988175e-11
610000,382,251,0,1.3108216e-09,1.8163039e-11,2.6242807e-18,5.432248e-30,6.5999277e-16,9.452881e-12
610000,169,385,0,6.546959e-11,6.12323e-14,6.0951953e-18,1.6084467e-28,3.7084235e-31,4.128545e-11
610000,221,126,0,1.1435661e-09,2.1827343e-14,4.8696695e-26,4.2e-44,3.0188865e-31,9.927151e-12
610000,5,259,0,-8.3603117e-13,2.8788047e-11,3.767765e-13,1.3964639e-18,1.8373094e-16,8.206083e-11
610000,374,233,0,1.7979698e-10,1.8800723e-11,2.2596335e-21,1.0916882e-37,7.11846e-14,2.2368402e-11
610000,62,51,0,1.13684666e-10,8.3175335e-11,3.181182e-12,1.5353912e-15,1.0560697e-12,2.795182e-10
610000,240,383,0,4.5043164e-10,3.476141e-11,7.570427e-15,4.522444e-23,3.729024e-11,4.46571e-11
610000,378,170,0,1.7555429e-09,1.3906388e-11,1.9101762e-15,2.7301356e-24,6.0933655e-19,1.9801999e-11
610000,476,365,0,1.198908e-13,2.3210737e-11,9.982991e-13,5.0008293e-17,6.3272636e-16,1.4199894e-10
610000,246,190,0,1.8057372e-10,8.524948e-12,1.145e-42,0.0,1.7632617e-19,5.1301862e-11
610000,49,155,0,4.3019727e-11,6.776814e-11,1.3248015e-12,2.84817e-17,5.1770345e-15,3.0578104e-09
610000,463,223,0,9.958567e-12,2.3440841e-11,1.7312497e-11,1.779676e-13,7.581592e-15,3.116753e-09
610000,367,163,0,6.132772e-10,6.14409e-13,5.8679514e-18,4.4442356e-29,1.2641555e-26,3.0045013e-09
610000,81,185,0,7.92363e-10,1.260177e-10,4.1263068e-14,1.9250575e-21,2.6078475e-10,3.0478409e-09
610000,45,354,0,1.47858e-11,1.0180249e-11,6.149025e-11,1.9817347e-11,1.2143176e-11,3.1859428e-09
610000,349,76,0,9.046181e-10,1.1573048e-11,6.579107e-11,1.1245833e-12,6.616545e-14,3.1381735e-09
610000,29,155,0,-5.0337555e-13,6.310722e-11,2.3806126e-12,1.009917e-16,2.7705194e-10,3.1331795e-09
610000,361,81,0,1.0473082e-09,3.9612737e-11,1.5602089e-11,7.969959e-14,2.2140252e-12,3.0851808e-09
610000,0,197,0,-4.941638e-13,3.0789617e-11,1.2357972e-13,1.9507308e-20,3.760333e-17,3.4117924e-09
610000,24,364,0,8.0461815e-13,2.8025162e-11,1.5296959e-12,2.954048e-17,1.3826966e-17,3.2036886e-09
610000,221,471,0,1.3761431e-12,2.0755642e-11,2.2108633e-11,1.8096127e-13,2.7825765e-15,3.2228658e-09
610000,368,12,0,-7.7743725e-13,7.060671e-11,1.8558367e-12,1.1011114e-16,2.11567e-15,3.0541876e-09
610000,430,355,0,3.5402178e-10,2.9814748e-11,7.265961e-11,1.1838667e-12,8.705734e-14,3.0616145e-09
610000,382,482,0,-1.0773549e-12,6.635472e-11,3.0179272e-14,1.2012455e-21,4.610155e-14,3.134555e-09
610000,321,249,0,5.9647887e-10,1.8982938e-14,7.399548e-39,0.0,1.0261883e-36,2.9887945e-09
610000,144,420,0,4.0181167e-10,1.6223686e-11,5.4577098e-14,5.7238285e-21,3.6447977e-18,3.0898664e-09
610000,164,127,0,9.629668e-10,2.5340197e-11,5.624246e-20,2.0922748e-34,6.669178e-15,3.1013816e-09
610000,11,94,0,-8.659608e-13,6.816689e-11,1.8063048e-12,3.3832137e-17,3.1068847e-15,3.109583e-09
610000,9,116,0,-1.014766e-12,5.875522e-11,3.733193e-15,4.2838626e-24,1.1904559e-13,3.123823e-09
610000,52,448,0,2.0661829e-10,4.8859316e-11,6.0980197e-12,1.4079472e-15,1.39843e-15,3.1293679e-09
610000,264,328,0,5.934834e-10,6.320249e-13,1.8165551e-37,0.0,5.3879484e-31,2.9889153e-09
610000,406,308,0,1.5902447e-09,7.6417453e-13,2.3570622e-24,1.2259e-41,1.5902838e-30,3.0083924e-09
610000,45,47,0,1.1760359e-11,9.6307656e-11,1.0788182e-14,7.452565e-23,2.731944e-09,3.314917e-09
610000,270,98,0,9.959678e-11,7.856262e-11,1.5602014e-11,7.969959e-14,2.6462804e-10,3.0336664e-09
610000,429,430,0,7.236422e-10,4.93791e-11,1.139939e-14,2.2573343e-21,2.1770263e-13,3.0832863e-09
610000,416,304,0,1.8312839e-09,3.0012395e-11,1.2943722e-16,9.084902e-26,2.3398368e-11,3.0784726e-09
610000,86,306,0,6.7148426e-10,6.1717076e-11,1.6638743e-12,3.418819e-17,1.7235517e-10,2.9904392e-09
610000,480,212,0,-2.0286732e-13,3.8190177e-11,1.7530548e-11,1.9281671e-13,1.722539e-11,3.1280887e-09
610000,355,129,0,1.0778279e-09,1.1277057e-11,1.4541312e-24,2.4e-44,2.4764935e-19,2.9888554e-09
610000,339,39,0,2.2953486e-11,1.8690187e-11,7.447517e-14,4.5793433e-20,4.1975015e-17,3.1497513e-09
610000,48,160,0,2.810299e-11,5.197074e-11,3.9628958e-14,2.0821174e-21,4.2492564e-15,3.1076746e-09
610000,352,406,0,4.883822e-10,3.3950263e-11,3.3323892e-13,4.8520045e-18,1.4464537e-12,3.1537866e-09
610000,132,167,0,3.0581743e-10,3.217337e-11,8.574628e-22,1.415668e-34,2.248825e-16,3.1625902e-09
610000,436,463,0,1.485573e-11,9.373428e-11,8.414455e-13,6.1919425e-17,4.2307066e-14,3.2041274e-09
610000,471,438,0,1.6645697e-11,9.45777e-11,7.195117e-14,1.6179278e-19,2.5089826e-13,3.3869385e-09
610000,256,128,0,7.359733e-10,7.2692405e-13,3.097175e-16,2.1747789e-26,2.3747577e-27,3.0961497e-11
610000,60,55,0,1.5417906e-10,9.9965036e-11,3.768852e-12,4.1251807e-16,1.7826227e-11,3.2030554e-09
610000,269,373,0,4.3080498e-10,9.273249e-12,8.580412e-12,4.9916892e-15,1.3702674e-17,3.0189713e-09
610000,17,327,0,-4.49812e-13,4.4993346e-11,2.7567748e-13,5.0200154e-19,9.353392e-16,3.0323937e-09
610000,457,59,0,6.613177e-11,6.858101e-11,9.82394e-12,2.4414244e-14,1.1815706e-15,3.5388705e-09
610000,97,114,0,1.2443951e-10,3.353653e-11,4.4318783e-16,2.4994166e-24,1.8285786e-16,3.1835332e-09
610000,115,62,0,6.2679584e-10,5.6861363e-11,5.0119162e-12,2.5168879e-15,2.1020445e-10,3.0312517e-09
610000,29,13,0,-1.3685961e-12,1.3792008e-10,7.342701e-13,3.040666e-18,1.7454803e-12,3.162303e-09
610000,363,115,0,8.097921e-10,2.964281e-11,1.4989311e-26,0.0,1.0773458e-13,3.2561525e-09
610000,329,471,0,8.10802e-12,3.4882746e-11,1.490832e-11,1.5300014e-14,5.2400318e-14,3.0866434e-09
610000,364,27,0,3.4863317e-12,2.4499017e-11,2.6529538e-12,1.7297761e-16,7.4589875e-16,3.0494547e-09
610000,116,80,0,4.1364767e-10,5.0595153e-11,7.2030464e-17,1.0211846e-25,3.0076373e-12,3.0606806e-09
610000,70,32,0,4.895269e-12,5.1202532e-11,1.8335225e-15,3.3580783e-24,3.4352004e-11,3.2134293e-09
610000,262,104,0,8.881437e-11,2.191686e-12,4.814445e-16,4.5707174e-26,3.6972653e-28,9.0700385e-11
610000,280,72,0,3.835322e-10,4.211369e-11,4.1057391e-19,8.979501e-31,8.145552e-13,3.353499e-09
610000,428,330,0,1.4419498e-09,5.181335e-11,2.3023183e-18,7.331862e-30,5.1605894e-12,3.1465073e-09
610000,433,238,0,2.332404e-10,6.9873135e-11,8.326117e-13,3.2551195e-17,3.5009698e-14,3.000592e-09
610000,465,462,0,2.3668736e-12,6.429433e-11,7.7822705e-12,1.0094833e-14,7.154259e-17,3.2247496e-09
610000,464,44,0,5.2622416e-12,6.590045e-11,1.9763235e-15,5.235543e-25,7.331318e-17,3.2292389e-09
610000,27,485,0,-1.4967715e-12,3.911998e-11,9.9014054e-11,5.304967e-11,7.581608e-11,3.5751522e-09
610000,495,171,0,-1.2984919e-12,7.1064224e-11,2.2149524e-11,8.9262006e-14,2.381116e-09,3.2287142e-09
610000,74,109,0,2.2882087e-10,3.391213e-11,4.9439158e-11,4.4731124e-12,1.4834895e-12,3.0512093e-09
610000,263,214,0,1.0481649e-09,1.8375937e-13,1.8716261e-34,0.0,2.0168286e-35,1.8671866e-13
610000,66,198,0,1.584134e-09,4.1336004e-11,1.9296666e-15,1.4537919e-23,1.4093277e-13,1.5978431e-10
610000,38,161,0,-7.4020096e-12,2.344634e-09,3.668624e-12,6.014983e-16,4.1237467e-09,1.7285542e-10
610000,16,431,0,-1.1966013e-11,2.3415478e-09,4.637711e-13,3.8396314e-18,4.118836e-09,3.235081e-10
610000,80,298,0,6.788674e-10,1.8884532e-12,2.161874e-16,1.8633967e-26,2.8692504e-26,1.5036596e-10
610000,66,263,0,8.864549e-10,2.1601517e-11,2.8358783e-18,5.378104e-30,2.1473804e-15,9.9768714e-11
610000,26,350,0,-3.772718e-14,5.4970603e-12,7.272435e-11,4.594814e-11,8.488626e-11,2.7401148e-10
610000,302,189,0,4.484723e-10,4.4008568e-11,6.2362244e-32,0.0,3.1091799e-13,1.897342e-11
610000,418,62,0,4.240961e-10,1.7290704e-11,9.624361e-15,1.2259307e-21,9.756508e-18,9.228198e-11
610000,395,420,0,7.2390727e-10,3.5294448e-11,1.2679103e-23,3.451e-42,9.9041326e-14,1.7692343e-10
610000,82,215,0,8.8888286e-10,3.611696e-11,3.1811325e-17,2.6673588e-28,1.1838407e-12,4.8600794e-11
610000,167,355,0,1.5018826e-10,4.5429736e-11,1.1881606e-11,1.9971002e-14,2.8502132e-09,1.2488377e-10
610000,329,292,0,1.1953301e-09,1.3485737e-11,5.8210493e-21,2.7749471e-36,1.9056519e-18,2.0157067e-14
610000,203,57,0,7.13983e-10,4.632896e-11,1.2180396e-14,2.7352001e-21,6.434411e-15,5.7744583e-11
610000,486,447,0,-1.2380926e-12,7.690053e-11,6.8211636e-13,2.8326872e-18,7.683574e-16,3.0975206e-10
610000,444,372,0,6.632615e-10,4.1585544e-11,2.1079183e-13,1.9176902e-19,1.771223e-14,1.2074867e-10
610000,392,290,0,1.0218365e-09,2.0048217e-11,5.0801135e-26,7.31e-43,1.9898091e-19,3.2205343e-12
610000,484,253,0,-5.294173e-13,5.294037e-11,1.8752205e-12,1.2291537e-16,1.1605202e-13,3.301871e-09
610000,179,366,0,1.2961385e-10,2.5682094e-11,7.622316e-23,4.1218e-41,1.2038313e-12,1.9259358e-11
610000,227,463,0,1.4626283e-11,2.5961865e-11,8.082217e-14,2.1452457e-20,3.8765157e-14,3.0787959e-09
610000,29,5,0,-7.1130797e-13,7.6039876e-11,5.414809e-13,3.5836363e-18,2.332293e-09,3.1673377e-09
610000,431,231,0,1.9123776e-10,5.476349e-11,2.4129676e-13,1.5115903e-18,2.5833836e-14,3.046105e-09
610000,488,476,0,-1.679124e-12,1.1028396e-10,8.663905e-11,1.977571e-11,1.1293598e-11,3.2589753e-09
610000,479,395,0,-4.404724e-13,3.741724e-11,9.312106e-13,2.1651643e-17,3.5267178e-11,2.5182467e-10
610000,197,479,0,-1.9834713e-13,1.784162e-11,6.478572e-11,2.2587333e-12,3.3494477e-13,1.538464e-10
610000,463,470,0,-7.68298e-13,9.0534566e-11,2.2366497e-12,3.2325696e-17,8.7997036e-13,3.101944e-09
610000,385,193,0,4.0048836e-10,7.52336e-11,9.83336e-12,8.277558e-15,5.245306e-10,3.150992e-09
610000,241,9,0,-8.581792e-13,4.047708e-11,1.4148844e-14,8.58228e-23,1.9876062e-17,1.1573894e-10
610000,420,409,0,3.1674072e-10,1.3925454e-11,3.0129508e-12,2.4236e-16,9.696354e-20,3.254105e-09
610000,424,53,0,7.127967e-10,4.7041e-11,2.353217e-12,1.5228287e-16,4.0303308e-13,3.1371654e-09
610000,108,100,0,1.0339822e-09,2.1763594e-11,7.426265e-12,7.701118e-15,1.7101336e-13,3.0581724e-09
610000,489,472,0,-1.6112269e-12,1.5863906e-10,1.1114265e-10,4.953624e-12,1.8731494e-12,3.4767036e-09
610000,280,48,0,9.624449e-12,3.1824016e-11,1.5690877e-11,6.452478e-14,8.1603935e-13,8.313413e-11
610000,422,132,0,1.0860359e-09,1.1966507e-11,2.8377814e-16,5.5888065e-26,3.6369254e-18,3.0554108e-09
610000,473,408,0,4.316804e-12,3.8405702e-11,2.0183777e-12,3.4567163e-17,7.946376e-16,3.3560694e-09
610000,461,333,0,3.4653894e-11,4.73315e-11,4.1617633e-11,1.1057808e-12,7.032484e-14,3.092889e-09
610000,73,470,0,5.8199214e-12,9.9047916e-11,2.1767264e-14,4.995959e-21,6.13463e-13,3.1271947e-09
610000,133,137,0,4.9700083e-10,3.2451704e-12,5.6218507e-18,4.868972e-29,3.1602825e-23,3.2784604e-09
610000,458,358,0,2.6822562e-11,2.6018588e-11,5.387976e-11,4.0227366e-12,5.89223e-13,3.0571243e-09
610000,485,201,0,-6.37812e-13,2.3667181e-11,8.191113e-13,1.9249353e-18,4.294141e-17,3.1765002e-09
610000,48,409,0,4.8327425e-11,6.153834e-11,3.855085e-12,6.7507827e-16,2.452418e-13,1.088717e-10
610000,487,438,0,-1.1005463e-12,8.3561255e-11,8.069157e-12,1.9729274e-14,3.2289918e-16,4.4463816e-10
610000,460,184,0,7.121597e-11,1.04042025e-10,1.4611025e-14,1.88467e-22,2.8005098e-10,1.4952464e-10
610000,181,60,0,3.1764577e-10,1.10077164e-11,1.8681359e-20,1.0929539e-35,8.7330735e-18,9.9053085e-11
610000,212,465,0,9.0775954e-12,3.1123413e-11,3.8499113e-15,3.497137e-24,1.9731525e-16,3.1306608e-09
610000,117,52,0,5.6826e-10,6.922979e-11,3.4622591e-09,7.191878e-10,4.065695e-09,5.340574e-11
610000,2,9,0,-2.5612593e-13,3.7260528e-11,1.3733953e-13,3.5639736e-20,2.4391506e-11,3.1503544e-09
610000,430,18,0,1.9269341e-13,1.1925236e-10,8.334579e-20,1.9987311e-31,1.5469801e-12,3.3060965e-09
610000,461,79,0,1.1152008e-10,7.4190945e-11,4.025923e-13,9.877239e-19,2.4956087e-10,3.0626612e-09
610000,469,45,0,1.127018e-12,6.215959e-11,1.4357027e-14,5.6310764e-22,1.1257437e-11,2.790271e-10
610000,284,7,0,-5.739585e-13,3.0213054e-11,1.7978244e-20,3.0198863e-35,2.885071e-10,3.2296779e-09
610000,332,453,0,2.768693e-10,1.3938611e-10,1.1184987e-12,1.3188707e-17,2.5642322e-09,3.093801e-09
610000,83,447,0,8.067565e-11,6.8965758e-12,4.807264e-15,2.4144222e-23,2.1911081e-21,3.0864793e-09
610000,17,427,0,-8.910831e-13,7.5455614e-11,8.7918973e-13,4.626556e-18,2.8295627e-10,3.1339085e-09
610000,59,136,0,3.8195863e-10,2.3124964e-11,8.2511655e-14,4.32631e-21,3.0161043e-16,3.1113185e-09
610000,55,446,0,3.5743822e-10,4.8966105e-11,7.72421e-11,1.0514574e-11,5.1154905e-12,3.15117e-09
610000,94,450,0,4.946538e-11,5.713931e-11,2.7417953e-14,1.5318811e-21,3.2572917e-16,3.1351703e-09
610000,486,264,0,-7.129232e-13,2.508854e-11,3.5873194e-14,1.929071e-21,4.5904125e-15,3.2474845e-09
610000,3,10,0,-3.892634e-13,4.328949e-11,7.8801066e-13,4.219521e-18,6.1082704e-14,3.2055831e-09
610000,454,105,0,1.5754446e-10,2.0139845e-11,3.5934346e-11,1.3664089e-12,1.7875148e-13,3.1259737e-09
610000,84,111,0,8.4231316e-11,1.717456e-11,3.47699e-09,7.192119e-10,1.1533958e-09,3.1361688e-11
610000,68,383,0,1.9486067e-10,8.133757e-12,5.032987e-15,1.5392822e-22,1.0104514e-22,8.229288e-11
610000,94,35,0,6.435334e-12,6.303407e-11,2.4882438e-11,9.9534374e-14,1.1850277e-13,3.04404e-09
610000,17,305,0,-1.8614742e-13,8.8466205e-12,2.7227146e-12,6.3032227e-16,7.335811e-19,3.0791913e-09
610000,239,27,0,5.6279596e-13,9.5323315e-12,3.5387424e-13,5.300112e-19,5.4145583e-21,1.3258407e-10
610000,475,3,0,-1.3202667e-12,2.5082074e-11,7.191722e-17,1.12205226e-26,5.397171e-18,3.2513767e-09
610000,67,480,0,-2.5413753e-13,4.6336098e-11,2.9540222e-12,6.917042e-17,4.7712074e-16,3.208088e-09
610000,319,37,0,3.1809187e-11,2.2946402e-11,6.357023e-11,3.4142318e-12,4.368898e-13,3.059411e-09
610000,181,472,0,4.906562e-12,5.713876e-11,1.629727e-12,7.355038e-17,3.7276345e-15,3.1205376e-09
610000,14,130,0,-9.455204e-13,3.835057e-11,2.1396182e-10,5.602389e-11,1.0586964e-10,3.0750311e-09
610000,439,449,0,2.7607666e-10,6.8402804e-11,4.470136e-13,9.883622e-19,3.0070701e-10,4.886713e-10
610000,45,137,0,3.9191324e-11,5.5674704e-11,3.8868245e-14,5.4788644e-22,2.3887927e-09,3.121242e-09
610000,219,147,0,5.027588e-10,8.5806476e-17,1.0191884e-11,5.9288266e-15,1.5866535e-17,3.0786877e-09
610000,49,489,0,-1.5888828e-12,7.672191e-11,2.406157e-13,2.839211e-19,4.0664236e-14,3.2096257e-09
610000,35,471,0,-1.1660676e-12,1.3187378e-10,1.5131474e-11,7.464972e-14,1.4967696e-14,3.1257943e-09
610000,313,180,0,2.1909677e-10,3.334024e-11,2.566422e-30,0.0,3.3250944e-11,3.0719278e-11
610000,282,371,0,5.7239946e-10,3.3397623e-12,2.959518e-13,2.2503848e-18,2.2386557e-22,2.335578e-12
610000,156,435,0,7.7472934e-10,2.0375025e-11,1.0110927e-17,3.39734e-28,2.9481085e-20,3.0687628e-09
610000,112,469,0,4.7355007e-14,1.2669721e-10,6.5759538e-12,8.1464887e-16,2.4430886e-09,3.075574e-09
610000,6,236,0,-1.0987265e-12,8.9579094e-11,5.4809088e-11,3.9260734e-12,2.2398118e-11,3.1370202e-09
610000,2,459,0,-1.5708889e-12,2.717651e-11,2.1876303e-12,2.059505e-16,1.8630509e-19,5.1052945e-10
610000,475,379,0,4.1361757e-13,1.9013398e-11,1.8091362e-13,1.507074e-19,1.6074954e-15,3.0337741e-09
610000,51,130,0,8.879475e-11,1.846886e-11,7.1254815e-11,4.5948103e-11,8.4886265e-11,1.3890064e-10
610000,11,446,0,-1.6505265e-12,1.0383837e-10,4.591051e-11,1.1478014e-12,2.4246265e-12,7.95705e-11
610000,494,128,0,-5.9184905e-13,3.6893856e-11,7.532657e-13,5.4908216e-18,7.118503e-14,6.099857e-11
610000,79,5,0,-1.270158e-12,1.2260547e-10,6.1269484e-14,2.3766429e-20,5.797658e-10,1.1977377e-10
610000,125,123,0,6.688606e-10,1.1907645e-14,4.773288e-23,3.007266e-39,2.38e-43,4.1083824e-11
610000,147,355,0,9.820735e-10,2.883495e-11,2.0296241e-14,2.33174e-22,2.5324815e-11,4.1574404e-11
610000,431,64,0,5.0307986e-10,3.2121934e-11,3.8488955e-11,1.0662565e-12,5.4128485e-14,2.0758129e-10
610000,449,310,0,2.778386e-10,2.5667187e-11,1.4984436e-11,5.2244464e-14,1.7794246e-15,3.041931e-09
610000,189,67,0,1.1177521e-09,1.1889933e-11,1.2605039e-10,2.1875104e-12,3.5126592e-13,3.035588e-09
610000,473,111,0,2.0714958e-12,3.476605e-11,5.2369452e-14,2.6035314e-20,8.918136e-16,4.786891e-10
610000,49,49,0,2.5563466e-11,1.0604734e-10,7.4880185e-13,1.2426946e-17,1.5532909e-13,3.1082998e-09
610000,9,57,0,-1.1507161e-12,7.441613e-11,3.2002494e-11,5.5115726e-13,1.041028e-12,3.2581278e-09
610000,24,130,0,-5.269668e-13,1.4510044e-11,3.479154e-11,6.1800486e-14,5.5562916e-16,3.1058955e-09
610000,409,117,0,1.0363407e-09,7.364046e-11,6.281899e-13,1.0769156e-17,5.547319e-12,5.5619828e-11
610000,458,476,0,-1.4465473e-12,1.6603954e-10,8.128198e-12,3.811572e-15,2.7382489e-11,3.3173166e-09
610000,95,411,0,1.1981865e-09,3.7513385e-11,3.569049e-12,4.4390752e-16,1.6214137e-12,3.1267287e-09
610000,76,265,0,8.560493e-10,2.9933316e-11,3.4624723e-09,7.191878e-10,1.1533045e-09,1.2392558e-10
610000,391,257,0,4.0134862e-10,2.6377569e-11,8.721146e-15,7.1151606e-23,5.7435343e-15,2.9957319e-09
610000,414,12,0,-7.825487e-13,6.642666e-11,1.863591e-12,2.3063524e-16,8.1487746e-13,3.1904654e-09
610000,41,384,0,4.8087673e-11,2.9717315e-11,1.4210763e-11,2.4434656e-14,1.9265655e-11,3.030645e-09
610000,25,349,0,-1.4661826e-13,3.2751365e-12,7.210893e-11,4.594812e-11,8.488626e-11,3.1610767e-09
610000,371,168,0,9.608616e-10,3.2299417e-12,1.4088977e-17,1.1912057e-29,2.658193e-26,1.3192588e-12
610000,177,83,0,2.2569259e-10,2.3026126e-11,1.0389478e-17,1.1616021e-26,6.7484947e-18,3.0478668e-09
610000,40,51,0,1.498255e-11,6.894769e-11,8.3607826e-12,1.571187e-14,6.629592e-14,3.279366e-09
610000,460,42,0,1.0725793e-11,7.173925e-11,1.2015329e-14,3.703389e-23,3.124999e-11,3.1271297e-09
610000,298,490,0,-7.545605e-13,4.8800474e-11,3.556528e-09,7.2601963e-10,1.1718665e-09,2.4709929e-10
610000,162,32,0,1.14567505e-11,4.691418e-12,6.752279e-11,2.4052674e-12,2.3875812e-13,3.0514138e-09
610000,323,86,0,2.6658764e-09,2.706185e-12,6.6603844e-15,2.5687023e-22,3.4668666e-24,3.2073646e-09
610000,325,238,0,9.022524e-10,7.448878e-12,4.2118202e-31,0.0,1.0573256e-21,8.0317957e-13
610000,118,439,0,2.4616695e-10,2.0182765e-11,4.972849e-11,6.369311e-13,9.6278955e-14,2.2459795e-10
610000,48,329,0,1.2071695e-10,4.5081343e-12,1.2902688e-13,6.4792856e-19,9.2602526e-23,5.5829782e-11
610000,426,259,0,3.3589095e-10,4.7745263e-11,8.303757e-12,3.0338935e-15,6.7694046e-18,8.771216e-11
610000,221,431,0,1.3092161e-09,2.3091498e-09,5.405271e-12,1.0102771e-15,4.1188106e-09,1.5433718e-10
610000,298,368,0,3.3418954e-10,6.827665e-13,6.918187e-14,1.4320553e-20,1.5429215e-25,7.5977495e-11
610000,176,349,0,7.5120266e-10,1.4103351e-12,5.063486e-15,1.3174655e-22,2.4323328e-28,8.2730155e-13
610000,98,256,0,2.1446405e-09,3.99641e-11,9.942343e-19,1.1275901e-31,7.9046546e-13,5.2261663e-12
610000,327,411,0,5.6549687e-10,3.7503344e-11,1.7254725e-12,2.976572e-17,3.730863e-18,4.968258e-11
610000,340,442,0,2.2654706e-10,5.2003003e-11,1.47583e-11,4.8809054e-14,8.904022e-14,1.3842218e-10
610000,34,365,0,1.2100074e-11,4.4696634e-12,3.321614e-12,2.4339365e-16,8.0714145e-20,1.3751379e-10
610000,108,339,0,8.2702145e-10,2.3336342e-11,6.4417237e-16,1.10008e-23,4.9491192e-18,5.310227e-11
610000,171,192,0,4.23402e-10,1.9637013e-11,8.9602296e-27,0.0,2.4869647e-16,2.095385e-11
610000,105,425,0,3.6100611e-10,3.0086076e-11,1.1457262e-12,1.2040065e-16,3.306246e-18,7.774424e-11
610000,420,387,0,9.55001e-11,2.8032656e-11,6.0183115e-16,2.3203377e-25,5.6690353e-14,5.512453e-11
610000,362,283,0,6.311787e-10,3.1143577e-12,1.1147213e-23,2.171529e-39,1.1455907e-21,6.9274946e-12
610000,175,256,0,2.4602345e-10,7.7216025e-11,2.859753e-18,1.4124332e-29,7.424375e-12,1.0192098e-11
610000,365,355,0,4.803094e-10,2.7576838e-11,7.143347e-21,6.707961e-34,5.5940523e-16,7.092917e-14
610000,396,103,0,2.0071989e-09,4.0031806e-12,8.261312e-15,5.793079e-23,7.036787e-24,7.485426e-12
610000,324,381,0,9.6336e-10,2.7030284e-11,4.6005506e-13,1.3578867e-18,8.399685e-16,4.5162655e-11
610000,298,406,0,2.4526842e-10,9.292341e-12,7.2523464e-16,7.042747e-25,7.901496e-20,9.154668e-11
610000,104,352,0,4.8584003e-10,1.3183533e-12,7.3895425e-15,7.11322e-23,3.706272e-27,1.4911021e-10
610000,410,303,0,1.51931e-09,1.292325e-11,5.078968e-21,6.421889e-35,1.8953037e-16,1.2943573e-11
610000,87,7,0,-1.1423203e-12,8.009393e-11,1.9046203e-12,2.726188e-16,2.88538e-10,2.0202073e-10
610000,274,74,0,7.6277734e-10,3.3901375e-11,8.743098e-17,8.164031e-27,4.0760763e-16,9.9371e-11
610000,351,415,0,3.104111e-10,1.3278078e-11,7.841761e-11,8.6992046e-12,3.019046e-12,1.8162716e-10
610000,483,175,0,-1.1236475e-12,1.1769441e-10,3.134382e-14,4.03975e-20,2.7762412e-10,7.219691e-11
610000,472,252,0,7.442433e-12,4.2017695e-11,7.898896e-12,2.6903945e-15,1.0530241e-17,6.618785e-11
610000,23,326,0,1.0480633e-12,3.756773e-11,2.91436e-14,7.27314e-22,2.5496258e-16,3.219517e-11
610000,19,472,0,-1.5174628e-12,8.6092376e-11,7.4272484e-13,5.1431923e-18,3.3140773e-12,2.3135396e-10
610000,486,389,0,-9.0708935e-13,3.5255274e-11,5.222914e-12,9.432694e-16,4.4428764e-18,2.8771488e-10
610000,318,43,0,1.0371237e-10,1.6160311e-11,1.8258505e-13,1.8701722e-18,1.3454758e-21,2.1990758e-10
610000,0,89,0,-8.055413e-13,4.4690085e-11,2.409506e-11,2.2806808e-14,3.7475863e-11,1.7086747e-10
610000,2,304,0,-7.855039e-13,2.927574e-11,6.124867e-11,5.540416e-13,3.344093e-14,1.4015339e-10
610000,14,198,0,-4.7559363e-13,2.186687e-11,1.139944e-13,5.005823e-20,1.3265605e-16,3.1049243e-11
610000,37,469,0,-6.0040693e-13,1.5943029e-10,1.1065597e-12,1.6723512e-17,5.165883e-10,8.0686444e-11
610000,264,44,0,8.79425e-12,2.8338595e-11,3.7797397e-16,2.4684412e-24,3.385664e-12,1.0022942e-10
610000,47,6,0,-7.0257407e-13,7.7474534e-11,1.0969973e-11,8.272364e-15,3.0317807e-11,1.34044e-10
610000,88,460,0,8.098171e-12,5.8654755e-11,1.0415656e-12,4.064121e-17,2.2846665e-09,1.6269273e-10
610000,454,293,0,3.166944e-11,2.4194955e-11,3.0029126e-12,4.391919e-16,1.0413547e-18,3.2676684e-10
610000,197,452,0,1.3654657e-10,2.91403e-11,1.2819073e-13,4.786853e-20,1.1462994e-13,4.622275e-11
610000,86,12,0,-1.1414331e-12,9.981348e-11,1.2184479e-12,8.116242e-17,1.0914835e-11,2.8302163e-10
610000,497,322,0,-6.097792e-13,2.975377e-11,6.522539e-12,5.250308e-15,1.4711873e-15,9.533324e-11
610000,481,490,0,-1.0795324e-12,5.297871e-11,8.02279e-11,6.075443e-12,1.094259e-12,3.2119754e-10
610000,221,35,0,2.482947e-11,6.4963986e-11,6.1973175e-13,2.676458e-18,2.1323287e-11,1.2192214e-10
610000,37,402,0,3.3794447e-12,7.179767e-11,5.854313e-11,3.5197665e-12,7.696736e-13,1.7888944e-10
610000,496,483,0,-6.147802e-13,6.807514e-11,1.535271e-11,1.4379745e-14,5.606695e-12,3.282857e-10
610000,476,6,0,-1.3913087e-12,3.1609493e-11,7.1173955e-17,7.7066677e-25,1.4326013e-19,2.2538661e-10
610000,110,480,0,-6.573134e-13,5.7028605e-12,7.8001106e-11,1.927144e-11,9.310213e-12,1.1714195e-10
610000,32,12,0,-1.2151991e-12,8.5098255e-11,2.5097646e-14,2.3676712e-22,1.00523404e-13,6.089627e-10
610000,64,30,0,1.4568529e-12,4.2167606e-11,3.318622e-16,2.6974808e-25,9.410268e-14,2.6253316e-10
610000,323,52,0,4.4501844e-10,2.7487294e-12,3.096245e-16,2.1747797e-26,2.5801565e-22,1.3319582e-10
610000,143,499,0,-1.0395923e-12,1.2389394e-10,3.5643607e-13,1.6146669e-18,1.8408434e-12,1.6062253e-10
610000,493,344,0,-6.524601e-13,4.399413e-11,5.831348e-11,1.03863e-11,5.107046e-12,1.2022357e-10
610000,57,430,0,9.595508e-10,5.2844024e-11,8.979417e-16,1.1356599e-24,4.030334e-13,3.4536543e-10
610000,349,471,0,8.6187036e-13,1.7646928e-10,5.6361e-12,2.751214e-15,1.2544451e-12,2.4947823e-11
610000,473,260,0,4.6326623e-12,8.351631e-11,1.8551873e-13,4.2988664e-20,4.134238e-12,8.86905e-11
610000,31,229,0,1.754905e-11,1.0579523e-10,9.041682e-17,2.2376506e-27,4.0445158e-11,1.3689806e-10
610000,401,443,0,2.4613792e-10,6.437211e-11,9.335876e-11,5.1923615e-11,1.1082482e-10,5.871024e-11
610000,326,488,0,-6.978309e-13,4.293908e-11,1.5279994e-11,1.7163718e-14,3.7853365e-15,2.1803681e-10
610000,28,14,0,-1.4426492e-12,1.6831415e-10,3.4398795e-12,2.7750748e-16,1.6714505e-11,2.1107625e-10
610000,476,302,0,-1.9194114e-13,2.4816543e-11,4.6586697e-12,9.60318e-16,2.2611505e-16,1.4198599e-10
610000,481,64,0,-3.0584836e-13,5.266056e-11,1.22229015e-11,8.668022e-15,8.930848e-16,2.1309832e-10
610000,0,208,0,-5.3115775e-13,1.0582036e-11,1.7242093e-13,5.5868115e-19,1.827757e-21,1.1966564e-10
610000,57,35,0,2.7566406e-12,6.811017e-11,6.6930775e-16,7.2428284e-26,2.5892415e-09,4.481739e-10
610000,263,497,0,-1.0149833e-12,3.8196474e-11,1.2057495e-13,5.168095e-19,1.6230696e-13,2.075641e-10
610000,66,151,0,3.8512668e-10,4.322494e-11,2.2090435e-11,6.088612e-14,5.9041447e-16,9.529537e-11
610000,1,487,0,-1.9491917e-12,1.1085785e-10,1.195983e-10,2.407091e-11,1.1497336e-11,3.4973408e-10
610000,209,487,0,-8.8171863e-13,6.5073634e-11,5.432376e-16,3.862372e-24,2.3750454e-10,1.7571634e-10
610000,298,498,0,-9.26424e-13,8.441205e-11,1.696345e-14,4.670402e-21,2.220499e-12,3.4111658e-11
610000,483,367,0,-4.1679594e-13,5.4008907e-12,4.990112e-13,1.3895448e-18,3.835928e-23,1.6540033e-10
610000,491,338,0,-5.107253e-13,3.021789e-11,3.0759232e-12,1.2266657e-15,2.3811149e-09,3.5276954e-10
610000,335,492,0,-7.968832e-13,5.996632e-11,3.4103924e-13,2.9760548e-18,4.635963e-14,1.2491506e-10
610000,137,12,0,-6.6881407e-13,1.6963313e-11,3.1179698e-11,1.7804328e-13,4.6063418e-15,2.5251068e-10
610000,263,458,0,1.629925e-11,2.5074755e-11,1.8317846e-10,5.8756985e-11,5.6028533e-11,1.0757447e-10
610000,182,457,0,1.155265e-10,2.3354606e-11,1.2259611e-10,1.5108033e-11,4.7413093e-12,4.6938415e-11
610000,432,338,0,1.099687e-09,1.7728919e-11,3.681267e-17,4.274322e-27,1.09896675e-16,2.504e-10
610000,461,53,0,2.2389606e-11,1.8486203e-10,1.1894237e-10,1.8644981e-12,5.957278e-11,2.37001e-10
610000,169,488,0,-6.9860047e-13,5.5531177e-11,5.1413655e-11,4.2997684e-12,2.7605298e-09,1.1774262e-10
610000,181,478,0,4.7806176e-13,5.8016706e-11,5.5994648e-14,2.79366e-21,2.5335228e-10,1.2934662e-10
610000,15,282,0,-2.7618907e-13,2.3887685e-11,8.007333e-12,3.5649986e-15,5.1714994e-17,3.35115e-11
610000,314,477,0,1.2502385e-12,1.6476567e-11,1.4683284e-16,1.1022836e-25,2.729504e-19,3.1184645e-11
610000,352,486,0,-8.6717504e-13,9.344856e-11,2.7374633e-14,2.0598133e-20,3.0737843e-10,3.2876358e-11
610000,33,60,0,1.9397579e-11,1.00346405e-10,7.0467044e-12,1.1619497e-15,1.570942e-11,2.3180109e-10
610000,393,492,0,-9.0606017e-13,1.5567108e-11,6.8802975e-12,5.251784e-15,1.8453518e-17,6.97152e-11
610000,270,468,0,2.5230365e-12,4.9586165e-11,8.542465e-14,1.1263252e-20,2.9456848e-10,1.2587237e-10
610000,466,213,0,8.070715e-12,3.1670444e-11,5.7865407e-11,3.6241188e-12,4.8119733e-13,1.9331989e-10
610000,487,343,0,-5.121333e-13,1.0932899e-11,2.2406962e-11,7.895756e-14,9.64446e-16,1.6459371e-10
610000,141,470,0,2.0429373e-11,1.1300592e-10,3.0075963e-13,7.1642344e-18,1.2134778e-11,2.0337659e-11
610000,448,275,0,4.4081241e-10,3.9277716e-11,3.7893967e-12,3.9982647e-16,5.6696167e-14,1.05540666e-10
610000,49,114,0,2.1099743e-10,6.3548014e-11,1.0846526e-12,7.0577816e-17,4.6750798e-15,2.5689286e-11
610000,269,462,0,9.34638e-12,3.7495403e-11,8.913242e-12,3.2365667e-15,9.7457485e-15,4.605351e-11
610000,228,438,0,9.090039e-10,7.474403e-11,3.1458907e-18,3.0214154e-31,2.8262791e-11,1.4494402e-10
610000,13,461,0,-1.4653976e-12,8.693417e-11,3.2637e-11,5.27042e-13,3.287556e-10,3.2629938e-10
610000,499,474,0,-1.756595e-13,2.4028076e-11,2.0800257e-13,1.2398045e-17,1.6668463e-13,2.041804e-11
610000,441,168,0,5.435607e-10,2.1565135e-11,2.3617996e-11,1.8998776e-13,8.315267e-15,9.470452e-11
610000,463,306,0,1.4918195e-11,4.0037404e-11,4.6137016e-16,3.8729804e-25,9.06814e-16,4.3848827e-11
610000,44,444,0,9.936552e-11,7.785309e-11,6.5367893e-12,5.784591e-16,3.088839e-10,2.0468852e-10
610000,2,120,0,-9.757344e-13,6.131571e-11,2.7227032e-14,9.915588e-22,9.847007e-12,1.7850036e-11
610000,136,22,0,8.818519e-13,4.048759e-11,3.1530416e-12,1.4338465e-16,2.5766202e-15,7.474195e-11
610000,5,455,0,-1.7293515e-12,1.230312e-10,5.112175e-12,1.6719387e-15,7.340616e-12,1.1907537e-10
610000,86,470,0,6.903986e-13,3.1873337e-11,4.898873e-12,1.5273267e-15,8.057286e-17,1.5524507e-10
610000,353,459,0,7.837967e-12,6.549189e-11,2.4887107e-13,2.118161e-19,3.5873845e-12,1.9128983e-10
610000,16,167,0,-7.0386134e-13,1.9596595e-11,5.5208652e-14,4.324072e-21,7.809784e-20,3.017916e-11
610000,6,489,0,-1.9745848e-12,1.2831772e-10,3.7144745e-12,6.754369e-16,2.0814598e-11,2.8375316e-10
610000,11,292,0,-6.1921263e-13,3.3859464e-11,3.0562224e-12,3.6582085e-16,1.8172625e-16,6.234311e-11
610000,444,3,0,-1.5418745e-12,8.378582e-11,1.9605236e-11,4.2479204e-14,5.160959e-12,4.1899675e-10
610000,490,178,0,-1.4518376e-12,9.191283e-11,2.7580198e-13,9.328232e-19,1.2740648e-13,1.6148341e-10
610000,11,51,0,-1.2690049e-12,1.1824937e-10,9.868333e-14,2.4585976e-20,2.6871318e-12,2.0852726e-10
610000,104,47,0,8.6230016e-11,1.634931e-11,1.1095821e-11,1.4953284e-14,5.696554e-17,5.433184e-10
610000,8,448,0,-1.7624447e-12,1.4702953e-10,8.144457e-11,4.4939e-12,2.9328648e-10,8.9739015e-11
610000,499,127,0,-5.874002e-13,4.7567325e-11,8.126419e-13,3.1420666e-18,1.1093186e-13,1.0721238e-10
610000,496,482,0,-6.39689e-13,6.948492e-11,1.2541516e-11,5.056084e-15,8.83307e-13,2.5570532e-10
610000,7,450,0,-1.7948583e-12,1.710317e-10,9.7882084e-11,1.2083229e-10,9.767437e-10,9.4423885e-11
610000,499,339,0,-6.271253e-13,5.2701246e-11,3.8590957e-14,1.2718107e-21,4.7806804e-14,1.2476416e-10
610000,440,367,0,8.684747e-10,1.2007692e-10,1.8730594e-12,3.3754432e-17,2.395185e-10,6.0787014e-11
610000,6,112,0,-9.532218e-13,4.8203764e-11,3.7780037e-15,8.989843e-24,3.729063e-11,2.1319195e-10
610000,451,427,0,7.6847756e-10,4.3486978e-11,1.5635491e-13,6.5633634e-20,3.454192e-14,4.0976542e-10
610000,31,479,0,-1.5820492e-12,9.234742e-11,1.1408556e-12,1.2036317e-17,2.9252864e-11,1.660506e-10
610000,156,23,0,1.7852503e-12,2.8149979e-11,1.2831893e-14,4.8109464e-22,1.6778361e-15,2.515505e-11
610000,22,466,0,-1.3983315e-12,5.975183e-11,6.91368e-13,8.384394e-18,3.72945e-11,2.8420463e-10
610000,485,433,0,-6.013722e-13,6.689403e-11,5.692827e-11,1.0588301e-11,9.303335e-12,2.502173e-10
