mcsteps,xCOM,yCOM,zCOM,il8,il1,il6,il10,tnf,tgf
630000,58,260,0,3.1400345e-09,2.0802783e-11,4.293166e-15,1.0998113e-23,2.4353125e-19,5.862974e-11
630000,127,278,0,2.5412183e-09,3.4183225e-12,7.7003216e-11,4.7766936e-11,8.293527e-11,2.063302e-14
630000,320,86,0,3.4457692e-09,3.230477e-12,4.266686e-15,9.140439e-23,5.578587e-23,1.9415292e-10
630000,426,147,0,2.6911742e-09,4.6560754e-12,6.5584344e-11,7.147268e-13,4.5667924e-14,7.139296e-11
630000,389,77,0,2.6254863e-09,1.2257206e-11,8.9366466e-12,2.4361188e-15,3.1293002e-18,1.4933889e-10
630000,76,141,0,2.257314e-09,8.514658e-12,6.8814757e-15,7.3143537e-23,1.4394215e-22,2.9015091e-12
630000,126,316,0,3.0887168e-09,2.3040337e-11,2.2353319e-23,8.3644e-41,7.4584655e-16,3.4304165e-12
630000,438,319,0,3.0277263e-09,3.5952324e-11,2.2140817e-18,1.5860244e-30,3.6141758e-16,7.020025e-11
630000,395,187,0,2.5767946e-09,8.3612714e-11,2.3655611e-14,1.210506e-20,2.4186933e-10,9.4838436e-11
630000,271,255,0,2.7419997e-09,8.155929e-12,1e-45,0.0,1.1210544e-21,4.499373e-13
630000,383,67,0,2.8076645e-09,1.8927042e-11,3.9418716e-12,2.5576962e-16,2.2806354e-18,3.3548928e-11
630000,137,99,0,2.1825162e-09,4.053738e-11,2.8148222e-15,8.303452e-24,6.739115e-13,4.8121267e-11
630000,392,314,0,2.8167548e-09,3.621156e-15,7.109423e-20,4.7188284e-35,0.0,3.104793e-11
630000,73,326,0,2.5153402e-09,3.6648882e-13,1.4481022e-23,3.3551e-41,8.315384e-32,1.7222204e-10
630000,209,54,0,2.318711e-09,7.523832e-11,2.7678266e-18,1.2552602e-30,1.570066e-11,8.327285e-11
630000,323,205,0,2.4634295e-09,1.2272624e-11,4.76381e-15,2.4137202e-23,5.027746e-19,4.284505e-11
630000,94,376,0,2.5161346e-09,1.5778621e-11,4.6063685e-15,9.848781e-24,1.8284649e-16,2.1803463e-10
630000,394,426,0,2.563676e-09,2.2393599e-11,3.0983322e-19,7.1296216e-33,6.2920718e-18,4.8852616e-11
630000,203,425,0,3.6689998e-09,1.259414e-11,5.5056467e-12,1.9903947e-15,2.445433e-18,2.2469398e-11
630000,261,127,0,2.642862e-09,8.207862e-12,2.9235e-18,4.4799524e-31,1.8494427e-17,4.3890412e-11
630000,404,107,0,3.250501e-09,9.837659e-12,6.540731e-14,1.9982874e-20,8.137857e-17,3.4336044e-11
630000,188,196,0,2.1098612e-09,1.9353871e-11,2.2560498e-16,1.2922302e-26,6.093583e-19,8.156744e-11
630000,385,429,0,2.9429092e-09,3.4665625e-11,6.3942043e-13,2.5483681e-18,1.5349568e-13,2.7290226e-11
630000,233,290,0,2.1219169e-09,7.225514e-19,1.4335917e-29,0.0,0.0,1.9200712e-14
630000,201,360,0,2.6352087e-09,1.5089524e-12,3.762242e-23,1.38982e-40,1.9284187e-28,2.3719084e-11
630000,349,67,0,2.7270317e-09,2.1351419e-11,3.746108e-11,1.5191754e-12,2.1771854e-13,6.906913e-11
630000,66,315,0,2.4346045e-09,4.742685e-11,4.7817526e-24,2.336931e-39,4.872056e-15,6.782751e-11
630000,205,431,0,3.9236596e-09,2.0744276e-11,1.0164039e-11,3.962772e-15,1.959056e-15,8.2812646e-11
630000,209,220,0,2.8881668e-09,8.695386e-12,1.115341e-15,4.8896814e-24,3.026263e-17,8.228039e-11
630000,77,278,0,3.6054646e-09,3.8949507e-11,1.0771429e-18,1.3144397e-31,3.7457907e-16,3.208445e-10
630000,108,363,0,2.319842e-09,1.7585359e-11,2.2257498e-11,1.1634102e-13,9.314862e-13,1.7614898e-10
630000,91,389,0,2.6378815e-09,1.9004284e-11,1.2619671e-11,9.571585e-15,6.3821246e-17,5.6048898e-11
630000,156,431,0,2.1641626e-09,1.5965009e-11,1.3880109e-17,5.463867e-28,1.7409192e-20,1.08817e-10
630000,407,267,0,2.3052071e-09,3.064475e-11,1.516914e-20,7.0819053e-34,3.5152793e-19,3.6006045e-11
630000,268,393,0,2.3979352e-09,1.9495286e-12,9.392964e-15,2.7166464e-22,2.7118427e-28,5.1057655e-11
630000,242,397,0,2.586507e-09,4.9513484e-11,8.363721e-25,4.5e-44,1.8186162e-13,1.0463112e-10
630000,440,84,0,2.5056524e-09,2.1375837e-11,1.1759438e-11,2.2821099e-14,2.7124446e-14,1.6533025e-10
630000,446,77,0,2.4244757e-09,1.4397928e-11,5.6106556e-12,1.2472359e-15,1.1870062e-18,9.106819e-11
630000,415,128,0,3.3209544e-09,1.8943114e-11,1.2769008e-13,5.337673e-19,3.3102926e-18,1.6926584e-10
630000,389,155,0,2.563084e-09,3.5126468e-11,2.2378505e-11,1.809616e-13,2.1840078e-11,7.311364e-11
630000,307,424,0,2.6926403e-09,2.3977622e-11,1.26348075e-17,1.7277763e-28,2.3791065e-18,4.080211e-11
630000,335,203,0,2.8311566e-09,4.025283e-14,2.8107266e-13,6.677551e-19,1.6262543e-23,8.6104374e-11
630000,59,186,0,2.4926876e-09,2.5272406e-11,1.4437581e-12,8.134226e-17,3.632632e-20,6.276809e-11
630000,53,272,0,2.4950555e-09,4.1460557e-11,5.496076e-13,3.1360264e-18,3.3501048e-16,4.6645462e-11
630000,309,73,0,2.389142e-09,8.4201725e-12,3.550878e-12,2.3075045e-15,9.809595e-18,1.5375261e-10
630000,188,399,0,2.1910194e-09,3.70378e-12,6.6324463e-13,7.37368e-18,1.3343507e-21,4.275535e-11
630000,378,108,0,2.3341562e-09,1.8590004e-12,9.123438e-14,3.171816e-19,2.6931437e-23,3.1000858e-11
630000,377,253,0,2.897686e-09,2.1932092e-11,8.402339e-19,2.8665514e-32,3.3953045e-14,2.3308015e-11
630000,168,209,0,2.3006053e-09,2.7426512e-12,3.240284e-39,0.0,7.926097e-26,4.509957e-12
630000,66,90,0,2.4223572e-09,5.411219e-11,1.0754291e-13,1.5451262e-19,3.0317227e-10,8.4475094e-11
630000,396,334,0,2.6828346e-09,3.5618546e-11,8.840319e-15,7.584716e-22,1.1449715e-14,1.2047742e-12
630000,189,249,0,3.358171e-09,2.2265493e-11,2.3979436e-31,0.0,4.9138764e-16,1.7203317e-11
630000,279,428,0,2.1741882e-09,3.6211152e-11,2.7357042e-13,2.484503e-19,9.622056e-18,9.188813e-11
630000,346,344,0,2.5215416e-09,8.915689e-12,6.615733e-22,2.896115e-38,3.074597e-22,8.539463e-12
630000,432,130,0,2.5235338e-09,2.4060275e-11,2.178374e-19,2.5462792e-32,1.3923346e-19,7.017106e-11
630000,442,274,0,2.1472235e-09,5.222959e-12,1.4795423e-12,3.8788246e-17,8.7728506e-21,4.607244e-11
630000,438,54,0,2.2683846e-09,7.989426e-11,5.3773683e-12,7.843902e-16,1.0280526e-13,1.5751424e-10
630000,299,337,0,4.3205186e-09,3.9663276e-16,1.7910016e-24,3.627e-42,0.0,3.1094242e-12
630000,341,111,0,3.7233545e-09,1.3122689e-12,3.5285724e-25,3.5e-44,4.02995e-27,3.747257e-12
630000,138,267,0,2.952724e-09,1.07320294e-13,2.9348908e-19,2.1132659e-33,2.9118332e-37,2.6284435e-14
630000,200,246,0,3.9411407e-09,1.8272493e-11,1.7406738e-34,0.0,7.11846e-14,1.21689984e-11
630000,292,108,0,2.6225093e-09,7.975493e-12,9.944007e-16,9.4301423e-23,4.699176e-19,3.0701677e-11
630000,246,93,0,2.0532775e-09,4.965469e-12,1.3696296e-14,2.4234542e-22,1.8430909e-21,1.6267845e-10
630000,296,339,0,4.0542436e-09,5.1978296e-17,3.7424477e-26,1.3e-44,0.0,5.962138e-13
630000,194,71,0,2.4979152e-09,2.4552018e-11,9.757617e-14,3.3373344e-19,4.623208e-15,6.337165e-11
630000,64,195,0,3.087806e-09,4.468121e-11,4.661491e-15,1.3515082e-22,6.791837e-16,9.893559e-11
630000,52,71,0,2.1267403e-09,1.0346732e-11,3.269648e-11,9.8246355e-14,1.9854793e-15,8.3320614e-11
630000,402,128,0,2.6165046e-09,7.2945695e-12,1.1569745e-14,1.2765142e-21,3.6710614e-23,2.2759958e-10
630000,355,401,0,2.1001465e-09,2.1273181e-11,3.0318724e-17,2.363154e-27,3.2911342e-20,5.3220792e-11
630000,439,427,0,2.9552643e-09,4.2218257e-11,8.459765e-15,4.759567e-22,2.1931955e-16,1.2633233e-10
630000,442,258,0,2.4580802e-09,2.0707288e-11,2.0627305e-16,6.2708735e-26,4.729631e-17,2.1507773e-10
630000,389,397,0,2.1814306e-09,2.3494236e-11,4.3042897e-18,5.5251885e-29,3.3263627e-18,1.5252043e-10
630000,244,242,0,2.1395434e-09,6.578705e-18,8.6626934e-19,7.287037e-29,2.0059846e-36,1.996102e-13
630000,71,411,0,2.2772608e-09,2.7047977e-11,7.1520546e-12,8.838338e-15,5.372633e-15,1.941468e-10
630000,307,376,0,2.5682494e-09,4.718906e-12,5.0373985e-15,3.5831274e-23,3.419723e-24,1.1488392e-11
630000,305,254,0,2.340515e-09,6.065719e-13,0.0,0.0,1.4459897e-30,5.568981e-14
630000,245,440,0,2.364054e-09,1.9613612e-12,2.8590617e-12,2.1717906e-16,7.0346696e-20,3.999461e-11
630000,112,181,0,2.1395752e-09,6.215239e-11,5.633615e-25,1.462e-42,1.8592787e-13,4.5832986e-12
630000,162,315,0,2.6826974e-09,2.8085215e-11,3.3532856e-17,8.539852e-27,1.173634e-11,1.1337374e-12
630000,354,278,0,3.0105205e-09,5.032824e-14,7.212425e-17,3.4203018e-26,1.6114962e-33,4.0680007e-12
630000,383,172,0,3.1347434e-09,3.3107343e-11,4.330739e-13,7.907594e-19,3.803872e-14,3.5980715e-11
630000,89,263,0,2.8384137e-09,6.989822e-11,3.7093394e-13,1.2262642e-18,1.8295315e-11,3.6352338e-11
630000,444,99,0,2.1471434e-09,8.3850656e-11,3.87962e-14,2.7196123e-21,3.3572148e-10,9.23922e-11
630000,89,276,0,3.4469556e-09,1.5469414e-11,5.6957335e-14,3.0562285e-20,1.3191243e-14,4.0548103e-12
630000,293,246,0,2.6192024e-09,3.0569457e-11,0.0,0.0,7.9046546e-13,1.229607e-12
630000,207,334,0,2.5991587e-09,5.902462e-12,8.1737996e-22,7.505919e-38,1.6764986e-22,2.4956255e-13
630000,280,212,0,2.672055e-09,1.0650804e-11,0.0,0.0,8.082106e-18,6.238516e-12
630000,313,59,0,2.3104696e-09,2.0093862e-11,1.3104416e-16,3.9329687e-26,4.615571e-19,6.82012e-11
630000,238,137,0,2.4396587e-09,8.212056e-20,6.823411e-12,7.154188e-15,2.7894817e-17,2.4214521e-12
630000,285,176,0,2.2831732e-09,3.613105e-12,9.611004e-24,6.2973e-41,6.2053124e-23,9.585271e-11
630000,132,197,0,2.58222e-09,5.395164e-11,2.728816e-31,0.0,7.904663e-13,9.309918e-11
630000,230,143,0,2.4947406e-09,1.1965711e-18,7.657684e-16,4.0150767e-25,1.6505567e-32,1.433153e-11
630000,252,297,0,2.244147e-09,8.815665e-13,4.298034e-25,2.08024e-40,7.327326e-30,1.1258074e-10
630000,337,257,0,4.770266e-09,4.137208e-14,2.1307853e-25,4.7e-43,7.13244e-40,1.8604892e-11
630000,398,306,0,2.833148e-09,1.0781597e-12,8.9333436e-29,0.0,1.7787849e-27,7.692548e-12
630000,429,420,0,2.7829024e-09,2.6731945e-11,9.8736096e-14,1.6569265e-20,6.726767e-16,1.4884881e-10
630000,71,218,0,2.5184308e-09,7.8935324e-11,8.0681094e-14,9.023405e-20,5.678959e-13,8.0967365e-11
630000,168,403,0,2.140541e-09,2.951762e-11,2.2941594e-21,5.1523615e-37,3.340009e-15,8.009997e-12
630000,287,315,0,3.2646736e-09,7.768897e-12,5.0304527e-27,0.0,3.2798478e-18,8.444221e-11
630000,259,282,0,2.2903541e-09,2.1893629e-13,4.07656e-26,0.0,8.096738e-32,2.195612e-18
630000,252,173,0,2.2127509e-09,7.6384905e-12,7.2376075e-37,0.0,1.5693477e-18,1.1953618e-11
630000,238,428,0,2.8898264e-09,4.133096e-11,1.9607851e-18,2.4239432e-31,1.2121614e-14,2.3251935e-10
630000,229,430,0,2.8903935e-09,3.4376717e-11,3.5507056e-15,1.8995689e-23,3.7204276e-14,1.1797213e-10
630000,255,271,0,2.25699e-09,4.0265746e-12,3.543656e-38,0.0,3.7293887e-20,5.674823e-17
630000,222,130,0,2.8793457e-09,1.8754523e-12,5.928233e-23,9.044481e-37,7.262594e-24,1.8658356e-11
630000,289,209,0,2.4794005e-09,3.521554e-12,4.8e-44,0.0,4.98674e-24,4.7203418e-11
630000,86,240,0,2.4406328e-09,5.4128747e-11,9.7029217e-14,1.9836119e-20,2.199399e-13,3.1126438e-11
630000,223,352,0,2.9508669e-09,1.5517239e-11,9.239719e-13,6.7041285e-18,2.13514e-18,3.436975e-11
630000,210,268,0,2.3339402e-09,1.7332137e-12,2.8203e-40,0.0,1.4005461e-26,6.220906e-13
630000,345,144,0,2.2849682e-09,5.688906e-11,5.4566148e-24,1.05208e-40,1.1078944e-11,2.5079244e-10
630000,415,172,0,2.3654345e-09,2.6760076e-12,2.5811954e-17,8.339189e-27,5.1334388e-27,1.2759354e-11
630000,428,370,0,2.4596483e-09,4.9832697e-11,1.1472661e-12,1.9822947e-17,8.220148e-13,1.1427686e-11
630000,396,193,0,2.478982e-09,5.7129985e-11,9.588996e-17,1.1180138e-27,2.2962928e-15,6.8346995e-11
630000,413,337,0,3.4020553e-09,4.570808e-11,4.2918888e-13,1.1603662e-18,9.206704e-13,2.1725156e-11
630000,365,266,0,2.7408782e-09,3.2030728e-13,3.692612e-22,2.7886076e-36,6.918595e-29,8.576662e-12
630000,335,335,0,3.1228038e-09,1.8369105e-11,6.1143757e-24,1.3717e-41,6.654639e-15,1.2647696e-11
630000,330,184,0,2.4276774e-09,1.1560792e-12,1.0180757e-15,3.965148e-21,1.1828583e-24,7.7960936e-11
630000,434,75,0,2.4001214e-09,4.2324682e-11,4.3878334e-13,7.909454e-19,3.325305e-14,1.3150948e-10
630000,403,150,0,2.822665e-09,2.105196e-11,6.1495833e-19,5.0944855e-32,9.432008e-18,3.54337e-11
630000,355,213,0,2.499002e-09,3.784803e-14,2.2901758e-14,9.730048e-22,7.0613697e-28,1.8732278e-11
630000,446,196,0,2.095154e-09,3.2816836e-11,3.761903e-13,7.821025e-18,6.501213e-19,2.2375073e-10
630000,150,282,0,2.3195152e-09,2.5391697e-11,4.1597543e-24,7.339e-41,3.7926533e-18,1.459734e-11
630000,323,291,0,3.3058678e-09,2.0382463e-11,3.9540158e-24,9.326596e-37,6.1276396e-14,1.5483438e-12
630000,63,445,0,2.1263926e-09,2.4163877e-11,1.8360959e-11,9.374471e-14,1.3882569e-15,1.4824411e-10
630000,369,298,0,2.217323e-09,1.635299e-11,9.719654e-16,3.5194507e-25,2.527543e-18,2.3937044e-12
630000,223,266,0,2.1839688e-09,3.5291363e-13,0.0,0.0,3.958829e-33,4.9425643e-15
630000,444,434,0,2.8599867e-09,7.9954356e-11,3.4518462e-12,3.0169982e-16,2.4890828e-10,2.0252447e-10
630000,402,404,0,2.5647e-09,5.0124713e-11,2.1643903e-14,1.4008628e-20,3.0302452e-10,4.7097177e-11
630000,387,86,0,2.5253528e-09,4.045247e-11,2.2917005e-12,1.264084e-16,2.8328566e-15,1.6466976e-10
630000,324,310,0,3.3607652e-09,2.0756086e-11,7.2249213e-14,5.579245e-19,1.8068402e-12,1.2167729e-11
630000,211,222,0,2.930472e-09,7.2223855e-12,1.8832981e-13,4.6829714e-19,6.084416e-18,4.530228e-11
630000,181,222,0,3.3740788e-09,3.5814922e-13,4.9289e-41,0.0,2.2951513e-36,2.4920978e-13
630000,258,327,0,2.151051e-09,8.242195e-12,1.174999e-39,0.0,1.7356505e-20,1.28357065e-11
630000,326,316,0,3.0980885e-09,1.0663247e-11,7.2655175e-21,1.2591618e-31,4.3252843e-16,4.1549799e-13
630000,236,433,0,3.0162288e-09,3.8341073e-11,1.1174392e-17,1.0820455e-28,1.7963663e-14,1.4740492e-10
630000,111,290,0,2.625595e-09,9.886737e-12,1.1965334e-20,3.8032734e-33,4.745489e-16,3.2544394e-11
630000,313,431,0,3.0080989e-09,1.0621256e-10,3.2693693e-14,1.956401e-21,2.7360588e-11,7.157343e-11
630000,299,294,0,2.625324e-09,3.2690017e-11,2.6722266e-28,0.0,2.2309615e-15,1.4694105e-13
630000,123,315,0,3.0819232e-09,2.872514e-11,2.3596852e-22,1.586268e-39,9.851639e-13,1.7521196e-12
630000,193,333,0,3.133386e-09,6.332775e-13,8.608536e-33,0.0,9.205878e-31,2.0785991e-11
630000,152,89,0,2.2620852e-09,2.9422645e-11,1.7618401e-12,4.837018e-17,2.536611e-12,3.7071596e-11
630000,198,176,0,2.4093825e-09,2.05461e-11,6.746952e-15,1.508448e-22,1.6439201e-16,9.378256e-13
630000,327,279,0,3.3442271e-09,2.4464564e-11,1.8242683e-17,5.084094e-27,1.2820478e-12,2.5775535e-13
630000,64,142,0,2.2221267e-09,4.974021e-11,4.6457796e-11,4.9360667e-12,1.0979816e-12,3.7419443e-11
630000,315,110,0,2.8446576e-09,1.5340531e-11,4.6398876e-27,0.0,1.4889577e-17,5.3121986e-11
630000,350,366,0,2.3478774e-09,1.3577912e-11,1.4799475e-23,5.0141e-41,2.529081e-18,7.176816e-11
630000,323,306,0,3.2827607e-09,1.1891352e-11,8.513315e-11,1.9083838e-12,3.3342637e-13,2.8145096e-11
630000,417,128,0,3.299427e-09,1.2205118e-11,1.2769198e-13,5.337673e-19,1.7412483e-21,3.037394e-10
630000,154,117,0,2.2429387e-09,5.233179e-12,4.4470105e-13,1.866742e-18,8.6257604e-23,1.5023749e-10
630000,444,151,0,2.2851647e-09,2.2994674e-11,2.6874824e-13,4.1389435e-19,3.502023e-17,7.1784925e-11
630000,186,417,0,2.6433935e-09,8.95767e-12,1.38242e-12,1.0158465e-16,4.0007567e-19,3.4063776e-12
630000,192,245,0,4.1113135e-09,1.880405e-11,8.6615e-37,0.0,7.651812e-14,4.4701364e-11
630000,73,66,0,2.4349238e-09,5.96961e-11,2.352386e-15,3.8558736e-24,1.5064722e-14,2.2476764e-10
630000,215,351,0,2.7274125e-09,4.2092406e-12,4.011608e-11,6.4167595e-13,2.3783945e-14,1.4196166e-10
630000,267,216,0,2.6645246e-09,4.860091e-13,4.137494e-36,0.0,3.7357748e-29,2.9457694e-13
630000,114,90,0,2.5798528e-09,2.87827e-11,9.873981e-15,5.960621e-22,2.5377373e-14,9.5615446e-11
630000,204,429,0,4.0576746e-09,1.8550286e-11,1.4943203e-11,2.0301223e-14,1.3173304e-16,5.569766e-11
630000,365,141,0,2.3881612e-09,1.9135143e-12,1.3065518e-12,2.8481466e-17,2.9883751e-21,1.7721585e-11
630000,128,63,0,3.1266558e-09,5.8391986e-11,3.2784914e-11,1.6955706e-12,2.7376885e-13,4.995405e-11
630000,403,144,0,2.7987865e-09,6.195006e-12,3.0531547e-17,1.05965305e-26,8.223463e-27,7.036415e-11
630000,412,214,0,2.1472129e-09,2.105539e-11,3.3299855e-13,3.9245354e-19,6.718267e-13,8.37045e-11
630000,309,193,0,2.2665294e-09,2.6364436e-13,4.9218063e-32,0.0,1.3755163e-32,4.7038973e-13
630000,275,220,0,2.695868e-09,1.3763209e-12,9.362e-42,0.0,3.156745e-29,1.5767689e-12
630000,263,196,0,2.5109381e-09,4.130437e-12,0.0,0.0,4.5316205e-24,8.130008e-11
630000,145,311,0,2.7449734e-09,7.1640784e-11,7.6170047e-16,7.281081e-24,2.1724536e-12,3.920631e-11
630000,392,111,0,2.8321119e-09,3.640081e-14,3.0689889e-12,2.696865e-16,9.229533e-20,4.7136448e-11
630000,243,62,0,2.0460462e-09,1.4808713e-12,6.9090876e-17,1.3252612e-27,1.3279196e-26,8.496343e-11
630000,296,390,0,2.5371998e-09,1.568418e-11,4.2187584e-18,5.6088662e-30,4.9798816e-18,3.0214446e-11
630000,220,335,0,2.6245426e-09,4.074991e-11,5.5717335e-18,1.1407584e-28,1.519435e-11,2.9501926e-12
630000,84,372,0,2.3599744e-09,5.347818e-12,2.6386383e-15,6.1533494e-24,4.7661517e-25,1.0153126e-10
630000,76,60,0,2.4141953e-09,5.001145e-11,8.735466e-13,3.6379466e-17,1.1463627e-13,1.10833e-10
630000,375,312,0,2.2863789e-09,3.165506e-12,2.9186582e-16,8.107793e-26,3.1479914e-23,2.6290888e-11
630000,169,241,0,2.2920936e-09,3.378794e-11,1.8535359e-30,0.0,8.933008e-12,1.5598094e-11
630000,395,101,0,3.0035068e-09,1.0368785e-11,2.2510765e-14,4.519007e-22,7.296998e-21,3.898991e-11
630000,369,385,0,2.4808904e-09,4.8393494e-11,9.56164e-14,1.8936257e-19,2.2985869e-14,7.147789e-11
630000,287,324,0,4.0616497e-09,1.5491912e-14,6.947611e-35,0.0,6.7341986e-36,2.1828405e-11
630000,295,316,0,3.3431127e-09,4.708849e-13,6.718233e-34,0.0,4.2744742e-32,3.410565e-11
630000,286,268,0,2.5189664e-09,3.4735332e-17,3.8257043e-36,0.0,0.0,4.5445763e-16
630000,342,261,0,3.495174e-09,3.249762e-12,2.0476937e-21,1.3709904e-34,7.096201e-24,7.9194485e-13
630000,114,391,0,2.6246736e-09,3.016903e-11,7.516535e-12,4.858281e-15,1.5189204e-11,1.11666204e-10
630000,266,179,0,2.4175715e-09,1.299908e-11,3.34e-42,0.0,1.1681656e-20,4.190544e-12
630000,197,326,0,3.2337322e-09,2.2906705e-12,2.0753648e-32,0.0,2.2942499e-24,4.29987e-13
630000,226,321,0,2.5666498e-09,4.23092e-13,1.6609656e-20,3.1318905e-33,2.270643e-31,4.9837183e-11
630000,321,116,0,2.6854046e-09,6.247346e-12,2.832625e-28,0.0,1.1592522e-21,4.9511874e-11
630000,436,369,0,2.6091922e-09,9.330305e-11,1.5537701e-13,2.9774588e-19,2.6179129e-15,1.074673e-10
630000,184,328,0,2.8297524e-09,4.4769144e-14,8.260855e-24,5.8789e-41,1.02139475e-35,8.7518155e-14
630000,100,332,0,2.3517432e-09,2.967929e-12,2.1958418e-14,6.6775604e-22,2.1637058e-23,8.4883274e-11
630000,195,318,0,2.722483e-09,2.1821554e-14,5.9701055e-26,6.3e-44,1.6539e-40,1.3013337e-12
630000,310,292,0,2.970426e-09,4.309429e-12,7.595408e-30,0.0,1.9488801e-22,2.067535e-11
630000,155,446,0,2.2153495e-09,1.0434145e-10,3.385936e-14,3.0876166e-21,3.8323494e-11,1.1768825e-10
630000,354,113,0,2.741253e-09,4.2258343e-11,1.359807e-32,0.0,2.2440866e-10,3.919457e-12
630000,319,287,0,3.3282408e-09,2.5195666e-12,1.3393601e-25,4.8e-44,3.4234545e-26,1.8735395e-11
630000,280,119,0,2.339992e-09,3.6702173e-12,1.2979486e-25,0.0,7.626426e-27,3.031916e-12
630000,389,139,0,2.4327873e-09,2.6037297e-11,2.55835e-12,5.260534e-16,2.354775e-15,1.5403455e-11
630000,230,204,0,2.0881057e-09,7.1330295e-13,2.834505e-28,0.0,3.0102875e-29,1.0650462e-11
630000,136,74,0,2.991437e-09,3.8642662e-11,2.1181495e-14,2.7423183e-22,5.614299e-15,4.7867273e-11
630000,383,52,0,2.4029472e-09,5.869134e-11,1.5287585e-11,6.3295974e-14,4.2937354e-14,6.499233e-11
630000,331,234,0,3.756945e-09,4.704991e-11,1.340734e-25,2.239e-42,2.1249445e-12,4.746641e-11
630000,366,365,0,2.2841362e-09,1.1056658e-11,8.433726e-17,4.782586e-28,2.9862551e-19,1.34927425e-11
630000,390,344,0,2.9530596e-09,4.0348787e-11,3.194531e-11,2.8429573e-13,1.6201623e-14,1.8997975e-11
630000,118,326,0,2.4778055e-09,1.479683e-11,1.5009956e-14,3.87991e-21,1.395663e-16,5.6634846e-11
630000,331,445,0,2.0808906e-09,4.9365866e-11,1.7108731e-11,1.663732e-14,1.2923595e-16,1.4096602e-10
630000,112,414,0,2.2947484e-09,4.3045154e-11,3.0464178e-13,4.3262296e-19,6.0585304e-13,1.7821256e-10
630000,337,254,0,4.045313e-09,5.1523943e-15,5.5434103e-27,0.0,1e-45,3.316683e-11
630000,225,357,0,2.7498497e-09,1.5522392e-11,3.9585862e-11,7.0946607e-13,2.7733905e-14,3.8851703e-11
630000,292,102,0,2.691174e-09,1.1914851e-11,1.3204878e-11,1.9471905e-14,5.951374e-16,2.2782689e-11
630000,355,76,0,2.6099345e-09,3.1164557e-11,4.8165884e-11,5.7215544e-13,4.7234237e-14,4.0562137e-11
630000,54,431,0,2.2268196e-09,4.6025312e-11,3.666368e-14,1.6752284e-21,4.5700375e-15,2.3406718e-10
630000,55,89,0,2.4122626e-09,3.998272e-11,2.5242052e-15,2.212594e-21,1.219239e-18,1.9345638e-10
630000,208,367,0,2.5574904e-09,1.8150764e-11,2.9227978e-23,1.07848e-40,2.900842e-15,2.640145e-11
630000,107,96,0,2.5474687e-09,1.42657795e-11,3.5709196e-13,4.5438965e-19,3.2627025e-18,7.0031245e-11
630000,439,376,0,2.4515754e-09,3.0970324e-11,5.7682445e-13,3.5462503e-18,1.875207e-11,1.8018208e-10
630000,193,55,0,2.249182e-09,5.8231836e-11,1.7106912e-18,8.923738e-31,2.7030263e-13,6.4401165e-11
630000,250,216,0,2.2553457e-09,1.9900399e-11,1.0278137e-21,8.022108e-36,3.526714e-11,8.61079e-11
630000,335,273,0,2.8106004e-09,3.0522666e-12,1.978889e-14,4.744364e-22,5.2703403e-25,1.4739446e-11
630000,316,298,0,3.135208e-09,2.801276e-12,6.542394e-19,2.987566e-28,4.9282458e-26,5.8948332e-12
630000,331,365,0,2.7108322e-09,2.2157933e-11,1.0035982e-23,6.05687e-40,3.7204276e-14,1.3086078e-11
630000,57,220,0,2.6575977e-09,1.6086502e-10,7.2607597e-12,9.449943e-15,9.874274e-12,1.3877362e-10
630000,181,414,0,2.599125e-09,1.3632844e-11,1.7075637e-12,3.7707826e-17,1.4739197e-18,4.2883978e-12
630000,161,126,0,2.3215516e-09,2.8534609e-11,4.057026e-18,2.7796473e-30,2.5414037e-12,8.8656464e-11
630000,203,419,0,2.9961769e-09,8.859522e-12,4.90923e-14,2.1167055e-21,4.653079e-22,4.7739417e-11
630000,357,181,0,2.3894526e-09,1.1200273e-11,3.289474e-30,0.0,4.8590585e-19,8.9816495e-13
630000,362,201,0,2.6098304e-09,1.2853866e-11,1.9367979e-22,8.9169296e-38,3.9253205e-15,1.2821321e-11
630000,207,141,0,2.1461555e-09,3.1623147e-13,8.661351e-22,2.4584082e-37,2.894326e-31,4.6225667e-12
630000,112,271,0,2.6087887e-09,2.0166047e-13,1.204608e-19,7.7050725e-34,4.3978947e-36,1.3284321e-13
630000,406,408,0,2.5474194e-09,5.6430076e-11,2.5151327e-13,3.382198e-19,7.59285e-15,1.8218654e-11
630000,72,250,0,2.5555897e-09,2.3049672e-11,9.134082e-11,5.2451697e-12,7.235739e-13,2.297618e-10
630000,148,262,0,2.635143e-09,8.842403e-12,6.729194e-27,0.0,1.8126058e-21,1.4172674e-11
630000,118,124,0,2.3088937e-09,6.424191e-13,1.1770756e-19,2.7055187e-34,1.9878736e-31,4.4291693e-12
630000,142,199,0,2.725624e-09,3.645154e-11,1.3640538e-30,0.0,8.4951394e-14,3.5022946e-11
630000,172,134,0,2.2053317e-09,5.1412208e-11,8.735466e-13,3.6379466e-17,1.8752166e-11,1.0330834e-12
630000,444,440,0,2.5880385e-09,7.116018e-11,1.12318896e-11,1.6122613e-14,8.108063e-16,3.137441e-10
630000,103,244,0,2.7576794e-09,1.2896853e-11,1.4436799e-21,4.2481024e-37,3.335919e-17,4.5612715e-12
630000,127,379,0,2.3780173e-09,5.3966246e-12,1.1311177e-13,2.57167e-20,1.8263765e-19,6.493482e-11
630000,195,246,0,4.429011e-09,1.2747393e-11,3.7608015e-38,0.0,8.4974946e-20,1.6507616e-11
630000,60,203,0,2.6172973e-09,5.0732224e-11,1.6895387e-13,1.4729529e-19,8.297286e-16,8.656213e-11
630000,218,436,0,2.851508e-09,6.717688e-11,9.355063e-13,7.795111e-18,3.132722e-13,1.4475668e-10
630000,291,129,0,2.6355387e-09,1.6898927e-11,2.0048308e-14,6.3689825e-21,1.1120536e-18,3.3647397e-11
630000,342,417,0,2.1167983e-09,1.4145113e-11,6.596281e-11,1.9767365e-11,1.1292713e-11,6.859051e-11
630000,268,359,0,2.2889828e-09,5.595858e-12,5.9480225e-15,8.611067e-22,2.33817e-19,3.704237e-12
630000,91,250,0,2.9150011e-09,3.927699e-11,4.1636616e-13,5.675698e-18,6.770279e-16,4.2670426e-11
630000,404,352,0,2.7692326e-09,2.1818625e-11,8.8567484e-15,6.285847e-22,2.9109227e-16,8.922329e-11
630000,296,281,0,2.4447722e-09,1.572782e-12,1.7939823e-32,0.0,4.6331916e-27,3.1324443e-15
630000,310,434,0,3.0618592e-09,9.421299e-11,2.3580975e-14,3.625384e-21,5.678518e-13,4.9727226e-11
630000,416,352,0,2.5437135e-09,3.7687995e-12,5.952065e-11,3.4137296e-12,4.2913082e-13,6.591226e-11
630000,413,427,0,2.2131927e-09,6.1257895e-11,1.1303976e-21,1.2416333e-38,2.8034546e-16,4.3427255e-11
630000,75,333,0,2.4042686e-09,3.6994789e-16,2.232205e-26,0.0,0.0,7.582254e-11
630000,256,231,0,2.3122926e-09,1.0337238e-12,1.1067493e-19,1.782735e-30,8.17052e-28,2.5994032e-11
630000,145,354,0,2.1997806e-09,1.7768646e-11,4.6979988e-14,2.9509745e-21,2.900842e-15,5.5234248e-11
630000,223,161,0,2.6932003e-09,4.4422872e-13,1.032904e-15,2.6523886e-23,4.2764143e-29,1.4450505e-12
630000,382,283,0,2.743747e-09,3.1520862e-11,1.3514921e-19,1.2674283e-32,7.074675e-18,1.6595274e-13
630000,366,124,0,2.3604783e-09,1.344231e-11,7.917222e-24,4.94747e-40,2.9232327e-18,5.523731e-11
630000,373,262,0,2.83514e-09,8.5643315e-12,8.703532e-17,5.7008227e-27,1.7618818e-19,3.878695e-11
630000,440,176,0,2.4769387e-09,8.3681066e-12,3.698009e-12,5.333518e-16,3.4822425e-19,3.796181e-11
630000,298,201,0,2.3284645e-09,1.2874042e-14,3.397721e-37,0.0,4.5243833e-36,3.7909963e-11
630000,394,171,0,2.591966e-09,1.980547e-11,2.5482518e-12,4.7892937e-16,6.157577e-19,6.043004e-11
630000,242,390,0,2.4771312e-09,4.696227e-11,1.02614204e-19,4.6878334e-34,1.9122196e-17,1.00856434e-10
630000,95,408,0,2.4677427e-09,3.3600834e-11,8.240895e-12,2.4272388e-14,3.92462e-14,1.9851128e-10
630000,350,259,0,2.8961242e-09,5.458335e-13,1.1010821e-22,9.424283e-39,8.496924e-31,1.30983314e-11
630000,414,307,0,3.4021683e-09,1.5615153e-11,6.0221197e-18,6.7037204e-29,1.1769488e-15,6.737866e-11
630000,304,336,0,3.412828e-09,2.702152e-14,4.952924e-21,7.1311425e-36,2.6180955e-38,1.1937631e-12
630000,422,329,0,3.152615e-09,2.2296921e-11,2.5971227e-16,1.8631451e-25,2.7400274e-16,5.363903e-11
630000,211,434,0,3.2758611e-09,3.1379843e-11,8.673988e-12,5.2601174e-15,1.2678398e-16,1.8113297e-10
630000,302,89,0,2.6423337e-09,3.065095e-11,4.0748727e-22,2.070552e-37,1.6199455e-11,6.702529e-11
630000,97,161,0,2.080308e-09,3.6130376e-11,1.8357133e-15,1.3203068e-24,4.06626e-14,6.538251e-11
630000,275,175,0,2.4614424e-09,1.956388e-11,4.4106664e-31,0.0,4.46992e-16,1.0235526e-10
630000,285,302,0,2.8363765e-09,4.2361093e-12,5.1313802e-17,4.0995607e-27,2.979907e-22,3.913453e-11
630000,58,284,0,2.3286888e-09,7.7404395e-11,7.317655e-18,1.8938258e-30,3.0945418e-10,5.960522e-11
630000,151,54,0,2.110827e-09,2.4626414e-11,4.1203247e-12,3.7861105e-16,8.292921e-18,1.3392247e-10
630000,355,192,0,2.4773568e-09,1.1254926e-11,4.915169e-28,9.3032e-41,3.2622676e-18,5.124299e-11
630000,419,109,0,2.3769742e-09,7.04971e-12,1.8849693e-11,1.0850778e-13,1.7295649e-15,1.4968969e-11
630000,218,421,0,2.6249045e-09,2.7146304e-11,6.380213e-12,5.2501567e-15,1.4714709e-15,1.2690198e-10
630000,267,256,0,2.7125708e-09,1.6219779e-11,1e-45,0.0,1.7505732e-17,2.6885998e-14
630000,356,276,0,3.0591334e-09,4.8437396e-14,7.8377374e-19,9.141582e-31,1.02186e-39,1.0778738e-12
630000,278,382,0,2.28809e-09,1.2409189e-11,1.0594852e-18,3.7213033e-32,3.6539424e-19,7.904755e-11
630000,79,275,0,3.9071106e-09,3.7549228e-11,4.622332e-18,2.9314905e-29,1.6692644e-14,5.141059e-11
630000,251,402,0,2.4572753e-09,3.714626e-11,1.3646983e-21,2.6911078e-35,3.09087e-15,7.6622285e-11
630000,244,309,0,2.2114162e-09,5.775943e-11,2.7737102e-29,0.0,1.29820284e-14,1.1110863e-14
630000,353,63,0,2.6495879e-09,1.0741362e-11,1.5811836e-11,7.9699776e-14,1.0991169e-15,1.569932e-10
630000,160,296,0,2.311265e-09,2.6733624e-11,1.1054362e-23,4.43854e-40,1.2219617e-11,6.182531e-13
630000,401,116,0,2.9047043e-09,2.0535774e-12,6.450726e-11,4.3539294e-11,8.71939e-11,1.4088539e-11
630000,178,102,0,2.5504567e-09,8.259364e-15,2.505063e-16,1.1015847e-25,2.206857e-32,2.6713494e-11
630000,435,255,0,2.4246285e-09,1.4904989e-11,3.1782743e-12,1.6499256e-15,6.3292585e-18,2.2590055e-10
630000,118,286,0,2.7269655e-09,3.355844e-12,1.702023e-15,7.9500633e-25,2.5821015e-22,6.5192634e-12
630000,296,336,0,4.4348707e-09,2.9214256e-17,1.39656e-27,0.0,0.0,5.298186e-12
630000,236,171,0,2.2400442e-09,3.284408e-16,8.950639e-30,0.0,0.0,1.079233e-11
630000,100,257,0,3.1662843e-09,3.0288612e-11,3.9679835e-20,1.1543211e-33,7.040175e-15,1.3304892e-12
630000,123,431,0,2.1294335e-09,8.461671e-12,1.29325075e-11,2.594688e-14,2.3518508e-16,2.53332e-11
630000,99,253,0,3.2921663e-09,2.0071469e-11,2.1205083e-18,1.7695538e-30,1.1384143e-18,1.5258655e-12
630000,141,447,0,2.1669602e-09,9.458032e-11,6.8963474e-11,4.259002e-12,6.608862e-13,1.4813067e-10
630000,77,210,0,2.700967e-09,4.7297426e-11,1.5823725e-12,7.7814786e-17,4.4461127e-17,5.9584365e-11
630000,325,257,0,2.6761249e-09,6.530679e-12,1.4933847e-31,0.0,1.0641687e-20,1.2742018e-12
630000,378,59,0,2.678763e-09,1.971098e-11,2.5338103e-15,3.8666037e-24,1.09613766e-16,1.055976e-10
630000,265,128,0,2.670054e-09,2.6166602e-11,1.9608393e-21,9.788112e-38,2.5364513e-12,1.3456125e-10
630000,445,242,0,2.164103e-09,1.7781067e-11,7.16819e-13,3.3806098e-18,8.863588e-19,2.3023606e-11
630000,434,420,0,2.95967e-09,1.0627677e-11,1.8036045e-12,1.4146788e-16,2.1263736e-19,1.6510861e-10
630000,397,284,0,2.5913756e-09,3.4882583e-11,1.4716983e-16,7.7410305e-24,2.629818e-11,7.9447914e-11
630000,72,125,0,2.1644693e-09,1.3030215e-11,9.973391e-17,6.105551e-26,7.9236375e-16,8.9830965e-10
630000,163,193,0,2.2128135e-09,4.2244007e-11,4.6266016e-34,0.0,6.094171e-14,3.2307317e-11
630000,336,341,0,2.9330354e-09,1.814948e-11,6.371076e-22,2.9477562e-36,2.5354943e-18,1.6716385e-12
630000,343,297,0,2.2210713e-09,2.4844848e-12,6.5852314e-20,4.1803397e-32,2.6846943e-26,1.2532065e-13
630000,419,155,0,2.6822946e-09,1.0774369e-11,3.1174853e-15,8.489359e-24,6.953312e-18,2.2423388e-11
630000,135,211,0,2.5459006e-09,3.611458e-11,4.1071883e-19,2.3890962e-30,3.028259e-14,3.303303e-11
630000,438,338,0,2.61007e-09,1.0314592e-11,4.2710393e-21,1.4657265e-31,9.222772e-21,8.642391e-11
630000,181,220,0,3.3324572e-09,5.084305e-13,2.604519e-39,0.0,4.2134015e-33,2.563914e-13
630000,147,303,0,2.5681557e-09,2.2742767e-12,6.533795e-22,1.03134204e-35,2.3289044e-23,3.428079e-11
630000,275,325,0,2.528222e-09,3.817587e-16,6.8164576e-31,0.0,0.0,1.2021086e-11
630000,309,313,0,2.6531446e-09,6.4111733e-15,2.0368704e-24,5.0639513e-38,6.8752e-41,5.887138e-12
630000,370,74,0,2.8529368e-09,8.217196e-12,1.2892584e-13,6.479288e-19,9.2065224e-23,1.6907759e-10
630000,73,291,0,2.5483848e-09,2.1323918e-11,3.459035e-21,2.8473445e-36,2.2481543e-16,1.711831e-11
630000,376,146,0,2.4178906e-09,4.4205694e-12,3.2241687e-13,3.236919e-18,3.3178127e-22,7.553937e-11
630000,136,179,0,2.6771814e-09,2.7808516e-11,2.4690051e-34,0.0,1.6436632e-16,9.7768564e-11
630000,411,339,0,3.4700616e-09,2.9058724e-11,1.5965968e-13,2.5628638e-19,6.1188292e-15,3.2029504e-11
630000,287,442,0,2.2627569e-09,2.9612753e-11,9.359117e-12,9.7775546e-15,6.032046e-17,3.5461602e-11
630000,85,416,0,2.9387461e-09,1.829681e-11,5.8014756e-15,1.5042675e-23,9.9272005e-18,8.16991e-11
630000,219,315,0,2.3912845e-09,4.317914e-11,1.0402373e-13,6.8496386e-19,7.090993e-15,2.196897e-13
630000,136,369,0,2.7569718e-09,2.4868538e-13,7.901475e-11,1.4557984e-12,5.8225e-14,9.654526e-11
630000,434,138,0,2.6152764e-09,3.9475194e-11,4.5869427e-18,7.443616e-28,1.9410565e-11,8.760572e-11
630000,113,237,0,2.5750975e-09,3.08461e-11,1.7708203e-25,3e-45,1.438506e-16,6.951692e-12
630000,428,53,0,2.271284e-09,7.645128e-11,1.0741361e-11,4.079358e-15,2.6062638e-10,1.4560676e-10
630000,189,112,0,2.177162e-09,8.669332e-13,5.685224e-17,2.633021e-26,4.8150703e-31,6.811421e-11
630000,73,165,0,2.11437e-09,2.7799483e-11,9.834207e-13,5.484854e-17,1.1611547e-15,1.0274533e-10
630000,124,246,0,2.4668172e-09,3.1486785e-11,2.0609037e-23,8.301e-42,1.5349972e-13,3.2239808e-11
630000,235,342,0,2.4305478e-09,1.9608419e-11,1.7910334e-14,1.0416032e-21,2.5329506e-14,5.265644e-12
630000,142,319,0,2.5982494e-09,3.7891505e-13,3.1015579e-12,2.1543579e-16,6.6253025e-20,8.395603e-11
630000,264,203,0,2.6133937e-09,2.1297489e-12,3.4e-44,0.0,5.146936e-23,3.1940367e-11
630000,255,352,0,2.1674902e-09,2.991156e-11,5.2292875e-25,8.1e-44,1.4745872e-16,6.035985e-11
630000,432,157,0,2.53243e-09,3.656515e-11,5.0936887e-11,1.1172025e-12,7.292565e-13,7.159441e-11
630000,203,241,0,3.3121368e-09,2.9061137e-12,7.491972e-28,0.0,2.1808296e-23,1.6127067e-12
630000,204,289,0,2.479603e-09,8.526449e-12,1.6317695e-32,0.0,5.700769e-22,3.2705464e-12
630000,108,392,0,2.636541e-09,2.4837143e-11,1.2175404e-11,2.4333993e-14,1.1340134e-16,6.024888e-11
630000,420,316,0,3.914007e-09,1.5459346e-11,1.4671167e-17,3.6517088e-27,9.888603e-21,1.8351812e-10
630000,327,191,0,2.5957831e-09,1.1171005e-13,3.449833e-22,1.7363368e-37,7.7617216e-36,3.4680613e-11
630000,178,293,0,2.3026023e-09,2.1526642e-11,2.1643301e-14,1.4008628e-20,2.3210858e-18,2.3892117e-11
630000,340,111,0,3.7080023e-09,1.1020619e-12,1.397036e-24,6.92e-43,1.77349e-28,4.9773493e-12
630000,154,75,0,2.296044e-09,3.616155e-11,7.7347373e-13,4.2204116e-18,3.830331e-11,1.7332964e-10
630000,380,166,0,2.9446012e-09,2.4335116e-11,7.9055756e-13,1.3954749e-17,1.4317254e-17,1.1884188e-10
630000,368,251,0,3.1330658e-09,5.3221143e-12,4.3856315e-20,1.3042804e-34,1.0158871e-22,5.2264883e-11
630000,257,424,0,2.1817816e-09,6.309449e-11,4.1319355e-18,2.3100845e-30,1.2984775e-13,8.107268e-11
630000,310,390,0,2.596515e-09,4.2951396e-11,1.5468543e-11,7.1266865e-14,2.8564045e-14,3.7426548e-11
630000,88,281,0,3.3060197e-09,3.2743107e-12,6.7633794e-12,2.5161342e-15,2.882627e-18,1.1529662e-11
630000,345,97,0,2.6697422e-09,2.3284522e-11,7.810334e-19,1.4232977e-29,3.1944228e-14,1.2447739e-10
630000,145,207,0,2.5929339e-09,9.790341e-12,3.5985007e-25,6e-45,7.343177e-19,2.6031233e-11
630000,336,378,0,2.3950097e-09,3.7756662e-11,1.4389923e-13,6.226355e-20,5.187033e-13,5.6342358e-11
630000,336,130,0,2.3198106e-09,8.093651e-12,5.708995e-38,0.0,8.585315e-22,3.7758924e-11
630000,378,174,0,2.9732101e-09,2.7603614e-11,1.13991915e-14,1.6321275e-22,2.8520445e-13,3.7355393e-11
630000,290,251,0,2.7054092e-09,6.020325e-12,0.0,0.0,3.5066044e-22,1.2679934e-11
630000,325,92,0,3.651123e-09,3.7455065e-13,5.011688e-12,2.5168879e-15,7.1590745e-18,1.2501213e-10
630000,363,209,0,2.6039189e-09,4.3228437e-12,8.703532e-17,5.7008227e-27,1.9826127e-23,1.9813266e-13
630000,56,262,0,3.1192091e-09,2.5800972e-11,1.0097096e-15,1.715109e-24,1.0826457e-19,3.5336286e-11
630000,211,173,0,2.4563547e-09,2.3855655e-11,1.1461434e-23,5.014e-42,5.1104536e-16,3.479637e-11
630000,296,329,0,4.1156563e-09,1.5383879e-17,5.23622e-32,0.0,0.0,8.530446e-11
630000,123,224,0,2.9894835e-09,2.7707118e-11,3.3613367e-16,1.0237647e-25,1.0384389e-18,2.4330855e-11
630000,84,390,0,2.5300901e-09,3.7783752e-11,2.0460751e-12,3.8157603e-17,8.211842e-14,1.4805247e-10
630000,165,174,0,2.121359e-09,8.944428e-12,1.5417154e-34,0.0,4.933961e-22,1.3482988e-10
630000,272,234,0,2.3313809e-09,2.6409114e-12,1.1500439e-36,0.0,2.2177727e-25,5.453697e-11
630000,104,340,0,2.3527602e-09,8.023208e-12,3.9102012e-17,1.6075926e-27,8.2961024e-23,6.525695e-11
630000,179,347,0,2.2745332e-09,8.236327e-13,2.9771775e-17,5.010452e-28,9.2058925e-31,5.3718566e-12
630000,156,239,0,2.2019329e-09,3.3851975e-12,1.0845618e-25,0.0,6.2545208e-24,4.1985426e-11
630000,183,284,0,2.3166566e-09,7.6637215e-13,9.394876e-22,1.9545031e-36,1.5275489e-28,1.09778514e-11
630000,373,349,0,2.2495354e-09,1.2593278e-11,7.7073175e-14,2.462195e-20,5.1268396e-21,2.4186295e-12
630000,415,313,0,3.638502e-09,2.820547e-12,4.889565e-19,6.476308e-33,6.0245953e-25,1.9093623e-11
630000,152,340,0,2.1856623e-09,2.3155516e-11,4.431284e-12,1.9142354e-15,5.742007e-13,5.603839e-12
630000,330,329,0,3.1354732e-09,2.399029e-12,2.0790585e-24,9.7e-43,9.7335766e-26,1.9159299e-12
630000,321,107,0,3.0441527e-09,1.0005424e-11,6.7427127e-21,1.0884745e-35,4.745489e-16,5.8926315e-11
630000,297,382,0,2.6243039e-09,1.0671623e-11,4.9469885e-16,4.5848583e-26,1.9174754e-22,8.0823674e-11
630000,174,224,0,2.771121e-09,7.151135e-12,4.355896e-39,0.0,1.4838951e-22,2.147959e-12
630000,290,325,0,4.5232267e-09,4.636899e-15,8.43261e-38,0.0,2.0689e-41,1.055819e-11
630000,191,351,0,2.4267761e-09,3.679255e-13,5.484503e-26,1.12e-43,3.071088e-31,4.699875e-11
630000,103,226,0,2.5519578e-09,3.5152277e-11,2.6162862e-21,1.581728e-35,1.273611e-18,5.8634105e-11
630000,85,209,0,2.4863729e-09,5.8302696e-11,2.2506656e-15,9.107522e-24,5.516161e-14,7.266813e-11
630000,132,332,0,2.3232813e-09,1.3964513e-11,5.973083e-20,2.361118e-34,8.935331e-20,1.3001137e-11
630000,197,243,0,4.254407e-09,7.70173e-12,2.0185626e-34,0.0,4.910674e-22,3.287773e-11
630000,187,70,0,2.461345e-09,4.6325253e-12,1.5509297e-12,2.6864666e-16,1.1096398e-18,6.25843e-11
630000,54,316,0,2.2214557e-09,1.3548984e-11,8.718178e-18,2.3074753e-29,1.0611034e-21,6.1324223e-11
630000,384,248,0,2.453304e-09,9.754841e-12,6.193673e-20,1.4519762e-32,1.5621451e-20,2.77104e-11
630000,388,319,0,2.6798703e-09,1.9982835e-14,3.2016261e-15,2.9905492e-24,6.690325e-32,5.83875e-11
630000,138,150,0,2.7276696e-09,1.060833e-12,5.656362e-14,3.1663716e-19,5.7738673e-23,2.718489e-11
630000,94,432,0,2.1901017e-09,3.432437e-11,1.05407275e-16,6.886812e-23,1.814207e-13,1.0792531e-10
630000,336,257,0,4.700619e-09,3.6032212e-14,1.0577715e-25,5.6e-44,1.77916e-40,2.8604775e-11
630000,68,192,0,3.050957e-09,3.8308624e-11,1.8211498e-15,8.671441e-24,2.5377378e-14,1.4673113e-10
630000,299,147,0,2.1381619e-09,7.534452e-12,4.3870085e-15,8.208655e-24,4.2798477e-19,4.1943626e-11
630000,55,225,0,2.562795e-09,1.3267973e-10,1.0731056e-12,1.00673856e-16,2.6733706e-09,1.8068838e-10
630000,137,373,0,2.7723779e-09,3.21116e-14,2.2989496e-11,1.1634759e-13,1.439636e-15,4.8504697e-11
630000,324,416,0,2.2478697e-09,5.0938167e-11,1.0676577e-12,1.0067352e-16,1.7404853e-13,5.7325773e-11
630000,191,327,0,3.4056995e-09,2.3023917e-14,4.6294233e-28,0.0,8.5878465e-36,1.0080948e-13
630000,327,87,0,3.7418024e-09,3.798445e-12,5.8339054e-13,4.073592e-18,2.9239565e-22,6.059886e-11
630000,271,73,0,2.0899846e-09,2.8014502e-11,1.828381e-14,3.6320667e-20,1.141708e-13,5.1818123e-11
630000,325,60,0,2.431757e-09,2.488802e-13,6.618189e-18,4.9828496e-29,2.6560836e-36,1.830343e-10
630000,87,183,0,2.2365128e-09,7.616501e-11,7.803805e-12,1.8669111e-14,2.4252074e-12,1.878778e-11
630000,61,100,0,2.6177533e-09,5.2662468e-11,6.982107e-15,4.2143227e-22,8.2070764e-14,5.851325e-11
630000,78,193,0,2.6055442e-09,8.994329e-11,1.3921029e-15,5.596111e-24,2.6329647e-11,2.0885031e-10
630000,198,370,0,2.454198e-09,1.4227239e-11,8.063526e-31,0.0,3.7815732e-18,2.3390606e-12
630000,365,248,0,2.9157776e-09,1.8040448e-11,1.6413313e-16,7.085267e-27,7.11846e-14,1.8169495e-11
630000,362,87,0,2.5338058e-09,1.3487275e-11,1.2801094e-13,3.5611618e-20,4.9465918e-20,1.4495766e-10
630000,215,62,0,2.271535e-09,6.124192e-11,4.844333e-17,7.014863e-28,2.2981535e-14,1.7158126e-11
630000,194,265,0,2.357295e-09,2.548123e-12,1.0576958e-25,5.6e-44,4.585442e-27,1.0504017e-13
630000,421,304,0,2.9960594e-09,1.5676925e-11,1.397201e-13,4.0400576e-19,5.174323e-19,1.70482e-10
630000,337,208,0,2.8052098e-09,3.8958463e-15,4.2370395e-12,9.36294e-16,9.267575e-19,3.6522126e-11
630000,298,431,0,2.606084e-09,7.1910165e-11,7.081358e-14,1.0801164e-19,1.2033296e-15,6.162856e-11
630000,56,375,0,2.0423057e-09,2.012149e-12,3.3250683e-11,7.005211e-13,3.4003138e-14,1.0924678e-10
630000,130,263,0,2.7542917e-09,5.0865757e-12,1.2757332e-18,2.39058e-30,3.1329398e-20,3.9826004e-16
630000,123,116,0,2.3304212e-09,2.2910003e-12,2.0238673e-20,6.931795e-36,8.784084e-26,1.4071647e-10
630000,322,97,0,3.2718324e-09,2.1334885e-12,2.041966e-14,1.3087115e-21,1.7266329e-26,1.2682272e-10
630000,277,297,0,2.7696319e-09,2.54866e-14,3.7691062e-11,9.588647e-13,9.8894214e-14,8.7958755e-12
630000,364,170,0,2.3758613e-09,1.4957232e-11,5.1709753e-23,4.4438e-41,1.4600325e-16,3.28487e-11
630000,163,320,0,2.6350284e-09,1.13954245e-11,9.65146e-19,5.284744e-31,1.9571753e-17,4.3108507e-12
630000,294,266,0,2.5784925e-09,1.7597065e-14,1.82e-43,0.0,1.1281808e-37,1.2845247e-16
630000,388,286,0,2.8282658e-09,7.7194674e-11,1.7040559e-21,1.4441176e-35,2.4548777e-12,1.873194e-13
630000,405,345,0,3.1210194e-09,4.1648112e-11,1.2547651e-11,1.4341864e-14,1.8985303e-13,4.0140294e-11
630000,326,282,0,3.463709e-09,1.0314024e-11,2.38925e-18,4.1647477e-29,1.4169467e-18,2.4470462e-13
630000,139,75,0,2.972285e-09,2.379798e-11,8.7265845e-13,6.1438286e-18,8.366588e-21,6.3518676e-11
630000,121,57,0,2.6497828e-09,3.1240132e-11,3.1279438e-15,2.8523863e-24,5.909432e-17,2.3627806e-11
630000,420,320,0,3.858512e-09,4.8857432e-11,1.6465209e-16,5.6940864e-22,3.9847608e-14,9.357901e-11
630000,99,66,0,2.4572226e-09,3.241645e-11,6.5431835e-18,7.529762e-29,8.1425334e-13,8.612168e-11
630000,412,276,0,2.3708941e-09,6.9924656e-11,2.4351025e-12,4.62247e-16,2.3566407e-09,1.2826131e-12
630000,339,358,0,2.586412e-09,2.1577693e-11,5.889303e-28,0.0,1.7128206e-12,4.2141277e-12
630000,387,274,0,2.5820832e-09,2.9887603e-11,3.046149e-13,2.8714386e-18,4.0303261e-13,8.2737574e-11
630000,289,134,0,2.610837e-09,1.2381511e-11,2.9601573e-12,2.4233396e-16,1.037574e-17,2.8363863e-11
630000,336,222,0,2.6221616e-09,1.0548933e-11,1.349083e-16,2.3446505e-26,1.2600422e-18,1.537212e-11
630000,220,165,0,2.753044e-09,8.728757e-12,6.447804e-19,6.690292e-30,3.1220494e-20,1.0186745e-11
630000,145,269,0,2.8725244e-09,1.3832873e-12,9.321069e-23,2.02605e-40,1.7450011e-25,2.494517e-12
630000,435,333,0,2.8535239e-09,5.634916e-12,4.18811e-21,2.4801082e-36,1.3460727e-22,3.6057535e-11
630000,426,321,0,3.5192897e-09,6.3221845e-12,9.331799e-11,1.2721406e-12,1.925352e-13,9.1632986e-11
630000,282,294,0,2.8551677e-09,4.6087395e-14,3.0643528e-14,6.5096477e-21,3.5597595e-26,5.6429488e-12
630000,325,84,0,3.6626124e-09,5.364052e-12,4.07653e-14,6.1444293e-21,3.5489353e-23,7.094176e-11
630000,88,418,0,2.9396399e-09,1.2720168e-11,5.4394247e-14,1.2369413e-19,2.1922367e-23,7.121293e-11
630000,265,402,0,2.4027462e-09,8.506961e-12,2.55835e-12,5.260534e-16,5.79554e-19,1.12556915e-10
630000,323,357,0,2.4187399e-09,6.268287e-13,1.5206328e-17,2.9442132e-28,1.5901792e-30,3.6130685e-13
630000,293,324,0,4.404837e-09,4.678219e-15,3.107912e-38,0.0,5.3e-44,1.5667384e-11
630000,277,366,0,2.2863182e-09,2.135781e-12,2.368775e-15,2.5438079e-23,6.046103e-23,4.072347e-12
630000,223,104,0,2.1212854e-09,1.6263277e-11,2.5250842e-18,4.480422e-29,8.690842e-20,8.037966e-11
630000,294,89,0,2.7093476e-09,3.958489e-11,2.9837471e-16,3.6863744e-25,2.7736474e-12,4.716992e-11
630000,226,130,0,2.9757163e-09,2.3306647e-14,3.648329e-21,8.134093e-37,1.991712e-32,1.5967616e-11
630000,219,387,0,2.097947e-09,1.4244407e-13,1.0261423e-19,4.6878334e-34,5.724219e-36,8.536953e-11
630000,104,275,0,2.6875786e-09,3.8053232e-12,1.6795022e-19,9.338086e-34,1.2390833e-26,1.9109658e-11
630000,224,227,0,2.243653e-09,7.8836165e-12,9.313405e-14,2.0204732e-19,1.4884973e-17,4.9787828e-14
630000,64,251,0,2.641894e-09,9.380303e-11,1.5762747e-11,9.786452e-14,1.7202639e-11,6.470132e-11
630000,91,307,0,2.1836442e-09,6.5105694e-12,1.5971958e-11,9.3168576e-14,1.3867347e-15,7.214666e-12
630000,354,132,0,2.4285935e-09,1.8472099e-11,7.590156e-23,4.1218e-41,9.158107e-15,9.157373e-12
630000,420,225,0,2.1415494e-09,2.3495655e-11,2.8591877e-12,2.1717906e-16,1.5540507e-19,3.9966367e-11
630000,324,374,0,2.678826e-09,3.4005035e-11,4.6306467e-17,2.0921194e-27,4.0682098e-14,4.1631913e-11
630000,65,425,0,2.3049829e-09,1.0084752e-10,6.7188644e-20,1.7289997e-34,1.8102517e-12,7.908788e-11
630000,388,441,0,2.4933158e-09,6.7796185e-11,3.1077058e-11,6.000646e-13,3.898457e-14,1.1985923e-10
630000,137,418,0,2.130778e-09,4.0023863e-11,1.4912557e-11,5.2244365e-14,1.5412635e-13,4.861019e-11
630000,439,315,0,2.8855367e-09,7.540237e-12,2.3052714e-16,2.2465747e-27,3.9665802e-22,2.1997468e-10
630000,73,303,0,2.3945592e-09,4.383804e-12,2.8141447e-20,7.0527156e-33,5.918626e-23,4.7510974e-11
630000,355,97,0,2.7564488e-09,1.1748723e-11,5.128811e-19,7.382707e-31,4.407516e-19,9.7252414e-11
630000,115,98,0,2.6383244e-09,5.7275074e-12,2.2175657e-11,1.7219109e-13,2.564268e-15,1.6835715e-11
630000,184,444,0,2.0901079e-09,5.702818e-11,6.0218345e-17,1.8191301e-25,4.0769275e-14,6.0214174e-11
630000,376,74,0,2.9740046e-09,1.0517141e-11,1.5039834e-14,3.87992e-21,2.1982929e-18,8.00664e-11
630000,199,167,0,2.4180833e-09,3.554213e-12,1.212577e-21,2.634772e-36,5.5866987e-24,8.327877e-11
630000,98,361,0,2.380832e-09,7.796444e-12,2.1852463e-15,1.0515721e-23,5.2849062e-21,9.618061e-11
630000,326,325,0,3.0550276e-09,2.6412181e-13,2.5282704e-25,1e-43,7.588791e-33,5.433686e-14
630000,447,421,0,2.5314326e-09,5.9529534e-11,6.4475125e-14,5.4681633e-19,1.5192804e-13,5.572493e-11
630000,329,146,0,2.165152e-09,1.1525399e-11,6.128531e-38,0.0,5.9160966e-19,1.4866214e-11
630000,143,183,0,2.5728137e-09,3.922712e-11,4.179e-42,0.0,2.800533e-10,5.808542e-11
630000,202,283,0,2.5502345e-09,6.6895252e-12,2.6899415e-35,0.0,9.3816356e-24,1.3022145e-11
630000,145,148,0,2.5762146e-09,1.3830934e-11,1.0109423e-19,5.4799506e-31,6.298793e-19,2.292351e-12
630000,317,381,0,2.6844904e-09,2.5399542e-11,2.6651535e-13,2.4838877e-19,1.0210614e-15,2.1702055e-11
630000,371,379,0,2.5174427e-09,1.06728125e-11,8.95931e-13,5.7362027e-18,2.0466573e-22,1.5404195e-10
630000,127,60,0,3.1732876e-09,6.501339e-11,2.9569845e-12,8.13598e-16,1.7151858e-12,6.635103e-11
630000,126,297,0,2.4409956e-09,1.698234e-12,7.9444856e-20,5.1041487e-32,1.7561384e-25,8.294427e-11
630000,386,342,0,2.8659568e-09,1.8576052e-11,3.187292e-11,2.8429486e-13,8.654474e-15,4.435381e-11
630000,315,230,0,2.2180922e-09,1.0194576e-11,1.1728158e-29,0.0,5.0110114e-20,1.2395975e-14
630000,231,119,0,2.3752158e-09,7.4832225e-13,6.501579e-20,3.878916e-32,2.0043698e-26,2.0746975e-10
630000,121,404,0,2.3263402e-09,3.2412188e-11,4.4953955e-13,3.892015e-19,1.5427769e-15,1.1111973e-10
630000,411,95,0,2.4313052e-09,1.9112927e-11,6.3442984e-15,4.1577497e-20,1.5914478e-20,8.0024556e-11
630000,231,331,0,2.5824607e-09,6.7071766e-13,4.277037e-22,3.712855e-35,2.0204228e-28,9.993931e-14
630000,58,107,0,2.4279299e-09,5.3407202e-11,1.2559327e-13,2.2788213e-19,4.644873e-14,2.2298285e-10
630000,194,90,0,2.1631534e-09,7.1863956e-12,4.6171315e-21,2.75229e-37,8.06023e-22,3.463329e-11
630000,341,233,0,2.7020615e-09,1.2184216e-11,5.3364064e-20,6.8201613e-34,5.903205e-21,5.4649778e-11
630000,359,106,0,2.7447458e-09,2.3604518e-11,3.0656296e-26,1.4e-44,2.3419774e-17,3.206903e-10
630000,405,304,0,2.951872e-09,4.1589236e-12,1.0313793e-24,9.122e-42,1.0632985e-25,3.6314096e-12
630000,132,253,0,2.5945734e-09,3.8325572e-11,6.6293485e-26,3.6e-44,1.4466887e-12,2.4845444e-13
630000,126,223,0,2.948702e-09,3.3201622e-11,9.7325034e-15,8.7146367e-23,2.9609052e-18,1.1757621e-11
630000,136,144,0,2.6186147e-09,4.694623e-12,1.0459417e-14,3.2426265e-22,2.7614152e-25,2.9320196e-11
630000,82,276,0,3.9771004e-09,1.2022014e-11,1.3414776e-16,2.2416968e-27,3.97197e-21,1.6900648e-11
630000,344,328,0,2.5113085e-09,6.5143845e-12,2.1398108e-23,4.0825e-41,7.3041215e-24,2.2677266e-11
630000,109,221,0,2.5659679e-09,1.6383853e-11,1.0686543e-20,1.797705e-35,1.8272084e-19,1.222567e-13
630000,411,66,0,2.1060953e-09,3.1559998e-11,6.6401115e-16,2.7240564e-24,2.7672563e-12,1.3058421e-10
630000,435,180,0,2.4807782e-09,2.1204264e-12,4.3808476e-15,4.670377e-22,2.8855854e-26,1.6950448e-10
630000,129,183,0,2.5866302e-09,3.0531615e-11,2.5329295e-35,0.0,2.1043681e-12,1.4891447e-11
630000,168,152,0,2.126745e-09,5.724365e-11,8.263709e-23,1.50567e-40,2.2139938e-15,5.666797e-11
630000,401,103,0,3.3382044e-09,1.3376764e-11,2.2281257e-16,2.5446397e-25,3.0652805e-15,6.227001e-11
630000,287,82,0,2.388782e-09,2.3904392e-11,1.2526523e-16,1.3493895e-25,2.4523796e-16,1.6760657e-10
630000,100,131,0,2.0953903e-09,3.1030185e-11,2.3097763e-11,1.9904323e-13,3.2082715e-15,2.4326876e-11
630000,422,290,0,2.311245e-09,3.7584425e-11,5.7086867e-19,8.9889653e-32,1.8165109e-16,5.9534065e-11
630000,313,403,0,2.2938482e-09,3.197207e-11,8.018974e-15,3.6871046e-22,6.7432155e-16,8.42097e-11
630000,332,234,0,3.7934917e-09,4.7354155e-11,1.5147393e-25,4.446e-42,3.7614226e-13,6.274995e-11
630000,172,101,0,2.5028375e-09,1.239908e-16,1.0533711e-12,1.1390511e-17,9.098673e-22,1.0794879e-10
630000,386,433,0,3.034019e-09,4.7234695e-11,2.4765543e-12,4.7892296e-16,5.6755324e-14,3.8274512e-11
630000,330,69,0,2.5071887e-09,1.1814316e-12,1.3482159e-14,1.3021463e-22,2.6894528e-29,4.641019e-11
630000,410,162,0,2.60874e-09,5.5595955e-11,2.40685e-21,7.5475175e-36,2.192992e-09,1.7753788e-11
630000,97,72,0,2.4590256e-09,4.5625306e-11,8.0882e-18,8.261899e-30,1.3163641e-16,1.0410285e-10
630000,111,305,0,2.384102e-09,4.2618497e-14,1.9648272e-20,1.1147168e-33,8.543302e-37,6.568974e-11
630000,303,444,0,2.4297222e-09,5.690508e-11,7.996238e-12,2.0819999e-14,2.3188589e-14,3.5834318e-11
630000,405,456,0,2.8624244e-11,7.002072e-11,5.1181403e-11,1.070589e-11,8.481614e-12,1.2511152e-10
630000,119,309,0,9.876421e-10,3.0643428e-12,6.0325653e-24,1.543e-42,1.2412008e-25,2.5402427e-11
630000,154,116,0,1.4511019e-09,3.949488e-12,2.3719882e-13,2.4253437e-19,4.5958524e-24,1.3021965e-10
630000,54,271,0,1.5803053e-09,5.7828176e-11,1.0406192e-13,3.062182e-20,5.699588e-15,4.0980115e-11
630000,287,394,0,4.4336887e-10,2.7676432e-11,2.6464258e-13,4.0230045e-18,4.507639e-16,8.822424e-11
630000,172,424,0,2.883813e-10,9.7742725e-12,1.0220186e-13,2.1628166e-19,7.890466e-19,1.4441962e-10
630000,48,57,0,1.01896484e-10,9.997753e-11,7.197534e-13,3.3750896e-18,2.4357028e-10,8.632337e-11
630000,141,422,0,5.2432375e-10,4.183559e-11,8.155915e-14,3.897545e-20,1.8415492e-13,8.9043356e-11
630000,482,496,0,-4.0122037e-13,1.04899995e-11,2.3484282e-11,1.3048833e-13,2.047685e-15,2.2638279e-10
630000,4,362,0,-4.784047e-13,4.5653994e-11,1.7339376e-11,1.853561e-13,2.5352251e-09,1.3312874e-10
630000,499,29,0,-1.4646225e-12,6.945416e-11,1.9602325e-10,7.246384e-11,3.7433057e-10,7.030887e-10
630000,406,240,0,6.4964305e-11,6.4681566e-11,6.042068e-14,8.1981386e-21,2.4293695e-15,1.9883583e-11
630000,241,259,0,1.5679572e-10,6.306799e-18,1.2092601e-35,0.0,0.0,2.0313508e-12
630000,161,144,0,3.9818454e-10,5.88687e-11,1.7062765e-22,1.420795e-39,2.5324907e-11,2.3739867e-13
630000,221,356,0,1.5304786e-09,1.7274687e-11,9.306347e-13,8.884144e-18,1.6054706e-13,4.400127e-11
630000,177,400,0,5.014137e-10,3.069773e-11,5.2756908e-17,2.1841425e-28,2.1270439e-09,2.6018838e-12
630000,169,127,0,6.5150235e-10,1.771374e-11,1.2111567e-16,1.979433e-27,1.0989104e-16,3.3156623e-11
630000,318,273,0,6.851051e-10,1.9590086e-11,1.853925e-26,0.0,2.900842e-15,3.451091e-11
630000,422,60,0,4.461475e-10,9.976281e-12,9.118536e-13,1.7476604e-17,2.152881e-21,1.1296537e-10
630000,139,358,0,5.8889355e-10,1.8760356e-12,1.572312e-11,9.316823e-14,1.3867132e-15,4.243878e-11
630000,10,6,0,-6.978403e-13,7.218339e-11,5.378981e-11,4.117302e-12,7.6518056e-13,5.6288485e-10
630000,184,151,0,1.383997e-10,2.3342325e-11,2.438003e-19,2.3282191e-32,2.3710448e-14,3.6378023e-12
630000,148,148,0,1.0709993e-09,1.708879e-11,5.210024e-22,8.568445e-36,1.27452245e-17,1.8017919e-12
630000,374,33,0,3.614356e-11,1.1318499e-12,3.0113325e-12,2.1798928e-16,7.042906e-20,9.830299e-11
630000,457,358,0,3.524598e-11,2.7731746e-11,3.7524445e-11,9.212874e-13,4.2152134e-14,5.1539706e-10
630000,254,213,0,8.0264556e-10,6.3122957e-12,4.5642583e-27,0.0,8.787156e-21,5.1480452e-11
630000,410,93,0,1.1839641e-09,1.8980961e-11,7.5457655e-16,1.2174774e-23,4.8088384e-20,6.5891834e-11
630000,400,410,0,8.943266e-10,6.025099e-11,7.003199e-18,2.759299e-29,7.7545614e-13,2.9373212e-11
630000,300,361,0,2.0723757e-10,5.440579e-14,4.5458215e-18,1.2176979e-30,1.5412934e-31,1.6895789e-11
630000,344,179,0,3.243423e-10,1.9637417e-11,5.3269154e-24,1.8092308e-34,1.8564674e-17,3.0739643e-11
630000,96,420,0,7.5801154e-10,1.728883e-10,1.4135841e-10,5.7930567e-11,3.738239e-09,1.2612138e-10
630000,63,423,0,1.0001722e-09,7.880825e-11,6.548419e-18,7.233781e-30,1.6692363e-14,5.240332e-11
630000,79,67,0,7.652761e-10,5.2146207e-11,5.9243945e-13,2.455966e-18,3.652742e-15,2.4964059e-11
630000,316,22,0,4.2852733e-13,3.6433957e-11,4.686883e-11,1.7934612e-12,3.7575228e-11,5.2607224e-11
630000,139,161,0,3.9343048e-10,6.108452e-11,8.411916e-20,6.942081e-33,2.759851e-09,3.4657723e-13
630000,211,410,0,4.268844e-10,1.933518e-11,6.1433796e-11,1.9817347e-11,1.2144353e-11,7.867411e-11
630000,410,150,0,1.0834493e-09,2.5579159e-11,9.558954e-15,6.4378806e-23,3.6278057e-11,1.0691737e-11
630000,495,316,0,-7.648318e-13,4.6992722e-11,7.449826e-11,1.9472863e-11,9.878415e-12,8.965833e-11
630000,198,242,0,3.0593008e-09,5.5444555e-12,9.530156e-33,0.0,5.848187e-23,2.964111e-11
630000,475,453,0,9.131078e-13,9.536452e-11,5.9064316e-11,1.517102e-12,3.4584426e-13,2.9560357e-10
630000,106,187,0,3.3010902e-10,4.0843048e-11,6.9153794e-23,1.5697e-40,1.2143601e-13,3.234947e-11
630000,353,108,0,1.4181823e-09,2.3766588e-11,2.4669314e-28,0.0,4.46992e-16,3.753915e-11
630000,380,422,0,5.0579435e-10,1.0921659e-10,1.0878834e-15,2.364731e-23,3.0806743e-10,1.8993513e-11
630000,415,491,0,-1.4047625e-12,1.0173463e-10,2.1941328e-14,4.984318e-22,3.892154e-12,2.8697375e-10
630000,470,9,0,-1.4362299e-12,5.142715e-11,4.263436e-15,4.9233525e-23,2.707719e-10,5.425254e-10
630000,179,183,0,2.1881577e-10,2.3414226e-12,4.8287594e-19,5.806594e-31,1.9438565e-26,6.7431603e-12
630000,296,435,0,1.0842199e-09,6.307675e-11,3.7093757e-13,1.2262642e-18,2.985981e-10,6.2436674e-11
630000,65,340,0,2.2028342e-10,2.9601812e-13,7.413566e-18,1.0162291e-27,2.1384667e-29,4.8395572e-11
630000,301,253,0,1.0340426e-09,1.7174346e-12,0.0,0.0,2.1760913e-27,1.4093139e-15
630000,273,0,0,-9.071422e-13,1.2945278e-10,7.4604634e-16,6.227554e-26,1.8942549e-10,2.7169367e-10
630000,302,387,0,1.1760617e-09,3.7693737e-11,7.657639e-14,1.248705e-19,4.1890614e-14,5.53923e-11
630000,415,76,0,2.8983227e-10,1.0515883e-11,1.6363312e-10,5.8695916e-11,5.8857245e-11,7.0402864e-11
630000,419,293,0,9.754395e-10,3.5850285e-11,1.170212e-18,1.9266915e-32,2.0493359e-13,7.9490685e-11
630000,321,40,0,6.174052e-11,1.0339475e-11,3.2869165e-12,1.3970466e-16,3.6845138e-20,1.03668754e-10
630000,37,144,0,7.038848e-12,8.39038e-11,4.729635e-11,4.8646746e-12,4.060667e-12,1.426183e-10
630000,143,160,0,4.157579e-10,2.488707e-11,5.9003756e-22,3.8357646e-37,8.4035293e-16,4.7994147e-14
630000,105,16,0,-9.0585704e-13,6.8257254e-11,5.182776e-11,1.0656271e-11,2.6941746e-11,6.4005795e-10
630000,331,239,0,1.3801819e-09,3.6670226e-11,1.20301904e-26,3.5e-44,7.308704e-13,1.3529594e-11
630000,484,24,0,-1.6718058e-12,1.6166211e-10,1.4550875e-11,1.49774e-14,2.5009503e-09,6.1933325e-10
630000,426,449,0,7.5134e-11,2.337721e-11,9.8155555e-12,2.7858204e-15,3.6022779e-16,2.7209604e-10
630000,62,453,0,2.919189e-10,5.5769195e-11,6.2622244e-13,2.7877759e-18,4.6261475e-15,2.2118991e-10
630000,74,194,0,1.4109105e-09,4.020949e-11,1.3544528e-14,3.2642427e-21,4.564855e-13,2.0116518e-10
630000,190,493,0,-9.035566e-13,6.865005e-11,1.3907088e-10,5.660251e-11,3.144003e-09,1.3438078e-10
630000,317,347,0,4.1349155e-10,3.920365e-12,6.3221706e-11,2.9751202e-12,3.3707276e-13,2.3515757e-12
630000,14,203,0,-4.3953616e-13,3.0260395e-11,3.4379224e-13,7.0681467e-19,3.0076339e-12,7.151379e-11
630000,319,290,0,2.19628e-09,6.8095633e-12,1.3166734e-25,1.2908946e-38,3.249506e-21,1.2807704e-11
630000,483,49,0,-1.1620606e-12,1.5277063e-10,1.5902972e-11,9.786503e-14,3.005394e-10,4.1441933e-10
630000,446,126,0,1.7698883e-10,4.4622566e-11,1.2843354e-12,2.7963664e-17,2.6605237e-12,1.2685307e-10
630000,469,498,0,-1.8950168e-13,1.1049965e-11,5.0911275e-11,1.9678842e-11,1.2261162e-11,5.0986708e-11
630000,189,167,0,3.648174e-10,2.5192357e-11,2.6146692e-22,3.0720918e-38,4.2431977e-17,4.930836e-12
630000,368,282,0,5.341388e-10,2.2765978e-11,2.7617432e-26,0.0,1.5326101e-12,4.351167e-12
630000,262,440,0,1.6867674e-10,1.205048e-10,9.203158e-13,7.7912316e-18,1.1060667e-12,1.4681201e-10
630000,352,91,0,9.98248e-10,5.100386e-12,2.7173372e-15,9.836747e-24,2.934904e-21,1.8030413e-10
630000,312,494,0,-8.0679907e-13,2.734407e-11,1.964529e-11,4.2479238e-14,3.698954e-16,9.680224e-12
630000,468,117,0,4.098112e-12,5.4046632e-11,3.9912582e-14,2.6652729e-20,1.7189417e-12,7.1964594e-11
630000,66,302,0,6.7147576e-10,3.5171244e-11,7.052787e-26,6.3e-44,9.013088e-18,1.756503e-11
630000,258,113,0,2.0009253e-10,3.349721e-14,9.733958e-15,8.7146367e-23,1.7917545e-29,8.373529e-10
630000,332,169,0,1.3487865e-10,1.854752e-12,3.5315895e-19,9.913255e-27,2.3293786e-28,2.0969637e-10
630000,380,73,0,1.535625e-09,1.4188025e-11,2.5821788e-12,9.583338e-16,9.60445e-17,7.3576756e-11
630000,252,138,0,2.8931943e-10,2.9869666e-12,9.123356e-14,3.171816e-19,7.765593e-21,1.9814632e-12
630000,160,221,0,3.4619232e-10,2.0206043e-11,4.169022e-27,0.0,1.0050883e-13,1.2464575e-11
630000,137,443,0,5.2910226e-10,6.660018e-11,1.1941362e-11,1.1429595e-14,3.494942e-15,1.5180435e-10
630000,285,280,0,5.806151e-10,5.8828365e-16,6.7782863e-25,2.44e-43,0.0,4.4241937e-17
630000,433,412,0,6.639259e-10,2.21381e-11,5.9553036e-11,1.9804535e-11,1.609432e-11,5.5602695e-10
630000,267,436,0,2.1801921e-10,1.176027e-10,4.3596352e-13,6.30655e-18,3.0898498e-10,5.5985095e-11
630000,142,359,0,6.697018e-10,6.416763e-12,2.2109058e-11,1.8096127e-13,2.7663353e-15,4.271556e-11
630000,71,260,0,8.055423e-10,8.266393e-12,1.7037149e-13,6.3449675e-19,9.0593815e-23,1.4707159e-10
630000,189,115,0,8.1371276e-10,3.6023333e-12,1.575406e-17,1.8391323e-28,1.0318353e-25,2.588273e-11
630000,406,185,0,4.3190754e-10,6.325312e-11,2.6309257e-17,7.807886e-29,9.548617e-14,1.6587903e-10
630000,272,118,0,5.643998e-10,1.2393532e-11,7.37779e-24,1.554954e-39,2.0367336e-17,4.1089535e-11
630000,452,360,0,9.1303944e-11,5.573423e-11,5.1848933e-12,8.6278686e-16,1.9795729e-13,1.3064717e-10
630000,490,395,0,-1.0132076e-12,7.651781e-11,1.1580676e-11,1.9969642e-14,3.1937328e-10,2.2271898e-10
630000,182,114,0,5.420206e-10,3.977162e-12,2.5120936e-22,1.0747235e-37,3.7618927e-23,2.21455e-10
630000,191,156,0,1.8694614e-10,5.533568e-12,2.1718863e-26,0.0,3.9852104e-23,3.4548357e-11
630000,330,344,0,9.313956e-10,4.5477337e-12,1.9261585e-16,9.428908e-25,1.4870863e-23,1.9868132e-14
630000,470,22,0,-1.4713382e-12,7.199339e-11,2.0768718e-15,6.457082e-23,2.641079e-10,1.4609096e-10
630000,283,2,0,-6.6885326e-13,3.2832202e-11,4.8551655e-22,8.18141e-38,1.9992852e-14,1.32691e-10
630000,226,282,0,3.0542796e-10,1.5866075e-19,6.6557526e-33,0.0,0.0,3.0885952e-13
630000,411,259,0,3.2501696e-10,6.073144e-11,1.0274407e-17,1.5135761e-28,2.7672623e-12,1.0198255e-10
630000,251,96,0,4.1715736e-10,1.8702147e-12,5.2846407e-16,1.4499398e-25,1.1583107e-25,7.860334e-11
630000,217,201,0,1.8094753e-10,4.7234313e-12,1.613183e-16,1.9049311e-26,7.5183357e-22,3.243373e-11
630000,149,175,0,4.4343784e-10,6.8032177e-12,9.699233e-39,0.0,1.8302809e-21,6.79928e-11
630000,62,332,0,3.4112713e-10,1.3962871e-12,1.1195032e-18,8.2200965e-29,7.2449264e-30,9.440566e-11
630000,227,480,0,-7.395048e-13,9.744712e-11,7.190455e-11,1.6095277e-12,1.6650217e-10,7.345681e-11
630000,327,395,0,2.8330174e-10,2.4395914e-11,2.377334e-13,1.7288162e-18,2.3505948e-15,8.434353e-12
630000,267,297,0,4.8687665e-10,6.1198134e-12,4.140733e-13,1.654002e-17,1.2292688e-20,4.8876853e-13
630000,313,434,0,1.792426e-09,8.987382e-11,6.9738217e-15,1.289399e-23,9.9693804e-15,7.779653e-11
630000,367,434,0,1.0915406e-10,9.171239e-11,4.864739e-16,9.813316e-25,4.9137562e-11,9.9132466e-11
630000,383,241,0,5.3438376e-10,1.475673e-11,8.473918e-26,5.5e-44,1.4699807e-18,3.8990127e-11
630000,34,294,0,1.8494624e-11,4.4242058e-11,2.0518752e-13,2.4462682e-18,4.5984057e-14,1.7063624e-10
630000,250,231,0,6.614506e-10,1.2163714e-13,1.1081464e-14,3.5068875e-21,4.80689e-26,1.6135314e-11
630000,257,246,0,3.972147e-10,4.578309e-14,2.9118567e-30,0.0,2.947958e-35,4.2253855e-13
630000,50,290,0,2.901857e-10,1.067595e-11,3.6682297e-14,3.7714912e-21,8.408998e-23,2.1527741e-11
630000,176,153,0,3.3881617e-10,4.916509e-11,2.6949559e-20,1.5645538e-33,2.4336138e-09,7.83566e-13
630000,32,166,0,1.1376713e-12,5.388212e-11,5.963894e-13,1.5709874e-17,1.5307979e-15,3.1935368e-10
630000,328,368,0,1.3024647e-09,2.875469e-11,5.979031e-21,1.0026278e-33,1.173634e-11,1.5268368e-11
630000,314,398,0,8.6493135e-10,3.664155e-11,6.9931675e-16,6.1316788e-25,4.2550385e-19,1.2143309e-10
630000,154,156,0,3.4366385e-10,2.1688033e-11,2.1741306e-29,0.0,2.1043677e-12,3.6392014e-12
630000,386,42,0,2.347171e-10,2.9169604e-11,9.100479e-11,7.3055164e-12,2.1310865e-12,2.5308883e-10
630000,345,29,0,2.07334e-12,5.3712182e-12,1.3586903e-14,2.3026623e-22,1.5689535e-27,8.49422e-11
630000,335,241,0,1.1486881e-09,1.3386487e-11,4.1547407e-23,9.821364e-38,6.0933603e-19,1.1373759e-11
630000,267,442,0,1.290821e-10,1.15306875e-10,4.452729e-11,4.9355684e-12,1.0833317e-11,1.6481455e-10
630000,81,451,0,6.2107076e-11,1.521646e-11,2.6811277e-12,1.7299913e-16,1.5355888e-15,2.1155211e-10
630000,195,138,0,1.724857e-10,3.4580908e-11,8.776093e-19,1.3796135e-30,2.4955615e-10,9.105012e-13
630000,30,413,0,3.3520905e-12,7.520332e-11,6.40657e-14,4.821257e-21,3.6507946e-15,7.755301e-11
630000,278,369,0,9.320748e-10,1.3950024e-12,2.1827393e-15,8.743784e-23,8.762959e-28,2.991447e-09
630000,442,289,0,1.4452506e-10,5.1858493e-11,4.6937045e-11,4.7153167e-12,1.0427043e-12,4.837052e-11
630000,112,202,0,1.6364787e-10,4.4811987e-11,7.930073e-20,2.9907982e-33,8.1443657e-13,3.1780866e-11
630000,257,463,0,1.0802896e-11,3.7622055e-11,1.3985836e-11,2.2101912e-14,8.5254975e-13,9.439124e-11
630000,6,445,0,-1.7101938e-12,1.15600626e-10,8.4459946e-11,1.04975084e-10,9.253944e-10,1.4079313e-10
630000,335,167,0,1.1138129e-10,1.52329e-12,2.3427793e-23,1.7439609e-34,9.595548e-29,3.3394273e-11
630000,38,489,0,-1.6279613e-12,8.976039e-11,1.0351281e-11,1.8822807e-14,1.6956042e-13,3.9033538e-10
630000,72,353,0,7.674035e-11,1.1373427e-13,5.7610714e-13,6.6769093e-18,6.017507e-22,3.850246e-11
630000,133,189,0,1.0832504e-09,1.5066864e-11,9.171134e-39,0.0,3.754725e-20,2.3557819e-11
630000,149,261,0,1.5408593e-09,1.454792e-11,1.567694e-26,0.0,2.1982929e-18,2.1101688e-11
630000,323,128,0,3.9084438e-10,1.7339519e-11,2.5772884e-34,0.0,1.36758995e-17,3.9395843e-12
630000,17,271,0,3.3969027e-13,7.607814e-11,3.746549e-14,5.3428633e-22,3.1378494e-12,8.2642e-11
630000,377,112,0,8.4797314e-10,2.6882444e-12,5.6399862e-15,4.3895616e-23,3.2746637e-25,1.820264e-11
630000,200,471,0,3.2017264e-12,3.579194e-11,1.1528232e-12,1.3189625e-17,1.32168124e-14,1.181781e-10
630000,186,250,0,1.51073e-09,2.0161588e-11,1.8335245e-28,0.0,4.251887e-17,2.9978513e-09
630000,125,28,0,7.451507e-12,3.9085863e-11,9.452672e-16,8.9160176e-24,5.565202e-19,9.505821e-11
630000,350,303,0,3.2918193e-10,2.845007e-12,3.0751687e-17,3.9227233e-28,8.581989e-25,1.0075608e-15
630000,16,400,0,-7.852532e-13,1.9285013e-11,2.342592e-12,1.5871353e-16,1.557838e-18,2.285918e-10
630000,127,12,0,-8.1190106e-13,1.722389e-11,4.1437895e-14,1.9251579e-21,5.503338e-19,1.0599483e-10
630000,372,17,0,1.7693032e-13,4.7072086e-11,5.29651e-16,5.58297e-26,6.2418654e-15,1.4421643e-10
630000,215,283,0,3.9803566e-10,1.624636e-15,1.9563374e-31,0.0,0.0,1.1100574e-10
630000,140,16,0,-2.918412e-13,1.3628765e-11,1.00600826e-10,2.7021495e-12,2.2606904e-13,1.3546665e-10
630000,432,363,0,7.2561634e-10,4.5880983e-11,3.9143293e-11,7.7889995e-13,3.445132e-14,1.9597157e-11
630000,97,312,0,4.530959e-10,2.934531e-11,5.6042532e-14,7.314256e-21,9.987568e-15,3.1333793e-11
630000,315,294,0,1.8966266e-09,2.195745e-12,1.2181663e-23,1.55185e-36,2.6105447e-23,1.3053602e-11
630000,190,113,0,1.1629145e-09,1.1797956e-12,2.0926938e-16,1.755033e-25,8.099036e-31,7.3272756e-11
630000,369,391,0,6.1711286e-10,2.3787443e-11,2.9561897e-14,5.708401e-22,2.8444959e-18,3.2961415e-11
630000,432,175,0,8.201255e-10,4.099463e-12,6.1405603e-12,1.7126252e-15,1.7581962e-18,2.4408375e-11
630000,134,463,0,4.7810127e-11,2.3780926e-09,8.451709e-13,6.1424393e-18,4.1227577e-09,1.4985962e-11
630000,473,264,0,4.7909567e-12,6.77828e-11,1.727834e-12,4.2415145e-17,1.8833613e-12,1.331173e-10
630000,270,342,0,2.530822e-10,9.752217e-12,1.20646135e-29,0.0,2.3661796e-19,8.835978e-12
630000,54,118,0,2.3427432e-10,5.392461e-11,2.4352644e-15,1.3890982e-23,4.033049e-11,2.0683005e-10
630000,463,111,0,2.1160265e-11,4.9436625e-11,3.6502624e-12,3.4497293e-16,1.7998735e-14,4.9228604e-11
630000,161,325,0,7.849001e-10,5.864171e-13,4.2536406e-18,9.5265866e-29,2.5864144e-29,1.681866e-11
630000,28,192,0,4.6720752e-12,4.847017e-11,3.1145416e-11,8.0019254e-13,3.4554495e-12,7.269263e-11
630000,115,312,0,8.723042e-10,1.7773556e-12,1.1072014e-19,1.9521266e-33,4.4660363e-27,6.3619034e-11
630000,460,347,0,2.3940756e-11,3.096093e-11,7.783484e-14,1.2487302e-19,2.253656e-15,8.9546287e-10
630000,162,421,0,2.5198596e-10,5.4055874e-11,5.1398844e-18,1.080456e-30,9.847439e-12,7.58373e-11
630000,499,130,0,-5.972803e-13,5.993205e-11,1.2246718e-13,1.2429661e-20,2.0847664e-12,1.560853e-10
630000,141,70,0,1.1114438e-09,2.0348149e-11,1.0753892e-12,5.5338542e-17,3.621028e-15,4.4484128e-11
630000,82,60,0,6.4412303e-10,6.687105e-11,7.245465e-11,1.9554807e-11,1.0281207e-11,1.1159184e-10
630000,226,122,0,1.021213e-09,1.25010094e-14,1.9710376e-24,8.122e-42,8.154338e-35,2.0695255e-10
630000,256,55,0,9.973668e-11,2.455782e-11,1.0831958e-14,1.8205307e-22,2.910923e-16,3.003139e-09
630000,415,238,0,1.2994268e-10,1.8018073e-11,7.611617e-12,1.6641973e-14,3.6895768e-16,1.8671974e-11
630000,372,480,0,-1.0600567e-12,8.318433e-11,2.2273421e-11,1.5521341e-13,1.197981e-12,1.6854597e-10
630000,255,210,0,6.821444e-10,1.8820227e-12,1.824282e-30,0.0,3.1659478e-27,2.1330622e-12
630000,93,416,0,1.1240971e-09,2.4379256e-11,8.766462e-12,3.651986e-15,1.7923548e-14,1.5880747e-10
630000,165,211,0,8.654275e-10,1.7500685e-12,1.1608899e-36,0.0,2.0733246e-27,1.245204e-11
630000,126,406,0,6.423697e-10,2.1667088e-11,4.174199e-12,3.8915086e-16,1.4132695e-14,4.5705613e-11
630000,30,381,0,7.254662e-12,1.7494853e-11,1.7185166e-11,1.176225e-13,1.9847166e-15,1.7539513e-10
630000,98,224,0,7.6216516e-10,1.04590815e-10,1.2693234e-18,9.7971166e-29,2.1738254e-10,4.3208024e-11
630000,173,86,0,2.4857633e-10,8.570975e-12,3.6500306e-14,1.3882294e-19,1.1432272e-19,2.585843e-11
630000,113,97,0,1.5988226e-09,1.01340256e-11,1.7363246e-11,2.0034204e-13,9.113222e-15,3.2660628e-11
630000,259,174,0,6.8534656e-10,1.6262667e-12,2.1755e-41,0.0,1.8652487e-27,3.7030565e-12
630000,93,245,0,1.3038338e-09,5.0681587e-11,1.1393741e-14,1.6321273e-22,8.0430385e-12,6.475213e-11
630000,293,291,0,9.805634e-10,1.0120153e-11,7.6591736e-24,2.75777e-40,4.4954946e-20,4.0285883e-14
630000,326,235,0,1.2103983e-09,1.7456576e-11,1.1787286e-27,0.0,8.087845e-18,3.0055336e-09
630000,462,267,0,5.2787916e-11,6.2981585e-11,8.695283e-12,4.1280185e-15,3.8302422e-10,3.083962e-09
630000,144,441,0,5.783873e-10,3.8533197e-11,5.3891846e-13,1.7067517e-17,5.81055e-18,3.07553e-09
630000,2,394,0,-9.0419447e-13,6.416559e-11,2.6069072e-17,4.6859435e-26,4.39988e-15,3.356314e-09
630000,210,400,0,1.7278413e-10,5.987449e-12,1.0505248e-14,1.8969406e-21,2.4244228e-22,3.131187e-09
630000,61,460,0,8.232372e-11,9.125273e-11,4.420368e-12,6.053855e-16,3.1270675e-10,3.573144e-09
630000,142,434,0,3.3890785e-10,2.2996238e-09,9.337872e-15,1.4386907e-22,4.118809e-09,1.1127975e-10
630000,317,495,0,-7.9459936e-13,3.7903552e-11,2.097809e-13,7.2278106e-19,2.1837306e-11,4.1122256e-10
630000,463,363,0,1.4433234e-11,4.9449507e-11,2.0655836e-13,1.7815927e-19,3.0945418e-10,9.939073e-11
630000,110,202,0,1.4873927e-10,3.7986565e-11,2.2740678e-18,2.2093095e-30,2.2888084e-14,4.1215472e-11
630000,390,256,0,4.74156e-10,2.7989645e-11,6.293446e-15,5.355435e-23,2.8046069e-14,1.7178824e-10
630000,164,406,0,5.4294685e-10,5.0302044e-11,4.0301484e-23,1.5684493e-38,1.8380266e-11,2.8270653e-11
630000,251,130,0,4.0786627e-10,2.427972e-14,2.6029693e-15,4.8477467e-24,8.298019e-31,3.5206806e-11
630000,38,265,0,1.4326994e-10,7.855649e-11,9.013195e-13,1.3587072e-17,2.3083424e-09,5.787697e-11
630000,368,253,0,1.9677664e-09,3.0116786e-12,2.272988e-21,2.7252627e-37,6.295229e-26,6.78977e-11
630000,51,27,0,-6.744086e-13,5.5933442e-11,3.667477e-14,8.066251e-22,3.1370865e-12,3.3642567e-10
630000,231,427,0,1.4787257e-09,4.5268927e-11,7.625338e-16,7.281081e-24,3.5254114e-14,7.340031e-11
630000,375,193,0,2.966755e-10,1.1288452e-11,3.66749e-14,3.7714912e-21,2.0137446e-17,3.632292e-11
630000,469,385,0,3.0555014e-12,5.8967458e-12,1.1243639e-10,1.1154778e-10,6.397308e-10,8.90434e-11
630000,256,203,0,6.6893563e-10,4.415948e-12,8.3609017e-38,0.0,1.5780206e-22,1.09388965e-11
630000,85,142,0,3.471581e-10,5.6951725e-11,7.2736075e-12,3.5598796e-15,3.069305e-09,3.1656213e-09
630000,442,205,0,2.1878911e-10,1.755687e-11,1.7945919e-11,8.867903e-14,1.285348e-15,3.3515615e-09
630000,388,136,0,1.0140544e-09,2.5405848e-11,2.2314841e-11,1.3902879e-13,2.1374944e-15,3.0323002e-09
630000,77,168,0,5.841773e-10,2.6447339e-11,4.4806196e-14,4.3699636e-19,6.263625e-19,3.0720282e-09
630000,338,13,0,-9.798522e-13,9.0643416e-11,5.632402e-19,1.204835e-31,1.7792804e-11,3.0255272e-09
630000,70,147,0,6.0160205e-10,8.700998e-11,5.4652537e-12,7.650494e-16,1.9482277e-10,3.05478e-09
630000,401,69,0,3.8474807e-10,1.5014958e-11,5.877522e-15,2.865302e-23,3.2178874e-20,3.0025455e-09
630000,483,187,0,-7.949621e-13,6.3809846e-11,2.5235463e-11,3.1248018e-14,1.9206843e-16,3.0992944e-09
630000,28,410,0,8.8851295e-13,1.0506598e-10,4.601057e-12,9.670482e-16,5.4025315e-11,3.1020642e-09
630000,343,13,0,-9.450628e-13,1.1392933e-10,1.0368618e-15,7.041718e-25,2.2632674e-11,3.1159035e-09
630000,418,334,0,1.5110636e-09,4.049343e-11,6.7274837e-13,2.0279823e-17,8.533263e-13,2.9995326e-09
630000,383,0,0,-5.6651336e-13,2.927619e-12,4.250486e-23,3.769298e-39,1.1653059e-29,3.4540912e-09
630000,352,274,0,1.420175e-09,1.1448308e-12,9.160914e-17,3.6217767e-27,8.621424e-29,2.9969252e-09
630000,169,430,0,2.3692104e-10,4.9541152e-12,2.2175541e-11,1.7219109e-13,2.564268e-15,3.104926e-09
630000,220,110,0,5.0429544e-10,1.0519368e-11,7.628104e-18,6.715763e-30,4.1188673e-19,3.0766694e-09
630000,61,76,0,4.6693366e-10,1.1631418e-11,7.33946e-13,6.5666635e-18,1.1087066e-18,3.145555e-09
630000,55,96,0,9.2848307e-10,7.0870025e-11,3.6978312e-13,8.37384e-19,3.3578236e-14,3.1177694e-09
630000,53,386,0,1.5950266e-10,3.9437443e-11,1.1167598e-11,1.1787295e-14,1.9265586e-11,3.0805114e-09
630000,430,307,0,9.0641655e-10,2.0242858e-11,4.8911875e-11,1.0723862e-11,6.4022307e-12,3.050264e-09
630000,40,107,0,8.5431356e-11,5.6231186e-11,3.6145746e-15,3.583997e-22,1.9034683e-12,3.2174872e-09
630000,215,85,0,8.775685e-11,5.040722e-11,8.070065e-16,2.6682696e-23,9.2999936e-17,3.0476384e-09
630000,479,407,0,5.9099264e-13,4.0841924e-11,1.8810936e-10,3.7775543e-11,5.815443e-11,3.226635e-09
630000,410,330,0,1.1916883e-09,1.17793796e-11,6.3594014e-18,2.5141975e-30,9.940044e-22,3.0015581e-09
630000,122,263,0,7.8966955e-10,1.2425332e-12,3.667243e-19,4.2601634e-32,5.409308e-29,2.9888498e-09
630000,478,209,0,5.2979257e-13,3.691661e-11,5.522578e-11,4.6526715e-12,8.1260275e-13,3.0854617e-09
630000,358,83,0,1.0648575e-09,1.9550748e-11,2.9912756e-11,7.247405e-13,3.6185166e-14,3.0854084e-09
630000,327,17,0,-7.085125e-13,6.183679e-11,1.9660717e-14,7.030867e-22,1.3320318e-13,3.0363878e-09
630000,493,197,0,-1.1326347e-12,6.5008395e-11,2.6976728e-11,6.006855e-14,2.5020583e-13,3.0969491e-09
630000,381,433,0,1.14306e-09,6.5722636e-11,7.424269e-11,1.947286e-11,1.58174e-11,3.1111718e-09
630000,127,161,0,2.0402954e-10,3.0161845e-12,1.00290494e-16,9.770666e-26,1.1991249e-26,3.0918579e-09
630000,424,457,0,1.6124943e-11,8.284793e-11,1.6242706e-12,2.956172e-17,1.2554964e-13,3.1224248e-09
630000,495,430,0,-1.2037361e-12,8.859356e-11,5.4222085e-11,1.0587419e-11,2.773835e-11,3.2108602e-09
630000,273,145,0,1.360905e-10,6.838873e-15,5.850612e-22,9.3818014e-38,0.0,4.028499e-13
630000,100,48,0,9.2636517e-11,3.4861506e-11,2.2301432e-11,1.4701889e-13,2.6519308e-15,3.1641267e-09
630000,259,345,0,4.13689e-10,2.2301896e-11,1.1538719e-28,0.0,2.5311938e-18,2.9892473e-09
630000,51,327,0,2.2324266e-10,1.3301675e-11,1.0864784e-14,1.052044e-20,4.5382182e-20,3.1558263e-09
630000,499,22,0,-1.7517884e-12,1.0329943e-10,2.1977593e-12,7.897641e-17,3.2392147e-10,3.9332497e-09
630000,20,90,0,1.021702e-12,4.4138023e-11,9.0219655e-12,8.654861e-15,7.0552206e-17,3.1679566e-09
630000,124,68,0,9.723347e-10,4.0333827e-11,1.1898929e-11,2.2821726e-14,1.3677896e-16,3.0950897e-09
630000,7,21,0,-8.2679154e-13,5.9053054e-11,6.6287066e-11,1.0632299e-11,9.083779e-12,3.2530976e-09
630000,384,129,0,4.315914e-10,1.6285423e-11,5.9243945e-13,2.455966e-18,3.0652807e-15,3.0625729e-09
630000,327,468,0,1.716056e-11,6.817654e-11,5.3167718e-12,2.0601832e-15,2.7077626e-10,3.102032e-09
630000,363,4,0,-1.0596587e-12,1.0050704e-10,2.4843533e-11,1.0979932e-13,4.401176e-11,3.093021e-09
630000,116,112,0,5.8738436e-10,1.7544995e-11,6.789605e-15,4.0932626e-23,3.1204614e-17,3.1053373e-09
630000,64,56,0,2.6737662e-10,6.527188e-11,4.716726e-14,2.951246e-21,2.8520616e-13,3.2510343e-09
630000,268,68,0,4.2859438e-10,2.6215743e-11,9.834366e-13,5.484854e-17,2.921513e-16,4.804553e-11
630000,275,89,0,2.4729524e-10,1.8604032e-11,3.4772475e-13,4.5412857e-19,9.1581e-15,2.998135e-09
630000,492,360,0,-6.483206e-13,5.187914e-11,1.711111e-11,1.5213374e-14,5.5817655e-14,3.2177558e-09
630000,438,297,0,2.1794644e-10,1.6623723e-11,1.1349076e-14,2.6957987e-23,1.6254636e-18,3.1228593e-09
630000,484,461,0,-1.541228e-12,1.2313382e-10,2.0822084e-13,4.3444425e-19,4.1053166e-13,3.28166e-09
630000,4,45,0,-5.6744003e-13,4.4777897e-11,7.94267e-12,6.0575117e-15,1.772748e-11,3.3493108e-09
630000,0,34,0,-5.370961e-14,7.8689884e-12,3.4125304e-15,5.38925e-24,2.3439063e-12,2.7536364e-09
630000,3,158,0,-6.852285e-13,1.5356941e-11,2.1214204e-12,8.1610625e-17,6.963486e-18,3.1318959e-09
630000,66,84,0,6.80132e-10,2.8316589e-11,4.0116414e-11,6.4167595e-13,2.3785112e-14,3.1338674e-09
630000,304,186,0,3.786318e-10,1.6856818e-11,2.0862447e-29,0.0,5.5140294e-18,5.073039e-13
630000,136,198,0,1.3584075e-09,3.5824194e-11,3.9569246e-30,0.0,1.2143731e-13,2.0613174e-11
630000,24,430,0,-8.385635e-12,2.330629e-09,1.3503565e-16,7.8694836e-28,4.1188146e-09,1.6866579e-10
630000,2,267,0,-7.8342904e-13,4.4472964e-11,1.1914707e-10,9.177083e-12,2.8428785e-12,3.1740965e-10
630000,63,232,0,4.5286414e-10,1.2437092e-10,5.1595507e-12,1.8260753e-15,2.561558e-12,3.810346e-11
630000,485,353,0,-5.462996e-13,1.5836896e-11,1.01462275e-13,1.8483661e-20,1.4554677e-20,4.5190734e-10
630000,318,170,0,8.912936e-11,8.16212e-12,3.979379e-27,1.5e-44,1.768229e-23,2.982606e-11
630000,370,60,0,7.1832956e-10,1.53036e-11,3.6836154e-15,7.014799e-22,5.62557e-20,1.1758436e-10
630000,369,404,0,1.784933e-10,1.0051969e-11,4.934271e-13,1.3895289e-18,1.6847845e-22,4.5325837e-11
630000,49,228,0,5.297912e-10,1.13651616e-10,3.0406604e-11,6.7459384e-13,2.60415e-11,3.8135414e-10
630000,179,360,0,2.549248e-10,7.313155e-12,3.5198368e-19,3.2894178e-33,9.122357e-22,1.5761613e-11
630000,321,284,0,1.9665065e-09,2.202993e-12,8.000297e-23,2.497351e-38,1.337584e-28,2.3412501e-11
630000,149,38,0,7.278849e-11,1.5283348e-11,2.7978366e-11,9.000074e-13,2.341662e-13,1.6806519e-10
630000,466,480,0,-1.6666232e-12,1.3727049e-10,3.2091534e-11,2.0227071e-13,5.463957e-12,2.543524e-10
630000,480,333,0,-3.916338e-14,1.3109976e-12,8.295381e-14,5.633098e-20,5.03729e-25,8.989402e-11
630000,373,311,0,1.0652451e-09,3.6575335e-12,9.392966e-15,2.7166464e-22,2.9320834e-24,1.2127907e-11
630000,479,262,0,4.5129666e-13,8.0602504e-11,6.422708e-15,4.238362e-22,2.2202903e-13,3.3593712e-09
630000,136,326,0,8.3759766e-10,3.3140316e-12,6.746952e-15,1.508448e-22,3.558194e-25,4.891079e-11
630000,233,422,0,8.537103e-10,4.9626876e-11,7.773427e-18,6.23128e-29,2.6479616e-13,3.2901908e-09
630000,63,494,0,-1.0783508e-12,3.3308134e-11,2.470537e-14,4.1179486e-21,1.0537139e-12,3.281478e-09
630000,431,213,0,1.2391631e-10,5.4979236e-11,2.8729023e-11,8.502426e-13,1.7264998e-11,3.1109275e-09
630000,8,450,0,-1.7403126e-12,1.609897e-10,8.630221e-11,4.7166316e-11,1.07722324e-10,3.1053593e-09
630000,456,332,0,1.0242625e-10,3.4495764e-11,1.0131574e-12,4.5355512e-18,3.0845172e-14,7.464939e-11
630000,240,495,0,-6.39981e-13,4.6022613e-12,8.121587e-12,1.0586235e-14,1.10194784e-16,3.1430485e-09
630000,466,473,0,-1.4477517e-12,9.867925e-11,5.4307187e-11,4.2999623e-12,1.4004063e-12,3.329227e-09
630000,395,259,0,3.244691e-10,4.2871103e-11,1.702023e-15,7.9500633e-25,7.652596e-14,3.0041698e-09
630000,296,485,0,-5.13608e-13,3.9647237e-11,6.9379147e-12,2.6235287e-15,1.8074749e-12,3.0809024e-09
630000,449,439,0,9.1639807e-10,1.1424121e-10,5.5881867e-13,4.7540195e-19,8.14553e-10,3.3645031e-09
630000,399,13,0,-5.348405e-13,4.782488e-11,3.776785e-13,7.373459e-19,1.24456025e-14,3.1619787e-09
630000,129,78,0,6.938873e-10,8.018131e-11,1.9803577e-15,3.283789e-23,1.43691265e-11,3.1866692e-09
630000,35,485,0,-1.577979e-12,8.8934714e-11,7.4947074e-13,6.2499265e-18,1.9266411e-11,3.4302026e-09
630000,247,47,0,7.52303e-11,9.322731e-12,4.90084e-11,5.2317926e-13,1.6507883e-14,9.757293e-11
630000,395,161,0,9.012647e-10,2.6522564e-11,1.7557527e-13,1.9014481e-19,1.0114135e-12,3.0118228e-09
630000,470,419,0,2.4395968e-11,5.0409007e-11,1.5253628e-11,1.7163708e-14,2.8262523e-11,3.1880807e-09
630000,485,357,0,-5.298571e-13,8.526984e-12,3.940666e-12,4.249003e-16,1.2893523e-18,3.204653e-09
630000,84,444,0,1.2213158e-10,6.57037e-12,3.5246437e-17,3.7277953e-28,6.991056e-23,3.0325273e-09
630000,140,125,0,2.226352e-10,1.6252933e-11,2.607197e-12,1.1560819e-16,1.5008984e-18,3.0725138e-09
630000,479,392,0,-4.4104472e-13,4.813827e-11,3.6114642e-14,7.683926e-21,3.5529804e-12,3.2428071e-09
630000,490,199,0,-9.766386e-13,4.0632813e-11,2.3766575e-10,5.6409464e-11,7.7110665e-11,3.095092e-09
630000,82,396,0,7.017511e-10,1.8090439e-11,1.5192991e-11,5.9489496e-14,7.245253e-16,2.1984786e-10
630000,0,455,0,-1.7241496e-12,6.633617e-11,1.7830537e-13,3.4712273e-20,3.0002367e-17,1.13051374e-10
630000,450,197,0,5.898906e-10,2.7274247e-11,2.6988841e-13,3.2589714e-19,1.229684e-14,1.0763316e-10
630000,164,57,0,1.5807038e-10,2.4566939e-11,2.8342029e-14,1.3895571e-21,1.7750917e-15,9.08529e-11
630000,205,461,0,2.6127923e-11,2.3243888e-11,8.436499e-12,2.7985986e-14,3.4952306e-15,3.0363743e-09
630000,96,81,0,4.0253956e-10,5.549316e-11,1.4733818e-13,4.868032e-20,2.8295716e-10,3.0080134e-09
630000,1,452,0,-1.8032586e-12,1.2426207e-10,2.3185182e-12,1.684724e-16,1.1614125e-12,3.0209226e-09
630000,459,4,0,-1.6411589e-12,1.6543335e-10,6.3225515e-11,2.9751202e-12,2.9789735e-09,3.3470142e-09
630000,454,75,0,3.707963e-10,5.903132e-11,1.5677973e-11,4.551789e-14,1.4688029e-11,3.0821732e-09
630000,4,72,0,-6.705829e-13,4.16226e-12,1.5617988e-11,6.329757e-14,7.8752327e-16,3.5162717e-10
630000,262,461,0,1.1117415e-11,2.2024198e-11,6.7597435e-11,3.635301e-12,4.797933e-13,3.0709708e-09
630000,372,466,0,3.728816e-12,6.447462e-11,2.2955913e-11,1.5522318e-13,3.0098799e-12,3.0604583e-09
630000,77,404,0,5.227732e-10,5.319516e-11,3.3723044e-12,7.5034387e-16,6.8663293e-13,3.0299876e-09
630000,10,453,0,-1.6705723e-12,1.3905953e-10,1.7860744e-11,2.694448e-14,7.294771e-12,3.2690384e-09
630000,7,130,0,-9.523452e-13,4.1922604e-11,7.048581e-11,1.046783e-11,5.2572105e-12,3.1386858e-09
630000,34,426,0,3.097759e-11,7.49044e-11,1.2137677e-13,3.6344345e-20,1.5390032e-13,3.2398224e-09
630000,99,452,0,3.1296774e-11,7.8462084e-11,1.4344635e-11,3.3566574e-14,7.6954516e-16,3.1292577e-09
630000,484,252,0,-4.3448296e-13,6.0045593e-11,2.7223222e-12,6.3032227e-16,6.3468974e-12,4.1518113e-09
630000,35,30,0,-1.0568554e-12,2.6634452e-11,2.3085804e-11,2.2383011e-13,1.1827847e-14,3.4711716e-09
630000,471,80,0,1.5293215e-11,2.8611523e-11,2.1856326e-13,1.3076052e-19,1.2980054e-18,3.2939556e-09
630000,74,62,0,1.3222523e-09,3.97689e-11,7.657639e-14,1.248705e-19,7.5412335e-19,3.0952516e-09
630000,82,412,0,1.0626181e-09,4.3539342e-11,2.1602676e-12,1.8609199e-16,5.8766443e-15,1.601262e-10
630000,107,34,0,1.1727749e-11,1.792888e-11,8.4691966e-17,6.607962e-27,7.564492e-21,3.124825e-09
630000,499,302,0,-9.563807e-13,8.1614826e-11,7.6944145e-11,1.5820714e-12,2.5435643e-13,3.496482e-09
630000,213,88,0,1.03942764e-10,4.8677975e-11,1.0051277e-18,1.9227215e-30,4.7288744e-15,2.0743164e-11
630000,449,31,0,1.2153679e-11,3.445646e-11,4.6933533e-12,2.2459754e-16,2.7407239e-16,3.3748213e-09
630000,81,476,0,-6.078867e-14,4.785825e-11,1.3303166e-12,2.0034255e-17,2.0370732e-17,3.2379812e-09
630000,305,49,0,1.5291098e-10,4.7025137e-11,5.616111e-13,2.8034166e-18,2.886328e-12,3.1403635e-09
630000,185,485,0,-6.0771613e-13,5.5333692e-11,6.2313335e-11,3.0866796e-12,2.3292726e-12,3.1444172e-09
630000,456,139,0,9.377087e-11,3.734425e-11,7.1681125e-19,4.9841325e-30,1.6305642e-12,3.0719152e-09
630000,436,455,0,8.291411e-11,2.737652e-11,8.7154645e-11,4.9575094e-11,8.09628e-11,3.9509723e-10
630000,493,135,0,-5.9879467e-13,4.0003778e-11,8.819994e-11,5.0761763e-11,3.7038134e-10,3.0902993e-09
630000,200,180,0,7.941931e-10,2.8123552e-11,2.1310842e-13,1.5233836e-19,2.0690647e-14,2.9992286e-09
630000,49,491,0,-1.6002788e-12,9.11128e-11,3.6528495e-13,7.081461e-19,2.6298276e-11,3.3350303e-09
630000,496,473,0,-8.929565e-13,1.9831212e-10,3.346881e-12,2.5315422e-16,8.758343e-12,3.1100025e-09
630000,308,169,0,6.158187e-11,2.054846e-11,2.4927776e-18,6.2862816e-30,1.9262163e-14,2.6728428e-11
630000,282,365,0,6.363448e-10,5.986969e-13,4.2120658e-14,1.627935e-20,2.376222e-25,8.548388e-11
630000,192,427,0,7.893078e-10,4.358636e-11,1.1888208e-13,3.0311213e-20,8.211202e-14,3.0964968e-09
630000,111,3,0,-1.2014756e-12,1.0898406e-10,9.895183e-12,7.532537e-15,4.336688e-14,3.0920473e-09
630000,2,229,0,-9.460087e-13,3.6049965e-11,2.2488295e-10,8.285711e-12,1.7206446e-12,3.228989e-09
630000,421,438,0,2.2565136e-10,6.1688835e-11,1.3696196e-19,4.4708282e-33,2.2868818e-11,3.279819e-09
630000,457,263,0,1.3890913e-10,4.992674e-11,4.7970072e-11,1.0737542e-11,6.6223225e-12,3.0366394e-09
630000,61,118,0,3.4076786e-10,4.2838854e-11,5.934488e-17,2.6449371e-28,4.8699922e-15,3.0231615e-09
630000,26,481,0,-1.5400464e-12,6.5459096e-11,3.1768782e-11,5.031258e-13,2.6844395e-14,6.3838496e-10
630000,19,155,0,-1.0232698e-12,5.531543e-11,1.7344623e-12,4.042078e-16,6.254846e-16,1.7485673e-10
630000,25,5,0,-7.747287e-13,7.641714e-11,2.4799414e-11,9.729271e-14,6.549239e-14,3.960684e-10
630000,168,93,0,4.481995e-10,3.0413938e-14,1.488391e-11,4.5520726e-14,4.9688414e-16,2.8332794e-10
630000,184,290,0,8.2375573e-10,2.9979578e-12,1.2150612e-17,2.117892e-28,2.891645e-26,1.1584074e-11
630000,415,42,0,7.9229116e-11,2.6805566e-11,8.506484e-11,1.9577505e-11,1.0158343e-11,3.3959489e-09
630000,402,270,0,7.61817e-10,4.9166622e-11,9.595553e-17,2.2229345e-23,4.2773372e-15,3.0086194e-09
630000,138,45,0,1.7397223e-10,1.216452e-11,1.0426185e-14,1.7075626e-22,4.0036196e-19,3.1212952e-09
630000,7,67,0,-7.938897e-13,2.662061e-11,3.5072147e-09,7.200764e-10,1.1533127e-09,5.4613175e-10
630000,60,65,0,3.888045e-10,6.033947e-11,4.1416722e-12,4.9199494e-15,3.170654e-14,3.1972298e-09
630000,61,122,0,2.9596167e-10,3.5523962e-11,1.1162465e-15,1.7958949e-25,8.797155e-14,3.0961063e-09
630000,37,76,0,9.339442e-11,6.3407744e-11,1.7796825e-11,1.5629648e-13,3.2668011e-12,3.1948357e-09
630000,453,136,0,1.1993671e-10,2.1140109e-11,4.4601714e-17,2.656206e-27,9.271884e-16,3.112678e-09
630000,466,449,0,2.3614222e-11,6.2661744e-11,9.643797e-12,1.031276e-14,3.0668149e-10,3.3856515e-09
630000,82,384,0,8.101017e-10,5.7331872e-11,4.9645232e-11,4.715947e-12,2.9343446e-12,3.0407215e-09
630000,92,263,0,1.5763602e-09,8.541247e-11,8.4418836e-15,2.2422969e-22,1.518799e-11,3.0153358e-09
630000,402,233,0,7.663281e-11,7.3331466e-11,4.796647e-13,4.4317603e-18,2.7437538e-15,3.0137903e-09
630000,398,6,0,-7.074159e-13,6.104991e-11,3.2074183e-17,2.0711622e-28,1.0681254e-13,3.147049e-09
630000,59,342,0,8.3994894e-11,1.0363942e-11,1.9552346e-17,4.769983e-28,4.561564e-21,3.0831173e-09
630000,37,434,0,6.187345e-11,4.035367e-11,1.8619036e-13,9.896086e-19,1.6735517e-18,3.2578775e-09
630000,312,190,0,7.6609186e-10,7.8176257e-13,7.4539566e-32,0.0,1.4441453e-28,2.990366e-09
630000,262,61,0,1.208037e-10,4.7629205e-12,2.4498085e-18,6.347785e-28,1.1682399e-25,2.9995817e-09
630000,40,5,0,-5.3423455e-13,4.8254633e-11,8.5789466e-11,5.0170822e-11,8.3446035e-11,3.5778633e-09
630000,452,78,0,5.6045796e-10,2.687145e-11,1.005626e-11,9.0759335e-15,3.3532774e-17,3.1177112e-09
630000,326,462,0,5.5977722e-11,5.969057e-11,3.1141728e-11,6.000646e-13,2.64584e-14,3.1490837e-09
630000,157,86,0,6.464477e-10,2.1000276e-11,1.03840325e-10,1.712994e-11,6.288932e-12,3.1170713e-09
630000,316,71,0,8.5810076e-10,7.4810765e-12,4.5154488e-11,4.935571e-12,9.479857e-13,3.0369236e-09
630000,295,207,0,8.4894913e-10,1.2174131e-13,3.4335237e-38,0.0,8.097003e-38,7.2173156e-11
630000,131,415,0,5.2319526e-10,3.3842852e-11,5.3663332e-12,1.2858223e-15,2.6856665e-17,1.7014525e-11
630000,40,338,0,8.6608964e-13,2.3118698e-09,8.662222e-12,5.256344e-15,4.165206e-09,2.1557403e-10
630000,414,288,0,6.517636e-10,5.7003433e-11,2.8530677e-17,1.661205e-26,2.3161581e-12,1.00574826e-10
630000,194,462,0,2.2980022e-11,2.302852e-09,4.7758377e-12,1.3919737e-15,4.1188084e-09,1.4974534e-10
630000,295,420,0,4.2442425e-10,5.2384576e-11,1.0298338e-14,2.7181867e-22,1.8240139e-11,4.2452947e-11
630000,240,340,0,7.150594e-10,4.3713882e-12,3.0640226e-18,2.8288683e-30,7.28234e-24,1.6258801e-13
630000,126,257,0,9.967472e-10,2.289827e-09,5.1793032e-23,4.1779955e-38,4.1188963e-09,2.8293826e-14
630000,361,481,0,-1.0280413e-12,4.8723865e-11,2.0255692e-12,5.5158076e-16,1.5189188e-11,4.793968e-11
630000,261,486,0,-9.853394e-13,5.6429295e-11,3.4807258e-11,1.1747848e-12,1.7097387e-13,1.4729565e-10
630000,46,393,0,3.1750907e-11,5.113023e-11,1.695334e-11,1.12609513e-13,2.9086906e-12,5.2742213e-11
630000,119,368,0,3.969691e-10,1.1201902e-11,2.7798878e-16,1.6244825e-26,6.2792682e-18,1.7709292e-10
630000,139,276,0,9.013749e-10,7.1490817e-12,6.948501e-16,9.198686e-25,2.9569354e-22,1.3683079e-13
630000,83,438,0,2.280773e-10,1.0800829e-11,5.781161e-21,3.6169578e-31,1.4357471e-20,6.644321e-11
630000,416,374,0,2.0740229e-10,2.8884258e-11,5.703027e-14,3.0562327e-20,2.812834e-15,1.7072609e-10
630000,425,255,0,3.1001854e-10,8.086201e-11,8.238375e-11,2.9494194e-12,3.1627934e-13,6.6025733e-11
630000,146,243,0,3.4277267e-10,3.1321775e-11,2.7429796e-21,1.4213568e-37,7.6521756e-14,2.0242323e-11
630000,360,398,0,5.1036175e-10,2.8473656e-11,2.1753786e-17,6.528855e-27,1.0475568e-16,6.149295e-11
630000,447,113,0,1.282622e-10,3.8382405e-11,1.7839319e-13,6.612684e-20,1.9779548e-11,1.7234651e-10
630000,334,395,0,1.8675875e-10,3.235078e-11,5.0925793e-14,1.9950407e-21,4.350497e-15,7.1378988e-12
630000,248,408,0,6.4118305e-10,4.4715193e-11,7.3334615e-25,7.1e-43,1.2820478e-12,1.4055376e-10
630000,85,388,0,1.4344438e-09,4.317942e-11,1.4517731e-11,2.4649474e-14,2.0028842e-12,9.1595787e-11
630000,406,325,0,8.542771e-10,2.5714897e-12,2.855027e-20,1.37416575e-33,1.2037984e-25,3.320855e-12
630000,231,104,0,4.130954e-10,1.416223e-11,1.07219785e-14,1.8249059e-22,8.349651e-20,4.7814884e-11
630000,407,397,0,4.6513118e-10,1.41463915e-11,2.1929664e-13,2.8230232e-19,1.9041842e-19,1.1630232e-10
630000,25,134,0,-4.5065552e-13,2.1845734e-11,3.662378e-12,1.1174134e-15,6.5264393e-18,2.5737396e-10
630000,431,288,0,3.673745e-10,2.822896e-11,5.606438e-16,3.487877e-24,2.2382207e-09,4.7100306e-11
630000,16,273,0,5.2453928e-14,5.9937263e-11,4.0786355e-13,6.029797e-19,2.1856931e-11,1.0739774e-10
630000,3,447,0,-1.789488e-12,1.3241239e-10,2.925148e-11,1.931846e-13,5.346581e-15,8.2917694e-11
630000,12,389,0,-6.746483e-13,3.1161504e-11,3.1020733e-12,2.2170082e-16,3.630106e-18,5.9280414e-11
630000,321,39,0,5.0802286e-11,1.2612557e-11,8.196805e-12,1.6382795e-15,1.4683279e-18,1.1398581e-10
630000,13,115,0,-9.927498e-13,4.496692e-11,1.8849176e-13,2.1885578e-19,2.9859806e-10,1.6090457e-10
630000,463,306,0,1.651441e-11,3.9406003e-11,3.4622596e-09,7.191878e-10,1.1532676e-09,4.9008485e-11
630000,14,164,0,-7.365397e-13,2.1903153e-11,2.4937203e-12,2.9699233e-16,1.822656e-17,4.175568e-10
630000,24,460,0,-1.059525e-12,5.7028278e-11,6.3412085e-13,3.5565077e-18,9.426487e-15,1.7791014e-10
630000,300,48,0,7.1449034e-11,2.5241037e-11,2.2285416e-12,2.0520342e-16,3.065364e-15,8.8220674e-11
630000,113,455,0,1.6061263e-11,1.5594204e-10,6.5853864e-11,4.353939e-11,8.78282e-11,1.9377203e-11
630000,467,253,0,2.5738637e-11,4.1049716e-11,6.948082e-11,4.534293e-11,8.8030215e-11,5.587765e-11
630000,207,446,0,4.0134523e-10,4.1470983e-11,3.7266366e-14,8.844265e-21,2.7704936e-10,1.5354046e-10
630000,80,0,0,-1.2488949e-12,8.7344944e-11,4.072369e-13,2.5911151e-18,6.2878237e-15,1.483757e-10
630000,494,296,0,-8.0776553e-13,4.348852e-11,2.893007e-12,2.1736083e-16,2.1114614e-12,3.1974947e-09
630000,432,498,0,-1.6367951e-12,4.6210306e-11,9.71752e-11,4.3335847e-12,5.0742136e-13,3.5625176e-09
630000,264,51,0,3.1657777e-11,4.2010867e-11,3.6790942e-18,3.754745e-30,7.90466e-13,1.023941e-10
630000,26,426,0,4.443321e-12,8.058541e-11,6.667017e-16,2.9314996e-26,3.2252626e-14,3.065281e-10
630000,35,20,0,-1.2315996e-12,4.9424142e-11,3.4763428e-09,7.1920403e-10,1.1533071e-09,2.9518973e-10
630000,476,26,0,-1.3891451e-12,5.450034e-11,1.4248223e-13,9.100191e-20,2.9116423e-10,3.105062e-10
630000,110,496,0,-9.442266e-13,5.849851e-11,3.4622913e-09,7.191878e-10,3.826175e-09,2.010302e-10
630000,61,42,0,2.532279e-11,1.1899204e-10,7.264535e-12,9.449943e-15,3.865737e-11,3.4515452e-10
630000,87,44,0,5.9230294e-11,1.4965423e-11,3.5145283e-11,9.792264e-14,3.940588e-15,1.9816492e-10
630000,288,54,0,3.310656e-11,4.0414543e-11,1.7531487e-13,1.8838741e-19,3.349384e-14,2.0202863e-10
630000,187,83,0,4.6428453e-10,1.4339315e-11,2.5167315e-24,2.340164e-38,1.9262163e-14,2.1558477e-11
630000,7,317,0,-6.978741e-13,3.5293154e-11,6.55827e-13,7.532835e-18,1.6778375e-15,3.0618077e-09
630000,55,439,0,5.1977245e-10,2.8704811e-11,3.4582684e-12,3.0714484e-16,4.8402525e-11,1.642799e-10
630000,310,480,0,4.3717704e-13,1.5975787e-11,1.2504731e-19,1.8453896e-32,1.751018e-21,6.550765e-11
630000,456,256,0,1.8459337e-10,2.9538278e-11,1.5470658e-13,4.546526e-19,1.4719472e-17,8.225732e-11
630000,479,216,0,-1.4606975e-13,3.2648936e-11,3.608671e-13,4.0816016e-18,2.3154356e-12,2.025937e-10
630000,399,486,0,-1.1477105e-12,5.6044294e-11,1.6202026e-11,1.0266026e-13,3.8304904e-11,1.0625181e-10
630000,318,450,0,2.5787586e-10,5.0500607e-11,1.1757205e-14,7.634863e-22,2.8287904e-15,1.1764678e-10
630000,78,497,0,-9.375863e-13,5.0530642e-11,7.143843e-11,4.3542416e-11,3.7015013e-10,6.756048e-10
630000,481,295,0,-5.942403e-13,2.8674143e-11,5.01863e-12,9.711394e-16,3.6489813e-12,6.1238603e-10
630000,69,68,0,7.840512e-10,5.664217e-11,2.344398e-18,1.5677289e-30,2.4437237e-13,3.1138405e-09
630000,34,190,0,1.9751959e-11,3.6128593e-11,1.0588221e-12,1.9524794e-17,2.436567e-16,2.396192e-11
630000,97,481,0,-6.9100113e-13,3.046577e-11,3.4622831e-09,7.191878e-10,1.1532685e-09,9.311033e-11
630000,263,2,0,-8.5585814e-13,4.1345843e-11,7.832482e-12,1.8669133e-14,3.839778e-12,3.1356975e-09
630000,100,170,0,3.3095462e-10,7.704889e-11,3.813086e-18,5.8312725e-31,9.612943e-12,7.067141e-11
630000,471,482,0,-1.6664958e-12,1.4097726e-10,3.6860397e-09,8.836099e-10,1.8762036e-09,4.3022044e-10
630000,220,21,0,6.685111e-13,3.6641263e-11,3.446386e-13,9.1862295e-18,1.0050897e-13,1.3908111e-10
630000,293,40,0,7.661594e-12,8.414996e-12,8.352014e-14,6.481019e-20,8.80606e-19,1.3365703e-10
630000,453,365,0,1.1221308e-10,8.2643684e-11,7.994533e-12,1.3658247e-14,2.258054e-11,7.321142e-11
630000,9,365,0,-4.6870076e-13,3.580858e-11,3.040692e-11,6.7459384e-13,1.3140157e-12,3.0803358e-09
630000,391,8,0,-5.260851e-13,2.4870111e-11,1.12844194e-17,3.644571e-29,4.019806e-16,1.3014753e-10
630000,158,486,0,-4.539619e-13,2.6688995e-11,3.950921e-11,2.971866e-13,1.2641341e-14,5.6565436e-11
630000,265,442,0,1.2597838e-10,1.2092741e-10,2.1737735e-11,2.1775511e-13,1.8882206e-13,3.101671e-09
630000,165,429,0,3.202275e-10,1.8153127e-11,7.345705e-13,4.2179974e-18,1.7573648e-16,9.54732e-11
630000,430,311,0,1.1700538e-09,3.317098e-11,3.4658096e-09,7.1919015e-10,1.1855126e-09,2.0059933e-10
630000,486,69,0,-5.307486e-13,6.2627584e-11,9.740964e-12,6.1356136e-15,4.9192795e-13,3.7700879e-10
630000,160,445,0,6.0021904e-10,5.4052735e-11,4.177687e-14,4.1993284e-20,3.0168105e-12,4.6397608e-11
630000,215,452,0,1.600132e-10,4.0260205e-11,3.3953846e-13,1.5348345e-18,1.663347e-14,5.5299525e-11
630000,22,279,0,3.0495441e-12,3.3676232e-11,5.7808506e-12,2.5450284e-15,1.14606685e-17,3.1726917e-09
630000,344,464,0,1.6404574e-11,3.1398946e-11,8.313945e-12,2.5481848e-14,2.886637e-12,2.0708849e-10
630000,370,417,0,1.05776325e-10,2.4282333e-11,8.066571e-17,1.7571349e-25,1.5610813e-16,8.0419636e-11
630000,69,62,0,7.748472e-10,5.847818e-11,4.9099843e-17,2.1116039e-26,2.6100546e-13,2.2632501e-10
630000,383,38,0,1.2575693e-10,1.6047491e-11,1.0083509e-11,1.1182668e-14,8.200563e-17,1.07602774e-10
630000,487,231,0,-8.507988e-13,6.223497e-11,2.9533071e-18,3.4568644e-31,6.897446e-16,8.615322e-11
630000,467,391,0,3.341815e-12,2.018348e-11,2.9545509e-12,2.1513835e-16,2.8862618e-12,2.3275515e-10
630000,167,478,0,1.203586e-12,4.079605e-11,3.473847e-09,7.192078e-10,1.153751e-09,5.773861e-11
630000,471,262,0,8.563186e-12,5.8921965e-11,1.4108417e-12,2.851209e-17,6.059249e-13,3.123504e-09
630000,68,124,0,6.8558265e-10,2.4535242e-11,6.788616e-17,1.3877593e-27,3.830329e-11,3.9098894e-10
630000,293,496,0,-8.1813945e-13,2.9285203e-11,3.2893365e-12,1.426189e-16,2.532948e-14,1.5638382e-10
630000,171,401,0,7.549413e-10,1.4411066e-11,4.0164055e-20,5.4113974e-35,6.708137e-18,3.1715579e-12
630000,490,477,0,-1.530088e-12,1.0955303e-10,3.5673815e-09,7.6540657e-10,1.2388772e-09,2.9667466e-10
630000,443,175,0,9.656674e-10,1.5033795e-11,1.7297329e-11,2.30979e-13,5.4790834e-14,1.6082255e-11
630000,482,331,0,-1.8514061e-13,2.009106e-12,1.6463739e-14,6.595983e-21,2.0570431e-25,8.593081e-11
630000,444,463,0,2.1593522e-11,5.0280405e-11,3.883799e-15,6.572802e-24,4.235666e-11,1.5934096e-10
630000,495,146,0,-5.7912003e-13,9.272164e-12,1.5928785e-15,6.982634e-24,3.1510346e-25,1.7870252e-10
630000,138,7,0,-8.685184e-13,4.698986e-11,1.559809e-11,7.5427064e-14,1.6224224e-12,7.3086946e-11
630000,469,415,0,2.37631e-11,6.254203e-11,3.792256e-11,1.9978303e-13,1.4708441e-12,2.121787e-10
630000,102,33,0,5.981377e-12,3.916983e-11,1.0538484e-13,9.8204356e-20,1.9075222e-17,1.2422091e-10
630000,370,407,0,1.3661172e-10,1.9301893e-11,4.0721007e-14,4.5911682e-21,1.4985937e-16,7.0005814e-11
630000,12,191,0,-4.731894e-13,1.372295e-11,7.020187e-12,7.691233e-15,3.2836473e-17,4.3494798e-11
630000,497,494,0,-2.565512e-13,7.643361e-11,1.15177014e-10,5.3973015e-12,2.4236402e-10,3.0171914e-09
630000,36,271,0,1.00264005e-10,3.050357e-11,3.755172e-14,5.2117564e-22,1.2747702e-12,1.1798565e-10
630000,446,484,0,-1.4403348e-12,8.8546254e-11,1.8779004e-11,1.4929425e-13,4.161684e-11,3.333964e-09
630000,16,204,0,-3.2813525e-13,3.7731412e-11,6.8849345e-14,2.2480325e-20,4.2356653e-11,1.0821969e-10
630000,24,89,0,4.53253e-12,5.2916557e-11,6.096176e-13,5.9240483e-18,9.346779e-15,3.7723757e-10
630000,74,79,0,3.2749697e-10,2.8088984e-11,3.4622833e-09,7.191878e-10,1.153287e-09,3.49162e-10
630000,440,462,0,2.532352e-11,4.4814444e-11,5.583252e-13,2.1287317e-18,1.3943317e-17,1.063519e-10
630000,457,176,0,1.0067542e-10,8.236044e-11,1.2822275e-15,2.5289912e-24,2.7091454e-10,1.5310817e-10
630000,465,8,0,-1.5126329e-12,6.8141486e-11,4.6289604e-12,6.8923754e-16,1.7931785e-15,3.240165e-09
630000,474,465,0,-1.361982e-12,1.2105397e-10,3.4727863e-09,7.192057e-10,1.1541491e-09,5.0494847e-10
630000,483,317,0,-4.584993e-13,1.8325008e-11,2.4871959e-11,1.6418274e-13,2.373998e-15,1.830265e-10
630000,460,387,0,1.949699e-11,4.6511395e-11,3.9004276e-11,8.85374e-13,1.1789734e-13,4.856258e-10
630000,480,119,0,-3.0228183e-13,3.0741663e-11,5.686952e-18,1.433931e-28,2.650644e-12,2.369466e-11
630000,418,396,0,1.3665068e-10,5.341672e-11,1.7313276e-11,1.779676e-13,7.586158e-15,3.1161909e-09
630000,59,20,0,-1.0073695e-12,5.3135597e-11,8.5250715e-14,6.2754736e-21,9.847006e-12,3.3292932e-10
630000,134,476,0,3.3142968e-12,1.0455228e-10,1.02566814e-17,3.2568404e-30,1.2934876e-12,2.76756e-10
630000,17,457,0,-1.4057889e-12,7.83252e-11,7.170227e-12,8.252005e-15,1.0069329e-12,2.7662006e-10
630000,467,458,0,4.749332e-12,7.6490356e-11,3.4751242e-09,7.192122e-10,1.1720716e-09,1.9959302e-10
