meanconcen,il8mean,il1mean,il6mean,il10mean,tnfmean,tgfmean,il8std,il1std,il6std,il10std,tnfstd,tgfstd
0,7.02413e-10,0.0,0.0,0.0,0.0,0.0,3.4762238e-10,0.0,0.0,0.0,0.0,0.0
10000,7.9837226e-10,1.3799843e-11,0.0,0.0,2.4912197e-11,0.0,5.4732524e-10,1.7615685e-10,0.0,0.0,3.193552e-10,0.0
20000,8.793635e-10,2.5300222e-11,6.709804e-12,1.3937749e-12,4.7474056e-11,0.0,6.294709e-10,2.3685487e-10,1.5226968e-10,3.162979e-11,4.3200388e-10,0.0
30000,9.165105e-10,3.572845e-11,1.0739383e-11,2.2280875e-12,6.7389455e-11,7.412769e-12,6.8955003e-10,2.8070274e-10,1.9240588e-10,3.9967016e-11,5.1220267e-10,1.4860517e-10
40000,9.612955e-10,4.5702324e-11,1.9021333e-11,3.944651e-12,8.669773e-11,1.4587265e-11,7.3116013e-10,3.1592873e-10,2.5569996e-10,5.3114717e-11,5.7505856e-10,2.08208e-10
50000,1.0027007e-09,6.0801156e-11,2.285348e-11,4.7430198e-12,1.16291886e-10,3.8030475e-11,7.624036e-10,3.6310166e-10,2.8023325e-10,5.8210825e-11,6.6529804e-10,3.3337075e-10
60000,1.0357031e-09,6.364225e-11,2.4845449e-11,5.132528e-12,1.2323066e-10,7.418814e-11,7.924689e-10,3.696935e-10,2.9139618e-10,6.0529116e-11,6.9718625e-10,4.6234572e-10
70000,1.0756138e-09,6.887226e-11,3.3274182e-11,6.839616e-12,1.3296707e-10,9.74727e-11,8.146328e-10,3.8033784e-10,3.3789824e-10,6.984282e-11,7.048226e-10,5.243019e-10
80000,1.1185769e-09,7.39156e-11,1.8784353e-11,3.8441676e-12,1.3506808e-10,1.5870173e-10,8.288622e-10,3.9496437e-10,2.50423e-10,5.2269723e-11,7.3350087e-10,6.6598754e-10
90000,1.1504742e-09,8.1405e-11,3.9583618e-11,8.106925e-12,1.542887e-10,1.6741832e-10,8.536743e-10,4.0767242e-10,3.650211e-10,7.5782054e-11,7.55463e-10,6.7911443e-10
100000,1.1810262e-09,8.373294e-11,1.9234891e-11,3.8328993e-12,1.4863259e-10,2.2299668e-10,8.6646557e-10,4.1245057e-10,2.5115138e-10,5.2102867e-11,7.548591e-10,7.8235096e-10
110000,1.2220672e-09,9.4628666e-11,2.8131948e-11,5.5861843e-12,1.7608669e-10,2.5441418e-10,8.7775753e-10,4.4135842e-10,3.0483963e-10,6.287363e-11,8.27229e-10,8.2625684e-10
120000,1.2594755e-09,9.809075e-11,2.8271128e-11,5.888649e-12,1.750298e-10,2.9056368e-10,8.8904223e-10,4.4161597e-10,3.0585692e-10,6.452076e-11,8.11608e-10,8.6993773e-10
130000,1.2795581e-09,9.582374e-11,2.8495213e-11,6.148054e-12,1.7217602e-10,3.2427425e-10,9.0878405e-10,4.337495e-10,3.0179653e-10,6.531491e-11,8.0308316e-10,9.1306396e-10
140000,1.3055969e-09,1.0351522e-10,3.0429118e-11,6.0161975e-12,1.8147935e-10,3.835294e-10,9.265454e-10,4.4951962e-10,3.130628e-10,6.4915365e-11,8.360103e-10,9.836706e-10
150000,1.3554851e-09,1.019272e-10,2.322891e-11,4.6733273e-12,1.7814449e-10,4.131706e-10,9.312872e-10,4.4307344e-10,2.6939134e-10,5.7111038e-11,8.204266e-10,1.0082347e-09
160000,1.380783e-09,9.772744e-11,3.366153e-11,6.823121e-12,1.7003952e-10,4.6508922e-10,9.429851e-10,4.2988116e-10,3.261113e-10,6.852973e-11,8.0613005e-10,1.0625537e-09
170000,1.4244682e-09,9.5504556e-11,2.3728946e-11,4.711276e-12,1.6155234e-10,4.8802823e-10,9.51536e-10,4.2025028e-10,2.689874e-10,5.6703784e-11,7.812426e-10,1.0928027e-09
180000,1.462214e-09,9.4464055e-11,3.1391185e-11,6.7010225e-12,1.6173328e-10,5.362139e-10,9.597346e-10,4.1619871e-10,3.1014383e-10,6.706662e-11,7.7357626e-10,1.1262633e-09
190000,1.5022441e-09,1.0226057e-10,3.236216e-11,7.0830833e-12,1.787587e-10,5.6830235e-10,9.693736e-10,4.3818493e-10,3.1103825e-10,6.814232e-11,8.280732e-10,1.1599699e-09
200000,1.5157676e-09,1.0313026e-10,1.8645663e-11,3.315566e-12,1.7926448e-10,6.11227e-10,9.851624e-10,4.333256e-10,2.2969535e-10,4.72596e-11,8.4441026e-10,1.189235e-09
210000,1.5700211e-09,8.417078e-11,1.2246089e-11,2.2072053e-12,1.3582448e-10,6.311769e-10,9.781093e-10,3.8354148e-10,1.7433932e-10,3.7552204e-11,7.352747e-10,1.2027216e-09
220000,1.586913e-09,7.631502e-11,1.8623197e-11,3.5400667e-12,1.2662585e-10,6.5996636e-10,9.908692e-10,3.530798e-10,2.289055e-10,4.8886714e-11,6.856348e-10,1.2188514e-09
230000,1.6113346e-09,8.641117e-11,2.6263988e-11,4.995223e-12,1.5000369e-10,6.7998207e-10,9.990165e-10,3.8676495e-10,2.8319666e-10,5.859028e-11,7.4403167e-10,1.2238258e-09
240000,1.6063145e-09,8.445875e-11,2.8462625e-11,5.3543663e-12,1.3226467e-10,7.5407897e-10,1.017318e-09,3.741848e-10,2.9249092e-10,6.060587e-11,6.97415e-10,1.2793852e-09
250000,1.6464049e-09,8.1487844e-11,1.5073486e-11,2.6666733e-12,1.3068788e-10,8.015261e-10,1.0202588e-09,3.6390713e-10,1.9139614e-10,4.024414e-11,7.002541e-10,1.3071052e-09
260000,1.6725872e-09,7.423828e-11,1.6230748e-11,2.862248e-12,1.1124503e-10,8.231575e-10,1.0239425e-09,3.3995748e-10,2.0840153e-10,4.3076133e-11,6.467172e-10,1.3146083e-09
270000,1.707549e-09,7.017332e-11,1.9818775e-11,3.7693538e-12,1.06083906e-10,8.5355467e-10,1.0302762e-09,3.3101005e-10,2.3092894e-10,4.9200137e-11,6.2719296e-10,1.3326047e-09
280000,1.7363818e-09,6.420802e-11,1.9183367e-11,3.3935133e-12,8.907887e-11,9.0440855e-10,1.0370619e-09,3.0086753e-10,2.2529652e-10,4.6651485e-11,5.8573424e-10,1.3658149e-09
290000,1.7812443e-09,5.66214e-11,1.6881836e-11,3.1281262e-12,7.717403e-11,9.1547425e-10,1.0338134e-09,2.7788272e-10,2.1026106e-10,4.4051186e-11,5.248899e-10,1.3625323e-09
300000,1.7731854e-09,5.4416558e-11,1.8334185e-11,3.2646416e-12,7.848235e-11,9.621431e-10,1.0542582e-09,2.652656e-10,2.2428265e-10,4.648346e-11,5.2743837e-10,1.3940372e-09
310000,1.8052035e-09,5.154557e-11,1.5216108e-11,2.5558373e-12,7.733967e-11,9.956815e-10,1.050907e-09,2.4552438e-10,1.8979834e-10,3.930854e-11,5.2137894e-10,1.4052687e-09
320000,1.8124632e-09,4.712365e-11,1.8091825e-11,3.8569586e-12,7.471442e-11,1.0025969e-09,1.0681097e-09,2.241216e-10,2.1061969e-10,4.7221026e-11,4.973258e-10,1.4005676e-09
330000,1.8423977e-09,4.6754534e-11,1.3105625e-11,2.1272947e-12,5.8166118e-11,1.0270689e-09,1.0707545e-09,2.267253e-10,1.704834e-10,3.5251548e-11,4.5071205e-10,1.4009616e-09
340000,1.8477601e-09,4.5055237e-11,1.0520365e-11,1.7806635e-12,6.719748e-11,1.0803679e-09,1.0868259e-09,2.1029073e-10,1.4688373e-10,3.1224478e-11,4.939762e-10,1.4314807e-09
350000,1.8573838e-09,4.5906935e-11,5.84555e-12,9.397596e-13,6.160217e-11,1.1300602e-09,1.0952986e-09,2.1693486e-10,4.510925e-11,1.5900637e-11,4.6592535e-10,1.4469688e-09
360000,1.893826e-09,4.67063e-11,1.2996826e-11,2.3797006e-12,6.292305e-11,1.1425364e-09,1.0940877e-09,2.1969118e-10,1.6904454e-10,3.632811e-11,4.557311e-10,1.4534725e-09
370000,1.9171011e-09,4.4478504e-11,1.1294867e-11,1.9386142e-12,5.6310193e-11,1.1716883e-09,1.1012173e-09,2.0913736e-10,1.4835264e-10,3.2656388e-11,4.332274e-10,1.4685634e-09
380000,1.9621498e-09,4.177616e-11,6.9075544e-12,1.2230206e-12,4.7117286e-11,1.1970516e-09,1.0938793e-09,1.9546087e-10,8.046972e-11,2.2891534e-11,3.9405842e-10,1.4766924e-09
390000,1.9904034e-09,4.4171833e-11,8.993905e-12,1.5498902e-12,6.113468e-11,1.2174839e-09,1.0942082e-09,2.0322868e-10,1.2111698e-10,2.612369e-11,4.4863707e-10,1.4766148e-09
400000,2.0027835e-09,4.1424104e-11,7.5566255e-12,1.3183014e-12,5.682089e-11,1.2022859e-09,1.1082754e-09,1.9303513e-10,8.9170296e-11,2.248636e-11,4.2726653e-10,1.45863e-09
410000,2.0118758e-09,4.2735135e-11,1.304267e-11,2.335677e-12,5.183618e-11,1.2416896e-09,1.1077977e-09,2.0143025e-10,1.6809626e-10,3.606215e-11,4.1029652e-10,1.4740744e-09
420000,2.018896e-09,4.3103333e-11,1.144738e-11,2.2144183e-12,5.2949364e-11,1.2753042e-09,1.1295328e-09,2.0999082e-10,1.4693625e-10,3.2874786e-11,4.1549425e-10,1.4987687e-09
430000,2.0563862e-09,4.364175e-11,7.5525775e-12,1.6692341e-12,5.1321586e-11,1.2731665e-09,1.1218211e-09,2.0676284e-10,8.691851e-11,2.3072806e-11,4.059673e-10,1.4844604e-09
440000,2.078467e-09,4.5670058e-11,5.94703e-12,1.0687627e-12,5.6232127e-11,1.2876556e-09,1.1353414e-09,2.1496403e-10,2.7715729e-11,1.2554236e-11,4.2473247e-10,1.4863825e-09
450000,2.094657e-09,4.8769065e-11,5.4236216e-12,5.9692556e-13,6.335127e-11,1.3122397e-09,1.1335544e-09,2.2918135e-10,2.316483e-11,6.101176e-12,4.640513e-10,1.4890218e-09
460000,2.1195172e-09,4.4858922e-11,5.005888e-12,7.282198e-13,6.2087446e-11,1.3102972e-09,1.149365e-09,2.0707593e-10,2.4562892e-11,1.0737684e-11,4.4436427e-10,1.4787428e-09
470000,2.1374273e-09,4.1284434e-11,9.429437e-12,1.5239941e-12,5.9301376e-11,1.3443378e-09,1.1508635e-09,1.8512894e-10,1.197649e-10,2.552698e-11,4.3084034e-10,1.4888967e-09
480000,2.1465298e-09,4.1954294e-11,7.938396e-12,1.1126429e-12,5.3381972e-11,1.3955681e-09,1.1560802e-09,1.9134302e-10,8.643997e-11,1.8239509e-11,4.0928474e-10,1.5120567e-09
490000,2.17948e-09,4.1423052e-11,7.2506294e-12,1.0527646e-12,4.8061808e-11,1.4083533e-09,1.1601529e-09,1.8492305e-10,8.563824e-11,1.8567295e-11,3.8689965e-10,1.5108759e-09
500000,2.184808e-09,4.0053464e-11,1.10328136e-11,1.8493685e-12,4.211132e-11,1.427253e-09,1.169608e-09,1.7519385e-10,1.44167e-10,3.0560814e-11,3.469688e-10,1.5162486e-09
510000,2.2238422e-09,3.757084e-11,9.836109e-12,1.6917299e-12,4.7795216e-11,1.4185619e-09,1.1662078e-09,1.6589063e-10,1.2025436e-10,2.546303e-11,3.792102e-10,1.5116661e-09
520000,2.2316753e-09,3.768111e-11,1.0985411e-11,1.9675802e-12,5.3816555e-11,1.4679776e-09,1.167906e-09,1.6289817e-10,1.4372598e-10,3.1063985e-11,3.9232756e-10,1.5262918e-09
530000,2.2520934e-09,3.8250823e-11,7.306289e-12,1.2405606e-12,4.8370835e-11,1.5126522e-09,1.1706576e-09,1.642724e-10,8.515629e-11,1.8775884e-11,3.776145e-10,1.5420769e-09
540000,2.253503e-09,3.6531854e-11,7.2545438e-12,9.94065e-13,5.1662154e-11,1.5283709e-09,1.1810176e-09,1.5415816e-10,8.549923e-11,1.817245e-11,3.8002226e-10,1.5419503e-09
550000,2.2781088e-09,3.6566892e-11,7.3251015e-12,1.2678426e-12,4.3404925e-11,1.5596308e-09,1.1879259e-09,1.5497995e-10,8.490334e-11,1.9076232e-11,3.4403058e-10,1.5721467e-09
560000,2.297656e-09,3.5169163e-11,1.18476244e-11,2.0726335e-12,4.7593665e-11,1.585756e-09,1.1877217e-09,1.480571e-10,1.4324993e-10,3.032757e-11,3.6298434e-10,1.5837018e-09
570000,2.306475e-09,3.4645557e-11,7.170671e-12,9.698733e-13,3.4349964e-11,1.633549e-09,1.1981288e-09,1.349419e-10,8.3452696e-11,1.7509666e-11,2.920821e-10,1.5965214e-09
580000,2.3436477e-09,3.1189527e-11,7.523686e-12,1.2890714e-12,4.361484e-11,1.6322034e-09,1.1999913e-09,1.1082911e-10,8.4192535e-11,1.8710256e-11,3.346366e-10,1.5894766e-09
590000,2.3503424e-09,3.2574166e-11,5.5192964e-12,8.1230205e-13,4.083708e-11,1.6964379e-09,1.2087521e-09,1.1489572e-10,1.8333947e-11,5.9306566e-12,3.0816388e-10,1.5924085e-09
600000,2.3547182e-09,3.2888848e-11,7.173675e-12,1.3038615e-12,3.9546966e-11,1.697666e-09,1.2056993e-09,1.2197506e-10,8.322851e-11,1.994215e-11,3.090708e-10,1.5985103e-09
610000,2.3840832e-09,2.8995218e-11,5.293614e-12,7.726771e-13,3.1846303e-11,1.7039856e-09,1.2042887e-09,8.05726e-11,1.848666e-11,5.8784696e-12,2.39345e-10,1.596241e-09
620000,2.3738587e-09,3.1226088e-11,1.5268356e-11,2.742655e-12,4.3395284e-11,1.7394683e-09,1.2217516e-09,1.08754804e-10,1.8071072e-10,3.7782357e-11,3.0316205e-10,1.5952912e-09
630000,2.387989e-09,3.0894485e-11,9.66511e-12,1.7276465e-12,4.289459e-11,1.769432e-09,1.2384036e-09,1.0843877e-10,1.1540915e-10,2.5408241e-11,3.0625222e-10,1.5977734e-09
640000,2.4005855e-09,3.0928607e-11,1.21860196e-11,2.1108846e-12,3.4380138e-11,1.7792525e-09,1.2380714e-09,1.0891109e-10,1.5094602e-10,3.2987786e-11,2.614583e-10,1.6107062e-09
650000,2.4359832e-09,3.050916e-11,1.0804707e-11,1.77394e-12,3.437553e-11,1.8244083e-09,1.235219e-09,1.08167544e-10,1.4001533e-10,2.92634e-11,2.6167749e-10,1.6310682e-09
660000,2.4486186e-09,3.0130877e-11,7.377633e-12,1.1128136e-12,3.7228907e-11,1.8473774e-09,1.2414799e-09,1.1087706e-10,8.2611556e-11,1.7552656e-11,2.8841934e-10,1.6212006e-09
670000,2.5010087e-09,3.0185555e-11,8.903733e-12,1.561619e-12,3.4768768e-11,1.8543386e-09,1.2340761e-09,1.08454946e-10,1.150896e-10,2.4421734e-11,2.6404953e-10,1.6206435e-09
680000,2.4944984e-09,2.7533883e-11,5.330733e-12,7.4831395e-13,3.304892e-11,1.8973332e-09,1.2410436e-09,7.9960524e-11,1.7786947e-11,6.6755074e-12,2.533395e-10,1.6278254e-09
690000,2.5142204e-09,2.6542355e-11,6.721638e-12,1.0534152e-12,2.807153e-11,1.9289248e-09,1.244056e-09,7.746617e-11,8.153312e-11,1.7422825e-11,2.1050402e-10,1.6355748e-09
700000,2.5301279e-09,2.7684735e-11,5.445164e-12,6.294773e-13,3.120357e-11,1.9389848e-09,1.2364623e-09,9.317588e-11,1.6157301e-11,4.247783e-12,2.553143e-10,1.6411793e-09
710000,2.5273135e-09,2.9808694e-11,6.81662e-12,1.1091361e-12,4.554063e-11,1.9870867e-09,1.2370954e-09,1.0608016e-10,8.023164e-11,1.7522369e-11,3.1259764e-10,1.6541417e-09
720000,2.5462794e-09,3.024248e-11,5.1088543e-12,6.6763126e-13,3.720027e-11,1.979443e-09,1.2511185e-09,1.1796092e-10,1.6148494e-11,5.0641e-12,2.7358005e-10,1.6415267e-09
730000,2.5590068e-09,2.967119e-11,5.92312e-12,1.27137e-12,3.684352e-11,2.0046924e-09,1.2478488e-09,1.1742592e-10,2.0784725e-11,1.2061842e-11,2.8230523e-10,1.6330997e-09
740000,2.5908526e-09,3.189571e-11,5.4120935e-12,7.1472385e-13,4.328894e-11,2.034337e-09,1.2492269e-09,1.3761822e-10,1.9177259e-11,5.0938073e-12,3.1439207e-10,1.6379752e-09
750000,2.5942626e-09,3.0808463e-11,7.281271e-12,1.0346077e-12,4.2490136e-11,2.0737407e-09,1.2605785e-09,1.2770245e-10,8.1336306e-11,1.7179293e-11,3.0920685e-10,1.66338e-09
760000,2.6090383e-09,3.0297136e-11,6.8774006e-12,1.1737329e-12,4.2267575e-11,2.1090891e-09,1.2643669e-09,1.2790637e-10,8.017631e-11,1.771557e-11,2.9547711e-10,1.6533198e-09
770000,2.641904e-09,3.111507e-11,5.087223e-12,7.7977035e-13,3.5748494e-11,2.1171236e-09,1.2691214e-09,1.2825192e-10,1.5643818e-11,5.634956e-12,2.7106345e-10,1.6638682e-09
780000,2.6448346e-09,3.0095808e-11,6.5962743e-12,9.492423e-13,4.4418212e-11,2.1433408e-09,1.2750169e-09,1.2849993e-10,8.00196e-11,1.6920637e-11,3.0890981e-10,1.6721602e-09
790000,2.6896891e-09,3.2154782e-11,5.6050125e-12,9.622858e-13,4.485186e-11,2.1744804e-09,1.2644806e-09,1.473087e-10,1.69278e-11,5.9682463e-12,3.2058722e-10,1.6773376e-09
800000,2.6510554e-09,3.26051e-11,6.3766106e-12,1.2551501e-12,4.5183007e-11,2.2196345e-09,1.2821019e-09,1.4579057e-10,7.8974195e-11,1.8351412e-11,3.2367603e-10,1.6785804e-09
810000,2.6743185e-09,3.010405e-11,8.517336e-12,1.5925307e-12,3.41103e-11,2.242144e-09,1.2856856e-09,1.2670641e-10,1.11670506e-10,2.53555e-11,2.5611122e-10,1.6905234e-09
820000,2.6751554e-09,2.8574114e-11,8.470282e-12,1.3864421e-12,4.7512532e-11,2.258788e-09,1.298864e-09,1.1509343e-10,1.10770275e-10,2.3209407e-11,3.1073175e-10,1.682098e-09
830000,2.7014329e-09,2.9841574e-11,6.661339e-12,1.0562369e-12,4.45486e-11,2.2980184e-09,1.2878397e-09,1.2609075e-10,7.888791e-11,1.6941963e-11,3.0407307e-10,1.689187e-09
840000,2.7090548e-09,2.899519e-11,6.927346e-12,1.3102595e-12,4.385454e-11,2.3329012e-09,1.3005003e-09,1.1449166e-10,7.8616065e-11,1.7744691e-11,2.8425348e-10,1.6954298e-09
850000,2.737983e-09,2.8814673e-11,1.2257035e-11,2.1456656e-12,4.50608e-11,2.338743e-09,1.2948635e-09,1.1566137e-10,1.5634764e-10,3.2637146e-11,2.8777283e-10,1.696586e-09
860000,2.7473326e-09,2.8706267e-11,5.7090816e-12,1.0887545e-12,3.9227743e-11,2.391185e-09,1.2994533e-09,1.1528199e-10,1.5803973e-11,9.089449e-12,2.6655883e-10,1.7088062e-09
870000,2.7701763e-09,2.8121292e-11,5.49268e-12,9.164077e-13,4.1260027e-11,2.4294409e-09,1.2913893e-09,1.1518959e-10,1.4379208e-11,6.020297e-12,2.770294e-10,1.7357812e-09
880000,2.7928218e-09,2.8584673e-11,5.2704074e-12,7.2894707e-13,4.0134646e-11,2.4243225e-09,1.3003298e-09,1.153494e-10,1.4864743e-11,4.976e-12,2.7281472e-10,1.7245668e-09
890000,2.801908e-09,2.574281e-11,9.949777e-12,1.8354513e-12,3.7720927e-11,2.4604672e-09,1.3121126e-09,8.9784215e-11,1.3483338e-10,2.8301644e-11,2.3621383e-10,1.7213282e-09
900000,2.8165303e-09,2.5540771e-11,5.136581e-12,8.3540407e-13,3.698123e-11,2.4695093e-09,1.3124688e-09,8.925155e-11,1.5634667e-11,7.512051e-12,2.405495e-10,1.7128725e-09
910000,2.822394e-09,2.6456597e-11,7.271258e-12,1.3120499e-12,3.1327975e-11,2.5010547e-09,1.3050484e-09,1.0248988e-10,8.2948357e-11,2.0788343e-11,2.2413374e-10,1.7195729e-09
920000,2.8435165e-09,2.4113562e-11,6.8367343e-12,1.11939e-12,3.1998466e-11,2.532676e-09,1.3137619e-09,7.321182e-11,7.889802e-11,1.685686e-11,2.0720148e-10,1.7094993e-09
930000,2.8576645e-09,2.3983416e-11,8.550917e-12,1.5856423e-12,3.7245988e-11,2.5478382e-09,1.30907e-09,7.3407294e-11,1.086433e-10,2.3133566e-11,2.2051984e-10,1.7267343e-09
940000,2.8581015e-09,2.3899443e-11,1.17995015e-11,2.2603677e-12,3.545221e-11,2.5970588e-09,1.3208156e-09,7.3164586e-11,1.5299373e-10,3.232354e-11,2.1600527e-10,1.7433195e-09
950000,2.8482496e-09,2.3794508e-11,5.1535603e-12,8.3054754e-13,3.9836377e-11,2.651609e-09,1.3469026e-09,7.259505e-11,1.3638394e-11,4.8331226e-12,2.3123388e-10,1.7474648e-09
960000,2.8693437e-09,2.3997351e-11,8.906339e-12,1.5233145e-12,4.216351e-11,2.670247e-09,1.3469171e-09,7.26033e-11,1.0856616e-10,2.2967583e-11,2.498e-10,1.7464693e-09
970000,2.9003506e-09,2.4086073e-11,1.1694962e-11,2.0215073e-12,3.4969392e-11,2.7154567e-09,1.3365932e-09,7.2529614e-11,1.4718278e-10,3.163803e-11,2.0824124e-10,1.7666801e-09
980000,2.9227094e-09,2.5176316e-11,5.6370733e-12,1.0291373e-12,3.3005917e-11,2.7498186e-09,1.336913e-09,8.8095344e-11,4.0777316e-11,1.40926515e-11,2.1742655e-10,1.7693983e-09
990000,2.9422558e-09,2.5829451e-11,4.9256445e-12,6.2501203e-13,3.7955545e-11,2.7620917e-09,1.3477724e-09,1.01257204e-10,1.2508401e-11,3.6849937e-12,2.460761e-10,1.7536215e-09
1000000,2.948826e-09,2.6551853e-11,6.223339e-12,1.0856654e-12,3.812395e-11,2.7724205e-09,1.347374e-09,1.1212462e-10,4.7575093e-11,1.4550899e-11,2.5188282e-10,1.7583169e-09
