mcsteps,xCOM,yCOM,zCOM,il8,il1,il6,il10,tnf,tgf
350000,84,376,0,1.9090933e-09,3.3874136e-11,9.1720764e-18,9.493657e-29,1.5277638e-19,4.49768e-11
350000,432,181,0,1.909169e-09,5.2221404e-11,1.9805047e-13,1.984779e-18,1.831628e-15,2.34904e-11
350000,409,105,0,1.9094297e-09,6.5423944e-11,4.009004e-23,6.676722e-36,1.7819038e-10,9.637496e-13
350000,247,394,0,1.9099866e-09,3.397408e-15,1.9138578e-16,1.9150852e-25,2.1448546e-32,1.7206406e-11
350000,132,141,0,1.9094648e-09,1.8087264e-11,1.49e-43,0.0,3.8086895e-19,2.2386688e-11
350000,286,72,0,1.9094923e-09,5.1793937e-11,9.119303e-16,3.256827e-24,2.1506667e-16,2.653979e-10
350000,365,385,0,1.9097752e-09,4.6533207e-12,2.1183549e-15,1.2105323e-21,5.8295773e-23,1.6991584e-13
350000,379,420,0,1.9094213e-09,2.902256e-11,4.007606e-15,7.012577e-23,1.4262124e-16,3.265679e-11
350000,426,219,0,1.9212842e-09,4.5737394e-13,2.1184941e-14,3.1776036e-21,4.2042293e-26,4.447065e-11
350000,444,225,0,1.9210098e-09,1.17685766e-11,3.0053656e-13,7.164235e-18,1.0188374e-20,3.8370522e-11
350000,78,205,0,-2.6341616e-13,3.1992276e-12,5.860294e-14,8.202391e-19,3.9032176e-22,2.750194e-12
350000,2,109,0,-1.2394456e-11,2.3192739e-09,4.2818305e-12,3.3049404e-15,4.118809e-09,3.3145486e-11
350000,7,166,0,-6.119617e-13,3.361057e-11,9.31534e-18,2.5521705e-27,4.539177e-18,2.9863625e-11
350000,250,382,0,6.4806174e-11,2.9166985e-11,2.277541e-11,6.5734134e-14,1.1311637e-14,4.2692332e-11
350000,173,446,0,-1.15198025e-11,2.281957e-09,2.2446206e-16,2.09172e-23,4.1188084e-09,1.4076502e-10
350000,200,343,0,-7.8524284e-14,3.5139443e-14,1.8797276e-31,0.0,9.4802816e-36,9.194879e-12
350000,162,322,0,-1.1322366e-11,2.2753457e-09,1.2837138e-33,0.0,4.1188084e-09,1.3631754e-11
350000,151,229,0,-1.1019124e-11,2.2719089e-09,6.9688845e-11,7.1964673e-13,4.118854e-09,2.7860453e-12
350000,463,393,0,-1.2209128e-11,2.3152371e-09,4.8428208e-14,1.9133305e-19,4.118809e-09,2.264922e-10
350000,51,322,0,-5.3994786e-13,3.493153e-11,3.9104856e-15,5.905702e-22,4.2314954e-18,5.6306006e-12
350000,407,52,0,-1.1715272e-11,2.2984215e-09,4.2138473e-11,1.5344258e-13,4.118816e-09,6.610637e-11
350000,23,61,0,-1.2314782e-11,2.3145195e-09,4.2368985e-18,4.5868342e-29,4.1188084e-09,9.420186e-12
350000,438,137,0,-1.2686731e-11,2.49622e-09,1.1016149e-12,4.1963614e-17,4.131335e-09,2.5264565e-10
350000,310,58,0,2.8540674e-13,2.2373072e-11,1.440955e-14,2.3352254e-21,6.368962e-15,2.4550442e-10
350000,83,413,0,-6.6723894e-13,1.4488683e-11,6.717128e-12,2.4076708e-15,1.3567589e-17,4.9568263e-11
350000,129,307,0,-1.2766533e-13,1.6122782e-11,4.108606e-14,1.0501434e-18,8.2271715e-18,5.843984e-11
350000,136,261,0,-1.532651e-15,5.6101e-19,5.6347443e-28,3e-45,2.354e-42,1.0340142e-12
350000,2,470,0,-1.3802247e-11,2.5153408e-09,6.957707e-14,2.5450329e-19,4.139109e-09,2.3085271e-10
350000,419,253,0,-4.6032324e-13,2.0480923e-11,1.6760605e-13,8.641304e-19,7.35131e-18,5.6110776e-12
350000,106,35,0,-1.2412979e-11,2.3828848e-09,6.473352e-12,1.0592093e-14,4.119606e-09,1.2142921e-10
350000,87,174,0,-1.1101324e-11,2.2719873e-09,3.6582868e-12,4.916069e-16,4.1188084e-09,1.3371289e-11
350000,16,136,0,-1.1596859e-11,2.2743876e-09,2.7290063e-17,3.4182425e-27,4.1188084e-09,4.4637835e-11
350000,81,13,0,-1.2568279e-11,2.379879e-09,1.8595483e-14,2.0562284e-21,4.125589e-09,3.1981244e-11
350000,178,474,0,-6.0506315e-13,1.7136167e-11,4.8128434e-19,5.3235826e-30,4.1251526e-19,1.7153102e-11
350000,299,73,0,4.3824017e-11,2.277234e-09,3.5708724e-15,1.7569672e-22,4.1188084e-09,4.4642273e-11
350000,110,449,0,-1.1888414e-11,2.3540998e-09,1.1473247e-13,5.8399565e-20,4.118827e-09,4.4298582e-13
350000,491,279,0,-1.1448884e-11,2.3109374e-09,7.5837545e-11,1.5037429e-12,4.1189345e-09,1.431992e-12
350000,107,494,0,-1.3404787e-11,2.3897924e-09,1.7727443e-11,2.8007603e-14,4.128727e-09,5.1386402e-11
350000,271,285,0,-3.252973e-17,4.262608e-28,1.6388731e-33,0.0,0.0,1.1211466e-16
350000,63,463,0,-8.343633e-13,1.1452091e-11,9.10133e-14,4.3893496e-20,9.768195e-21,1.7431075e-10
350000,494,387,0,-1.24204536e-11,2.339419e-09,9.695234e-21,9.806231e-33,4.1188084e-09,5.975461e-12
350000,34,458,0,-1.2411916e-11,2.3310236e-09,1.1210096e-11,1.5813355e-14,4.1188093e-09,4.2768206e-11
350000,99,128,0,-6.374694e-13,1.1844456e-10,5.542496e-25,5.1963e-40,3.2851406e-09,8.919754e-12
350000,271,492,0,-6.6580904e-13,8.107861e-12,1.0042136e-10,5.5096843e-12,1.3394533e-12,4.1066196e-11
350000,121,43,0,-1.3719874e-12,9.940036e-11,1.0913144e-18,7.14215e-30,9.854575e-13,5.3937563e-11
350000,479,419,0,-1.2333422e-11,2.318075e-09,6.2727296e-15,3.5808528e-21,4.118809e-09,3.6010725e-10
350000,17,395,0,-1.1532461e-11,2.3167757e-09,3.359775e-11,4.0257245e-13,4.119755e-09,2.755184e-10
350000,161,129,0,-6.1372115e-13,1.9711845e-10,1.7889108e-17,1.8269965e-27,8.970285e-11,2.2361661e-12
350000,495,422,0,-1.1579259e-11,2.2790758e-09,2.5124165e-13,1.6032188e-17,4.1188084e-09,8.211217e-11
350000,273,394,0,-9.714246e-12,2.272195e-09,3.2772177e-11,1.6541992e-13,4.1188177e-09,2.6036071e-11
350000,59,438,0,-1.23278245e-11,2.3538858e-09,3.893046e-10,4.1670747e-11,4.1442707e-09,2.7616134e-12
350000,360,11,0,-7.7073704e-13,2.5437192e-11,3.0334182e-16,3.2443303e-23,3.7919924e-18,4.622823e-11
350000,74,479,0,-1.2540056e-11,2.3533917e-09,9.489861e-12,9.864936e-15,4.1331427e-09,1.5005808e-10
350000,499,186,0,-1.3921543e-13,3.2662722e-14,8.287637e-11,9.059339e-13,1.3078095e-13,1.480502e-12
350000,472,187,0,-1.1799591e-11,2.337987e-09,2.6871387e-12,5.43359e-16,4.1232253e-09,1.629582e-10
350000,472,467,0,-1.2124969e-11,2.289077e-09,6.560232e-13,6.736013e-17,4.1188084e-09,4.3298014e-11
350000,458,439,0,-1.2895456e-11,2.4219162e-09,6.830865e-11,2.2901553e-12,4.1190447e-09,9.842028e-11
350000,299,88,0,-4.433204e-12,2.2956088e-09,2.9067147e-17,4.45417e-25,4.1188084e-09,5.314374e-11
350000,423,422,0,-1.3296604e-11,2.5161764e-09,8.294992e-11,8.15273e-12,4.3109405e-09,2.7731311e-12
350000,300,126,0,-1.5202892e-13,1.015893e-13,1.7627632e-23,1.1575489e-37,1.4753204e-29,1.661648e-11
350000,152,151,0,3.7709397e-12,5.2807797e-12,3.581659e-24,7.104059e-39,9.833903e-22,1.2621628e-11
350000,257,128,0,-1.1556193e-11,2.376453e-09,7.812651e-29,0.0,4.121571e-09,1.5510535e-14
350000,456,143,0,-1.1417803e-11,2.2752038e-09,8.234915e-12,1.6765698e-14,4.118809e-09,3.6083258e-11
350000,186,371,0,-6.9855135e-13,8.728187e-11,3.9393575e-32,0.0,1.4022376e-13,4.4288745e-13
350000,459,38,0,-1.1093162e-12,6.906514e-11,1.930493e-14,1.2501039e-20,5.690082e-13,5.148272e-11
350000,137,330,0,-4.953764e-13,8.636148e-11,4.7911458e-23,5.5221626e-37,4.9068406e-12,4.545958e-13
350000,290,13,0,-1.1540262e-11,2.2990556e-09,2.0033081e-13,9.648403e-19,4.1188084e-09,4.1824993e-10
350000,251,433,0,-4.304634e-13,4.6531095e-11,3.0413803e-11,1.9412294e-13,6.1702547e-15,2.358355e-11
350000,354,123,0,-2.7812212e-13,2.2653691e-11,1.3781799e-14,4.197049e-20,2.4979383e-16,4.449866e-12
350000,317,201,0,-1.0617847e-13,8.7353703e-13,1.887715e-24,3.1277046e-36,9.6911986e-27,2.4867813e-19
350000,385,107,0,2.1232426e-12,2.970685e-12,3.6446436e-11,5.897843e-13,4.8528774e-14,4.3149768e-12
350000,393,233,0,-4.2725585e-14,2.0831801e-13,3.736127e-26,3e-45,2.1263388e-32,2.508368e-13
350000,186,291,0,-6.142011e-14,3.7274535e-13,1.2773423e-22,5.490654e-37,7.6470515e-31,1.947349e-16
350000,205,146,0,-4.0557897e-13,1.605102e-11,7.8574363e-22,3.3322436e-34,3.8085781e-19,2.8839756e-12
350000,450,307,0,-4.7878205e-13,1.4340292e-11,5.5873157e-16,7.7584135e-25,2.6358868e-19,2.2326498e-11
350000,109,19,0,-1.4723811e-12,1.3454603e-10,1.4644071e-19,6.0807777e-30,3.4142993e-09,6.865961e-14
350000,315,381,0,-3.8305977e-13,3.80401e-12,3.1644813e-19,6.0755905e-31,2.860525e-24,9.050422e-12
350000,28,128,0,-8.70461e-13,3.5984788e-11,1.226407e-11,9.5606896e-15,7.3371683e-16,1.6420934e-10
350000,111,248,0,-1.8542382e-13,3.0735255e-11,8.8611233e-17,1.3910779e-25,2.4656887e-14,8.168883e-12
350000,118,278,0,-4.6608842e-14,5.1287313e-14,9.672945e-24,2.090976e-39,4.6391325e-36,2.907096e-12
350000,94,269,0,-1.7001332e-13,1.2245475e-11,1.8555107e-17,6.449334e-27,6.765789e-18,1.421402e-11
350000,158,459,0,-3.3894683e-13,5.6007304e-12,9.601281e-13,5.777416e-17,7.998852e-20,2.7152537e-11
350000,91,200,0,-1.2644906e-13,1.0794775e-12,8.3237355e-26,5.45e-43,6.2556973e-28,3.559746e-14
350000,153,397,0,-2.2199377e-13,3.221656e-12,4.8690766e-15,6.766667e-22,1.9072746e-20,7.4517774e-11
350000,462,277,0,-8.2475693e-13,9.1203045e-11,1.7484286e-16,2.981017e-25,8.424085e-15,2.6022092e-12
350000,176,4,0,-8.419436e-13,1.11313105e-10,1.0433943e-17,1.5231476e-27,5.5782523e-12,3.3294906e-10
350000,251,199,0,-7.446883e-16,1.4234122e-20,2.6829607e-18,1.5028007e-28,3.4127437e-36,1.9610926e-20
350000,312,93,0,-3.5013512e-13,1.7005165e-12,8.613727e-34,0.0,2.0106924e-26,1.370927e-11
350000,452,77,0,-1.3949222e-12,4.149761e-11,1.3567575e-20,6.1764317e-34,3.985694e-15,4.2895063e-11
350000,16,318,0,-9.69215e-13,7.479195e-11,3.188434e-15,1.8017966e-22,8.840173e-15,6.9235756e-11
350000,355,179,0,-1.6792097e-13,2.5788882e-14,2.8819193e-21,2.0900861e-32,4.5372196e-31,8.30562e-15
350000,205,103,0,-4.0443533e-13,2.0518181e-11,2.4211304e-18,2.4371859e-28,3.9629967e-18,8.520416e-13
350000,103,320,0,-4.7492853e-13,4.1393795e-11,1.0177062e-18,1.6641573e-30,1.147008e-15,9.293003e-11
350000,383,30,0,-6.811632e-13,1.5147519e-11,1.3332934e-12,4.4828984e-17,5.437496e-20,1.8006098e-10
350000,419,173,0,2.9934163e-11,7.8784576e-11,1.0677129e-18,5.8937383e-30,3.506009e-14,5.8058378e-11
350000,151,76,0,-6.100721e-13,7.487037e-11,1.2434093e-12,1.1949947e-16,1.9975612e-13,7.578839e-14
350000,357,345,0,-5.130433e-13,1.1275683e-11,2.3581792e-20,7.805904e-31,1.4177268e-20,9.9700165e-11
350000,343,1,0,-5.928543e-13,7.98244e-11,4.503904e-24,1.7764572e-37,3.206702e-13,2.1348307e-13
350000,249,224,0,-3.6403e-17,1.692408e-24,1.5e-44,0.0,0.0,4.5882572e-35
350000,336,360,0,-2.9542704e-13,1.6281079e-12,7.086288e-30,0.0,4.122735e-25,2.1671265e-10
350000,250,322,0,-3.4162126e-15,8.885997e-19,1e-45,0.0,0.0,3.1716586e-13
350000,101,335,0,-5.44815e-13,2.7527258e-11,1.285359e-19,4.042467e-32,7.3151175e-17,4.489209e-12
350000,174,483,0,-4.8897285e-13,1.4894934e-11,1.6899464e-12,6.968452e-17,4.4194776e-19,2.1921786e-11
350000,413,182,0,1.0151331e-11,7.581786e-11,5.8508788e-24,7.207776e-37,1.7743953e-15,9.076553e-11
350000,474,208,0,-6.4122866e-13,1.7991133e-11,3.7914873e-11,1.9978303e-13,4.7836813e-15,1.7511778e-10
350000,321,183,0,-4.7023415e-13,4.5881385e-11,1.11659964e-26,3.01e-43,2.7971664e-14,4.803609e-12
350000,361,287,0,-1.2801784e-13,5.70763e-12,0.0,0.0,1.6883763e-22,1.2680579e-10
350000,150,165,0,1.7735048e-13,8.077019e-13,3.255852e-20,9.406394e-31,9.122908e-30,2.3103381e-12
350000,401,457,0,-8.0309007e-13,8.157533e-11,3.501124e-19,1.1493142e-30,1.4747921e-10,2.6484193e-11
350000,2,445,0,-5.9235017e-13,2.0355287e-13,1.3325793e-10,1.5122185e-11,4.7413085e-12,9.239942e-11
350000,222,479,0,-8.7862465e-13,3.87681e-11,4.2554268e-20,5.130891e-31,3.780393e-17,2.1946024e-12
350000,400,257,0,-3.7122635e-13,1.5189259e-12,4.7784742e-17,2.7346734e-27,7.8336204e-28,5.046253e-11
350000,489,372,0,-1.2929203e-12,4.1461515e-11,3.0414726e-11,1.9412294e-13,5.465417e-15,2.0302779e-11
350000,260,173,0,-3.9478095e-17,3.4849493e-26,5.612518e-25,5.885213e-39,0.0,1.0671532e-12
350000,123,283,0,-1.19191546e-14,2.2514399e-17,3.5018536e-25,6.2024e-41,0.0,1.7679053e-11
350000,426,208,0,9.2699515e-11,3.1735652e-11,1.7581395e-11,2.990762e-14,6.065473e-16,1.0939799e-11
350000,428,65,0,-9.161888e-13,5.888027e-11,1.1622148e-20,5.3668517e-34,4.721263e-13,1.781487e-10
350000,299,487,0,-2.6910418e-13,4.645496e-12,4.4626588e-14,1.8678413e-19,4.2568897e-23,1.1277246e-10
350000,352,140,0,-2.8849506e-13,5.4734845e-11,9.9522235e-21,6.630996e-33,2.8811196e-09,5.6704945e-13
350000,49,286,0,-1.2352832e-13,4.0194446e-13,7.5441875e-12,2.4179906e-15,5.315148e-18,2.1568905e-11
350000,165,123,0,-3.5313256e-13,2.1989394e-12,2.5584932e-20,7.7939795e-32,1.9518356e-22,1.0972713e-12
350000,411,222,0,3.0782137e-11,3.594878e-11,4.7166808e-21,2.5568083e-34,1.825857e-15,6.1753743e-13
350000,142,222,0,-1.4597011e-16,1.040952e-20,5.739257e-16,6.0438555e-24,6.521989e-30,1.3524866e-10
350000,258,325,0,-1.2179438e-15,3.1699393e-21,7.01414e-40,0.0,0.0,6.8303826e-13
350000,402,144,0,-8.8684144e-13,4.7764813e-11,5.9797937e-18,2.0325098e-27,6.7654646e-17,4.0853337e-13
350000,265,393,0,1.4955561e-11,1.7273566e-13,2.9033825e-16,1.2851181e-24,6.1382683e-31,2.7817028e-11
350000,83,352,0,2.0825702e-12,1.4234039e-11,1.3804841e-17,2.100731e-26,2.8566628e-19,1.6269553e-13
350000,240,42,0,-6.071253e-13,4.2406165e-11,1.9501539e-16,1.3764836e-22,4.6693043e-15,1.734001e-10
350000,271,15,0,-2.573218e-13,7.621089e-12,4.802608e-20,9.243627e-32,3.583767e-21,2.0529503e-11
350000,276,77,0,8.5922935e-11,1.7316538e-13,5.5425692e-11,4.1196248e-13,2.347873e-14,1.1856384e-11
350000,443,127,0,-1.7713245e-12,1.4251307e-10,4.4762542e-13,3.717589e-18,4.9068596e-12,2.7118307e-14
350000,243,173,0,-4.4217165e-15,1.13819e-18,2.0628625e-33,0.0,0.0,5.95676e-14
350000,232,135,0,-1.4566207e-13,7.69452e-14,6.721126e-22,1.4485392e-35,2.2254872e-34,4.1614522e-14
350000,338,481,0,-4.445734e-13,2.044803e-12,3.784342e-14,2.8275505e-20,1.1458561e-24,2.2869864e-11
350000,347,377,0,8.952005e-12,1.7207452e-11,2.572355e-13,3.2086756e-18,5.7035104e-18,3.281911e-12
350000,337,268,0,-1.612519e-13,1.6129622e-12,1.6888e-41,0.0,1.5733038e-24,1.2659249e-16
350000,178,336,0,-4.335996e-14,3.5333045e-16,1.4202861e-37,0.0,1.55052e-40,1.5321585e-12
350000,241,245,0,-1.0451994e-21,1.2071807e-37,0.0,0.0,0.0,8.8530444e-16
350000,229,250,0,-4.4880594e-20,4.625792e-36,0.0,0.0,0.0,1.3319282e-12
350000,136,367,0,-3.3078908e-13,3.1724363e-11,7.7613783e-13,3.6896835e-17,6.5038764e-15,3.946488e-11
350000,451,168,0,2.5093224e-12,2.2810675e-11,2.4613308e-16,1.9792631e-25,6.7600488e-18,5.0242602e-11
350000,309,258,0,-1.2023072e-13,9.588366e-14,1.8242822e-30,0.0,6.2377457e-31,1.5163356e-17
350000,84,85,0,-6.8789587e-13,4.879893e-11,7.129643e-11,1.7205594e-12,1.6232057e-13,7.077389e-11
350000,338,92,0,-4.3036614e-13,1.0054943e-11,4.0307913e-31,0.0,1.5695134e-18,3.0204025e-12
350000,304,212,0,-2.0400137e-16,1.0839924e-23,1.6684678e-24,5.0867957e-35,2.126e-42,2.7654892e-25
350000,377,189,0,-3.0729515e-13,5.2235938e-11,7.18278e-18,3.0465113e-28,1.1078944e-11,2.9264046e-15
350000,430,200,0,2.1276309e-11,1.1621076e-11,1.3760063e-17,2.8586798e-27,6.730643e-20,2.5771864e-11
350000,317,233,0,-2.8935703e-14,5.6770456e-15,1.2252643e-14,9.721392e-22,3.8953316e-27,3.2761052e-13
350000,254,491,0,-2.4771849e-13,1.969559e-11,1.1318463e-13,2.0899533e-18,3.665173e-15,2.2671949e-10
350000,463,115,0,-1.2247007e-12,7.433331e-11,1.881203e-12,8.568487e-17,1.8967333e-14,1.8759164e-11
350000,442,246,0,5.8759217e-12,8.7365375e-12,3.5357305e-12,2.1403193e-15,2.8676764e-17,7.203289e-11
350000,408,263,0,-6.1564946e-13,9.6753e-11,1.00627256e-16,1.9062225e-25,1.424769e-13,5.649262e-13
350000,262,121,0,-3.8992832e-13,1.4544942e-12,9.923571e-24,1.6502034e-38,8.461006e-23,1.0195065e-12
350000,242,451,0,-3.316575e-13,4.494326e-12,1.4490997e-15,1.0293167e-22,7.675157e-24,1.1113378e-10
350000,227,380,0,2.2116376e-12,1.9502798e-15,3.3316077e-19,1.7848178e-30,1.1190266e-38,6.227829e-12
350000,92,219,0,-1.2841739e-13,2.8145448e-12,4.4762542e-13,3.717589e-18,5.953178e-22,1.9405292e-11
350000,460,237,0,8.054931e-12,2.3411672e-11,2.6402122e-18,1.5498448e-28,5.7727956e-17,1.4570219e-10
350000,491,204,0,-1.04023615e-13,2.6863747e-15,1.8819195e-16,1.0220563e-24,9.041964e-31,1.836423e-10
350000,198,127,0,-5.0010847e-13,2.227941e-11,5.7105063e-18,2.7870997e-27,9.1527184e-17,4.287843e-14
350000,233,425,0,-2.4948977e-13,5.2783468e-12,1.5396924e-10,1.0869529e-11,2.6757908e-12,1.1954818e-10
350000,244,312,0,-8.249441e-15,1.3553413e-17,3e-45,0.0,0.0,1.8754608e-18
350000,420,76,0,-5.4252344e-13,1.5060569e-11,1.768408e-10,5.874789e-11,5.602385e-11,9.418729e-11
350000,418,375,0,-4.6996575e-13,1.6650641e-11,7.72048e-11,1.1853668e-12,8.709066e-14,9.829796e-13
350000,375,11,0,-6.8197433e-13,3.5548987e-11,2.1961298e-12,9.875044e-16,2.6093708e-16,1.7994467e-11
350000,257,395,0,1.1285269e-10,7.38035e-15,1.0652442e-16,2.3830357e-26,7.759387e-34,1.5159134e-11
350000,272,234,0,-2.9785176e-19,1.4344792e-30,0.0,0.0,0.0,1.624146e-29
350000,490,56,0,-1.5422683e-12,1.0073138e-10,1.0611302e-16,9.431976e-25,1.4170131e-11,3.306154e-12
350000,311,8,0,-3.0577743e-13,1.2398002e-11,2.4555278e-17,1.0205383e-27,6.0933634e-19,7.867789e-12
350000,429,150,0,-1.2769873e-12,1.00260744e-10,7.0280886e-16,2.2609625e-24,2.0008793e-10,1.3687336e-12
350000,184,280,0,-5.029599e-14,1.3420722e-13,7.815902e-32,0.0,5.532189e-33,1.750753e-13
350000,297,322,0,-1.2892905e-13,5.545396e-12,1.550089e-13,4.6710347e-18,5.5494723e-21,1.363326e-11
350000,344,272,0,-2.144917e-13,5.099432e-12,0.0,0.0,8.943171e-20,1.6764196e-13
350000,226,246,0,-6.6731395e-19,3.321655e-32,0.0,0.0,0.0,5.8483115e-16
350000,407,473,0,-1.0078485e-12,3.1842848e-11,4.2081603e-17,5.204926e-26,4.1908532e-19,9.1179515e-11
350000,253,87,0,-2.9371565e-13,8.2832585e-13,8.795781e-14,1.7604166e-19,1.2573415e-23,5.824558e-11
350000,384,326,0,-1.9836566e-13,9.235622e-12,4.7168444e-21,2.5568083e-34,1.2212915e-19,3.0303177e-11
350000,50,85,0,-3.272026e-13,3.9011233e-12,4.940596e-19,2.039932e-29,7.9166016e-23,1.5280413e-10
350000,472,212,0,-3.012138e-13,2.7538595e-11,4.9596295e-12,1.1437908e-15,5.436571e-18,3.5301474e-11
350000,242,155,0,-2.8482906e-14,1.1274447e-14,3.9572925e-34,0.0,2.3645656e-37,1.567832e-16
350000,44,331,0,-3.7751486e-13,1.18464604e-11,7.027363e-16,8.563376e-24,1.1384821e-18,7.636071e-11
350000,264,34,0,-5.739842e-13,4.0607007e-11,1.7722334e-11,2.8007603e-14,2.2403114e-16,4.7635493e-11
350000,458,175,0,-3.0968265e-13,1.3610629e-10,2.8230957e-18,9.647797e-28,9.055314e-13,1.1633017e-11
350000,236,480,0,-7.2126663e-13,1.2381275e-10,3.1643461e-24,2.93399e-39,1.4148042e-10,4.180756e-11
350000,153,187,0,-1.7114573e-14,4.2495757e-16,1.4071109e-36,0.0,1.173e-42,3.8463568e-16
350000,335,212,0,-1.377578e-13,1.586851e-11,2.118353e-15,1.2105323e-21,2.2376886e-18,1.4713947e-10
350000,231,237,0,-1.2603529e-18,6.7128363e-31,0.0,0.0,0.0,2.43263e-19
350000,195,66,0,-5.234174e-13,1.511677e-11,5.462663e-12,2.852963e-15,1.6247323e-17,7.585975e-11
350000,163,16,0,-4.3179138e-13,2.4144428e-12,3.7918835e-11,4.062571e-13,2.9097167e-14,1.4118646e-11
350000,146,391,0,-3.0833094e-13,1.4248827e-11,6.357607e-11,6.3218246e-13,3.9261946e-14,5.808058e-11
350000,311,391,0,-4.961246e-13,4.9301566e-11,3.535314e-16,3.8168907e-25,4.721282e-13,1.954284e-11
350000,221,499,0,-3.2721428e-13,3.7245573e-13,1.8986675e-35,0.0,2.5791428e-33,1.13212215e-13
350000,263,320,0,-6.704565e-16,1.296135e-22,3.049703e-30,0.0,0.0,9.340711e-15
350000,10,348,0,-1.0017934e-12,3.4888342e-11,1.5493208e-10,1.4385172e-11,4.2728225e-12,3.042877e-09
350000,266,492,0,-4.0511683e-12,1.4709155e-09,3.0306355e-11,1.6264208e-13,4.0716e-09,3.0533196e-09
350000,260,38,0,-7.2484e-13,4.098697e-11,1.3031912e-13,3.1943435e-19,9.612555e-18,1.9057504e-10
350000,470,199,0,-1.1617927e-12,1.07357276e-10,3.992378e-12,2.0797422e-16,1.8387812e-10,3.014799e-09
350000,390,362,0,-7.2996643e-13,2.1521875e-11,4.824101e-25,4.561212e-39,1.8069816e-18,2.9951133e-09
350000,132,479,0,-6.943257e-13,2.9647274e-11,9.3430454e-12,2.18673e-14,6.6933205e-16,1.7692867e-10
350000,22,253,0,-5.3484875e-13,6.669856e-12,5.637436e-17,1.7223173e-24,8.943176e-20,4.420802e-12
350000,294,27,0,-1.1791566e-12,1.7006141e-10,2.0389888e-18,1.6345488e-29,1.2544432e-12,2.9916547e-09
350000,106,165,0,-5.4159184e-13,7.147817e-11,3.3612354e-14,1.0629627e-20,3.7155166e-12,9.5236735e-11
350000,223,341,0,-9.7311705e-14,1.8047019e-11,3.8863763e-20,1.603576e-31,6.3689597e-15,2.0425241e-11
350000,249,330,0,-3.581511e-15,1.5619478e-19,3.509e-42,0.0,0.0,5.104717e-12
350000,279,103,0,-3.1136888e-13,2.7199448e-11,1.7181972e-24,2.2005455e-37,8.734318e-17,2.9887863e-09
350000,73,250,0,-9.560558e-14,8.197781e-12,5.4885952e-18,2.0922003e-28,1.417724e-20,3.0310419e-09
350000,403,29,0,-7.931489e-13,1.1542726e-11,1.4983109e-12,1.8384362e-16,3.1913473e-19,3.0036105e-09
350000,1,241,0,-3.2897852e-13,5.146307e-13,9.740947e-16,2.4249464e-23,9.3022e-29,3.1725207e-09
350000,303,81,0,9.817678e-12,1.809947e-11,6.7058503e-23,1.219311e-35,1.8028913e-19,2.9921152e-09
350000,173,90,0,-3.9487657e-13,5.2348056e-12,1.690798e-27,0.0,2.1619176e-23,5.0659244e-11
350000,483,81,0,-1.1192793e-12,1.1644878e-10,8.796094e-12,3.651993e-15,2.0635527e-10,3.0698035e-09
350000,2,268,0,-8.504476e-13,5.26656e-11,2.0806809e-20,7.0376894e-32,5.9768004e-15,2.9897158e-09
350000,497,387,0,-2.1778562e-12,1.8191812e-10,9.449291e-22,1.10078474e-35,9.175954e-13,3.1494412e-09
350000,426,440,0,-1.6929895e-12,1.14009344e-10,1.8055351e-17,9.1177175e-27,3.5207883e-16,5.8529716e-11
350000,10,185,0,-5.545553e-13,4.714264e-11,1.9361711e-14,2.2762243e-21,3.1091799e-13,3.3427687e-09
350000,189,159,0,-2.4742955e-13,1.5198614e-12,1.6959275e-36,0.0,5.526767e-23,2.9895824e-09
350000,423,90,0,6.204411e-12,1.3607131e-10,1.6440691e-12,9.1505935e-17,7.424796e-12,2.9958749e-09
350000,387,340,0,-3.3915075e-13,3.4559898e-12,1.1690094e-12,3.540852e-17,1.7940879e-20,2.9903175e-09
350000,271,112,0,-3.2278295e-13,2.1090327e-11,3.462259e-09,7.191878e-10,1.1532665e-09,4.1196255e-16
350000,425,299,0,-2.0437314e-13,4.8262267e-12,2.1221025e-14,6.910535e-21,6.661298e-23,3.00704e-09
350000,13,230,0,-3.489177e-13,3.2830696e-11,3.026769e-13,8.817724e-19,4.72882e-15,3.2659553e-09
350000,238,57,0,-1.050766e-12,8.74134e-11,9.327194e-19,1.6164005e-26,1.7603543e-13,3.042871e-09
350000,72,411,0,-1.1980459e-12,1.850744e-10,3.9300538e-12,1.5395383e-15,2.3879937e-12,3.0217584e-09
350000,458,462,0,-1.136842e-12,1.9311386e-11,4.696647e-14,2.1536407e-20,1.3155094e-20,3.0899028e-09
350000,154,172,0,-4.1559705e-14,4.131814e-15,3.462259e-09,7.191878e-10,1.1532664e-09,5.8754594e-12
350000,70,26,0,-1.6266035e-12,1.6034371e-10,2.0480192e-11,3.577615e-14,3.5519734e-09,3.036316e-09
350000,156,211,0,-2.5610264e-16,3.0165907e-24,3.1428406e-16,7.859028e-25,2.4857768e-31,1.7596218e-11
350000,283,300,0,-2.8840926e-14,1.0436054e-15,2.425136e-19,2.5125426e-29,1.4992859e-36,2.3474778e-19
350000,304,138,0,-5.979363e-13,2.4218882e-11,1.675901e-28,0.0,6.802258e-17,2.9887863e-09
350000,224,202,0,-3.0547741e-15,1.1461811e-18,0.0,0.0,0.0,6.188554e-28
350000,97,406,0,-4.867289e-13,6.44907e-11,1.6023354e-19,4.462119e-31,1.1867819e-11,2.996992e-11
350000,233,397,0,3.987515e-11,1.01686584e-11,5.4229325e-12,1.3444503e-15,2.8880738e-18,1.3172356e-10
350000,169,329,0,-3.1396695e-13,2.6875696e-11,1.517252e-35,0.0,5.71751e-17,8.907253e-16
350000,110,376,0,9.000619e-13,1.12391815e-11,3.1933208e-18,3.1847547e-27,6.462124e-20,1.8892546e-11
350000,234,38,0,-6.1143327e-13,2.6896868e-11,4.832853e-15,1.3452336e-21,2.5808029e-18,1.2514798e-10
350000,463,381,0,-1.1813085e-12,8.002376e-11,4.406495e-20,1.757444e-32,3.3817955e-12,3.4681036e-11
350000,467,249,0,-3.9543485e-13,6.507653e-11,2.9465562e-11,1.6262031e-13,9.397774e-12,2.6976447e-11
350000,390,352,0,-4.2063025e-13,2.1357844e-12,1.3224664e-15,2.2355147e-22,1.307861e-22,1.474937e-10
350000,1,239,0,-2.8529924e-13,1.6317537e-13,6.513398e-15,1.5570597e-22,2.0256115e-28,2.389167e-10
350000,217,321,0,-1.6049063e-13,2.074834e-12,9.3317e-41,0.0,1.6366108e-24,8.615208e-12
350000,348,27,0,-1.4071143e-12,1.6266018e-10,4.1857433e-12,4.9199663e-15,2.1361988e-12,9.8366856e-11
350000,335,15,0,-4.1203735e-13,1.6219864e-12,3.4005005e-17,4.4320266e-27,7.658501e-26,8.6753556e-11
350000,357,156,0,-3.1361025e-13,4.0162027e-12,7.129898e-11,1.2869348e-12,9.730518e-14,1.4079703e-14
350000,243,9,0,-9.730201e-13,8.7399706e-11,2.2304597e-14,1.0354825e-20,2.993752e-14,3.1730365e-09
350000,82,356,0,7.873861e-12,2.9323297e-12,1.8903575e-18,5.1374403e-28,4.649328e-24,2.9888414e-09
350000,92,37,0,-6.49794e-13,1.3250736e-11,9.944014e-16,9.430226e-23,5.3992995e-21,3.0126874e-09
350000,370,402,0,2.4447742e-11,1.9295151e-14,3.4622598e-09,7.191878e-10,1.1532664e-09,8.01674e-13
350000,344,233,0,-4.3451327e-13,5.7915905e-11,7.8567226e-27,7.564e-42,4.280915e-13,2.9887965e-09
350000,282,386,0,-8.078026e-15,1.173424e-13,4.1782008e-14,7.011371e-21,3.4430574e-26,2.994284e-09
350000,258,284,0,-1.9950494e-19,6.922298e-36,6e-45,0.0,0.0,9.222279e-15
350000,420,232,0,4.109333e-11,4.1501375e-11,3.0235572e-13,8.817715e-19,3.0485425e-16,1.4108822e-12
350000,40,102,0,-8.370603e-13,5.5207443e-11,6.6098094e-16,2.72407e-24,3.4751856e-13,1.7214834e-10
350000,105,435,0,-8.832913e-13,4.9476947e-11,1.26180785e-11,1.0117741e-14,6.111185e-16,1.2643394e-12
350000,191,442,0,-8.136234e-13,2.5614294e-11,2.6281557e-12,5.7752633e-16,3.932288e-17,1.11590615e-11
350000,252,387,0,1.565823e-10,6.6306075e-12,7.0316732e-15,5.6566807e-21,3.4844104e-20,1.09437695e-10
350000,5,331,0,-9.030337e-13,8.2458915e-11,1.4179833e-13,7.7699615e-20,3.10907e-09,1.9206983e-11
350000,212,303,0,-2.437183e-13,5.2936665e-11,7.29e-43,0.0,7.4572704e-15,8.5540936e-16
350000,103,291,0,-6.6159684e-14,2.961527e-14,1.2247176e-11,9.560684e-15,5.931231e-17,1.8811275e-11
350000,282,237,0,-8.623408e-18,2.2244399e-29,3e-45,0.0,0.0,9.488738e-22
350000,488,126,0,-1.0577983e-12,2.1549018e-11,1.7714553e-15,2.4769382e-22,2.7073334e-18,1.8927687e-10
350000,299,387,0,-1.4612489e-13,5.7958625e-12,3.0413803e-11,1.9412294e-13,5.1608214e-15,3.831587e-12
350000,373,483,0,-7.606452e-13,8.409195e-11,2.4702859e-20,7.636066e-33,1.0061392e-12,2.818484e-12
350000,447,215,0,1.0819437e-10,2.961348e-12,2.0530685e-13,3.8336882e-19,3.1779246e-23,4.166782e-11
350000,291,204,0,-2.3126835e-15,9.420345e-19,8.552571e-18,3.3012794e-25,2.5254795e-30,1.2231822e-30
350000,39,439,0,-6.8348566e-13,3.2042025e-11,4.3690698e-12,3.6850854e-15,2.071157e-13,4.0424285e-11
350000,386,357,0,-3.9181562e-13,1.1614358e-11,1.3775122e-21,1.4768818e-34,1.4326239e-18,6.5054372e-12
350000,115,55,0,-1.3695521e-12,3.591085e-11,1.768378e-10,5.871539e-11,5.8857565e-11,2.988925e-09
350000,193,9,0,-1.6283325e-12,5.7162622e-11,9.144809e-12,4.6219467e-15,2.7980728e-16,3.0635605e-09
350000,419,186,0,4.3380292e-11,1.7228524e-11,5.38161e-19,1.4060923e-29,2.6359292e-19,2.9905156e-09
350000,42,360,0,-4.1034447e-13,8.711348e-13,6.4502755e-16,3.2549695e-23,2.894146e-26,3.091903e-09
350000,428,73,0,-9.10371e-13,6.685909e-11,2.2384322e-15,3.7660343e-23,5.0488717e-16,3.0203817e-09
350000,4,266,0,-9.656388e-13,1.1809581e-10,3.1271904e-19,1.3492116e-25,3.3217606e-09,3.9968914e-12
350000,65,52,0,-7.447391e-13,7.797913e-11,1.5010898e-12,1.838464e-16,2.45105e-13,3.0504181e-09
350000,264,475,0,-3.9564237e-13,5.3737684e-11,3.4496167e-12,9.761858e-16,2.5333443e-14,3.0006995e-09
350000,327,419,0,-1.129179e-13,1.8735803e-14,1.2962023e-24,2.933e-42,3.2897216e-38,6.231269e-11
350000,178,235,0,-2.3156933e-16,1.7382e-23,2.2416025e-23,2.7692646e-37,0.0,2.2556339e-11
350000,19,244,0,-4.1719186e-13,4.6354097e-12,2.5494546e-12,4.62421e-16,9.221507e-19,4.30295e-11
350000,448,233,0,1.4567106e-10,6.472126e-11,4.722261e-13,3.6245193e-18,1.4958597e-16,1.5967608e-10
350000,327,373,0,-3.784584e-13,7.780336e-12,1.3664257e-23,1.9699914e-36,2.7719628e-21,8.756023e-14
350000,367,200,0,-3.727166e-13,4.5228344e-12,1.0652836e-18,1.0697843e-28,1.394328e-23,2.6546278e-13
350000,333,344,0,-8.068915e-14,5.3767944e-13,1e-45,0.0,4.6855543e-31,1.9645792e-14
350000,430,252,0,-1.2675028e-13,6.322473e-11,7.260631e-21,3.0155997e-34,2.774816e-15,9.653431e-11
350000,383,115,0,3.9975437e-13,5.990582e-11,8.8604824e-16,3.4805884e-24,1.1943186e-13,7.927973e-11
350000,456,351,0,-6.6924976e-13,5.151033e-11,1.9033986e-18,2.457719e-25,7.0912404e-15,1.7203019e-11
350000,196,264,0,-2.6989445e-15,3.417875e-19,4.26201e-40,0.0,0.0,1.5922175e-12
350000,79,225,0,-8.593497e-14,4.6542733e-14,5.247031e-15,6.938353e-22,7.251681e-27,3.053681e-13
350000,219,90,0,-2.878189e-13,9.554365e-13,8.535744e-21,5.8370107e-32,3.821561e-26,6.6004445e-11
350000,30,248,0,-1.0892643e-13,2.7441735e-15,1.7581489e-19,1.5821786e-31,1.08585e-40,3.5852217e-11
350000,157,205,0,-1.2082155e-15,6.654582e-22,9.487867e-22,2.7600797e-35,1e-45,1.1164484e-10
350000,433,383,0,-7.479284e-13,1.837615e-11,1.2849347e-15,6.080607e-23,5.4008225e-19,6.82961e-11
350000,343,113,0,-2.9835726e-13,1.7253765e-12,3.1840111e-16,2.7282323e-24,4.4561227e-26,3.061303e-16
350000,232,381,0,8.870295e-12,2.895432e-15,1.8244486e-17,3.639403e-26,1.253522e-32,1.8119807e-12
350000,462,127,0,-1.5581993e-12,1.438554e-10,3.96082e-12,3.9146665e-15,1.6638612e-12,3.2165584e-09
350000,470,221,0,9.439008e-13,2.3647799e-11,2.2125186e-13,2.4019834e-18,7.1345056e-17,3.0221947e-09
350000,244,71,0,-6.8693147e-13,2.810896e-11,5.63778e-20,1.5765222e-28,1.0973315e-18,6.832904e-11
350000,398,413,0,7.445442e-12,5.255893e-11,1.5050151e-10,1.1406851e-11,9.645786e-12,3.0196856e-09
350000,65,61,0,-3.7640035e-13,6.053609e-13,2.737983e-17,3.434748e-27,1.9340745e-30,3.0473661e-09
350000,336,395,0,-2.4878192e-13,1.8978544e-11,1.4130544e-19,2.0063217e-30,6.765812e-18,3.0965013e-09
350000,19,444,0,-1.3249223e-12,6.952706e-11,5.5533845e-14,5.887055e-20,1.8813331e-13,3.1875913e-09
350000,469,349,0,-7.0000635e-13,6.2473395e-11,3.6882023e-18,1.148749e-28,4.2808953e-13,3.1016125e-09
350000,493,437,0,-1.0245402e-12,4.3092897e-11,2.4760546e-10,5.951681e-11,6.027403e-11,3.0536673e-09
350000,364,467,0,-3.5721087e-13,2.9559647e-12,1.0658205e-13,4.81855e-19,7.3779724e-23,3.0436347e-09
350000,32,70,0,-1.0372648e-12,4.265183e-11,1.2884235e-19,3.3477635e-31,8.24998e-18,5.3531832e-11
350000,27,127,0,-8.1678934e-13,1.9351097e-11,1.2249099e-11,9.560684e-15,5.972466e-17,1.2064118e-10
350000,398,499,0,-1.1667084e-12,7.483639e-11,1.860696e-13,1.2460892e-19,1.10319685e-13,1.7682847e-10
350000,23,249,0,-3.6439843e-13,9.10873e-13,4.6884396e-16,1.8316155e-24,6.2060305e-28,3.0397789e-09
350000,37,61,0,-1.0391482e-12,3.1068967e-11,7.765018e-16,1.102353e-22,3.4455006e-19,2.9911442e-09
350000,302,127,0,-2.1611403e-13,1.1981059e-13,1.4272007e-25,9.536e-42,7.870791e-30,1.5816848e-12
350000,40,188,0,-5.21051e-13,4.9885405e-11,8.7498696e-11,7.529963e-12,2.7707595e-12,3.1046188e-09
350000,470,418,0,-1.5748159e-12,2.2600449e-10,3.3602393e-13,2.2428932e-18,5.453927e-12,3.2924767e-09
350000,436,446,0,-1.4880794e-12,7.687595e-11,3.009966e-11,8.519425e-14,3.04181e-09,3.0589837e-09
350000,478,229,0,-7.898236e-14,7.959941e-14,1.8450366e-14,1.6134411e-20,6.4308247e-25,3.0046658e-09
350000,422,104,0,5.428707e-11,1.9783e-11,9.535276e-18,4.102931e-26,6.984102e-19,2.2183394e-11
350000,51,447,0,-1.8076163e-12,2.9925423e-10,7.844098e-18,8.292488e-27,3.0366779e-10,3.0165068e-09
350000,206,99,0,-2.4397045e-13,8.384837e-12,1.6881018e-15,3.199982e-23,1.147156e-20,3.0064746e-09
350000,11,50,0,-1.5671618e-12,1.2467796e-10,3.103112e-11,6.73415e-14,6.5414817e-15,3.101088e-09
350000,305,463,0,-2.2810223e-13,1.737025e-11,3.6245507e-11,1.615025e-13,3.6682494e-15,3.2218936e-09
350000,481,421,0,-1.6625304e-12,1.3554317e-11,2.4142645e-14,1.5347375e-20,8.3924613e-19,2.0660496e-10
350000,144,341,0,-4.6242307e-13,5.949343e-11,8.3951594e-26,6.36306e-40,3.715516e-12,9.476155e-14
350000,445,240,0,3.3435192e-11,1.767968e-11,2.584611e-11,9.645809e-14,2.1194505e-15,3.1119856e-09
350000,204,484,0,-6.0601003e-13,3.5322294e-11,8.8611233e-17,1.3910779e-25,1.8431572e-14,1.3864915e-11
350000,468,105,0,-1.1330685e-12,3.4386216e-11,1.04023825e-13,6.8496386e-19,5.0272973e-18,3.007106e-09
350000,399,197,0,-2.0197768e-13,6.0709046e-12,1.3036049e-18,1.2563881e-26,5.334333e-20,2.9887928e-09
350000,494,356,0,-5.4951513e-13,4.0585042e-11,2.0340855e-18,1.197063e-29,1.8431916e-14,2.9887883e-09
350000,378,340,0,-3.304612e-13,1.791135e-12,7.639558e-12,1.4514179e-14,2.7943728e-16,2.9939553e-09
350000,393,312,0,-4.820931e-13,5.001046e-11,1.02901956e-16,7.932336e-24,1.1499944e-14,3.1028817e-09
350000,16,77,0,-1.0537402e-12,1.4649448e-11,2.804234e-13,5.5974865e-18,3.3265945e-21,3.176841e-09
350000,91,290,0,-9.943417e-14,1.30102465e-14,3.245313e-12,8.501879e-16,1.894421e-18,2.9888365e-09
350000,75,50,0,-7.440372e-13,3.0271726e-11,7.747314e-11,1.5009839e-12,1.1987759e-13,2.9899456e-09
350000,0,453,0,-3.2350813e-12,4.6078513e-10,2.0637976e-10,4.620348e-12,3.0233673e-11,3.3988983e-09
350000,359,50,0,-1.1776988e-12,1.458964e-11,4.6015826e-12,9.670482e-16,1.9281452e-18,3.0430467e-09
350000,438,263,0,-3.9620908e-13,1.0373641e-12,7.7402603e-25,2.39696e-40,9.175435e-28,3.0114713e-09
350000,133,448,0,-2.8577672e-13,1.6436187e-12,6.373082e-16,2.2866902e-22,1.4533648e-26,1.267426e-10
350000,146,427,0,-1.01798906e-13,1.5823672e-14,2.9310453e-15,3.87332e-22,4.1070945e-27,3.0051301e-09
350000,441,20,0,-9.51976e-13,9.2489176e-11,2.6156149e-15,3.2845384e-22,4.4165182e-14,1.6551699e-10
350000,410,419,0,-3.8657088e-13,2.7343664e-11,2.1215204e-12,5.499167e-16,3.4313854e-14,3.0193137e-09
350000,92,117,0,-7.014404e-13,3.934675e-11,1.805507e-21,6.590608e-30,2.2589737e-17,3.0002747e-09
350000,78,334,0,-8.4743996e-13,9.474333e-11,7.035088e-17,4.5456455e-26,1.4047648e-13,2.9981024e-09
350000,263,11,0,-3.9722563e-13,8.6517425e-12,1.1613698e-14,9.3674786e-20,2.1891346e-20,1.9233859e-10
350000,197,465,0,-1.192599e-12,7.959971e-11,1.157396e-15,4.672582e-24,1.8816379e-13,1.8188286e-11
350000,100,21,0,-1.3468644e-12,1.2910977e-11,2.4517756e-15,3.5157918e-23,1.9385257e-20,8.03846e-12
350000,12,400,0,-5.8131137e-13,2.3195836e-11,7.0734803e-12,4.812116e-15,3.870996e-17,3.3322178e-09
350000,16,287,0,-1.6364935e-13,9.44629e-14,3.708447e-09,7.3069945e-10,1.1587705e-09,2.703272e-12
350000,40,126,0,-1.2729605e-12,9.642076e-11,6.906981e-11,2.2901646e-12,3.8379946e-13,3.0487985e-09
350000,49,346,0,-5.2533645e-13,4.5448586e-11,5.0159604e-14,2.1558614e-20,2.6955765e-16,3.171794e-09
350000,68,246,0,-6.3451746e-14,5.654773e-13,1.0720558e-16,9.7771174e-26,2.937272e-27,3.0229006e-09
350000,426,433,0,-1.7110076e-12,5.235341e-11,3.552479e-18,1.3618183e-28,3.2446124e-15,3.367807e-09
350000,96,473,0,-1.2371674e-12,6.3329605e-11,1.36459514e-17,3.8244747e-27,2.070875e-13,3.052216e-09
350000,418,133,0,-6.901402e-13,8.129578e-11,1.3167943e-11,5.041653e-14,1.8942912e-13,4.279901e-12
350000,62,241,0,-3.1434372e-14,8.5045734e-16,2.733514e-13,9.127967e-19,5.1687858e-23,3.7748793e-12
350000,437,381,0,-8.030719e-13,3.0257262e-11,1.3282261e-15,3.961667e-22,3.0459554e-16,4.3423096e-10
350000,126,327,0,-6.936451e-13,1.4327393e-10,4.766017e-18,2.773267e-27,9.754205e-11,4.882516e-11
350000,391,410,0,2.8065906e-11,5.9573787e-12,1.8250275e-13,1.1258419e-18,8.883106e-22,8.0966e-12
350000,21,473,0,-1.3027198e-12,3.7866515e-11,2.4584254e-12,3.9204735e-16,1.1616326e-16,1.9866895e-11
350000,275,207,0,-3.2482318e-13,2.8614647e-11,2.6759835e-17,4.9646338e-24,1.7033899e-16,2.4822382e-32
350000,62,405,0,-7.884756e-13,8.931878e-11,1.5013061e-14,1.3284226e-21,3.9054957e-13,6.7693225e-12
350000,434,403,0,-1.6530545e-12,1.0697413e-10,2.1123565e-12,1.5250274e-16,1.793597e-14,6.969106e-11
350000,355,492,0,-1.9078467e-13,4.5822066e-12,3.0050643e-11,8.5194215e-14,1.6735045e-15,2.2281546e-10
350000,40,118,0,-1.0340069e-12,6.361376e-11,3.1100562e-13,1.8130775e-18,2.4489373e-13,3.165773e-11
350000,474,466,0,-1.805172e-12,3.3503995e-11,2.3924654e-14,2.4576596e-20,1.7448647e-16,5.7193663e-11
350000,404,191,0,-1.492027e-13,2.755095e-11,1.288404e-14,1.9775001e-20,3.342699e-17,6.236616e-13
350000,477,205,0,-6.5265924e-13,9.707895e-12,2.4369727e-12,4.6224706e-16,9.355572e-19,1.9285683e-10
350000,259,166,0,-1.4149707e-16,9.451436e-25,2.5288137e-32,0.0,0.0,6.3093396e-15
350000,24,28,0,-2.2431733e-12,2.1451353e-10,1.5893675e-10,5.8580155e-11,2.3329083e-10,1.8104201e-10
350000,474,169,0,-4.1854823e-13,3.3376717e-12,4.255925e-14,5.562809e-20,3.0688511e-24,7.9918e-11
350000,439,187,0,1.3426266e-10,2.1229771e-10,8.496816e-13,4.3771582e-17,8.164351e-11,8.8914834e-11
350000,102,218,0,-5.6335934e-14,6.652553e-14,1.1055287e-20,1.8539355e-33,4.9790475e-37,3.4791614e-12
350000,164,274,0,-5.853323e-17,1.0835118e-25,5.4034772e-36,0.0,0.0,4.2040173e-12
350000,204,234,0,-1.8412868e-14,5.9411685e-16,0.0,0.0,9.84e-43,1.6661488e-11
350000,220,45,0,-7.032313e-13,4.084478e-11,9.766538e-13,3.3814005e-17,1.8432131e-14,7.014257e-11
350000,76,289,0,-1.3389446e-13,5.216809e-12,2.2429044e-12,3.905874e-16,7.57822e-19,3.0115421e-09
350000,484,62,0,-1.2110728e-12,1.5370198e-11,3.3644414e-13,2.2425677e-18,2.2125653e-20,3.159909e-09
350000,120,192,0,-1.0966056e-13,2.8291054e-12,2.500426e-20,4.7098376e-32,8.0063687e-25,3.908893e-12
350000,377,24,0,-7.556264e-13,1.15293695e-11,9.382976e-16,4.2550763e-23,4.5772354e-21,4.660187e-12
350000,60,201,0,-3.554276e-13,6.8444877e-12,1.2890273e-13,6.479288e-19,3.0125922e-21,2.3153698e-11
350000,43,16,0,-7.5491897e-13,1.3818098e-11,4.5304654e-12,6.212454e-16,1.1180872e-18,2.572982e-12
350000,478,91,0,-1.097021e-12,6.902035e-11,1.14897665e-14,1.3912427e-20,5.187078e-13,1.3366046e-10
350000,447,288,0,-4.955818e-13,3.1020454e-11,3.6559944e-14,1.6266718e-20,3.6138438e-16,9.5092934e-11
350000,399,36,0,-1.1583138e-12,6.311717e-11,7.962727e-18,6.103458e-28,2.561784e-16,9.328745e-11
350000,499,475,0,-5.688963e-14,8.4562224e-13,1.7220137e-12,1.9633968e-16,1.4547837e-19,5.2113747e-12
350000,25,489,0,-1.6073862e-12,1.04945594e-10,1.902913e-11,4.171079e-14,2.335356e-10,1.003354e-10
350000,258,12,0,-4.923026e-13,1.7648518e-11,5.5424318e-11,4.1196248e-13,2.349119e-14,3.8580503e-11
350000,62,265,0,-1.0522781e-14,2.8536215e-18,1.0228032e-10,7.18043e-13,4.0595555e-14,3.044618e-09
350000,344,2,0,-5.758266e-13,4.3870633e-11,1.5899144e-22,1.5647593e-34,2.1660107e-16,1.8681005e-13
350000,127,20,0,-1.1390627e-12,9.594019e-11,1.9840344e-22,1.4504057e-36,2.9922916e-14,2.1971386e-10
350000,352,457,0,-6.2575054e-13,4.786197e-11,9.01508e-20,8.134849e-33,9.046992e-16,3.0749199e-09
350000,82,455,0,-1.865255e-12,6.8418424e-11,2.4351031e-12,4.62247e-16,1.4375557e-17,2.9932372e-09
350000,295,37,0,-9.81723e-13,3.2849997e-11,3.462259e-09,7.191878e-10,1.1532664e-09,1.614325e-10
350000,238,8,0,-7.6988226e-13,3.5777374e-11,2.1747331e-17,8.861098e-28,2.7630369e-14,5.547914e-10
350000,464,312,0,-5.444532e-13,1.6501897e-11,8.731205e-11,8.156416e-12,2.6284387e-12,3.0035903e-09
350000,240,138,0,-3.2065716e-14,7.091293e-16,1.0824192e-27,6e-45,2.9565e-41,5.3964486e-14
350000,286,460,0,-4.2542936e-13,6.297435e-11,1.2956995e-19,1.1501869e-31,3.2133203e-09,1.1367614e-16
350000,461,196,0,-8.8725387e-13,6.393757e-11,2.4805769e-10,5.5657687e-11,4.310829e-11,9.533107e-11
350000,56,71,0,-2.5890517e-13,1.694723e-11,9.9209515e-17,6.8867614e-23,2.657748e-17,3.0013447e-09
350000,459,432,0,-1.385775e-12,7.177829e-11,7.518607e-15,8.502785e-22,8.422085e-15,1.9943594e-10
350000,472,480,0,-1.149509e-12,6.79248e-11,2.9590958e-11,1.626207e-13,8.047148e-12,2.3869923e-10
350000,437,18,0,-8.4033697e-13,3.723984e-11,2.333631e-15,9.5241996e-21,1.6903575e-17,5.0805346e-11
350000,486,491,0,-1.1166588e-12,6.3165716e-11,2.759107e-16,2.5476906e-24,1.1472175e-15,3.0776395e-09
350000,169,470,0,-2.4855194e-13,1.0173619e-13,3.462274e-09,7.191878e-10,1.1532664e-09,2.6712332e-11
350000,421,465,0,-7.8837094e-13,2.128793e-11,1.0643347e-12,2.1518674e-17,8.236691e-18,1.8168443e-10
350000,424,474,0,-8.0842136e-13,2.6302035e-11,2.945106e-11,1.626203e-13,4.093522e-15,2.0888091e-10
350000,0,11,0,-8.5995474e-14,7.753609e-12,1.6951675e-14,8.2787225e-21,1.2320025e-16,1.0895759e-11
350000,356,23,0,-7.7225704e-13,5.014945e-11,4.302687e-13,8.164301e-17,3.3844682e-15,3.8200385e-10
350000,491,66,0,-1.6486293e-12,1.0058174e-10,8.638056e-21,1.1415705e-33,5.560073e-12,9.049819e-11
350000,328,451,0,-5.6143745e-13,5.0881164e-11,4.257458e-16,5.512602e-25,2.1537947e-13,3.0879785e-09
350000,257,486,0,-2.529835e-13,1.1895896e-11,1.7082944e-11,1.5030866e-14,1.04096134e-16,6.959461e-11
350000,28,413,0,-6.708856e-13,8.329477e-12,1.0032153e-15,1.456286e-22,6.0581675e-22,3.2843854e-09
350000,254,426,0,-2.3273912e-13,3.3650877e-11,8.741866e-15,2.4342809e-22,1.2935757e-14,3.1697938e-09
350000,36,16,0,-1.0746662e-12,1.41186915e-11,1.4623082e-10,1.2435787e-11,3.3230146e-12,3.0725975e-09
350000,388,13,0,-1.1154577e-12,9.4706715e-11,1.8224243e-14,1.608822e-20,4.1533058e-15,4.477468e-10
350000,446,386,0,-1.0557783e-12,8.129488e-12,6.044119e-12,1.8191631e-15,3.987464e-18,9.954913e-11
350000,494,454,0,-7.6422625e-13,8.720368e-11,1.8617649e-12,9.58149e-17,1.4334136e-11,1.1068512e-10
350000,457,482,0,-1.2561446e-12,7.699251e-11,7.592632e-12,1.5227563e-15,3.2100004e-14,2.932331e-11
350000,370,9,0,-6.490602e-13,4.168797e-11,9.692779e-11,5.788333e-12,1.452514e-12,3.093828e-09
350000,70,40,0,-1.4837571e-12,4.5525573e-11,4.4791972e-17,5.784029e-25,2.3074535e-16,1.759169e-10
350000,297,374,0,-6.49059e-14,9.522427e-15,1.996822e-18,1.634274e-29,4.6420853e-38,4.4744448e-11
350000,298,33,0,-8.6227564e-13,7.088843e-11,4.181259e-14,8.091876e-20,1.1078967e-11,5.6515077e-11
350000,413,411,0,-7.1429066e-13,8.1138785e-12,1.0633347e-11,3.7674257e-14,1.7967286e-15,2.1753306e-10
350000,497,193,0,-1.0292116e-13,2.3499831e-14,4.3892302e-16,1.5025056e-21,4.434582e-25,2.9892342e-09
350000,479,38,0,-2.8586213e-12,4.6107354e-10,1.6151096e-12,1.1300318e-16,3.772777e-11,1.4066497e-10
350000,71,356,0,2.0769994e-12,5.5626927e-11,1.22496405e-11,9.560684e-15,5.4492357e-14,3.5900287e-12
350000,5,66,0,-1.521602e-12,6.8442e-11,1.6124303e-12,3.043761e-17,3.5111752e-15,7.1564255e-11
350000,399,447,0,-4.164623e-13,3.8027186e-12,9.375036e-19,2.9545863e-29,4.565854e-24,6.9081915e-13
350000,109,33,0,-1.7919358e-12,1.4235448e-10,8.016481e-12,3.8114484e-15,1.9431685e-14,2.2718123e-11
350000,369,22,0,-8.8557216e-13,2.1815267e-11,4.5144866e-16,1.3623151e-22,2.239531e-18,5.8253138e-12
350000,358,458,0,-5.0636237e-13,5.8685154e-11,2.3409536e-18,4.6262188e-29,9.5563965e-12,1.4272569e-10
350000,346,482,0,-3.4763796e-13,5.0511925e-12,2.2350497e-15,3.7659557e-23,2.8110645e-21,5.183579e-11
350000,187,191,0,-4.9946494e-14,4.9404607e-15,0.0,0.0,4.131168e-32,8.968777e-12
350000,471,267,0,-9.18942e-13,2.2824627e-10,2.4437287e-11,1.3868765e-13,7.352802e-11,9.8119485e-11
350000,3,259,0,-9.701534e-13,4.539652e-11,3.4622598e-09,7.191878e-10,1.1532669e-09,4.9320884e-11
350000,12,471,0,-1.7846198e-12,1.2101915e-10,1.5377208e-11,9.671018e-15,5.4982976e-12,1.248394e-10
350000,5,9,0,-8.638203e-13,4.7296504e-11,1.6939784e-10,7.3941174e-12,1.5395107e-12,3.4189915e-10
350000,22,172,0,-5.158473e-13,1.5927963e-12,4.9836193e-13,5.951788e-17,2.2489017e-19,3.0182865e-09
350000,271,43,0,-3.8093316e-13,1.4671418e-12,1.0152355e-12,9.4176505e-17,1.4997497e-19,6.5640035e-11
350000,365,43,0,-1.4363316e-12,1.8508986e-10,1.2294532e-12,5.1610555e-17,3.6669365e-10,1.705412e-11
350000,260,480,0,-2.846155e-13,5.411506e-12,1.3294415e-12,5.5333824e-17,3.4938694e-20,1.2988734e-10
350000,229,435,0,-5.2669674e-13,1.8009599e-11,7.1943597e-12,6.8787054e-15,1.0457699e-16,2.7304395e-11
350000,24,427,0,-8.298986e-13,2.3180891e-11,6.0764043e-15,1.8105972e-21,4.0746033e-19,3.060682e-09
350000,124,53,0,-1.0343725e-12,3.860349e-11,2.6034425e-14,1.1451429e-20,1.4299751e-13,3.944737e-11
350000,457,46,0,-1.050259e-12,5.164522e-11,1.1564449e-17,4.938326e-27,5.678457e-13,1.3289135e-10
350000,477,132,0,-8.761182e-13,1.0230135e-11,1.8295628e-13,1.1272496e-18,4.29463e-21,2.5809285e-10
350000,428,58,0,-9.105882e-13,1.0853633e-11,5.6244094e-16,7.177503e-24,3.967967e-19,1.4454771e-10
350000,214,474,0,-8.114889e-13,3.6409955e-11,3.856843e-10,2.930166e-11,1.5771235e-11,1.2671394e-10
350000,10,466,0,-1.7880203e-12,9.951933e-11,1.4340718e-11,6.440062e-14,5.805053e-15,3.0638516e-09
350000,311,22,0,-1.7866626e-12,2.1493325e-10,1.7004838e-10,5.8753585e-11,5.8152667e-11,2.214946e-11
350000,311,446,0,-3.9732318e-13,1.094904e-11,2.5228717e-12,1.5182027e-16,2.2738854e-19,3.3756224e-11
350000,23,455,0,-1.6252158e-12,4.1950145e-11,1.1565531e-11,9.969414e-15,3.6557966e-16,1.08290134e-10
350000,44,405,0,-1.0094664e-12,7.024429e-11,3.627628e-17,5.1584192e-27,2.7673127e-13,2.8437442e-11
350000,455,160,0,-5.4871824e-13,2.537471e-11,3.2139687e-18,7.490809e-28,8.7344026e-17,2.1772266e-13
350000,40,457,0,-1.693609e-12,1.2156232e-10,7.3273304e-11,4.263285e-13,1.3027558e-13,1.7917237e-10
350000,38,90,0,-6.25218e-13,1.6514066e-11,1.6559691e-11,2.2152917e-14,1.6295876e-16,2.9079902e-11
350000,0,428,0,-2.537813e-12,7.111428e-11,2.0912266e-14,5.1498613e-21,1.2054115e-15,3.4002607e-09
350000,119,393,0,-2.9551678e-13,3.1482401e-12,2.50026e-20,4.7098373e-32,2.4089741e-25,2.990184e-09
350000,113,77,0,-4.4954727e-13,1.770043e-11,4.4695176e-17,3.258451e-25,5.5140286e-18,2.5120026e-11
350000,206,406,0,-1.2407172e-13,1.6588414e-13,5.941577e-14,2.5857643e-20,3.682572e-25,5.920438e-14
350000,74,40,0,-1.3309579e-12,2.0456884e-11,4.6103012e-15,2.5309526e-22,1.0902381e-19,7.818636e-12
350000,17,395,0,-1.1532461e-11,2.3167757e-09,3.359775e-11,4.0257245e-13,4.119755e-09,2.755184e-10
350000,28,54,0,-1.3066385e-12,4.8832376e-11,1.0879261e-16,2.8799598e-26,7.3243774e-18,1.3932658e-10
350000,8,339,0,-1.1768849e-12,9.5237616e-11,2.4076835e-14,2.4218017e-21,3.740173e-12,3.2126888e-11
350000,347,451,0,-6.5991906e-13,1.6937014e-11,1.0014758e-19,2.559835e-32,5.584043e-19,3.1819172e-11
350000,354,31,0,-1.0638573e-12,2.5130575e-10,9.225798e-14,3.9201388e-18,7.3487987e-11,1.8026233e-10
350000,18,156,0,-1.0237815e-12,1.1155281e-10,3.4627308e-09,7.191879e-10,1.1542518e-09,2.8158753e-11
350000,327,473,0,-6.586184e-13,8.869707e-11,1.4409875e-14,3.4384925e-21,2.453194e-13,7.385804e-12
