mcsteps,xCOM,yCOM,zCOM,il8,il1,il6,il10,tnf,tgf
530000,84,376,0,1.9971724e-09,4.630091e-11,3.7417847e-16,2.7143656e-26,4.825238e-18,7.547528e-11
530000,432,181,0,1.9971655e-09,4.5095407e-11,7.919074e-13,2.904635e-17,2.5510937e-14,4.1571576e-11
530000,409,105,0,1.9973248e-09,4.226133e-11,1.7253968e-20,7.67486e-33,2.60626e-10,5.5351907e-11
530000,247,394,0,1.9977597e-09,5.358576e-12,3.9878887e-15,2.3568725e-23,2.0336293e-22,3.0513706e-11
530000,132,141,0,1.9975268e-09,3.124819e-11,7.8679064e-36,0.0,2.658484e-17,3.712691e-11
530000,286,72,0,1.9974993e-09,4.6163743e-11,2.1124441e-14,4.756483e-22,2.6319154e-15,1.2416171e-10
530000,365,385,0,1.9979067e-09,1.1526035e-11,3.471712e-14,6.432171e-20,1.4341638e-20,1.4154718e-12
530000,379,420,0,1.9977238e-09,3.5787033e-11,6.361577e-14,7.003627e-21,2.1072325e-15,7.5338125e-11
530000,426,219,0,2.0259947e-09,2.835862e-12,2.3102296e-13,3.5236607e-19,1.0904985e-22,6.664816e-11
530000,444,225,0,2.0257243e-09,1.972313e-11,1.6003828e-12,1.6102286e-16,4.906694e-19,2.4691352e-10
530000,290,312,0,-1.1146498e-11,2.2826714e-09,1.2252667e-14,9.721372e-22,4.1188084e-09,5.9348915e-14
530000,260,261,0,-2.0100537e-17,3.078826e-28,0.0,0.0,0.0,5.7045835e-12
530000,222,211,0,-4.5411344e-13,6.8840454e-11,0.0,0.0,1.3626536e-14,7.8426e-16
530000,234,451,0,-4.5646673e-13,3.1105486e-11,5.387684e-11,4.0227366e-12,5.913315e-13,1.05499415e-10
530000,444,59,0,-9.613781e-13,5.4853243e-11,6.573919e-12,8.414895e-15,4.7456955e-14,3.0026379e-10
530000,371,201,0,-3.721324e-13,9.445479e-12,2.021235e-14,1.2102197e-20,4.3727268e-20,8.5316485e-12
530000,455,137,0,-9.417317e-13,2.094019e-11,2.8986799e-11,1.4792283e-13,3.6221246e-15,7.102677e-11
530000,483,257,0,-6.4621783e-13,8.38299e-12,5.415592e-14,1.2943238e-20,2.0369598e-25,7.734614e-11
530000,207,159,0,-2.5798016e-13,1.6857522e-11,4.4469687e-25,4.2e-44,1.1934135e-17,3.1678327e-13
530000,130,98,0,-4.4922117e-13,5.3543173e-11,9.772175e-15,4.5556142e-20,1.5286475e-14,2.8543315e-11
530000,118,387,0,1.3762954e-14,3.2302792e-11,3.877356e-15,9.992075e-22,1.4464451e-12,2.1841735e-11
530000,94,446,0,-1.1435305e-12,6.003057e-11,1.8107144e-14,3.991969e-21,1.7388958e-13,7.2791995e-11
530000,232,197,0,-4.8554175e-14,7.7066974e-14,3.1480119e-30,0.0,1.2913752e-34,4.0145955e-13
530000,18,131,0,-8.5283316e-13,2.298142e-11,9.164123e-18,4.4662312e-29,1.046288e-19,1.9137389e-10
530000,234,348,0,-4.165224e-14,5.8881697e-13,2.1282523e-14,5.131674e-21,3.105303e-26,1.4901292e-11
530000,85,471,0,-1.477279e-12,6.6620966e-11,6.2850554e-16,1.453296e-25,2.104441e-12,3.2563997e-11
530000,129,237,0,-1.4388345e-14,1.1366365e-17,4.2184453e-18,3.843072e-28,2.5930797e-35,4.6836233e-11
530000,225,268,0,-2.1055594e-16,3.7115676e-25,0.0,0.0,0.0,4.692144e-16
530000,437,274,0,-4.2631984e-13,2.978033e-11,1.8128439e-18,6.6533624e-31,2.8004815e-10,1.0998414e-10
530000,219,335,0,-4.748544e-13,1.3184934e-11,5.6149914e-23,5.4931623e-38,4.2602154e-17,3.7505846e-11
530000,296,341,0,-1.0707013e-13,9.832791e-12,4.84028e-26,4.6e-44,2.1982927e-18,2.55344e-12
530000,173,69,0,-4.6733163e-13,4.1960435e-11,2.905937e-17,4.453253e-25,2.435802e-11,7.625621e-12
530000,259,275,0,-1.6074624e-17,8.1338606e-29,7e-45,0.0,0.0,7.654804e-15
530000,253,171,0,-2.3708763e-15,9.400817e-20,2.6152697e-24,8.3206e-41,0.0,1.473109e-11
530000,378,95,0,6.7374416e-13,1.894798e-12,2.2934149e-19,3.7199022e-33,1.39588e-28,6.85497e-11
530000,102,342,0,-5.3328034e-13,4.3499034e-11,6.79094e-19,1.3563439e-31,2.5104233e-16,3.8707443e-10
530000,357,397,0,7.3053334e-11,1.3066793e-12,1.2768576e-13,5.337673e-19,3.7685252e-23,5.2080312e-11
530000,156,491,0,-7.48303e-13,4.6669557e-11,5.9273333e-16,1.2547926e-25,1.4464451e-12,2.945586e-11
530000,5,226,0,-2.9017777e-13,2.1398248e-11,5.329378e-12,9.941839e-16,9.1810857e-14,1.3147802e-10
530000,299,151,0,-4.1906742e-13,4.6233066e-11,2.1166105e-35,0.0,1.5326211e-12,2.1995196e-13
530000,476,175,0,-4.716155e-13,1.634291e-11,2.1060344e-11,4.542246e-14,4.3641244e-16,2.9678114e-11
530000,115,39,0,-1.2741601e-12,4.8046664e-11,2.64731e-17,4.2661366e-28,5.2181532e-15,9.7302e-11
530000,341,377,0,6.1762184e-12,4.3017936e-11,1.2547458e-15,7.110154e-24,4.845656e-13,9.0889456e-11
530000,463,476,0,-1.1697912e-12,4.9877654e-11,2.6245746e-12,2.7647994e-16,3.7217625e-14,1.2283766e-10
530000,272,143,0,-1.5063439e-13,6.202545e-13,1.6437263e-23,2.1525e-41,4.770526e-29,2.7206118e-15
530000,324,235,0,-1.0201013e-13,6.420463e-12,1.004847e-11,9.0759335e-15,2.932568e-17,2.765233e-11
530000,292,328,0,-1.09703194e-13,3.3119354e-12,1.4074047e-16,3.7980825e-25,1.2203047e-23,1.2621273e-10
530000,205,289,0,-6.32499e-14,1.4997892e-13,6.053395e-36,0.0,2.6229138e-34,3.8055566e-11
530000,78,468,0,-1.7801936e-12,3.624683e-11,1.1462143e-15,1.4862345e-23,1.7549877e-18,1.1504459e-10
530000,497,135,0,-1.0229417e-12,5.8185144e-11,6.1976956e-12,4.8328337e-15,5.4819485e-15,1.4186526e-10
530000,100,225,0,-5.540636e-14,9.4058325e-15,1.854423e-15,6.4377613e-23,1.154492e-28,6.828922e-11
530000,343,199,0,-1.7058832e-13,5.4692956e-12,4.9423936e-17,5.3649426e-26,1.00854504e-22,7.379415e-12
530000,249,389,0,4.0344877e-10,2.06555e-12,3.590283e-15,1.417723e-22,2.1678315e-26,1.07406146e-10
530000,73,92,0,-7.5684207e-13,6.9149034e-11,6.765344e-13,5.6235464e-18,1.6225837e-12,2.0747222e-10
530000,452,485,0,-1.0066455e-12,7.434676e-11,4.186155e-13,7.5860295e-19,1.4187974e-11,2.6409544e-10
530000,475,386,0,-1.3239577e-12,1.4998999e-10,2.0048308e-14,6.3689825e-21,2.1281266e-10,5.2610135e-11
530000,204,448,0,-4.721855e-13,1.1347627e-11,5.3980556e-14,9.746569e-21,5.670459e-16,4.79229e-11
530000,412,327,0,-2.3168457e-13,1.6051391e-11,8.098453e-15,1.1302664e-22,4.9124228e-17,5.5051155e-12
530000,66,455,0,-1.2953487e-12,3.5377756e-11,1.0309598e-10,5.359546e-11,7.489699e-11,1.3358294e-10
530000,123,176,0,-3.2390396e-13,1.2461807e-10,1.377011e-12,3.3018638e-17,3.3003077e-12,1.266016e-10
530000,215,428,0,-2.6657235e-13,7.915424e-13,5.3231884e-14,2.6051601e-20,2.0182331e-25,6.4697046e-11
530000,459,270,0,-7.678787e-13,4.9467753e-11,6.895346e-11,3.2137017e-12,3.8365272e-13,8.580242e-11
530000,415,407,0,-8.0799023e-13,6.4900266e-11,4.758488e-13,3.1555422e-17,5.4032267e-13,1.4322105e-10
530000,281,24,0,-7.3622103e-13,4.7777653e-11,8.998634e-19,2.68804e-30,4.594525e-16,2.2887114e-10
530000,398,281,0,-3.484354e-13,3.6204595e-11,4.100565e-32,0.0,1.2219617e-11,4.992143e-12
530000,173,376,0,-4.6192444e-13,1.8998112e-11,1.1072455e-21,1.1396463e-37,5.836547e-21,3.9136874e-11
530000,55,31,0,-1.7719583e-12,2.2495719e-10,5.287107e-13,1.6259382e-18,3.02174e-11,1.0912558e-10
530000,377,147,0,-2.3873712e-13,1.5209797e-12,3.2720205e-25,1.67e-43,5.4906e-24,9.4037686e-12
530000,194,104,0,-3.2022077e-13,9.147585e-12,7.560189e-15,1.8430968e-22,2.723175e-21,3.4278927e-11
530000,306,324,0,-9.79768e-14,1.1804043e-12,7.5537e-19,3.7112666e-30,9.826594e-26,9.6541984e-12
530000,488,119,0,-1.1301103e-12,8.975228e-11,3.5529395e-11,1.4052023e-12,2.096143e-12,9.4149716e-11
530000,238,319,0,-6.271063e-14,3.2495647e-12,3.7063e-41,0.0,7.096169e-24,4.1551894e-13
530000,28,478,0,-1.3909757e-12,6.4538784e-11,3.218666e-11,4.1063775e-13,2.3910192e-12,9.415205e-11
530000,71,36,0,-1.3462841e-12,1.2458622e-10,3.671183e-15,4.7308613e-23,1.7237464e-10,1.455193e-10
530000,280,69,0,3.1198413e-10,2.8256631e-11,1.676682e-11,1.2878647e-13,7.271873e-15,2.0350416e-11
530000,399,110,0,1.3448206e-10,3.7457457e-11,1.2134152e-15,4.462844e-24,2.332581e-10,5.127921e-11
530000,234,496,0,-5.080222e-13,4.5669284e-11,6.866581e-27,0.0,1.4520589e-12,2.601256e-11
530000,379,61,0,-9.337745e-13,8.124822e-11,2.7144234e-10,5.3750844e-11,2.6497798e-10,3.2270747e-10
530000,382,33,0,-8.9574225e-13,2.8483795e-11,3.747079e-11,1.1250319e-12,1.8909234e-13,1.27761e-10
530000,323,495,0,-3.0437984e-13,9.313481e-12,8.6344824e-14,1.536126e-20,2.7178618e-21,1.5226384e-10
530000,395,266,0,-3.431616e-13,7.140115e-12,4.167517e-24,3.07e-43,5.3800538e-21,2.1291107e-12
530000,364,363,0,1.39133444e-11,4.7627267e-11,4.9425378e-17,5.3649426e-26,1.02628626e-13,2.646585e-12
530000,115,409,0,-8.011205e-13,6.205291e-11,4.622004e-16,8.525978e-26,5.57907e-14,1.7143503e-10
530000,152,220,0,-7.317512e-14,2.9556145e-13,3.7520895e-10,7.0910534e-11,4.5179083e-11,3.101447e-11
530000,243,207,0,-9.040993e-14,6.6636926e-12,7.170559e-27,0.0,3.6889694e-19,6.5709406e-13
530000,180,10,0,-8.7303835e-13,2.8712184e-11,4.2459783e-14,7.011446e-21,1.4744768e-16,1.4178952e-10
530000,497,114,0,-1.1946262e-12,7.2776146e-11,3.5216192e-12,1.5634391e-16,2.8005026e-10,3.637915e-10
530000,346,234,0,-3.7887713e-13,4.970677e-11,3.3962253e-24,1.43587e-40,1.1895532e-12,8.872035e-11
530000,125,36,0,-1.3537962e-12,7.030123e-11,1.4000897e-15,4.178561e-23,6.7391226e-13,6.1742826e-11
530000,470,39,0,-1.4025571e-12,9.137084e-11,3.794776e-11,5.287285e-13,2.2317632e-13,1.1671428e-10
530000,299,196,0,-1.7445375e-14,7.095656e-18,9.763427e-13,3.3814005e-17,1.8093731e-20,7.0144095e-17
530000,378,431,0,1.3852479e-10,3.8767587e-12,9.727412e-14,5.5093285e-20,1.4432076e-23,2.1622707e-11
530000,463,399,0,-1.3469244e-12,8.856247e-11,5.168003e-13,4.7135907e-18,2.424249e-11,2.6027716e-10
530000,262,218,0,-5.805391e-15,2.9805503e-18,1.7970862e-30,0.0,0.0,1.4778439e-28
530000,292,44,0,2.0360027e-12,6.5841756e-11,1.7631731e-14,1.3101984e-21,1.8082649e-12,3.0302483e-10
530000,69,24,0,-1.4339789e-12,1.08637495e-10,2.185686e-11,4.2835256e-14,8.362191e-13,2.5893454e-10
530000,332,366,0,-1.4263979e-13,1.5729914e-11,7.2000395e-23,1.9821788e-36,1.5413331e-14,5.5458394e-12
530000,316,199,0,-1.1508502e-13,6.0260386e-12,5.8288295e-18,8.171544e-27,3.506595e-22,1.6136638e-15
530000,245,70,0,-5.418599e-13,3.4917784e-11,3.8790018e-15,6.444441e-22,5.720426e-17,7.897994e-11
530000,250,430,0,1.5310492e-14,4.0072157e-11,3.8257845e-11,8.4962267e-13,5.339718e-14,8.208966e-11
530000,318,338,0,-5.5659707e-14,4.1090135e-13,1.9615768e-35,0.0,1.6823261e-31,2.1093795e-11
530000,69,329,0,-6.16076e-13,7.840525e-11,5.462746e-12,1.3944478e-15,2.2124687e-10,1.0521775e-10
530000,56,469,0,-1.7216599e-12,6.948207e-11,3.618683e-11,1.3664103e-12,3.0613855e-13,2.1215138e-10
530000,8,117,0,-1.1209834e-12,8.397464e-11,1.24317686e-17,3.0236312e-29,2.9773553e-10,1.4642844e-10
530000,249,130,0,-3.0762727e-13,3.860622e-12,1.639624e-33,0.0,7.154412e-24,9.549056e-13
530000,174,52,0,-6.336526e-13,5.086218e-11,2.5254817e-13,1.8680778e-18,2.8004846e-10,4.813596e-11
530000,326,287,0,-2.949476e-13,2.0759564e-11,0.0,0.0,1.1934137e-17,1.3703983e-12
530000,338,143,0,-3.9231002e-13,5.125465e-12,9.89732e-24,2.318e-42,7.154834e-22,1.4831367e-11
530000,334,41,0,-8.7964217e-13,8.692351e-11,1.6578203e-14,4.656727e-21,2.6796678e-09,1.6422329e-10
530000,404,370,0,-6.6657113e-13,3.8340327e-11,1.7641624e-11,3.514166e-14,1.2753451e-14,2.4279457e-11
530000,73,304,0,-2.4482692e-13,2.9830728e-12,9.028869e-16,3.478759e-24,5.3994904e-26,1.4197346e-10
530000,191,287,0,-7.217873e-14,2.1063025e-11,8.9990386e-26,1e-45,7.2265266e-14,1.1998314e-12
530000,498,64,0,-1.9167216e-12,1.4105458e-10,8.18268e-23,1.9354444e-38,3.2677294e-12,3.1265213e-10
530000,329,85,0,-9.642341e-13,8.362645e-11,2.4573979e-26,1.576e-42,2.2549733e-13,3.5565453e-11
530000,213,141,0,-3.0029866e-13,1.0661481e-11,2.828544e-13,1.4913972e-18,8.137868e-17,2.2673562e-13
530000,286,226,0,-1.4000098e-15,1.1521661e-20,7.016261e-26,1.1946e-41,0.0,5.6229546e-22
530000,294,306,0,-1.5092437e-13,3.333884e-11,1.0567511e-17,1.770613e-26,2.4163438e-10,2.0172227e-15
530000,402,237,0,1.7068847e-12,2.6144241e-11,6.242064e-16,2.1601706e-25,2.707717e-10,1.7924058e-10
530000,240,214,0,-7.485377e-14,1.995272e-12,8.273334e-35,0.0,3.3054694e-25,3.2642363e-16
530000,197,32,0,-8.9644427e-13,2.9536564e-11,9.498283e-14,5.726195e-20,6.283649e-20,2.1768007e-10
530000,203,91,0,-3.2100234e-13,9.178782e-12,9.1409e-11,5.134647e-11,7.841349e-11,2.0520653e-10
530000,197,235,0,-4.207182e-13,2.1901111e-11,1.109066e-15,3.4425035e-23,6.654844e-17,1.2578659e-10
530000,439,102,0,6.015224e-13,1.10408765e-10,4.218106e-12,5.2954165e-16,2.1649904e-11,1.1492734e-10
530000,374,290,0,-2.1243909e-13,2.5256814e-11,3.59e-42,0.0,2.5377373e-14,2.0566516e-11
530000,264,22,0,-3.920707e-13,6.031517e-12,6.593492e-11,2.6349253e-12,2.758459e-13,1.1550303e-10
530000,441,236,0,1.4143621e-10,5.6970872e-11,6.102045e-11,5.585605e-13,1.2227738e-12,1.6882126e-10
530000,233,84,0,-4.6009886e-13,3.4149484e-12,1.1989996e-11,1.9493737e-14,1.6292856e-16,5.059156e-11
530000,426,36,0,-8.3961456e-13,6.8873705e-11,3.2073565e-13,1.06549325e-17,2.1558242e-13,1.4386488e-10
530000,358,497,0,-2.4325686e-13,2.931957e-13,2.3204974e-14,1.313803e-21,2.1582876e-27,9.353876e-11
530000,219,161,0,-2.148343e-13,1.8809693e-11,2.8285625e-21,6.329431e-34,1.09656e-17,1.0300592e-18
530000,355,359,0,2.9522016e-12,2.922716e-11,6.5493557e-20,2.2780942e-32,2.66737e-16,1.9647693e-11
530000,286,219,0,-8.968776e-15,3.3347836e-17,2.9678876e-19,5.229771e-30,4.058986e-38,3.104852e-26
530000,255,112,0,-3.321093e-13,1.3708865e-12,9.21203e-18,7.077848e-28,1.2401823e-25,5.7684947e-11
530000,21,98,0,-1.3097152e-12,9.731807e-11,2.3623556e-14,8.81258e-21,2.4201202e-10,1.9794927e-10
530000,396,170,0,-4.688918e-13,5.8011308e-11,1.2918606e-21,1.0891558e-36,2.1980277e-10,2.5952993e-11
530000,397,402,0,6.1298228e-12,2.1732999e-11,4.1497747e-12,4.919952e-15,9.725857e-17,4.591067e-11
530000,208,483,0,-6.988151e-13,3.1407422e-11,8.995376e-12,2.7463671e-14,1.6200723e-11,4.7993762e-11
530000,275,197,0,-8.4792606e-14,3.3107124e-12,9.879005e-19,4.5111516e-30,3.9655906e-22,1.6250672e-22
530000,186,499,0,-8.888358e-13,8.067717e-11,2.454584e-17,1.15548355e-26,1.9079252e-15,3.4921288e-09
530000,112,215,0,-2.1925797e-14,2.7072257e-15,5.147695e-19,8.485753e-32,6.879e-42,2.996954e-09
530000,99,311,0,-2.593412e-13,1.0073005e-11,2.702868e-16,1.0401681e-25,1.754058e-20,2.989687e-09
530000,293,261,0,-3.4330364e-14,2.3957634e-13,1.3903281e-21,1.0356215e-31,8.3233524e-35,4.141466e-13
530000,195,366,0,-4.3353277e-13,3.3160114e-11,8.536441e-30,0.0,9.987572e-15,1.4985343e-14
530000,105,390,0,6.135624e-12,1.656736e-11,9.853731e-12,5.285253e-15,3.125747e-17,6.754136e-11
530000,121,374,0,-2.7775877e-13,2.342179e-11,2.420365e-15,3.2371014e-24,1.3091701e-17,1.5563408e-11
530000,237,374,0,1.3247987e-11,3.2347144e-15,4.9035e-19,3.5970177e-31,1.02953e-40,2.5926582e-11
530000,239,180,0,-9.106766e-15,3.7438807e-18,1.5315753e-26,0.0,0.0,7.787219e-13
530000,353,390,0,9.519576e-11,1.3682715e-11,2.3164876e-14,1.6347147e-21,1.6462125e-18,1.7917216e-13
530000,391,420,0,1.15293365e-10,4.831163e-11,2.5263864e-14,6.785231e-22,1.3629214e-12,7.151891e-11
530000,7,138,0,-6.075323e-13,4.6523046e-11,4.8608118e-11,4.2630713e-13,1.0867315e-11,1.4892927e-10
530000,19,257,0,-6.419803e-13,3.734131e-11,1.3702016e-12,6.294551e-17,2.4789044e-18,7.044507e-11
530000,315,334,0,-6.666028e-14,3.2534778e-12,1.0600305e-33,0.0,3.424999e-21,9.971519e-13
530000,396,321,0,-2.1511062e-13,4.522796e-12,6.34003e-16,7.965687e-25,6.6517036e-23,6.39493e-11
530000,370,44,0,-1.1835222e-12,8.575283e-11,8.410792e-13,6.6186083e-18,3.1201404e-14,1.0365133e-10
530000,308,124,0,-3.8897293e-13,1.0228328e-11,2.1299182e-19,5.843598e-32,1.1471559e-20,1.9516227e-11
530000,466,52,0,-1.1965461e-12,6.3755425e-11,2.946326e-11,1.626203e-13,5.954806e-14,1.3235577e-10
530000,434,183,0,6.901673e-10,6.9870755e-11,6.44451e-12,5.6905562e-15,1.964465e-11,5.7596865e-11
530000,18,8,0,-1.2945255e-12,1.0507377e-10,3.1048302e-12,2.154358e-16,2.8368696e-15,1.15609425e-10
530000,425,302,0,-2.4439793e-13,1.4508553e-11,1.7811673e-14,3.118858e-22,1.7573632e-16,8.962049e-11
530000,332,347,0,-1.4092805e-13,2.5591424e-13,2.7228312e-35,0.0,1.11265225e-35,3.017409e-10
530000,144,263,0,-8.3194295e-14,2.932669e-14,2.4193975e-32,0.0,2.8975727e-37,3.943061e-11
530000,22,313,0,-8.913142e-13,8.963763e-11,3.3669168e-12,4.7261384e-16,2.196736e-13,1.5661776e-10
530000,312,325,0,-7.4964164e-14,9.5632e-13,1.2830508e-24,7.1923e-41,2.4717755e-29,9.3272734e-14
530000,61,220,0,-1.516159e-13,7.9578575e-12,3.6975594e-18,1.11367606e-29,1.6365016e-19,9.582874e-11
530000,378,265,0,-2.0519028e-13,1.18478925e-11,5.162732e-36,0.0,5.5302864e-18,3.86803e-11
530000,15,130,0,-7.9859963e-13,3.372519e-11,2.6199674e-18,1.9760193e-29,1.4388096e-14,2.7421282e-10
530000,359,382,0,3.1221783e-10,8.4126315e-13,3.8802654e-14,3.036189e-21,5.4435543e-27,1.356814e-12
530000,362,490,0,-3.9111078e-13,1.0574078e-11,2.4818887e-14,3.8334842e-20,1.0361361e-19,3.2496722e-10
530000,37,382,0,-9.40281e-13,7.592999e-11,8.541866e-15,1.5682314e-22,4.41699e-12,1.2318643e-10
530000,365,130,0,-3.5932382e-13,2.7015666e-11,8.81458e-21,8.696166e-34,9.180997e-14,9.402937e-11
530000,31,292,0,-3.3321889e-13,1.4179244e-11,6.332813e-11,2.9751206e-12,3.3707417e-13,3.0503025e-09
530000,292,247,0,-8.610499e-15,7.320136e-18,6.3701486e-33,0.0,0.0,1.9504686e-11
530000,377,367,0,1.5043182e-11,3.352399e-11,2.3942554e-19,1.1026818e-32,3.0902605e-14,7.820502e-11
530000,334,203,0,-9.5052296e-14,8.006754e-14,4.9594925e-18,5.721008e-30,4.1842996e-35,6.163731e-12
530000,396,85,0,8.6921755e-12,5.436391e-11,7.0833335e-12,1.29667505e-14,2.48056e-13,6.6873695e-10
530000,454,246,0,1.0393466e-11,1.7520912e-11,4.2301253e-11,5.4393274e-13,1.8631562e-14,1.4755305e-10
530000,166,319,0,-3.3739152e-13,3.754818e-11,9.15172e-24,2.117e-41,2.8520448e-13,6.116439e-11
530000,32,289,0,-2.5771952e-13,4.0083535e-12,1.34950835e-11,3.0886995e-14,2.9538985e-16,4.1173544e-11
530000,38,433,0,-7.601465e-13,2.4503649e-11,6.3889007e-12,1.3928437e-15,1.487573e-16,6.693285e-11
530000,481,239,0,-2.7746758e-13,1.0155758e-11,2.1401736e-14,6.9105795e-21,1.833406e-18,1.4459014e-11
530000,132,246,0,-8.68591e-14,1.6027872e-13,2.622526e-23,2.66013e-40,6.5013754e-32,1.4036198e-12
530000,409,315,0,-1.127075e-13,3.6453346e-13,8.1224177e-13,4.0477868e-17,3.404731e-20,3.4916705e-11
530000,250,127,0,-3.8545304e-13,1.00396046e-11,1.1520221e-31,0.0,2.5419537e-21,3.7603605e-12
530000,101,299,0,-1.3089456e-13,8.046916e-12,7.810489e-16,3.727736e-25,1.2107149e-19,5.1235703e-11
530000,231,441,0,-4.943134e-13,4.216505e-11,6.66721e-14,9.3142624e-20,5.2506285e-14,3.1048162e-09
530000,51,187,0,-3.8515453e-13,2.89299e-12,1.0910926e-12,1.746668e-17,1.6414818e-21,3.2057668e-09
530000,470,90,0,-1.5166564e-12,9.67257e-11,1.2700607e-10,5.6510015e-11,3.613993e-10,3.1161171e-09
530000,402,14,0,-6.520705e-13,3.712521e-11,1.3809362e-13,1.6214936e-19,7.06135e-13,3.222616e-09
530000,225,275,0,-9.084973e-16,4.719534e-23,0.0,0.0,0.0,2.9887866e-09
530000,316,421,0,-1.1611107e-13,1.5244957e-13,4.698411e-18,3.829107e-29,2.0683702e-34,3.0540253e-09
530000,152,332,0,-4.6033533e-13,1.4014108e-11,2.5634793e-31,0.0,2.3671207e-16,2.988787e-09
530000,28,458,0,-1.2676545e-11,2.3824689e-09,8.069071e-14,1.2639739e-19,4.119049e-09,1.8721666e-10
530000,303,156,0,-2.79321e-13,7.334961e-12,8.054046e-39,0.0,4.4217227e-20,1.1279257e-10
530000,302,460,0,-2.1656366e-13,2.179625e-12,3.9383107e-13,8.4658394e-19,1.9163514e-23,1.232594e-10
530000,166,116,0,-1.3754289e-13,1.4267977e-12,1.594429e-23,8.13093e-39,2.237987e-25,1.6779082e-12
530000,451,483,0,-1.0872374e-12,9.0928945e-11,1.9315524e-12,1.8998054e-17,6.755339e-13,5.5921892e-11
530000,371,131,0,-2.2022153e-13,4.443963e-12,5.3755705e-20,3.999828e-32,2.3305367e-22,1.9422347e-11
530000,492,251,0,-7.296525e-13,8.829667e-11,8.884763e-18,3.7303123e-29,2.7311733e-10,2.451237e-10
530000,249,140,0,-9.600367e-14,5.081561e-14,8.9912276e-32,0.0,1.6032502e-37,4.035308e-13
530000,79,19,0,-1.5121023e-12,1.3301911e-10,8.187754e-12,1.6356655e-15,2.001618e-10,4.6872665e-11
530000,454,152,0,-4.281489e-13,2.9788606e-11,2.861726e-12,2.786414e-16,9.982013e-16,1.6764388e-10
530000,391,225,0,2.8063023e-13,1.7768489e-13,5.6660052e-18,9.994042e-28,5.7938677e-33,1.1797092e-10
530000,159,203,0,-3.360072e-14,9.913384e-16,1.3234722e-21,5.027008e-37,2.1969822e-37,4.0920362e-10
530000,282,257,0,-5.015036e-15,7.031376e-18,8.025961e-36,0.0,0.0,5.2280085e-15
530000,268,297,0,-1.7652978e-15,3.1392379e-21,7.3516576e-19,1.0694421e-30,7.90596e-40,1.019754e-13
530000,207,454,0,-4.591837e-13,8.263711e-12,2.8684808e-12,1.6959889e-16,1.5867264e-19,4.9214896e-11
530000,63,28,0,-1.5323928e-12,7.977615e-11,3.4498668e-11,1.3074158e-13,1.751752e-13,3.1249767e-09
530000,39,178,0,-6.3584386e-13,2.351659e-11,1.8324474e-14,3.895587e-21,4.275438e-17,7.311797e-11
530000,340,491,0,-2.8631698e-13,4.440348e-12,4.947553e-16,5.012825e-25,3.3850605e-24,3.196478e-09
530000,354,370,0,3.0127383e-11,2.3321973e-11,3.1262805e-12,2.528051e-16,9.181014e-14,3.0231841e-09
530000,228,30,0,-7.829639e-13,2.7500953e-11,7.2526197e-13,6.564809e-18,6.0585104e-13,3.2474055e-09
530000,311,81,0,3.93237e-12,5.323859e-11,2.829477e-23,5.176485e-39,7.555118e-15,2.1930098e-11
530000,321,149,0,-3.2720143e-13,8.365315e-12,3.6806133e-23,1.0423319e-38,3.2962617e-19,1.0868121e-12
530000,453,143,0,-7.8585787e-13,6.361777e-11,9.925383e-12,4.1726503e-15,3.071659e-13,3.0954725e-09
530000,0,103,0,-1.5050105e-12,9.5234674e-11,1.5095758e-10,6.673702e-12,8.7419026e-13,3.3317349e-09
530000,26,94,0,-1.2571572e-12,1.5129206e-10,1.3548529e-14,3.2667192e-21,4.0571154e-11,2.3851313e-10
530000,434,24,0,-9.0183937e-13,6.598459e-11,3.413564e-11,1.3506705e-13,2.6301381e-11,3.0826406e-09
530000,445,482,0,-1.1204288e-12,7.6965635e-11,1.6363794e-10,5.8695916e-11,5.886195e-11,1.3714703e-10
530000,80,91,0,-6.945229e-13,5.7215527e-11,2.7623425e-13,1.4462382e-19,1.5693448e-11,3.0416307e-09
530000,454,310,0,-4.815149e-13,5.1236116e-11,4.88998e-12,1.5273266e-15,2.1980043e-10,3.0839764e-09
530000,394,309,0,-3.2969067e-13,3.8406993e-11,6.070637e-15,1.7431817e-22,1.173634e-11,3.084199e-09
530000,434,12,0,-7.540767e-13,2.217301e-11,3.081641e-13,1.765136e-18,2.4379673e-16,3.2776974e-09
530000,36,51,0,-1.3569905e-12,8.836873e-11,2.4065136e-12,2.082046e-16,4.8573463e-12,3.136564e-09
530000,251,449,0,-3.381402e-13,1.2627341e-11,9.718988e-14,3.210267e-19,8.973977e-17,3.075527e-09
530000,112,227,0,-1.98602e-14,3.4334917e-17,2.164414e-14,1.4008628e-20,2.6352325e-25,3.001514e-09
530000,33,245,0,-1.341796e-13,2.9594358e-13,2.5761106e-17,2.4363866e-28,3.5410146e-28,3.3807939e-09
530000,380,1,0,-5.9987144e-13,8.3101425e-12,1.2393676e-18,2.860755e-31,6.476923e-22,3.001141e-09
530000,190,87,0,-4.6560845e-13,3.7968326e-11,3.5401776e-16,1.4378584e-24,1.2820769e-12,2.999121e-09
530000,115,11,0,-1.215743e-12,3.1006406e-11,6.903874e-15,3.2742066e-23,1.2759237e-16,3.168655e-09
530000,237,61,0,-9.119567e-13,4.0608017e-11,2.765231e-13,5.1292022e-18,1.8076418e-17,3.210904e-09
530000,52,144,0,-9.960869e-13,3.2518682e-11,1.978419e-11,1.636722e-13,6.68731e-15,3.0989553e-09
530000,332,348,0,-1.4621404e-13,1.7263378e-13,2.0191492e-34,0.0,1.8539998e-37,2.9889828e-09
530000,374,446,0,4.4274562e-12,1.95136e-11,5.8251303e-15,2.7708778e-22,8.667613e-21,3.608303e-09
530000,138,173,0,8.079721e-13,2.2416919e-12,2.2522693e-19,2.8965477e-32,3.3269726e-25,3.0049692e-09
530000,142,461,0,-6.131642e-13,1.972274e-11,5.922429e-11,4.5376826e-13,1.3226609e-14,3.17016e-09
530000,423,13,0,-7.06031e-13,1.4511566e-11,5.5731817e-12,8.045528e-16,6.692285e-19,3.200422e-09
530000,332,488,0,-3.7740484e-13,3.5532067e-11,1.7221252e-11,1.6343082e-13,7.535067e-15,3.1297873e-09
530000,254,264,0,-2.7996805e-18,1.6998016e-31,0.0,0.0,0.0,1.077194e-10
530000,315,69,0,1.4964518e-12,1.0820146e-10,3.881019e-13,6.6798855e-18,1.7114867e-13,1.00361414e-10
530000,254,393,0,2.92456e-10,4.992154e-12,1.8118412e-15,8.6714486e-24,1.6270059e-22,3.580837e-11
530000,231,188,0,-2.8332815e-14,9.95885e-16,3.153577e-30,0.0,3.08e-43,1.675897e-11
530000,173,216,0,-2.8425545e-15,4.3323316e-20,1.0612555e-24,3.603e-41,0.0,6.491505e-11
530000,259,285,0,-2.680296e-17,1.2545155e-29,2.2445294e-35,0.0,0.0,7.865043e-11
530000,403,100,0,2.5282607e-10,1.81869e-11,3.3690068e-18,4.590112e-30,1.0491098e-18,3.7156868e-11
530000,152,359,0,-4.1835082e-13,2.4542961e-11,1.5699147e-15,1.2669641e-22,1.5909343e-17,5.490418e-12
530000,372,77,0,-5.539508e-13,5.5767155e-11,6.7671514e-11,2.4052706e-12,1.0815655e-12,7.445675e-11
530000,304,379,0,-2.1734192e-13,1.3125598e-11,5.7610714e-13,6.6769093e-18,1.8953097e-16,3.638954e-11
530000,127,193,0,-1.02461794e-13,9.925175e-13,8.066727e-14,7.188886e-18,2.5570755e-20,2.5830396e-10
530000,308,281,0,-1.5516848e-13,1.7998627e-11,1.1611154e-28,8.8e-44,1.09656e-17,2.1297581e-14
530000,407,22,0,-6.476031e-13,1.0396195e-11,6.4200934e-13,2.1914912e-18,1.6920032e-21,1.2030436e-10
530000,178,84,0,-4.378373e-13,8.818686e-12,2.334078e-24,6.53e-42,2.1581529e-23,2.6547504e-11
530000,391,166,0,-7.848548e-13,2.538586e-11,4.1597469e-22,2.7682298e-38,7.6518124e-14,2.4718202e-10
530000,219,266,0,-5.415775e-16,6.139724e-23,0.0,0.0,0.0,4.092667e-15
530000,214,96,0,-3.2696496e-13,8.903929e-12,1.2995555e-16,6.305784e-27,7.5062246e-20,5.303806e-11
530000,395,114,0,4.5591492e-11,1.0754393e-11,7.45313e-15,4.1204076e-23,4.444549e-22,2.5941149e-11
530000,230,116,0,-1.2074903e-12,2.2157273e-10,1.3725234e-32,0.0,1.2010305e-10,5.120313e-11
530000,444,114,0,-1.0018982e-12,7.4278673e-11,2.915654e-12,1.2264377e-16,1.20515e-12,3.0044398e-09
530000,256,47,0,-6.9326456e-13,7.3908775e-11,2.564069e-16,1.039405e-25,2.1420997e-11,3.049117e-09
530000,425,296,0,-2.2235183e-13,2.2361173e-12,6.3437396e-13,3.5691672e-17,2.9582667e-20,3.1664917e-09
530000,108,441,0,-1.0438756e-12,7.720996e-11,9.117218e-12,4.6535736e-15,6.196281e-13,2.9958676e-09
530000,250,15,0,-6.4792014e-13,3.2741195e-11,7.030999e-11,9.905406e-12,4.253468e-12,1.662855e-10
530000,25,56,0,-1.529294e-12,8.019885e-11,1.3609235e-14,1.3264681e-22,2.7162442e-10,3.0694012e-09
530000,379,413,0,2.9778038e-10,4.3526672e-11,2.0409223e-12,2.8826522e-16,6.4722455e-16,3.0064033e-09
530000,254,168,0,-2.6314978e-15,1.7439e-19,1.0893469e-26,1.1e-44,0.0,2.9913263e-09
530000,156,84,0,-4.330922e-13,2.4625368e-11,4.7818975e-12,6.0782444e-16,2.5329988e-14,3.0515819e-09
530000,60,159,0,-7.921644e-13,7.451212e-11,2.3186856e-13,2.6409015e-19,2.6064673e-10,3.123047e-09
530000,63,93,0,-6.260678e-13,3.3511634e-11,1.146374e-16,8.139673e-25,3.2641116e-18,3.0908298e-09
530000,462,415,0,-1.3204874e-12,7.193152e-11,1.3502366e-11,8.069461e-15,3.8224252e-14,3.200761e-09
530000,407,456,0,-8.414878e-13,6.707965e-11,2.5658806e-16,1.0395821e-25,2.1980258e-10,3.0995575e-09
530000,320,75,0,-4.687178e-13,5.3267286e-11,5.322702e-18,8.19411e-29,1.7331706e-13,3.15326e-09
530000,479,303,0,-8.80227e-13,8.0309974e-11,6.1267675e-14,1.6132638e-20,1.1745088e-13,3.2221892e-09
530000,372,492,0,-7.045658e-13,6.146496e-11,2.5574811e-13,2.1187183e-19,2.416345e-10,3.1077796e-09
530000,11,345,0,-1.1000527e-12,7.653976e-11,6.434756e-11,1.009099e-11,4.796731e-12,3.0920166e-10
530000,56,185,0,-3.2997224e-13,6.865939e-13,9.117192e-13,6.8504183e-18,5.135729e-22,3.1004574e-09
530000,424,14,0,-7.081555e-13,1.4162466e-11,7.328302e-12,1.6610867e-15,3.471676e-18,3.1809704e-09
530000,63,22,0,-1.3853325e-12,6.502006e-11,6.660619e-12,1.7151215e-15,2.7077193e-10,3.1758447e-09
530000,235,485,0,-6.057843e-13,3.7353835e-11,1.2066221e-21,6.933747e-35,6.609335e-16,5.846158e-11
530000,82,126,0,-6.9957164e-13,2.829397e-11,5.9766888e-12,1.5453558e-15,5.7419195e-13,3.0165228e-09
530000,209,140,0,-3.290332e-13,7.441616e-12,4.0556922e-16,7.832703e-25,9.528864e-24,1.7062243e-13
530000,479,495,0,-5.3699027e-13,5.850172e-11,3.5416605e-15,1.2614997e-21,7.080867e-13,3.1863256e-09
530000,430,364,0,-4.109682e-13,6.3143544e-12,3.7564856e-12,1.1154474e-15,2.6251656e-18,3.1092713e-09
530000,90,432,0,-1.1543105e-12,3.7781018e-11,2.9398983e-12,2.7880103e-16,7.156293e-18,3.0077638e-09
530000,104,89,0,-4.6689096e-13,1.3939324e-11,1.5944195e-12,4.737271e-17,2.3893497e-19,3.5146193e-09
530000,435,327,0,-4.553364e-13,6.879945e-12,1.4396169e-19,2.2179189e-32,6.393812e-25,4.8802205e-11
530000,158,33,0,-5.5700046e-13,2.1657917e-11,3.0413803e-11,1.9412294e-13,8.226102e-15,2.2986986e-10
530000,427,459,0,-8.9137573e-13,2.8551647e-11,2.5510828e-11,4.759858e-14,4.2513653e-16,3.0932603e-09
530000,329,26,0,-1.0622211e-12,1.141217e-10,3.92869e-17,4.5180044e-27,2.2893307e-10,2.1359073e-10
530000,68,142,0,-8.3672614e-13,5.0111294e-11,1.0413471e-11,1.4254352e-14,8.5103474e-14,1.8191021e-10
530000,356,243,0,-3.6515672e-13,3.5744876e-11,3.9637783e-24,9.8881e-41,1.0553873e-12,2.996912e-09
530000,249,27,0,-6.5259923e-13,4.7506665e-11,5.9601324e-14,3.545841e-20,7.904679e-13,3.1137644e-09
530000,80,146,0,-7.082225e-13,6.574556e-11,7.9241785e-18,1.0067899e-27,1.2176536e-13,3.1482223e-09
530000,400,344,0,-3.331716e-13,1.6562038e-11,2.7374617e-14,2.0598133e-20,6.6546385e-15,2.99024e-09
530000,101,419,0,-1.0819481e-12,6.667778e-11,1.0824081e-11,7.377453e-15,3.954533e-15,3.0900424e-09
530000,372,323,0,-4.818446e-13,1.06433196e-11,9.7215225e-14,5.5093285e-20,5.8387246e-21,3.4061993e-11
530000,431,165,0,5.1201744e-11,1.1683089e-10,5.7628007e-11,3.6241184e-12,9.929097e-12,3.3654979e-09
530000,7,0,0,-4.427492e-14,1.6645475e-11,1.8894192e-12,3.41843e-16,1.0378089e-13,2.7403626e-09
530000,383,11,0,-7.6331763e-13,7.559616e-11,2.3851574e-16,2.0248397e-24,8.537186e-12,3.015161e-09
530000,424,275,0,-4.035786e-13,2.2341183e-11,2.2646232e-21,3.2810258e-36,1.7049878e-17,3.1503584e-09
530000,30,445,0,-1.1202434e-12,4.2448066e-11,6.0610734e-13,2.4568757e-18,5.243166e-14,3.391261e-10
530000,82,391,0,6.1881916e-11,1.107266e-10,8.457026e-16,2.7752072e-25,4.6453345e-11,3.0848373e-09
530000,478,69,0,-1.3519887e-12,7.5157665e-11,1.5183969e-11,5.9489496e-14,2.0569683e-11,3.082818e-09
530000,447,395,0,-1.2347132e-12,5.8782e-11,3.3403299e-13,9.119286e-19,3.047919e-16,3.0623966e-09
530000,467,187,0,-5.893452e-13,3.3005407e-11,3.23331e-11,3.4530896e-13,1.139489e-14,3.0334477e-09
530000,243,17,0,-7.176692e-13,5.2811068e-11,6.264599e-11,1.017431e-11,4.8807035e-12,3.0657223e-09
530000,439,27,0,-1.0133642e-12,8.9545135e-11,1.0610556e-10,3.6152075e-12,5.579142e-13,3.2174836e-09
530000,62,31,0,-1.5737224e-12,9.9493365e-11,4.967521e-12,1.0415777e-15,2.0521414e-10,3.0492964e-09
530000,67,472,0,-1.7038447e-12,1.2020565e-10,8.919974e-14,4.64331e-20,1.328489e-11,3.0900589e-09
530000,205,87,0,-3.8217137e-13,2.4563782e-12,2.9581258e-11,1.12346344e-13,1.3235447e-15,3.047111e-09
530000,123,412,0,-6.583184e-13,3.417875e-11,1.4589241e-11,4.550042e-14,4.972654e-16,3.0855185e-09
530000,90,452,0,-1.4160412e-12,1.2595092e-10,2.4702639e-17,7.223128e-28,1.8761302e-11,3.2219214e-09
530000,277,10,0,-4.1355753e-13,2.6083627e-11,1.1020847e-13,8.947263e-19,5.7419043e-13,2.2096677e-10
530000,141,221,0,-2.9157432e-14,2.683597e-15,6.0700007e-15,2.778429e-22,4.9814765e-28,3.0547407e-09
530000,25,252,0,-3.660764e-13,3.2990496e-12,6.855914e-17,1.712238e-26,7.5353606e-25,3.2013623e-09
530000,449,398,0,-1.2710835e-12,1.1640031e-10,2.9689684e-14,4.1283546e-21,1.186794e-11,9.7074127e-11
530000,470,465,0,-1.3030253e-12,8.8702434e-11,1.0235331e-11,9.076136e-15,2.3454827e-14,3.0979956e-09
530000,449,220,0,3.0221106e-10,1.5571386e-12,1.3750798e-11,3.3550863e-14,3.2954566e-16,3.0410128e-09
530000,469,467,0,-1.3143187e-12,7.745309e-11,3.7867418e-11,1.2475729e-12,2.149523e-13,3.0608744e-09
530000,21,139,0,-1.0327163e-12,9.58492e-11,3.9383807e-13,8.4658394e-19,1.5674498e-12,3.2043046e-09
530000,184,380,0,-3.918165e-13,2.5108103e-11,8.092448e-27,0.0,6.38398e-13,2.9908531e-09
530000,441,70,0,-1.1547713e-12,4.4041104e-11,5.3392147e-18,6.7532094e-30,9.851639e-13,3.117988e-09
530000,451,464,0,-1.5266247e-12,8.908927e-11,1.7532982e-10,1.8608975e-10,7.65059e-10,3.1089984e-09
530000,419,91,0,4.0022916e-11,9.715924e-11,7.6047126e-14,1.03289865e-20,2.6835738e-09,3.112977e-09
530000,33,435,0,-7.066069e-13,1.16041335e-11,1.5474394e-11,7.1266865e-14,9.338557e-16,3.1519636e-09
530000,58,498,0,-1.8097191e-12,1.7105735e-10,1.2037517e-10,1.3116131e-12,2.8438468e-10,3.0645657e-09
530000,127,72,0,-6.036714e-13,3.5599277e-11,4.4704093e-17,1.5663499e-26,2.105677e-12,3.008736e-09
530000,364,245,0,-2.7073369e-13,6.437992e-12,6.2996282e-24,3.0718007e-38,2.1842094e-23,2.989506e-09
530000,288,463,0,-3.7074082e-13,1.8660462e-11,2.8128496e-20,8.0608596e-32,2.6148013e-15,2.990175e-09
530000,499,342,0,-4.688584e-13,5.3047605e-12,6.051722e-20,7.95079e-33,3.538831e-25,3.3923322e-09
530000,251,236,0,-5.5102627e-17,4.1775886e-26,0.0,0.0,0.0,2.9887863e-09
530000,492,80,0,-1.3413046e-12,5.4454243e-11,7.998733e-13,2.6341362e-18,9.176051e-13,3.150342e-09
530000,93,485,0,-8.9350077e-13,2.785874e-11,4.462763e-14,4.0159328e-21,2.1043677e-12,3.0205e-09
530000,169,466,0,-3.8493975e-13,2.67507e-12,9.095619e-12,1.2746025e-14,2.3371987e-16,3.0838585e-09
530000,489,199,0,-2.5953106e-13,7.324515e-13,3.3224998e-18,1.3297964e-29,1.8275864e-31,3.116038e-09
530000,169,488,0,-5.399308e-13,2.8867474e-11,5.9941135e-11,3.4137307e-12,4.2936209e-13,3.051372e-09
530000,25,368,0,-9.817478e-13,4.2700444e-11,3.9579543e-13,4.1321894e-18,9.4388666e-17,3.631996e-09
530000,267,452,0,-4.129311e-13,2.1122338e-11,3.2253613e-11,3.2445523e-13,1.0422711e-14,3.078767e-09
530000,42,433,0,-8.790444e-13,3.796532e-11,1.4797613e-11,4.8809067e-14,7.8789406e-16,3.09358e-09
530000,166,409,0,-2.0409096e-13,1.0243074e-11,2.4298643e-13,7.3628127e-19,7.472857e-19,4.9136705e-11
530000,363,76,0,-5.578981e-13,1.9071614e-11,7.13286e-11,1.6095241e-12,1.3581631e-13,3.0193241e-09
530000,82,172,0,-3.1270432e-13,8.017497e-12,6.9949662e-15,8.824558e-23,1.6153668e-20,2.9980256e-09
530000,211,46,0,-8.980295e-13,3.7181324e-11,1.045383e-17,2.31933e-27,1.3839613e-17,3.1956928e-09
530000,63,373,0,1.6896949e-11,4.965973e-12,1.68808e-12,1.8214639e-16,1.540883e-19,3.165548e-09
530000,446,63,0,-1.2014507e-12,5.1873145e-11,5.4463036e-12,9.955864e-16,8.724088e-15,3.1436336e-09
530000,446,478,0,-1.267031e-12,1.2491953e-10,5.8088365e-12,1.5683051e-15,1.1139256e-12,3.0737342e-09
530000,440,141,0,-1.208462e-12,8.4649114e-11,5.743553e-12,3.7148404e-15,1.6932868e-11,3.0564917e-09
530000,58,111,0,-7.396553e-13,3.4025442e-11,3.7573498e-13,1.2276512e-18,4.2885172e-15,3.0302576e-09
530000,382,401,0,3.6994668e-11,2.3790544e-12,5.457399e-14,5.7238293e-21,9.995387e-24,3.7433728e-10
530000,105,442,0,-1.1073088e-12,1.0102687e-10,3.1884627e-11,5.5115526e-13,3.0834248e-12,3.241092e-11
530000,123,112,0,1.460191e-12,5.5212415e-11,8.598066e-27,9.048e-42,2.0008518e-10,5.433194e-11
530000,256,223,0,-1.3454251e-15,1.70855e-21,5.132777e-35,0.0,0.0,2.861937e-23
530000,334,308,0,-1.8996342e-13,1.1742519e-11,0.0,0.0,1.7031071e-17,2.986461e-11
530000,363,146,0,-4.2880502e-13,3.84152e-12,1.2250726e-15,9.237538e-25,1.3053342e-22,3.9274667e-11
530000,231,94,0,-7.897074e-13,6.431769e-11,2.346273e-17,1.3604428e-28,1.4077503e-14,5.9332685e-11
530000,98,75,0,-6.3691733e-13,5.2077915e-11,3.9331595e-14,4.4047493e-21,6.993947e-16,8.7361424e-11
530000,62,265,0,-4.5174097e-14,6.207319e-16,1.3894891e-10,4.123047e-12,3.8032712e-13,2.2094718e-10
530000,182,380,0,-4.0845254e-13,2.4338106e-11,1.6332812e-28,0.0,4.710663e-15,3.5580098e-11
530000,352,229,0,-4.215079e-13,2.7375479e-11,5.4382893e-17,1.3145553e-26,8.180395e-18,6.9495684e-13
530000,129,157,0,4.9475746e-11,4.1719926e-12,1.5578069e-27,1e-45,2.8522645e-23,4.8784574e-11
530000,92,262,0,-1.6408287e-13,1.8751384e-11,2.220703e-13,1.5113588e-18,2.1043677e-12,1.6388874e-10
530000,386,309,0,-3.2730478e-13,5.7673193e-12,3.388883e-21,2.0314971e-34,5.2055917e-24,4.218148e-12
530000,180,90,0,-5.506248e-13,9.2064203e-11,1.6118357e-24,2.67235e-40,1.8388144e-10,1.620111e-11
530000,248,223,0,-5.690172e-15,3.7963843e-18,6.4287824e-38,0.0,0.0,2.2015066e-22
530000,322,420,0,-1.442449e-13,1.3637408e-13,1.2210558e-19,6.8314947e-34,1.3206366e-33,1.902792e-10
530000,259,245,0,-2.70941e-18,1.3195239e-32,0.0,0.0,0.0,2.0305013e-18
530000,274,200,0,-1.027069e-13,1.618222e-11,1.9658487e-17,2.218149e-27,6.760049e-18,2.1519381e-23
530000,9,143,0,-7.216544e-13,2.3751176e-11,5.9724774e-11,3.5197839e-12,4.5548363e-13,1.3171665e-10
530000,303,64,0,2.8770875e-11,1.6040895e-12,7.976568e-14,9.0233055e-20,1.83598e-24,2.5516844e-10
530000,348,340,0,-3.9524178e-13,2.8474273e-11,3.0879014e-25,1.4e-44,1.9034492e-12,2.5918765e-11
530000,256,479,0,-3.2046149e-13,2.3010942e-12,6.6865302e-12,8.922394e-16,6.8586864e-19,1.860955e-10
530000,468,174,0,-4.4639292e-13,6.0223056e-11,9.627653e-12,7.528015e-15,1.5355443e-12,1.8793193e-10
530000,77,267,0,-2.4352056e-13,9.32308e-11,3.974076e-11,7.094662e-13,3.4346068e-09,7.868779e-12
530000,345,499,0,-1.9440652e-13,8.9411784e-13,5.0028022e-17,8.641696e-28,3.63641e-30,1.3553526e-10
530000,122,448,0,-5.861385e-13,2.5174455e-11,1.8907384e-10,2.0353848e-10,7.895221e-10,3.1124732e-09
530000,158,490,0,-7.259824e-13,4.6877377e-11,1.9819499e-14,4.7443963e-22,1.31628e-14,2.615797e-11
530000,395,146,0,-6.8573093e-13,3.6875645e-11,3.9129994e-18,4.0394447e-30,3.0902455e-14,1.3775917e-11
530000,444,20,0,-9.947609e-13,6.563286e-11,9.101312e-15,1.605149e-22,3.9141522e-16,3.1359784e-10
530000,439,314,0,-6.18894e-13,2.8591102e-11,3.8916224e-11,1.0840421e-12,1.2025098e-13,4.3009995e-11
530000,51,248,0,-7.4531825e-14,3.0737463e-12,1.5499738e-21,1.7975166e-37,4.36296e-24,4.659393e-11
530000,184,68,0,-3.9363705e-13,1.5291437e-11,4.3479314e-18,1.6167726e-29,2.8125829e-15,8.588028e-11
530000,434,29,0,-9.557596e-13,4.6296685e-11,7.354358e-11,1.1773457e-12,4.5738332e-14,2.8194638e-10
530000,316,440,0,-3.3392844e-13,3.702785e-11,9.577429e-11,3.5022113e-12,4.2970908e-13,6.5129985e-11
530000,53,122,0,-1.0406492e-12,4.3008357e-11,4.2915793e-13,2.4660318e-18,6.462132e-17,1.2133952e-10
530000,496,308,0,-6.862084e-13,3.5300707e-11,4.8585184e-21,2.4449444e-35,1.7728088e-11,6.770704e-11
530000,459,202,0,3.819657e-12,7.890105e-11,6.8782714e-12,1.4379418e-15,1.7633527e-14,1.7423124e-10
530000,14,461,0,-1.8165089e-12,1.1494471e-10,1.0017761e-11,1.6762221e-14,1.6331977e-13,3.1670582e-09
530000,64,447,0,-1.3495254e-12,7.101787e-11,9.49888e-13,8.976916e-18,2.992495e-11,2.385541e-10
530000,210,492,0,-5.825856e-13,8.875275e-12,6.508074e-13,3.5817622e-16,4.6598546e-18,2.0209412e-10
530000,301,43,0,5.887553e-14,6.7839734e-11,7.766444e-14,5.6236184e-20,1.4300215e-13,1.517035e-10
530000,369,462,0,-4.6006753e-13,3.3375365e-11,3.208611e-11,3.244545e-13,1.9762503e-14,3.4283847e-11
530000,350,418,0,2.6874297e-12,1.945597e-11,9.417127e-23,8.6912e-37,5.1354407e-13,1.37854615e-11
530000,39,97,0,-7.866541e-13,4.565467e-11,6.1374035e-12,1.7126252e-15,2.8004962e-10,1.8130815e-10
530000,419,134,0,4.534659e-13,8.7930954e-11,6.4444713e-12,5.6905562e-15,2.45651e-10,2.0942495e-10
530000,421,252,0,7.158077e-13,3.0025045e-11,2.042071e-13,8.926279e-20,1.5326101e-12,3.7122927e-10
530000,496,27,0,-1.6536396e-12,1.1993499e-10,9.036757e-17,1.046354e-25,3.84074e-13,1.2317927e-10
530000,164,21,0,-4.8433474e-13,8.063605e-12,1.6492585e-12,3.0073743e-17,3.355775e-21,1.0537512e-10
530000,488,312,0,-8.124784e-13,3.579407e-11,1.8548203e-16,4.461891e-25,9.9040585e-17,3.133875e-09
530000,453,40,0,-1.0952983e-12,5.546148e-11,1.6658138e-13,2.0011637e-19,2.150289e-11,3.0180455e-10
530000,187,20,0,-8.6131926e-13,9.0673725e-11,1.1141742e-10,5.3055494e-11,3.461579e-10,1.6175668e-10
530000,10,418,0,-8.6437324e-13,4.29648e-11,2.779698e-12,1.1304223e-15,1.4687267e-11,3.3620149e-09
530000,447,468,0,-1.4457768e-12,1.01746174e-10,1.735084e-11,7.1323406e-14,2.3222977e-15,3.6191422e-10
530000,84,484,0,-1.0298331e-12,4.0917703e-11,3.462688e-09,7.191878e-10,1.1532709e-09,8.9375604e-11
530000,432,66,0,-9.179722e-13,5.980788e-11,1.5732772e-17,2.944548e-28,4.4417378e-14,2.7479707e-10
530000,3,458,0,-1.6612692e-12,6.836955e-11,4.3738984e-13,4.5825723e-18,1.2111888e-16,2.6619168e-10
530000,486,81,0,-1.2193207e-12,5.2327014e-11,3.638988e-11,1.5186105e-12,2.3787168e-12,3.136632e-09
530000,489,362,0,-8.419528e-13,1.8525466e-11,3.0198015e-14,3.6210344e-21,2.9268067e-21,1.1138857e-11
530000,244,32,0,-6.691291e-13,5.5761427e-11,1.5258663e-13,3.3546537e-19,9.176198e-13,1.410417e-10
530000,497,499,0,-9.373823e-15,2.1228145e-12,1.2707007e-12,2.1687511e-16,2.1334965e-16,2.2401789e-11
530000,486,434,0,-1.5392781e-12,8.6766774e-11,2.3244047e-11,1.4622636e-14,2.8745016e-16,3.2795555e-09
530000,482,223,0,-1.1692815e-13,1.0935361e-11,3.95124e-15,8.789907e-23,8.082106e-18,1.9264053e-10
530000,184,402,0,-1.4617524e-13,4.805226e-14,1.5339507e-21,1.0067798e-34,6.898778e-37,1.6005328e-10
530000,207,63,0,-7.7415065e-13,6.566224e-11,8.8101543e-16,2.0942558e-23,2.8300867e-10,2.371284e-10
530000,233,3,0,-5.7432623e-13,2.9784e-11,1.143236e-21,3.856516e-38,2.2087208e-12,5.4692622e-11
530000,195,24,0,-8.864182e-13,2.8686028e-11,1.0626173e-13,6.0008115e-20,1.4240723e-17,2.596992e-10
530000,13,63,0,-1.363145e-12,1.0318215e-10,3.6382745e-14,1.7131722e-20,2.8201839e-09,4.8855e-10
530000,495,191,0,-2.476839e-13,1.827146e-11,1.1874754e-12,3.5413127e-17,4.789322e-18,9.074225e-11
530000,468,75,0,-1.6408963e-12,9.360569e-11,2.2339795e-13,1.5621293e-19,1.0032692e-12,6.9051896e-11
530000,449,90,0,-1.3809153e-12,1.3933682e-10,4.2985493e-16,5.9174744e-24,2.302581e-10,5.591141e-11
530000,494,299,0,-6.814247e-13,1.852295e-11,4.7327556e-18,3.8291748e-29,4.732092e-19,3.0806369e-09
530000,432,386,0,-9.179832e-13,4.8253478e-11,2.957898e-13,7.2218084e-19,1.1257255e-11,9.310715e-11
530000,51,495,0,-1.9090896e-12,1.0869484e-10,1.2254359e-12,2.0244597e-17,6.531696e-13,7.269933e-11
530000,111,103,0,-3.6401717e-13,2.0450898e-12,1.8889833e-14,4.185414e-21,3.32576e-26,9.733647e-11
530000,492,23,0,-1.4693566e-12,1.4337467e-10,5.912944e-14,9.6013187e-20,3.117759e-11,3.0297181e-10
530000,76,79,0,-7.179654e-13,2.9115158e-11,2.1765678e-11,8.308353e-14,1.0016336e-15,2.0496416e-10
530000,55,294,0,-2.7326869e-13,1.541694e-11,8.54169e-12,1.2577246e-15,8.390933e-18,2.3956738e-11
530000,310,45,0,-4.633491e-13,3.5253387e-11,1.477536e-16,5.8361353e-26,2.0736057e-18,8.602125e-11
530000,22,131,0,-8.9790827e-13,1.1367862e-11,3.3301594e-15,1.07739664e-23,1.0324954e-23,3.011942e-10
530000,310,4,0,-2.968879e-13,4.108923e-12,3.462259e-09,7.191878e-10,1.1532664e-09,7.587916e-11
530000,69,4,0,-9.895759e-13,2.988648e-11,3.2182063e-12,2.4171194e-16,2.8004815e-10,2.4848656e-11
530000,97,406,0,2.719206e-13,4.1076156e-11,4.157395e-17,9.196793e-28,2.826272e-11,7.3636076e-11
530000,427,309,0,-4.3867413e-13,1.6256906e-11,3.3468272e-13,2.0794555e-18,2.147199e-15,3.1088792e-09
530000,22,422,0,-8.811611e-13,8.774987e-11,3.4624104e-09,7.191878e-10,1.1548104e-09,2.8705788e-10
530000,471,56,0,-1.267269e-12,8.383692e-11,1.596134e-12,2.466841e-17,2.3401035e-11,8.863822e-11
530000,317,442,0,-3.5302864e-13,4.8632716e-11,1.9323863e-10,1.8262233e-10,7.5769324e-10,1.0195077e-10
530000,460,312,0,-5.369976e-13,3.828098e-11,8.4063895e-11,4.8976063e-11,8.3734006e-11,8.5826846e-11
530000,372,498,0,-6.98232e-13,1.2903001e-11,1.020713e-11,1.4957867e-14,1.734087e-16,8.991264e-11
530000,107,494,0,-1.5842088e-12,2.0625662e-10,2.239946e-11,1.2368465e-13,3.3816858e-09,3.0510954e-09
530000,251,25,0,-6.1932566e-13,3.1506693e-11,1.9052053e-13,9.904474e-19,2.643392e-13,1.7286816e-10
530000,39,104,0,-8.4472024e-13,4.2832543e-11,1.3929045e-15,5.59612e-24,5.2342157e-14,1.2642326e-10
530000,113,39,0,-1.286681e-12,5.641474e-11,4.1008568e-16,1.630531e-25,1.0400267e-14,9.918569e-11
530000,475,25,0,-1.371534e-12,5.5522472e-11,3.219151e-11,3.66643e-13,1.24367205e-14,1.00851924e-10
530000,490,57,0,-1.7020681e-12,7.522824e-11,2.7425438e-15,3.1301076e-23,1.8445974e-12,4.3991713e-10
530000,201,60,0,-7.2278885e-13,6.892662e-11,3.0379534e-12,3.6582048e-16,3.2251393e-11,2.2245442e-11
530000,493,337,0,-4.4431844e-13,2.3475333e-11,2.0212195e-16,1.1279509e-25,5.1354407e-13,7.805023e-11
530000,289,492,0,-5.1928324e-13,1.118493e-11,4.9798438e-21,3.4887168e-31,1.25768e-19,7.2532687e-12
530000,7,65,0,-1.3170966e-12,6.323333e-11,1.1514512e-12,2.3004751e-17,3.0888541e-16,8.615069e-11
530000,36,55,0,-1.4034956e-12,9.539237e-11,8.407124e-15,1.0880198e-21,1.3642151e-13,3.097249e-09
530000,492,97,0,-1.1210324e-12,6.79416e-11,9.505464e-11,1.0475834e-11,5.646389e-12,9.870381e-11
530000,426,135,0,-1.0281156e-12,1.6625389e-10,9.6471615e-15,6.998309e-23,1.486104e-10,2.1569298e-11
530000,194,55,0,-6.436491e-13,4.7707543e-11,2.5933465e-13,1.2540023e-18,1.3786956e-13,3.4360736e-11
530000,497,317,0,-6.8632106e-13,1.9334964e-11,3.481834e-15,1.0615016e-23,1.823262e-19,1.5293412e-10
530000,332,425,0,-2.0965315e-13,7.9415745e-12,2.1380943e-20,3.2186232e-35,2.6434076e-19,1.244731e-10
530000,452,491,0,-6.7964715e-13,3.5751624e-11,3.1825855e-12,2.7987663e-16,1.4256454e-14,1.08936755e-10
530000,252,482,0,-3.403762e-13,5.0965386e-12,4.012266e-11,6.4167595e-13,2.3783945e-14,1.040579e-10
530000,495,298,0,-6.485364e-13,1.1328647e-11,1.3320363e-17,1.414335e-28,4.438933e-22,1.5417796e-10
530000,73,296,0,-2.3224052e-13,1.9955414e-11,1.4692237e-12,5.3736505e-17,3.901597e-15,1.6287806e-10
530000,287,34,0,-5.99849e-13,4.868766e-11,8.070057e-16,2.6683176e-23,2.4393948e-16,2.4433505e-10
530000,177,437,0,-6.738832e-13,3.46925e-11,4.579611e-12,4.0928336e-15,1.3629541e-12,6.850669e-11
530000,474,42,0,-1.4864772e-12,9.250055e-11,1.096908e-10,7.361936e-12,4.520535e-12,1.1106647e-10
530000,333,461,0,-7.472217e-13,4.5599982e-11,6.3595467e-13,1.8583266e-18,1.9016781e-17,1.5061055e-11
530000,134,53,0,-1.0968255e-12,5.75307e-11,3.465118e-09,7.1918804e-10,1.1532683e-09,2.81999e-11
530000,472,281,0,-6.665061e-13,4.4984738e-11,4.8351397e-12,7.8162247e-16,7.1184697e-16,1.7370493e-10
530000,18,434,0,-1.0195877e-12,7.174222e-11,6.471843e-11,3.832922e-12,6.377354e-13,3.233596e-09
530000,15,26,0,-1.8795185e-12,2.4192673e-10,1.6924543e-11,1.287868e-13,1.4726293e-11,1.1991041e-10
530000,432,149,0,-1.5360387e-13,1.1124586e-10,6.7506866e-14,2.7110092e-20,1.1131877e-11,3.2433826e-11
530000,270,451,0,-4.049373e-13,2.2857664e-11,1.2385961e-11,5.666749e-15,2.9151367e-15,2.797314e-11
