mcsteps,xCOM,yCOM,zCOM,il8,il1,il6,il10,tnf,tgf
520000,84,376,0,1.9932433e-09,4.6188123e-11,3.2043076e-16,2.0980004e-26,4.148224e-18,7.160743e-11
520000,432,181,0,1.9932254e-09,4.566719e-11,7.516733e-13,2.5845392e-17,2.3007522e-14,4.0347302e-11
520000,409,105,0,1.993404e-09,4.300631e-11,1.3244166e-20,5.5974705e-33,2.5704153e-10,5.4513876e-11
520000,247,394,0,1.9938342e-09,4.887476e-12,3.5208445e-15,1.8985432e-23,1.3712572e-22,3.007066e-11
520000,132,141,0,1.9935977e-09,3.105079e-11,2.231776e-36,0.0,2.2527685e-17,3.6354825e-11
520000,286,72,0,1.993577e-09,4.6703093e-11,1.8635477e-14,3.820879e-22,2.36635e-15,1.2474066e-10
520000,365,385,0,1.9939637e-09,1.13849095e-11,3.11697e-14,5.438197e-20,1.1530414e-20,1.3039077e-12
520000,379,420,0,1.9937743e-09,3.5819497e-11,5.717797e-14,5.7271065e-21,1.8833087e-15,7.2365655e-11
520000,426,219,0,2.0210618e-09,2.68208e-12,2.0861233e-13,2.5916817e-19,5.3281224e-23,6.517115e-11
520000,444,225,0,2.0208004e-09,1.9468567e-11,1.5117897e-12,1.4181948e-16,4.16615e-19,2.490809e-10
520000,281,314,0,-1.10736585e-11,2.2721534e-09,4.2198957e-15,8.3395724e-23,4.1188084e-09,3.2799367e-12
520000,271,268,0,-6.4449705e-16,7.23394e-22,1e-45,0.0,0.0,6.567053e-12
520000,208,215,0,-4.433698e-14,3.317891e-13,4.5588415e-35,0.0,1.2092325e-32,2.2343452e-11
520000,242,432,0,-2.3731356e-13,3.9233262e-11,2.582005e-12,9.583338e-16,2.707717e-10,9.523964e-11
520000,444,53,0,-8.9165334e-13,4.1275643e-11,1.7128524e-11,1.2220634e-13,4.3476054e-15,4.220746e-10
520000,373,231,0,-4.628379e-13,1.090445e-11,2.6887598e-17,1.3310365e-27,1.1847932e-21,7.564126e-12
520000,445,104,0,-9.778482e-13,6.456662e-11,1.7201073e-13,8.599067e-19,4.0304194e-13,8.703103e-11
520000,484,264,0,-6.8739204e-13,2.1250389e-11,3.7772393e-11,9.171135e-13,9.3136145e-14,2.1082013e-10
520000,225,175,0,-1.0514214e-13,9.6927884e-14,1.66472e-35,0.0,3.861338e-33,2.2220052e-17
520000,143,123,0,1.6862896e-11,6.5502214e-15,8.9054475e-33,0.0,1e-45,1.04607704e-10
520000,90,390,0,5.887016e-11,1.06885625e-10,4.6423533e-12,1.2655413e-15,1.4368e-11,1.35645e-10
520000,108,477,0,-1.3141629e-12,1.0415544e-10,1.5397983e-11,6.72225e-14,2.7490404e-10,3.3110795e-11
520000,231,166,0,-1.1394168e-13,3.2872747e-12,8.531761e-30,0.0,1.22036885e-23,2.3116485e-19
520000,4,164,0,-5.799208e-13,1.6581906e-11,4.2112685e-17,1.1722493e-26,8.824798e-20,1.5721148e-10
520000,204,371,0,-2.0331276e-13,2.7914958e-12,5.693314e-23,9.044885e-37,5.7833163e-25,7.813713e-12
520000,90,471,0,-1.4174877e-12,6.798391e-11,1.1866613e-18,1.3528698e-30,8.33068e-18,5.507709e-11
520000,124,270,0,-4.656345e-14,5.726227e-15,9.744098e-21,5.4437626e-35,6.2567e-41,5.768803e-13
520000,233,285,0,-1.5022016e-15,8.0574263e-22,0.0,0.0,0.0,5.232954e-23
520000,424,276,0,-3.855158e-13,1.5964424e-11,2.5904483e-22,6.540225e-38,2.5003935e-19,1.1453929e-10
520000,210,325,0,-2.68661e-13,3.4568473e-11,2.4228942e-35,0.0,1.9643313e-11,4.225132e-11
520000,303,346,0,-6.789989e-14,2.8202053e-13,2.145893e-24,2.523293e-37,1.608556e-33,1.40886695e-11
520000,185,74,0,-3.3439088e-13,2.70995e-12,4.1350957e-21,4.908636e-36,8.347015e-26,8.255933e-12
520000,250,291,0,-9.974842e-17,1.5994064e-26,1.2791515e-38,0.0,0.0,8.119512e-15
520000,291,142,0,-4.4239766e-13,3.2518196e-11,2.1594556e-23,2.6829e-41,8.931318e-16,7.530572e-12
520000,394,96,0,3.668005e-11,8.727976e-11,9.222941e-17,3.6242053e-27,1.9643984e-11,1.7460143e-10
520000,90,346,0,1.1002284e-12,1.4536798e-11,1.7910332e-14,1.0416031e-21,4.496825e-20,3.8527354e-12
520000,359,392,0,1.9229121e-10,8.738945e-13,1.6135022e-16,1.9049291e-26,1.6178434e-27,4.789461e-11
520000,151,26,0,-8.00563e-13,4.3443752e-11,8.111813e-14,4.776993e-20,1.6707328e-11,2.2260466e-10
520000,1,198,0,-6.924464e-13,3.4033193e-11,6.563181e-11,9.528229e-13,4.015596e-14,1.5650789e-10
520000,314,107,0,-4.305177e-13,3.2026715e-11,2.1153385e-22,4.7084036e-37,1.0664847e-13,2.1622545e-12
520000,477,170,0,-4.0898545e-13,5.7124813e-12,6.380034e-13,1.8810383e-18,5.0254482e-23,4.3679765e-11
520000,96,28,0,-1.0761589e-12,1.1398417e-11,2.4412422e-13,7.3628815e-19,2.6424416e-21,1.997289e-11
520000,359,376,0,1.4163375e-10,4.832867e-12,1.8385926e-12,4.488354e-16,1.2003232e-18,3.8125825e-11
520000,484,477,0,-1.139383e-12,7.9372196e-11,8.946161e-11,1.8529138e-11,7.918471e-12,2.531794e-10
520000,284,154,0,-2.8446855e-13,4.3630455e-12,4.8791945e-31,0.0,3.6657713e-23,5.06667e-18
520000,336,248,0,-2.0216333e-13,1.2211248e-12,1.6165234e-20,3.6658695e-35,1.8566249e-30,3.9190443e-11
520000,300,316,0,-1.3389853e-13,5.1396678e-12,1.0989087e-12,4.196357e-17,4.33206e-20,3.942892e-11
520000,190,313,0,-1.0703058e-13,1.4066426e-12,4.9109584e-21,6.469981e-36,1.5500798e-28,4.257631e-12
520000,79,467,0,-1.7851379e-12,3.767677e-11,1.6274586e-15,1.8066223e-23,4.2914655e-18,1.2103223e-10
520000,483,124,0,-9.896168e-13,1.7529884e-11,2.6439685e-14,2.7792253e-21,4.8581784e-21,1.786562e-10
520000,60,237,0,-5.3587458e-14,2.8092881e-14,4.639416e-12,1.2655295e-15,1.3590547e-18,1.9999896e-10
520000,333,196,0,-1.2306954e-13,1.6437693e-13,4.0392184e-23,1.233962e-39,1.846091e-31,2.06663e-14
520000,276,371,0,1.9477594e-13,6.696627e-14,3.843714e-14,3.2359094e-21,5.963011e-27,1.1394929e-12
520000,52,109,0,-7.856031e-13,6.1492665e-11,1.8133132e-16,3.557271e-25,2.8582756e-10,1.4398401e-11
520000,476,14,0,-1.2630019e-12,7.003193e-11,9.87655e-14,7.6217695e-20,7.3282466e-13,3.2957037e-10
520000,452,418,0,-1.1289668e-12,3.6479143e-11,3.1864972e-11,2.842948e-13,9.1299776e-15,2.424859e-10
520000,217,470,0,-6.195891e-13,2.5969187e-11,4.0679027e-13,2.7999195e-18,2.2461965e-19,3.4935967e-11
520000,399,313,0,-2.2694043e-13,8.6282995e-12,3.7328026e-11,7.1009854e-13,6.307987e-14,1.3368187e-10
520000,70,441,0,-1.1716768e-12,4.2734326e-11,8.116782e-13,5.8357704e-18,1.7579339e-16,2.2222132e-10
520000,120,147,0,8.5338916e-11,1.5743474e-11,1.4050962e-34,0.0,7.0898966e-22,1.9080229e-11
520000,204,439,0,-5.0389684e-13,1.1494143e-11,9.940989e-13,1.6424743e-17,2.4790435e-20,6.4805196e-11
520000,425,267,0,-5.2430743e-13,5.607804e-11,2.0107973e-16,2.254827e-26,3.44247e-13,1.69514e-11
520000,437,419,0,-1.2230387e-12,4.016748e-11,2.8547335e-11,1.2812552e-13,2.3399956e-11,1.9066909e-10
520000,293,24,0,-8.625692e-13,6.0041826e-11,6.9036845e-17,5.9768813e-27,1.1319354e-14,9.34608e-11
520000,404,303,0,-3.7758306e-13,3.61935e-11,3.9475324e-13,8.466016e-19,8.8719644e-16,3.7427894e-11
520000,137,389,0,-2.9500266e-13,1.03467235e-11,8.982204e-14,4.651149e-20,3.4647892e-19,2.5225533e-11
520000,36,18,0,-1.3490944e-12,3.2627744e-11,9.228774e-11,1.8336423e-11,8.12228e-12,3.0558697e-10
520000,374,158,0,-3.9992044e-13,6.7109183e-12,1.1647433e-21,6.597056e-36,5.653029e-22,4.5864558e-12
520000,178,98,0,-4.698786e-13,4.936692e-11,9.422006e-28,0.0,3.5836757e-15,9.991843e-11
520000,317,333,0,-6.1497363e-14,1.101986e-12,4.6521764e-35,0.0,8.0523686e-26,1.3501501e-12
520000,456,137,0,-9.336222e-13,1.9104844e-11,9.3138075e-12,8.655176e-15,6.088468e-17,7.272381e-11
520000,233,322,0,-9.56944e-14,2.97721e-11,2.988666e-37,0.0,1.0312158e-11,2.1629693e-14
520000,46,444,0,-1.3741762e-12,1.0061997e-10,8.600759e-14,3.016563e-20,4.7444083e-11,1.4418125e-10
520000,115,40,0,-1.2606374e-12,3.9005077e-11,8.7137414e-18,2.3631577e-28,8.043411e-17,9.818873e-11
520000,253,62,0,-1.2244089e-13,1.2590836e-11,8.767898e-16,1.1695287e-22,3.822189e-21,6.341445e-11
520000,412,104,0,6.39557e-10,4.6898024e-11,1.05534365e-19,4.539269e-33,2.3933113e-15,8.079263e-12
520000,234,36,0,-6.5812834e-13,2.4804896e-11,6.035196e-14,7.8148095e-20,2.5663105e-17,1.5147386e-10
520000,411,64,0,-8.033503e-13,2.598805e-11,2.3093536e-15,8.734877e-23,1.483574e-19,1.931722e-11
520000,351,57,0,-8.5022283e-13,5.117008e-11,1.3506626e-16,2.286845e-25,4.6957957e-15,5.3916624e-12
520000,359,484,0,-4.0442752e-13,2.137518e-11,1.4498964e-12,8.6549223e-16,1.3195811e-17,6.04179e-11
520000,355,286,0,-1.807533e-13,1.9642192e-11,0.0,0.0,7.651812e-14,4.2927085e-11
520000,360,352,0,1.891334e-13,3.652592e-11,1.3643656e-16,4.022842e-26,9.055302e-18,5.5695528e-11
520000,109,367,0,3.7514974e-12,5.943449e-11,8.859195e-23,2.7602044e-37,7.188934e-14,2.4924876e-13
520000,135,212,0,-8.587358e-15,9.918587e-18,1.9138058e-16,1.9150655e-25,2.1432074e-32,4.014898e-11
520000,265,196,0,-2.702951e-14,5.216381e-15,1.7445225e-14,8.063672e-22,1.2504531e-27,2.3458433e-18
520000,206,487,0,-6.773163e-13,3.4131625e-11,2.5624582e-13,2.9790824e-17,2.2816932e-17,1.7797966e-10
520000,12,118,0,-1.0344114e-12,4.6774414e-11,1.7461918e-16,8.727791e-26,3.902264e-16,7.1228995e-11
520000,337,205,0,-1.0529291e-13,4.114519e-13,3.1579588e-15,9.481918e-24,9.998696e-28,5.5399102e-11
520000,128,51,0,-1.2127161e-12,4.5097526e-11,3.3486706e-15,1.439943e-22,1.5326103e-12,3.9715575e-11
520000,488,37,0,-1.7409336e-12,7.7582184e-11,5.2096053e-11,4.209643e-12,1.7865069e-11,2.852336e-10
520000,326,219,0,-6.3129e-14,2.8596426e-13,9.832788e-23,1.4240393e-38,2.894257e-31,1.7899925e-11
520000,419,431,0,-1.5499727e-12,1.3025762e-10,3.522701e-14,2.6069276e-21,1.19850085e-11,8.416366e-11
520000,454,372,0,-1.053724e-12,5.821034e-11,1.8224517e-14,1.6088215e-20,1.2038314e-12,6.0552195e-11
520000,243,201,0,-6.766114e-14,8.3216404e-13,7.6034074e-23,3.09508e-39,9.5300773e-29,2.588219e-11
520000,306,23,0,-9.598606e-13,5.719435e-11,2.4207307e-12,2.8923817e-16,9.6169325e-18,1.8791528e-10
520000,103,41,0,-1.1476416e-12,1.3221381e-10,2.3913717e-14,2.9947468e-21,1.6544738e-11,5.6074808e-11
520000,354,337,0,-4.390402e-13,2.2293604e-11,2.3415322e-19,1.7157898e-32,9.031104e-17,3.7157413e-11
520000,301,192,0,-3.3143796e-14,2.93779e-16,7.233295e-14,9.66423e-20,4.222164e-24,1.1766783e-14
520000,286,80,0,2.4236058e-10,2.704239e-11,3.7646064e-13,7.814654e-18,1.0592525e-15,1.4304154e-10
520000,218,402,0,1.6415575e-12,1.6025405e-11,3.7361888e-11,1.0837207e-12,1.2022035e-13,8.733909e-11
520000,337,393,0,1.8802568e-12,2.0410878e-11,1.8893785e-17,4.060618e-28,2.1553121e-19,2.474731e-10
520000,37,310,0,-5.4995906e-13,2.7178577e-11,2.3999608e-17,6.773128e-27,6.3908034e-17,8.25058e-11
520000,60,464,0,-1.5465672e-12,4.2223208e-11,6.0822176e-12,4.4381545e-15,3.22483e-15,1.2409575e-10
520000,14,141,0,-8.596828e-13,2.6740325e-11,5.683021e-13,1.3755952e-17,5.5398157e-19,1.6811681e-10
520000,251,114,0,-4.3932457e-13,6.588841e-12,1.1598297e-20,9.790613e-35,8.059426e-22,9.6027346e-11
520000,163,6,0,-6.2504185e-13,2.8475892e-11,5.217251e-13,2.4703736e-17,1.2038313e-12,7.708045e-11
520000,361,331,0,-5.0568664e-13,3.354444e-11,2.3156707e-13,3.1553402e-18,8.142554e-13,1.8012436e-12
520000,353,136,0,-3.2801612e-13,1.8148235e-11,2.2359597e-21,5.1627385e-35,3.0652807e-15,8.4449545e-11
520000,337,40,0,-8.6505694e-13,6.750673e-11,1.0244178e-16,8.9355637e-26,4.067288e-14,5.5922245e-10
520000,428,391,0,-1.1222218e-12,1.1635338e-10,3.3411777e-11,4.332568e-13,6.082867e-13,4.114531e-11
520000,91,300,0,-1.7577517e-13,1.03222595e-11,4.834119e-12,7.8162247e-16,8.371353e-19,3.6977074e-11
520000,178,290,0,-2.0639518e-14,8.805325e-15,2.783712e-17,2.3952919e-26,3.1287997e-33,9.854932e-11
520000,488,59,0,-1.6432605e-12,5.2504164e-11,3.9785016e-14,5.4542487e-20,4.8274467e-18,1.367244e-10
520000,361,130,0,-3.6379244e-13,4.0994104e-11,1.3896907e-20,1.0151915e-34,8.625198e-14,7.7062585e-11
520000,215,146,0,-2.440453e-13,2.1304855e-11,1.5835432e-12,4.5344714e-17,2.857752e-10,2.696951e-15
520000,270,214,0,-3.8743802e-14,4.5300433e-14,4.1194422e-22,2.519665e-36,2.0720879e-36,1.6898207e-29
520000,271,334,0,-4.0319185e-14,7.500297e-14,9.775885e-21,2.0880223e-30,1.0880813e-33,3.86077e-12
520000,391,222,0,2.805434e-13,2.7492602e-13,8.8101543e-16,2.0942558e-23,3.2905777e-29,9.3644335e-11
520000,263,214,0,-1.3526282e-14,1.8046352e-16,3.4120125e-27,0.0,0.0,2.5365252e-27
520000,228,53,0,-1.0873361e-12,8.4213865e-11,6.385096e-11,2.975125e-12,1.5024388e-11,2.0133341e-11
520000,195,88,0,-4.3175375e-13,1.1941364e-11,4.4370787e-13,1.377961e-18,8.847548e-22,9.239723e-11
520000,151,277,0,-2.3023128e-14,1.8718014e-15,2.204e-42,0.0,2.10116e-40,3.556164e-11
520000,460,86,0,-1.6182992e-12,1.249266e-10,1.2578186e-10,1.470749e-11,5.0632792e-12,8.731763e-11
520000,373,294,0,-2.0668523e-13,3.0673273e-11,3.5422563e-38,0.0,7.9046546e-13,4.1379153e-12
520000,251,10,0,-6.823643e-13,3.2262273e-11,3.866572e-12,8.658985e-16,2.4423527e-17,1.591831e-10
520000,472,223,0,2.8771909e-12,1.1701406e-11,1.2006964e-13,2.7470523e-19,3.4679364e-19,1.5309899e-10
520000,257,56,0,3.081752e-14,1.32634155e-11,6.14962e-21,1.9026937e-33,3.4314972e-22,1.2165434e-10
520000,425,54,0,-8.618601e-13,4.8611934e-11,1.660711e-13,9.019153e-20,1.8133842e-16,1.13824984e-10
520000,357,497,0,-2.2312814e-13,2.9538966e-13,5.416116e-14,1.294324e-20,7.11597e-26,1.3434578e-10
520000,159,157,0,8.133851e-13,7.8673436e-11,9.903702e-13,1.6424598e-17,2.9901973e-11,1.6243128e-11
520000,299,365,0,-6.725414e-14,1.6529524e-14,2.567025e-13,4.0501095e-17,1.7078029e-19,5.2565025e-11
520000,263,207,0,-2.8014442e-14,9.232797e-15,5.1440165e-21,1.0464821e-34,1.4502753e-37,2.0232621e-23
520000,222,71,0,-7.7514747e-13,1.9955246e-11,6.4758057e-24,2.14547e-40,4.743084e-20,2.4215188e-10
520000,0,91,0,-1.258076e-12,4.084659e-11,2.4084144e-11,6.457045e-14,1.4049422e-15,4.9803543e-11
520000,419,176,0,7.672213e-11,9.919175e-11,2.301656e-18,7.4110955e-31,2.7274515e-12,7.5182464e-11
520000,396,420,0,4.103294e-11,5.8657676e-11,1.167342e-13,4.5263054e-19,9.847752e-12,4.3325954e-11
520000,215,478,0,-7.4009267e-13,7.358546e-11,4.407282e-12,5.773514e-16,2.800497e-10,2.1793119e-10
520000,245,215,0,-4.134307e-14,5.1428673e-14,2.1653082e-32,0.0,2.0171073e-36,3.3256025e-18
520000,161,476,0,-5.722293e-13,2.4392507e-11,2.4196023e-13,4.816341e-19,2.1316092e-16,3.446227e-09
520000,95,452,0,-1.2394634e-12,4.8335603e-11,5.4808592e-15,2.230462e-22,1.9106628e-17,3.0805398e-09
520000,103,228,0,-4.5489772e-14,6.365433e-16,2.3011691e-18,1.0290242e-29,1.1052467e-38,3.03569e-09
520000,123,303,0,-1.0472001e-13,9.438744e-13,1.856344e-12,2.7260895e-16,5.00074e-19,2.9900566e-09
520000,264,254,0,-3.5819852e-17,1.809267e-27,0.0,0.0,0.0,1.1906107e-15
520000,231,323,0,-1.0370102e-13,3.4000112e-11,4.022594e-36,0.0,2.375042e-10,2.3799536e-13
520000,112,385,0,1.7516104e-12,3.356631e-11,7.692742e-12,3.5334382e-15,1.3184023e-15,6.414485e-11
520000,123,340,0,-9.376148e-13,6.238332e-11,3.1139535e-11,2.2831856e-13,8.629336e-15,2.445484e-11
520000,223,339,0,-1.7235368e-13,7.2454564e-12,8.278935e-20,5.7193066e-32,1.5159843e-17,6.859189e-11
520000,236,166,0,-6.4404794e-14,6.312343e-13,4.3201967e-33,0.0,1.987834e-31,1.8612653e-16
520000,328,419,0,-1.746107e-13,4.152199e-13,1.2109329e-22,5.74335e-40,4.8543118e-32,1.4281124e-10
520000,370,422,0,1.9261923e-10,3.0011842e-12,6.7506723e-14,2.7110092e-20,1.8856569e-25,3.732764e-11
520000,7,141,0,-6.2187923e-13,4.1597403e-11,1.2196928e-10,5.3642143e-11,3.1240155e-10,1.4813674e-10
520000,19,276,0,-3.7462522e-13,3.626981e-11,6.6170944e-16,5.552708e-23,6.1957535e-13,1.08252574e-10
520000,336,323,0,-2.0880739e-13,1.2289338e-11,1.3406746e-35,0.0,7.342354e-19,5.1050334e-11
520000,351,339,0,-4.2051982e-13,2.7538888e-11,1.660672e-22,4.215226e-39,1.8068402e-12,4.581704e-11
520000,376,58,0,-9.959724e-13,4.242556e-11,6.3191193e-12,2.432823e-15,8.5281824e-16,1.5691447e-10
520000,338,118,0,-5.7437036e-13,4.412163e-11,8.8614845e-12,5.559315e-15,1.6324433e-15,1.074036e-10
520000,467,53,0,-1.2158038e-12,6.6570464e-11,1.1900301e-11,3.8188413e-14,1.2714241e-11,1.386571e-10
520000,401,171,0,1.2925449e-13,3.1221564e-11,3.3030094e-20,1.21228336e-32,7.2499125e-17,3.2416199e-12
520000,31,495,0,-1.7893347e-12,7.79944e-11,7.27979e-13,4.88441e-18,9.330189e-13,3.0974273e-10
520000,407,295,0,-3.1472177e-13,5.3307246e-12,5.103751e-17,2.0441403e-26,1.8132167e-21,4.8538278e-11
520000,296,374,0,-7.920733e-14,8.660952e-14,3.4961748e-17,3.7266708e-28,5.7230325e-37,7.743415e-11
520000,163,280,0,-1.1119688e-15,1.2601504e-21,1.0548994e-31,0.0,0.0,2.0486433e-10
520000,29,305,0,-7.305079e-13,1.0033097e-10,1.7721267e-12,5.2803495e-17,1.782669e-10,1.1245408e-10
520000,294,351,0,-4.021349e-14,2.461465e-14,4.5764707e-17,6.632619e-27,2.1516467e-34,8.500309e-12
520000,72,208,0,-2.3968376e-13,1.4619559e-11,2.1669027e-13,2.8228616e-19,2.5448476e-18,9.662766e-11
520000,356,264,0,-1.8188492e-13,1.3885356e-12,4e-45,0.0,2.0342765e-28,4.5603796e-14
520000,486,145,0,-8.7604457e-13,5.5340576e-11,3.1614202e-15,1.929177e-23,2.6579186e-13,9.722887e-11
520000,365,404,0,4.327724e-11,3.131813e-12,3.9160087e-13,7.318906e-18,3.2945566e-21,8.283052e-11
520000,360,6,0,-6.6107455e-13,2.8548868e-11,9.3222e-13,2.4784568e-16,5.669158e-14,8.114413e-11
520000,19,368,0,-1.0386913e-12,6.139677e-11,1.12679165e-10,1.6200088e-11,2.5686314e-10,1.8115846e-10
520000,344,143,0,-4.2801773e-13,5.5095433e-12,1.4403594e-20,2.7183204e-35,2.2781323e-24,2.0816723e-11
520000,27,345,0,-7.9077673e-13,1.07103174e-10,1.7416857e-13,7.203144e-18,2.2803379e-11,3.1258773e-09
520000,409,188,0,-2.82089e-12,2.3346336e-09,3.9750596e-15,1.0524641e-21,4.119053e-09,1.04518484e-10
520000,293,241,0,-4.349435e-15,1.248839e-19,8.094035e-31,0.0,0.0,3.6845307e-13
520000,395,370,0,-3.1038293e-13,1.5212236e-10,1.0631605e-13,1.3137711e-18,1.9766168e-13,1.2029473e-10
520000,377,198,0,-3.2688414e-13,2.7013797e-11,6.458965e-12,2.0864355e-15,7.80107e-16,3.1654488e-11
520000,422,58,0,-9.622679e-13,9.9039194e-11,1.3850192e-16,1.07941155e-26,1.9536608e-10,1.426972e-10
520000,423,244,0,8.9236335e-12,9.491895e-12,1.9607864e-12,2.5824552e-16,8.729243e-19,2.2554962e-10
520000,175,344,0,-1.9465495e-13,1.05287584e-13,1.5906021e-24,2.35e-43,8.198229e-33,9.425665e-11
520000,38,286,0,-1.791329e-13,1.7087055e-13,2.3205203e-14,1.3138032e-21,2.1583036e-27,5.6796606e-11
520000,32,436,0,-7.11624e-13,9.648123e-12,2.2313314e-11,1.3124888e-13,1.7130603e-15,1.8153065e-10
520000,477,245,0,-3.5177392e-13,4.2175798e-11,4.149869e-12,3.3048469e-15,2.1332722e-15,1.0087794e-10
520000,115,257,0,-1.0639555e-13,1.9766478e-12,1.03840256e-10,1.712994e-11,6.285007e-12,2.2959624e-14
520000,384,293,0,-3.4062775e-13,1.4392757e-11,6.218089e-33,0.0,2.0181545e-19,9.741074e-14
520000,263,120,0,-5.503489e-13,3.625453e-11,3.0612044e-19,2.9326978e-30,3.3301661e-15,6.078455e-10
520000,94,303,0,-1.8320894e-13,1.5405158e-11,1.5972458e-12,1.610228e-16,1.7746023e-15,2.487152e-11
520000,213,471,0,-6.6092786e-13,5.2170372e-11,3.4184624e-11,4.0257565e-13,5.0963682e-14,3.058355e-09
520000,47,174,0,-6.4052594e-13,3.856439e-11,3.9040642e-15,1.3878365e-23,3.092987e-15,3.1040999e-09
520000,495,110,0,-1.193901e-12,8.2576675e-11,8.124382e-11,9.83979e-12,5.179981e-12,3.1833096e-09
520000,421,2,0,-8.49453e-13,9.543086e-11,5.078753e-11,4.7578125e-13,6.3276614e-13,3.6048824e-09
520000,221,312,0,-1.1559421e-13,7.669603e-13,4e-45,0.0,3.858376e-30,3.0020235e-09
520000,280,452,0,-4.0673237e-13,4.513605e-11,5.3659885e-12,3.0758593e-15,4.2809842e-13,2.998058e-09
520000,151,365,0,-3.1629392e-13,3.6152317e-11,3.4622591e-09,7.191878e-10,1.153267e-09,3.818282e-13
520000,57,483,0,-1.2575546e-11,2.3670494e-09,4.3617792e-14,1.6265064e-20,4.1283648e-09,1.4830366e-10
520000,320,162,0,-4.963844e-13,8.1199485e-11,1.434381e-30,0.0,1.2003888e-14,6.182688e-11
520000,335,495,0,-3.2926548e-13,3.4212865e-11,1.0759528e-14,7.9892216e-23,3.1244552e-11,1.5282e-10
520000,196,114,0,-2.8872453e-13,4.6527274e-12,8.8199885e-11,5.0761763e-11,7.922773e-11,2.1950544e-11
520000,427,479,0,-8.332057e-13,4.1112665e-11,1.9934311e-11,1.3728547e-13,7.729443e-14,1.1248375e-10
520000,439,131,0,-1.5296591e-12,1.06977635e-10,9.091174e-11,1.83364e-11,8.431051e-12,1.07696265e-11
520000,3,245,0,-5.23814e-13,1.2081351e-11,6.522177e-14,2.2648225e-20,7.404921e-21,1.0350601e-10
520000,243,147,0,-3.1028775e-14,1.7930176e-15,1.6344294e-26,1.8e-44,0.0,3.3160028e-13
520000,72,6,0,-1.1963862e-12,4.4508e-11,5.4331485e-13,5.843749e-18,1.0664693e-13,5.073029e-11
520000,437,153,0,1.5284023e-12,1.0479075e-10,9.833354e-12,8.277558e-15,1.8387951e-10,5.8588634e-11
520000,414,243,0,4.24879e-12,1.2962197e-11,2.3577505e-11,8.933936e-14,1.0293248e-15,2.0786702e-11
520000,172,236,0,-1.4390791e-15,5.190074e-21,1.3545054e-17,2.0194391e-26,7.671044e-33,1.3012402e-10
520000,297,278,0,-5.8428367e-14,3.3454207e-13,3.549237e-30,0.0,2.9361972e-33,9.859096e-18
520000,236,313,0,-5.07639e-14,5.037406e-13,0.0,0.0,6.1381357e-31,2.9492737e-16
520000,210,480,0,-7.243653e-13,3.7395392e-11,1.3005909e-11,2.5946977e-14,6.0608625e-13,1.3728262e-10
520000,88,153,0,-5.544224e-13,2.063379e-11,2.0166561e-25,2.8e-44,2.7422071e-18,3.4262415e-09
520000,48,26,0,-1.3529253e-12,4.6749916e-11,6.7485995e-16,1.100108e-23,1.1206844e-14,3.162213e-09
520000,39,164,0,-7.7045396e-13,1.0039843e-11,3.3909301e-12,1.7469845e-16,5.620489e-20,5.958879e-11
520000,325,14,0,-8.004416e-13,7.479063e-11,2.084714e-18,1.6510022e-28,1.0390391e-13,3.1887537e-09
520000,341,386,0,8.123045e-12,4.264864e-11,6.7633223e-19,1.3563882e-31,3.776667e-13,3.049405e-09
520000,238,14,0,-7.209275e-13,4.9405292e-11,3.0285824e-13,7.8161604e-19,2.0841354e-14,3.229645e-09
520000,292,51,0,1.3642831e-11,4.1573394e-11,9.257222e-13,5.1614823e-17,1.721674e-11,9.896241e-11
520000,316,178,0,-3.0089389e-13,1.7583553e-11,8.434113e-27,1.5e-43,9.672871e-19,7.101935e-11
520000,433,121,0,9.881009e-13,7.776664e-11,1.4719547e-11,2.4047697e-14,8.3784947e-16,3.0652096e-09
520000,474,75,0,-1.5241554e-12,1.1378633e-10,6.9417857e-12,1.2127828e-14,3.2527214e-12,3.3179237e-09
520000,7,44,0,-9.745613e-13,8.667552e-11,1.0279276e-11,9.92435e-15,1.06326365e-13,1.673302e-10
520000,445,21,0,-1.0347978e-12,7.947534e-11,1.10743154e-14,4.5013216e-22,1.8876261e-13,3.1206429e-09
520000,449,493,0,-5.7195855e-13,2.315222e-11,2.2792347e-13,6.6658096e-19,1.9074921e-18,9.035173e-11
520000,101,56,0,-6.9473745e-13,6.756689e-12,2.0130289e-14,9.399123e-22,8.2814416e-23,3.4590402e-09
520000,424,282,0,-2.796207e-13,1.0639047e-12,4.2437154e-20,4.1671913e-34,6.999164e-31,3.0737652e-09
520000,389,301,0,-3.9536026e-13,6.18374e-11,1.8846024e-23,3.67505e-40,2.5246068e-14,2.988848e-09
520000,190,78,0,-3.585716e-13,5.630313e-12,1.8870362e-18,4.2364666e-30,9.657363e-23,3.0808531e-09
520000,442,28,0,-1.0803383e-12,9.19702e-11,3.948348e-11,4.6463696e-13,1.5712582e-11,3.277978e-09
520000,9,43,0,-1.1471521e-12,1.1018138e-10,2.2102877e-11,9.567963e-14,2.9121588e-10,3.1013938e-09
520000,274,458,0,-4.6427597e-13,3.1849735e-11,5.3660193e-12,3.0758593e-15,2.60626e-10,2.9946947e-09
520000,54,215,0,-2.8951735e-13,1.4113091e-11,1.1655848e-13,1.8317126e-19,2.4732719e-18,3.1284513e-09
520000,33,262,0,-2.2777494e-13,6.7188334e-12,5.829703e-13,8.6255145e-17,3.6026355e-19,3.046253e-09
520000,366,50,0,-1.1435884e-12,6.941511e-11,2.176537e-11,8.308353e-14,2.7015192e-09,3.1418466e-09
520000,184,95,0,-5.4917605e-13,5.4767066e-11,3.4546918e-22,1.4564594e-37,1.291898e-13,3.0090945e-09
520000,144,9,0,-8.149963e-13,5.1456665e-11,2.5867646e-13,1.2540011e-18,4.2037432e-14,3.1080105e-09
520000,224,20,0,-8.5991696e-13,3.9355314e-11,2.8172079e-19,2.2379543e-30,8.928089e-16,3.0137346e-09
520000,13,178,0,-6.620128e-13,5.4221086e-11,7.2600914e-16,7.0431503e-25,4.8472066e-13,3.243584e-09
520000,322,340,0,-5.3497774e-14,1.6303565e-14,2.30331e-35,0.0,1.88e-42,3.052682e-09
520000,388,468,0,-6.807631e-13,3.2506775e-11,3.6181494e-12,3.5338744e-16,3.645978e-17,3.121912e-09
520000,112,153,0,9.395519e-12,4.623907e-11,3.1983444e-24,1.846e-42,2.8060448e-14,3.0559266e-09
520000,103,473,0,-1.3395189e-12,1.1687351e-10,1.2827874e-12,9.4570765e-17,1.1458075e-12,3.2271472e-09
520000,427,24,0,-8.3140493e-13,6.2607274e-11,9.62369e-12,2.6606088e-15,2.869035e-10,3.107904e-09
520000,328,460,0,-6.180058e-13,5.970926e-11,2.950829e-12,6.0319556e-16,1.6053226e-11,3.0154754e-09
520000,242,248,0,-8.3000843e-19,5.9861897e-32,0.0,0.0,0.0,9.841511e-13
520000,367,93,0,-1.2695158e-13,1.8460373e-13,3.2129983e-20,3.4485283e-33,1.4820238e-33,5.4804748e-11
520000,329,88,0,-8.8734835e-13,5.0366118e-11,6.0688864e-24,4.6134044e-38,2.8319028e-17,3.190485e-11
520000,211,383,0,1.4335301e-13,1.9457558e-15,7.2948246e-16,4.009974e-25,1.6504287e-32,4.3429812e-11
520000,213,248,0,-4.814596e-16,8.624363e-23,8.7098e-41,0.0,0.0,9.371882e-12
520000,210,195,0,-9.719197e-14,8.772116e-14,3.67e-43,0.0,7.179006e-33,2.4464689e-13
520000,216,264,0,-6.264431e-16,1.546148e-22,0.0,0.0,0.0,1.2942338e-14
520000,354,122,0,-2.8598453e-13,1.498171e-11,5.1964206e-13,2.4703732e-17,4.7185916e-17,8.25818e-12
520000,109,370,0,4.9261454e-12,8.342247e-11,6.5279115e-21,5.5876345e-33,3.3217606e-09,8.405247e-13
520000,376,40,0,-1.1166105e-12,1.0748607e-10,1.0964622e-10,5.413113e-11,7.420582e-11,2.5530422e-10
520000,301,413,0,-4.3988274e-14,4.2193604e-15,2.8633738e-12,1.6959839e-16,4.9332687e-20,7.521994e-11
520000,111,259,0,-1.3831533e-13,2.8993212e-12,1.4794391e-12,3.8788246e-17,8.742138e-21,1.1099163e-13
520000,277,282,0,-2.0519521e-15,6.5901908e-21,7.754486e-30,0.0,0.0,5.878402e-13
520000,368,54,0,-1.1070284e-12,6.382324e-11,1.3793904e-13,6.2219634e-20,3.4009064e-14,1.3203698e-10
520000,174,88,0,-4.658004e-13,8.023114e-12,1.8913082e-23,5.5325e-41,1.5308485e-23,9.799511e-11
520000,412,194,0,1.0885526e-11,7.937965e-11,4.361387e-20,9.647701e-33,9.727732e-13,4.644079e-11
520000,256,238,0,-8.704104e-18,1.8442693e-29,0.0,0.0,0.0,1.7920861e-22
520000,202,116,0,-3.500203e-13,4.360762e-11,4.508862e-12,1.1476601e-15,5.942598e-12,1.4265324e-10
520000,400,117,0,6.203584e-11,5.1625867e-11,1.7509856e-19,2.569952e-33,7.6079585e-12,4.2883676e-11
520000,213,112,0,-4.2956017e-13,4.637615e-12,7.5567343e-19,3.2356763e-30,1.414771e-22,3.587556e-11
520000,485,92,0,-1.1481032e-12,2.0951227e-11,8.238845e-11,8.69943e-12,3.0190462e-12,3.1432115e-09
520000,279,53,0,1.9943087e-11,3.164609e-11,4.331923e-16,3.0953661e-24,7.118461e-14,3.0748104e-09
520000,430,335,0,-4.0789946e-13,1.7670612e-11,6.839414e-21,9.984147e-36,3.2885858e-19,2.9976086e-09
520000,86,450,0,-1.479071e-12,7.8843314e-11,1.3579922e-15,1.2153666e-24,5.1257246e-17,3.1042788e-09
520000,270,39,0,-5.301242e-13,2.9745383e-11,3.995251e-12,4.6119e-16,5.6610245e-16,1.2551929e-10
520000,26,32,0,-1.8554258e-12,1.462303e-10,1.01518356e-10,2.8052077e-12,2.6334124e-12,3.1067382e-09
520000,385,413,0,1.9203565e-10,3.573071e-11,6.6680276e-16,4.30588e-24,6.0031287e-15,3.0392244e-09
520000,239,185,0,-6.3669404e-15,2.5918552e-19,5.2585137e-24,1.69431e-40,0.0,2.9966423e-09
520000,204,106,0,-3.2586892e-13,4.0457394e-11,2.9870117e-15,4.1541786e-24,4.2808918e-13,3.1620764e-09
520000,46,151,0,-9.854138e-13,8.393794e-11,9.943592e-12,6.8327043e-15,2.2889492e-10,3.4817211e-09
520000,35,84,0,-8.485119e-13,2.2549329e-11,2.7736467e-13,3.355401e-19,6.2827168e-18,3.120279e-09
520000,492,426,0,-1.199296e-12,6.1882804e-11,4.032896e-12,4.611952e-16,1.5462805e-14,3.1672842e-09
520000,397,462,0,-7.3190623e-13,2.9016177e-11,1.7288859e-12,4.675384e-17,2.2806439e-18,2.998279e-09
520000,367,63,0,-1.044898e-12,1.229153e-10,2.000028e-18,1.0812712e-27,1.6044185e-11,2.9940774e-09
520000,492,309,0,-7.5698096e-13,3.808057e-11,5.561904e-19,7.12641e-30,4.7e-18,3.0567258e-09
520000,386,499,0,-1.0662674e-12,6.844599e-11,2.4041275e-13,1.31954e-19,3.2716698e-15,3.3111924e-09
520000,9,351,0,-1.0828414e-12,2.7440942e-11,1.364519e-10,1.6791164e-10,7.405055e-10,7.0879295e-11
520000,66,144,0,-7.823656e-13,3.351318e-11,3.815532e-11,1.0005926e-12,1.0864607e-13,3.2152896e-09
520000,412,28,0,-7.658504e-13,6.292462e-11,1.2302304e-10,5.5148077e-11,9.6330714e-11,2.995621e-09
520000,57,2,0,-1.0412016e-12,1.3718791e-10,1.3827521e-13,1.8109327e-18,1.1269196e-10,3.0131913e-09
520000,213,16,0,-9.277711e-13,4.0539565e-11,3.5113827e-15,1.898515e-23,2.2889803e-14,1.4562883e-10
520000,98,159,0,-4.614397e-13,2.083599e-12,5.694792e-16,1.3272806e-24,1.4186544e-22,3.1017515e-09
520000,219,135,0,-4.241019e-13,4.1725002e-11,9.578521e-14,3.2093134e-19,1.0343121e-15,5.338101e-12
520000,471,442,0,-1.371244e-12,8.5688526e-11,4.456527e-15,2.866202e-21,9.560683e-12,3.1767229e-09
520000,450,370,0,-9.57868e-13,8.7784606e-11,4.084376e-16,1.3551232e-23,3.1450436e-11,3.0469964e-09
520000,45,387,0,-5.909848e-13,4.481663e-11,9.369035e-12,6.8260276e-15,5.435615e-13,3.266644e-09
520000,111,66,0,-6.6884237e-13,2.428344e-11,3.719511e-11,1.1250285e-12,1.3210262e-13,3.0962448e-09
520000,436,328,0,-4.4007669e-13,1.129114e-11,1.3577879e-20,8.992883e-34,8.479043e-22,1.12067446e-10
520000,110,42,0,-1.2469231e-12,5.3835842e-11,9.068843e-17,2.5432515e-26,3.2246168e-11,1.9820028e-10
520000,419,449,0,-1.2427195e-12,7.257317e-11,1.1125998e-15,2.6609294e-23,1.2038316e-12,3.1292695e-09
520000,337,493,0,-3.1115526e-13,1.914537e-11,6.928015e-15,4.6820425e-23,1.7573639e-16,1.5676677e-10
520000,56,144,0,-9.22176e-13,2.7106912e-11,2.672861e-12,2.1222763e-16,4.266496e-17,7.7474727e-10
520000,404,269,0,-4.0790795e-13,3.274696e-12,6.8256715e-21,1.0002867e-35,5.7923443e-26,2.9910718e-09
520000,207,20,0,-9.565934e-13,2.5066007e-11,5.2159548e-15,1.144035e-22,5.666674e-17,3.2772705e-09
520000,67,151,0,-5.796137e-13,1.102268e-11,1.3222628e-11,2.8352505e-14,2.639891e-16,3.2969811e-09
520000,431,334,0,-4.099323e-13,1.3869509e-11,7.9265745e-21,1.1786342e-35,6.3719177e-20,6.4141796e-11
520000,126,392,0,-2.7667124e-13,3.7269667e-12,3.0011703e-18,5.045649e-30,1.1654087e-24,3.005093e-09
520000,350,357,0,5.0752046e-13,4.4553652e-11,1.6455684e-20,1.29287e-31,6.7769855e-17,1.1072054e-11
520000,465,183,0,-2.558939e-13,2.16759e-11,1.01263775e-10,1.7404774e-11,6.5515436e-12,3.0524774e-09
520000,23,29,0,-1.976827e-12,1.4995409e-10,1.0802232e-10,5.1363205e-11,3.3268713e-10,3.2024476e-09
520000,405,479,0,-9.804078e-13,4.8344086e-11,1.1667673e-12,8.189281e-17,3.3942114e-16,3.1176952e-09
520000,416,297,0,-1.6108477e-13,7.3836374e-13,2.3076448e-17,1.5225197e-28,6.4361724e-28,2.989176e-09
520000,25,434,0,-8.0774157e-13,1.3383378e-11,6.1850834e-14,5.851052e-20,5.4328576e-21,2.629735e-10
520000,82,382,0,3.323993e-10,9.3534305e-11,7.560143e-15,1.8430968e-22,3.5466577e-14,3.3795002e-09
520000,466,60,0,-1.2118963e-12,8.413499e-11,4.1236077e-13,1.6028817e-18,3.1609323e-11,3.144774e-09
520000,448,401,0,-1.2691658e-12,1.1876142e-10,3.441611e-14,2.6055953e-21,5.563493e-12,3.1132428e-09
520000,472,196,0,-7.8946886e-13,9.894792e-11,6.4433486e-11,1.0001007e-11,4.4245107e-12,3.0741596e-09
520000,234,41,0,-6.8076664e-13,3.689472e-11,8.65218e-13,1.1010753e-16,4.6317083e-14,3.0377636e-09
520000,432,1,0,-8.3504644e-13,4.3083093e-11,1.7370038e-15,4.2612333e-24,3.0656094e-15,3.2649552e-09
520000,69,31,0,-1.4638983e-12,8.83113e-11,7.4483275e-12,3.123495e-15,1.5778169e-13,3.150312e-09
520000,61,475,0,-1.5415463e-12,5.9948914e-11,1.5089186e-12,6.889646e-17,7.9133674e-14,3.0892862e-09
520000,204,92,0,-2.9496693e-13,1.0279516e-11,5.673283e-11,3.726682e-12,5.059233e-13,3.0600145e-09
520000,124,389,0,-2.581561e-13,3.2630925e-12,3.8802532e-20,4.6020448e-32,3.322022e-25,3.4034073e-09
520000,41,484,0,-1.8626708e-12,1.3570538e-10,1.1692421e-13,4.1590027e-20,4.1014297e-12,3.1791019e-09
520000,298,12,0,-5.4663197e-13,2.8007643e-11,1.2628299e-12,1.7489942e-17,1.3197243e-11,1.5548347e-10
520000,143,206,0,-1.576878e-13,8.262805e-13,5.659024e-18,2.0921813e-28,4.3430838e-23,2.9896692e-09
520000,19,265,0,-6.1719233e-13,3.893418e-11,1.9593943e-13,2.1727398e-18,1.2807857e-16,3.0283485e-09
520000,448,384,0,-1.1519651e-12,3.668669e-11,1.0685629e-11,1.1775698e-14,4.2377816e-17,6.730349e-11
520000,471,460,0,-1.207424e-12,7.187801e-11,1.7288519e-12,1.8215039e-16,8.617228e-12,3.189088e-09
520000,468,232,0,6.5448593e-12,2.81946e-13,5.23299e-11,3.530966e-13,1.0439299e-14,3.1564162e-09
520000,1,466,0,-2.481456e-12,2.3329705e-10,5.0336805e-15,4.1921984e-23,1.8840417e-11,3.4860004e-09
520000,5,159,0,-6.4460123e-13,2.5000177e-11,3.1432647e-15,1.177771e-23,6.61059e-14,3.06065e-09
520000,190,373,0,-4.567253e-13,1.5807912e-11,2.5244568e-27,0.0,7.8532635e-22,2.9889846e-09
520000,450,97,0,-1.2850757e-12,6.833998e-11,5.7706837e-18,4.939155e-28,2.2255789e-15,3.2682257e-09
520000,467,446,0,-1.2457195e-12,3.9504608e-11,2.5903864e-15,1.0407875e-23,2.5640534e-17,3.2925664e-09
520000,434,92,0,1.7979541e-12,8.703618e-11,9.446306e-11,9.389414e-12,4.191853e-12,3.052748e-09
520000,42,466,0,-2.3865315e-12,3.4909073e-10,1.0491387e-12,2.756414e-17,1.0087109e-10,3.1323326e-09
520000,95,470,0,-1.3742894e-12,8.115762e-11,5.949014e-15,2.2612318e-22,1.2038413e-12,3.0714296e-09
520000,138,95,0,-3.74827e-13,1.0962429e-11,9.412012e-20,9.2616286e-29,1.3775863e-20,2.993129e-09
520000,388,218,0,-3.0705575e-14,1.7707299e-12,2.586765e-13,1.2540011e-18,8.343765e-23,3.036933e-09
520000,283,461,0,-4.4719645e-13,2.6915916e-11,3.5450888e-16,5.481639e-26,4.4334087e-14,2.9895706e-09
520000,20,312,0,-9.283869e-13,1.4697883e-10,2.3503552e-12,6.7867284e-17,3.3589769e-09,3.0772216e-09
520000,261,285,0,-3.97016e-17,8.472569e-29,4.009111e-34,0.0,0.0,3.0172322e-09
520000,499,117,0,-1.2059473e-12,5.1621474e-11,3.1834812e-14,5.715099e-22,1.1093186e-13,3.5984853e-09
520000,132,460,0,-6.295362e-13,3.7451393e-11,9.862252e-17,3.2745005e-25,2.60626e-10,3.184747e-09
520000,179,472,0,-6.735128e-13,3.4249676e-11,5.610113e-15,5.3831275e-23,8.144122e-18,3.0892784e-09
520000,36,189,0,-4.9736083e-13,3.7077494e-11,5.584258e-11,3.827363e-12,5.407388e-13,3.1496912e-09
520000,154,1,0,-8.3709455e-13,7.901171e-11,1.7197586e-15,1.5388611e-23,8.059738e-12,3.1577314e-09
520000,3,406,0,-9.010995e-13,1.01200694e-10,8.176715e-11,8.864808e-12,2.1130185e-10,3.3220888e-09
520000,235,446,0,-4.662668e-13,5.606165e-11,6.3012672e-12,1.8928122e-15,3.0317296e-12,3.040967e-09
520000,34,411,0,-7.320053e-13,2.1379376e-11,5.854583e-15,2.9833268e-23,8.944393e-20,3.1813434e-09
520000,153,396,0,-2.9876167e-13,4.8621493e-12,3.4033404e-13,1.3742888e-18,1.4531125e-20,7.959464e-11
520000,401,75,0,8.1712973e-13,1.779391e-11,1.0129646e-12,2.3322677e-17,4.225661e-18,3.0847993e-09
520000,53,104,0,-6.907465e-13,4.835049e-11,2.1720776e-16,5.012736e-26,1.369104e-11,3.0360279e-09
520000,208,38,0,-1.0070101e-12,8.115356e-11,2.0793462e-18,1.4242234e-29,2.8879235e-10,3.015786e-09
520000,98,353,0,3.4662312e-12,4.1771087e-11,1.3494303e-11,3.0886995e-14,3.0746542e-16,3.0130165e-09
520000,430,79,0,-2.054273e-13,5.1713172e-11,1.8792246e-13,1.0828056e-19,2.7706049e-10,3.2756973e-09
520000,464,9,0,-1.2982895e-12,3.380597e-11,6.1258744e-14,1.6132578e-20,5.6264086e-19,5.2183666e-09
520000,451,158,0,1.089844e-12,3.738061e-11,1.458497e-16,1.8810605e-25,9.245457e-17,2.995764e-09
520000,80,109,0,-7.094406e-13,9.054035e-11,6.936065e-16,1.3703303e-23,2.3807226e-10,3.3845138e-09
520000,446,397,0,-1.2374331e-12,8.340322e-11,1.2621009e-14,3.0427153e-22,8.1350925e-15,5.90399e-11
520000,93,442,0,-1.0778238e-12,5.3035402e-11,4.555217e-13,2.4240503e-18,1.8542349e-16,3.4664563e-11
520000,118,116,0,2.3800588e-12,3.3629271e-12,1.3965602e-27,0.0,9.605361e-25,9.1407534e-11
520000,236,222,0,-1.8103954e-14,1.2067124e-15,3e-45,0.0,2.515741e-39,3.1724017e-22
520000,352,321,0,-4.127899e-13,6.98527e-12,9.059198e-23,5.106e-40,1.5828521e-24,1.107197e-14
520000,402,152,0,-8.9221843e-13,1.4664393e-10,1.0823081e-11,7.377453e-15,1.8748286e-11,3.607342e-12
520000,218,56,0,-1.0314162e-12,6.550673e-11,1.9543943e-15,4.288185e-24,1.0807029e-14,6.842352e-11
520000,97,114,0,-5.4062576e-13,3.900279e-11,1.9804414e-13,2.1749523e-18,2.6196313e-15,7.574322e-11
520000,60,268,0,-5.497815e-14,1.2493183e-14,1.9797432e-12,2.9694626e-17,5.6216996e-21,2.0484857e-10
520000,187,377,0,-4.2975194e-13,3.0417672e-11,1.5383729e-26,0.0,6.058512e-13,1.0736342e-12
520000,377,255,0,-1.871676e-13,2.837995e-11,7.7366095e-32,0.0,1.4022634e-15,1.1481891e-11
520000,113,167,0,2.679688e-13,7.2953074e-11,1.1206217e-16,5.079535e-26,7.870205e-14,1.3197084e-10
520000,101,292,0,-1.0142186e-13,3.0021433e-13,2.1267517e-12,7.620424e-17,1.8734528e-20,8.634972e-12
520000,373,290,0,-2.0084347e-13,2.1784958e-11,3.535e-42,0.0,1.0210613e-15,2.9014199e-11
520000,132,78,0,-5.511569e-13,1.5916338e-11,3.691559e-15,1.2294787e-23,6.720012e-20,3.9266236e-11
520000,197,217,0,-7.580939e-14,1.4892712e-11,4.890403e-24,1.2058242e-38,3.1820523e-17,1.07370876e-10
520000,322,425,0,-1.7344646e-13,2.8199279e-12,6.7437967e-18,4.785302e-28,5.278278e-24,1.0550257e-10
520000,272,237,0,-5.122832e-17,3.186566e-26,1.503e-41,0.0,0.0,1.1205248e-22
520000,283,217,0,-1.9802668e-14,1.4826293e-15,5.4068783e-17,1.1613035e-24,4.1286074e-30,1.407926e-28
520000,24,128,0,-8.672674e-13,1.2028515e-11,5.8375006e-13,4.0735928e-18,1.843546e-21,3.7029227e-10
520000,344,53,0,-7.7034445e-13,5.876208e-11,2.3167217e-16,1.23327325e-26,2.202064e-14,7.4627624e-11
520000,332,339,0,-1.389397e-13,2.675077e-12,1.90891e-39,0.0,9.9842125e-24,2.025325e-12
520000,246,489,0,-3.8905367e-13,1.1936436e-11,1.0683657e-14,1.8203499e-22,5.063896e-21,1.0855464e-10
520000,498,168,0,-2.9721193e-13,1.0731308e-11,1.6925965e-21,2.7937237e-37,8.4435604e-19,2.3445511e-11
520000,89,250,0,-1.6514562e-13,5.314771e-12,1.515441e-17,1.3017666e-28,2.1491095e-21,7.638987e-11
520000,328,16,0,-8.4167146e-13,1.03460594e-10,2.03249e-19,9.558869e-33,5.168963e-12,8.889576e-11
520000,127,481,0,-8.452817e-13,2.3286973e-11,4.186894e-12,3.501006e-16,9.126762e-18,3.0544665e-09
520000,134,455,0,-5.581246e-13,3.2965717e-11,5.664653e-16,7.069494e-25,1.7518488e-16,3.840408e-11
520000,410,157,0,1.282105e-13,8.672428e-12,3.1946975e-12,4.1661967e-16,3.4234356e-19,3.2113523e-10
520000,440,45,0,-9.806518e-13,5.510558e-11,3.8880444e-11,8.7541736e-13,8.5954166e-14,2.7284816e-10
520000,448,316,0,-4.5390956e-13,7.492897e-12,2.8124605e-15,5.665841e-24,3.4441048e-24,3.271096e-10
520000,22,261,0,-5.4559357e-13,4.1998016e-11,1.4575571e-16,9.2014073e-26,2.9252288e-11,9.4122286e-11
520000,203,37,0,-9.606751e-13,1.11409576e-10,9.82788e-16,5.901705e-23,1.7762812e-11,1.4786841e-10
520000,481,3,0,-1.304059e-12,9.685827e-11,7.013515e-11,3.930989e-12,5.930211e-13,2.8570543e-10
520000,346,475,0,-6.57803e-13,5.031278e-11,8.3789116e-14,2.8234563e-20,1.9643313e-11,4.701767e-11
520000,38,135,0,-1.2217861e-12,1.11693495e-10,1.0874732e-11,3.606286e-15,5.808344e-13,1.2623838e-10
520000,486,266,0,-6.689484e-13,4.2760365e-11,6.59601e-11,2.6349253e-12,1.3312337e-12,2.3896787e-10
520000,449,219,0,2.60954e-10,1.1151063e-12,4.839132e-12,2.2658369e-15,6.27453e-18,5.7956098e-11
520000,486,483,0,-9.545309e-13,5.7287557e-11,3.468599e-09,7.1919126e-10,1.153272e-09,4.0142764e-10
520000,76,447,0,-1.1947552e-12,2.3590732e-11,8.164564e-13,7.6745544e-18,4.828606e-20,2.9787378e-10
520000,214,0,0,-9.900606e-13,6.827753e-11,2.849936e-13,1.6302621e-19,3.165032e-14,3.6656077e-12
520000,283,11,0,-5.4340836e-13,3.2619397e-11,6.502145e-11,2.7490772e-12,2.0083306e-12,1.9653072e-10
520000,384,447,0,3.1373493e-12,3.5901056e-11,1.3977975e-19,2.4374952e-32,1.532652e-12,7.809743e-11
520000,350,452,0,-5.7774217e-13,4.99694e-11,1.9903818e-18,7.443383e-30,2.3564121e-14,6.593694e-11
520000,71,85,0,-7.329799e-13,6.177829e-11,4.0330275e-16,5.880564e-25,1.1463012e-13,1.5754496e-10
520000,455,121,0,-1.2312519e-12,2.5561045e-11,1.1218412e-13,2.5446237e-19,5.2863406e-17,8.815564e-11
520000,420,262,0,-5.196221e-13,3.925889e-11,1.0823081e-11,7.377453e-15,9.176263e-13,7.8431196e-13
520000,480,30,0,-1.5487905e-12,1.2211049e-10,1.6959956e-13,2.864368e-20,1.4189719e-11,1.3955569e-10
520000,189,485,0,-8.856562e-13,6.70342e-11,3.4951486e-11,4.7495086e-13,5.0863795e-13,9.2335424e-11
520000,492,283,0,-6.153303e-13,5.315985e-11,7.637563e-11,1.947347e-11,1.09302255e-11,2.3477824e-11
520000,471,35,0,-1.4206966e-12,6.0550606e-11,8.6533385e-11,1.0103342e-11,4.3954983e-12,1.522948e-10
520000,182,18,0,-7.501922e-13,3.3696813e-11,2.8164247e-11,3.9551173e-14,3.588851e-16,3.117604e-11
520000,485,410,0,-1.0883778e-12,6.98359e-11,3.4625163e-09,7.191878e-10,1.153614e-09,9.820869e-11
520000,450,471,0,-1.3786178e-12,6.4199e-11,1.6042391e-11,6.7228415e-14,2.3399229e-11,1.3220199e-10
520000,70,474,0,-1.7901832e-12,1.5879113e-10,6.1235705e-15,2.8708488e-23,2.7496155e-11,2.0103456e-10
520000,426,38,0,-7.9512823e-13,2.9999603e-11,1.5415468e-14,1.4583081e-20,4.6333314e-17,3.8895562e-10
520000,22,489,0,-1.9222848e-12,7.433934e-11,2.0240454e-12,8.8026615e-17,1.6145592e-13,2.7896965e-10
520000,5,125,0,-8.056192e-13,3.684316e-11,4.0789056e-12,6.071116e-16,1.6606748e-16,3.0159986e-09
520000,491,384,0,-1.7215336e-12,1.0515862e-10,5.6497585e-16,1.3837125e-23,1.5611184e-13,3.012185e-11
520000,238,50,0,-8.209248e-13,3.246062e-11,1.0539757e-15,2.6525713e-23,1.8082249e-20,1.674547e-11
520000,498,6,0,-1.1339561e-12,5.986078e-11,2.3799405e-11,5.711252e-14,3.0539659e-15,4.0688938e-10
520000,10,410,0,-7.4831184e-13,2.2375204e-11,6.091225e-11,1.0251141e-11,4.820688e-12,3.678403e-10
520000,491,227,0,-4.835745e-13,1.388796e-11,1.6748359e-14,7.617928e-21,3.3153098e-23,1.4116276e-10
520000,176,419,0,-3.0879742e-13,2.1589442e-11,1.354993e-12,1.08707434e-16,1.4900316e-15,1.279393e-10
520000,206,49,0,-8.753758e-13,6.406938e-11,4.0605476e-21,1.2484257e-35,7.905106e-13,3.2113513e-11
520000,214,32,0,-1.1351352e-12,8.484858e-11,3.3006997e-16,1.9807983e-25,1.0231565e-16,5.7411025e-12
520000,229,10,0,-6.1277735e-13,1.6679273e-11,1.6208522e-20,4.9899196e-35,4.1235608e-19,6.125478e-11
520000,34,59,0,-1.5301946e-12,1.7616736e-10,6.2335676e-17,2.6532736e-26,2.4495139e-11,1.1906302e-10
520000,25,184,0,-4.6135844e-13,6.3824506e-12,8.417764e-14,8.20885e-19,3.977005e-22,6.338455e-11
520000,480,51,0,-1.4170989e-12,8.3096086e-11,3.0954277e-11,9.433865e-14,2.8266387e-11,1.7923792e-10
520000,464,92,0,-1.3997913e-12,5.665283e-11,2.1609437e-12,1.0576727e-16,2.5965406e-16,7.571012e-11
520000,27,325,0,-6.1621736e-13,6.852774e-11,3.462314e-09,7.191878e-10,1.1667848e-09,3.47517e-10
520000,430,374,0,-5.877246e-13,5.0435208e-11,3.4807606e-12,9.76195e-16,3.826427e-14,1.2560872e-10
520000,54,8,0,-9.266005e-13,4.8569374e-11,1.3174701e-11,5.041653e-14,2.9253475e-11,2.2866724e-10
520000,114,33,0,-1.3859694e-12,1.15857914e-10,4.5126924e-14,3.3157134e-20,1.823122e-12,6.361065e-11
520000,10,5,0,-6.112465e-13,1.276745e-10,2.4936301e-11,5.728879e-14,1.2326691e-12,6.535621e-10
520000,110,36,0,-1.3656649e-12,1.2506078e-10,5.2304217e-13,2.4963595e-18,4.2387236e-13,5.4916276e-11
520000,41,265,0,-1.5079337e-13,1.5824262e-11,6.5994805e-12,5.6952276e-15,1.0754968e-15,8.387241e-13
520000,294,14,0,-6.674809e-13,3.7934846e-11,1.023062e-13,1.1178366e-19,3.667329e-17,1.06996745e-10
520000,2,116,0,-1.2528589e-12,9.958691e-11,1.06572e-15,1.9668011e-23,5.048031e-14,2.1276894e-10
520000,344,2,0,-6.260982e-13,3.5371015e-11,2.8555686e-19,1.8172665e-30,2.435643e-15,4.3713803e-11
520000,64,5,0,-9.289857e-13,1.2144283e-11,3.1452854e-11,5.511541e-13,2.2992455e-14,7.730912e-12
520000,99,384,0,4.0837535e-11,8.721567e-12,7.969592e-13,2.9046527e-17,1.8501681e-20,3.328307e-11
520000,441,391,0,-1.1004253e-12,6.39503e-11,9.045668e-12,8.654863e-15,6.346957e-12,3.9395034e-10
520000,410,307,0,-1.6030714e-13,1.08142235e-13,8.8576355e-11,1.8529137e-11,7.913471e-12,2.8613681e-11
520000,49,412,0,-9.0069337e-13,4.531026e-11,5.649668e-20,8.716478e-34,1.3629214e-12,2.0434796e-11
520000,492,42,0,-1.8324075e-12,1.2456926e-10,1.8894852e-13,5.8016763e-19,2.7016613e-09,6.243508e-11
520000,332,464,0,-7.551767e-13,4.1996462e-11,1.8512305e-11,3.1275557e-14,1.6441508e-15,5.631909e-12
520000,463,346,0,-6.994743e-13,6.8172606e-11,2.0799119e-20,6.944393e-33,2.8600131e-09,4.7738553e-11
520000,404,498,0,-1.1902626e-12,8.826429e-11,8.6599385e-13,2.3021429e-17,1.8284008e-11,9.453786e-11
520000,105,467,0,-1.185745e-12,3.414234e-11,3.589635e-09,7.761014e-10,1.2209241e-09,1.358068e-10
520000,243,33,0,-6.661791e-13,4.951656e-11,1.6856332e-13,6.7458156e-19,2.8520678e-13,1.9298348e-10
520000,31,127,0,-9.797665e-13,4.6190315e-11,6.538002e-11,3.0868075e-12,9.985484e-13,2.5938163e-10
520000,98,42,0,-9.26319e-13,5.4250694e-11,4.1783952e-14,8.084796e-20,4.9953096e-16,7.088337e-11
520000,1,2,0,-4.864117e-14,1.5083646e-11,4.1107505e-14,7.021541e-21,5.2601444e-14,1.6439891e-10
520000,4,52,0,-9.945435e-13,6.151624e-11,3.9517443e-12,2.9514092e-15,3.924777e-15,2.7211264e-10
520000,230,44,0,-7.6072194e-13,1.6844944e-11,1.8626186e-11,2.2223634e-14,1.6315493e-16,3.5565576e-12
520000,463,349,0,-7.0466007e-13,5.1649778e-11,7.378341e-19,1.01291216e-29,1.5200806e-11,3.7462436e-11
520000,286,487,0,-5.6196253e-13,2.9897154e-11,6.89877e-19,1.7992036e-27,2.4365633e-16,2.9067157e-11
520000,8,41,0,-1.0468647e-12,1.00368096e-10,2.418121e-12,1.2116769e-16,2.1749972e-12,1.1206672e-10
520000,15,49,0,-1.4393716e-12,1.4959411e-10,3.5031744e-09,7.206705e-10,1.419292e-09,1.742125e-10
520000,481,106,0,-1.1158905e-12,7.549594e-11,4.254399e-12,1.6185032e-15,2.6379274e-12,2.1576295e-10
520000,445,115,0,-1.1474409e-12,7.946749e-11,3.1922258e-12,1.5744914e-16,1.1283622e-12,2.811608e-11
520000,162,51,0,-8.069494e-13,4.8580192e-11,8.706637e-14,1.2913338e-19,2.707717e-10,1.5377244e-10
520000,479,297,0,-8.649718e-13,1.1755634e-10,1.361731e-11,2.5958746e-14,6.4201105e-12,2.6358485e-10
520000,342,444,0,-6.272557e-13,3.8447096e-11,7.563366e-13,5.009983e-17,1.184318e-15,1.6640736e-10
520000,471,11,0,-1.3173388e-12,8.920979e-11,8.770867e-15,3.700894e-22,1.805092e-12,3.1036476e-10
520000,235,454,0,-4.472648e-13,1.744394e-11,6.3012534e-12,1.8928122e-15,2.34773e-18,1.3579601e-10
520000,25,271,0,-3.4818838e-13,7.008904e-12,2.9259195e-17,4.4532584e-25,2.33277e-22,5.309921e-11
520000,69,304,0,-2.7849817e-13,9.412914e-12,2.0134424e-13,4.310052e-19,1.2109268e-19,1.2186148e-10
520000,311,44,0,-6.085866e-13,3.044787e-11,3.786818e-16,5.508113e-25,9.42789e-21,9.268501e-11
520000,183,458,0,-8.0462573e-13,3.192266e-11,2.6851153e-14,5.188688e-21,3.6885026e-17,7.9889456e-11
520000,473,68,0,-1.3774303e-12,4.8988397e-11,5.5726986e-11,3.8273625e-12,5.3311804e-13,1.3922699e-10
520000,339,493,0,-2.8446706e-13,9.851535e-12,4.4440547e-16,1.1936964e-25,1.4099115e-19,2.8488797e-10
520000,110,489,0,-1.4819212e-12,8.193787e-11,5.4816946e-11,3.9260734e-12,5.615635e-13,9.515665e-11
520000,440,267,0,-4.7548424e-13,1.5199217e-11,1.8166132e-20,1.1692658e-33,1.793887e-19,1.505403e-10
520000,38,415,0,-8.0675305e-13,6.5310944e-11,3.4623204e-09,7.191878e-10,1.1738365e-09,1.00159686e-10
520000,3,492,0,-2.8703062e-12,2.0707852e-10,4.4226827e-12,6.76189e-16,2.739959e-12,1.6317106e-10
520000,460,155,0,-5.264659e-13,6.5218525e-11,4.0556937e-12,1.4357026e-15,3.224735e-11,4.1020635e-11
520000,250,447,0,-3.3390695e-13,6.3230705e-12,4.641782e-14,1.9174875e-20,4.614171e-21,9.080718e-11
