mcsteps,xCOM,yCOM,zCOM,il8,il1,il6,il10,tnf,tgf
870000,84,376,0,2.0941597e-09,4.5346563e-11,1.12771536e-14,1.8570898e-23,1.9422475e-16,1.8055135e-10
870000,432,181,0,2.096018e-09,3.151594e-11,2.058284e-12,4.655934e-16,2.5847862e-13,9.699698e-11
870000,409,105,0,2.0942577e-09,2.6109613e-11,8.90604e-18,2.1647833e-29,3.3312897e-10,1.0870218e-10
870000,247,394,0,2.094441e-09,6.115076e-11,6.034017e-14,5.1554125e-21,2.0521154e-10,1.1298518e-10
870000,132,141,0,2.0945805e-09,2.6508159e-11,1.2637745e-22,5.6131426e-38,1.1183648e-15,2.2663937e-10
870000,286,72,0,2.0944253e-09,2.9073991e-11,2.958019e-13,9.9167304e-20,3.3247514e-14,1.9402789e-10
870000,365,385,0,2.096609e-09,1.0332796e-11,3.0073651e-13,3.3385138e-18,2.1332477e-18,1.14062475e-10
870000,379,420,0,2.096533e-09,2.6199761e-11,5.255851e-13,9.046784e-19,2.961971e-14,1.2834954e-10
870000,426,219,0,2.1578288e-09,6.8555443e-12,3.3207087e-12,4.6943953e-16,1.2023933e-18,1.543384e-10
870000,444,225,0,2.156437e-09,2.0409308e-11,4.16815e-12,2.7493743e-15,2.4553586e-17,1.9167484e-10
870000,90,457,0,-1.2529677e-12,9.809444e-11,3.9420994e-15,5.185815e-23,8.7083514e-11,3.8685619e-10
870000,413,111,0,3.6596298e-10,3.0963437e-11,6.5735435e-14,4.8336485e-21,1.9242374e-09,7.961984e-11
870000,115,229,0,-3.9374225e-14,3.990353e-15,2.472832e-12,1.6742129e-16,2.9008358e-20,1.3842893e-10
870000,392,128,0,1.1573985e-11,2.2504975e-11,6.253224e-14,1.6051711e-20,5.4350528e-11,8.011081e-11
870000,375,208,0,-2.7851243e-13,1.42314095e-11,3.3826655e-13,1.2218049e-18,2.1510693e-14,2.7900213e-10
870000,351,258,0,-2.1273677e-13,1.5381717e-11,1.0357268e-24,5.900274e-39,3.4825634e-13,1.1899732e-11
870000,5,82,0,-1.1164632e-12,4.7774146e-11,3.3516773e-11,4.2829734e-13,3.2772576e-10,2.7946623e-10
870000,328,312,0,-1.5353991e-13,3.6078898e-12,1.5729612e-32,0.0,3.0442413e-24,1.1289088e-11
870000,236,36,0,-6.533946e-13,2.3021123e-11,1.8051663e-13,4.112003e-20,2.6310489e-15,3.6780629e-10
870000,322,180,0,-2.3661265e-13,1.478329e-11,1.6956093e-18,1.821528e-30,4.8471192e-17,2.050058e-11
870000,494,34,0,-1.4873631e-12,7.6699425e-11,5.062419e-12,8.6173575e-16,2.9337838e-11,4.767376e-10
870000,337,455,0,-5.1835245e-13,4.0887686e-11,1.2939531e-13,3.8816546e-20,7.386622e-12,2.857935e-10
870000,161,460,0,-4.4440577e-13,1.2260354e-11,3.35834e-11,1.007909e-12,6.5235706e-14,2.8520078e-10
870000,255,229,0,-4.159524e-15,7.3565494e-19,1.1157104e-34,0.0,0.0,4.7578417e-11
870000,183,253,0,-9.369885e-15,1.5075966e-17,7.794116e-15,5.1109736e-23,4.8552574e-30,6.155684e-11
870000,451,290,0,-4.550113e-13,1.7548744e-11,3.4279274e-13,2.9496007e-18,2.5180747e-12,1.5326695e-10
870000,166,348,0,-3.886546e-13,3.006001e-11,2.1552959e-15,3.9656105e-24,3.526714e-11,3.7877534e-11
870000,252,140,0,-1.5925168e-13,1.6604376e-12,3.4040932e-29,0.0,5.250956e-28,5.89346e-11
870000,218,9,0,-7.757428e-13,2.6202417e-11,2.2455685e-13,3.3429352e-19,1.936321e-12,1.721673e-10
870000,275,399,0,1.19937905e-11,5.0047032e-11,4.6655377e-11,1.6928312e-12,4.938191e-13,8.934214e-11
870000,191,252,0,-1.7558419e-14,9.738958e-16,1.4413311e-19,7.3293785e-33,1.18e-43,5.292828e-11
870000,275,84,0,9.281494e-11,2.9942483e-11,5.047428e-12,2.0550843e-16,3.526714e-11,5.8205288e-11
870000,53,189,0,-4.0609852e-13,5.3964966e-12,3.6612926e-12,5.789136e-16,1.3704942e-19,3.290679e-10
870000,194,331,0,-1.6888032e-13,5.8216205e-12,2.1703719e-31,0.0,4.4600813e-19,1.3119226e-11
870000,303,73,0,8.297948e-11,3.3815607e-11,3.391651e-14,5.043519e-22,2.8819493e-14,2.658694e-10
870000,448,199,0,5.35837e-11,4.2695198e-11,3.6282848e-11,5.673134e-12,3.3753203e-10,8.023979e-11
870000,257,5,0,-5.1984784e-13,1.932254e-11,1.0886452e-11,1.05333434e-14,3.999863e-17,3.836437e-10
870000,232,88,0,-5.0384203e-13,1.919386e-11,1.4735115e-12,2.2130198e-17,2.714207e-17,1.9003468e-10
870000,103,147,0,9.346776e-12,5.0922645e-11,1.974428e-17,3.1149704e-27,3.0096767e-10,8.561835e-11
870000,242,279,0,-1.0257351e-14,4.9968187e-17,3.093142e-22,1.5971862e-37,0.0,1.7054514e-12
870000,400,16,0,-6.4385514e-13,2.4760754e-11,2.000533e-12,3.3520095e-17,2.3147846e-16,4.301416e-10
870000,328,222,0,-1.00018016e-13,1.207954e-12,2.433975e-18,1.2398976e-31,1.3124926e-28,2.3440382e-11
870000,23,456,0,-1.5962657e-12,8.7731926e-11,9.498148e-11,1.2294088e-12,2.011682e-13,8.206909e-10
870000,37,251,0,-1.5735941e-13,2.2594572e-12,4.177511e-16,5.9152806e-24,9.7909465e-26,2.1284886e-10
870000,150,346,0,-5.084104e-13,2.9370742e-11,4.9957305e-20,6.7110016e-36,1.5613663e-17,9.6995835e-11
870000,214,372,0,1.2137433e-12,3.7683807e-13,1.3492966e-14,8.035688e-23,6.757779e-30,2.0012034e-10
870000,466,15,0,-1.159483e-12,6.268713e-11,3.5939716e-14,5.1211234e-22,1.8245347e-12,3.7992304e-10
870000,80,361,0,1.0464193e-10,2.5936444e-11,3.215251e-14,3.0235267e-21,6.573618e-17,2.3754443e-10
870000,261,157,0,-3.3749703e-14,1.1686176e-16,3.5426912e-31,0.0,0.0,3.4527945e-12
870000,9,383,0,-1.167368e-12,4.6869092e-11,2.1197328e-14,7.8699066e-22,3.5070605e-15,4.2162432e-10
870000,123,88,0,-5.87998e-13,6.558259e-11,1.9277737e-11,3.8368064e-13,3.6516317e-13,1.3213011e-10
870000,64,414,0,-2.1341272e-13,3.8692757e-11,3.096036e-13,1.0965842e-18,3.4586405e-15,4.67741e-10
870000,73,364,0,9.292317e-11,3.639573e-11,1.1742072e-11,4.704225e-14,5.318486e-12,1.0881041e-10
870000,259,110,0,-1.2090871e-13,2.7194043e-12,1.0309846e-14,2.431545e-22,1.5688026e-26,1.084618e-10
870000,303,301,0,-1.9393332e-13,7.1522207e-12,2.2320882e-20,1.1552653e-35,7.94187e-20,5.2098976e-12
870000,65,80,0,-5.3278107e-13,1.4369372e-11,7.398758e-12,3.862128e-15,5.0842507e-18,3.4804315e-10
870000,243,165,0,-3.4388894e-14,1.2566466e-13,4.781994e-29,0.0,2.7479525e-38,2.1888531e-11
870000,368,5,0,-5.928311e-13,1.8968301e-11,3.3545027e-12,9.276848e-16,3.964212e-15,5.2871585e-10
870000,315,133,0,-4.123706e-13,3.8128663e-11,8.0339916e-14,7.9807226e-21,9.680927e-16,1.2710151e-11
870000,103,495,0,-1.1136078e-12,5.5837123e-11,6.501333e-12,2.1170752e-15,8.3013184e-15,2.714677e-10
870000,342,158,0,-3.1794993e-13,1.4330116e-11,3.322605e-16,3.0344182e-26,4.8709675e-17,1.305604e-10
870000,36,281,0,-2.015281e-13,1.1487369e-12,1.1989573e-14,4.1847004e-23,4.8718136e-30,1.09657554e-10
870000,164,119,0,1.2897113e-12,5.074155e-12,1.3377761e-18,1.6703462e-31,1.4168381e-25,4.6622654e-11
870000,317,180,0,-2.1839231e-13,2.1387524e-11,5.3504096e-22,1.4324683e-37,2.409727e-13,5.4618695e-11
870000,52,19,0,-1.0566285e-12,2.6924022e-11,6.6717546e-14,2.2335411e-21,2.7439116e-17,4.5395954e-10
870000,246,73,0,6.743749e-13,3.6591525e-11,2.548518e-13,4.2415976e-19,6.6867665e-13,2.9781852e-10
870000,226,94,0,-5.725757e-13,3.451252e-11,1.7568383e-17,2.50787e-30,3.7782692e-13,2.7579833e-10
870000,46,349,0,-2.3293653e-13,2.7608695e-11,2.3944981e-11,1.2890236e-12,5.2092657e-12,2.0674543e-10
870000,296,348,0,-8.9064396e-14,7.416086e-13,2.855061e-16,1.4549877e-25,3.2701756e-28,9.87568e-11
870000,85,150,0,-3.9073584e-13,2.1848334e-11,3.1087994e-19,1.864754e-32,3.3132633e-18,5.5455196e-10
870000,241,22,0,-6.170547e-13,3.0741788e-11,3.131872e-11,2.0765104e-12,4.3849145e-13,2.2380357e-10
870000,281,100,0,1.1890332e-11,3.352199e-11,1.5751953e-15,1.2785627e-23,2.442903e-13,6.709892e-11
870000,484,308,0,-1.3586429e-12,4.6906076e-11,1.8062173e-10,2.2453117e-10,8.154819e-10,5.174371e-10
870000,171,451,0,-5.2534734e-13,2.7727447e-11,6.7996607e-14,1.2664408e-20,5.883913e-12,1.6745885e-10
870000,448,326,0,-4.788534e-13,2.9811913e-11,5.922957e-18,5.2918146e-32,2.0626155e-14,2.4188435e-10
870000,162,55,0,-6.132683e-13,5.0181487e-11,3.2065464e-12,1.0320016e-15,1.0828402e-13,3.911234e-10
870000,180,51,0,-5.5091364e-13,3.0714795e-11,1.6456194e-11,3.2496578e-13,6.0315705e-14,3.598258e-11
870000,360,278,0,-1.6977598e-13,1.0013059e-11,1.4721221e-35,0.0,9.523399e-17,1.8638521e-11
870000,384,416,0,4.1840084e-10,2.9328536e-11,4.6626928e-14,5.2608723e-21,4.2016286e-12,1.4619984e-10
870000,338,321,0,-2.0495487e-13,8.039332e-12,3.085149e-29,0.0,3.4798453e-17,4.4596393e-11
870000,235,128,0,-4.6280135e-13,1.2308835e-11,1.6900684e-21,1.496151e-39,2.6816635e-13,3.95582e-11
870000,243,390,0,4.6910215e-10,1.4542711e-11,1.2801796e-14,9.1727004e-23,2.718429e-19,3.4375622e-10
870000,329,477,0,-4.253304e-13,3.046903e-11,1.8442008e-11,3.172103e-13,5.2663473e-12,1.295939e-09
870000,25,324,0,-6.1822113e-13,3.411499e-11,6.5928256e-11,2.6349253e-12,1.0986834e-11,2.7738237e-10
870000,64,313,0,-3.5433855e-13,1.3883529e-11,2.434165e-11,1.5606917e-13,2.812259e-15,5.4789142e-11
870000,388,178,0,-4.8030607e-14,3.272776e-11,1.6472155e-17,7.1030546e-30,3.3856672e-12,6.054197e-11
870000,60,75,0,-5.5483217e-13,7.322979e-12,2.5875658e-12,2.09285e-16,1.3516146e-18,2.4068814e-10
870000,446,405,0,-1.11275e-12,5.1117627e-11,1.0519448e-12,1.536148e-17,4.1097622e-14,4.934646e-10
870000,351,275,0,-2.5836535e-13,1.17045314e-11,7.383437e-24,2.164552e-37,1.8527315e-15,5.0916927e-11
870000,57,422,0,-9.683822e-13,5.726152e-11,2.5072609e-11,1.1383467e-12,5.5252403e-11,3.3893194e-10
870000,289,223,0,-9.020756e-15,1.6448277e-16,1.07102745e-19,1.0104293e-33,4e-45,1.4071734e-12
870000,342,419,0,3.045701e-12,2.978374e-12,1.6756382e-21,2.5133112e-38,2.263447e-25,1.5277707e-10
870000,138,13,0,-7.7709855e-13,2.8294917e-11,1.9890445e-15,7.7602756e-24,3.3913408e-10,8.524346e-10
870000,412,247,0,8.3847035e-12,2.1535254e-11,1.4958484e-11,4.800827e-14,2.9613921e-15,1.1218719e-10
870000,78,310,0,-2.6845263e-13,4.582937e-12,1.210061e-14,3.839926e-23,2.8730068e-25,2.8432273e-10
870000,202,493,0,-6.705736e-13,3.9484693e-11,4.7006947e-14,1.2424857e-20,2.708718e-11,3.627752e-10
870000,467,259,0,4.036329e-13,2.4453793e-11,3.528481e-13,2.9524896e-19,1.9364888e-16,3.8872164e-10
870000,156,86,0,-3.65431e-13,1.5690338e-11,3.4540556e-12,4.501599e-16,2.3978647e-15,2.6531227e-10
870000,105,460,0,-1.046808e-12,3.0180327e-11,1.2902945e-11,7.757506e-15,3.6558908e-15,2.0740919e-10
870000,472,72,0,-1.278938e-12,5.654667e-11,2.5084525e-11,1.9453846e-12,4.774666e-13,4.2922935e-10
870000,458,25,0,-1.1355853e-12,5.776993e-11,3.704477e-12,4.7406687e-16,3.698814e-10,2.0269986e-10
870000,126,81,0,-5.626979e-13,1.0730596e-11,1.4824206e-11,2.0158003e-13,4.899065e-15,1.00415794e-10
870000,267,21,0,-4.4023883e-13,4.595932e-12,8.413548e-12,1.01058984e-14,1.9262689e-17,6.920015e-10
870000,181,286,0,-8.930461e-14,7.322702e-13,3.6230407e-18,1.9705116e-30,2.2563781e-27,3.576496e-11
870000,189,453,0,-6.775232e-13,3.3632624e-11,5.4050416e-13,1.677607e-17,1.5654921e-12,7.562581e-11
870000,335,118,0,-4.0956778e-13,2.2005682e-11,4.398635e-11,5.6918025e-12,6.44897e-11,5.067132e-10
870000,377,276,0,-1.8296294e-13,8.4293347e-13,5.6946096e-38,0.0,7.9876075e-32,1.1224345e-10
870000,276,318,0,-1.8205756e-13,1.2689324e-11,1.5731592e-14,3.7377978e-21,1.9596099e-21,4.090006e-11
870000,243,315,0,-3.357439e-14,2.5060203e-13,1.18470295e-32,0.0,1.5693174e-35,2.2820263e-12
870000,134,179,0,1.6277732e-12,9.197146e-12,5.1364967e-13,5.023166e-18,1.0347117e-16,5.6289452e-11
870000,377,103,0,5.99375e-12,1.2481703e-11,1.7437146e-14,2.5508384e-22,1.5152275e-12,1.2293729e-10
870000,275,292,0,-2.5276786e-14,1.7331947e-16,5.3563647e-17,1.0062767e-26,2.1000927e-34,2.94785e-11
870000,141,190,0,-6.380995e-15,5.699671e-12,1.1135195e-17,1.380968e-30,9.7811355e-17,4.567262e-11
870000,288,184,0,-5.966319e-14,7.1119772e-12,9.1716673e-23,4.66481e-40,1.2405675e-18,1.7770372e-13
870000,36,153,0,-8.278942e-13,3.1092587e-11,9.910572e-13,8.829285e-18,1.2524097e-14,2.4712113e-10
870000,17,179,0,-5.6240673e-13,2.6074977e-11,1.5959445e-13,4.4148594e-19,2.2864904e-11,4.3927825e-10
870000,319,176,0,-2.514061e-13,1.0946732e-11,1.4775653e-20,1.1108906e-34,2.4561836e-19,3.414299e-11
870000,209,60,0,-7.294375e-13,3.9947497e-11,6.642114e-15,9.721648e-23,3.420747e-15,2.1784242e-10
870000,271,367,0,2.5883104e-12,7.6733227e-13,2.4721807e-13,7.667904e-19,1.2187894e-23,6.4694056e-11
870000,105,283,0,-1.7171549e-13,4.612397e-12,8.809365e-12,4.673592e-14,9.449088e-16,2.5406033e-10
870000,108,439,0,-8.534243e-13,4.5547042e-11,2.4478102e-11,1.3092338e-12,1.9881266e-13,1.9638116e-10
870000,233,411,0,3.7128065e-11,3.2690534e-11,8.54287e-12,1.7960195e-14,6.4001703e-12,2.6206115e-10
870000,64,127,0,-8.621229e-13,6.4294334e-11,1.9024659e-11,4.0547847e-13,1.7152254e-12,3.7753542e-10
870000,472,89,0,-1.2546688e-12,7.6309035e-11,3.463184e-11,1.6257648e-12,1.8690243e-09,2.1175053e-10
870000,361,100,0,-3.1784074e-14,2.0259996e-12,1.3790308e-16,6.6786835e-28,8.768008e-24,1.0496098e-10
870000,337,343,0,-1.4111573e-13,7.451878e-12,1.860487e-30,0.0,5.3541607e-19,8.6717696e-11
870000,73,60,0,-5.8748313e-13,1.09505365e-11,9.671778e-13,3.0984492e-17,2.3692364e-20,1.6347282e-10
870000,82,397,0,4.3124605e-11,3.614865e-11,4.473366e-15,1.7832483e-22,6.379604e-12,4.7266246e-10
870000,207,65,0,-6.91736e-13,3.504294e-11,5.1992468e-14,1.3928725e-19,3.4129838e-10,2.0837196e-10
870000,284,131,0,-3.210675e-13,1.32030385e-11,1.2668006e-12,3.9825342e-17,1.2719763e-18,4.1282904e-11
870000,464,300,0,-4.9673064e-13,1.2103195e-11,5.229568e-14,3.714365e-21,8.454991e-17,1.7346209e-10
870000,303,420,0,-9.750601e-14,1.140073e-13,2.54825e-12,3.1931885e-16,6.915475e-20,2.1980928e-10
870000,469,215,0,1.651964e-11,1.9448323e-11,1.6972544e-12,1.2448599e-17,4.7936937e-13,1.9247298e-10
870000,446,267,0,3.2618133e-13,3.93415e-11,1.6016377e-14,5.955163e-22,3.261261e-10,1.8213385e-10
870000,334,134,0,-3.5635844e-13,1.2262619e-11,1.6102569e-14,8.317269e-23,3.003234e-14,4.8562553e-11
870000,136,489,0,-7.0030505e-13,1.8511068e-11,2.493457e-12,4.4484513e-16,5.6011184e-15,5.4749694e-10
870000,235,315,0,-6.815502e-14,3.1755902e-12,1.2156565e-37,0.0,1.0520107e-22,2.3959903e-13
870000,121,423,0,-5.923621e-13,5.4324618e-11,1.1556017e-12,2.6666606e-17,1.1838728e-11,1.288452e-10
870000,283,193,0,-5.2447094e-14,6.0564276e-13,7.0058513e-16,4.909169e-24,6.393422e-30,3.449774e-15
870000,381,480,0,-6.55926e-13,2.6144704e-11,2.5897963e-13,6.446213e-19,5.2270648e-17,4.330821e-10
870000,401,381,0,2.4950066e-12,2.7640805e-11,1.1987951e-12,4.2994787e-17,1.3896351e-16,4.823304e-10
870000,75,160,0,-4.3040625e-13,3.0462638e-12,2.49459e-17,5.705396e-30,5.762211e-26,3.534499e-10
870000,486,288,0,-6.026038e-13,1.4858632e-11,2.6797986e-11,3.9638383e-13,1.0284617e-14,3.9207435e-10
870000,454,123,0,-9.072916e-13,4.1219986e-11,6.0995333e-13,1.9934965e-17,4.4988244e-14,2.1581917e-10
870000,341,451,0,-3.9275684e-13,3.2743672e-11,2.421218e-13,1.2184056e-19,4.634588e-13,2.924683e-10
870000,272,106,0,2.0282348e-12,2.4354609e-11,2.7222152e-12,6.3032227e-16,2.7047882e-12,1.4506491e-11
870000,373,51,0,-9.110201e-13,3.352741e-11,1.3525815e-13,2.84335e-20,1.3022753e-15,2.3729008e-10
870000,359,453,0,1.1624844e-12,2.2969281e-11,1.6669633e-12,4.6240118e-17,1.4979127e-15,1.8840857e-10
870000,348,214,0,-2.5886793e-13,5.323994e-12,1.2047477e-11,6.1180295e-14,4.457632e-16,8.325104e-12
870000,132,220,0,-2.5693592e-14,4.7012107e-16,2.8812137e-15,1.4120911e-24,1.2472067e-32,7.4823085e-11
870000,303,261,0,-1.497821e-13,4.241165e-12,3.189656e-11,4.795141e-13,1.8513785e-14,6.24411e-13
870000,154,68,0,-5.564225e-13,3.132088e-11,1.11081574e-13,2.9021703e-20,1.8114922e-15,1.656623e-10
870000,428,426,0,-1.2057347e-12,8.971245e-11,3.5423734e-12,7.913306e-17,6.156502e-13,3.7671344e-10
870000,78,282,0,-1.8279088e-13,1.9811234e-12,5.9763155e-14,1.0606751e-21,2.6945927e-24,1.6179452e-10
870000,238,309,0,-3.929398e-14,1.5565243e-13,1.1250997e-31,0.0,2.5929459e-37,1.5280917e-14
870000,185,262,0,-8.799902e-15,3.363687e-16,1.3462079e-19,4.4976308e-35,0.0,3.1467686e-11
870000,374,137,0,-6.722693e-14,1.0750247e-11,8.675016e-18,2.4892165e-30,2.8062784e-13,2.783558e-10
870000,201,217,0,-6.112764e-14,8.03521e-12,1.2773695e-20,3.3205398e-36,1.1275756e-15,9.6422224e-11
870000,227,422,0,3.5627668e-12,5.2731335e-12,9.0698395e-12,1.1421678e-14,1.211277e-16,1.4109151e-10
870000,196,189,0,-9.893709e-14,1.1898145e-11,5.44235e-18,2.7081562e-30,3.1584848e-13,4.071487e-10
870000,398,370,0,2.12162e-12,6.730939e-11,3.092544e-11,6.2478007e-13,7.2251496e-11,1.6678547e-10
870000,434,330,0,-4.253468e-13,1.3311853e-11,1.722171e-17,4.4850774e-30,4.467433e-20,1.1999003e-10
870000,329,346,0,-1.1038291e-13,3.9143314e-13,3.6523775e-27,0.0,1.14451594e-35,1.1123857e-10
870000,174,72,0,-4.2992985e-13,1.92329e-11,6.7868515e-16,5.921354e-24,4.7881013e-13,1.362929e-10
870000,346,106,0,-3.3651543e-13,2.176389e-11,8.96467e-15,8.728346e-24,2.8906497e-14,8.752781e-11
870000,467,361,0,-8.0695634e-13,2.82349e-11,2.3527773e-14,3.6253836e-21,7.49337e-17,1.822769e-10
870000,207,452,0,-4.936231e-13,9.922094e-12,1.6856219e-12,5.4056908e-17,2.628273e-15,1.2683153e-10
870000,454,157,0,4.876383e-12,3.45008e-11,3.0921622e-13,2.8422898e-19,2.9859812e-10,1.4424614e-10
870000,138,452,0,-4.2981303e-13,2.4545659e-11,3.9347678e-13,2.2066124e-18,4.091117e-13,1.292282e-10
870000,288,211,0,-2.62637e-14,1.7506709e-13,1.0009796e-12,8.285533e-18,2.9276352e-22,3.0281028e-11
870000,122,121,0,3.529279e-11,2.7655796e-12,1.9743375e-17,3.1149704e-27,9.56305e-25,3.9810877e-11
870000,304,183,0,-1.0763078e-13,7.927855e-13,2.9966593e-17,7.126336e-27,3.192128e-28,6.457237e-11
870000,193,151,0,-3.1106384e-13,2.1678158e-11,1.16774015e-23,2.1e-44,8.6837055e-15,3.7858997e-11
870000,157,174,0,6.717603e-13,2.5624765e-12,4.8988168e-11,2.6342033e-13,4.6313123e-15,9.455891e-11
870000,301,30,0,-3.349327e-13,4.7102083e-11,6.829493e-12,1.212797e-14,1.728406e-09,3.5967496e-10
870000,272,219,0,-2.0195305e-14,6.4625754e-14,2.5239374e-19,6.9873327e-34,1.0208096e-37,2.2812634e-15
870000,368,336,0,-3.2252038e-13,1.987103e-11,8.229676e-12,3.413545e-14,2.8010093e-16,1.8793728e-10
870000,393,27,0,-7.269039e-13,3.4395698e-11,2.9520695e-11,1.6551494e-12,1.9555093e-12,2.6698216e-10
870000,50,243,0,-1.03331975e-13,5.4428853e-12,7.7107744e-16,4.378785e-26,1.0496096e-18,2.9474026e-10
870000,136,67,0,-6.4272334e-13,2.693132e-11,1.2958155e-13,8.109561e-20,5.435052e-11,2.6596683e-10
870000,128,98,0,1.0417259e-13,3.0815003e-11,8.0146106e-13,6.0834527e-18,1.8279109e-12,2.6782826e-10
870000,166,126,0,1.8872226e-12,2.8508222e-11,2.954347e-14,3.3692167e-21,1.0490857e-14,9.393633e-11
870000,332,230,0,-1.525181e-13,2.8947667e-12,1.1232297e-15,5.2083654e-26,2.6826383e-24,8.4280014e-11
870000,17,78,0,-1.1277907e-12,3.582632e-11,2.7395907e-12,4.5652503e-16,5.770665e-17,6.223168e-10
870000,418,157,0,1.30795375e-11,1.6467794e-11,1.3957407e-12,1.0652696e-16,1.5683653e-19,1.2529362e-10
870000,305,365,0,-1.2869506e-13,2.127336e-12,2.533433e-13,1.2311727e-19,7.322592e-25,1.0543584e-10
870000,101,67,0,-5.887631e-13,2.6497726e-11,5.466523e-12,6.896987e-16,2.9234458e-16,2.974701e-10
870000,350,231,0,-3.2235545e-13,2.3135497e-11,1.3714987e-16,1.8172846e-27,1.5788277e-16,3.0052123e-09
870000,368,331,0,-4.501206e-13,4.0770127e-11,3.969458e-11,3.1643493e-11,9.509807e-11,3.0257654e-09
870000,280,180,0,-5.4801578e-14,1.0450255e-11,3.9859493e-24,3.2e-44,4.5708415e-14,7.597344e-16
870000,268,373,0,9.550181e-12,3.3173154e-12,2.3535458e-11,1.2476297e-12,1.0579215e-13,4.1397687e-11
870000,139,26,0,-9.366557e-13,6.5695165e-11,2.0427654e-11,6.045496e-14,3.38649e-10,3.8838385e-10
870000,365,453,0,2.4644015e-12,2.2337404e-11,8.213839e-12,2.701668e-14,1.1993824e-14,2.2118637e-10
870000,243,232,0,-5.414278e-15,1.5692394e-17,2.172e-41,0.0,0.0,2.8134888e-12
870000,398,57,0,-6.0984583e-13,3.6624474e-11,6.2562564e-12,1.982266e-15,2.794377e-11,1.662393e-10
870000,323,286,0,-4.6723264e-13,4.6800157e-11,1.8464227e-25,5.93e-43,1.7824901e-11,5.0333744e-11
870000,223,56,0,-8.243275e-13,6.16087e-11,4.144503e-12,3.9581643e-16,7.4300704e-12,1.07005294e-10
870000,179,440,0,-5.8871224e-13,3.233027e-11,8.651579e-13,1.0681678e-17,3.4825715e-13,1.067714e-10
870000,463,55,0,-1.0635295e-12,3.555686e-11,4.9438773e-11,1.0753151e-11,6.8323515e-12,3.3990077e-10
870000,491,142,0,-7.659209e-13,4.178158e-11,5.603847e-12,3.9974725e-15,6.235061e-12,2.9681219e-10
870000,190,480,0,-7.4350796e-13,4.372445e-11,4.3616385e-13,6.30655e-18,3.55105e-12,1.8518415e-10
870000,393,471,0,-6.441452e-13,3.013286e-11,1.9066738e-11,1.8442497e-13,4.31751e-15,2.3927718e-10
870000,118,162,0,2.1290303e-11,2.1366398e-11,2.0127333e-17,3.1149714e-27,8.267488e-20,6.551351e-11
870000,62,156,0,-6.3822813e-13,2.8318866e-11,1.2710316e-13,2.0441492e-20,6.719451e-12,3.5667607e-09
870000,144,39,0,-8.7294305e-13,3.8196755e-11,1.7466908e-11,1.4969566e-13,2.1929256e-09,3.2349539e-09
870000,172,8,0,-6.807522e-13,2.3314004e-11,7.1116196e-11,1.8328928e-12,6.585326e-13,3.2638807e-09
870000,474,150,0,-6.0500053e-13,3.1768716e-11,4.845763e-12,1.1535228e-15,1.3537473e-15,3.093504e-09
870000,299,184,0,-7.741631e-14,1.0700466e-13,2.0645487e-17,1.00954e-28,7.1864513e-37,3.0885816e-09
870000,59,269,0,-1.13385585e-13,3.6152103e-13,2.4944033e-12,3.301413e-17,1.3941892e-21,3.199913e-09
870000,55,217,0,-1.12521025e-11,2.2795075e-09,3.4446344e-13,4.597918e-18,4.1188084e-09,4.0462686e-10
870000,139,194,0,-5.661334e-14,4.2251315e-12,7.50567e-15,1.21633524e-23,2.4698124e-19,7.0265835e-11
870000,394,182,0,1.4990184e-12,1.2452117e-11,5.0159865e-13,1.1652162e-18,2.2501111e-20,4.9429946e-11
870000,120,169,0,8.010936e-12,3.3026783e-11,6.9335025e-16,5.988147e-26,1.6446527e-14,9.03176e-10
870000,175,285,0,-8.462261e-14,3.4188377e-13,1.6956093e-18,1.821528e-30,5.7190344e-31,6.294811e-11
870000,341,353,0,8.661366e-13,3.0839064e-11,2.4574837e-22,3.92254e-40,1.016138e-14,4.270671e-11
870000,52,201,0,-4.043034e-13,2.980365e-11,3.761509e-11,1.7414473e-12,5.073596e-12,1.8080655e-10
870000,249,289,0,-1.818856e-15,6.0751993e-22,3.0410312e-12,7.365381e-16,1.5966052e-18,1.1785398e-10
870000,223,361,0,9.323939e-13,6.281106e-12,1.5404178e-11,4.1657036e-14,3.4720908e-15,7.334062e-11
870000,312,378,0,-2.0913227e-13,1.9532428e-11,4.402841e-14,1.0164908e-20,1.5043624e-14,1.5394931e-10
870000,470,184,0,1.2887694e-12,3.5489705e-11,3.542823e-11,7.678213e-13,4.266715e-14,2.7596522e-10
870000,323,382,0,4.164087e-13,1.00350535e-11,1.321889e-18,2.4960515e-32,1.5068296e-17,5.820995e-11
870000,337,295,0,-2.9452694e-13,2.0027719e-11,1.223576e-39,0.0,3.2602548e-10,1.4320096e-11
870000,228,2,0,-6.1709394e-13,1.0206613e-11,7.338699e-19,3.2861985e-32,4.062589e-17,2.074918e-10
870000,475,28,0,-1.2624174e-12,5.263397e-11,5.771575e-12,2.8911733e-15,5.414899e-13,3.2501568e-09
870000,479,73,0,-1.2844552e-12,5.336994e-11,4.9390704e-12,2.755615e-15,1.5692267e-12,3.3890226e-09
870000,20,484,0,-1.7756393e-12,5.6808887e-11,2.7381953e-11,2.1464267e-12,1.2451247e-12,3.3509164e-09
870000,221,405,0,1.24708854e-11,1.7706161e-11,2.5973076e-11,2.21035e-12,5.26788e-13,3.1656744e-09
870000,415,429,0,1.0682785e-12,5.530524e-11,1.3531288e-12,2.2662772e-17,3.3788722e-11,3.2807512e-09
870000,363,437,0,2.9812604e-11,1.6213027e-11,4.10051e-11,2.6238128e-12,5.98233e-13,3.1449796e-09
870000,311,221,0,-2.463643e-14,1.9596937e-16,7.632009e-21,4.966778e-38,0.0,2.9890992e-09
870000,15,458,0,-1.601434e-12,7.471173e-11,3.806361e-11,4.8720587e-13,3.6273736e-12,3.4865788e-09
870000,458,378,0,-1.1374374e-12,4.1351898e-11,4.0593123e-11,8.345124e-13,8.039253e-14,3.4323229e-09
870000,195,476,0,-7.53822e-13,4.933902e-11,1.4836854e-15,1.7983185e-24,2.629108e-11,3.5253587e-09
870000,66,303,0,-2.793385e-13,1.4651903e-11,3.4126404e-12,1.2885853e-15,1.0820679e-13,3.2969343e-09
870000,319,2,0,-4.575269e-13,4.661634e-12,2.0285561e-11,1.2891645e-13,2.2701006e-15,3.1363423e-09
870000,455,122,0,-9.234658e-13,3.8753636e-11,1.5101504e-12,1.3601896e-16,2.2607928e-14,3.1618157e-09
870000,80,278,0,-2.0620639e-13,2.9039605e-12,1.9740222e-13,1.3396441e-19,1.5904678e-24,3.101924e-09
870000,385,464,0,-1.3729496e-13,2.4218388e-11,1.2180424e-11,6.372103e-14,6.2977054e-11,3.0926182e-09
870000,22,235,0,-2.7787034e-13,4.4215933e-12,2.7379835e-11,2.2495493e-12,5.5772504e-13,3.5443972e-09
870000,196,486,0,-7.287147e-13,2.8963538e-11,9.739202e-13,2.4026869e-17,1.4893137e-17,3.2343235e-09
870000,308,167,0,-2.1576007e-13,3.2960058e-12,1.6597882e-30,0.0,9.836401e-24,3.1026153e-09
870000,188,9,0,-1.1650003e-12,8.074719e-11,4.2212614e-12,1.190109e-16,3.3665729e-10,3.1655194e-09
870000,390,207,0,1.82556e-12,4.0375355e-12,1.6294093e-11,3.4050865e-13,2.2759647e-14,3.008622e-09
870000,202,471,0,-6.961471e-13,3.0940542e-11,3.559593e-13,3.603017e-19,1.7250463e-14,3.2592022e-09
870000,375,179,0,-4.3848332e-13,2.1906279e-11,2.6605746e-20,2.6347284e-29,6.944719e-18,3.1872207e-09
870000,58,67,0,-5.8505474e-13,6.8003884e-12,4.7135137e-14,1.3131206e-21,2.712607e-23,3.3013028e-09
870000,90,369,0,2.6924282e-10,2.7262517e-11,1.7225798e-16,7.315845e-27,8.188305e-14,3.1114304e-09
870000,249,292,0,-2.4387463e-15,8.338126e-21,1.7912732e-12,1.09176406e-16,6.929768e-20,3.041787e-09
870000,49,416,0,-1.0064151e-12,8.092281e-11,3.2729507e-12,8.0641523e-16,5.7287035e-12,3.215117e-09
870000,204,402,0,-1.104455e-11,2.344808e-09,5.371281e-14,1.3809607e-20,4.1188346e-09,3.5194458e-10
870000,309,167,0,-2.2478386e-13,4.917113e-12,1.8149883e-30,0.0,5.502281e-22,3.9131492e-10
870000,115,363,0,3.9701385e-12,3.7452354e-11,7.347668e-16,4.3396905e-25,8.2162254e-12,5.3063543e-11
870000,377,356,0,6.672963e-12,1.5394687e-11,1.6834797e-14,3.8468914e-22,8.849611e-14,7.1431555e-11
870000,268,187,0,-3.0015314e-14,2.3449057e-14,2.870633e-14,1.0851463e-21,3.7621792e-28,2.9563556e-11
870000,91,448,0,-1.1332502e-12,5.3989615e-11,4.699664e-15,7.806944e-24,7.1323595e-13,3.1436706e-10
870000,374,363,0,2.763358e-11,1.8530037e-11,3.7113725e-17,2.7222502e-29,1.2761496e-18,2.1460457e-11
870000,82,496,0,-1.1077321e-12,5.5862037e-11,3.5092944e-13,4.2525537e-18,9.890054e-15,2.691692e-10
870000,116,276,0,-1.8771802e-13,2.0201187e-12,1.1957556e-17,8.345443e-31,4.5627214e-24,5.6099075e-10
870000,125,231,0,-3.6199617e-14,4.833389e-16,4.105335e-11,8.4986494e-13,3.6896948e-14,6.22609e-11
870000,76,12,0,-1.2282938e-12,7.617907e-11,6.9126853e-14,8.46741e-19,3.4807372e-11,4.691971e-10
870000,316,114,0,-3.2390814e-13,1.5445306e-11,3.644455e-16,3.3265853e-25,2.1018314e-18,6.202318e-11
870000,394,60,0,-5.120278e-13,4.2103883e-11,5.007067e-11,1.0657098e-11,9.7785755e-12,2.1243342e-10
870000,376,23,0,-7.6380216e-13,2.5593215e-11,5.891453e-14,1.0505039e-20,1.2737782e-16,5.3516636e-10
870000,126,192,0,-7.8894505e-14,1.9334508e-12,5.4344263e-12,6.0114466e-15,5.3068503e-17,3.1138048e-09
870000,17,409,0,-7.825147e-13,1.9774597e-11,1.4720858e-11,9.401285e-14,3.0353722e-15,3.533594e-09
870000,102,130,0,5.8710775e-12,2.828204e-11,5.2250944e-18,6.5873695e-30,3.0291684e-14,3.1635543e-09
870000,301,51,0,1.9083327e-11,3.120964e-11,3.0158025e-11,1.0224754e-12,3.4977853e-13,3.1051108e-09
870000,488,114,0,-1.0065391e-12,6.2655645e-11,4.92702e-11,1.03690554e-11,4.6333482e-11,3.188498e-09
870000,447,65,0,-9.661125e-13,4.2137693e-11,5.3252524e-12,1.0557784e-15,2.8262398e-11,3.333508e-09
870000,123,458,0,-7.0745455e-13,3.0048634e-11,3.0644267e-13,8.2097e-19,9.227439e-15,3.5868366e-09
870000,49,314,0,-8.2564435e-13,4.4681713e-11,6.290195e-14,5.0311435e-20,1.8571376e-16,3.0769454e-09
870000,250,39,0,-5.029764e-13,1.855926e-11,7.996196e-12,2.0819999e-14,2.8901058e-16,3.1897764e-09
870000,87,429,0,-9.379112e-13,5.2093982e-11,6.5450846e-13,1.6255664e-17,2.9356476e-13,3.6627958e-09
870000,68,44,0,-9.61095e-13,4.01632e-11,1.746644e-12,8.4651626e-17,8.0191627e-16,3.2818475e-09
870000,404,131,0,1.7020219e-11,1.3532624e-11,1.2323883e-15,1.840981e-24,4.8792993e-21,3.087086e-09
870000,461,353,0,-6.6466787e-13,2.4406208e-11,7.7115387e-13,4.793793e-18,3.299633e-15,3.4001997e-09
870000,234,478,0,-4.920365e-13,2.8133473e-11,5.2364553e-18,2.4784758e-31,3.391576e-10,3.518442e-09
870000,453,374,0,-9.406155e-13,4.1137146e-11,1.1007698e-11,1.0106542e-14,3.3412742e-13,3.7227352e-09
870000,343,142,0,-3.516441e-13,1.6680634e-11,1.3762807e-18,4.5463765e-33,4.824151e-18,3.065654e-09
870000,25,466,0,-1.6207777e-12,4.9926403e-11,4.349713e-13,7.5009415e-19,1.4084761e-14,3.3817638e-09
870000,413,54,0,-6.801558e-13,4.928599e-11,4.570964e-11,5.7152573e-12,2.0719646e-12,3.2261258e-09
870000,386,86,0,9.04719e-12,2.0958454e-11,3.307423e-13,1.4606985e-18,2.643345e-14,3.1343073e-09
870000,198,160,0,-2.2051134e-13,1.3540606e-11,1.621106e-26,0.0,5.7270896e-11,3.021826e-09
870000,108,224,0,-4.6807007e-14,9.511882e-15,1.8269766e-15,6.667143e-24,6.499776e-31,3.2814307e-09
870000,489,367,0,-1.0169253e-12,4.1501205e-11,8.786169e-12,1.9678996e-14,5.6507295e-13,3.094367e-09
870000,2,406,0,-7.7838734e-13,5.087642e-11,5.725919e-11,5.6117467e-12,2.176606e-09,3.5661027e-09
870000,276,2,0,-3.9722015e-13,1.1594512e-11,7.4371915e-12,4.8144785e-15,2.997309e-17,3.316628e-09
870000,371,340,0,-6.726898e-14,1.8316657e-11,2.4963716e-12,1.894348e-16,1.1391983e-15,3.1920568e-09
870000,237,483,0,-4.7042643e-13,3.2031003e-11,1.4814282e-17,2.518778e-28,4.6562762e-12,3.2077019e-09
870000,219,448,0,-4.0992787e-13,1.3788036e-11,3.6175327e-13,6.65688e-19,4.254723e-21,3.246268e-09
870000,0,328,0,-8.145258e-13,4.552125e-11,1.8331597e-11,2.9784226e-14,3.3387727e-11,3.3288539e-09
870000,139,67,0,-6.2632793e-13,2.0427219e-11,2.47601e-13,2.1696292e-18,4.6377255e-12,3.5535732e-09
870000,37,27,0,-1.3372093e-12,6.343296e-11,1.2838942e-13,2.8353358e-19,1.01427304e-10,3.2544212e-09
870000,302,47,0,9.111232e-12,3.554051e-11,8.571717e-12,8.429787e-15,6.006522e-16,3.4844496e-09
870000,121,496,0,-1.056414e-12,6.706404e-11,2.035293e-12,4.1393328e-16,2.1808276e-11,4.3239567e-09
870000,121,480,0,-9.429376e-13,3.875074e-11,6.3583576e-11,1.0730346e-11,6.1157407e-12,3.1911644e-09
870000,134,274,0,-2.291324e-13,1.9289842e-11,3.6401471e-25,0.0,4.590414e-15,3.0350138e-09
870000,108,246,0,-3.0616213e-13,1.2536514e-11,1.6370625e-15,2.0348838e-25,2.3743923e-14,3.1568899e-09
870000,46,167,0,-6.6710873e-13,2.2343558e-11,4.847034e-13,2.3813488e-18,4.1344247e-17,3.3139367e-09
870000,432,139,0,5.4640466e-13,7.424883e-11,4.2905173e-14,7.787209e-22,3.289452e-13,3.1077023e-09
870000,476,405,0,-1.105601e-12,5.3223575e-11,1.6868533e-11,3.2497296e-13,6.129014e-14,3.4680017e-09
870000,49,129,0,-9.588952e-13,4.7783704e-11,3.6975322e-11,1.05261026e-11,8.670446e-12,3.2179106e-09
870000,275,112,0,5.0066315e-13,1.6400091e-11,1.7341677e-11,1.853561e-13,8.064938e-15,3.0485738e-09
870000,65,487,0,-1.4688981e-12,5.6151445e-11,9.5991886e-14,8.207734e-21,4.7422077e-11,3.3851124e-09
870000,354,18,0,-6.8875754e-13,3.6714097e-11,1.4036773e-12,4.3113408e-17,1.5667888e-12,3.3091971e-09
870000,303,2,0,-3.8558536e-13,4.3239704e-12,1.9974055e-13,7.2224076e-19,4.4875823e-23,3.1343521e-09
870000,356,339,0,-1.8424403e-13,1.640052e-11,1.5447951e-16,3.9488324e-28,5.312044e-18,3.2266674e-09
870000,146,65,0,-6.1115815e-13,1.826171e-11,6.4767995e-14,3.1594584e-21,2.264285e-15,3.3136742e-09
870000,87,194,0,-2.063008e-13,3.9310833e-12,5.5932295e-18,1.0432091e-29,2.4663716e-23,3.1324359e-09
870000,496,55,0,-1.5457416e-12,8.414286e-11,2.8146488e-17,5.881018e-28,5.401351e-12,3.3696246e-09
870000,126,429,0,-4.512275e-13,1.3896339e-11,1.6571674e-13,4.1700514e-20,1.4422295e-19,3.1799008e-09
870000,396,392,0,1.1492891e-11,3.2047955e-11,2.499582e-13,7.667949e-19,3.3099842e-10,3.2756984e-09
870000,324,342,0,-1.03704914e-13,1.0553776e-13,1.2075494e-27,0.0,6.593486e-39,3.071036e-09
870000,474,322,0,-7.1798703e-13,3.674237e-11,4.7791255e-15,1.8207562e-24,1.912425e-13,3.2850627e-09
870000,140,119,0,2.9712073e-11,8.3641845e-13,3.5832269e-22,1.0145245e-37,3.3601568e-30,3.1389842e-09
870000,354,183,0,-3.020221e-13,4.700415e-12,1.4184125e-16,2.6497759e-27,4.5226544e-25,2.9949396e-09
870000,407,186,0,2.2131033e-11,5.7924093e-11,1.3298101e-12,1.0591932e-16,4.3915874e-12,3.1236187e-09
870000,26,403,0,-1.0389703e-12,2.542574e-11,3.63735e-11,1.0370743e-11,9.49533e-12,3.629842e-09
870000,462,177,0,8.067283e-12,6.071488e-11,7.319615e-13,3.0717073e-18,8.750911e-12,3.2699925e-09
870000,240,206,0,-5.763668e-14,1.263901e-11,1.716483e-23,1.01e-43,1.6228219e-13,3.010685e-09
870000,485,393,0,-1.0974518e-12,3.327861e-11,2.4987626e-13,4.0571136e-19,3.804632e-17,3.3353145e-09
870000,340,82,0,-5.7614037e-13,3.568512e-11,9.985061e-19,1.2475726e-29,7.2718724e-13,2.9934484e-09
870000,136,285,0,-3.4934623e-13,5.268581e-11,1.8100743e-20,8.447619e-36,7.914634e-13,3.080403e-09
870000,160,219,0,-4.840173e-14,1.6858571e-13,1.1544915e-12,3.617492e-17,1.0610653e-20,3.1347118e-09
870000,493,93,0,-1.0759783e-12,4.3755548e-11,5.1735314e-11,3.0736115e-11,9.541444e-11,3.3162697e-09
870000,95,67,0,-5.733538e-13,3.1708317e-11,7.2288675e-11,1.2304453e-12,3.5919828e-12,3.2006395e-09
870000,314,408,0,-1.466392e-13,9.6388045e-12,2.9041252e-11,5.945569e-12,2.54693e-12,3.1477196e-09
870000,248,432,0,1.5752137e-12,1.8433586e-11,4.155149e-11,5.459057e-11,4.8380194e-10,3.2277365e-09
870000,482,335,0,-5.878566e-13,1.0954797e-11,2.5528112e-13,5.8309244e-19,1.8915926e-21,3.3178353e-09
870000,234,78,0,-4.7156604e-13,1.4248166e-11,4.3640248e-12,1.111966e-15,9.859912e-18,3.08482e-09
870000,446,411,0,-1.11605e-12,4.687412e-11,2.8033803e-11,1.9190621e-12,2.3171062e-11,3.4099148e-09
870000,402,184,0,9.132788e-12,2.3013168e-11,2.1500461e-11,2.3707642e-13,1.0851226e-14,3.0723515e-09
870000,463,394,0,-1.1429639e-12,6.424145e-11,7.2284284e-12,3.2769477e-15,2.975219e-10,3.5541667e-09
870000,77,324,0,-3.311578e-13,2.4183336e-11,2.4594425e-11,2.2856773e-12,5.9264453e-13,3.1485448e-09
870000,59,258,0,-8.006297e-14,1.2939263e-14,1.14658e-12,3.4394087e-18,4.23367e-23,3.103083e-09
870000,157,493,0,-6.064491e-13,2.6770934e-11,3.625247e-11,1.615025e-13,5.9202843e-15,3.087826e-09
870000,131,266,0,-1.459818e-13,1.4875093e-12,5.066714e-19,1.0436821e-33,2.1411213e-28,3.018542e-09
870000,51,331,0,-4.9340897e-13,1.9120828e-11,2.032134e-11,3.1906108e-13,5.4101203e-12,3.1219767e-09
870000,287,382,0,6.2199166e-13,6.8043173e-13,9.204105e-16,1.9057653e-26,1.4268554e-29,3.042462e-09
870000,351,435,0,6.30257e-12,1.8513194e-11,2.6438873e-16,4.8004146e-26,4.3502813e-16,3.1570853e-09
870000,450,11,0,-9.729851e-13,4.10353e-11,4.4277238e-11,5.8516754e-11,4.980858e-10,3.4596495e-09
870000,180,24,0,-7.498273e-13,2.5936689e-11,5.7501157e-12,3.1123959e-15,2.1266503e-17,3.162175e-09
870000,463,261,0,4.7983243e-13,2.0444106e-11,6.0317185e-12,4.2430155e-15,3.672545e-14,3.2132306e-09
870000,102,6,0,-1.3611373e-12,8.824407e-11,2.639852e-12,1.3179797e-16,7.925054e-13,3.595113e-09
870000,234,27,0,-6.618423e-13,2.6897417e-11,1.2905072e-12,5.607612e-17,1.2176845e-13,3.2195586e-09
870000,413,231,0,8.178338e-11,4.5211543e-11,2.5806995e-12,3.4179865e-16,2.4795804e-11,3.3114993e-09
870000,397,484,0,-8.5083747e-13,4.809477e-11,1.5539466e-11,3.3334477e-14,5.961645e-11,3.380767e-09
870000,274,445,0,-2.6146874e-13,1.0065915e-11,1.0675138e-12,2.8867558e-17,1.7496663e-14,3.2064655e-09
870000,144,433,0,-2.2822887e-13,3.2082473e-12,8.086744e-12,1.9733445e-14,1.1801744e-16,3.2715113e-09
870000,282,427,0,6.909323e-14,2.0059776e-13,6.6867787e-12,8.1864455e-15,1.741746e-17,3.1070904e-09
870000,482,307,0,-1.1693068e-11,2.3108975e-09,6.898181e-11,2.1751342e-12,4.1190518e-09,5.839077e-10
870000,443,239,0,1.4971237e-10,2.4604992e-11,3.5621603e-11,5.741303e-12,1.6031959e-12,3.9824236e-10
870000,290,377,0,1.5962818e-13,1.1563472e-13,2.1404688e-16,6.832864e-28,6.555779e-38,7.248289e-11
870000,420,188,0,1.4110547e-10,2.7429125e-11,5.2888665e-15,1.3755277e-22,1.3459828e-18,2.3385893e-10
870000,184,327,0,-1.3437697e-13,1.2222215e-12,7.8940585e-24,7.26e-43,5.7944323e-28,8.917256e-12
870000,170,423,0,-3.3061463e-13,1.3010074e-11,5.4194935e-13,1.0359261e-17,2.643027e-14,5.3394286e-11
870000,344,304,0,-2.1094778e-13,4.9612246e-12,2.6187514e-34,0.0,5.1712682e-21,8.022683e-11
870000,490,151,0,-6.099089e-13,2.386731e-11,1.2214989e-13,1.5097725e-20,8.4347885e-17,7.056618e-10
870000,33,362,0,-6.328498e-13,2.8091147e-11,2.6690077e-11,2.1684514e-12,5.816067e-13,3.5673897e-10
870000,218,364,0,7.307786e-13,5.5577925e-12,6.636191e-12,4.2418233e-15,1.1959406e-15,3.3218317e-10
870000,376,121,0,2.2259614e-12,8.31873e-12,3.3533408e-13,4.963497e-19,2.2607851e-14,2.2443202e-11
870000,377,446,0,1.8437836e-11,1.676253e-11,3.7732484e-15,1.2105487e-23,2.1482885e-16,2.907593e-10
870000,30,396,0,-1.0951781e-12,9.596207e-11,4.93799e-12,1.3467354e-15,3.4301062e-11,4.593039e-10
870000,103,324,0,-3.5561425e-13,1.5265029e-11,5.3606936e-14,4.5718167e-21,3.306088e-17,8.128267e-11
870000,438,408,0,-1.1231132e-12,5.015921e-11,2.4254135e-11,1.3289868e-12,3.2614908e-10,3.360619e-09
870000,460,462,0,-1.2180632e-12,5.4598787e-11,1.6842269e-11,3.2977032e-14,2.788412e-14,3.2319643e-09
870000,130,180,0,1.2368472e-12,1.2614764e-11,1.5311646e-11,1.6654344e-13,9.200151e-14,3.0588738e-09
870000,410,217,0,1.00090485e-10,1.34008655e-11,4.1387965e-15,1.7827002e-22,2.4777054e-17,3.0816412e-09
870000,498,376,0,-1.2693813e-12,8.911777e-11,1.0197802e-11,8.9079855e-15,1.6019881e-13,3.5592171e-09
870000,313,403,0,-1.6714871e-13,1.04951785e-11,3.4849312e-09,7.215661e-10,1.1539566e-09,1.2597431e-10
870000,194,146,0,-4.1833675e-13,2.1544941e-11,2.0011765e-21,2.117383e-39,1.4132375e-14,3.1214058e-09
870000,49,286,0,-1.9494542e-13,2.6773165e-12,1.32063084e-11,1.04700814e-13,9.230573e-16,2.0783712e-10
870000,17,442,0,-1.2228917e-12,9.386565e-11,1.9348407e-11,1.8451077e-13,2.2147989e-10,3.5587728e-09
870000,326,126,0,-4.0527992e-13,2.1508014e-11,2.5520482e-11,1.9189062e-12,4.386312e-12,3.0504301e-09
870000,290,494,0,-4.4528538e-13,1.116305e-11,4.6653953e-17,4.3711703e-27,9.716658e-22,3.0481415e-09
870000,148,185,0,8.673834e-14,1.2124685e-11,1.85431e-17,6.469412e-29,3.1737917e-18,3.0638374e-09
870000,103,258,0,-5.9637776e-13,2.9882024e-11,1.825697e-15,6.667142e-24,4.378098e-17,3.2490937e-09
870000,240,356,0,1.5870959e-12,2.0085372e-14,7.4360857e-13,2.4520009e-17,4.134425e-21,3.0237377e-09
870000,242,299,0,-1.21977174e-14,7.465088e-17,3.462259e-09,7.191878e-10,1.1532664e-09,2.0134247e-11
870000,261,117,0,-3.422178e-13,1.4408581e-11,3.0018623e-15,5.9372374e-24,8.733083e-18,3.035701e-09
870000,4,419,0,-8.655676e-13,2.680033e-11,1.3656886e-12,4.685988e-18,3.350812e-10,3.5467709e-09
870000,493,229,0,-2.781259e-13,2.3165924e-11,1.0134493e-13,1.9321312e-20,1.08380254e-16,3.0755771e-09
870000,118,56,0,-8.7411567e-13,5.9049564e-11,9.199006e-11,8.841772e-11,6.224389e-10,3.1460443e-09
870000,193,487,0,-7.3456936e-13,3.4285047e-11,1.574446e-11,1.12528354e-13,1.2307904e-12,3.361222e-09
870000,112,442,0,-7.889958e-13,4.8822082e-11,3.0594758e-12,3.0148216e-16,1.8314558e-12,3.0979654e-09
870000,414,80,0,2.0192441e-11,1.8141407e-11,5.9287046e-12,5.207851e-16,2.887084e-18,3.1478422e-09
870000,83,39,0,-9.207654e-13,4.339347e-11,1.7369544e-13,5.1175752e-20,2.126877e-12,3.2188883e-09
870000,445,13,0,-8.981865e-13,1.8993015e-11,6.7450884e-12,1.0542478e-14,2.5474552e-17,3.2684724e-09
870000,19,185,0,-5.4449164e-13,1.0830972e-11,1.2447239e-11,7.989493e-14,6.933462e-16,3.254748e-09
870000,162,145,0,8.519172e-12,1.8145107e-11,8.410215e-14,6.3218413e-21,6.3796004e-12,3.1400393e-09
870000,207,20,0,-8.9780077e-13,2.6065098e-11,2.2703643e-13,1.3266118e-19,1.7293697e-15,3.5675827e-09
870000,115,402,0,5.4160756e-13,3.5127328e-11,2.1292143e-17,4.8670977e-30,1.7665446e-14,3.2714003e-09
870000,17,13,0,-9.943325e-13,8.123441e-11,5.9318636e-13,1.0102681e-18,5.687516e-14,3.5328058e-09
870000,270,389,0,2.885124e-11,1.5770683e-11,3.9337153e-12,1.6823389e-15,8.3050146e-16,3.0657683e-09
870000,162,440,0,-3.8172606e-13,1.7454468e-11,1.4340744e-11,3.7147484e-14,3.1397315e-11,3.0545053e-09
870000,125,388,0,3.1548112e-13,5.6860757e-12,1.3659202e-17,6.983178e-29,3.84522e-23,3.2045402e-09
870000,435,495,0,-6.584499e-13,1.8570754e-11,2.9283394e-12,2.2667483e-16,3.3788482e-11,3.4591998e-09
870000,143,489,0,-6.5092197e-13,2.6687836e-11,7.018969e-11,1.946265e-12,1.7354717e-13,3.2847398e-09
870000,231,462,0,-4.3665034e-13,1.7196359e-11,2.250336e-14,1.5046716e-21,4.169146e-15,3.3324554e-09
870000,22,422,0,-8.175401e-13,5.326466e-11,1.5944857e-10,2.0334436e-10,7.954891e-10,3.4639787e-09
870000,105,280,0,-2.326891e-13,8.268377e-12,7.971443e-13,4.3174732e-17,4.5439686e-18,3.1641252e-09
870000,396,269,0,-2.9260971e-13,1.8106882e-11,3.462259e-09,7.191878e-10,1.1532677e-09,1.3948731e-10
870000,30,69,0,-1.0964308e-12,6.388089e-11,2.2099829e-15,7.761529e-24,1.6351462e-15,2.4220861e-10
870000,271,68,0,1.0475809e-10,6.8232768e-12,2.0060742e-13,2.2305755e-19,1.1607582e-24,1.4923578e-10
870000,488,205,0,-1.5282217e-13,1.4800407e-12,3.808989e-14,9.288263e-22,2.8170074e-28,3.299244e-09
870000,136,8,0,-7.203292e-13,1.5058366e-11,6.7577257e-16,5.599265e-26,2.1350164e-17,3.3274243e-09
870000,36,454,0,-1.6051072e-12,9.595607e-11,9.94867e-12,1.2912505e-14,7.0117835e-12,3.2317993e-09
870000,380,326,0,-3.5446724e-13,2.6715902e-11,1.1238099e-14,5.281118e-23,3.6278057e-11,9.207292e-11
870000,175,485,0,-7.115281e-13,3.833339e-11,1.2003203e-11,6.630693e-14,6.073547e-16,3.1123741e-09
870000,485,170,0,-3.3866093e-13,1.12299154e-11,1.7440974e-12,7.379499e-17,9.964594e-19,3.2846126e-09
870000,397,429,0,5.064112e-11,3.1366187e-11,1.4865028e-11,4.3005812e-13,3.894981e-14,3.1773286e-09
870000,316,429,0,-1.8961632e-13,7.591275e-12,7.171401e-15,2.804827e-23,4.665258e-18,3.1545382e-09
870000,74,167,0,-3.8911197e-13,2.0514384e-12,5.9345606e-16,1.0314505e-24,6.6512183e-29,3.2921201e-09
870000,411,433,0,2.7978386e-12,4.915354e-11,2.3873967e-11,1.2264191e-12,4.3032826e-12,3.2630731e-09
870000,73,443,0,-1.147529e-12,3.4500378e-11,2.0080203e-12,7.857495e-17,4.8608858e-15,3.3342287e-09
870000,118,360,0,1.3974395e-12,4.0933073e-11,3.621064e-13,2.4389216e-18,1.873125e-12,3.0263958e-09
870000,203,36,0,-8.0822854e-13,5.971716e-11,1.7367398e-13,6.3813107e-19,6.1801224e-11,3.232672e-09
870000,171,129,0,6.207335e-13,2.3806632e-11,1.9084172e-12,3.7503466e-17,1.7436923e-17,2.2186425e-10
870000,442,85,0,5.457459e-13,4.21915e-11,1.7075262e-12,5.036215e-17,1.0097232e-15,3.4835839e-09
870000,165,272,0,-1.1520406e-14,3.943067e-18,1.7961366e-23,5.75e-42,0.0,3.0132614e-09
870000,28,251,0,-2.7334843e-13,2.449993e-12,6.0790575e-16,1.5637788e-26,5.730715e-28,3.1925924e-09
870000,154,303,0,-1.5189992e-13,2.930381e-13,6.6939217e-22,6.2651785e-37,2.2664173e-31,3.682786e-11
870000,90,417,0,3.988987e-14,4.9783323e-11,4.010327e-13,6.6747127e-18,5.926721e-12,2.1058491e-10
870000,491,78,0,-1.2674856e-12,4.9379913e-11,1.2892186e-12,1.2798522e-17,2.7442389e-11,3.3983283e-09
870000,231,392,0,9.5923484e-11,7.412528e-12,4.1379383e-11,3.260187e-11,9.45445e-11,3.422752e-09
870000,131,27,0,-1.052372e-12,6.287603e-11,2.1434501e-12,8.933194e-17,5.922708e-13,3.4584415e-09
870000,452,86,0,-9.857035e-13,6.991329e-11,1.8282007e-13,7.115769e-19,3.6267503e-11,3.2591476e-09
870000,289,457,0,-3.016271e-13,1.1538186e-11,3.6554866e-16,3.6104715e-26,2.1199583e-15,3.0644685e-09
870000,449,123,0,-6.292013e-13,5.1063362e-11,4.896931e-14,1.704697e-20,2.3793806e-14,3.1137015e-09
870000,475,108,0,-1.0108803e-12,4.9035904e-11,3.7514116e-13,4.456791e-19,8.288449e-13,3.302065e-09
870000,166,20,0,-6.562549e-13,9.494722e-12,1.2590834e-11,8.849026e-14,8.2712767e-16,3.1478575e-09
870000,470,498,0,-1.1293829e-13,1.473748e-11,8.625893e-13,1.0197391e-17,4.1465512e-14,3.1005782e-09
870000,488,355,0,-8.7339494e-13,3.4368747e-11,9.905094e-13,1.5706434e-17,2.337962e-12,3.0581198e-09
870000,158,55,0,-6.3161515e-13,5.082215e-11,2.4677636e-12,2.7162293e-16,3.996876e-11,3.162035e-09
870000,42,494,0,-1.7477396e-12,1.1570753e-10,8.23804e-11,1.2707407e-11,5.762169e-11,3.3370986e-09
870000,418,106,0,2.7671546e-10,2.8834575e-11,4.1239178e-14,2.4503804e-21,2.6816635e-13,3.0925797e-09
870000,452,452,0,-1.3578859e-12,9.491065e-11,1.1319506e-11,1.5168498e-14,4.3591476e-12,3.4185013e-09
870000,406,468,0,-7.4528973e-13,2.6381316e-11,4.036612e-11,6.08509e-13,4.9942774e-14,3.1562553e-09
870000,438,34,0,-8.691659e-13,5.0465358e-11,1.1891725e-10,5.1779313e-11,1.1887055e-10,3.4621341e-09
870000,466,439,0,-1.3425971e-12,6.852841e-11,3.7512704e-13,1.5974997e-18,5.0152547e-13,3.3110006e-09
870000,292,370,0,-4.1945143e-14,3.9872725e-13,4.1778603e-16,1.744287e-26,7.6252546e-31,9.326469e-11
870000,445,481,0,-9.110349e-13,6.100776e-11,5.505128e-11,1.972357e-11,1.3573261e-11,2.293799e-10
870000,492,63,0,-1.4653308e-12,7.995356e-11,1.2090009e-15,4.64118e-25,3.4621958e-11,3.3314629e-09
870000,289,394,0,5.870692e-13,3.308283e-12,1.53e-14,5.053251e-23,3.7262735e-23,3.2749206e-09
870000,473,265,0,-5.059622e-13,5.616394e-11,1.475734e-11,2.5405466e-14,3.556248e-12,3.1522087e-09
870000,104,214,0,-6.068245e-14,1.2951209e-12,1.0855554e-18,3.6618232e-33,6.8908685e-28,3.204987e-09
870000,456,345,0,-5.758957e-13,2.6421223e-11,1.0682477e-16,6.1067436e-26,1.4955764e-15,3.2050032e-09
870000,116,268,0,-3.1372582e-13,6.3865714e-12,8.562685e-15,6.4027465e-22,6.0481085e-22,3.1704435e-09
870000,140,474,0,-6.175002e-13,3.184721e-11,8.488782e-11,1.8869123e-11,8.8818146e-12,3.1668161e-09
870000,99,281,0,-2.4295203e-13,9.519344e-12,3.4259794e-13,1.2512526e-19,2.3972792e-12,3.068342e-09
870000,449,51,0,-9.136193e-13,3.9164803e-11,1.5637501e-12,4.8803775e-17,3.3151312e-10,6.073224e-10
870000,417,373,0,-1.1479158e-11,2.2888687e-09,6.331844e-11,1.0803666e-11,4.1273323e-09,8.4844985e-11
870000,132,49,0,-9.918247e-13,6.601376e-11,1.02227905e-11,3.9736747e-15,1.2094003e-13,2.3755364e-10
870000,291,105,0,-6.5342814e-12,2.294249e-09,3.9059047e-19,4.4240344e-32,4.1200834e-09,1.4533519e-10
870000,120,26,0,-1.2163061e-11,2.3315667e-09,1.81418e-16,1.055481e-24,4.159139e-09,2.298993e-10
870000,326,332,0,-1.1625098e-13,3.996515e-13,3.3347491e-34,0.0,1.8540802e-35,8.145504e-12
870000,41,487,0,-1.6985096e-12,8.3929946e-11,7.365183e-12,2.715665e-15,4.2997255e-12,3.6189274e-10
870000,360,332,0,-4.3937561e-13,3.7457315e-11,3.5476095e-13,3.475321e-18,3.5914275e-14,1.6764557e-11
870000,25,458,0,-1.6406854e-12,1.079793e-10,3.886149e-11,3.741662e-13,3.967186e-11,6.484891e-10
870000,66,383,0,5.7746693e-11,1.861834e-11,2.9276647e-14,4.829383e-22,3.9505312e-17,1.1362524e-10
870000,422,476,0,-8.206679e-13,3.5767236e-11,8.245187e-12,3.2897157e-14,6.8904335e-12,4.2532874e-10
870000,177,367,0,-3.7615822e-13,2.6622883e-11,1.3212997e-16,9.39737e-28,2.661676e-17,1.9334508e-10
870000,143,479,0,-6.2491565e-13,3.4743108e-11,4.5442686e-13,1.0703132e-18,2.1522259e-12,2.494585e-10
870000,201,462,0,-6.479551e-13,3.2279623e-11,1.2366744e-11,7.433484e-14,3.2023344e-14,2.2678724e-10
870000,341,10,0,-5.971274e-13,1.2705316e-11,2.8228925e-13,2.0088437e-19,7.7771376e-21,4.0080073e-10
870000,267,134,0,-3.2725857e-13,1.879951e-11,8.460587e-18,2.5026898e-31,2.0063505e-13,6.121892e-11
870000,427,418,0,-1.0940559e-12,8.676388e-11,2.7628379e-11,1.5110511e-13,1.0130666e-10,3.6991252e-10
870000,77,242,0,-1.3229406e-13,8.38945e-12,1.6452095e-11,4.1577936e-13,3.512605e-14,2.825591e-10
870000,223,465,0,-4.861749e-13,2.3990799e-11,3.5627418e-16,1.0335736e-25,4.8441573e-15,3.2337572e-10
870000,267,432,0,4.3027412e-13,3.1726084e-12,3.4770582e-09,7.192074e-10,1.1532667e-09,1.716552e-10
870000,353,478,0,-4.3981913e-13,1.9733219e-11,4.3593136e-11,3.3090992e-11,9.4315285e-11,3.3647758e-09
870000,14,34,0,-1.1569115e-12,6.959923e-11,3.0079565e-12,1.1304973e-15,2.4199056e-12,3.3614629e-09
870000,410,40,0,-7.3163616e-13,4.2907424e-11,9.574919e-13,3.8426288e-17,6.929301e-11,3.1869272e-09
870000,475,396,0,-1.0945068e-12,3.2409363e-11,3.7519755e-11,3.0255274e-11,9.549063e-11,3.6043444e-09
870000,17,140,0,-7.8141486e-13,4.585075e-11,2.1525841e-13,9.540685e-20,1.8587975e-13,3.3587484e-09
870000,123,440,0,-5.1026257e-13,4.6492706e-12,7.6462057e-13,1.5114592e-17,2.1701009e-21,3.159712e-09
870000,82,314,0,-2.8032681e-13,1.643722e-11,1.3771072e-14,3.4798422e-23,2.6418445e-15,3.0517253e-09
870000,72,30,0,-1.1861231e-12,6.615908e-11,9.328322e-12,3.7993544e-15,3.996376e-12,3.5980516e-09
870000,158,428,0,-2.8084715e-13,1.8967147e-11,1.2373652e-12,1.8444008e-17,2.006356e-13,1.773141e-10
870000,1,484,0,-2.3139461e-12,1.2766169e-10,4.8844498e-11,1.3006034e-12,4.8305253e-12,3.2386764e-09
870000,124,4,0,-8.259679e-13,2.3312458e-11,5.6046633e-11,1.0895585e-11,3.194118e-11,2.7833535e-10
870000,393,466,0,-4.795551e-13,2.6069428e-11,4.9818035e-11,1.9030761e-11,1.6305823e-11,2.2219651e-10
870000,498,195,0,-2.474321e-13,2.683016e-12,9.993887e-12,2.1877492e-14,4.561751e-16,3.3294483e-09
870000,21,124,0,-8.4240373e-13,2.4111569e-11,4.702269e-13,2.1116078e-18,4.8900334e-16,2.574939e-10
870000,493,347,0,-6.9948105e-13,2.3121003e-11,4.6465625e-14,5.209541e-21,3.0533487e-10,2.460663e-10
870000,155,498,0,-6.0785426e-13,1.3370096e-11,3.5525385e-11,4.7500724e-13,3.6150475e-14,3.0979532e-09
870000,99,389,0,5.2895917e-11,3.1085214e-11,1.0366909e-12,8.581491e-18,4.1345153e-11,8.7207186e-11
870000,34,72,0,-9.678869e-13,4.0750327e-11,1.6249606e-13,4.1684478e-20,2.5101957e-14,3.1739515e-09
870000,443,24,0,-9.243565e-13,6.454539e-11,7.0325087e-12,1.8712133e-15,1.1196163e-11,4.861128e-10
870000,479,160,0,-4.3414962e-13,9.837651e-12,6.7290453e-12,1.00426005e-14,2.4297757e-17,3.1041874e-09
870000,306,490,0,-2.965266e-13,1.3728378e-11,2.1590249e-11,3.4289474e-13,2.2788893e-14,1.2697988e-10
870000,152,30,0,-7.329671e-13,2.3463485e-11,3.022892e-11,2.7118878e-13,6.8954963e-12,3.3784047e-09
870000,310,32,0,-5.203014e-13,2.8021281e-11,1.5172745e-11,4.1570734e-13,4.15436e-14,2.580817e-10
870000,184,31,0,-7.239889e-13,3.5947238e-11,3.3562205e-12,9.895455e-16,2.3589103e-13,3.2981426e-09
870000,12,242,0,-4.0121958e-13,2.6440305e-11,6.224521e-11,3.4002984e-11,9.4501816e-11,3.0962752e-09
870000,158,4,0,-6.468571e-13,3.0930015e-11,3.462395e-09,7.191878e-10,1.1532971e-09,5.960745e-10
870000,291,64,0,2.6094368e-10,1.84097e-11,3.4743795e-09,7.1924655e-10,1.1532668e-09,1.5635018e-10
870000,339,329,0,-2.2502558e-13,1.0511806e-11,1.54652e-26,0.0,1.1602153e-18,2.59565e-11
870000,33,14,0,-1.0583404e-12,5.5768466e-11,4.0964076e-11,2.9949453e-13,1.8464996e-14,3.5490269e-09
870000,2,147,0,-6.444219e-13,1.8380075e-11,2.7869048e-12,6.251809e-17,1.7347398e-20,3.8909814e-10
870000,19,126,0,-8.244397e-13,2.298904e-11,4.079807e-14,8.904158e-21,9.62398e-14,3.3242646e-09
870000,422,63,0,-2.9265856e-13,5.7455936e-11,1.0178969e-15,1.0337679e-24,3.5802968e-11,3.3228693e-09
870000,32,117,0,-8.627728e-13,3.0438464e-11,6.797506e-11,6.97692e-12,1.9103432e-12,3.2053638e-10
870000,481,140,0,-7.93764e-13,4.5573382e-11,3.3027682e-12,9.276736e-16,1.7430906e-12,3.636266e-10
870000,57,199,0,-3.602281e-13,1.43229265e-11,2.6783954e-11,2.1684516e-12,4.966437e-13,1.0972739e-10
870000,30,181,0,-5.177086e-13,1.585704e-11,2.2180424e-11,1.8096128e-13,2.709327e-13,1.6829044e-10
870000,65,348,0,3.8934142e-12,1.8422592e-11,3.4703163e-09,7.1919437e-10,1.1536146e-09,2.9678096e-10
870000,65,244,0,-7.078548e-14,4.7049257e-13,4.028118e-13,6.674712e-18,1.1274394e-21,3.916613e-10
870000,2,96,0,-1.1902865e-12,6.007823e-11,2.170796e-11,9.8758987e-14,3.3544775e-10,3.4350571e-09
870000,290,496,0,-4.4735477e-13,1.0914043e-11,7.160175e-18,3.2054573e-29,2.5201019e-20,9.232708e-11
870000,42,100,0,-7.0957113e-13,2.7464194e-11,2.4042462e-13,1.2183411e-19,1.765943e-14,3.3050909e-09
870000,11,29,0,-1.0050153e-12,7.3778414e-11,5.159527e-13,2.6801785e-18,2.1444183e-12,3.5033814e-09
870000,27,433,0,-9.437108e-13,1.5416498e-11,7.3048344e-13,1.1597473e-17,3.2966383e-15,3.5856003e-09
870000,54,406,0,-1.4698201e-13,3.199381e-11,9.032715e-16,3.1560488e-23,2.888633e-13,3.5602852e-09
870000,68,18,0,-1.1820615e-12,5.2267607e-11,4.438242e-13,1.1190611e-18,3.4956165e-18,3.4645697e-09
870000,117,459,0,-8.382656e-13,4.892007e-11,3.6894255e-14,3.6293733e-21,2.5701382e-11,1.9986114e-10
870000,498,292,0,-5.8571176e-13,1.5965474e-11,6.710144e-14,2.2276255e-21,5.5938654e-16,3.3384928e-09
870000,421,391,0,-7.675795e-13,3.9814197e-11,3.856549e-11,1.599794e-12,1.4393219e-13,3.1485186e-09
870000,364,54,0,-8.979653e-13,4.8174076e-11,4.305143e-12,3.407421e-15,2.207041e-15,3.2363028e-09
870000,23,194,0,-5.4844773e-13,2.1001112e-11,2.8286446e-11,1.1834689e-12,9.637916e-14,3.6052155e-09
870000,468,495,0,-3.2877577e-13,3.538824e-11,2.6030879e-12,1.3654605e-16,4.0027415e-16,3.2246432e-09
870000,61,467,0,-1.5446749e-12,4.906777e-11,2.5511678e-11,1.9189062e-12,2.0515166e-13,3.1720109e-09
870000,458,220,0,1.2242783e-10,4.0423385e-12,3.094339e-11,2.7001407e-13,4.938306e-15,3.2395229e-09
870000,266,27,0,-4.0248184e-13,1.7589518e-11,1.9489334e-11,6.836578e-14,6.3800237e-12,2.3972843e-10
870000,497,79,0,-1.2672422e-12,6.874922e-11,2.793131e-14,1.03146757e-22,2.6616442e-14,3.681437e-09
870000,222,412,0,7.639799e-12,6.460768e-12,1.8783135e-12,1.4198427e-16,2.4388362e-17,1.9980974e-10
870000,451,426,0,-1.2294792e-12,3.2165576e-11,1.939338e-13,4.1499212e-19,8.1285124e-14,3.3836138e-09
870000,14,430,0,-9.824006e-13,4.893191e-11,4.713195e-11,6.948945e-13,6.075989e-13,3.419019e-09
870000,328,14,0,-6.440207e-13,4.5006044e-11,3.4622591e-09,7.191878e-10,3.3686964e-09,4.2166262e-10
870000,473,437,0,-1.3483076e-12,6.512189e-11,1.402007e-12,2.0455937e-17,3.3315514e-11,3.600613e-09
870000,36,387,0,-7.484319e-13,4.9551595e-11,5.655714e-13,2.1524065e-18,8.154972e-15,3.9887904e-10
870000,47,498,0,-1.740874e-12,9.27689e-11,3.72075e-11,2.6322198e-13,4.2505864e-13,3.3434452e-10
870000,403,48,0,-7.514016e-13,2.2042295e-11,2.7569097e-12,1.2538654e-16,5.1391847e-19,3.168663e-09
870000,460,269,0,-3.5220904e-13,3.1602474e-11,4.816761e-11,5.9699598e-12,1.7062525e-12,1.4605536e-10
870000,396,490,0,-8.980887e-13,4.1185392e-11,5.519608e-11,5.92525e-12,3.0256055e-11,2.60768e-10
870000,467,488,0,-7.409698e-13,5.9183256e-11,3.6361064e-12,4.7331947e-16,2.2078858e-15,3.2533336e-09
870000,18,492,0,-1.9977774e-12,1.00390245e-10,4.2798244e-11,1.8828725e-11,4.52753e-11,2.4213645e-10
870000,290,499,0,-4.4876364e-13,1.06789525e-11,2.4425703e-19,7.913576e-33,2.3497661e-23,3.3708378e-09
870000,498,402,0,-9.130676e-13,2.947028e-11,2.2696972e-13,2.9269732e-19,2.0809422e-11,5.704317e-10
870000,303,467,0,-2.6702067e-13,5.738797e-12,3.4742322e-09,7.1925416e-10,1.1532669e-09,3.954416e-10
870000,70,293,0,-2.1600943e-13,1.5775808e-11,2.3301075e-11,1.2684976e-12,3.3695025e-10,2.0798478e-10
870000,94,145,0,1.1115456e-12,4.8221826e-11,6.2869665e-21,1.1598095e-38,3.8487388e-13,2.7678765e-10
870000,314,68,0,1.1974227e-11,5.795196e-11,3.1564315e-12,7.5855586e-16,4.43994e-11,1.9010812e-10
870000,14,478,0,-1.8781122e-12,7.4013976e-11,5.9658944e-12,1.2856259e-15,6.9488956e-11,3.3232692e-09
870000,458,432,0,-1.3380958e-12,5.918414e-11,4.4286452e-13,4.406049e-18,3.6351388e-14,3.3276892e-09
870000,53,30,0,-1.2596898e-12,1.0929945e-10,7.8642355e-13,6.3067716e-18,8.629053e-11,3.1366942e-10
870000,0,264,0,-6.1132496e-13,4.2785372e-11,3.766734e-11,2.5373142e-13,2.671408e-12,1.0426719e-10
870000,402,5,0,-6.203582e-13,3.3222747e-11,1.6264479e-13,4.1684504e-20,6.703729e-11,4.3410261e-10
870000,15,463,0,-1.6799835e-12,8.930191e-11,2.4678593e-11,1.422596e-12,1.9068367e-11,6.231927e-10
870000,264,376,0,2.345501e-11,7.618706e-12,8.8112295e-12,4.9945948e-14,1.0582656e-15,3.2312093e-09
870000,370,56,0,-8.82116e-13,4.6848973e-11,7.307359e-14,2.0907703e-21,5.7270907e-11,1.1644752e-10
870000,23,449,0,-1.4192445e-12,7.266095e-11,5.046947e-12,6.0184444e-16,2.1593394e-09,3.4334173e-09
870000,117,428,0,-6.6822866e-13,3.2771584e-11,2.2240273e-14,1.1504333e-22,1.3691335e-15,3.1190737e-09
870000,19,144,0,-7.9866745e-13,4.5228054e-11,2.0648487e-12,5.642066e-16,1.979705e-11,3.2215977e-09
870000,9,11,0,-5.723042e-13,5.7774383e-11,1.4913841e-11,5.8962695e-14,1.0206095e-13,3.4366492e-09
870000,419,287,0,-2.6008934e-13,8.283295e-12,3.462259e-09,7.191878e-10,1.1532694e-09,1.2546458e-10
870000,90,29,0,-1.088615e-12,4.5885188e-11,1.934679e-12,1.4755021e-16,2.2357465e-11,3.379128e-09
870000,213,484,0,-6.0457563e-13,3.6833554e-11,4.0766265e-13,7.9749563e-19,4.56492e-13,6.2241673e-10
