mcsteps,xCOM,yCOM,zCOM,il8,il1,il6,il10,tnf,tgf
650000,84,376,0,2.0383497e-09,4.536773e-11,1.7712643e-15,4.1838027e-25,2.3346296e-17,1.1266755e-10
650000,432,181,0,2.0387272e-09,3.904332e-11,1.289194e-12,9.710654e-17,7.1663046e-14,5.81258e-11
650000,409,105,0,2.0385011e-09,3.499306e-11,2.6514778e-19,2.155008e-31,2.961974e-10,5.511441e-11
650000,247,394,0,2.038342e-09,2.4556146e-10,1.3790185e-14,2.3029197e-22,5.6325788e-11,3.4533945e-11
650000,132,141,0,2.0387774e-09,3.1339698e-11,1.2072911e-29,0.0,1.3964627e-16,7.3771725e-11
650000,286,72,0,2.0386823e-09,3.953667e-11,7.24365e-14,4.674719e-21,7.877327e-15,3.9890433e-10
650000,365,385,0,2.039473e-09,1.1960522e-11,9.799196e-14,3.597629e-19,1.2951487e-19,1.5766902e-11
650000,379,420,0,2.039347e-09,3.3379476e-11,1.7687865e-13,5.673204e-20,6.6561086e-15,1.0099923e-10
650000,426,219,0,2.0795532e-09,4.5916357e-12,7.707309e-13,1.4286354e-17,1.9091934e-20,8.515255e-11
650000,444,225,0,2.0790611e-09,2.1419831e-11,2.6631386e-12,5.764796e-16,2.6491708e-18,2.1461162e-10
650000,292,272,0,-1.1059952e-11,2.2724829e-09,1.3462224e-24,5.6922e-41,4.1188084e-09,1.7734607e-16
650000,124,159,0,3.4688655e-11,9.9460015e-12,1.0553609e-23,2.168118e-39,1.107324e-17,2.4707087e-11
650000,237,440,0,-3.7365044e-13,2.9482677e-11,5.825711e-14,4.1012074e-20,1.3093564e-15,1.1727153e-10
650000,457,55,0,-9.958182e-13,3.2691325e-11,1.702563e-11,1.1763213e-13,9.6086835e-14,5.8438965e-10
650000,317,218,0,-2.7015564e-14,9.212667e-16,1.2148031e-22,5.177568e-39,0.0,9.1954114e-14
650000,428,109,0,3.5999616e-11,6.88334e-11,5.4134506e-14,3.3003654e-21,1.8070111e-12,7.6759946e-11
650000,390,191,0,-1.4530171e-13,2.2090342e-12,1.3052611e-15,2.7909147e-24,7.007501e-25,3.3192282e-11
650000,223,72,0,-7.0339985e-13,2.250796e-11,2.7142443e-21,3.588624e-37,2.9027929e-19,1.8348364e-10
650000,21,11,0,-1.3278489e-12,1.2535797e-10,1.6564104e-12,9.0247926e-17,2.8502772e-10,1.3546446e-10
650000,222,441,0,-4.3354166e-13,4.116825e-11,1.8862858e-12,1.1456866e-16,4.1344015e-11,1.4805739e-10
650000,160,7,0,-6.525114e-13,2.7468555e-11,1.2728248e-12,2.5311106e-17,3.6213314e-15,2.5786734e-10
650000,312,133,0,-5.021289e-13,6.339191e-11,4.192752e-16,5.754314e-26,6.500593e-14,1.6005548e-11
650000,56,113,0,-7.886701e-13,3.9313806e-11,2.5456449e-14,5.402665e-22,5.7735574e-15,1.14708514e-10
650000,383,400,0,4.7159738e-11,3.0297793e-12,1.375039e-13,4.170225e-20,6.906082e-24,2.2144639e-10
650000,140,25,0,-1.0312211e-12,9.39968e-11,3.2915936e-12,1.7464e-16,3.095443e-10,2.070903e-10
650000,243,250,0,-7.714001e-18,8.56136e-30,0.0,0.0,0.0,4.276039e-11
650000,179,258,0,-1.762556e-15,2.7762485e-20,7.344115e-16,1.8815001e-25,2.8270196e-33,7.469996e-11
650000,373,203,0,-3.6636972e-13,6.8807364e-12,3.710514e-13,2.1747633e-18,8.0953354e-23,2.832028e-11
650000,201,285,0,-1.6270568e-13,3.413358e-12,1.5479514e-32,0.0,6.818418e-21,5.895019e-11
650000,263,318,0,-7.637039e-14,1.9453264e-13,2.9650889e-21,1.1156276e-36,1.9963817e-30,5.75365e-12
650000,199,94,0,-3.585357e-13,2.0677241e-11,4.2896355e-12,6.6327243e-16,2.8523034e-13,1.845695e-10
650000,289,231,0,-1.7669666e-15,7.4247033e-22,2.781956e-29,0.0,0.0,1.2370081e-15
650000,319,284,0,-6.751147e-13,1.0149395e-11,4.975352e-28,1.211e-42,2.2987125e-20,1.5665365e-10
650000,288,145,0,-3.7687328e-13,3.796227e-11,8.8617397e-23,3.37145e-40,5.020209e-15,8.964941e-12
650000,43,350,0,-5.366543e-13,3.883744e-11,7.6806714e-11,1.0496683e-10,6.267025e-10,1.967091e-10
650000,353,296,0,-1.6354656e-13,4.791791e-13,9.18104e-39,0.0,1.3409496e-32,7.4398175e-13
650000,205,123,0,-4.1753761e-13,1.0145559e-11,1.5852263e-15,3.4051763e-25,1.1813822e-20,6.3853415e-12
650000,477,323,0,-6.880026e-13,5.7386644e-11,4.263309e-16,5.7073554e-25,1.2716559e-11,4.5623106e-11
650000,246,37,0,-6.555404e-13,1.747383e-11,6.752263e-11,2.4052674e-12,2.3876422e-13,1.2503142e-10
650000,413,178,0,3.76395e-11,9.555298e-11,3.6543667e-20,2.9468096e-34,1.031373e-11,1.3963847e-10
650000,92,190,0,-1.8224997e-13,8.667436e-13,1.8196672e-16,1.4094166e-25,1.1014372e-27,9.337721e-11
650000,182,355,0,-3.0738278e-13,1.671384e-11,4.764674e-15,5.6848085e-21,1.2408164e-18,6.634136e-12
650000,460,480,0,-1.0853476e-12,6.0267055e-11,2.963275e-11,5.0198323e-14,2.2090866e-12,1.5401679e-10
650000,333,78,0,-7.913488e-13,3.494933e-11,5.4208364e-26,1.3e-44,1.3553886e-17,8.900498e-11
650000,392,102,0,5.5004435e-11,3.6175674e-11,1.991853e-12,6.623711e-17,6.386409e-16,1.4458205e-10
650000,141,265,0,-1.0208973e-13,1.6799485e-12,2.8893006e-28,0.0,4.393422e-26,2.0565723e-11
650000,109,236,0,-7.048734e-14,2.1388077e-13,5.6368993e-19,1.4332926e-32,1.8153023e-31,3.3489693e-12
650000,180,103,0,-3.329585e-13,8.187774e-12,1.0932975e-21,6.008698e-39,1.484621e-22,1.2857598e-10
650000,78,100,0,-6.5864626e-13,2.7566916e-11,3.632659e-11,1.0298161e-12,5.2613316e-14,7.752957e-11
650000,122,293,0,-5.3811502e-14,2.9173343e-14,4.007713e-16,1.7274794e-25,6.696233e-33,8.7449465e-13
650000,224,115,0,-8.5704393e-13,9.003972e-11,2.9060425e-26,1e-44,4.4482373e-13,2.8659292e-11
650000,127,375,0,-3.1244088e-13,2.2966483e-11,6.3177e-13,4.5008336e-18,1.1311192e-18,4.10747e-11
650000,70,141,0,-8.0572685e-13,6.272755e-11,1.2656425e-11,3.0966474e-14,3.0097713e-10,1.6867084e-10
650000,432,428,0,-1.4686558e-12,6.4574096e-11,2.1911691e-12,7.8700465e-17,7.100045e-17,4.804576e-10
650000,468,404,0,-1.2405953e-12,6.2755724e-11,1.5387386e-11,6.3296136e-14,3.6647035e-12,2.547228e-10
650000,204,435,0,-4.7597766e-13,8.4784645e-12,4.5398665e-13,9.937137e-19,2.4435244e-23,1.9865562e-10
650000,486,252,0,-6.092389e-13,3.3761514e-11,8.6865706e-16,8.9132944e-24,1.0065847e-19,1.3279643e-10
650000,21,444,0,-1.406694e-12,8.7318916e-11,3.3250928e-13,2.6214444e-19,2.9993562e-15,3.7733958e-10
650000,182,203,0,-3.051922e-14,2.7784997e-15,1.1399441e-28,0.0,0.0,4.963598e-11
650000,263,11,0,-4.474518e-13,1.2796985e-11,9.361531e-13,4.308415e-17,5.5197737e-18,1.4504074e-10
650000,419,209,0,1.427817e-10,2.773522e-11,3.9932927e-12,1.2684578e-15,2.3154284e-12,3.740467e-11
650000,438,463,0,-1.1770169e-12,6.3162725e-11,9.736972e-14,7.522504e-20,1.518951e-11,2.0464953e-10
650000,369,100,0,1.1917029e-13,1.0828579e-12,2.402132e-16,5.4336586e-25,2.2497447e-29,6.6425726e-11
650000,424,332,0,-3.8581342e-13,1.734286e-11,5.639986e-15,4.389561e-23,2.21574e-14,2.5434124e-10
650000,163,235,0,-3.6124427e-14,2.1593702e-14,1.8219793e-17,4.3696838e-29,1.9452496e-38,2.507261e-11
650000,439,43,0,-9.155778e-13,5.8766096e-11,7.904362e-11,1.9271524e-11,9.310843e-12,2.2551704e-10
650000,468,115,0,-1.0594039e-12,8.356346e-11,2.985688e-11,7.4987477e-13,3.0321065e-10,1.3969259e-10
650000,250,132,0,-2.7613873e-13,8.525635e-12,2.8175177e-31,0.0,7.670362e-21,8.131231e-13
650000,291,226,0,-2.480473e-15,3.0402054e-20,1.1307018e-25,3.5e-44,0.0,2.3594425e-15
650000,387,177,0,-6.15962e-13,4.3997545e-11,9.171233e-21,1.5218981e-35,2.4955615e-10,7.936589e-11
650000,266,223,0,-6.6499888e-15,1.6731409e-17,3.7719025e-29,0.0,0.0,3.3247174e-15
650000,62,493,0,-1.5766801e-12,7.681211e-11,1.6549182e-11,8.8585714e-14,1.5928897e-15,2.5350222e-10
650000,109,134,0,1.432072e-11,1.875856e-11,6.9350357e-19,5.1768812e-27,4.331163e-14,7.601516e-11
650000,316,170,0,-3.2437673e-13,2.3726916e-11,8.1254e-27,0.0,3.2098746e-15,2.8401934e-11
650000,439,185,0,2.7495436e-10,9.2747775e-11,1.6898722e-12,6.07295e-17,1.2059814e-12,1.5550879e-10
650000,251,420,0,8.922345e-12,1.5694454e-11,1.7426424e-15,4.4415768e-24,1.1608292e-15,9.47185e-11
650000,52,239,0,-6.932527e-14,1.0558617e-12,2.0602584e-15,4.604267e-25,2.240034e-29,1.1327566e-10
650000,418,89,0,4.4344226e-11,7.515887e-11,5.236087e-13,1.9433982e-18,2.8247327e-10,3.6733452e-10
650000,307,49,0,2.3363624e-12,3.2286184e-11,5.5088477e-12,2.8530128e-15,3.0030747e-13,1.6485303e-10
650000,426,317,0,-5.0215415e-13,3.60091e-11,4.093186e-13,3.2020684e-19,1.0231897e-17,9.837142e-11
650000,393,326,0,-2.689956e-13,2.3945984e-12,3.9856087e-19,3.317056e-31,1.6164058e-27,1.7349238e-11
650000,469,339,0,-6.17611e-13,6.4384865e-11,2.2704602e-16,6.217433e-27,6.523407e-11,1.1144288e-10
650000,208,247,0,-5.590989e-15,4.9592854e-19,7.903796e-31,0.0,0.0,1.6027938e-11
650000,160,58,0,-7.272804e-13,5.843123e-11,1.8688635e-14,7.0033143e-22,1.7156986e-13,3.9868782e-11
650000,318,471,0,-3.353394e-13,1.2681295e-11,9.406277e-13,7.574077e-17,5.2935853e-17,1.1286151e-10
650000,55,264,0,-6.8993036e-14,8.865846e-14,8.6288534e-14,1.8505356e-19,1.2926872e-23,6.9644596e-11
650000,248,219,0,-1.830902e-14,3.0221932e-15,1.5952771e-31,0.0,0.0,1.3498012e-15
650000,163,53,0,-7.1246855e-13,5.819979e-11,4.4491693e-12,1.8173242e-15,2.1732923e-13,3.8659018e-10
650000,24,56,0,-1.4236165e-12,7.1408095e-11,1.08482776e-13,2.3794834e-20,2.2614046e-09,3.3905806e-10
650000,320,246,0,-1.6413672e-13,8.754179e-12,8.183687e-13,1.5630584e-17,1.73241e-20,3.193796e-11
650000,340,380,0,1.0508323e-11,4.518114e-11,1.1282014e-16,4.26247e-27,2.98599e-10,8.895825e-11
650000,8,397,0,-8.7142376e-13,2.5840672e-11,1.0026768e-10,1.091952e-11,5.4090716e-12,3.4447717e-10
650000,368,224,0,-5.145234e-13,4.258605e-11,5.8604913e-12,4.0656137e-15,3.2121406e-10,3.045403e-12
650000,329,76,0,-7.518446e-13,5.369206e-11,4.8454694e-22,4.086912e-39,1.1498493e-14,9.037202e-12
650000,20,34,0,-1.6245475e-12,8.324013e-11,6.612221e-12,1.0264919e-15,2.8961534e-12,1.0316519e-10
650000,404,314,0,-1.8502864e-13,8.064315e-13,5.89044e-11,3.519767e-12,4.539937e-13,1.7379201e-10
650000,396,225,0,3.3761492e-12,2.0791028e-13,2.7715737e-18,1.56040095e-30,7.250822e-35,1.4762098e-10
650000,198,33,0,-8.5793975e-13,3.816629e-11,3.1403068e-13,5.940108e-19,2.484105e-16,1.817404e-10
650000,332,300,0,-2.4715484e-13,9.177789e-12,0.0,0.0,4.468316e-22,4.3829044e-13
650000,300,381,0,-1.4730349e-13,1.0164087e-11,5.8931865e-12,3.4403092e-15,1.4224173e-17,1.0331151e-10
650000,19,339,0,-8.317006e-13,3.36575e-11,7.818666e-14,5.579569e-19,6.511445e-17,1.10902294e-10
650000,93,460,0,-1.3544642e-12,9.1097574e-11,1.6168656e-16,2.6694916e-27,2.8552872e-12,1.3715706e-10
650000,484,52,0,-1.474474e-12,6.7395235e-11,4.334919e-12,4.47154e-16,3.7291257e-11,2.2116019e-10
650000,131,95,0,-4.0997308e-13,4.8850105e-11,1.2512428e-14,7.891391e-21,2.6737226e-09,3.8984077e-10
650000,137,122,0,3.536582e-11,5.9207587e-13,4.2438367e-28,7e-45,3.9221486e-32,4.470801e-11
650000,311,284,0,-6.1191964e-13,1.4320722e-10,5.32611e-28,1.211e-42,2.704343e-09,1.0382177e-12
650000,255,30,0,-6.557482e-13,4.2105715e-11,1.2976589e-12,9.71066e-17,1.1194047e-15,2.0657119e-10
650000,323,179,0,-2.858949e-13,1.1282802e-11,3.1044e-19,9.134653e-31,3.252644e-21,9.043957e-12
650000,326,403,0,-1.8123805e-13,1.507177e-11,5.3932213e-16,3.185938e-25,2.9364283e-18,5.4476725e-11
650000,201,341,0,-1.8381663e-13,2.4475727e-12,2.9357194e-26,0.0,1.031567e-25,1.6895924e-11
650000,194,334,0,-1.384702e-13,1.6609612e-12,4.0651015e-36,0.0,1.4476761e-25,3.1530913e-11
650000,479,109,0,-1.0714061e-12,5.8593116e-11,1.11948455e-13,6.512633e-20,2.9859973e-10,4.177755e-10
650000,358,12,0,-6.9986996e-13,3.1606294e-11,2.6410254e-15,2.15543e-23,6.955361e-18,3.758706e-10
650000,288,276,0,-4.829431e-14,2.0870899e-14,3.1778982e-31,0.0,3.2e-44,1.0296375e-14
650000,241,184,0,-1.1643839e-14,3.2015337e-18,4.745767e-21,3.5781312e-36,0.0,9.807481e-11
650000,326,305,0,-1.8210889e-13,6.3286014e-13,2.1650169e-38,0.0,1.6654205e-30,1.7861172e-13
650000,454,157,0,1.4089469e-12,5.5853315e-11,7.251218e-14,1.0688409e-20,2.2440866e-10,9.707368e-11
650000,287,136,0,-3.3108675e-13,4.743905e-12,2.4868776e-16,9.4549756e-27,5.3514833e-24,5.2263693e-11
650000,214,45,0,-8.697567e-13,2.9532835e-11,5.110832e-15,1.373473e-22,1.8080986e-13,3.8653408e-10
650000,154,94,0,-2.6406118e-13,8.528347e-12,1.5778305e-16,1.126801e-25,8.761795e-19,6.6024196e-12
650000,305,255,0,-1.0641906e-13,8.78561e-13,6.4464743e-14,3.2495824e-19,4.8422573e-23,7.9514184e-13
650000,425,165,0,5.2391848e-11,5.943857e-11,5.5416817e-12,2.5446005e-15,3.7290615e-11,1.3974727e-10
650000,468,336,0,-6.201011e-13,4.976129e-11,3.038632e-18,1.7151287e-31,2.1018411e-13,8.984058e-11
650000,226,73,0,-6.7629837e-13,2.3466576e-11,9.658195e-19,7.8937966e-32,8.5779625e-16,1.586678e-10
650000,8,240,0,-4.1554604e-13,1.822191e-11,2.6047914e-11,1.8326939e-13,2.7763923e-15,1.5957473e-10
650000,321,41,0,-7.6518826e-13,3.8539727e-11,4.0867854e-11,1.7025149e-12,1.5537476e-12,2.133193e-10
650000,409,61,0,-7.2943187e-13,4.8024026e-11,2.4000615e-13,7.153207e-19,2.0621058e-16,1.5544501e-11
650000,381,388,0,6.849743e-11,3.1537682e-11,1.3750012e-13,4.170225e-20,1.9034496e-12,1.8852268e-10
650000,127,228,0,-9.485618e-15,1.0767107e-18,1.0823941e-11,8.764966e-15,5.972004e-17,2.936093e-11
650000,440,300,0,-4.673055e-13,4.8465686e-11,4.9730033e-12,2.0346227e-15,3.168553e-10,4.8219685e-11
650000,222,205,0,-1.7205132e-13,1.9613207e-11,6.1238e-41,0.0,4.622397e-17,1.2693802e-12
650000,322,116,0,-4.7013196e-13,2.981581e-11,9.466212e-14,3.9373484e-20,3.401025e-16,6.992664e-11
650000,388,217,0,3.4058338e-13,3.1356345e-12,1.875034e-12,1.2291537e-16,4.0392512e-20,2.1245303e-10
650000,462,490,0,-7.499149e-13,4.558716e-11,4.712556e-12,2.4658275e-16,2.313459e-16,4.4435772e-10
650000,383,336,0,-3.3571176e-13,2.5358436e-11,3.2026678e-14,1.0017613e-21,5.3803014e-14,2.7824967e-10
650000,317,374,0,-3.050154e-13,4.3744303e-11,6.292271e-13,4.7968613e-18,1.6737651e-11,1.0062993e-11
650000,302,163,0,-1.7737728e-13,2.9179111e-13,2.4035764e-38,0.0,8.813436e-31,8.326554e-12
650000,113,261,0,-2.1412901e-13,1.1912882e-12,2.8590617e-12,2.1717906e-16,7.034672e-20,2.9889609e-09
650000,204,376,0,-1.3428219e-13,2.7603538e-12,1.2227737e-17,2.019077e-27,3.3648262e-24,3.0400935e-09
650000,160,335,0,-4.703244e-13,2.8863488e-11,2.8788992e-26,4e-45,7.0613226e-13,5.197028e-12
650000,69,366,0,4.7418406e-11,2.9218603e-11,5.1361287e-11,4.387706e-12,1.7417534e-11,5.963331e-11
650000,72,450,0,-1.2683427e-12,4.0170485e-11,5.2358194e-11,1.0656272e-11,2.1663754e-11,2.1947384e-10
650000,233,223,0,-2.2141035e-14,3.1529484e-15,1e-44,0.0,4.65e-43,3.3767225e-20
650000,320,454,0,-3.806634e-13,5.945903e-12,9.188945e-12,3.1920219e-15,3.7048353e-18,7.562483e-11
650000,448,382,0,-1.047547e-12,4.3063816e-11,5.8454196e-12,5.930982e-16,2.2930595e-17,7.4608576e-11
650000,120,111,0,1.9903953e-12,3.0879906e-11,1.1270894e-22,1.85844e-39,4.030358e-13,4.1448042e-10
650000,6,284,0,-2.852378e-13,1.3402871e-11,3.065229e-11,1.8861776e-12,4.404368e-12,2.2306358e-10
650000,364,248,0,-2.408945e-13,3.5345472e-12,7.4628e-25,6.2033e-41,1.21889015e-27,5.9138264e-11
650000,296,366,0,-5.969096e-14,1.1445042e-14,7.234779e-14,9.66423e-20,4.221298e-24,7.781288e-11
650000,274,56,0,3.245418e-11,5.746981e-11,7.0168506e-15,2.2214295e-23,3.226176e-11,1.318591e-10
650000,370,63,0,-9.186177e-13,6.8033905e-11,1.9063703e-14,8.012095e-21,1.2340594e-14,7.859436e-11
650000,364,485,0,-4.6305256e-13,2.8076997e-11,2.4027264e-14,4.175709e-21,9.884618e-15,1.5682078e-10
650000,464,168,0,6.1777796e-13,4.0903267e-11,2.1595397e-15,1.1176637e-24,7.242572e-15,1.5407076e-10
650000,10,127,0,-7.7863914e-13,3.1142658e-11,6.926477e-14,1.8431615e-19,1.5362851e-13,1.8747148e-10
650000,389,272,0,-2.9697748e-13,2.6291387e-11,1.843377e-30,0.0,1.015186e-16,2.3306588e-11
650000,444,333,0,-4.884901e-13,3.8596813e-11,1.3516512e-19,3.0534524e-32,9.9715964e-14,5.3879113e-11
650000,44,295,0,-2.7754738e-13,2.7378668e-12,4.0893836e-14,6.827796e-22,7.2933243e-28,8.2771456e-11
650000,466,389,0,-1.2424582e-12,5.2845693e-11,1.165748e-14,2.723749e-22,1.0038817e-17,1.5942492e-10
650000,165,385,0,-3.294862e-13,2.3666983e-11,1.1234171e-12,1.7225593e-16,1.2441133e-18,5.111463e-11
650000,31,200,0,-6.267908e-13,3.4770114e-11,2.5175817e-13,2.1403684e-19,3.830329e-11,6.8606856e-11
650000,323,287,0,-6.042634e-13,7.926856e-11,2.2574214e-34,0.0,3.448251e-14,5.078027e-11
650000,29,144,0,-1.0090616e-12,6.38833e-11,3.3186995e-11,1.6614176e-12,3.453845e-13,7.894912e-11
650000,337,269,0,-1.8310151e-13,4.283178e-12,6.8125793e-34,0.0,1.0015483e-22,2.7837528e-13
650000,413,81,0,1.3222058e-11,2.3076659e-11,6.7655716e-12,1.5733027e-15,1.11108074e-17,1.1008666e-10
650000,7,346,0,-1.0572794e-12,5.337491e-11,2.0986804e-11,1.09538084e-13,1.8404192e-15,1.3380495e-10
650000,380,283,0,-2.252222e-13,1.0447891e-11,1.67874e-40,0.0,1.905634e-18,6.842573e-11
650000,350,366,0,1.3811136e-11,2.0232012e-11,6.7432344e-13,4.008362e-17,4.7424064e-19,6.839517e-12
650000,274,140,0,-2.6367802e-13,4.0644246e-12,3.2701148e-19,4.324644e-33,6.640649e-25,5.976645e-13
650000,440,176,0,2.1648715e-10,7.0210594e-11,8.1646755e-12,2.309197e-14,4.4681744e-14,1.566377e-10
650000,438,274,0,-4.2264854e-13,2.1962746e-11,1.1373677e-16,7.11404e-24,4.4379066e-11,1.3891252e-10
650000,195,370,0,-3.670072e-13,1.9973695e-11,1.1631597e-24,1.71415e-40,6.511413e-17,5.0090236e-12
650000,494,212,0,-3.495864e-13,1.7424536e-11,1.0219451e-11,2.29631e-15,4.4015802e-17,1.08697294e-10
650000,147,342,0,-5.8114727e-13,2.6203468e-11,2.758611e-23,7.123923e-39,8.7975166e-14,7.1988158e-12
650000,140,304,0,-9.3827656e-14,4.7843465e-12,9.230619e-17,1.14002e-25,8.930474e-20,3.1830072e-12
650000,144,139,0,1.3670848e-10,2.905381e-12,3.6030453e-22,1.9778455e-36,8.1040825e-24,1.2318807e-10
650000,356,218,0,-3.9422735e-13,2.0643525e-11,6.6193423e-15,3.2715482e-23,1.8747555e-19,9.708927e-11
650000,246,53,0,-5.9038007e-13,4.197378e-11,3.7695267e-14,2.1356887e-20,3.826056e-11,7.873965e-11
650000,87,211,0,-1.4645936e-13,1.8606219e-11,7.6887864e-14,1.2487082e-19,2.767256e-12,2.4497812e-11
650000,77,471,0,-1.6033746e-12,8.005412e-11,1.2404255e-13,3.1705848e-19,1.2039615e-12,3.2390193e-09
650000,257,84,0,-8.48909e-12,2.281789e-09,2.5772932e-11,1.09666684e-13,4.1188097e-09,1.15540605e-10
650000,305,451,0,-2.6186028e-13,1.5552185e-11,1.8718465e-15,1.9234655e-23,1.452642e-15,9.787592e-11
650000,166,181,0,-1.452208e-13,2.041093e-12,1.1267161e-20,1.5664952e-34,2.5306407e-27,1.2450867e-10
650000,334,454,0,-6.0320694e-13,4.9206094e-11,3.9870952e-14,2.067236e-20,3.5118678e-15,1.3338304e-10
650000,435,130,0,-5.9863486e-13,1.0273055e-10,5.340579e-12,2.1643411e-15,1.7695963e-11,8.6968724e-11
650000,7,228,0,-3.0870307e-13,1.0892892e-11,6.0483125e-12,1.8008456e-15,3.047891e-18,1.7031644e-10
650000,284,140,0,-3.261509e-13,1.30628884e-11,4.8244966e-18,1.7845026e-29,3.254719e-14,4.8662897e-11
650000,109,113,0,5.007439e-13,2.0654936e-11,1.3329438e-20,3.3210136e-33,1.6778359e-15,1.1263906e-10
650000,41,145,0,-1.0321175e-12,5.164626e-11,8.557742e-12,3.3805947e-15,1.2583158e-12,6.839607e-11
650000,447,223,0,6.445522e-10,9.158631e-12,3.0640265e-11,6.4963215e-13,3.001509e-14,1.253469e-10
650000,75,177,0,-3.5702216e-13,1.7871303e-11,1.5275157e-17,1.6725675e-27,8.399467e-16,2.0698808e-10
650000,364,264,0,-1.4362236e-13,2.117215e-13,3.47623e-40,0.0,7.07787e-38,4.0588016e-10
650000,279,242,0,-8.052278e-16,1.9613059e-22,1.559153e-39,0.0,0.0,1.8884584e-12
650000,161,495,0,-5.933477e-13,1.9774885e-11,1.780029e-15,6.2737465e-21,7.17606e-16,6.202145e-11
650000,129,131,0,1.8347018e-10,1.31794775e-11,1.07827735e-20,1.4072928e-29,3.661104e-18,3.0218172e-09
650000,191,91,0,-4.3594845e-13,3.574974e-11,3.146356e-15,5.457564e-23,1.318856e-15,3.0654457e-09
650000,395,144,0,-4.1379072e-13,2.5777713e-11,3.4284397e-18,5.3705154e-31,6.590816e-17,3.1739736e-11
650000,83,30,0,-1.1978686e-12,5.422082e-11,6.772553e-11,9.800531e-12,4.1126846e-12,3.0853924e-09
650000,393,192,0,1.1730829e-13,5.163476e-13,3.0173655e-14,2.0862026e-21,3.6298845e-27,3.0065725e-09
650000,364,490,0,-4.4369044e-13,1.6579309e-11,4.862983e-15,5.540683e-22,4.842101e-16,3.2021117e-09
650000,4,445,0,-1.6036412e-12,1.3122343e-10,4.7330445e-11,8.898163e-13,2.4315695e-12,3.2464904e-09
650000,170,93,0,-3.9306167e-13,2.6901667e-11,2.6355474e-22,6.8692e-40,2.7531651e-17,3.0264131e-09
650000,154,120,0,3.4857323e-12,6.507508e-13,3.3922526e-24,7.3e-44,1.7586046e-31,3.1442313e-09
650000,193,225,0,-1.12572806e-13,4.8149193e-12,2.1464045e-13,5.8951105e-19,1.781329e-22,1.235516e-10
650000,258,191,0,-8.538714e-15,6.3581627e-18,9.67398e-11,1.3180709e-10,6.807329e-10,2.1767138e-13
650000,285,364,0,-1.1021387e-11,2.2719093e-09,1.5972456e-12,1.610228e-16,4.1188084e-09,8.885038e-11
650000,170,293,0,-1.1030101e-11,2.2719089e-09,3.6019724e-16,2.799409e-26,4.1188084e-09,5.6601154e-11
650000,278,92,0,2.393895e-11,6.394639e-11,2.1341843e-12,9.274748e-17,9.387186e-12,4.0907788e-11
650000,98,455,0,-1.1985424e-12,2.5112393e-11,1.0016079e-12,5.000833e-17,6.2673788e-18,5.6852887e-11
650000,447,41,0,-1.0322409e-12,9.019358e-11,5.438068e-11,4.209938e-12,2.1914155e-12,1.9159337e-10
650000,228,440,0,-4.2419708e-13,3.5341147e-11,1.5160324e-13,1.2165704e-18,6.6717016e-16,3.1815903e-10
650000,306,205,0,-2.5267515e-14,2.0027162e-15,2.1366027e-13,8.728725e-19,5.49197e-23,2.09148e-16
650000,238,358,0,6.785428e-13,1.0634632e-14,2.7222094e-12,6.3032227e-16,7.3033157e-19,5.2750465e-12
650000,446,55,0,-9.175779e-13,3.5555302e-11,9.548744e-12,3.5005436e-15,1.6881289e-16,4.2285664e-10
650000,176,44,0,-5.842543e-13,2.6581437e-11,3.415927e-15,5.2379165e-24,1.0671807e-19,5.8594726e-11
650000,455,63,0,-1.0681019e-12,4.287726e-11,3.001408e-11,5.2382537e-14,2.2090656e-12,1.7875838e-10
650000,235,262,0,-1.5486859e-15,1.3576093e-19,0.0,0.0,0.0,9.57147e-11
650000,181,81,0,-3.9735148e-13,7.8901104e-12,1.1162117e-22,3.6814655e-38,1.31728214e-23,3.6041843e-11
650000,329,25,0,-9.183178e-13,8.0691995e-11,4.0388106e-16,4.5831833e-25,1.4910123e-11,1.6498394e-10
650000,213,121,0,-5.4760086e-13,3.5663295e-11,3.2701055e-19,4.3246426e-33,4.0662687e-14,1.0055079e-11
650000,285,22,0,-7.038728e-13,5.4295336e-11,1.087921e-15,2.364731e-23,3.6165853e-16,3.1042768e-09
650000,266,426,0,5.229378e-13,1.8067275e-13,3.0362436e-15,2.1326332e-24,4.2992257e-32,3.0914797e-09
650000,401,350,0,-3.8849826e-13,1.9775636e-11,4.1727778e-16,3.5856615e-26,1.11551625e-17,3.080323e-09
650000,453,375,0,-1.020602e-12,4.2777084e-11,1.2015584e-11,1.7674234e-14,3.897374e-15,3.1621736e-09
650000,272,58,0,3.374356e-11,5.3322024e-11,8.57431e-15,2.8491513e-23,3.2253745e-11,3.124995e-09
650000,137,412,0,-2.7473634e-13,7.2781494e-12,3.0866815e-12,3.5612476e-16,3.002529e-19,3.1226133e-09
650000,486,80,0,-1.2714526e-12,4.5655736e-11,1.8175031e-11,2.6222302e-13,2.3401198e-11,3.3476213e-09
650000,141,83,0,-5.212188e-13,5.0656153e-11,3.275954e-15,6.2437135e-23,3.3162718e-15,3.075521e-09
650000,397,242,0,4.876065e-13,1.1608703e-11,3.915689e-15,4.3867967e-24,2.1318942e-20,3.0683027e-09
650000,476,273,0,-7.6235497e-13,7.053418e-11,2.2769791e-11,2.5574787e-13,6.332357e-13,3.1320109e-09
650000,196,4,0,-1.506259e-12,1.4117504e-10,1.01249543e-10,4.007985e-12,4.795661e-13,3.1042178e-09
650000,227,466,0,-5.12708e-13,2.5778461e-11,2.6928354e-18,6.0210596e-30,5.3364533e-15,3.37843e-09
650000,116,126,0,2.2333973e-11,3.3939073e-12,1.0877861e-15,1.1073615e-21,1.3543357e-21,3.0094598e-09
650000,284,290,0,-2.9415252e-14,8.5049355e-16,1.5833056e-22,1.0532573e-38,2.8e-44,3.0131442e-09
650000,345,271,0,-2.4145134e-13,1.0847051e-11,1.5697e-41,0.0,7.3313196e-17,2.9935603e-09
650000,35,450,0,-1.6413006e-12,8.73622e-11,1.1675399e-11,1.9969672e-14,1.5062987e-14,3.1102068e-09
650000,25,38,0,-1.5493528e-12,6.762558e-11,1.415329e-12,3.872962e-17,3.1152858e-10,3.0901137e-09
650000,47,29,0,-1.3903581e-12,7.49288e-11,2.1283128e-14,3.8491793e-22,3.8303423e-11,3.290058e-09
650000,216,428,0,-2.3919663e-13,1.5466932e-12,8.933945e-14,2.882159e-20,9.137579e-26,3.0382759e-09
650000,491,11,0,-1.1440925e-12,3.096549e-11,2.0892196e-11,9.432689e-14,1.410382e-15,3.269319e-09
650000,371,5,0,-5.901348e-13,2.0207974e-11,2.7222291e-12,6.3032227e-16,8.476866e-15,3.3236518e-09
650000,118,236,0,-3.836426e-14,2.8841658e-14,1.1838841e-14,2.843571e-22,2.197153e-28,2.9969258e-09
650000,429,336,0,-4.034767e-13,2.0927553e-11,1.609553e-19,9.301917e-34,5.6747385e-16,3.1860616e-09
650000,168,160,0,-5.1160444e-14,1.9081197e-11,2.0228678e-12,8.939601e-17,8.142506e-20,2.9901812e-09
650000,93,439,0,-1.0713587e-12,5.698051e-11,1.3256208e-11,1.9794354e-14,7.503332e-13,3.0201184e-09
650000,42,424,0,-1.0284875e-12,4.8580587e-11,3.9714662e-11,5.371237e-13,2.1494693e-14,3.0799696e-09
650000,203,1,0,-1.4337662e-12,1.501176e-10,1.0593903e-11,6.8342167e-15,2.4570732e-10,3.120256e-09
650000,24,333,0,-6.823699e-13,2.82036e-11,1.1330159e-15,2.8378437e-24,1.8080989e-13,3.1660365e-09
650000,219,249,0,-6.2461814e-16,1.5128415e-21,2.472e-42,0.0,0.0,2.9909761e-09
650000,389,119,0,1.3335543e-11,7.859024e-12,2.2339677e-14,9.860132e-22,4.5916553e-21,3.0608918e-09
650000,203,494,0,-7.0388297e-13,5.791581e-11,1.107654e-14,7.890698e-21,3.0343925e-11,3.2646847e-09
650000,172,406,0,-2.0947976e-13,1.1447419e-11,1.5427657e-14,1.1241908e-21,6.589791e-17,2.9918716e-09
650000,9,33,0,-1.0688975e-12,7.043874e-11,5.5650115e-15,8.41235e-23,3.2464742e-10,3.2068312e-09
650000,143,372,0,-2.762986e-13,6.8037533e-12,2.8140303e-16,5.4676196e-26,2.7902078e-20,2.9896785e-09
650000,414,22,0,-6.693051e-13,2.281463e-11,6.66002e-11,1.9819172e-11,1.2150266e-11,3.1453375e-09
650000,88,186,0,-2.4789738e-13,5.5221322e-12,5.694515e-14,3.056228e-20,1.0404113e-20,3.502773e-11
650000,110,266,0,-1.1364259e-11,2.2766136e-09,8.4568394e-16,2.7752053e-25,4.1188084e-09,5.5558895e-12
650000,216,343,0,-3.5348067e-13,2.5231874e-11,1.03131396e-16,2.8065483e-27,8.735119e-17,1.5410293e-11
650000,314,235,0,-6.825463e-14,1.2153016e-13,9.687547e-14,2.6227589e-20,7.1492566e-26,1.831046e-11
650000,125,101,0,-1.9875541e-13,2.6939772e-11,3.3016919e-15,1.9884798e-21,5.5208205e-18,1.3478312e-10
650000,195,265,0,-1.10187196e-14,1.132692e-15,3.7282263e-31,0.0,0.0,1.1554632e-11
650000,326,287,0,-5.8785886e-13,6.256392e-11,6.570531e-37,0.0,6.135666e-16,7.1668e-12
650000,127,37,0,-1.2900241e-12,8.344447e-11,6.763937e-14,4.1681993e-20,5.8854905e-14,1.0821758e-10
650000,242,278,0,-3.1521365e-16,2.5315506e-22,7.563497e-30,0.0,0.0,3.5768804e-16
650000,370,440,0,2.2259543e-11,5.0406193e-11,2.122814e-11,2.853489e-14,8.93393e-12,1.5289255e-10
650000,243,215,0,-4.575233e-14,7.014696e-13,6.1359503e-31,0.0,1.7493173e-30,1.828906e-15
650000,336,279,0,-5.411389e-13,1.6213409e-11,3.673936e-39,0.0,1.6805824e-17,1.3356848e-11
650000,423,95,0,5.4976412e-11,6.711573e-11,3.6151935e-14,6.1596146e-21,2.6833008e-14,4.5728815e-10
650000,241,161,0,-4.2395998e-14,3.8481287e-13,3.3252576e-30,0.0,3.9759507e-31,3.3047877e-12
650000,345,389,0,3.0424847e-11,3.077743e-11,2.2901806e-14,9.730048e-22,6.964228e-16,2.4527288e-11
650000,233,47,0,-7.918403e-13,2.8224693e-11,1.107656e-12,9.919252e-18,1.296056e-17,2.9985596e-09
650000,144,198,0,-8.941628e-14,4.131011e-13,1.890627e-17,5.2924916e-28,2.1442292e-33,3.004719e-09
650000,400,394,0,2.0093894e-12,5.5245933e-11,7.928223e-12,1.9729264e-14,2.800552e-10,3.1094962e-09
650000,108,490,0,-1.3260937e-12,9.13887e-11,5.778126e-11,1.978541e-11,1.3087866e-11,3.178253e-09
650000,439,123,0,-2.2483201e-13,1.2354368e-10,1.0356944e-13,2.1630498e-19,6.0422234e-10,3.0166267e-09
650000,482,221,0,1.9829327e-13,1.3930963e-11,4.248119e-14,3.1939186e-21,1.4132375e-14,3.2246967e-09
650000,263,0,0,-5.0876615e-13,5.061301e-11,7.873401e-10,4.4890758e-10,1.0463975e-09,3.4119911e-09
650000,413,3,0,-6.8779157e-13,3.13187e-11,1.2455467e-11,6.245057e-15,1.629052e-14,3.0721063e-09
650000,243,394,0,5.7654925e-10,7.367633e-12,4.1727337e-14,3.0823738e-21,4.016247e-19,3.0079004e-09
650000,85,149,0,-5.7718836e-13,2.2568595e-11,1.0165487e-20,2.5523566e-34,2.9153677e-20,3.2954612e-09
650000,34,312,0,-5.7361825e-13,3.048843e-11,5.6453967e-15,4.389579e-23,2.961974e-10,3.1169025e-09
650000,413,271,0,-4.130373e-13,1.439449e-11,3.3613367e-16,1.02376415e-25,5.4858763e-18,3.016878e-09
650000,98,114,0,-3.8952028e-13,3.014099e-11,5.682925e-13,4.7695805e-18,7.3648647e-16,3.1121823e-09
650000,457,6,0,-1.1520485e-12,5.398359e-11,2.0969778e-12,3.860676e-17,1.7462767e-14,3.203632e-09
650000,88,183,0,-2.688967e-13,4.61155e-12,1.8750335e-12,1.2291537e-16,4.039351e-20,3.0288112e-09
650000,289,207,0,-3.1024892e-14,6.193254e-14,1.3356336e-12,1.0870516e-16,8.2501973e-20,2.9887866e-09
650000,408,491,0,-1.0408442e-12,6.1781004e-11,3.4639225e-09,7.191879e-10,1.1566635e-09,2.1452946e-10
650000,287,16,0,-6.5716616e-13,5.806904e-11,1.8041095e-12,1.1010514e-16,1.3633788e-12,3.1402245e-09
650000,36,47,0,-1.333656e-12,7.4173286e-11,5.7993537e-11,3.726831e-12,5.068505e-11,3.4421532e-09
650000,470,140,0,-8.5932384e-13,8.0464316e-11,2.0926042e-13,6.866447e-20,2.114627e-11,3.3342542e-09
650000,304,214,0,-6.556202e-15,7.9681667e-19,7.100894e-20,7.8394494e-31,7.43933e-39,1.3685414e-14
650000,484,446,0,-1.2523413e-12,4.2190966e-11,1.130076e-12,1.6600089e-17,1.9098446e-19,3.0852383e-09
650000,178,452,0,-7.128916e-13,4.3788157e-11,1.4703824e-17,7.637005e-29,5.6139125e-15,3.1435485e-09
650000,30,217,0,-4.7062826e-13,2.8983415e-11,2.2909361e-14,4.3459536e-22,3.4550305e-14,3.0697762e-09
650000,384,57,0,-8.6883143e-13,4.449406e-11,3.1838911e-13,4.6111054e-19,1.0593658e-18,3.1638587e-09
650000,312,451,0,-2.9796483e-13,2.0072501e-11,7.157533e-12,7.690975e-15,5.2372687e-14,3.1211758e-09
650000,71,470,0,-1.6648817e-12,1.3506249e-10,3.63286e-15,5.461767e-23,1.4422745e-11,3.161917e-09
650000,35,439,0,-1.0871161e-12,1.4968861e-11,6.0057063e-11,4.1763728e-11,8.871915e-11,3.1714704e-09
650000,54,70,0,-5.025058e-13,1.2878251e-11,3.2281876e-13,1.0654934e-17,7.584176e-15,3.2117127e-09
650000,440,406,0,-1.2097812e-12,4.84127e-11,4.0590088e-12,5.339215e-16,4.6998466e-15,3.1628238e-09
650000,481,390,0,-1.2026285e-12,6.88055e-11,5.251802e-13,1.3194014e-18,2.3810278e-13,3.135144e-09
650000,314,497,0,-2.878932e-13,9.739629e-12,2.2139796e-15,3.55989e-24,3.75422e-20,3.1187495e-09
650000,445,281,0,-4.71042e-13,2.7925069e-11,8.1644734e-12,2.309197e-14,7.165534e-14,3.1144571e-09
650000,154,29,0,-6.73345e-13,2.8829897e-11,3.2178718e-11,4.3324182e-13,1.4256032e-12,3.12444e-09
650000,383,355,0,7.280109e-13,2.0496221e-11,5.2244505e-16,1.5213326e-25,2.5364513e-12,3.0596292e-09
650000,444,318,0,-4.8681095e-13,1.6242813e-11,1.03532085e-13,2.1737733e-20,5.333297e-17,3.075996e-09
650000,254,77,0,1.8257084e-12,3.2746493e-11,8.0188915e-13,6.0834523e-18,3.0654216e-15,1.9533261e-10
650000,183,430,0,-5.7199536e-13,3.909933e-11,1.8301121e-14,5.4188057e-21,1.0782308e-11,3.0698526e-09
650000,233,469,0,-5.117163e-13,2.045637e-11,2.070927e-15,3.0866975e-24,9.962436e-17,3.1109126e-09
650000,381,21,0,-7.770096e-13,2.6574439e-11,1.1102072e-15,7.3401985e-24,4.4152506e-16,3.107446e-09
650000,67,164,0,-5.2202524e-13,1.5329507e-11,1.9318808e-13,1.5192234e-19,6.0627674e-22,3.161342e-09
650000,27,22,0,-1.7051611e-12,1.10765126e-10,9.4424295e-12,4.5429325e-15,1.0199715e-14,4.2157025e-10
650000,37,69,0,-1.0065818e-12,2.9323228e-11,8.737366e-15,2.2423855e-22,5.3012616e-16,3.0766354e-09
650000,30,233,0,-1.8880664e-13,6.059579e-13,5.539562e-11,3.9261016e-12,5.6073673e-13,3.1474021e-09
650000,58,12,0,-1.0011239e-12,4.6763808e-11,4.1069456e-13,7.404295e-19,3.7290806e-11,3.2144538e-09
650000,113,103,0,-4.804456e-13,1.8638396e-11,2.081208e-14,8.097538e-22,3.0479608e-18,3.093435e-09
650000,109,89,0,-5.151922e-13,3.809127e-11,7.641922e-12,1.6641975e-14,2.6298385e-11,3.2853442e-09
650000,465,30,0,-1.3250604e-12,7.2608704e-11,2.2276939e-11,1.0922285e-13,3.1686634e-10,3.4263368e-09
650000,118,71,0,-6.0866546e-13,9.914947e-12,1.7257717e-12,4.2415155e-17,4.8165305e-21,3.149824e-09
650000,434,262,0,1.3709297e-13,1.19179345e-11,3.12208e-19,5.998277e-28,5.054314e-23,3.1022764e-09
650000,78,115,0,-6.9974115e-13,2.538468e-11,3.343638e-12,2.9610572e-16,1.3960529e-17,3.2521354e-09
650000,339,482,0,-4.46375e-13,6.5334773e-12,2.37679e-13,1.5596396e-19,1.593866e-24,3.0589733e-09
650000,107,447,0,-1.0428983e-12,8.7709826e-11,2.2496636e-11,2.1776754e-13,6.14834e-15,3.0474057e-11
650000,53,337,0,-4.646004e-13,3.6944437e-11,2.2310361e-13,1.511359e-18,1.2820478e-12,3.1515064e-09
650000,368,406,0,7.606375e-11,3.5329825e-12,6.4266795e-12,2.0983427e-15,4.7308887e-18,3.037611e-09
650000,83,421,0,-9.091615e-13,4.802062e-11,1.2102028e-11,3.2766026e-14,3.0241827e-15,3.046672e-09
650000,483,107,0,-1.0859529e-12,6.380531e-11,2.5188246e-12,4.3498453e-16,6.825569e-13,3.3722491e-09
650000,348,480,0,-4.6008553e-13,1.9521908e-11,2.2987146e-12,2.257788e-16,2.354276e-15,3.1088405e-09
650000,444,400,0,-1.1880422e-12,7.866722e-11,1.6228365e-15,4.964251e-24,2.1939897e-09,3.1865888e-09
650000,334,434,0,-3.2581167e-13,2.2841444e-11,3.958964e-14,2.0672307e-20,2.8522792e-13,3.2819463e-09
650000,55,471,0,-1.7923395e-12,8.813025e-11,1.2393754e-11,2.7533927e-14,2.2799967e-13,3.3518959e-09
650000,216,102,0,-4.657873e-13,3.0213453e-11,7.097778e-20,4.0251346e-35,3.9316994e-11,6.4580945e-11
650000,132,88,0,-5.109448e-13,2.6409241e-11,4.703078e-13,2.1342745e-18,1.1769565e-15,3.0555165e-09
650000,112,397,0,6.319382e-13,4.2749675e-11,3.51138e-15,1.8985148e-23,2.3083284e-09,3.1563268e-09
650000,82,487,0,-1.1515238e-12,5.4890276e-11,4.287716e-12,1.0972807e-15,2.530535e-09,3.1100766e-09
650000,18,31,0,-1.6471636e-12,9.536089e-11,1.1634241e-11,1.0687278e-14,2.2612983e-09,3.1726395e-09
650000,172,82,0,-4.0388713e-13,5.811889e-12,1.0887812e-17,3.6444273e-29,1.0455858e-21,3.0979204e-09
650000,361,218,0,-4.74076e-13,2.9440075e-11,4.4891917e-13,3.8390623e-18,9.7032e-13,4.9296466e-11
650000,165,2,0,-6.3918873e-13,1.246289e-11,4.7388444e-15,1.1179693e-22,2.3245874e-18,3.0770637e-09
650000,20,81,0,-1.2111139e-12,5.2629543e-11,1.7973738e-14,8.775254e-22,2.3154421e-12,3.3324605e-09
650000,128,458,0,-6.46722e-13,3.420164e-11,5.5633735e-12,1.1528141e-14,7.590843e-14,3.0903913e-09
650000,448,105,0,-7.9933277e-13,4.976129e-11,4.9911087e-12,1.4573542e-15,1.0665107e-13,3.131445e-09
650000,71,177,0,-3.8230045e-13,3.198291e-11,1.6770201e-15,1.9985401e-23,2.4565094e-10,3.0843352e-09
650000,258,490,0,-5.2350626e-13,5.08437e-11,5.1341813e-12,6.1037496e-16,3.0958325e-10,3.1136316e-09
650000,482,247,0,-4.3527194e-13,5.7898127e-11,7.871484e-15,5.15904e-22,3.035377e-11,3.075329e-09
650000,249,417,0,1.7769607e-11,1.6744165e-11,6.7448064e-16,1.0635782e-24,1.0960295e-12,3.075698e-09
650000,464,13,0,-1.2496465e-12,5.7724832e-11,1.3994535e-15,1.7927925e-24,3.0278143e-16,3.4464969e-09
650000,365,418,0,9.890294e-11,2.303665e-11,1.040619e-13,3.062182e-20,4.2930755e-13,3.0026888e-09
650000,47,379,0,1.0644399e-13,2.951025e-11,3.702745e-11,1.1660988e-12,1.3569082e-13,3.1916185e-09
650000,88,158,0,-4.2518357e-13,4.65944e-11,3.0332842e-20,2.6199517e-34,8.523061e-13,3.1432068e-09
650000,328,103,0,-5.558493e-13,3.3949794e-11,6.1835667e-15,3.425726e-22,4.8787393e-16,3.0228102e-09
650000,254,365,0,4.1271223e-12,1.5027855e-13,2.3993485e-17,1.0111245e-27,6.474411e-36,3.0233136e-09
650000,469,123,0,-1.009117e-12,4.9712803e-11,3.7089866e-11,1.5187959e-12,2.1540719e-11,3.2113787e-09
650000,389,410,0,9.771564e-11,1.3722973e-11,2.2792583e-13,7.1346623e-19,4.14016e-17,3.0291742e-09
650000,62,68,0,-4.86452e-13,6.3906944e-12,7.585325e-17,5.4935226e-28,1.4478835e-23,3.2680239e-09
650000,429,239,0,6.123417e-11,3.0500883e-11,7.5861896e-16,8.832223e-25,2.3529205e-15,3.0902765e-09
650000,454,400,0,-1.2480228e-12,7.731259e-11,4.8850693e-12,7.447897e-16,3.1799882e-10,3.1559733e-09
650000,40,474,0,-1.8237447e-12,4.219799e-11,4.6312407e-12,6.892376e-16,8.1844905e-19,3.3986953e-09
650000,289,422,0,-7.029181e-14,1.444908e-13,8.0192856e-13,1.1223962e-17,1.1697179e-21,3.0217273e-09
650000,192,21,0,-8.783442e-13,4.5809807e-11,4.8127817e-12,8.373949e-16,9.559873e-16,3.7233108e-10
650000,373,311,0,-3.4546712e-13,2.3630469e-11,3.2836855e-21,4.206159e-36,4.9920707e-16,9.410043e-12
650000,52,415,0,-1.1913283e-11,2.3172657e-09,1.2598466e-15,4.4448555e-25,4.121459e-09,9.718739e-11
650000,430,99,0,2.2036631e-11,6.2649684e-11,8.878891e-12,1.3875433e-14,1.0152849e-13,1.5191978e-10
650000,185,378,0,-3.884814e-13,2.9772542e-11,2.6783184e-25,2.5e-44,4.4379094e-11,1.1874611e-10
650000,222,218,0,-8.323704e-14,2.9585056e-13,9.484e-42,0.0,2.950423e-27,3.0836465e-16
650000,175,258,0,-1.4311577e-15,2.3294755e-21,2.406637e-14,2.4962178e-21,5.236979e-27,1.3693592e-10
650000,75,187,0,-3.5972804e-13,3.15029e-11,1.6827895e-13,3.825697e-18,4.431679e-17,1.4862582e-10
650000,124,91,0,-1.1559703e-11,2.3211153e-09,2.8020245e-12,6.8770907e-16,4.1380828e-09,2.7359117e-11
650000,368,414,0,1.3295028e-10,1.1582569e-11,8.0829276e-12,2.1941037e-14,3.0194112e-16,1.2355922e-11
650000,354,204,0,-3.4311643e-13,5.4099698e-12,1.6587283e-16,3.3262543e-27,4.0587069e-25,9.375399e-12
650000,178,429,0,-5.0004467e-13,1.8242751e-11,2.3691545e-14,5.9036093e-22,2.809946e-20,1.1737679e-10
650000,405,236,0,7.761918e-12,1.7105657e-11,1.4528033e-14,1.3071247e-21,9.8797635e-15,1.2633816e-10
650000,373,54,0,-9.985924e-13,3.585861e-11,7.2334115e-15,1.155421e-22,2.2086393e-12,1.2933828e-10
650000,159,342,0,-5.7289893e-13,5.75451e-11,8.005134e-21,3.695886e-35,9.478006e-14,1.1821111e-10
650000,351,364,0,1.102408e-11,1.9086744e-11,4.169474e-14,4.199328e-20,1.2812774e-18,5.5780944e-12
650000,134,89,0,-4.878974e-13,2.332201e-11,2.5125887e-14,1.164804e-21,2.5569162e-17,4.0403233e-11
650000,117,373,0,1.3603276e-12,2.1119355e-11,1.1805377e-16,3.5203777e-27,2.5618487e-19,1.0649682e-10
650000,186,71,0,-3.9142498e-13,5.401754e-12,3.12703e-17,9.531525e-29,1.1625958e-21,4.0466356e-11
650000,124,426,0,-5.6436464e-13,4.7014097e-11,9.338806e-14,3.784145e-20,2.3777195e-15,8.65866e-11
650000,321,165,0,-3.9341013e-13,7.2425045e-11,1.9233274e-25,0.0,1.4500425e-12,1.4515544e-11
650000,383,160,0,-5.727761e-13,7.538355e-12,6.635714e-24,3.6854e-41,2.2420283e-22,1.2507889e-10
650000,315,115,0,-4.056894e-13,1.5666341e-11,4.2615154e-18,2.3802142e-29,1.7636469e-19,1.07823524e-11
650000,139,212,0,-5.4668177e-14,3.6534818e-14,7.139185e-17,4.266371e-28,1.7603471e-35,1.005381e-10
650000,47,419,0,-9.35237e-13,7.0730706e-11,4.7382254e-14,5.5650785e-21,6.261838e-11,3.3032248e-09
650000,112,485,0,-1.2650087e-12,6.978405e-11,2.0012084e-12,6.188181e-17,2.5772138e-15,2.371829e-10
650000,110,224,0,-2.8558793e-14,5.06186e-16,3.2736995e-15,6.243712e-23,4.0433364e-29,3.1079257e-09
650000,188,478,0,-8.506517e-13,5.54839e-11,5.170391e-15,5.644047e-22,4.3069893e-15,1.7347536e-10
650000,413,191,0,2.7377003e-11,7.068107e-11,8.346066e-18,1.5717254e-28,1.5326852e-12,1.0651727e-10
650000,497,102,0,-1.1163766e-12,6.759956e-11,9.4634075e-12,6.170395e-15,1.9271292e-13,1.7559969e-10
650000,229,50,0,-8.885539e-13,4.5463872e-11,5.8367915e-11,4.3030423e-12,6.790902e-13,2.8714742e-11
650000,496,451,0,-5.004406e-13,5.3966914e-11,5.7953312e-12,1.3551791e-15,2.9860842e-10,3.2910952e-09
650000,151,11,0,-7.6039603e-13,5.234646e-11,9.107471e-11,1.2435139e-10,7.029902e-10,3.083785e-09
650000,94,30,0,-1.0900163e-12,2.8913885e-11,1.0537093e-12,1.13900496e-17,8.3995027e-16,3.0287245e-11
650000,16,93,0,-1.270723e-12,8.831578e-11,6.123768e-11,5.5404157e-13,1.512159e-12,1.420314e-10
650000,392,5,0,-6.9010894e-13,3.4020824e-11,1.0889226e-12,1.7466615e-17,1.1396727e-12,3.2355434e-09
650000,348,447,0,-3.3757497e-13,2.9079801e-11,3.4346172e-16,1.4557293e-25,4.3051784e-15,7.337292e-11
650000,318,33,0,-8.64475e-13,3.4534684e-11,2.4322033e-14,3.5675728e-22,1.818539e-13,5.6193453e-11
650000,7,486,0,-2.5132513e-12,1.5367421e-10,3.4622814e-09,7.191878e-10,1.1965348e-09,1.1707837e-10
650000,372,40,0,-1.0785604e-12,8.632803e-11,3.4780265e-09,7.192764e-10,1.153319e-09,1.7143698e-10
650000,1,411,0,-8.145852e-13,3.854919e-11,1.4226721e-10,2.4335253e-11,1.1752629e-11,3.1629517e-09
650000,483,439,0,-1.3817509e-12,1.07461796e-10,3.948377e-11,8.0671933e-13,3.483791e-11,2.4389066e-10
650000,319,37,0,-8.1471624e-13,2.3618336e-11,1.9442167e-12,5.327677e-17,5.578512e-19,3.0696872e-09
650000,13,146,0,-8.053303e-13,1.677262e-11,9.719403e-12,3.789582e-15,4.9485935e-18,3.1043619e-09
650000,235,11,0,-6.515633e-13,3.348018e-11,2.8860454e-15,2.4566497e-24,3.4961798e-16,3.6873998e-10
650000,36,275,0,-1.8007235e-13,4.9892646e-12,5.016008e-13,1.1652162e-18,3.0560025e-22,9.268074e-11
650000,46,392,0,-4.0491818e-13,1.4055936e-11,1.3768143e-11,2.6407679e-14,1.1251732e-16,1.198835e-10
650000,422,56,0,-8.39111e-13,5.923093e-11,6.439125e-15,2.2358962e-23,1.2049099e-12,1.449979e-10
650000,486,35,0,-1.5900742e-12,6.0067985e-11,5.868101e-11,4.1179997e-11,1.1308059e-10,3.4870555e-09
650000,201,385,0,-1.2121616e-13,5.3493447e-12,1.1974761e-12,2.243104e-17,2.2334428e-21,3.0191678e-09
650000,217,487,0,-6.2015903e-13,4.5991606e-11,2.9918256e-17,1.2276656e-28,2.0293944e-11,1.0839904e-10
650000,366,491,0,-4.890237e-13,2.0951157e-11,6.6324294e-16,4.606901e-25,4.952574e-15,1.6005668e-10
650000,459,335,0,-5.9694036e-13,1.2710945e-11,9.6168285e-23,4.5584225e-38,3.7659945e-23,9.812873e-11
650000,286,489,0,-5.3453303e-13,2.798983e-11,3.3521011e-15,1.991131e-21,1.9055844e-13,1.6525545e-11
650000,113,464,0,-1.0474693e-12,6.652555e-11,3.5301528e-14,3.7872404e-21,5.5071465e-11,3.18301e-09
650000,350,493,0,-2.4210378e-13,3.9587617e-12,1.3209727e-11,1.9794335e-14,7.571911e-17,2.8991085e-10
650000,470,422,0,-1.5427104e-12,9.841756e-11,1.5350672e-11,1.5830954e-14,1.3908539e-15,2.4187322e-10
650000,7,454,0,-1.7467238e-12,1.7636237e-10,2.105278e-12,4.1377983e-17,1.0067342e-10,3.1741183e-09
650000,18,206,0,-6.42076e-13,6.3672685e-11,6.1754483e-11,1.975897e-11,5.0915477e-11,3.131264e-10
650000,1,21,0,-1.899068e-13,2.7502866e-11,7.205449e-12,5.6390397e-15,2.2445696e-11,2.6232216e-10
650000,74,215,0,-1.6019402e-13,1.3202188e-12,6.755717e-12,2.516134e-15,2.8826148e-18,1.0809252e-10
650000,89,39,0,-9.0279075e-13,3.127335e-11,1.0024963e-15,7.347434e-25,8.906214e-13,1.8051949e-10
650000,50,222,0,-1.9445441e-13,4.867078e-12,1.9598257e-12,5.947028e-17,8.972941e-21,8.288577e-11
650000,72,12,0,-1.3065999e-12,1.1953705e-10,3.7803942e-13,7.3734606e-19,2.8934761e-09,4.3537643e-10
650000,474,486,0,-1.125013e-12,1.2020779e-10,1.6625775e-11,3.647066e-14,1.9107181e-12,1.236364e-10
650000,44,40,0,-1.3897616e-12,7.45049e-11,3.3891442e-11,1.2467194e-12,7.2227895e-14,1.4174036e-10
650000,366,12,0,-6.772781e-13,5.3354505e-11,1.5602153e-11,7.969959e-14,1.7225395e-11,3.0717104e-09
650000,430,107,0,2.571171e-11,7.0770036e-11,2.5267437e-14,8.1556535e-22,2.932488e-10,2.150201e-10
650000,382,474,0,-6.4786967e-13,2.0877772e-11,1.5562166e-12,3.2149525e-16,1.3438616e-16,3.0764826e-09
650000,272,1,0,-4.0970864e-13,1.3055351e-11,3.462527e-09,7.1918826e-10,1.1532664e-09,3.4575235e-11
650000,443,211,0,1.4270746e-10,5.1544696e-11,6.7114446e-11,1.9767393e-11,2.655955e-09,1.5847993e-11
650000,121,29,0,-1.2906969e-12,4.9570167e-11,5.4394533e-18,9.840589e-29,2.440656e-17,3.0277136e-09
650000,476,133,0,-9.106386e-13,3.42347e-11,4.302331e-12,3.4119294e-16,5.1689615e-18,2.8530722e-10
650000,6,34,0,-7.6191234e-13,5.3245238e-11,1.5251765e-14,3.2510464e-21,1.8664969e-13,3.2473826e-09
650000,34,486,0,-1.6631169e-12,8.394594e-11,3.5151684e-11,1.6267038e-12,2.5693626e-13,1.5512222e-10
650000,423,434,0,-1.4490723e-12,8.976912e-11,5.320383e-15,1.3217487e-22,9.9944263e-14,1.9545905e-10
650000,444,29,0,-1.0403931e-12,7.291344e-11,4.8377108e-11,4.7153735e-12,8.550333e-13,4.5311435e-10
650000,371,410,0,1.3240944e-10,1.5480013e-11,1.1878746e-11,2.4333745e-14,2.4328366e-16,1.3012851e-11
650000,451,454,0,-1.5383224e-12,1.249525e-10,3.004662e-11,7.247406e-13,2.2259083e-11,3.2328846e-09
650000,71,85,0,-6.511561e-13,5.5630653e-11,3.462263e-09,7.191878e-10,1.1535229e-09,1.746145e-10
650000,386,96,0,1.2426809e-11,5.1998756e-11,7.469399e-15,2.6240417e-22,1.03907395e-13,1.2128692e-10
650000,494,195,0,-2.4082095e-13,4.0303746e-12,3.4622678e-09,7.191878e-10,1.1532664e-09,4.029065e-10
650000,3,7,0,-2.2419885e-13,4.4990116e-11,3.1767613e-11,5.031258e-13,1.9798673e-11,3.248787e-09
650000,28,221,0,-3.965537e-13,2.3701263e-11,1.26880834e-14,4.651761e-22,2.0808421e-11,1.5468224e-10
650000,273,127,0,-5.264e-13,6.355451e-11,2.5369615e-13,3.7807644e-19,2.3322964e-09,3.0556675e-09
650000,331,14,0,-6.90252e-13,4.57373e-11,2.4307508e-17,2.8183424e-29,3.296315e-13,2.5474883e-10
650000,480,360,0,-7.7797626e-13,3.1746057e-11,3.4625127e-09,7.191878e-10,1.1532666e-09,1.7701283e-10
650000,266,488,0,-5.691765e-13,2.6915616e-11,1.3644545e-10,2.3256598e-11,1.2860555e-11,3.226829e-09
650000,87,426,0,-1.0783729e-12,8.9951754e-11,6.102767e-14,6.76929e-21,2.8599548e-10,3.1124632e-09
650000,123,462,0,-8.1287527e-13,3.8062758e-11,7.7840005e-17,2.8784727e-26,1.0045359e-15,2.0205264e-10
650000,17,414,0,-7.5801984e-13,5.1688206e-11,1.2223627e-12,2.961654e-17,3.2195277e-12,3.6477446e-09
650000,156,3,0,-7.239674e-13,5.3870845e-11,3.0352345e-14,1.2007048e-21,1.4417605e-11,7.4158407e-10
650000,0,432,0,-1.2760925e-12,1.687954e-10,1.9570743e-11,2.851657e-14,2.5291502e-10,3.6532515e-09
650000,2,415,0,-8.3745863e-13,2.4320162e-11,3.7009847e-11,1.9004689e-13,7.0762534e-15,3.2656449e-09
650000,460,293,0,-4.9047295e-13,2.2596031e-11,5.102816e-16,4.4778062e-26,1.6466479e-16,3.8065695e-10
650000,191,464,0,-8.848024e-13,9.266843e-11,3.4668985e-09,7.191891e-10,1.1549133e-09,1.5656425e-10
650000,464,82,0,-1.5689014e-12,1.3296407e-10,9.394743e-12,3.6526267e-15,1.9448e-12,3.2029965e-09
650000,444,149,0,4.895508e-13,2.881773e-11,1.959114e-12,7.1292335e-17,6.3689826e-15,1.1901276e-10
650000,493,426,0,-1.1296693e-12,5.363707e-11,3.366984e-12,2.4189826e-16,1.1015517e-15,3.317245e-09
650000,41,447,0,-1.4365476e-12,5.54992e-11,4.9457355e-11,4.4731124e-12,7.4265523e-13,1.3096174e-10
650000,150,431,0,-2.2148104e-13,1.3285813e-12,3.163902e-11,5.270154e-13,2.1425073e-14,3.1545027e-09
650000,16,440,0,-1.3894813e-12,1.092702e-10,6.118094e-11,1.0386488e-11,5.10915e-12,3.184014e-09
650000,130,447,0,-4.0428248e-13,4.786558e-12,4.0121825e-12,6.763767e-16,6.159604e-19,4.0556344e-10
650000,435,129,0,-4.257666e-13,1.0227037e-10,3.3463987e-12,3.6618108e-16,1.8889675e-12,6.815268e-11
650000,132,435,0,-2.6026653e-13,3.6978865e-13,2.3087016e-16,9.471326e-25,5.2704954e-31,3.2180671e-09
650000,281,33,0,-2.703679e-13,3.1258482e-11,1.9254299e-19,1.8503722e-31,4.205136e-17,1.593406e-10
650000,9,228,0,-3.1684282e-13,1.0220903e-11,6.048323e-12,1.8008456e-15,2.3611174e-18,3.1409826e-09
650000,223,81,0,-4.9659186e-13,2.3047076e-11,1.6144058e-17,1.5975163e-27,9.703162e-13,9.6129306e-11
650000,16,332,0,-7.980964e-13,3.4184894e-11,2.5620465e-16,8.621746e-24,3.4178408e-13,1.2347852e-10
650000,54,131,0,-1.0828494e-12,6.274741e-11,2.2521285e-11,1.6360941e-13,1.620489e-11,1.8378744e-10
650000,73,71,0,-5.812151e-13,6.281369e-11,3.4630958e-09,7.191878e-10,1.1561686e-09,1.0363742e-10
650000,19,161,0,-7.104448e-13,4.4230113e-11,8.688008e-11,1.7346116e-12,2.1830778e-13,2.0125789e-10
650000,11,488,0,-2.3852658e-12,1.6075301e-10,5.064009e-13,8.81932e-19,6.0407596e-10,1.3269644e-10
650000,195,462,0,-8.352008e-13,9.610933e-11,1.2715596e-13,3.9736257e-20,2.6103403e-12,3.829307e-10
650000,90,58,0,-5.865757e-13,2.7005792e-11,2.5428028e-12,2.5430695e-17,2.8862663e-12,9.2511186e-11
650000,273,494,0,-6.541163e-13,2.8522637e-11,1.18244746e-11,1.7348925e-14,2.156796e-16,1.7750172e-10
