mcsteps,xCOM,yCOM,zCOM,il8,il1,il6,il10,tnf,tgf
610000,84,376,0,2.0257642e-09,4.600436e-11,1.1157008e-15,1.795894e-25,1.4414769e-17,1.0308907e-10
610000,432,181,0,2.0259232e-09,4.0879796e-11,1.1234702e-12,6.730098e-17,5.2668102e-14,5.243843e-11
610000,409,105,0,2.0258577e-09,3.7140072e-11,1.1571851e-19,7.704423e-32,2.857752e-10,5.609066e-11
610000,247,394,0,2.0241895e-09,3.3075354e-10,9.547774e-15,1.1419282e-22,1.9657493e-11,3.324384e-11
610000,132,141,0,2.0261146e-09,3.1681664e-11,3.0009595e-32,0.0,8.5087973e-17,4.872618e-11
610000,286,72,0,2.0260387e-09,4.1728666e-11,5.044717e-14,2.3240346e-21,5.6465596e-15,5.273294e-10
610000,365,385,0,2.0266735e-09,1.2016108e-11,7.258249e-14,2.136791e-19,6.692786e-20,8.5512404e-12
610000,379,420,0,2.0265318e-09,3.4474232e-11,1.3172594e-13,2.9968683e-20,4.700324e-15,9.409924e-11
610000,426,219,0,2.0627549e-09,4.0347664e-12,5.2226035e-13,4.923235e-18,5.3891924e-21,7.907933e-11
610000,444,225,0,2.0623592e-09,2.1106353e-11,2.3163435e-12,3.9404163e-16,1.5870818e-18,2.2497443e-10
610000,323,268,0,-1.1119992e-11,2.272076e-09,1.320353e-18,7.034065e-25,4.1188084e-09,4.2501094e-18
610000,177,228,0,-8.8363815e-15,1.37246634e-17,4.2019935e-19,8.2379126e-30,6.5723353e-38,3.621642e-11
610000,248,75,0,-1.2938464e-13,7.909671e-11,1.2508861e-12,9.456643e-17,2.6747917e-09,1.0975551e-10
610000,202,461,0,-6.900663e-13,3.2745674e-11,3.044628e-11,6.9964016e-13,3.879173e-14,2.0160127e-09
610000,484,93,0,-1.1702476e-12,2.6530944e-11,8.621127e-11,1.8869113e-11,8.468991e-12,4.0628995e-10
610000,281,215,0,-3.5382684e-14,1.1051611e-13,7.107084e-15,8.489163e-22,4.1040103e-27,1.2289731e-22
610000,458,171,0,4.4594016e-12,5.8229886e-11,5.59809e-17,8.61374e-28,2.315812e-12,9.107195e-11
610000,432,200,0,7.113809e-11,2.0280548e-11,3.7026328e-14,2.1318016e-20,1.2598355e-20,8.91971e-11
610000,184,75,0,-3.6311674e-13,3.1372478e-12,3.0443734e-21,4.0706626e-37,3.0655381e-25,6.743011e-11
610000,74,31,0,-1.3161766e-12,8.768956e-11,2.9963577e-12,7.48806e-16,2.822717e-09,6.933371e-11
610000,263,433,0,-1.2331729e-13,6.2620894e-12,6.041772e-15,4.238021e-22,3.5828226e-20,2.0317291e-10
610000,126,448,0,-4.866711e-13,9.1882136e-12,1.1488301e-10,1.7778246e-11,6.8242374e-12,3.4647202e-10
610000,280,163,0,-6.3308415e-14,2.751367e-15,1.029193e-37,0.0,1e-45,2.3814519e-20
610000,61,78,0,-4.5197738e-13,4.694029e-12,3.8883653e-12,2.6256355e-15,1.8962116e-17,3.2568173e-10
610000,311,341,0,-9.969464e-14,3.2667263e-12,3.220709e-30,0.0,1.26315816e-23,6.314747e-12
610000,68,446,0,-1.2275464e-12,3.7260903e-11,1.1521752e-11,1.8630305e-14,8.449503e-17,4.324096e-10
610000,220,242,0,-1.2121475e-15,3.919471e-21,8.64859e-40,0.0,0.0,2.770914e-10
610000,196,280,0,-5.3215275e-14,7.777632e-12,3.0405478e-33,0.0,2.184297e-19,6.557934e-12
610000,344,289,0,-3.156734e-13,3.3956987e-11,0.0,0.0,2.4565094e-10,1.9166428e-12
610000,217,266,0,-3.0677043e-15,2.205774e-18,0.0,0.0,0.0,2.6183388e-13
610000,323,338,0,-7.106614e-14,3.8157455e-14,1.9040928e-35,0.0,2.502636e-39,1.3347508e-10
610000,241,76,0,-4.9587835e-13,2.206179e-11,1.2800027e-13,4.8559457e-20,4.4862502e-20,1.7120977e-10
610000,301,287,0,-5.117598e-13,7.122375e-11,1.3790859e-33,0.0,1.9244495e-14,3.2821619e-12
610000,287,288,0,-3.6644082e-14,5.2135587e-16,1.5315753e-26,0.0,6.437499e-36,2.043254e-10
610000,301,133,0,-3.8745426e-13,4.2690313e-12,2.9839992e-23,2.0298e-41,8.426288e-27,1.021724e-10
610000,496,321,0,-6.5689804e-13,3.906581e-11,1.5667297e-12,2.5697946e-17,3.0989386e-16,1.4099727e-10
610000,342,352,0,-2.3110772e-13,3.7947614e-11,5.1602433e-26,4e-45,2.4351705e-16,1.9326526e-12
610000,176,77,0,-3.8691695e-13,6.5966213e-12,4.669457e-20,4.473381e-32,1.5148716e-22,5.505713e-11
610000,497,276,0,-5.913309e-13,1.4373791e-11,7.2715887e-12,7.1587625e-15,2.789995e-17,2.5577205e-11
610000,257,111,0,-3.2214888e-13,9.275694e-13,2.6430398e-16,1.1538592e-24,1.47237e-29,3.3487085e-11
610000,6,164,0,-6.2194607e-13,2.612301e-11,4.700087e-15,8.044539e-23,6.1842495e-16,1.0737202e-10
610000,96,159,0,-3.4912313e-13,3.1270084e-12,5.125328e-16,1.5212651e-25,4.642661e-25,2.5632002e-10
610000,248,409,0,7.666064e-11,9.637728e-12,3.526633e-12,4.4382668e-16,1.3311176e-16,5.997505e-11
610000,460,460,0,-1.3177259e-12,6.293395e-11,6.6322304e-12,6.154453e-15,4.7367154e-15,2.4677577e-10
610000,310,155,0,-3.343687e-13,2.170211e-12,1.0020203e-31,0.0,5.08235e-29,1.7088822e-11
610000,402,70,0,1.1494335e-13,4.209053e-11,5.49138e-11,3.9260734e-12,3.610732e-12,1.3505763e-10
610000,212,291,0,-5.8493575e-14,1.6392554e-13,2.214576e-39,0.0,6.5863013e-34,2.7899965e-12
610000,180,249,0,-1.3979434e-15,1.9768886e-21,1.7178828e-13,1.8695583e-18,4.4650895e-22,3.0213883e-11
610000,123,20,0,-1.1761917e-12,8.176136e-11,2.5413412e-18,4.4811277e-29,1.8441203e-11,4.721923e-10
610000,43,188,0,-4.9037196e-13,3.669696e-11,8.955486e-12,2.0827348e-14,3.9317223e-11,1.5828695e-10
610000,132,276,0,-9.36726e-14,4.6263466e-12,6.0782084e-29,0.0,8.689987e-23,3.2260312e-11
610000,323,89,0,-6.406679e-13,9.046138e-11,6.340218e-26,1.21e-42,2.1926704e-11,1.4755061e-10
610000,229,358,0,1.5711222e-13,1.5461982e-12,3.15298e-11,5.755142e-13,2.4632028e-14,5.470155e-13
610000,30,152,0,-9.164758e-13,5.4050382e-11,8.3401374e-13,5.563558e-18,1.9425378e-11,2.399581e-10
610000,435,413,0,-1.2752106e-12,4.3846714e-11,3.8119966e-11,1.0661287e-12,5.4090077e-14,2.3986874e-10
610000,468,449,0,-1.2101696e-12,2.8341886e-11,8.709126e-15,2.2427068e-22,1.3177466e-13,4.3631174e-10
610000,180,434,0,-6.2833354e-13,3.3631042e-11,5.5065612e-14,1.8513577e-20,8.931439e-16,2.0208149e-10
610000,455,278,0,-6.151049e-13,2.7415672e-11,3.2604963e-12,3.31483e-16,6.285073e-17,8.285984e-11
610000,48,438,0,-1.2085925e-12,5.2408567e-11,5.249503e-13,2.0435927e-18,5.49916e-16,2.1907687e-10
610000,159,198,0,-4.6510698e-14,2.9604911e-15,1.7289565e-24,4.55e-43,2.1e-44,1.0692284e-11
610000,255,450,0,-3.5569358e-13,3.0755103e-11,1.04463235e-11,1.0823891e-14,2.5324853e-11,1.1951887e-10
610000,473,221,0,3.6405354e-12,2.2897373e-11,4.809703e-14,1.868144e-20,2.0649971e-16,1.09766855e-10
610000,393,404,0,2.3638001e-11,2.020925e-11,5.925196e-14,9.059809e-21,1.0215962e-14,6.575311e-11
610000,332,68,0,-6.885069e-13,2.4750703e-11,4.8331607e-20,4.316156e-34,4.3692153e-15,4.3524043e-10
610000,382,339,0,-3.3674566e-13,1.1544813e-11,1.1962296e-12,1.5214924e-17,1.0458178e-19,7.8029236e-11
610000,141,260,0,-1.2695289e-13,2.1593213e-12,5.096187e-27,0.0,4.574845e-25,6.7509096e-11
610000,444,23,0,-1.0196486e-12,9.430147e-11,5.940326e-13,3.611961e-18,3.9841156e-12,4.0626372e-10
610000,477,124,0,-9.630141e-13,1.987091e-11,9.763995e-12,5.676102e-15,2.444411e-16,3.42647e-10
610000,266,116,0,-4.2762766e-13,3.1949592e-11,2.0133458e-13,4.3100517e-19,1.7331705e-13,1.2137935e-11
610000,295,249,0,-2.5226632e-14,7.503532e-16,1.481735e-25,3.751e-42,0.0,5.4005612e-11
610000,396,157,0,-8.575228e-13,1.0245684e-10,4.389465e-14,1.8687275e-20,2.565353e-13,1.1749712e-10
610000,259,210,0,-1.6441497e-14,3.5514503e-16,2.0476937e-21,1.3709708e-34,1.3e-44,2.0089125e-20
610000,19,465,0,-1.8185311e-12,9.582027e-11,9.074472e-12,1.2254237e-14,1.5169137e-14,3.3029568e-10
610000,138,126,0,6.217098e-11,3.640062e-13,1.5019378e-33,0.0,5.2844335e-30,7.582528e-11
610000,281,111,0,-7.424887e-14,1.2276411e-11,1.2032981e-15,3.6037233e-23,7.133504e-18,4.5648355e-12
610000,442,189,0,1.1543747e-10,1.0327326e-10,1.167038e-13,2.7983543e-19,1.8866308e-11,1.9325747e-10
610000,207,428,0,-3.7726243e-13,3.1137673e-12,2.1009897e-14,7.6113496e-22,1.593323e-27,1.0279855e-10
610000,491,176,0,-2.7319463e-13,7.1169307e-12,4.16563e-14,3.656561e-20,5.4042828e-20,7.270189e-11
610000,387,124,0,3.776336e-12,4.372058e-12,1.1201293e-11,1.5813348e-14,1.2515776e-16,6.8763845e-10
610000,323,11,0,-6.4531654e-13,4.876293e-11,4.515368e-15,1.2322653e-21,2.7277553e-11,2.153695e-10
610000,395,266,0,-3.3399208e-13,8.500776e-12,4.121664e-23,7.483e-42,2.0229225e-20,3.7859694e-12
610000,339,303,0,-2.1571506e-13,9.207085e-12,1.33e-43,0.0,7.9188415e-18,4.6455065e-11
610000,21,377,0,-1.1867587e-12,8.822603e-11,2.6543774e-12,5.2609407e-16,9.949022e-14,1.2141108e-10
610000,143,294,0,-6.795125e-14,6.273676e-14,3.9357192e-22,2.7189692e-37,1.2424452e-35,7.8471354e-11
610000,158,142,0,7.924192e-12,3.6814878e-11,2.0801778e-15,3.089249e-24,2.1844837e-12,2.4472173e-11
610000,206,406,0,-7.341837e-14,1.5525787e-12,8.6931515e-13,3.917443e-18,1.1613012e-22,4.2058787e-12
610000,73,186,0,-3.7617777e-13,1.7649927e-11,1.8600117e-12,2.7260903e-16,5.3845255e-19,1.696691e-10
610000,335,271,0,-1.6407676e-13,2.4126961e-12,2.4709718e-35,0.0,1.5224335e-27,3.2109038e-13
610000,161,35,0,-5.31609e-13,2.4559351e-11,5.3863733e-13,3.443347e-18,1.2523999e-19,2.2405111e-10
610000,18,109,0,-1.1699371e-12,9.4769324e-11,3.1639174e-11,5.511542e-13,6.5386242e-12,2.0290213e-10
610000,319,154,0,-3.6495243e-13,6.6663485e-12,7.269869e-27,0.0,2.3039848e-24,1.5977952e-11
610000,309,383,0,-2.902391e-13,1.3872662e-11,5.4960756e-13,3.1360264e-18,5.2861943e-17,5.028937e-11
610000,46,332,0,-4.5031361e-13,2.0035622e-11,6.87586e-14,2.711186e-20,6.718267e-13,1.8268359e-10
610000,321,274,0,-1.9509909e-13,9.829774e-13,6.751541e-21,4.54247e-30,2.9017123e-29,5.708713e-15
610000,347,98,0,-3.4551656e-13,1.807297e-11,1.12802605e-14,3.1956246e-20,1.02954e-17,2.8897312e-11
610000,492,493,0,-2.8313506e-13,2.2231498e-11,1.726607e-11,1.7065707e-13,7.2610705e-15,1.0812381e-10
610000,423,352,0,-3.06648e-13,3.270298e-12,2.2029608e-20,1.8533138e-33,9.8392895e-26,1.5940783e-11
610000,432,220,0,4.892182e-10,1.7880477e-11,7.252692e-12,9.449943e-15,4.5189463e-17,1.26003e-10
610000,189,53,0,-5.966559e-13,2.68138e-11,4.0967334e-12,8.421161e-16,6.344846e-18,4.5221238e-10
610000,300,371,0,-1.1693115e-13,4.699527e-13,2.9110335e-17,4.202372e-26,1.3020368e-31,3.7731242e-11
610000,337,370,0,1.7112024e-12,2.507991e-11,1.6990748e-17,1.3580711e-27,7.6793214e-16,2.3875677e-11
610000,30,334,0,-5.903262e-13,1.168885e-11,2.892309e-13,2.5137665e-19,6.45358e-21,1.1572328e-10
610000,104,397,0,3.5231108e-12,1.5782028e-11,2.0502763e-15,7.608382e-24,4.5570418e-21,9.4905604e-11
610000,482,97,0,-1.1480533e-12,2.889534e-11,2.9546473e-11,1.4195e-13,4.701885e-15,2.0291675e-10
610000,139,147,0,2.1562276e-10,1.5106153e-12,9.71716e-22,3.6342026e-34,6.4596936e-29,9.75108e-12
610000,99,142,0,8.426151e-13,5.6128813e-11,3.4345609e-25,1e-45,1.8239478e-11,5.7766045e-11
610000,299,278,0,-1.1122541e-13,8.969763e-13,2.1176434e-25,2.5513e-41,4.0643167e-29,6.0824404e-16
610000,267,67,0,3.1261868e-11,9.3990545e-12,2.8241947e-16,2.3325754e-25,3.0521999e-24,1.7745393e-10
610000,327,145,0,-2.938752e-13,3.6277548e-12,3.4402248e-19,1.4767225e-31,4.8354002e-23,1.2708092e-12
610000,375,419,0,5.498327e-10,2.5388181e-11,5.123047e-12,1.8260728e-15,1.1463221e-13,1.7914283e-10
610000,164,320,0,-3.2832615e-13,4.7014982e-11,1.5192927e-24,7.3e-44,1.7116594e-14,1.1035285e-10
610000,222,281,0,-9.9615886e-15,1.4517761e-17,0.0,0.0,0.0,3.293222e-13
610000,436,139,0,-1.2144643e-12,1.2422292e-10,2.4520942e-13,1.8429814e-19,1.1368346e-11,6.750599e-11
610000,318,3,0,-3.9559266e-13,3.608044e-12,3.107417e-12,3.201695e-16,2.4710516e-19,1.5305007e-10
610000,266,284,0,-4.0624703e-16,9.3102715e-25,9.085166e-27,2.56499e-40,0.0,1.2762724e-11
610000,208,232,0,-3.7134853e-14,4.8084624e-14,3.01623e-23,2.3003924e-36,2.90336e-40,5.748892e-12
610000,358,310,0,-3.1307511e-13,2.9068248e-11,3.8354743e-25,1e-45,2.1230765e-17,6.2435674e-13
610000,422,192,0,8.475882e-11,2.7287235e-11,2.5516031e-15,6.147648e-24,2.1855116e-17,2.473997e-10
610000,299,195,0,-2.9207468e-14,9.2432914e-17,9.903637e-13,1.6424598e-17,3.2120096e-21,1.5719211e-15
610000,218,28,0,-1.0063616e-12,1.5041499e-10,4.3869425e-15,8.2086515e-24,5.94291e-10,6.784012e-11
610000,159,94,0,-2.9035227e-13,1.5812423e-11,2.0676513e-18,1.3623916e-30,4.2482366e-15,8.868376e-12
610000,254,269,0,-1.0106153e-17,8.306779e-30,1.0229081e-34,0.0,0.0,1.1073808e-11
610000,459,118,0,-1.1416538e-12,3.6460477e-11,1.7948161e-12,5.2778603e-17,3.5473282e-20,3.3461886e-10
610000,431,342,0,-4.1630783e-13,2.0088188e-11,2.6638847e-16,3.6517613e-26,2.704248e-16,4.0488692e-11
610000,262,43,0,-4.5594615e-13,9.2844135e-11,1.476067e-11,4.8809054e-14,3.5926256e-13,2.5482916e-10
610000,482,209,0,-2.2686406e-13,2.7541428e-12,2.7230813e-12,6.3032227e-16,7.3033157e-19,2.410166e-10
610000,295,53,0,2.3389513e-11,5.16111e-11,1.1392817e-11,9.0546865e-15,2.8235072e-14,5.643109e-11
610000,393,59,0,-8.0494167e-13,5.758697e-11,6.910287e-11,1.9821866e-11,1.21467385e-11,9.000788e-11
610000,411,349,0,-3.4499305e-13,2.1094038e-11,4.1064656e-23,9.36006e-40,1.6074997e-15,3.328612e-11
610000,207,162,0,-2.0993182e-13,5.1831746e-12,4.747991e-26,0.0,2.424818e-22,1.9784604e-13
610000,446,301,0,-4.823728e-13,2.7617497e-11,6.752933e-11,2.4052674e-12,2.4086532e-13,1.0302466e-10
610000,259,259,0,-3.3077692e-17,1.2157463e-27,0.0,0.0,0.0,8.14595e-12
610000,254,138,0,-1.9617588e-13,3.662604e-12,2.2129191e-31,0.0,7.096044e-24,7.614216e-13
610000,417,270,0,-4.4457797e-13,2.575528e-11,3.8749284e-15,3.9400732e-22,7.118461e-14,2.3100502e-11
610000,435,144,0,-7.561115e-13,6.8398454e-11,1.6928485e-14,1.8821178e-21,1.7216858e-11,9.6450556e-11
610000,382,332,0,-3.6037896e-13,3.715533e-11,5.96383e-16,1.48215565e-24,3.0749678e-10,1.1766338e-10
610000,290,379,0,-1.1917262e-14,3.906826e-14,5.89613e-17,3.3710486e-28,1.6860696e-37,7.9487424e-11
610000,308,205,0,-2.903662e-14,5.0510586e-15,2.6868761e-14,3.888245e-21,1.8511268e-26,1.18756956e-17
610000,9,327,0,-8.5249884e-13,3.8632025e-11,1.5155306e-12,2.04538e-17,2.6922795e-17,3.0705471e-09
610000,277,288,0,-5.9447055e-15,6.439196e-19,2.066398e-22,7.419103e-36,0.0,2.9887992e-09
610000,192,417,0,-4.021579e-13,4.0162415e-11,2.0306224e-14,7.2484316e-22,7.843331e-14,3.0599834e-09
610000,86,357,0,3.49279e-11,1.5892865e-11,9.721539e-14,5.5093285e-20,7.133508e-18,5.425697e-11
610000,110,357,0,1.0913162e-12,2.5195679e-11,4.831101e-19,5.8169907e-31,5.6863947e-19,7.6118593e-13
610000,151,449,0,-3.7405883e-13,2.766307e-11,2.653897e-13,1.7719282e-18,7.4132074e-13,2.0868039e-10
610000,203,229,0,-8.9144465e-14,1.8668819e-12,8.6626934e-19,7.2867463e-29,2.1403631e-26,2.520789e-10
610000,348,400,0,1.7277301e-11,3.7669163e-11,5.387684e-11,4.0227366e-12,6.390436e-13,1.0063848e-10
610000,433,437,0,-1.5368461e-12,7.2139524e-11,4.509239e-12,1.1476601e-15,4.1544854e-11,2.9831443e-10
610000,116,139,0,6.227729e-11,1.8672177e-11,2.1525372e-18,2.4792274e-25,1.8953037e-16,9.1109585e-11
610000,20,240,0,-3.1921641e-13,4.2790923e-12,3.7880133e-11,9.212877e-13,4.2150857e-14,6.5696525e-11
610000,333,297,0,-2.859121e-13,2.604115e-11,0.0,0.0,4.905827e-18,9.709295e-14
610000,286,346,0,-5.8791066e-14,2.5510624e-13,1.2748617e-16,1.1514021e-24,1.595731e-30,1.10544796e-10
610000,311,47,0,7.331963e-14,5.493207e-11,4.7553548e-15,2.230758e-23,1.2135958e-15,1.293495e-10
610000,312,37,0,-7.4221835e-13,1.36899285e-11,3.8858166e-13,6.026653e-19,2.2685812e-22,3.053177e-11
610000,409,22,0,-6.564498e-13,1.4468804e-11,5.7805345e-12,8.833204e-16,5.162905e-18,2.373698e-10
610000,479,122,0,-9.873832e-13,3.0872187e-11,1.6112591e-12,5.825617e-16,2.110344e-15,2.6539398e-10
610000,497,31,0,-1.681968e-12,9.742141e-11,4.0389953e-12,2.19984e-15,3.1271645e-11,1.9965349e-10
610000,474,293,0,-6.258178e-13,3.0445386e-11,3.2180692e-11,5.031286e-13,2.8458427e-14,1.9053355e-10
610000,431,380,0,-7.273305e-13,2.7448719e-11,8.9532114e-14,1.537058e-20,3.5430488e-15,3.1880237e-10
610000,35,254,0,-1.7354176e-13,4.9561283e-13,1.5221252e-16,3.651092e-24,1.108315e-29,5.224494e-11
610000,450,357,0,-7.031424e-13,2.8462122e-11,1.0679972e-13,2.5443396e-19,2.0209566e-17,5.031684e-11
610000,230,342,0,-8.864731e-14,3.8709266e-12,5.3907716e-18,1.2411678e-28,5.764365e-22,6.6396964e-11
610000,21,213,0,-6.018109e-13,4.6389503e-11,2.2702793e-11,1.092232e-13,9.805136e-15,1.74284e-10
610000,352,235,0,-4.002783e-13,3.672423e-11,2.823907e-19,1.322227e-32,2.9859812e-10,7.728236e-12
610000,14,157,0,-7.514691e-13,4.4046527e-11,1.9568827e-11,1.857973e-14,2.8295627e-10,2.1627064e-10
610000,343,303,0,-2.0124996e-13,5.089132e-12,1.8093e-40,0.0,8.405938e-23,1.1117307e-10
610000,419,30,0,-7.862587e-13,5.9594336e-11,1.1315671e-12,1.334195e-17,1.5100692e-11,7.994552e-11
610000,70,347,0,1.4128685e-12,1.0642587e-11,8.689289e-16,8.9132944e-24,4.0942355e-21,2.4242558e-10
610000,332,44,0,-7.949342e-13,5.64784e-11,5.9043856e-13,6.418614e-18,9.227476e-13,1.1551967e-10
610000,395,266,0,-3.3399208e-13,8.500776e-12,4.121664e-23,7.483e-42,2.0229225e-20,3.7859694e-12
610000,331,344,0,-1.3759786e-13,6.9738795e-13,6.2888747e-35,0.0,1.5179616e-31,1.10854735e-10
610000,324,186,0,-2.4395793e-13,1.22507065e-11,5.4844736e-21,3.624092e-36,1.0400962e-21,6.4803956e-12
610000,452,166,0,9.365125e-12,2.3261863e-11,5.531794e-16,5.799516e-26,7.225754e-15,1.747479e-10
610000,418,286,0,-2.500504e-13,1.490327e-11,3.601226e-20,4.086985e-35,2.3541887e-15,4.8586274e-12
610000,181,342,0,-1.2819769e-13,1.5203164e-14,1.4872995e-28,0.0,2.76e-43,1.09297564e-10
610000,475,267,0,-8.191682e-13,1.1880527e-10,5.0971914e-11,4.7919763e-12,3.2141985e-09,8.8522675e-11
610000,92,390,0,6.1792536e-11,6.8734775e-11,8.819677e-12,2.3240026e-14,2.872606e-14,1.2111002e-10
610000,43,275,0,-1.5164261e-13,1.4901797e-11,7.430316e-12,1.0749593e-14,5.2639954e-17,6.9945334e-11
610000,157,157,0,3.1482965e-12,5.6218072e-11,3.4180314e-13,5.9678724e-19,3.0327948e-10,2.1559903e-11
610000,320,251,0,-1.8563623e-13,1.7267503e-11,9.540091e-16,4.1364856e-24,8.801623e-19,3.7025574e-12
610000,251,43,0,-6.8682234e-13,2.7552422e-11,8.112103e-14,4.7769926e-20,1.0961434e-16,1.10029715e-10
610000,21,259,0,-5.35353e-13,3.15331e-11,4.2292914e-14,8.241972e-21,7.832481e-15,6.73167e-11
610000,397,352,0,-4.222448e-13,2.2961105e-11,2.4203649e-15,3.2371004e-24,9.505043e-18,3.0747171e-09
610000,87,407,0,1.7829429e-12,1.682107e-11,2.3174646e-15,1.6401409e-24,9.158099e-15,3.071734e-09
610000,218,85,0,-4.185184e-13,1.9055832e-11,2.8501734e-18,1.4243058e-29,2.4854607e-16,6.8276856e-11
610000,335,430,0,-2.6107876e-13,2.6072372e-11,9.7755953e-17,9.984229e-26,1.4513008e-14,8.9258344e-11
610000,196,201,0,-6.1436336e-14,6.888707e-13,4.4039737e-32,0.0,6.435731e-28,1.0623876e-11
610000,405,453,0,-7.028643e-13,4.0543152e-11,2.273329e-18,4.1596957e-30,6.094211e-14,2.0180557e-10
610000,437,99,0,3.2879019e-12,8.57619e-11,6.853474e-11,9.904452e-12,5.324912e-12,1.2179957e-10
610000,466,176,0,2.5348316e-13,6.644773e-11,3.0406415e-12,1.1335799e-15,2.8851077e-10,1.9077341e-10
610000,331,167,0,-3.3815808e-13,1.3194363e-11,4.4281216e-18,1.9782492e-30,1.2149787e-18,1.0209272e-10
610000,68,104,0,-6.659294e-13,4.0805043e-11,2.3592311e-10,5.7044657e-11,4.9120003e-11,2.0200824e-10
610000,18,107,0,-1.203795e-12,8.033101e-11,7.8642114e-11,1.9271444e-11,5.1681843e-11,2.5018254e-10
610000,397,260,0,-3.2452746e-13,1.8750318e-12,3.269915e-18,2.168246e-31,3.4821756e-26,3.059468e-11
610000,101,202,0,-8.800899e-14,2.7438798e-12,5.0115894e-27,0.0,5.718247e-25,6.687629e-11
610000,333,293,0,-3.1898808e-13,4.8222405e-11,0.0,0.0,3.3123767e-13,1.0338117e-14
610000,213,211,0,-1.0296877e-13,3.251196e-13,9.91347e-40,0.0,2.0669332e-27,1.6867828e-11
610000,205,483,0,-7.167221e-13,2.714242e-11,5.340159e-10,4.1157955e-10,9.834873e-10,6.1289945e-11
610000,84,124,0,-6.701717e-13,2.6740471e-11,7.3968566e-13,4.9725954e-18,1.4083931e-17,3.0833283e-09
610000,210,105,0,-3.5585394e-13,6.465364e-12,2.3181273e-18,1.1289878e-31,3.8703283e-22,3.0238752e-09
610000,409,188,0,1.2593283e-11,2.4465985e-10,1.6794075e-14,9.318324e-21,3.716431e-09,1.08609774e-10
610000,54,117,0,-8.9133415e-13,4.8083006e-11,5.447495e-15,1.06835e-23,1.8752106e-11,3.0968885e-09
610000,449,241,0,5.7172597e-11,2.638064e-11,1.4721761e-12,2.603445e-17,1.4095046e-13,3.324722e-09
610000,400,468,0,-7.7313004e-13,5.465237e-11,3.6201589e-12,4.6256533e-16,7.559782e-11,3.1360934e-09
610000,17,393,0,-9.442259e-13,9.3771206e-11,8.7326195e-11,5.0170965e-11,9.043372e-11,3.3377932e-09
610000,196,66,0,-5.3493315e-13,2.3035079e-11,1.688155e-11,1.3549581e-13,5.259796e-15,3.056772e-09
610000,132,102,0,-6.01273e-14,2.5565005e-11,3.1035363e-10,4.9714042e-11,3.3601583e-11,3.0623197e-09
610000,303,467,0,-2.4901755e-13,5.705977e-12,1.1231557e-11,1.6122613e-14,6.293411e-17,3.0637457e-09
610000,237,171,0,-4.2263627e-14,4.4751353e-14,7.9081015e-33,0.0,3.9228e-41,8.1234974e-15
610000,263,134,0,-3.7920893e-13,1.2320226e-11,2.6838656e-22,9.05066e-40,4.9285707e-21,1.3839537e-11
610000,253,387,0,2.0472156e-10,2.2804707e-09,1.494634e-13,2.9773348e-19,4.1188084e-09,6.594006e-11
610000,203,253,0,-1.8098123e-15,2.3639636e-21,6.933847e-33,0.0,0.0,4.2252594e-11
610000,193,290,0,-1.1084563e-11,2.2821092e-09,8.083176e-24,1.945e-42,4.118809e-09,5.0109743e-12
610000,309,117,0,-3.1805656e-13,1.7910266e-12,1.683494e-17,5.988138e-25,1.784445e-27,2.3728287e-11
610000,74,392,0,3.630475e-11,1.5702484e-11,1.7004466e-14,1.8923589e-22,5.0388713e-21,5.6849612e-11
610000,447,82,0,-1.2442371e-12,7.371354e-11,1.2160859e-16,1.9797886e-27,5.813416e-14,2.759328e-10
610000,171,468,0,-4.5030649e-13,2.6337628e-12,3.805641e-11,1.9978316e-13,4.783418e-15,1.6397911e-10
610000,248,153,0,-2.2032814e-14,1.3972691e-15,6.7084987e-32,0.0,0.0,7.89077e-11
610000,268,236,0,-1.9733953e-16,3.371007e-24,3.75565e-40,0.0,0.0,2.4726455e-11
610000,492,29,0,-1.5932985e-12,1.1999435e-10,7.967702e-14,8.897298e-21,2.4567504e-10,1.5259459e-10
610000,113,83,0,-5.396131e-13,3.140309e-11,6.965143e-15,6.571251e-22,1.1417081e-13,3.1790479e-10
610000,464,130,0,-1.0029092e-12,6.696784e-11,2.080525e-11,1.9417063e-13,2.1129578e-12,1.7099908e-10
610000,267,207,0,-5.0448798e-14,8.8745726e-13,2.7626498e-20,1.0369612e-31,6.9894983e-28,5.217204e-23
610000,229,127,0,-5.339659e-13,1.752218e-11,1.7208253e-21,2.3785739e-37,7.210725e-19,3.0975448e-12
610000,400,102,0,2.0597896e-10,2.0722328e-11,2.1618589e-16,1.8633952e-26,3.725902e-17,1.00065255e-10
610000,197,103,0,-3.242761e-13,1.5865212e-11,9.650669e-15,1.6435375e-21,6.298142e-19,5.056338e-11
610000,211,408,0,1.6676394e-13,2.6883016e-12,6.602764e-11,1.9796107e-12,2.5206521e-13,2.993354e-09
610000,299,8,0,-4.274281e-13,2.1381282e-11,3.9929897e-13,4.1301835e-18,2.2086393e-12,3.1651965e-09
610000,195,471,0,-9.362236e-13,7.976865e-11,4.1746917e-15,1.9161158e-23,1.0696598e-12,3.1049603e-09
610000,68,92,0,-6.6801073e-13,6.7131425e-11,1.08443e-14,8.6455785e-23,3.325721e-11,3.3365526e-09
610000,488,386,0,-1.438029e-12,1.0849396e-10,1.747314e-17,2.5469706e-28,5.3136956e-10,3.0693497e-09
610000,434,356,0,-4.2598813e-13,8.163149e-12,2.261751e-12,1.7866949e-16,1.2342467e-19,3.150574e-09
610000,285,499,0,-5.957047e-13,4.3857758e-11,1.110751e-19,1.8240019e-31,6.6852016e-17,3.294961e-09
610000,495,310,0,-7.0054536e-13,2.8356586e-11,3.7501614e-18,8.6700965e-30,1.144808e-14,3.0961183e-09
610000,381,58,0,-9.0412855e-13,4.1493257e-11,5.3876938e-12,1.0796497e-15,6.605298e-17,3.207217e-09
610000,95,391,0,3.8186097e-11,5.3202432e-11,1.7805721e-12,4.7727163e-17,1.06651565e-13,3.0453466e-09
610000,442,0,0,-7.933864e-13,3.9696968e-11,2.7075772e-15,4.9807863e-23,1.1377778e-14,3.3719683e-09
610000,1,83,0,-1.1677256e-12,6.554373e-11,2.332433e-11,3.972212e-14,1.1396975e-13,3.1199123e-09
610000,170,55,0,-6.7243894e-13,2.9154443e-11,6.829514e-11,2.2901553e-12,2.2133143e-13,3.1095932e-09
610000,146,99,0,-1.4093278e-13,2.7859407e-12,2.654725e-21,8.753948e-33,8.82187e-24,3.0123535e-09
610000,298,210,0,-6.7082337e-15,1.7024079e-18,8.941804e-19,1.662289e-30,1.333492e-39,2.9887863e-09
610000,491,69,0,-1.5919622e-12,9.162178e-11,6.6719143e-18,8.8956e-30,2.3980614e-12,3.2123284e-09
610000,65,492,0,-1.5161832e-12,4.8551857e-11,6.510563e-13,8.6353164e-18,8.1916e-16,3.0811025e-09
610000,51,20,0,-1.1119382e-12,2.5741746e-11,5.983416e-15,1.6119603e-23,8.869105e-19,3.2064371e-09
610000,491,329,0,-5.6570596e-13,3.8087943e-11,1.6963084e-11,7.5551165e-14,4.1345226e-11,3.1567908e-09
610000,137,469,0,-6.3668054e-13,1.6676629e-11,2.452232e-12,2.3421456e-16,3.7614883e-19,3.1426592e-09
610000,217,480,0,-6.8924754e-13,8.220286e-11,1.4827531e-13,8.231505e-20,2.7464314e-10,1.554301e-10
610000,88,125,0,-6.1484037e-13,2.2883058e-11,1.3585693e-14,1.3636245e-22,1.9262163e-14,3.0276948e-09
610000,264,23,0,-4.5114772e-13,9.313754e-12,8.660364e-11,1.870657e-11,8.190614e-12,3.1057812e-09
610000,346,251,0,-2.8372617e-13,3.146825e-11,1.2320945e-28,0.0,1.3444784e-14,3.00877e-09
610000,119,308,0,-1.8819903e-13,3.4664945e-12,8.04238e-15,5.159519e-22,2.844413e-25,3.0134597e-09
610000,320,296,0,-2.300456e-13,3.5051417e-12,1.51901e-40,0.0,9.21956e-28,2.9888705e-09
610000,12,494,0,-2.556217e-12,1.9255421e-10,2.8673197e-11,1.149134e-13,2.457165e-10,3.1932013e-09
610000,337,353,0,-2.2791057e-13,1.03625025e-11,4.4797935e-28,0.0,1.550577e-21,2.9964653e-09
610000,31,5,0,-7.3343767e-13,6.025196e-11,1.247131e-10,1.3830835e-11,5.144636e-12,3.1216274e-09
610000,156,368,0,-2.7744847e-13,5.4010633e-12,2.5413636e-14,1.5974956e-20,3.506187e-23,3.1383816e-09
610000,13,27,0,-1.5410705e-12,1.5765694e-10,2.7541092e-12,6.3033587e-16,1.14782905e-11,3.1539449e-09
610000,52,440,0,-1.3884959e-12,9.826072e-11,5.325309e-13,8.686801e-18,1.3418018e-13,3.2333354e-09
610000,227,468,0,-5.3917054e-13,2.5482325e-11,2.2151375e-19,4.4180344e-32,5.819975e-16,3.3990901e-09
610000,16,414,0,-7.683422e-13,5.5035684e-11,2.442245e-12,2.4790436e-16,1.8342693e-12,3.2835512e-09
610000,313,57,0,1.8975305e-12,3.2103868e-11,4.804993e-12,3.8402814e-16,4.5388058e-11,3.085144e-09
610000,325,42,0,-8.1202433e-13,2.926018e-11,9.927756e-11,2.0475052e-11,1.0489285e-11,3.13679e-09
610000,146,298,0,-4.34141e-14,6.723092e-14,8.326394e-23,2.0667675e-37,2.474176e-39,3.0113567e-09
610000,68,243,0,-6.908506e-14,1.011831e-12,2.1663011e-13,2.5135478e-19,2.4703225e-24,3.117015e-09
610000,371,393,0,1.9320323e-10,1.5686048e-11,5.012074e-12,1.6719192e-15,6.576018e-17,1.3312718e-10
610000,440,479,0,-1.076932e-12,5.888442e-11,4.2985424e-12,5.301878e-16,8.809876e-17,3.2429452e-09
610000,391,29,0,-8.0914653e-13,3.7759393e-11,2.8637342e-12,1.6959839e-16,1.3136537e-15,3.122272e-09
610000,113,162,0,4.154097e-12,4.2192153e-11,6.9149487e-18,1.3439826e-26,3.375752e-16,3.0012612e-09
610000,157,340,0,-5.9686473e-13,7.7381025e-11,2.0006915e-23,1.33856e-40,1.9482628e-10,3.0061105e-09
610000,430,30,0,-8.7630185e-13,5.0100358e-11,1.76647e-11,3.9963685e-14,2.302177e-13,3.099112e-09
610000,69,427,0,-1.0491412e-12,4.3672555e-11,7.6220355e-14,1.17502436e-20,2.002834e-12,3.101881e-09
610000,88,437,0,-1.1070888e-12,4.8583488e-11,1.9811727e-13,1.1436401e-18,3.7770327e-13,3.0493925e-09
610000,148,3,0,-7.84894e-13,6.143449e-11,8.9189344e-14,4.6433095e-20,1.2181774e-13,3.0892242e-09
610000,453,381,0,-1.1393589e-12,5.934666e-11,7.119522e-11,1.8328945e-12,1.6523774e-13,3.1287175e-09
610000,273,250,0,-5.354406e-16,1.1943256e-22,0.0,0.0,0.0,2.988915e-09
610000,379,22,0,-7.964267e-13,2.2337566e-11,4.3465995e-15,4.6809865e-22,6.4713454e-18,3.045334e-09
610000,89,495,0,-9.883093e-13,5.517882e-11,5.1839574e-11,4.2997875e-12,4.3035863e-11,3.1615546e-09
610000,115,471,0,-1.1234393e-12,6.7348356e-11,3.041391e-11,1.08740274e-13,2.315878e-14,3.0707508e-09
610000,30,323,0,-5.741085e-13,2.2485075e-11,2.7316762e-12,4.0404308e-16,2.959281e-18,3.091029e-09
610000,229,402,0,3.122145e-11,1.1721815e-11,3.9614191e-13,4.1218468e-18,4.8820452e-20,3.1638936e-09
610000,13,466,0,-1.9106975e-12,1.1892842e-10,6.587133e-11,4.3539318e-11,9.128689e-11,3.2435248e-09
610000,129,369,0,-5.074188e-13,9.5216966e-11,6.433616e-11,1.9793774e-11,4.5608037e-10,3.0011051e-09
610000,465,115,0,-1.090783e-12,8.13572e-11,2.2550675e-11,1.4702021e-13,1.875467e-11,3.045187e-09
610000,115,217,0,-1.6273087e-14,3.2367138e-16,1.8297394e-15,2.0051044e-24,1.0089963e-31,3.0152298e-09
610000,6,112,0,-1.2906307e-12,7.7824344e-11,1.1308923e-13,3.5643297e-20,2.5127682e-12,3.3371945e-09
610000,440,54,0,-8.725364e-13,5.1171442e-11,1.1277206e-10,4.9133347e-11,8.3121475e-11,3.3223728e-09
610000,128,202,0,-3.9536896e-14,2.976103e-14,3.7451306e-11,1.0837214e-12,1.2020612e-13,7.941322e-12
610000,265,189,0,-1.7174501e-14,1.5927564e-16,4.4891914e-13,3.8390623e-18,3.1009213e-22,6.2164184e-15
610000,375,195,0,-3.370622e-13,3.101732e-11,1.766731e-13,6.596028e-20,1.5840567e-16,3.706179e-11
610000,106,255,0,-1.1186336e-11,2.2924003e-09,1.2180396e-14,2.7352e-21,4.1188177e-09,2.4196605e-11
610000,214,395,0,1.4382121e-12,1.1781544e-11,1.4272746e-14,9.887736e-23,2.1212658e-16,1.1482387e-10
610000,350,267,0,-2.0952691e-13,1.0726298e-11,5.68e-43,0.0,9.678318e-19,2.3861599e-14
610000,176,126,0,-4.991511e-13,1.4770477e-11,7.9190766e-13,2.904635e-17,2.9086754e-17,1.0754067e-11
610000,126,316,0,-2.760293e-13,3.3870138e-12,9.7479e-19,2.954483e-29,3.1299831e-24,2.5101873e-10
610000,252,302,0,-1.6419853e-15,9.3256706e-21,8.19019e-24,2.295396e-34,3.959e-42,2.8030292e-16
610000,63,91,0,-5.91898e-13,4.2245058e-11,2.2263898e-14,1.03548165e-20,6.3725033e-15,2.1016942e-10
610000,260,244,0,-1.4422632e-17,1.8961363e-30,0.0,0.0,0.0,1.4287801e-16
610000,309,462,0,-2.4509713e-13,2.541855e-11,2.2315028e-11,1.3902879e-13,1.2708542e-11,9.097976e-11
610000,253,298,0,-7.055565e-16,1.0435025e-22,1.9033926e-18,2.4472787e-25,4.754587e-30,2.1848058e-14
610000,288,210,0,-2.9397434e-14,3.3190793e-14,4.2719485e-13,1.6801026e-18,9.818361e-23,6.460887e-19
610000,464,85,0,-1.5999632e-12,1.2511563e-10,3.8257536e-11,2.3146922e-13,1.22659365e-11,2.341812e-10
610000,276,166,0,-3.4979e-14,2.7541452e-15,1.3460063e-34,0.0,0.0,7.710068e-19
610000,313,379,0,-3.2637453e-13,2.161892e-11,9.745035e-16,1.6436838e-23,4.57093e-16,1.2828373e-10
610000,301,31,0,-8.2381405e-13,6.3155675e-11,7.34674e-12,1.0086981e-14,3.0754357e-10,3.1049856e-09
610000,103,275,0,-2.60468e-13,1.997541e-11,1.3884129e-16,8.9961544e-26,3.2395132e-16,3.0468108e-09
610000,366,438,0,1.8390749e-11,2.4344905e-11,1.5517368e-10,6.775045e-11,9.183299e-11,3.1800529e-09
610000,110,489,0,-1.3757539e-12,8.469102e-11,4.697468e-11,4.7153167e-12,8.443608e-13,3.125707e-09
610000,478,63,0,-1.3218523e-12,5.529804e-11,2.548443e-11,7.0827235e-14,3.1037695e-15,3.1951188e-09
610000,446,292,0,-4.725676e-13,2.7889918e-11,2.733589e-13,3.452771e-18,2.0771524e-16,3.0656806e-09
610000,249,13,0,-6.504634e-13,3.878874e-11,1.9881319e-11,8.020347e-14,1.6677059e-15,3.2646166e-09
610000,457,43,0,-1.0823275e-12,4.7527756e-11,4.077441e-15,8.998684e-22,4.0330468e-11,3.14138e-09
610000,267,338,0,-1.04242915e-13,1.0939251e-12,1.6912607e-18,1.18631555e-27,1.5253569e-27,3.0095235e-09
610000,33,127,0,-9.934871e-13,4.838887e-11,4.205844e-11,1.5306926e-13,1.4397673e-14,3.386465e-09
610000,38,304,0,-4.7724736e-13,4.4277054e-11,1.8521914e-14,1.7953717e-21,1.011726e-12,3.1101484e-09
610000,410,251,0,3.7193978e-13,4.74267e-11,1.4030072e-11,3.635959e-14,2.5704178e-10,3.0745193e-09
610000,70,42,0,-1.1045075e-12,4.7540333e-11,1.0113578e-13,1.8714159e-19,2.158821e-17,3.1556449e-09
610000,481,428,0,-1.6329457e-12,1.2257777e-10,9.936106e-12,7.531251e-15,3.6143425e-11,3.1938423e-09
610000,150,151,0,2.5920065e-11,1.0233809e-11,2.9627526e-11,2.710303e-13,1.7580663e-14,2.8882056e-11
610000,246,151,0,-2.8845785e-14,3.829691e-15,3.510189e-29,0.0,0.0,3.0215064e-09
610000,365,35,0,-1.0979683e-12,6.198809e-11,3.546466e-11,1.4052023e-12,2.2531655e-13,7.5044033e-11
610000,275,11,0,-4.204438e-13,2.2102042e-11,1.4256523e-14,1.1868669e-20,3.830329e-11,2.8930766e-10
610000,498,95,0,-1.1291051e-12,9.615018e-11,4.3322316e-12,4.888744e-16,1.4405809e-12,3.3228853e-09
610000,422,97,0,7.250983e-11,6.4236845e-11,1.3680554e-15,1.8089243e-24,1.813025e-12,3.068403e-09
610000,379,293,0,-2.6699294e-13,2.4985033e-11,3.3723208e-35,0.0,1.3159525e-14,1.1676791e-12
610000,495,45,0,-1.7790897e-12,1.2995302e-10,1.8339685e-13,3.2767881e-18,3.0343839e-10,3.1011154e-09
610000,181,42,0,-6.200496e-13,7.000055e-11,1.9419824e-14,1.691096e-21,2.8773162e-10,3.0331349e-09
610000,22,185,0,-5.06073e-13,4.5342523e-12,2.0252996e-12,5.3613754e-17,5.9545824e-21,3.1094631e-09
610000,386,102,0,1.4898577e-11,3.082097e-11,5.233853e-12,1.9901096e-15,4.768467e-16,3.0305662e-09
610000,240,490,0,-4.659049e-13,2.865456e-11,2.7715933e-18,1.56040095e-30,2.1837308e-11,3.1064051e-09
610000,119,397,0,-3.297476e-13,4.464933e-11,6.4732466e-19,4.0495628e-32,8.3464534e-15,3.0677128e-09
610000,476,483,0,-1.2247229e-12,6.039279e-11,3.7037887e-11,8.19868e-13,5.3120587e-14,3.1362997e-09
610000,112,477,0,-1.2203769e-12,1.1748971e-10,7.99832e-11,4.415098e-11,1.0504293e-10,3.032106e-09
610000,432,420,0,-1.3947911e-12,8.417469e-11,1.0336408e-10,1.11171294e-10,6.4173206e-10,3.2651788e-09
610000,23,422,0,-8.2177044e-13,7.537514e-11,3.7442444e-10,3.8941333e-11,5.981032e-11,3.3115872e-09
610000,411,75,0,2.541283e-12,1.5357764e-11,7.7081916e-14,4.4293073e-20,3.2959177e-17,3.0653367e-09
610000,486,292,0,-6.863509e-13,3.4503313e-11,6.7389805e-12,3.4048476e-15,1.1464037e-13,3.1365799e-09
610000,150,83,0,-4.822008e-13,2.0134627e-11,3.928405e-11,7.4399975e-13,2.9860676e-14,3.1101013e-09
610000,439,398,0,-1.1795199e-12,6.5572325e-11,1.8841185e-15,1.3278553e-23,2.3778695e-09,3.1686564e-09
610000,432,271,0,-4.1753696e-13,4.015751e-11,3.462259e-09,7.191878e-10,1.1875243e-09,1.1069168e-10
610000,241,50,0,-7.2652794e-13,3.2067602e-11,1.1717837e-16,5.6163445e-26,1.8338917e-17,4.8695662e-11
610000,244,15,0,-6.844785e-13,6.3438685e-11,4.977099e-11,4.6371483e-12,3.0476682e-10,3.2812317e-09
610000,204,11,0,-1.1151915e-12,2.5751736e-11,9.444445e-13,6.5022302e-18,9.255304e-18,3.186663e-09
610000,433,32,0,-9.090798e-13,4.800327e-11,3.4114843e-11,6.99942e-13,4.4321524e-14,3.283077e-09
610000,18,159,0,-7.434124e-13,5.099324e-11,1.4941115e-10,2.6136799e-12,2.965929e-13,3.065864e-09
610000,460,70,0,-1.2895351e-12,8.937978e-11,1.5608936e-11,7.96996e-14,2.4068207e-13,4.9046545e-10
610000,479,138,0,-9.169511e-13,7.1019274e-11,3.2185558e-12,2.4171194e-16,2.6243283e-10,3.1213627e-09
610000,62,247,0,-4.9410654e-14,4.7210056e-14,1.2583633e-15,2.528862e-24,1.7433107e-31,3.0184708e-09
610000,101,423,0,-1.0669073e-12,7.563774e-11,7.170222e-13,5.878705e-18,1.0554805e-12,3.0624292e-09
610000,101,83,0,-5.0979213e-13,2.3865868e-11,8.1217436e-11,4.897484e-11,8.164445e-11,3.2041623e-09
610000,145,87,0,-4.573007e-13,4.470248e-11,2.2229619e-14,5.874999e-22,7.3130526e-13,3.1264096e-09
610000,453,112,0,-1.1466276e-12,9.226245e-11,3.8691425e-11,1.6623076e-12,1.8142757e-12,1.6114193e-10
610000,99,89,0,-4.616609e-13,9.995998e-12,1.1448617e-12,1.9822935e-17,2.981716e-20,1.2948843e-10
610000,428,300,0,-3.1219322e-13,1.6671255e-11,3.4454046e-12,3.0169858e-16,8.582734e-16,3.205007e-09
610000,98,97,0,-4.55738e-13,3.887969e-11,1.6039556e-15,6.982771e-24,3.776783e-13,3.1913627e-09
610000,260,485,0,-4.682156e-13,9.532839e-12,5.7105237e-11,4.4759045e-12,7.4218734e-13,4.1477155e-09
610000,91,442,0,-1.1189021e-12,5.6633698e-11,1.8125699e-13,1.07859214e-19,2.3039678e-13,3.6262184e-11
610000,33,325,0,-5.1708697e-13,1.4020602e-11,2.2343094e-11,1.3902964e-13,1.8634293e-15,3.0564273e-09
610000,357,341,0,-3.998682e-13,1.8007672e-11,4.5459654e-18,3.4057024e-30,1.9092168e-16,3.1393688e-09
610000,104,381,0,2.5624284e-11,1.4732703e-11,3.701685e-13,8.373152e-19,2.3708124e-14,3.1387117e-09
610000,454,102,0,-1.1356176e-12,4.0947957e-11,1.933333e-13,2.8569536e-19,1.4647448e-13,3.171291e-09
610000,351,2,0,-6.457294e-13,3.102294e-11,2.8894545e-15,5.878768e-22,2.1208366e-16,3.1319152e-09
610000,456,393,0,-1.2946233e-12,7.52038e-11,1.1027568e-10,5.1384962e-11,1.1573108e-10,3.1333587e-09
610000,355,400,0,4.5718363e-11,4.1067007e-12,1.7292465e-12,9.835941e-17,3.0615224e-20,3.0949474e-09
610000,74,416,0,-7.1531507e-13,5.9727716e-11,8.973979e-11,1.852921e-11,8.552396e-12,3.1425509e-09
610000,200,34,0,-8.966962e-13,5.9235214e-11,2.5867657e-13,1.2540011e-18,2.002707e-12,1.4095101e-10
610000,30,131,0,-1.0013e-12,5.2538522e-11,5.500685e-12,1.729654e-15,5.85606e-11,3.2314933e-09
610000,113,482,0,-1.245284e-12,8.209511e-11,3.820925e-12,1.0402848e-15,2.9601652e-13,3.0851703e-09
610000,57,14,0,-1.0229059e-12,4.473416e-11,3.323382e-14,4.8994205e-22,2.0037097e-12,3.1456784e-09
610000,43,29,0,-1.3892209e-12,5.734477e-11,1.0929296e-13,2.4634418e-19,2.4504838e-16,3.3770258e-09
610000,158,114,0,3.5349745e-13,2.188781e-14,4.490709e-27,0.0,5.0082e-41,3.000009e-09
610000,412,259,0,-3.6817256e-13,5.037699e-11,7.0848804e-12,1.29667505e-14,5.698533e-14,1.6948234e-11
610000,163,441,0,-4.2327695e-13,2.5762685e-11,2.1720195e-13,2.875068e-19,3.6278057e-11,5.7556707e-12
610000,51,70,0,-5.3510603e-13,1.8298326e-11,7.4947786e-14,2.8503972e-20,4.3489213e-16,3.3264416e-09
610000,107,52,0,-9.267714e-13,7.412412e-11,5.0029794e-14,1.0073863e-20,2.5927355e-12,3.0962115e-09
610000,483,86,0,-1.2491958e-12,5.4383338e-11,2.9486632e-11,2.1975233e-13,1.2362076e-13,3.0949265e-09
610000,45,148,0,-9.908611e-13,5.941419e-11,8.441419e-12,4.5520313e-15,6.1815787e-13,3.0652927e-10
610000,186,37,0,-6.8886964e-13,3.4736294e-11,1.1017512e-15,2.3648537e-23,3.0187132e-16,3.0572938e-09
610000,469,270,0,-7.8540744e-13,4.847003e-11,7.371321e-11,9.312335e-12,2.1285368e-11,3.0550542e-09
610000,253,423,0,3.3282866e-12,1.9470179e-11,1.605197e-14,2.2643648e-22,1.8185243e-13,3.1727612e-09
610000,475,2,0,-1.289388e-12,1.01809366e-10,1.5215083e-11,3.721127e-14,4.3672847e-11,3.4112135e-09
610000,371,474,0,-5.123489e-13,1.496523e-11,7.2004645e-14,7.2423114e-20,2.9303034e-18,3.0695204e-09
610000,34,332,0,-5.1302837e-13,3.692827e-12,1.547811e-11,7.126688e-14,9.336664e-16,9.084867e-11
610000,94,255,0,-9.818406e-13,4.4757562e-11,2.5765972e-16,6.99021e-27,1.6985328e-15,3.1243712e-09
610000,338,65,0,-6.7193744e-13,2.0433029e-11,8.985454e-23,5.63125e-39,6.726748e-20,3.137367e-09
610000,238,366,0,3.7550666e-12,2.0518143e-15,2.7663577e-15,4.0818756e-24,2.2390276e-31,2.9969742e-09
610000,465,74,0,-1.489615e-12,6.872324e-11,1.0931568e-13,1.782739e-20,1.7112935e-16,3.0716638e-09
610000,380,412,0,2.6784053e-10,3.4472657e-11,7.123906e-13,1.1037355e-17,1.17402e-14,3.2412995e-09
610000,120,80,0,-5.362011e-13,1.0852919e-11,6.394206e-13,2.5483681e-18,8.7832105e-21,3.0885474e-09
610000,441,268,0,-4.2770448e-13,2.1662809e-11,1.4199695e-18,1.1586754e-30,3.23569e-16,3.0773384e-09
610000,480,450,0,-1.3476746e-12,7.4551615e-11,1.3739376e-13,1.0736365e-18,5.597975e-14,3.211875e-09
610000,51,14,0,-9.294501e-13,3.1939586e-11,1.6007789e-12,1.6102297e-16,2.362123e-15,3.1198444e-09
610000,229,457,0,-4.6025797e-13,2.3238203e-11,5.496079e-13,3.1360264e-18,2.48778e-16,3.1155496e-09
610000,228,12,0,-6.571593e-13,2.2036832e-11,1.2945914e-19,3.831104e-33,5.6002497e-17,6.0036545e-11
610000,360,331,0,-7.6928795e-13,3.1653513e-11,1.1978691e-13,5.1680906e-19,4.5916016e-14,2.3155913e-12
610000,66,361,0,3.019553e-12,2.3044175e-09,4.458822e-11,2.473692e-13,4.118812e-09,1.719523e-10
610000,421,113,0,8.476891e-11,6.4923025e-11,3.0862632e-11,6.2478e-13,1.6268656e-12,2.4943011e-11
610000,187,327,0,-1.2239833e-13,2.8678188e-12,2.1111748e-28,0.0,9.813611e-25,5.958607e-13
610000,198,266,0,-1.1436393e-14,9.512928e-16,3.3333455e-35,0.0,0.0,6.9053816e-12
610000,160,299,0,-2.4485375e-14,3.4616655e-17,3.6254874e-20,1.9233573e-33,5.7e-44,2.3158858e-12
610000,90,219,0,-1.0889827e-13,6.912241e-12,6.7027755e-12,6.642213e-15,2.5382019e-17,1.4566724e-10
610000,173,124,0,-9.712196e-13,2.8836464e-10,1.5346741e-14,4.5575203e-22,4.7481463e-11,1.4704545e-11
610000,360,375,0,1.5296932e-10,1.0659884e-11,6.448607e-12,5.6905567e-15,2.0527703e-17,5.0493092e-11
610000,340,221,0,-2.1409244e-13,9.327207e-12,1.5320798e-14,4.5575173e-22,1.6365012e-19,5.3461728e-11
610000,134,416,0,-3.2701654e-13,7.405261e-12,3.93209e-11,3.4812897e-13,1.1389409e-14,1.7456657e-10
610000,437,240,0,7.099483e-11,1.5481248e-11,4.820189e-13,1.3344318e-18,1.658263e-20,2.6223587e-10
610000,453,88,0,-1.378245e-12,1.1204104e-10,1.0583429e-13,3.8205787e-19,2.1662902e-12,2.9344957e-11
610000,185,341,0,-1.019935e-13,1.2166978e-14,6.202047e-31,3e-45,2.2344e-40,3.918596e-11
610000,348,400,0,1.7277301e-11,3.7669163e-11,5.387684e-11,4.0227366e-12,6.390436e-13,1.0063848e-10
610000,158,21,0,-6.063067e-13,1.8326547e-11,3.07672e-14,8.3593957e-22,8.084112e-18,1.1180449e-10
610000,68,344,0,2.480588e-13,1.1986204e-11,1.8206686e-16,1.8481288e-26,5.0257034e-21,1.366053e-10
610000,251,91,0,-6.959182e-14,2.3530709e-12,1.230163e-13,4.3514922e-20,3.8829866e-25,8.547838e-11
610000,102,366,0,2.5507292e-11,9.192532e-11,4.227794e-18,2.0342278e-30,2.257726e-10,5.9758786e-12
610000,294,114,0,-1.13243806e-13,1.680105e-12,1.4779656e-18,2.8650297e-26,6.788201e-24,9.743677e-11
610000,400,177,0,1.2665477e-12,2.4817393e-11,3.877356e-15,9.992075e-22,3.6462274e-17,3.0991147e-12
610000,357,149,0,-4.7070133e-13,2.0085319e-11,6.5764525e-12,6.1544508e-15,2.4057675e-17,1.0974324e-11
610000,465,440,0,-1.4587154e-12,9.6748866e-11,4.183188e-13,5.6756998e-18,3.3342586e-11,7.131415e-11
610000,15,238,0,-3.6043157e-13,1.6703848e-11,5.7691005e-12,4.6463537e-16,5.930733e-17,6.8145e-11
610000,29,346,0,-7.207992e-13,6.872235e-11,1.6460477e-12,6.366763e-17,3.4262017e-11,2.1209547e-10
610000,168,473,0,-4.5917e-13,2.4331051e-12,2.8267864e-11,1.3394728e-13,3.19048e-15,1.3727557e-10
610000,128,481,0,-8.2433057e-13,2.4460942e-11,3.7367943e-12,1.5568286e-16,3.3195937e-18,3.1510414e-10
610000,23,160,0,-7.525239e-13,7.096659e-11,2.3244387e-11,9.6710034e-14,2.3565534e-09,2.9886194e-10
610000,38,201,0,-6.1789647e-13,1.5920135e-11,1.6952491e-10,7.394118e-12,1.5395062e-12,1.5421599e-10
610000,175,467,0,-5.3023926e-13,9.690504e-12,1.4530377e-13,2.8813384e-19,3.2669618e-20,1.7109887e-10
610000,438,147,0,-1.3771856e-13,4.350033e-11,1.1245465e-13,2.206505e-20,8.797311e-14,1.3704443e-10
610000,4,172,0,-6.8410376e-13,4.9534408e-11,5.1268428e-20,2.0551531e-33,3.5287818e-11,3.524011e-10
610000,150,491,0,-7.36249e-13,8.4792784e-11,5.875342e-19,1.4180991e-29,2.346241e-10,7.056007e-11
610000,30,446,0,-1.497498e-12,6.4710036e-11,3.927278e-13,5.93845e-19,1.7261596e-14,3.2950448e-10
610000,92,9,0,-1.5989342e-12,1.1306076e-10,1.554878e-11,2.6530564e-14,4.555177e-11,1.1230445e-10
610000,95,22,0,-1.3074854e-12,3.6128607e-11,1.4175619e-12,3.8878955e-17,7.608745e-18,9.081006e-11
610000,16,96,0,-1.3066188e-12,7.1185856e-11,1.47973e-11,1.8133002e-14,3.1316518e-12,5.336836e-10
610000,449,468,0,-1.3749104e-12,7.0620614e-11,5.5765857e-11,4.875439e-12,9.122813e-13,2.219357e-10
610000,383,471,0,-6.3275264e-13,2.3186885e-11,1.0868477e-12,1.972858e-17,2.2477562e-16,8.232314e-11
610000,293,0,0,-3.398689e-13,1.9496544e-12,1.8109576e-11,1.3282809e-14,4.025801e-17,2.5992425e-10
610000,19,492,0,-2.1894615e-12,1.246271e-10,5.389125e-11,4.0227366e-12,1.6416612e-12,1.564092e-10
610000,435,49,0,-8.1621076e-13,2.1976766e-11,1.3128635e-11,9.327724e-15,3.936516e-15,6.2822836e-10
610000,52,476,0,-1.9582704e-12,1.2125582e-10,3.1676505e-11,2.650425e-13,1.0434202e-11,3.0955627e-10
610000,10,420,0,-9.097473e-13,4.4745894e-11,7.8262234e-13,1.1021878e-17,2.3565465e-09,5.018747e-10
610000,338,13,0,-6.1594225e-13,3.6900175e-12,1.6342123e-14,6.2990314e-22,3.5299804e-27,2.784724e-10
610000,485,55,0,-1.4885633e-12,5.3991447e-11,3.5637645e-12,1.4280909e-15,1.2302892e-13,1.3760336e-10
610000,194,15,0,-1.037806e-12,2.923009e-11,1.3696418e-10,5.7335067e-11,2.2370168e-09,3.1628247e-10
610000,35,270,0,-1.9855827e-13,1.0752818e-11,1.285278e-12,1.5518823e-16,6.607979e-17,5.8762474e-11
610000,21,393,0,-9.0533825e-13,6.283619e-11,1.5631857e-11,6.3306626e-14,3.6579585e-12,2.420502e-10
610000,424,43,0,-7.282196e-13,4.0517967e-12,3.2501283e-13,3.9242655e-19,3.5057002e-24,5.793037e-10
610000,460,24,0,-1.3268253e-12,7.2045064e-11,2.505341e-13,1.9597796e-19,4.527194e-11,8.50663e-11
610000,205,481,0,-7.2917307e-13,2.4305377e-11,9.98787e-11,3.418294e-12,6.877734e-13,5.1504145e-11
610000,191,23,0,-8.552446e-13,6.688458e-11,7.890488e-12,1.6616691e-15,2.5590578e-14,2.956948e-10
610000,435,491,0,-7.067882e-13,2.6699148e-11,1.2755801e-12,4.0943776e-17,3.667054e-16,2.3732516e-10
610000,487,406,0,-9.571444e-13,8.52284e-11,1.847915e-11,2.8020943e-14,2.291685e-10,1.7058811e-10
610000,265,12,0,-4.143267e-13,1.0556079e-11,9.4822763e-14,1.387135e-18,8.878997e-18,1.7757909e-10
610000,130,489,0,-7.9657033e-13,2.1554194e-11,6.441038e-11,1.9793774e-11,1.15854375e-11,2.1114452e-10
610000,374,478,0,-5.937805e-13,2.061472e-11,9.095779e-17,2.2485143e-26,2.0169208e-17,2.274169e-11
610000,20,411,0,-7.0565e-13,2.8392764e-11,7.736938e-12,1.7639946e-14,2.6508656e-12,3.428821e-10
610000,9,471,0,-2.1892661e-12,1.0272287e-10,8.827243e-11,1.8706618e-11,8.192553e-12,2.9856026e-10
610000,454,177,0,1.7057605e-11,1.1336355e-10,9.542699e-14,1.8936255e-19,2.963036e-10,1.773229e-11
610000,490,407,0,-8.891474e-13,5.534762e-11,1.8501506e-11,1.9029173e-14,2.1581017e-15,1.8426193e-10
610000,34,213,0,-5.34161e-13,2.7366597e-11,5.4569305e-12,2.3490724e-15,4.5663354e-17,2.8496194e-10
610000,88,32,0,-1.1002712e-12,1.0679355e-10,8.14712e-13,6.0836276e-18,1.45200536e-11,4.5559088e-11
610000,495,177,0,-2.4905628e-13,3.0835022e-12,5.267097e-16,1.6155763e-24,3.7493604e-24,1.8067924e-11
610000,74,9,0,-1.3209101e-12,9.379622e-11,1.1652176e-13,2.7983538e-19,8.5052e-15,2.4066724e-10
610000,4,493,0,-2.7368587e-12,1.7798377e-10,1.011339e-11,2.9097881e-15,3.8478105e-12,1.9460024e-10
610000,71,59,0,-5.762503e-13,6.9342912e-12,6.4166966e-13,3.1392176e-18,1.8723461e-22,6.709838e-11
610000,391,6,0,-7.0979903e-13,4.4516255e-11,1.1824852e-12,1.5214551e-17,2.9386036e-12,2.5504554e-10
610000,441,140,0,-1.0940241e-12,8.195106e-11,1.1628205e-11,1.7350348e-14,2.7015183e-09,2.5761654e-10
610000,355,480,0,-4.3766553e-13,1.8647446e-11,5.6211365e-11,4.396517e-12,7.103648e-13,7.122125e-11
610000,282,44,0,4.2611826e-12,4.9277152e-11,4.2076294e-19,1.3495209e-30,4.9884393e-14,2.3242697e-10
610000,11,282,0,-3.0283764e-13,6.125137e-12,5.955916e-13,1.9372655e-18,1.4274983e-19,1.8155094e-10
610000,124,484,0,-9.669775e-13,2.3832707e-11,1.0601086e-10,5.359555e-11,7.489737e-11,5.449529e-11
610000,478,174,0,-4.2024278e-13,1.5449907e-11,2.3794959e-11,1.9914013e-13,3.408344e-15,2.2261719e-11
610000,462,490,0,-7.757242e-13,4.57614e-11,4.0217617e-12,1.5336385e-16,1.4265848e-16,5.635848e-10
610000,8,13,0,-8.5049085e-13,6.2342166e-11,7.182399e-12,1.0453248e-15,7.119138e-14,3.226231e-10
610000,353,464,0,-5.9887794e-13,1.8367878e-11,7.1149227e-16,2.5578284e-24,1.3478884e-22,2.9089106e-10
610000,428,6,0,-7.759255e-13,4.6072385e-11,1.5214583e-11,5.948951e-14,4.1723596e-14,1.6869649e-10
610000,373,430,0,1.4043966e-10,1.9100093e-12,4.6141507e-14,1.2375251e-21,1.0763795e-27,1.5043464e-10
610000,499,461,0,-4.6360505e-14,4.733651e-12,1.1964919e-11,1.5112515e-13,2.6003507e-15,5.389671e-12
610000,68,109,0,-6.817589e-13,2.096583e-11,1.3712931e-10,1.7638002e-11,6.0637897e-12,1.8406456e-10
610000,354,25,0,-8.220499e-13,4.0709387e-11,2.9437184e-13,1.256437e-18,1.4373089e-14,2.131402e-10
610000,486,185,0,-3.7649175e-13,7.786902e-12,3.3612685e-12,2.9610602e-16,2.0573053e-19,1.9556069e-10
610000,50,498,0,-1.9366212e-12,8.085258e-11,1.0879395e-12,1.35236734e-17,3.5391955e-17,1.06711265e-10
610000,14,209,0,-5.603726e-13,2.2939706e-11,7.758483e-11,4.534745e-11,8.549378e-11,9.330017e-11
610000,243,17,0,-6.8278304e-13,4.7523437e-11,5.401099e-11,1.062444e-11,6.1646933e-12,4.703065e-10
610000,363,478,0,-4.6484556e-13,2.6482512e-11,3.383485e-11,3.2459552e-13,1.7232381e-12,1.5062093e-10
610000,344,30,0,-7.956281e-13,4.8731266e-11,1.5298634e-11,3.3580198e-14,2.0588358e-15,1.0748906e-10
610000,11,329,0,-8.417917e-13,3.871836e-11,4.885132e-13,9.762684e-18,2.424704e-12,1.8137958e-10
610000,323,496,0,-3.01743e-13,8.154696e-12,5.5291915e-14,4.1259676e-21,2.968782e-22,9.815115e-11
610000,84,392,0,6.345368e-11,9.457233e-11,9.607791e-15,3.694449e-23,2.9628264e-10,2.0094418e-10
610000,83,6,0,-1.4390781e-12,6.746604e-11,3.0979047e-12,1.5353722e-15,1.4465972e-12,2.4430366e-10
610000,442,449,0,-1.5583343e-12,9.702389e-11,2.0786144e-11,5.4137813e-14,1.7251308e-11,3.0800776e-10
610000,463,25,0,-1.3438894e-12,7.614987e-11,5.7421244e-13,1.3755945e-17,3.8851887e-14,1.3354046e-10
610000,374,491,0,-7.3204696e-13,6.7707076e-11,5.9496104e-13,3.5471875e-18,3.1567755e-11,2.1655507e-10
610000,169,26,0,-4.896722e-13,2.4458541e-11,3.8566355e-14,2.0672093e-20,5.1420253e-15,2.6938804e-10
610000,444,487,0,-8.474952e-13,5.0594317e-11,5.2326234e-12,5.4875385e-15,1.6290239e-13,1.9717163e-10
610000,75,431,0,-1.1142825e-12,6.9651056e-11,1.1231564e-11,1.6122613e-14,2.5674841e-14,2.2138587e-10
610000,496,257,0,-7.025357e-13,6.903587e-11,1.0387327e-14,1.6436555e-21,2.4039046e-10,8.325092e-11
610000,162,459,0,-4.2644217e-13,1.397517e-11,7.529083e-11,9.312892e-12,3.5583548e-12,4.851178e-10
610000,3,79,0,-1.1637212e-12,7.228548e-11,9.289555e-12,5.7798585e-15,2.7340028e-11,2.4226052e-10
610000,414,140,0,1.3247062e-15,6.6432033e-11,2.551615e-15,6.147648e-24,2.6272563e-13,7.317149e-11
610000,4,480,0,-2.6215451e-12,1.8276446e-10,2.0561606e-11,4.899236e-14,8.84825e-12,1.7068248e-10
610000,77,398,0,1.4977512e-11,1.936683e-11,2.3966709e-14,8.708414e-21,4.2482357e-15,2.2247962e-10
610000,136,482,0,-6.85106e-13,3.0536015e-11,2.3636822e-13,1.3297429e-19,2.2351353e-11,2.8287794e-11
610000,51,477,0,-1.983793e-12,1.2044458e-10,7.991191e-11,8.5254555e-12,2.9157794e-12,4.2197523e-10
610000,108,427,0,-9.773674e-13,3.7958785e-11,9.413261e-13,6.3318025e-18,7.651838e-14,6.9006356e-11
610000,403,45,0,-8.385318e-13,1.779823e-11,1.8244983e-13,1.6546595e-19,4.294632e-18,8.972173e-11
610000,170,464,0,-4.354338e-13,6.0883434e-12,1.5298136e-12,6.631558e-17,2.7370324e-20,1.8979432e-10
610000,275,67,0,1.3025409e-10,1.1621426e-11,5.1235075e-12,1.8260728e-15,2.2176882e-18,1.0328412e-10
610000,468,266,0,-7.3648043e-13,5.6445973e-11,5.184402e-12,7.822787e-16,2.9186888e-13,7.372266e-11
610000,289,50,0,1.8224948e-11,3.4982846e-11,3.4716635e-14,6.432171e-20,1.5349694e-13,1.3572994e-10
610000,475,311,0,-7.080969e-13,3.1803667e-11,1.3176712e-13,3.5833505e-19,8.906398e-13,2.1325307e-10
610000,17,98,0,-1.2959448e-12,6.175546e-11,2.60962e-12,4.1139776e-16,2.3561395e-15,3.2040856e-10
610000,475,245,0,9.9491745e-14,2.5091876e-11,3.7195837e-11,1.1250285e-12,1.2782307e-13,1.5076104e-10
610000,8,62,0,-1.2733893e-12,6.0868574e-11,6.977896e-13,2.0283438e-17,2.7066226e-14,4.5135168e-10
610000,48,204,0,-5.587454e-13,5.5238623e-11,3.0373315e-11,6.9963875e-13,2.7708336e-10,1.5097021e-10
610000,35,22,0,-1.4543424e-12,6.617695e-11,4.9401993e-12,1.5273287e-15,3.6278064e-11,2.8165242e-10
610000,186,7,0,-1.2276417e-12,8.1378695e-11,2.3576351e-12,2.0529309e-16,3.5508142e-12,7.6175705e-11
610000,75,463,0,-1.7570713e-12,1.3746025e-10,7.137409e-13,1.10373555e-17,3.3874572e-12,9.454729e-11
610000,290,66,0,3.070035e-10,2.8964314e-11,7.1072328e-12,1.2966759e-14,6.263157e-15,7.5067605e-11
