mcsteps,xCOM,yCOM,zCOM,il8,il1,il6,il10,tnf,tgf
810000,84,376,0,2.0808368e-09,4.577737e-11,7.474527e-15,7.4458546e-24,1.1716868e-16,1.440355e-10
810000,432,181,0,2.082192e-09,3.3231636e-11,1.8813462e-12,3.2300056e-16,1.9221818e-13,8.4523784e-11
810000,409,105,0,2.0809636e-09,2.8147923e-11,3.949049e-18,7.1161434e-30,3.2602548e-10,1.0610615e-10
810000,247,394,0,2.081093e-09,7.463784e-11,4.338234e-14,2.4517167e-21,1.7235517e-10,8.2168945e-11
810000,132,141,0,2.0812805e-09,2.8088698e-11,7.0249105e-24,1.492108e-39,6.8953e-16,1.3341768e-10
810000,286,72,0,2.0811362e-09,3.1620512e-11,2.1783064e-13,4.8057824e-20,2.3665084e-14,2.1423435e-10
810000,365,385,0,2.0828503e-09,1.087147e-11,2.3738626e-13,1.9815145e-18,1.1073123e-18,5.896939e-11
810000,379,420,0,2.082766e-09,2.8156883e-11,4.1850727e-13,4.7072134e-19,2.0853809e-14,1.2029071e-10
810000,426,219,0,2.1385016e-09,6.381217e-12,2.4910757e-12,2.343663e-16,5.146166e-19,1.347239e-10
810000,444,225,0,2.1374118e-09,2.0996743e-11,3.836954e-12,1.9274466e-15,1.4480743e-17,1.9146258e-10
810000,80,39,0,-9.664598e-13,5.0990826e-11,5.018529e-13,4.554537e-18,3.031654e-10,1.6188856e-10
810000,6,116,0,-1.0332667e-12,6.456565e-11,5.1995935e-15,1.2629501e-23,6.160417e-11,2.3844668e-10
810000,154,225,0,-7.224892e-14,1.047049e-11,4.0313905e-11,1.3920169e-12,8.845563e-14,8.507143e-11
810000,430,71,0,3.86371e-14,4.8968066e-11,9.4568255e-15,2.4883398e-23,3.3183628e-10,2.3084289e-10
810000,357,137,0,-3.6902136e-13,2.3792454e-11,6.344476e-18,6.903139e-29,5.8621103e-18,2.1599934e-10
810000,351,251,0,-2.5309445e-13,1.6738947e-11,8.148862e-29,0.0,5.2079657e-13,5.5948805e-11
810000,67,17,0,-1.1916264e-12,5.3426003e-11,3.31529e-13,8.339691e-19,1.3688792e-16,3.8794296e-10
810000,272,374,0,4.871815e-12,5.995177e-12,2.0148817e-11,3.2970485e-13,7.4005125e-15,5.0717236e-11
810000,233,47,0,-7.4402106e-13,2.7566938e-11,2.317599e-12,4.8986824e-17,7.116964e-17,2.01319e-10
810000,376,189,0,-3.551717e-13,1.7945267e-11,2.756126e-15,1.934108e-24,4.787051e-12,7.1584814e-11
810000,17,45,0,-1.2464538e-12,9.250223e-11,1.0034997e-10,1.1079922e-12,2.5651765e-11,3.0979988e-10
810000,361,456,0,3.5938765e-13,1.9571705e-11,3.5950802e-13,1.0816681e-18,1.1115163e-14,4.0254947e-10
810000,159,482,0,-6.0047415e-13,4.2711504e-11,8.174547e-12,2.3753472e-14,2.8955764e-12,3.9336243e-10
810000,257,201,0,-2.2867545e-14,3.1144192e-15,5.750515e-14,4.4614455e-20,4.900477e-25,1.34975005e-14
810000,225,200,0,-9.695849e-14,8.4105737e-13,9.08424e-33,0.0,2.6491257e-29,3.1735146e-11
810000,35,331,0,-5.104634e-13,6.2929046e-12,2.7349416e-11,2.1236788e-12,4.670693e-13,2.7727304e-10
810000,137,344,0,-6.0334555e-13,4.4103315e-11,2.214964e-15,1.9925778e-24,3.2603784e-10,1.2735613e-11
810000,258,192,0,-1.5366052e-14,2.592557e-16,5.728567e-11,4.060088e-11,8.964413e-11,7.676029e-13
810000,175,485,0,-7.670951e-13,3.6104793e-11,1.2178657e-11,5.149544e-14,3.7838915e-16,1.1771786e-10
810000,294,398,0,4.246991e-14,5.6064325e-14,3.8225247e-16,1.4260422e-26,9.228282e-35,5.1326162e-11
810000,222,308,0,-2.2208315e-13,1.329539e-11,4.43e-42,0.0,1.7859785e-18,3.6329374e-11
810000,277,121,0,-3.1354297e-13,2.580482e-11,4.9466136e-11,4.9652567e-13,3.0744632e-10,2.3984875e-11
810000,487,159,0,-4.763945e-13,2.3464142e-11,2.4286379e-15,2.3111935e-23,3.2734596e-10,1.7808621e-10
810000,194,347,0,-1.8840927e-13,1.5773066e-12,2.8685755e-21,8.938818e-35,1.9362241e-25,6.2406684e-11
810000,284,121,0,-2.2109181e-13,1.02267405e-11,1.6614503e-11,8.7436975e-14,6.7690204e-16,4.7741942e-11
810000,480,217,0,1.5158273e-12,1.472161e-11,6.554699e-13,2.9384187e-18,8.331543e-17,2.5758856e-10
810000,249,17,0,-5.8295946e-13,2.3888832e-11,6.390619e-11,3.652589e-11,9.2700396e-11,4.5975035e-10
810000,286,60,0,1.6888327e-10,2.6159254e-11,7.865015e-13,4.059603e-18,3.7940263e-14,9.693325e-11
810000,97,79,0,-5.297749e-13,2.2821007e-11,2.950117e-12,2.2358298e-16,5.3101005e-17,1.0844867e-10
810000,223,295,0,-1.7228876e-13,3.531992e-12,2.1800928e-38,0.0,1.1831068e-22,1.0791723e-11
810000,459,11,0,-1.1311037e-12,5.2573834e-11,2.98042e-13,3.0716103e-18,5.4056043e-12,3.7993297e-10
810000,350,166,0,-3.4548083e-13,2.3688846e-11,7.0441743e-16,5.9882844e-26,3.232113e-10,8.9523104e-11
810000,4,16,0,-3.987563e-13,3.915958e-11,3.3477658e-11,5.772051e-12,7.7269864e-11,3.9610618e-10
810000,58,234,0,-8.0545556e-14,3.4434147e-13,1.9119836e-12,3.4424022e-16,2.1568843e-19,8.170402e-11
810000,151,350,0,-5.057311e-13,3.435062e-11,8.002404e-18,4.112193e-30,2.1837306e-11,1.5804126e-10
810000,250,400,0,3.8470588e-10,2.3611826e-11,1.473239e-11,2.075338e-13,1.7179853e-12,2.3370492e-10
810000,10,452,0,-1.521625e-12,5.644661e-11,2.3079256e-11,3.4054308e-13,8.3839084e-14,3.1274877e-10
810000,33,340,0,-5.807119e-13,2.5594664e-11,7.246468e-11,1.9554807e-11,1.0164022e-11,1.5004675e-10
810000,337,97,0,-4.938448e-13,2.933884e-11,6.0425366e-11,3.3061201e-12,6.431872e-11,4.7225064e-11
810000,139,420,0,-2.8793027e-13,4.881181e-12,5.1923032e-11,1.0559818e-11,8.927993e-12,4.1606657e-10
810000,68,62,0,-5.7065653e-13,9.874135e-12,2.6308811e-14,1.2148191e-21,4.349472e-21,1.7958945e-10
810000,72,372,0,1.5240324e-10,1.4288516e-11,2.1084615e-13,1.5869856e-19,1.0230943e-22,1.5130253e-10
810000,4,385,0,-1.1924594e-12,3.5240116e-11,4.348667e-15,4.986366e-24,6.111313e-18,3.5487535e-10
810000,226,132,0,-4.707088e-13,2.0653371e-11,1.7485251e-15,5.7125777e-25,3.6613738e-14,2.6097435e-11
810000,405,312,0,-2.1111425e-13,1.3586804e-12,3.3709546e-11,8.5207747e-13,4.798907e-14,5.417244e-10
810000,482,492,0,-4.816148e-13,6.5740524e-11,1.00510176e-13,6.943879e-20,3.1164494e-12,3.8566533e-10
810000,187,258,0,-6.757863e-15,1.1622029e-17,3.078317e-19,1.1903225e-33,1e-45,2.8238476e-11
810000,365,30,0,-8.9412044e-13,5.2187876e-11,4.6638253e-12,1.1124622e-15,1.8805481e-11,7.092689e-10
810000,382,153,0,-4.607451e-13,1.0750391e-11,2.0206613e-22,3.7502124e-38,1.1041302e-19,1.6079715e-10
810000,150,459,0,-4.7520825e-13,2.6219676e-11,2.5335506e-11,4.7893947e-14,4.611111e-15,3.3173245e-11
810000,358,151,0,-4.3951366e-13,1.237921e-11,2.0575801e-11,3.1906498e-13,6.98393e-15,2.5799023e-11
810000,499,309,0,-6.5731264e-13,2.4222615e-11,1.1812888e-18,2.5505256e-31,6.9024106e-11,1.2579607e-10
810000,142,61,0,-6.93742e-13,2.2189507e-11,1.4092555e-11,4.8185726e-14,2.7051707e-16,1.1173815e-10
810000,343,158,0,-3.247572e-13,1.5936022e-11,6.866086e-16,1.9514899e-25,3.6335556e-17,8.411394e-11
810000,493,59,0,-1.5473994e-12,8.452093e-11,7.2649545e-16,1.14766285e-24,2.3968728e-14,2.3599306e-10
810000,282,23,0,-5.1181417e-13,4.3754268e-11,7.4037466e-16,5.5417005e-25,4.8458145e-13,3.6041883e-10
810000,261,151,0,-6.071263e-14,3.0837837e-15,7.6207463e-32,0.0,0.0,1.3326874e-11
810000,59,278,0,-1.492629e-13,4.2043743e-12,4.668224e-14,4.369966e-19,1.7449847e-22,5.6101953e-11
810000,292,418,0,-2.704683e-14,2.1445074e-13,2.8181865e-10,2.9580854e-10,8.89872e-10,1.3159018e-10
810000,87,106,0,-6.707375e-13,3.111386e-11,1.2560107e-13,5.1313535e-20,6.155282e-18,3.4721623e-10
810000,281,62,0,1.9125374e-10,3.2096385e-11,2.4709476e-11,1.1608277e-12,3.10108e-11,8.063128e-11
810000,285,102,0,7.24265e-12,2.9338445e-11,5.271533e-17,6.858809e-27,9.41021e-14,5.352796e-11
810000,488,234,0,-1.3871803e-13,1.1700173e-11,1.1485026e-11,1.8630302e-14,1.06281e-16,1.2424563e-10
810000,239,472,0,-4.4165228e-13,2.88653e-11,1.8032621e-13,1.087485e-19,4.4903517e-12,1.3677605e-10
810000,0,290,0,-3.074295e-13,5.8245483e-12,4.003304e-12,3.0434608e-16,5.488573e-20,3.0077674e-10
810000,201,94,0,-3.478668e-13,1.3845075e-11,1.2217333e-11,6.11813e-14,3.187997e-11,2.1645381e-10
810000,110,491,0,-1.2144302e-12,9.128867e-11,4.4154725e-11,3.4088794e-11,9.803489e-11,3.4262795e-10
810000,416,302,0,-2.2027227e-13,1.1692622e-12,2.3788564e-13,5.3576046e-20,6.55315e-26,5.1738742e-11
810000,313,366,0,-1.8235728e-13,1.6074484e-11,4.692302e-11,4.7153167e-12,8.421408e-13,2.1275951e-11
810000,410,352,0,-3.419824e-13,1.2537158e-11,2.4805727e-10,5.5657687e-11,4.3101734e-11,1.7878037e-10
810000,260,121,0,-4.0311182e-13,2.38139e-11,4.4495356e-18,1.9783135e-30,1.2594106e-18,5.6266252e-11
810000,211,398,0,1.979991e-12,1.1787979e-11,8.5378265e-14,3.2121901e-21,1.2296835e-14,1.421313e-10
810000,389,459,0,2.434113e-13,3.851258e-11,2.7785893e-11,2.1002059e-12,6.0219447e-12,2.4549461e-11
810000,25,329,0,-6.3165125e-13,3.631252e-11,6.1088183e-12,1.81914e-15,6.0227014e-12,5.3015586e-10
810000,87,351,0,1.8652732e-11,1.6583434e-11,8.567714e-13,1.0681637e-17,3.9154852e-16,1.1217599e-10
810000,317,208,0,-5.4515705e-14,2.2521594e-13,2.037482e-19,1.2920826e-33,7.774861e-34,1.637867e-13
810000,102,78,0,-5.267678e-13,3.541253e-11,8.7675015e-12,4.0551492e-14,3.3097716e-10,1.4293575e-10
810000,345,416,0,4.838368e-12,3.6544027e-12,4.483622e-19,3.3889573e-32,9.274081e-22,1.1782657e-10
810000,411,278,0,-3.229583e-13,1.7751134e-11,2.3208518e-20,1.9890571e-35,1.8080983e-13,1.0069349e-10
810000,20,387,0,-9.819468e-13,5.731288e-11,7.334678e-11,1.973197e-11,4.9324524e-11,4.6827453e-10
810000,311,248,0,-1.1935062e-13,1.8551934e-11,2.0875838e-16,1.1643785e-27,8.5200775e-13,2.736817e-11
810000,429,477,0,-8.528722e-13,2.863264e-11,4.9785984e-11,1.9288635e-12,1.9629847e-09,2.257946e-10
810000,86,15,0,-1.3520605e-12,8.6086784e-11,1.3136898e-11,4.83724e-15,9.3915604e-11,1.3836403e-10
810000,421,254,0,3.8768103e-12,2.4286947e-11,2.6857709e-12,1.7340968e-16,1.32691624e-14,2.4139818e-10
810000,32,266,0,-2.4289872e-13,9.144656e-12,1.5230155e-12,3.8791032e-17,1.1963774e-19,1.6245165e-10
810000,275,89,0,4.4718677e-11,3.6992867e-11,2.4564862e-12,2.716028e-16,6.749018e-18,2.0552164e-09
810000,490,315,0,-6.815478e-13,3.6139935e-11,2.4427975e-11,8.212002e-14,3.0680992e-11,2.1640202e-10
810000,207,98,0,-3.425343e-13,8.856258e-12,2.731459e-13,3.1950097e-19,2.678798e-18,1.1406946e-10
810000,83,494,0,-1.1021827e-12,5.7709643e-11,5.5748765e-13,6.0786492e-18,2.746587e-14,2.4815813e-10
810000,462,10,0,-1.1518864e-12,4.311707e-11,5.973152e-14,2.2518726e-21,6.905001e-17,6.3774275e-10
810000,400,2,0,-6.3232427e-13,2.805992e-11,3.346879e-14,1.0224521e-21,2.3521e-14,1.10561074e-10
810000,100,120,0,8.5805495e-13,2.6806994e-11,1.2507642e-12,9.456643e-17,2.992988e-11,2.5783548e-10
810000,224,112,0,-8.026257e-13,6.1744755e-11,1.1167141e-24,5.25e-43,2.356547e-09,7.582798e-11
810000,218,315,0,-3.4904482e-13,9.763734e-12,9.136619e-37,0.0,2.1557658e-20,1.7361197e-10
810000,221,463,0,-4.84694e-13,2.4565133e-11,2.9598495e-15,1.0698381e-22,2.943679e-11,4.7659826e-10
810000,371,175,0,-4.566533e-13,2.6825538e-11,2.0895072e-25,0.0,1.3213905e-12,7.6466375e-11
810000,400,285,0,-2.9472594e-13,1.23341155e-11,6.668709e-24,1.49e-43,6.1885853e-14,4.1942998e-11
810000,186,328,0,-1.294152e-13,2.049232e-12,6.131098e-26,0.0,2.9229466e-26,1.0830605e-11
810000,213,319,0,-4.5962116e-13,6.1086476e-11,2.266201e-34,0.0,3.8660714e-13,1.1883693e-10
810000,239,171,0,-3.934479e-14,6.893001e-14,5.720917e-28,0.0,6.552e-42,5.1842813e-13
810000,367,91,0,7.202407e-14,1.2149372e-12,3.493088e-16,2.557476e-26,2.0677073e-27,8.173748e-11
810000,260,279,0,-4.1967274e-16,1.1224004e-24,3.6114768e-19,1.4030331e-30,3.052362e-39,1.2268723e-11
810000,195,246,0,-4.1624358e-14,1.258491e-13,4.518953e-19,1.3440305e-31,3.5367007e-31,1.5955353e-11
810000,301,201,0,-3.3574512e-14,1.5315215e-15,1.3461167e-11,2.2952887e-14,9.26752e-17,3.10723e-13
810000,45,130,0,-1.0028365e-12,6.9613704e-11,3.638549e-11,1.5067597e-13,2.0042423e-09,1.6979125e-10
810000,53,210,0,-3.4367748e-13,2.2566489e-11,1.2556979e-13,8.572458e-21,1.2747696e-12,2.3097117e-10
810000,277,101,0,6.6954207e-12,3.3421106e-11,1.7700181e-16,7.319979e-27,9.9412015e-17,9.090035e-11
810000,62,68,0,-5.2823067e-13,7.513017e-12,8.4316455e-16,4.3085102e-26,1.3611594e-22,4.4884063e-10
810000,336,293,0,-3.313867e-13,2.5892993e-11,9.76e-42,0.0,4.840255e-11,5.563116e-12
810000,0,214,0,-3.629084e-13,4.63653e-12,6.5869007e-12,1.5020789e-15,1.5710542e-18,3.382826e-10
810000,109,430,0,-8.4737013e-13,3.921565e-11,6.223171e-12,5.3050385e-15,1.7195626e-14,4.7664955e-10
810000,248,473,0,-3.6844757e-13,1.0216052e-11,7.373969e-14,1.3410775e-20,1.8477193e-19,3.6035613e-10
810000,115,63,0,-7.344388e-13,4.638493e-11,2.6977701e-11,1.0925592e-12,3.0896626e-11,2.2323852e-10
810000,456,110,0,-9.470441e-13,5.1046455e-11,6.079543e-11,1.9786329e-11,3.585628e-11,2.633379e-10
810000,407,161,0,4.326256e-12,3.5367802e-11,2.9592995e-12,5.690859e-16,2.819027e-16,1.1994239e-10
810000,344,338,0,-2.6553998e-13,2.6440034e-11,2.762491e-24,6.6e-44,2.1056965e-12,6.126301e-11
810000,111,108,0,5.3047773e-13,2.2703646e-11,3.255557e-16,1.7567158e-25,2.739851e-16,1.0132011e-10
810000,38,387,0,-7.634173e-13,6.184822e-11,3.2633184e-13,2.8270196e-18,2.913285e-12,3.5695513e-10
810000,180,131,0,-3.9261975e-13,7.221492e-12,2.0480001e-11,3.0848634e-13,6.5845068e-15,1.1170654e-11
810000,333,121,0,-4.1789676e-13,2.0891169e-11,2.1163606e-11,3.5716367e-14,5.0915804e-12,6.2954864e-11
810000,423,237,0,8.557223e-11,2.0253353e-11,2.0504425e-12,5.329733e-16,1.0782179e-18,1.6574833e-10
810000,361,316,0,-3.80878e-13,5.380665e-11,5.935571e-18,3.7843063e-31,5.9194344e-11,1.3742018e-12
810000,439,277,0,-3.7802845e-13,1.3750276e-11,1.14795885e-14,1.100742e-22,1.5920114e-15,2.890496e-10
810000,383,226,0,1.4219324e-13,1.066005e-11,3.9096923e-18,4.6937414e-31,3.4037074e-18,1.13349045e-10
810000,344,168,0,-2.953081e-13,1.5636195e-11,2.1801454e-14,6.024143e-22,9.828533e-15,8.176577e-11
810000,170,304,0,-1.02700536e-13,1.2394468e-13,1.5277964e-12,1.5936287e-16,7.62273e-20,2.9945193e-09
810000,81,426,0,-9.105148e-13,5.9280233e-11,3.3794045e-13,4.252479e-18,1.1394983e-12,3.4058831e-09
810000,57,486,0,-1.6584269e-12,8.862393e-11,7.154563e-13,1.7704524e-17,6.512856e-13,2.8255348e-10
810000,168,427,0,-3.5740426e-13,1.3440931e-11,1.7515893e-14,3.2671264e-22,1.5200461e-22,8.9469e-11
810000,162,376,0,-2.9952844e-13,1.24975195e-11,5.5824723e-16,1.0969444e-24,5.218945e-16,4.0002893e-11
810000,247,227,0,-8.214792e-15,1.2060313e-16,3.3615583e-36,0.0,0.0,1.683463e-12
810000,397,56,0,-7.078478e-13,3.834752e-11,4.9735285e-12,7.2677274e-16,4.9402236e-11,2.0445479e-10
810000,444,404,0,-1.1318999e-12,5.2170282e-11,4.062808e-13,3.3463958e-18,9.6328714e-14,4.83523e-10
810000,52,127,0,-9.699146e-13,4.3187478e-11,3.7626385e-11,5.5099783e-12,1.3408548e-12,2.9621566e-10
810000,479,419,0,-1.3099635e-12,8.196365e-11,1.1561873e-12,2.990109e-17,2.482665e-09,4.1856063e-10
810000,395,227,0,5.043282e-12,5.557368e-13,3.968649e-18,1.7077531e-30,1.36659465e-33,1.3290381e-10
810000,401,469,0,-7.329211e-13,3.6912768e-11,1.1201094e-11,5.3324845e-15,3.4096448e-11,3.5918327e-10
810000,252,123,0,-3.915149e-13,2.8083634e-11,4.0364088e-24,8.17e-43,1.1417191e-13,3.3183987e-11
810000,413,13,0,-6.302561e-13,1.2200977e-11,2.566996e-13,1.0567466e-19,8.7604495e-20,5.838407e-10
810000,298,416,0,-6.3940796e-14,2.454692e-14,4.286821e-11,1.8828727e-11,1.684141e-11,1.4233474e-10
810000,386,165,0,-5.3704296e-13,1.9638584e-11,6.9025556e-22,1.486326e-39,2.1358453e-20,7.269936e-11
810000,12,112,0,-1.0778955e-12,5.786673e-11,7.6971334e-13,2.6539056e-18,1.9058146e-13,1.3225084e-10
810000,396,242,0,1.3105757e-12,8.700329e-12,4.897958e-15,4.4812518e-24,4.902967e-21,2.015312e-10
810000,89,85,0,-5.3969296e-13,1.6156488e-11,3.9996572e-11,1.3271324e-12,9.6275954e-14,1.7466163e-10
810000,438,291,0,-3.7856065e-13,2.2723693e-11,7.25373e-13,3.2941262e-18,4.0602703e-12,2.0983698e-10
810000,29,253,0,-2.7051676e-13,3.0618843e-12,3.2466174e-17,5.746213e-28,3.6430617e-26,1.3353899e-10
810000,192,383,0,-4.034265e-13,1.27293774e-11,1.0292184e-16,3.7328061e-28,1.5146716e-20,1.0198928e-10
810000,172,265,0,-5.12564e-15,2.335414e-18,1.2498047e-17,7.578486e-28,1.3364297e-35,9.8520095e-11
810000,350,193,0,-2.9002189e-13,2.8755673e-11,2.470238e-19,2.9794803e-34,5.5315977e-12,1.287172e-10
810000,114,229,0,-3.6441512e-14,3.2167514e-15,8.429688e-13,8.801584e-18,3.7388412e-22,1.5932873e-10
810000,253,290,0,-8.711991e-16,2.6232099e-23,1.997549e-10,5.829268e-11,5.1485868e-11,3.6737006e-11
810000,216,168,0,-1.5590892e-13,4.809264e-12,2.1897461e-24,1.363e-42,4.7505784e-22,7.506222e-14
810000,453,362,0,-7.5458894e-13,4.024544e-11,6.6104682e-12,2.2940327e-15,5.8839765e-12,9.1665675e-11
810000,381,335,0,-3.1843595e-13,1.8395738e-11,1.09699725e-13,4.9134826e-20,3.9454256e-14,1.7187475e-10
810000,356,364,0,2.8552912e-11,1.8532783e-11,9.4780005e-15,3.9318522e-23,7.782016e-14,2.6403353e-11
810000,271,70,0,1.0359497e-10,3.547919e-12,1.0134418e-13,1.1730596e-20,2.8482045e-26,8.161187e-11
810000,384,100,0,1.7691728e-11,2.4276456e-11,6.398479e-13,3.234979e-18,1.160981e-15,1.6532861e-10
810000,462,355,0,-7.05592e-13,2.2638839e-11,1.453284e-12,2.6034107e-17,1.7496672e-14,1.7037542e-10
810000,207,424,0,-2.6006682e-13,1.1371128e-11,1.150821e-12,7.5705174e-18,2.832973e-20,7.3894675e-11
810000,413,138,0,3.326768e-12,4.0159598e-11,6.573453e-14,4.8336485e-21,3.160798e-13,1.2184984e-10
810000,106,434,0,-8.943772e-13,3.7427582e-11,2.8247201e-11,3.7751993e-13,4.135265e-11,1.7726617e-10
810000,220,262,0,-1.5293675e-13,4.73689e-12,0.0,0.0,5.387506e-21,5.914795e-12
810000,126,100,0,1.4637174e-13,2.7196852e-11,1.7338946e-13,5.9402435e-19,6.815836e-17,1.4039978e-10
810000,378,206,0,-2.343162e-13,8.8084245e-12,4.8134274e-12,2.1787017e-15,3.367988e-18,8.5829024e-11
810000,236,162,0,-6.936696e-14,3.2652225e-12,3.6883172e-25,0.0,1.3746107e-22,3.5219958e-13
810000,201,175,0,-1.3319925e-13,8.9812977e-13,2.9259004e-20,1.1235064e-33,2.1680877e-31,8.3406386e-11
810000,323,37,0,-7.5355705e-13,3.7471047e-11,1.6007471e-11,1.7810157e-13,9.742494e-13,2.5791044e-10
810000,249,190,0,-1.3929141e-14,4.674794e-16,1.8264806e-13,7.115769e-19,2.7062318e-23,8.525369e-12
810000,364,307,0,-2.6401025e-13,5.956437e-12,5.2535508e-23,1.02533e-40,6.3060254e-25,5.7036126e-11
810000,385,149,0,-4.062393e-13,2.8875603e-11,4.6211245e-21,7.7218415e-37,2.6748903e-10,1.1896238e-10
810000,95,135,0,8.952484e-13,3.857025e-11,1.0280989e-17,8.456853e-30,1.1840512e-12,1.0363624e-10
810000,178,47,0,-5.6834024e-13,3.0516492e-11,1.1072529e-12,1.3560632e-17,5.4054228e-17,3.93065e-11
810000,193,159,0,-2.3341683e-13,1.2759721e-11,1.440235e-25,1.455e-42,8.384554e-16,5.0730028e-11
810000,197,147,0,-3.984571e-13,2.8528896e-11,7.9168566e-23,1.310951e-39,3.0092015e-10,4.660835e-11
810000,427,175,0,3.22117e-10,1.769497e-11,4.0290162e-13,1.4863774e-18,4.907895e-19,2.0444753e-10
810000,16,161,0,-6.681656e-13,3.247031e-11,7.2233906e-11,8.471303e-11,5.777987e-10,2.126109e-10
810000,420,198,0,7.725958e-11,3.272375e-11,2.967454e-16,6.396651e-26,1.8496933e-14,1.3349942e-10
810000,347,363,0,9.9735385e-12,3.1939156e-11,2.1512236e-14,1.2955978e-21,2.4401236e-11,2.338621e-10
810000,84,8,0,-1.3532025e-12,6.826673e-11,6.616399e-12,7.758128e-15,2.3908063e-11,2.8295108e-10
810000,411,186,0,3.750842e-11,7.49015e-11,8.044281e-15,6.9257827e-22,4.4403772e-11,3.2571814e-09
810000,259,368,0,9.851281e-12,1.2467574e-12,1.798078e-15,1.7391903e-25,1.7719078e-29,3.0439953e-09
810000,190,194,0,-7.67168e-14,2.7118158e-12,1.0103944e-18,1.0232036e-30,8.8218386e-24,8.292054e-11
810000,250,300,0,-4.4712985e-15,9.512037e-19,2.9025682e-17,1.3510317e-26,1.2264953e-33,1.7246716e-11
810000,147,480,0,-6.316719e-13,3.7663754e-11,2.4565654e-15,2.1390464e-23,7.118437e-13,2.1497497e-10
810000,360,482,0,-4.2394742e-13,2.0231476e-11,6.732378e-11,2.7491264e-12,6.274128e-13,1.1979588e-10
810000,256,295,0,-1.8420032e-15,2.6887338e-22,9.763427e-13,3.3814005e-17,1.8093498e-20,1.0258186e-11
810000,331,110,0,-4.606728e-13,2.1474702e-11,3.108663e-11,8.2534045e-13,1.1414685e-12,5.3357027e-11
810000,275,270,0,-3.8508984e-14,3.1771435e-15,2.6784207e-35,0.0,2.9807e-40,2.4061367e-11
810000,333,93,0,-5.4932784e-13,2.2080497e-11,1.2506489e-13,5.131352e-20,1.1821696e-19,3.1121886e-11
810000,127,27,0,-1.1265958e-12,6.397061e-11,2.3689878e-14,1.1053656e-21,2.06395e-09,1.4680714e-10
810000,461,91,0,-1.2534378e-12,6.214254e-11,1.915001e-11,2.3105657e-13,3.5616177e-13,7.9946036e-11
810000,9,251,0,-5.65835e-13,4.8554435e-11,3.8923215e-11,5.596168e-12,3.367168e-10,2.076638e-10
810000,148,62,0,-6.3963337e-13,2.5684796e-11,7.811257e-14,6.850181e-21,3.2734598e-10,1.2849322e-10
810000,316,463,0,-3.2138682e-13,6.0439214e-12,2.3606653e-12,1.5102522e-16,1.5234013e-19,1.8739005e-10
810000,163,98,0,-2.3009107e-13,1.5305498e-11,3.524338e-14,2.809645e-18,2.7043449e-16,3.0234223e-10
810000,100,126,0,2.0490942e-12,3.7150092e-11,5.583098e-15,5.3691407e-23,5.5737345e-11,3.1862177e-09
810000,421,381,0,-6.549197e-13,1.8186974e-11,1.1177157e-11,1.0457547e-14,2.9346054e-13,3.1166483e-09
810000,153,3,0,-6.876378e-13,5.266538e-11,4.594411e-13,3.723803e-18,3.148574e-10,3.3723455e-09
810000,241,492,0,-4.3693648e-13,1.9185873e-11,4.236968e-17,4.1460812e-29,3.3598432e-10,3.240228e-09
810000,484,141,0,-8.052808e-13,4.419249e-11,1.7578563e-12,1.8562311e-16,2.9346878e-13,3.344225e-09
810000,359,211,0,-3.7836788e-13,2.1411347e-11,1.68845e-16,3.167597e-26,2.4401236e-11,3.0125986e-09
810000,48,154,0,-8.275523e-13,5.4945232e-11,1.5433516e-11,1.6654375e-13,2.1059043e-09,3.2244332e-09
810000,303,478,0,-2.9858085e-13,1.2539732e-11,3.4697196e-13,7.7395707e-19,6.181746e-16,3.2499674e-09
810000,30,298,0,-4.2281911e-13,3.5677485e-11,3.985473e-11,1.4062341e-12,1.8819896e-13,3.2108518e-09
810000,88,213,0,-1.2549715e-13,1.4507539e-11,9.0062906e-14,6.215931e-20,1.9434188e-09,7.60936e-11
810000,100,201,0,-1.0967505e-13,2.6277802e-12,2.352208e-24,6e-45,1.10276814e-23,2.3555222e-10
810000,345,202,0,-2.190239e-13,4.417466e-12,7.249866e-14,7.12469e-20,7.9327543e-23,1.3357819e-10
810000,63,145,0,-7.6359774e-13,2.5221955e-11,2.0976708e-11,2.875764e-13,3.28616e-10,3.1709874e-10
810000,188,336,0,-1.3019116e-13,2.5848467e-13,6.5973874e-29,0.0,6.088264e-36,8.308096e-11
810000,279,311,0,-2.0521456e-13,2.276991e-11,7.494745e-12,4.1818457e-15,6.7995946e-16,1.2739831e-11
810000,55,134,0,-9.677014e-13,5.7899345e-11,1.0525249e-11,1.4654461e-14,4.84222e-11,3.2523234e-10
810000,206,253,0,-3.3832478e-14,2.6851495e-15,1.5521734e-30,0.0,9.676e-42,4.4556706e-11
810000,225,435,0,-1.7855353e-13,2.1927462e-11,3.046868e-11,1.5236186e-13,2.7446831e-11,1.05543935e-10
810000,279,419,0,6.7339954e-13,1.4566399e-12,4.5156516e-15,1.4577547e-24,1.5002383e-26,6.499427e-11
810000,419,235,0,8.5082705e-11,2.842422e-11,1.935021e-11,3.836807e-13,1.0366036e-14,1.1372119e-10
810000,416,418,0,3.9769205e-13,6.072508e-11,8.92147e-12,3.397819e-15,2.1028646e-16,1.133743e-10
810000,248,219,0,-2.0484421e-14,2.097361e-14,5.5146566e-29,0.0,2.2e-44,1.9014557e-13
810000,313,495,0,-2.8006091e-13,1.3519378e-11,1.5716208e-13,8.1391716e-20,4.2482357e-15,2.0387309e-10
810000,229,108,0,-9.62963e-13,6.73411e-11,1.172956e-24,0.0,2.885071e-10,3.1459562e-09
810000,12,447,0,-1.3854868e-12,5.0831037e-11,7.3336746e-11,1.1572627e-11,6.153195e-11,3.320127e-09
810000,326,135,0,-3.7668423e-13,1.0579487e-11,1.4744327e-12,9.142577e-17,1.1243899e-13,3.2289915e-09
810000,464,113,0,-1.0205314e-12,6.146545e-11,2.5466223e-11,1.1383474e-12,5.88663e-12,3.405245e-09
810000,272,197,0,-4.9826066e-14,3.2397938e-12,4.1021736e-17,7.10688e-29,8.945184e-24,2.9887866e-09
810000,293,387,0,4.5643587e-14,8.526644e-13,3.0155297e-13,2.2830106e-18,1.168792e-22,3.0179579e-09
810000,448,451,0,-1.4207279e-12,1.1836801e-10,1.7230675e-11,3.2496767e-13,2.1676114e-11,3.7857064e-09
810000,132,435,0,-3.0856838e-13,7.2357246e-13,1.4356388e-15,1.4838168e-23,1.1802259e-29,3.3606475e-09
810000,351,43,0,-8.314848e-13,2.6346609e-11,4.180859e-11,1.8723032e-11,1.7107015e-11,3.1371086e-09
810000,373,10,0,-6.3508405e-13,2.8644661e-11,2.5901161e-11,1.0692212e-12,2.8018823e-11,3.414193e-09
810000,306,431,0,-1.7420954e-13,3.4576497e-12,1.131944e-16,1.4346353e-28,2.1694422e-25,3.1310181e-09
810000,428,118,0,2.691523e-11,6.203694e-11,4.2966995e-11,6.760507e-13,1.9288287e-13,3.0422789e-09
810000,401,159,0,6.483222e-13,7.607616e-11,4.933845e-12,1.3808456e-15,1.8501678e-09,1.4770547e-10
810000,11,263,0,-5.9890797e-13,6.334868e-11,3.470999e-12,1.7899926e-15,3.576213e-10,3.1289948e-09
810000,16,431,0,-9.932852e-13,5.0152927e-11,1.007636e-10,1.0934851e-11,3.3836167e-10,3.4014342e-09
810000,459,390,0,-1.158636e-12,7.0866174e-11,2.383554e-11,2.8826475e-13,7.062393e-13,3.3399203e-09
810000,48,339,0,-4.2246033e-13,1.8369225e-11,1.0315683e-14,1.8984652e-23,3.8257424e-17,3.4310832e-09
810000,455,370,0,-9.124592e-13,5.1183092e-11,6.878678e-13,7.37708e-18,2.6863074e-13,3.1810816e-09
810000,173,498,0,-5.8967577e-13,1.9064897e-11,2.0932578e-14,1.7890654e-21,2.4938864e-14,3.472918e-09
810000,494,324,0,-6.9141963e-13,3.794209e-11,3.0913237e-11,2.8072472e-13,1.3296979e-12,3.125657e-09
810000,252,375,0,4.9993468e-11,6.6709407e-12,1.550101e-11,1.4964129e-13,2.9444712e-15,3.176494e-09
810000,282,12,0,-4.831514e-13,2.5396735e-11,2.0953081e-11,2.7725733e-13,1.832574e-12,3.265586e-09
810000,260,69,0,1.5384015e-11,2.0896554e-11,6.212005e-17,1.5439846e-28,1.8721461e-16,3.1408494e-09
810000,49,67,0,-7.0766375e-13,3.059919e-11,4.1199513e-12,8.5279584e-16,3.754111e-14,3.3435006e-09
810000,104,220,0,-5.4097206e-14,2.0113136e-13,5.076575e-17,6.061584e-28,4.8129997e-37,3.1547642e-09
810000,347,495,0,-2.6138567e-13,1.7201007e-12,5.971576e-13,1.889199e-18,2.356857e-23,3.278582e-09
810000,73,193,0,-3.003139e-13,2.6277482e-11,1.5662204e-13,7.509267e-20,2.8942461e-11,3.1615681e-09
810000,445,276,0,-4.2637982e-13,2.0040329e-11,1.5957948e-12,3.8803572e-17,3.3365184e-17,3.2172578e-09
810000,165,499,0,-5.6577583e-13,1.3687569e-11,1.0385965e-15,8.07168e-26,1.5448849e-16,3.5696472e-09
810000,475,390,0,-1.1425659e-12,6.451972e-11,4.1919823e-12,3.5841856e-15,2.5783958e-12,3.1218892e-09
810000,442,87,0,4.1921019e-13,4.2608053e-11,4.5333754e-12,1.3798922e-15,3.1023334e-18,3.295317e-09
810000,436,376,0,-7.007463e-13,2.5413631e-11,3.6742256e-14,7.8200375e-22,8.26505e-17,3.1329297e-09
810000,310,60,0,1.3393958e-11,1.9038975e-11,2.9687726e-12,4.885744e-16,2.1926875e-15,3.1972183e-09
810000,227,451,0,-4.1838673e-13,1.9051998e-11,8.218992e-12,2.8149739e-14,1.5028677e-15,3.337579e-09
810000,135,10,0,-7.501902e-13,1.5464853e-11,3.3527893e-16,7.052617e-27,1.118758e-16,3.1699179e-09
810000,460,9,0,-1.130976e-12,4.4795608e-11,1.3060325e-13,4.0796952e-20,6.370117e-15,3.3496592e-09
810000,133,498,0,-7.617578e-13,3.369454e-11,4.0193208e-14,2.1511478e-21,6.016654e-11,3.0900507e-09
810000,324,244,0,-1.4287386e-13,5.4317106e-12,6.5356553e-12,6.9439985e-15,1.3686206e-17,3.006944e-09
810000,229,468,0,-4.926624e-13,1.8581905e-11,1.1628554e-16,4.5965365e-27,5.454648e-18,3.4360532e-09
810000,120,115,0,9.695134e-12,1.2339728e-11,6.7699204e-23,3.9564203e-36,1.6240088e-17,3.12465e-09
810000,462,211,0,3.0962816e-11,2.098199e-11,2.6407558e-11,1.1383943e-12,8.6732935e-14,3.1898106e-09
810000,43,60,0,-9.787816e-13,4.1521092e-11,1.6100805e-11,1.8398332e-13,2.6310287e-14,3.1017362e-09
810000,199,425,0,-4.154867e-13,3.449277e-11,3.6455065e-11,1.6626163e-12,2.9295576e-13,3.0393545e-09
810000,224,379,0,1.2459093e-11,7.074342e-14,6.1549575e-16,2.1101828e-24,4.6623933e-31,3.1579535e-09
810000,120,321,0,-3.9472687e-13,2.2386456e-11,9.060975e-14,7.207135e-21,4.586172e-13,3.1365697e-09
810000,165,86,0,-3.7514057e-13,9.157768e-12,9.841538e-15,2.1653795e-23,2.2217332e-22,3.1087244e-09
810000,222,225,0,-3.2703058e-14,4.150842e-15,4.222763e-34,0.0,2.246312e-39,2.9887868e-09
810000,213,370,0,5.1412726e-13,6.4236865e-13,1.04131884e-14,1.3674547e-22,3.3224106e-29,3.0425344e-09
810000,490,482,0,-5.328294e-13,4.432113e-11,1.6350426e-11,1.32940195e-14,3.298287e-10,3.421635e-09
810000,171,494,0,-6.354915e-13,1.7655124e-11,1.8073052e-12,3.9451264e-16,3.1120083e-17,3.0748377e-09
810000,341,98,0,-4.3663765e-13,2.4754598e-11,6.972885e-11,9.57139e-12,5.9383054e-12,4.3742863e-11
810000,203,413,0,-1.1156333e-11,2.2867623e-09,7.2456066e-13,6.798973e-18,4.1188253e-09,2.435002e-10
810000,251,362,0,4.8164133e-12,2.527995e-13,4.6158734e-18,6.6424644e-29,1.3254888e-35,3.5871764e-11
810000,308,164,0,-2.3821158e-13,3.5583082e-12,1.0088131e-33,0.0,2.661264e-23,9.498156e-11
810000,101,413,0,-4.3511147e-14,3.1819346e-11,1.4038015e-11,5.615702e-14,2.9934334e-14,3.018533e-10
810000,381,378,0,7.1687344e-11,3.249575e-11,7.4233946e-16,3.0124498e-24,8.708092e-12,6.974271e-11
810000,293,179,0,-6.9489634e-14,2.1318264e-12,3.7174116e-24,2.96e-43,2.2767218e-23,1.4361547e-11
810000,130,421,0,-4.0396405e-13,2.1513694e-11,4.6758295e-11,5.3123933e-12,1.176583e-12,1.6325563e-10
810000,381,421,0,8.871204e-10,3.212557e-11,4.165917e-13,5.651914e-19,1.141732e-13,1.3547499e-10
810000,55,98,0,-5.8155217e-13,2.479862e-11,4.234113e-16,4.1989055e-27,6.110819e-11,3.5680933e-10
810000,66,300,0,-2.688316e-13,2.2346965e-11,2.724236e-13,3.6907176e-19,3.3207773e-10,1.2649043e-10
810000,157,192,0,-9.3142636e-14,3.197924e-13,2.5234762e-22,3.741485e-37,1.0239675e-32,5.315226e-11
810000,140,477,0,-6.3935245e-13,3.5009058e-11,1.4150423e-11,3.0893477e-14,2.897065e-11,2.2805394e-10
810000,341,92,0,-4.850163e-13,1.0442035e-11,1.2178456e-12,4.093767e-17,2.1444968e-19,2.3008605e-11
810000,381,136,0,3.0210895e-13,9.377641e-12,4.097256e-15,9.1399595e-23,7.176059e-16,8.155064e-11
810000,363,75,0,-5.4388113e-13,1.9283077e-11,3.593253e-11,1.0661063e-12,5.4967834e-14,2.1477183e-10
810000,83,156,0,-4.1643222e-13,2.2044231e-11,3.3821183e-20,7.694797e-36,4.7870514e-12,3.2015157e-09
810000,83,384,0,3.1041508e-10,7.61183e-11,3.120986e-13,2.489984e-18,3.196235e-12,3.7020584e-09
810000,136,116,0,1.850134e-11,5.2217054e-12,6.722932e-19,5.7898544e-30,6.402658e-20,3.016402e-09
810000,205,53,0,-7.398619e-13,4.3684358e-11,5.282848e-15,2.8662404e-21,3.922308e-12,2.1204344e-10
810000,435,214,0,3.4311898e-10,2.6454259e-11,3.731307e-11,5.741869e-12,5.1004367e-11,3.132047e-09
810000,482,109,0,-1.0275034e-12,5.17982e-11,1.000249e-12,2.0424411e-17,2.856444e-13,3.4722814e-09
810000,157,378,0,-2.727644e-13,1.6927943e-11,2.4766288e-18,2.5330767e-29,3.2981945e-10,3.1767953e-09
810000,24,350,0,-1.590248e-12,6.250722e-11,3.8031495e-11,1.1332082e-12,3.2869324e-10,3.1472538e-09
810000,240,83,0,-3.2522414e-13,1.0982228e-11,5.0136367e-11,2.2589886e-12,3.5335257e-13,3.1061675e-09
810000,97,363,0,6.096818e-11,2.551299e-11,1.1674764e-13,6.33949e-20,6.474291e-18,3.0583363e-09
810000,56,45,0,-1.1103833e-12,5.687299e-11,6.279463e-14,8.360973e-21,6.1336495e-14,3.3401049e-09
810000,373,212,0,-3.7016554e-13,3.281716e-11,6.32006e-12,2.432823e-15,1.8271038e-12,3.2426224e-09
810000,364,418,0,1.08015555e-10,1.9425102e-11,9.401323e-14,2.0045304e-20,2.0808421e-11,3.1580458e-09
810000,140,455,0,-4.6786164e-13,3.6132344e-11,6.8293357e-12,1.0968458e-15,2.770642e-10,3.12077e-09
810000,50,403,0,-4.8762556e-13,2.8994473e-11,1.0119614e-15,7.6513508e-25,9.828577e-15,3.4191436e-09
810000,305,120,0,-2.5795194e-13,1.7016033e-12,5.9058735e-14,9.6013187e-20,4.5514253e-24,3.0246041e-09
810000,4,389,0,-1.5136216e-12,4.138583e-11,3.241744e-13,3.8361592e-19,8.3224603e-16,3.7247634e-09
810000,419,0,0,-6.838686e-13,5.6724177e-11,9.234511e-11,2.469683e-11,1.778804e-11,3.7868255e-09
810000,342,36,0,-7.767778e-13,3.2493033e-11,9.344801e-13,1.9329122e-16,2.3377834e-11,3.1877747e-09
810000,237,139,0,-1.6992693e-13,2.390784e-13,1.5565132e-18,5.104175e-31,5.97355e-32,2.9921463e-09
810000,90,165,0,-2.9242909e-13,1.25799276e-11,1.0560934e-14,3.4513424e-22,1.8935296e-19,3.1524845e-09
810000,474,340,0,-5.5871405e-13,3.216032e-11,5.108089e-13,5.417338e-19,7.8545684e-14,3.0915661e-09
810000,429,417,0,-1.2007653e-12,7.2817086e-11,2.983437e-11,1.3453121e-13,7.187603e-14,3.518067e-09
810000,369,29,0,-8.837733e-13,7.00185e-11,1.811555e-13,2.5764623e-20,3.428206e-10,3.4151322e-09
810000,385,331,0,-3.174957e-13,2.6523313e-11,6.7466857e-16,4.8384408e-26,3.1467995e-11,3.0817287e-09
810000,242,453,0,-3.575809e-13,1.0280406e-11,1.30084875e-11,9.566323e-15,5.9435964e-17,3.1242604e-09
810000,238,489,0,-4.637232e-13,2.6224549e-11,6.9267124e-18,4.2519974e-30,3.8680888e-14,3.312286e-09
810000,10,331,0,-8.1706495e-13,3.3358823e-11,1.5740763e-11,9.132005e-14,3.123239e-13,3.134068e-09
810000,134,29,0,-1.071911e-12,7.336259e-11,3.6745666e-11,8.2736227e-13,7.9330943e-13,3.1155176e-09
810000,75,25,0,-1.2519069e-12,6.741909e-11,5.0300694e-11,6.5909854e-11,5.555178e-10,3.3307244e-09
810000,268,29,0,-3.880453e-13,1.8265455e-11,4.5713602e-12,1.0688374e-15,1.8270862e-12,3.0743814e-09
810000,91,477,0,-1.1548035e-12,4.916579e-11,1.9402257e-15,2.529264e-24,6.391055e-11,3.3776655e-09
810000,133,475,0,-6.966235e-13,2.8336852e-11,5.425432e-11,3.8335862e-11,1.2072336e-10,3.2957879e-09
810000,94,247,0,-4.3679952e-13,5.396341e-11,4.2850716e-19,2.6587412e-34,6.0478384e-12,3.090449e-09
810000,90,207,0,-1.3532362e-13,1.158229e-11,1.0368164e-15,2.881574e-25,7.311298e-16,3.014642e-09
810000,69,150,0,-6.1669246e-13,1.2647133e-11,1.4041306e-11,5.615702e-14,3.3735525e-16,3.3459227e-09
810000,9,114,0,-1.062778e-12,5.542911e-11,1.8002726e-14,2.9464927e-23,2.8362839e-14,3.2112575e-09
810000,475,468,0,-1.2183422e-12,8.05048e-11,5.152632e-12,1.1992846e-15,8.2265236e-14,3.7102685e-09
810000,483,144,0,-7.6572467e-13,4.1723687e-11,8.4252605e-14,1.2972014e-19,5.3170296e-17,3.1997185e-09
810000,262,105,0,4.014565e-13,4.8505457e-12,3.1619133e-13,3.2020937e-19,5.4619297e-23,3.0964e-09
810000,46,57,0,-9.75686e-13,5.505615e-11,2.2238492e-11,1.8664641e-13,3.2493275e-10,3.3404532e-09
810000,417,496,0,-8.9196207e-13,5.7918295e-11,4.5342254e-12,3.0671688e-15,3.885557e-10,3.3953955e-09
810000,246,24,0,-6.0680015e-13,3.1295574e-11,1.0258208e-11,1.4754499e-14,1.030633e-15,3.342267e-09
810000,406,252,0,1.0421239e-12,3.5686988e-11,1.4541781e-11,2.1950498e-13,4.836089e-12,3.1622494e-09
810000,192,489,0,-7.5584043e-13,3.842584e-11,3.0163427e-11,6.9963864e-13,2.3919037e-13,3.2307883e-09
810000,0,147,0,-6.4701483e-13,1.3143057e-11,7.8326386e-13,5.057845e-19,4.30176e-24,3.4106968e-09
810000,420,80,0,1.20893295e-11,2.0287619e-11,2.8258836e-11,2.168494e-12,4.965609e-13,3.1752918e-09
810000,46,377,0,8.123166e-13,2.8036587e-11,1.22305195e-11,2.590604e-14,2.3830384e-14,3.316201e-09
810000,404,365,0,-1.826597e-13,2.4426875e-11,8.251967e-13,8.8395606e-18,1.2685364e-18,3.024603e-09
810000,325,262,0,-2.481972e-13,4.758382e-12,1.617933e-18,2.841586e-29,3.285472e-22,3.0068998e-09
810000,473,365,0,-9.744886e-13,3.624816e-11,2.0451351e-16,1.0161565e-24,3.7845733e-12,3.1631893e-09
810000,88,192,0,-2.117205e-13,4.001866e-12,6.9961315e-17,6.812393e-27,2.2959349e-22,3.0344887e-09
810000,315,144,0,-3.8846056e-13,2.7411802e-11,5.459202e-19,1.4046461e-33,2.1816032e-12,3.0026872e-09
810000,412,134,0,8.3344755e-12,2.6267417e-11,8.647892e-13,6.0370966e-18,1.7250478e-14,3.0851097e-09
810000,32,431,0,-9.25939e-13,2.0379717e-11,1.1553781e-12,1.2120913e-17,5.721941e-12,3.3451606e-09
810000,18,247,0,-4.11877e-13,2.3459977e-11,1.26793385e-11,5.6240477e-14,4.0960181e-16,3.1100966e-09
810000,220,171,0,-1.361625e-13,4.8002912e-12,2.2107534e-26,3e-45,5.284866e-21,2.9891476e-09
810000,443,413,0,-1.1368488e-12,4.3658247e-11,5.0291972e-11,3.5113662e-11,3.762323e-10,3.315656e-09
810000,325,37,0,-7.7609165e-13,4.4154767e-11,1.6007471e-11,1.7810157e-13,3.0316916e-10,3.169629e-09
810000,101,370,0,6.479605e-11,3.743667e-11,4.4022432e-18,8.3531334e-32,2.2203487e-13,3.1015206e-09
810000,224,372,0,5.266277e-12,3.0987322e-13,3.105222e-12,9.551005e-16,1.2580679e-18,3.210341e-09
810000,467,46,0,-1.1649e-12,6.7729e-11,5.389198e-13,4.662165e-19,3.7660647e-10,3.2574083e-09
810000,138,35,0,-1.0422163e-12,5.182089e-11,8.662e-11,1.1020405e-11,8.231443e-12,3.2543626e-09
810000,371,397,0,1.5780496e-10,4.0358506e-12,1.269925e-11,1.1776825e-14,3.0228002e-17,3.1011897e-09
810000,181,429,0,-4.921935e-13,2.2408908e-11,1.9357247e-13,7.9188414e-19,7.225767e-15,3.1921745e-09
810000,11,386,0,-1.1693426e-12,4.7644576e-11,8.058616e-13,1.19492385e-17,3.0032118e-13,3.458177e-09
810000,304,56,0,2.259923e-11,1.6364068e-11,2.0195018e-11,4.6694883e-14,4.17442e-16,3.0792628e-09
810000,396,471,0,-7.088339e-13,3.2804585e-11,1.3092303e-11,4.2632544e-14,2.9929747e-14,3.143083e-09
810000,389,117,0,2.6279392e-11,1.0291787e-11,1.07164115e-13,1.225819e-19,3.335919e-17,3.15121e-09
810000,489,384,0,-1.300173e-12,7.732859e-11,1.7315739e-14,4.591626e-22,6.913793e-11,3.1851335e-09
810000,14,401,0,-8.3039977e-13,2.1328992e-11,4.589249e-12,6.2096345e-16,1.5998455e-16,3.5368908e-09
810000,55,250,0,-6.273674e-14,5.3411225e-13,2.5845446e-18,2.3411097e-32,1.6273875e-31,3.549632e-09
810000,95,453,0,-1.1695782e-12,4.9132757e-11,8.2995e-14,7.969641e-20,1.2335124e-14,3.1962917e-09
810000,27,305,0,-5.5451835e-13,4.834857e-11,1.6374102e-11,5.916192e-14,2.4257534e-12,3.2780465e-09
810000,36,226,0,-2.3527998e-13,3.6130706e-12,1.4695869e-12,6.774413e-17,2.5199857e-20,3.07144e-09
810000,189,433,0,-5.696724e-13,4.374029e-11,1.1769376e-13,1.2779524e-19,4.076202e-14,3.1005754e-09
810000,372,433,0,1.0981163e-10,6.6201927e-12,2.7880975e-11,7.543842e-14,1.5585175e-15,3.129563e-09
810000,479,128,0,-9.0837906e-13,1.7407136e-11,1.931232e-12,2.7068715e-17,1.3836167e-18,3.4291021e-09
810000,221,102,0,-6.112097e-13,3.53831e-11,1.5098409e-21,1.531242e-39,2.3322975e-09,3.045927e-09
810000,494,289,0,-5.8334175e-13,2.1745989e-11,4.86825e-12,2.3143153e-15,2.0842457e-14,3.4078873e-09
810000,80,12,0,-1.3140407e-12,8.874988e-11,1.9684799e-13,4.0329705e-20,6.444654e-11,3.1176062e-09
810000,195,6,0,-1.343124e-12,9.096894e-11,2.2919706e-11,3.144573e-14,1.7871423e-15,3.272507e-09
810000,366,222,0,-4.4000743e-13,3.352366e-11,1.4122633e-11,4.0867493e-14,4.94101e-12,2.9992107e-09
810000,437,442,0,-1.3919356e-12,6.760723e-11,3.0523268e-11,1.0473794e-12,8.7402694e-14,3.2923508e-09
810000,198,482,0,-7.495714e-13,2.8734216e-11,3.0541723e-13,4.1039532e-18,3.7782958e-13,3.2487832e-09
810000,120,9,0,-9.738476e-13,3.5929624e-11,8.184099e-12,8.958942e-15,1.07284766e-13,3.8554218e-09
810000,261,453,0,-3.3891358e-13,2.447398e-11,8.723531e-12,4.9797342e-15,5.000658e-13,3.2337433e-09
810000,48,324,0,-1.14555474e-11,2.2979432e-09,5.4974943e-13,1.4904788e-18,4.11883e-09,9.974897e-11
810000,421,163,0,3.8290253e-11,4.3040876e-11,9.407868e-14,2.0045304e-20,5.6293647e-13,1.57546e-10
810000,236,391,0,1.8537064e-10,2.528246e-12,6.722711e-12,7.758408e-15,1.608985e-17,9.181949e-11
810000,340,199,0,-1.7624857e-13,2.4042166e-12,6.2154124e-16,1.627956e-25,1.6274035e-25,2.8494575e-11
810000,236,320,0,-6.59166e-14,7.311102e-12,3.0664538e-34,0.0,2.4237775e-17,1.9660105e-12
810000,152,484,0,-6.351152e-13,4.4901388e-11,8.738379e-15,4.1802474e-22,3.141023e-14,1.1962469e-10
810000,368,365,0,4.5094026e-11,4.2989015e-11,1.25956315e-14,3.0142653e-22,8.532872e-11,1.6491466e-11
810000,484,135,0,-8.6746745e-13,4.475684e-11,4.900981e-11,1.9373768e-11,1.556505e-11,3.462121e-10
810000,101,376,0,7.6762756e-11,1.3967138e-11,3.557592e-15,6.8339922e-25,1.537108e-18,4.7342907e-11
810000,191,260,0,-8.728837e-15,1.113506e-16,7.4586054e-23,1.9985e-41,0.0,2.0668127e-11
810000,368,106,0,5.1614523e-13,2.790734e-12,1.6530873e-12,3.036486e-16,4.337501e-19,5.0956614e-11
810000,376,67,0,-6.653528e-13,4.2996502e-11,7.484672e-12,4.0207824e-15,3.2096236e-13,3.1864056e-10
810000,82,352,0,2.2811917e-11,1.9992267e-11,4.846928e-15,6.7253724e-23,1.3191243e-14,9.03938e-11
810000,57,250,0,-6.017559e-14,1.9497263e-13,1.7497295e-17,3.5363407e-30,3.7448303e-35,1.3668765e-10
810000,485,352,0,-9.104634e-13,4.0826818e-11,1.8551867e-11,2.8578512e-13,1.6682485e-14,3.0293177e-09
810000,447,88,0,-5.9053484e-13,6.796943e-11,6.5526096e-14,2.8394496e-20,1.9929105e-13,2.4833413e-10
810000,121,169,0,7.0799395e-12,3.2417118e-11,7.5058755e-16,1.6148622e-25,9.237244e-16,3.485929e-09
810000,50,166,0,-6.9249175e-13,3.6826552e-11,1.2660682e-11,1.0796643e-14,3.080971e-16,3.3645433e-09
810000,2,339,0,-9.419298e-13,5.068132e-11,3.2698875e-11,4.8164353e-13,4.5918093e-14,3.0986398e-09
810000,319,439,0,-2.9032703e-13,2.8260557e-11,4.0743107e-11,5.033251e-13,1.8866193e-09,8.314454e-11
810000,129,104,0,1.3726603e-12,2.5756697e-11,7.3764345e-12,3.1234863e-15,2.1270439e-09,2.1257932e-10
810000,42,311,0,-4.4196507e-13,9.995385e-12,1.09055465e-16,1.7137803e-28,1.6228666e-22,2.9776812e-10
810000,477,417,0,-1.3010661e-12,8.533639e-11,5.626704e-12,1.1545555e-15,3.9595494e-11,3.4274037e-09
810000,307,93,0,7.577785e-12,1.9297928e-11,1.5050151e-10,1.1406851e-11,2.905879e-12,3.148269e-09
810000,285,9,0,-4.623165e-13,2.635386e-11,5.7311406e-11,4.0026676e-11,9.190741e-11,3.257749e-09
810000,138,83,0,-4.8790393e-13,3.5600523e-11,1.798568e-15,5.0090064e-24,1.8040533e-14,3.10256e-09
810000,142,194,0,-7.6874915e-14,2.7157979e-12,1.2739816e-16,1.0459633e-27,9.7944915e-24,3.039118e-09
810000,203,364,0,-2.0864224e-13,1.2203026e-11,8.083157e-20,9.887663e-35,4.2798524e-19,2.9901583e-09
810000,241,381,0,1.1796145e-10,7.1135193e-13,5.1750765e-14,1.7296074e-20,6.839013e-26,4.0445036e-11
810000,376,24,0,-7.9203386e-13,2.7931142e-11,1.2329305e-13,7.177749e-20,3.4101758e-17,3.184417e-09
810000,30,7,0,-7.166769e-13,7.2814914e-11,8.6783566e-11,4.164659e-11,4.1785e-10,3.3145424e-09
810000,428,274,0,-3.1602601e-13,2.4602551e-11,1.0147476e-12,2.7651607e-17,2.3560372e-14,3.3482543e-09
810000,109,478,0,-1.1192631e-12,7.3464894e-11,1.987467e-11,4.1640454e-13,3.224734e-10,3.287178e-09
810000,196,53,0,-6.402045e-13,2.4838565e-11,2.1108415e-13,1.494832e-18,6.817034e-18,3.0230805e-09
810000,87,377,0,7.2436424e-10,4.1604258e-11,1.761105e-13,6.5360044e-20,2.220534e-14,3.1177123e-09
810000,447,80,0,-9.39517e-13,6.7714945e-11,2.0549074e-16,1.0400482e-27,2.1301452e-12,3.2954472e-09
810000,23,61,0,-1.2830846e-12,7.254827e-11,3.061897e-14,6.7910847e-22,2.4825448e-09,3.1606797e-09
810000,412,486,0,-9.0213687e-13,3.725948e-11,6.087481e-14,2.865557e-20,2.2934355e-15,3.2492053e-09
810000,8,16,0,-7.2040453e-13,5.097946e-11,1.9468555e-11,3.9457454e-13,3.06557e-14,3.4144207e-09
810000,143,162,0,2.4650894e-11,9.377187e-12,1.4427957e-18,1.41247e-31,7.7619023e-16,3.0321767e-09
810000,195,58,0,-6.3553817e-13,3.796088e-11,1.5554768e-11,1.4412465e-13,3.1145617e-11,3.0463008e-09
810000,148,429,0,-2.1817253e-13,1.7158875e-12,7.883814e-12,1.444887e-14,7.4482764e-17,3.2372283e-09
810000,492,53,0,-1.5531995e-12,7.286602e-11,3.2217116e-15,7.806757e-24,4.0987016e-11,3.4422907e-09
810000,271,357,0,1.7486415e-13,4.914701e-12,2.099683e-17,2.4197501e-27,3.3309666e-22,3.0354677e-09
810000,229,370,0,7.620427e-12,1.9058388e-13,8.46162e-13,6.14244e-18,2.1051285e-22,3.0999647e-09
810000,73,407,0,3.5699091e-12,4.7197295e-11,6.11795e-13,1.6780295e-17,4.740016e-11,3.3315966e-09
810000,53,450,0,-1.4632277e-12,1.0854521e-10,8.0184486e-13,8.712755e-18,2.2324894e-12,3.3904712e-09
810000,123,17,0,-1.0291642e-12,5.7155156e-11,2.5009694e-15,2.3119472e-23,3.3190634e-10,3.2713816e-09
810000,136,492,0,-7.0784345e-13,2.3008333e-11,6.889932e-13,3.9467703e-18,2.0514025e-14,3.1437173e-09
810000,458,449,0,-1.359151e-12,5.8403005e-11,1.4650132e-11,7.398462e-14,3.3156328e-10,3.2348202e-09
810000,497,274,0,-5.7564657e-13,1.4193623e-11,9.190303e-12,4.7128337e-15,7.6878505e-18,3.0438723e-09
810000,421,183,0,1.9347653e-10,3.0368395e-11,2.5456707e-15,1.647383e-24,1.8062596e-15,1.8166933e-10
810000,10,75,0,-1.1474657e-12,3.6519364e-11,1.5251956e-11,2.7180103e-14,1.1232576e-15,2.8460095e-10
810000,330,49,0,-6.2541086e-13,1.6289298e-11,5.928575e-11,3.6241726e-12,4.795898e-13,1.2802231e-10
810000,457,188,0,1.6991922e-11,5.0536103e-11,1.2604644e-13,1.583692e-20,3.4685097e-13,3.167091e-09
810000,101,21,0,-1.2576834e-12,4.395096e-11,1.6790841e-13,3.671567e-20,8.47614e-15,3.0770673e-09
810000,70,464,0,-1.5019972e-12,8.0839294e-11,2.697328e-13,2.0244257e-19,4.185179e-14,3.0674194e-09
810000,474,328,0,-7.3663433e-13,3.104678e-11,2.5466484e-17,1.8987752e-28,5.5328516e-11,1.0498271e-10
810000,132,463,0,-6.2807734e-13,2.0552945e-11,9.526402e-14,3.5348576e-19,7.1171266e-14,3.306656e-09
810000,44,194,0,-4.8507324e-13,2.5658694e-11,1.6160363e-11,2.1352955e-13,6.181801e-15,3.1351466e-09
810000,401,494,0,-9.713313e-13,4.4578223e-11,5.7469693e-12,1.748033e-15,8.0152033e-16,3.4162773e-09
810000,402,449,0,1.0164536e-12,1.4409348e-11,2.3964187e-17,2.2899769e-29,2.5227955e-20,3.1520493e-09
810000,62,103,0,-6.257902e-13,2.6431277e-11,5.437805e-12,2.1891736e-15,1.5682383e-14,6.335898e-10
810000,489,473,0,-6.963743e-13,3.724801e-11,6.72664e-12,7.8766547e-16,5.2463867e-12,3.2970262e-09
810000,58,420,0,-9.643985e-13,5.3458012e-11,2.0948509e-11,2.7725733e-13,1.1371088e-13,3.1839893e-09
810000,72,339,0,6.856371e-13,3.1440628e-11,1.8894266e-14,8.5933925e-23,3.3856635e-12,3.138767e-09
810000,168,43,0,-5.585529e-13,1.7295845e-11,6.6288523e-15,9.021449e-22,4.0172576e-17,3.2801788e-09
810000,156,45,0,-6.445778e-13,2.3672161e-11,7.770237e-14,1.6167893e-20,2.8971732e-14,1.9175918e-10
810000,477,115,0,-9.916948e-13,5.0756083e-11,2.5214498e-13,2.5485652e-19,5.923555e-11,3.6110224e-09
810000,60,174,0,-5.018469e-13,2.7784833e-11,2.0036736e-11,1.6415142e-13,3.350762e-15,3.2949024e-09
810000,490,156,0,-5.2246515e-13,1.9782648e-11,9.576358e-16,3.6613543e-26,8.044041e-17,7.687235e-11
810000,109,367,0,1.4163962e-11,4.4058927e-11,5.6784146e-20,1.6039514e-33,7.061348e-13,2.598853e-11
810000,85,455,0,-1.3348265e-12,1.05667745e-10,7.0258887e-13,2.0894056e-17,5.6573507e-13,4.3228834e-10
810000,41,483,0,-1.711624e-12,8.7389214e-11,3.2817412e-13,1.772549e-19,2.1281618e-12,3.2830227e-09
810000,300,421,0,-9.1284246e-14,2.304536e-13,8.507401e-12,1.3340327e-14,2.8971842e-17,3.2337326e-09
810000,139,432,0,-2.3120836e-13,1.7194877e-12,4.346166e-14,1.01684715e-20,8.8873063e-26,1.5326009e-10
810000,401,123,0,4.9132774e-11,3.4167186e-11,2.0068305e-18,1.1018481e-31,2.235708e-11,3.125198e-09
810000,254,18,0,-5.378418e-13,1.3668079e-11,1.6350187e-11,1.8391767e-13,5.49889e-15,3.2546625e-09
810000,402,172,0,5.2149717e-12,3.0380316e-11,1.9016851e-17,6.919958e-28,3.8770135e-14,3.0038998e-09
810000,495,164,0,-3.725435e-13,1.649836e-11,1.1239153e-18,4.5667653e-32,9.780751e-16,3.2686065e-09
810000,143,22,0,-8.654875e-13,7.241916e-11,6.367561e-14,2.9495716e-21,3.513154e-10,3.0847567e-09
810000,480,67,0,-1.3093312e-12,5.027037e-11,3.142646e-12,2.3803222e-16,3.076313e-10,3.4698997e-09
810000,476,413,0,-1.2392023e-12,7.2794284e-11,1.5673601e-11,1.7165787e-14,3.543521e-14,3.5388383e-09
810000,62,7,0,-9.581551e-13,2.7041681e-11,2.3538563e-11,1.2476297e-12,1.0579577e-13,3.0559302e-09
810000,498,426,0,-1.0240862e-12,2.761657e-11,5.3654786e-13,8.100168e-18,6.2887965e-18,3.2132979e-09
810000,47,44,0,-1.2499307e-12,7.3608376e-11,3.463222e-09,7.191878e-10,1.1548991e-09,1.7097267e-10
810000,499,428,0,-1.0345932e-12,2.4837762e-11,1.4402984e-12,3.4242793e-17,1.1348605e-19,3.629797e-09
810000,408,50,0,-7.636958e-13,4.100961e-11,9.929758e-11,2.0201998e-11,1.3205619e-11,3.2014429e-09
810000,386,32,0,-8.056464e-13,2.2735886e-11,1.6846673e-12,1.8558518e-16,6.2214706e-18,3.1385001e-09
810000,472,437,0,-1.3909122e-12,6.550424e-11,1.0919805e-12,3.6522853e-17,5.5624685e-12,3.2965297e-09
810000,276,442,0,-2.3222315e-13,4.5396863e-12,5.9611577e-13,6.67536e-18,2.5124939e-21,5.921009e-10
810000,455,433,0,-1.3679354e-12,5.3546282e-11,6.810304e-13,1.1269871e-17,3.2885334e-16,3.2037745e-10
810000,17,54,0,-1.2467738e-12,6.2728676e-11,4.9038877e-11,8.4471427e-13,1.8097574e-12,3.383978e-09
810000,207,487,0,-6.481639e-13,2.515033e-11,7.711529e-12,3.533439e-15,1.397959e-16,3.2304057e-09
810000,488,218,0,-5.7059995e-14,2.3356626e-11,2.3826984e-11,1.2264191e-12,4.7963787e-13,3.3106988e-09
810000,120,214,0,-2.0660613e-14,1.8902397e-16,5.042983e-15,1.6020178e-22,1.5032289e-28,3.0157832e-09
810000,413,351,0,-3.3179983e-13,1.1671843e-11,6.719179e-11,8.014075e-13,5.2677436e-14,3.2269858e-09
810000,109,263,0,-6.7885476e-13,5.4509994e-11,4.9745134e-14,1.739837e-21,2.2582087e-15,3.033748e-09
810000,74,417,0,-3.0700036e-13,4.44482e-11,4.4298933e-11,5.134181e-12,1.1242715e-12,3.3096028e-09
810000,51,218,0,-2.521492e-13,1.3009999e-11,8.173211e-12,2.3753472e-14,1.1904825e-15,3.3347873e-09
810000,252,158,0,-2.2180608e-14,7.9068186e-16,9.076911e-32,0.0,0.0,2.6053293e-11
810000,73,285,0,-1.821606e-13,4.382624e-12,6.538791e-12,6.9439985e-15,1.368281e-17,1.8987686e-10
810000,433,155,0,1.5368474e-11,7.991746e-11,2.8852741e-11,1.6551292e-12,1.3860518e-13,4.2246154e-10
810000,414,390,0,-5.292466e-13,6.98094e-11,8.9715393e-13,1.0420066e-17,4.4546845e-11,2.3104542e-10
810000,128,56,0,-9.182996e-13,4.5676882e-11,2.5955567e-13,5.16428e-19,3.072794e-11,1.11439226e-10
810000,209,118,0,-6.0334794e-13,1.8177017e-11,4.370561e-15,1.0798649e-23,8.745392e-18,4.6792722e-11
810000,317,217,0,-3.7317585e-14,5.224341e-15,6.9205154e-22,2.5338074e-38,3.4e-43,5.2620213e-13
810000,137,85,0,-4.7557856e-13,3.0281853e-11,7.438783e-15,4.982212e-22,4.9551436e-15,7.939051e-11
810000,301,128,0,-1.133128e-11,2.2751532e-09,8.2299734e-20,4.2077843e-32,4.1188084e-09,7.087041e-11
810000,108,83,0,-5.1070704e-13,2.5141266e-11,4.2045746e-12,4.2875054e-15,1.5727467e-14,2.8743943e-10
810000,340,399,0,9.954505e-12,2.6476883e-11,2.2023061e-13,1.0789353e-18,3.7848408e-13,1.3478382e-10
810000,78,51,0,-7.0550727e-13,3.3125364e-11,3.2849497e-11,4.87419e-13,2.4766074e-14,2.6315036e-10
810000,320,309,0,-1.4076232e-13,2.888908e-12,1.2000251e-27,0.0,7.307725e-24,2.7197046e-13
810000,64,403,0,3.0132973e-12,3.807965e-11,8.519659e-12,1.1979788e-14,5.1405668e-11,1.8449464e-10
810000,95,310,0,-2.2969262e-13,7.0632185e-12,1.3917532e-13,2.8116654e-20,1.10856e-19,1.2222925e-10
810000,381,41,0,-8.9131247e-13,3.7879044e-11,7.714759e-11,4.239297e-11,8.82303e-11,2.332314e-10
810000,137,385,0,-2.5586204e-13,3.1211524e-12,1.3754818e-11,3.3550863e-14,3.2954566e-16,2.65128e-10
810000,124,369,0,2.622785e-13,3.7419266e-11,4.0906384e-12,3.0665066e-15,5.558518e-14,2.3536437e-10
810000,216,437,0,-3.4959768e-13,3.0955172e-11,2.7968915e-11,1.2271743e-12,4.1078886e-13,3.091364e-10
810000,342,424,0,1.7012035e-12,7.3290445e-12,8.056395e-21,6.198982e-37,2.5550393e-18,1.0660777e-10
810000,375,170,0,-5.133155e-13,2.883692e-11,8.122411e-25,0.0,2.6434499e-11,7.648171e-11
810000,419,438,0,-8.876786e-13,9.456555e-11,1.3125328e-12,6.106816e-17,3.3183983e-11,1.7599432e-10
810000,139,198,0,-7.4937466e-14,1.395603e-12,1.2725406e-13,4.786826e-20,1.9498236e-25,9.8892464e-11
810000,151,454,0,-4.2201483e-13,2.1246947e-11,1.7037085e-12,5.881391e-17,3.0661102e-13,7.968991e-11
810000,305,482,0,-2.9414066e-13,5.1768893e-12,1.8309756e-11,1.4984715e-13,2.928132e-15,1.5730259e-10
810000,375,51,0,-9.272038e-13,2.8568934e-11,9.876515e-14,8.9163905e-20,2.1714176e-18,2.154527e-10
810000,17,61,0,-1.251399e-12,5.7186245e-11,4.5929007e-12,1.1477659e-15,9.8320035e-15,2.516794e-10
810000,479,489,0,-6.9650573e-13,8.568918e-11,2.7107e-12,6.007531e-16,8.77324e-12,2.5835967e-10
810000,481,276,0,-6.3901233e-13,2.3206478e-11,3.3149462e-11,5.800746e-12,1.693308e-12,2.9193606e-10
810000,15,158,0,-6.9192395e-13,3.645462e-11,5.222247e-11,1.0834246e-12,4.5537792e-12,8.53756e-10
810000,106,457,0,-1.0380379e-12,4.3025597e-11,8.5139715e-11,4.5062595e-12,2.7755706e-10,1.9785965e-10
810000,24,359,0,-7.718807e-13,1.337016e-11,2.4573009e-12,1.08213336e-16,8.121455e-20,3.4281228e-10
810000,490,458,0,-7.7302e-13,5.140004e-11,3.0607034e-11,2.814097e-13,1.4154188e-14,5.1212085e-10
810000,158,438,0,-3.301533e-13,1.1007902e-11,1.3312512e-11,2.3673333e-14,2.102497e-16,2.4748432e-11
810000,495,483,0,-2.534073e-13,3.4144063e-11,4.311597e-12,3.7681506e-15,5.129482e-12,1.7844362e-10
810000,97,12,0,-1.4002976e-12,1.2144735e-10,1.4037071e-11,6.7756896e-14,7.6903456e-11,3.8524686e-10
810000,185,38,0,-6.4541043e-13,3.449969e-11,3.0933739e-15,2.1947912e-23,3.3543583e-13,2.2167501e-10
810000,380,27,0,-8.0445774e-13,2.371524e-11,3.7853006e-12,2.0512453e-15,7.8830286e-17,1.9671245e-10
810000,457,245,0,2.4585152e-11,2.2898355e-11,2.8386375e-11,1.045948e-12,2.7514076e-11,1.4633794e-10
810000,31,101,0,-9.189803e-13,5.2928162e-11,2.13605e-13,7.4089934e-20,2.3431136e-11,6.2160194e-11
810000,4,257,0,-6.511986e-13,3.234946e-11,5.7253674e-11,3.8273902e-12,5.3297113e-13,1.4011703e-10
810000,193,0,0,-1.4814748e-12,1.7177751e-10,4.460576e-11,6.851276e-14,7.6559853e-10,2.352773e-10
810000,100,440,0,-9.887869e-13,3.937697e-11,8.145014e-12,1.5183989e-15,2.6939265e-11,1.1256791e-10
810000,488,16,0,-1.1838181e-12,3.645897e-11,3.4085475e-12,1.535424e-15,4.2819653e-14,3.644945e-10
810000,474,474,0,-1.170231e-12,7.3792174e-11,2.3487781e-11,1.7451225e-13,1.5194868e-11,3.9291778e-10
810000,478,154,0,-5.8239633e-13,3.103755e-11,5.20487e-12,1.9632813e-15,2.0344883e-13,1.2695223e-10
810000,323,472,0,-3.9962565e-13,2.150019e-11,1.1191229e-12,5.0633194e-18,3.611952e-18,1.6490666e-10
810000,141,476,0,-6.299473e-13,3.779008e-11,2.115277e-11,6.081322e-14,5.553569e-12,1.10932034e-10
810000,335,490,0,-3.2568487e-13,1.861772e-11,1.5662144e-12,1.1451159e-16,2.2878926e-16,4.521274e-10
810000,5,324,0,-7.934592e-13,4.3871257e-11,4.3418734e-11,2.3546297e-12,1.1408578e-12,1.0042793e-10
810000,254,30,0,-5.880176e-13,3.3596754e-11,7.989343e-13,2.8617392e-17,1.4284331e-14,2.2078178e-10
810000,465,327,0,-8.77098e-13,5.92003e-11,3.3033883e-16,1.5143977e-25,4.4906023e-12,1.2184963e-10
810000,123,45,0,-1.115511e-12,5.270123e-11,6.9863138e-15,5.042475e-24,2.0293914e-11,1.886884e-10
810000,313,11,0,-5.460392e-13,2.2974615e-11,2.0442018e-11,4.8989106e-14,1.0653948e-15,5.2533033e-10
810000,498,335,0,-4.9901343e-13,9.485662e-12,1.7383827e-15,2.0361196e-25,9.277513e-22,5.652461e-10
810000,24,33,0,-1.4998353e-12,8.700052e-11,1.1366981e-10,5.415446e-11,7.402296e-11,4.900924e-10
810000,491,101,0,-1.0568744e-12,4.2652343e-11,6.324858e-11,4.850509e-12,1.3563794e-12,4.6340218e-10
810000,11,176,0,-6.152098e-13,4.3443638e-11,1.8730827e-15,6.4360775e-25,6.8197366e-12,2.4487054e-10
810000,465,84,0,-1.3743356e-12,1.07360586e-10,3.323296e-11,1.120452e-12,4.6351735e-11,3.7392284e-10
810000,431,176,0,5.048721e-10,1.7612837e-11,2.7005793e-13,1.5899719e-18,5.939099e-22,2.8117406e-10
810000,29,136,0,-9.36178e-13,5.4570445e-11,6.188529e-13,1.2645987e-18,1.9614474e-14,1.8031725e-10
810000,39,248,0,-1.3000235e-13,6.7095357e-12,2.0171334e-17,8.671778e-28,1.1105885e-18,1.2922335e-10
810000,498,174,0,-2.7608303e-13,5.2572764e-12,3.446579e-16,9.671723e-25,2.192263e-22,7.8443134e-11
810000,480,298,0,-6.587897e-13,7.474619e-11,7.616261e-12,4.9498217e-15,3.704626e-10,9.0525965e-10
810000,54,275,0,-1.303489e-13,5.7623806e-12,3.4786157e-15,2.5899428e-24,9.481689e-19,1.2029486e-10
810000,496,41,0,-1.602813e-12,9.737698e-11,7.428854e-11,9.171056e-12,3.548852e-12,3.7150713e-10
810000,202,20,0,-9.197118e-13,2.011297e-11,1.37347e-12,1.551879e-16,1.9589323e-14,3.291727e-10
810000,72,57,0,-6.27761e-13,1.1897732e-11,9.502382e-12,7.513085e-15,1.3975647e-17,1.4120351e-10
810000,24,1,0,-1.6069875e-13,2.5695116e-11,2.3642826e-11,1.3083011e-11,1.5960353e-11,6.514516e-11
810000,13,411,0,-7.494313e-13,2.6861378e-11,2.3626387e-11,1.2684979e-12,4.1703576e-12,6.259264e-10
810000,480,427,0,-1.3919909e-12,8.619825e-11,2.8273503e-11,9.0000793e-13,4.846484e-13,7.514867e-10
810000,138,493,0,-6.883256e-13,2.4805658e-11,9.084394e-14,1.3108523e-20,4.0886841e-13,1.6515639e-10
810000,58,426,0,-1.0328989e-12,5.124643e-11,2.1697841e-11,2.7726056e-13,1.1188679e-13,1.3020039e-10
810000,27,280,0,-2.527495e-13,1.207275e-12,1.9746792e-16,2.3256584e-27,5.26142e-30,1.9642626e-10
810000,480,409,0,-1.1172564e-12,4.926685e-11,3.2217332e-12,7.366336e-16,2.2163305e-14,3.6724196e-10
810000,157,4,0,-6.621569e-13,3.7707178e-11,1.4439972e-13,2.1564443e-20,4.962962e-13,5.49468e-10
810000,373,60,0,-8.511773e-13,4.6955603e-11,5.8624893e-12,4.0656137e-15,9.022671e-16,1.04476844e-10
810000,27,233,0,-2.3727447e-13,1.7302854e-12,5.5244437e-11,1.9681586e-11,1.38326225e-11,2.6456448e-10
810000,468,27,0,-1.2411544e-12,5.438864e-11,1.3323629e-12,3.739179e-18,3.1510555e-10,3.6778677e-10
810000,16,25,0,-1.3588825e-12,1.3679353e-10,2.5967756e-11,1.1608503e-12,5.6018662e-11,4.5999454e-10
810000,1,141,0,-6.3229267e-13,1.4218397e-11,2.8068848e-11,2.6994683e-13,5.1629076e-15,4.1429338e-10
810000,498,461,0,-1.2626793e-13,9.309575e-12,2.877891e-11,1.7566825e-12,1.6548831e-13,3.110478e-11
810000,313,497,0,-2.8081148e-13,1.2494793e-11,1.5949925e-14,3.4992173e-22,1.4539129e-17,2.7140132e-10
810000,25,46,0,-1.3596344e-12,5.1199572e-11,5.1513923e-12,4.901569e-16,6.050033e-12,1.1436274e-09
810000,222,482,0,-5.8746134e-13,4.4914218e-11,6.248447e-16,4.6216664e-26,1.1670499e-15,2.2225334e-10
810000,484,456,0,-1.0942465e-12,1.2388959e-10,7.841393e-14,9.788329e-21,3.3351213e-10,4.7380017e-10
810000,26,429,0,-8.6715693e-13,2.2845698e-11,8.433574e-14,5.7700553e-21,1.749835e-14,3.789363e-10
810000,304,437,0,-2.1308752e-13,1.2689387e-11,3.8741915e-15,2.3651046e-24,1.4859157e-14,2.493162e-10
810000,448,466,0,-1.2400856e-12,7.15263e-11,4.3936577e-11,1.5662711e-12,1.4247458e-12,3.6376419e-10
810000,475,377,0,-1.2011686e-12,6.321711e-11,2.9568382e-18,7.997638e-31,8.3474243e-13,4.279163e-10
810000,465,474,0,-1.1434304e-12,4.560968e-11,1.7977399e-11,1.2298108e-13,2.9162114e-15,2.1839008e-09
810000,67,494,0,-1.4294454e-12,4.586372e-11,3.7823856e-13,2.3885889e-18,1.4007018e-15,6.9714756e-10
810000,296,74,0,2.2282698e-10,3.4509194e-11,5.991253e-13,1.3643661e-17,9.802906e-14,3.798563e-10
810000,460,40,0,-1.1108058e-12,4.9547432e-11,4.0264005e-13,2.431906e-18,6.015009e-11,4.116226e-10
810000,59,304,0,-3.2024573e-13,1.8871906e-11,3.8067652e-12,2.53225e-16,4.1244925e-16,1.6166804e-10
810000,455,432,0,-1.3549373e-12,4.895718e-11,2.676357e-13,9.286248e-19,9.16916e-16,3.3370534e-10
810000,490,7,0,-1.1065538e-12,4.2481334e-11,1.8881523e-11,1.377423e-14,4.1059997e-13,3.3146225e-10
810000,48,489,0,-1.7647606e-12,8.693746e-11,1.0972288e-11,1.3472898e-14,2.253636e-14,2.123547e-10
810000,357,45,0,-9.0951e-13,5.854265e-11,1.0433087e-11,2.7180078e-14,3.222433e-10,1.7259291e-10
810000,461,441,0,-1.3815953e-12,9.251998e-11,1.6331344e-11,3.8624721e-13,8.912091e-12,1.6840634e-10
810000,389,496,0,-9.094253e-13,4.317861e-11,2.0246211e-11,7.902847e-14,6.214193e-12,3.6164305e-10
810000,52,252,0,-7.025582e-14,1.0951238e-12,6.0303343e-19,1.7834314e-33,2.0624666e-29,2.2739484e-10
810000,64,479,0,-1.5557521e-12,8.497404e-11,2.2113484e-14,2.793067e-22,1.737039e-12,2.8768138e-10
810000,143,451,0,-4.003495e-13,2.2671122e-11,8.5404627e-13,1.11444505e-17,2.9436228e-11,2.4823618e-10
810000,280,0,0,-3.915651e-13,1.3115694e-11,6.4366515e-14,4.338888e-21,7.509966e-17,3.0844333e-10
810000,30,471,0,-1.5733791e-12,6.9803434e-11,1.1559996e-11,1.1755824e-14,2.6153852e-11,2.3290098e-10
810000,488,403,0,-9.593483e-13,4.8579897e-11,8.1452095e-11,4.897484e-11,1.2843852e-10,6.0604094e-10
810000,482,35,0,-1.4188656e-12,7.220463e-11,1.531222e-11,2.2552236e-13,3.7704876e-13,3.8003972e-10
810000,483,200,0,-2.0378098e-13,1.1458338e-11,1.7279589e-13,3.5066138e-19,3.3312124e-20,1.904145e-10
810000,397,464,0,-5.5772113e-13,2.9432946e-11,1.4765583e-11,5.616292e-14,2.8370945e-14,1.5571648e-10
810000,139,465,0,-5.788867e-13,1.7472244e-11,1.6127723e-12,1.8855671e-17,9.379314e-16,1.9925774e-10
810000,41,1,0,-1.2925274e-13,1.7993535e-11,2.1471163e-12,5.2188296e-15,6.0301596e-13,1.1732913e-10
810000,310,435,0,-2.1811832e-13,5.339892e-12,2.0808558e-13,4.7744316e-20,4.589432e-25,3.4258965e-10
810000,369,50,0,-9.646995e-13,4.8964145e-11,3.1654755e-12,7.5855586e-16,2.8366367e-12,2.384351e-10
810000,40,278,0,-1.7076282e-13,5.5552403e-12,6.5982875e-13,1.0364397e-17,7.526106e-21,4.8675486e-10
810000,11,481,0,-2.0861598e-12,1.00686355e-10,3.8322343e-13,1.5555378e-18,9.152642e-12,2.8500458e-10
810000,45,462,0,-1.7619684e-12,1.2247292e-10,1.1674872e-10,1.7721616e-11,3.8520462e-10,2.8030364e-10
810000,27,207,0,-5.7124157e-13,5.1440605e-11,4.905241e-11,3.6696556e-11,9.2383344e-11,9.811685e-11
810000,23,30,0,-1.5179349e-12,1.0332807e-10,1.0195029e-10,1.3834184e-11,6.2754704e-11,5.9526584e-10
810000,411,495,0,-9.545507e-13,7.110943e-11,3.8768423e-11,1.0526642e-11,3.914007e-11,9.128649e-11
810000,463,283,0,-5.6658194e-13,4.5628806e-11,2.9715262e-12,5.6910127e-16,4.5395483e-11,1.2262369e-10
810000,44,9,0,-6.9854246e-13,5.52696e-11,8.670187e-12,2.4973405e-15,5.5333984e-11,1.774182e-10
810000,253,23,0,-5.609388e-13,1.543123e-11,2.398511e-12,1.7705031e-16,1.8213386e-17,2.856236e-10
