mcsteps,xCOM,yCOM,zCOM,il8,il1,il6,il10,tnf,tgf
660000,84,376,0,2.0413429e-09,4.523671e-11,1.9734324e-15,5.1225487e-25,2.6185856e-17,1.1486847e-10
660000,432,181,0,2.0417876e-09,3.861182e-11,1.3300145e-12,1.0591932e-16,7.704181e-14,5.952366e-11
660000,409,105,0,2.0415158e-09,3.4489443e-11,3.2263112e-19,2.7560123e-31,2.9859806e-10,5.4898825e-11
660000,247,394,0,2.041452e-09,2.1861292e-10,1.5027091e-14,2.722731e-22,6.4966206e-11,3.5626786e-11
660000,132,141,0,2.041796e-09,3.121255e-11,4.362025e-29,1e-45,1.5691383e-16,8.009341e-11
660000,286,72,0,2.041697e-09,3.8998568e-11,7.8787434e-14,5.5204548e-21,8.524635e-15,3.7332606e-10
660000,365,385,0,2.0425313e-09,1.1925774e-11,1.0500559e-13,4.0697e-19,1.5133865e-19,1.752903e-11
660000,379,420,0,2.0424085e-09,3.3080406e-11,1.8927207e-13,6.602085e-20,7.227483e-15,1.02546506e-10
660000,426,219,0,2.0836075e-09,4.72483e-12,8.453077e-13,1.8087851e-17,2.5157802e-20,8.705412e-11
660000,444,225,0,2.0830877e-09,2.1465206e-11,2.747344e-12,6.3032396e-16,2.9917197e-18,2.1223627e-10
660000,106,171,0,-2.414516e-13,6.310019e-11,7.1516126e-12,8.838338e-15,1.7219646e-11,9.579493e-11
660000,190,432,0,-6.257731e-13,5.2256113e-11,1.92461e-13,1.1436143e-18,6.002503e-14,4.2463272e-11
660000,466,59,0,-1.1612539e-12,6.6468143e-11,1.3677221e-12,2.1038727e-17,3.386362e-12,6.345248e-10
660000,285,234,0,-1.3109628e-15,2.4223596e-22,8.24889e-31,0.0,0.0,9.153512e-13
660000,427,100,0,4.261721e-11,6.093455e-11,3.0317524e-13,1.9741112e-18,2.152266e-11,1.339572e-10
660000,371,192,0,-3.6525424e-13,2.7454466e-11,2.2409072e-16,2.5533324e-27,4.4334094e-14,1.8174262e-11
660000,246,88,0,-2.4358033e-13,1.2557406e-11,1.221005e-11,2.921986e-14,2.261394e-16,5.8062742e-11
660000,12,469,0,-1.9506148e-12,9.955339e-11,3.504792e-11,2.7330801e-13,3.2266818e-11,2.7080685e-10
660000,205,460,0,-5.998358e-13,1.3665206e-11,3.985707e-11,1.212074e-12,6.802938e-14,4.9223323e-11
660000,156,46,0,-6.558479e-13,3.064389e-11,6.1221956e-14,1.6132578e-20,1.6264563e-13,1.8740293e-10
660000,316,140,0,-4.5104635e-13,4.7940783e-11,3.4557856e-17,5.7388265e-29,2.4402187e-11,6.069381e-13
660000,71,103,0,-6.6444707e-13,3.953065e-11,7.2918886e-11,1.5000642e-12,2.4023443e-13,2.0938917e-10
660000,371,395,0,1.6033772e-10,7.8203615e-12,8.304051e-12,2.1943439e-14,3.0200084e-16,1.1946467e-10
660000,145,44,0,-9.012133e-13,4.9124708e-11,1.6004653e-12,8.137228e-17,1.2038514e-12,2.4489522e-10
660000,280,285,0,-1.034699e-14,2.0693567e-18,5.809855e-25,4.965e-42,0.0,5.2487333e-12
660000,174,238,0,-6.301201e-15,2.3929495e-19,2.5796327e-15,4.1950168e-23,2.571799e-29,1.6439058e-10
660000,376,233,0,-2.9932082e-13,4.3738047e-12,5.9207143e-19,4.5660565e-32,4.9785053e-23,1.202146e-11
660000,199,288,0,-2.0303418e-13,5.729499e-12,8.242225e-29,0.0,1.067291e-20,5.8807806e-11
660000,275,297,0,-1.6580314e-14,1.0366099e-16,7.678505e-15,1.2905526e-21,7.805683e-27,1.1777297e-13
660000,214,113,0,-5.1517097e-13,8.335262e-12,2.066419e-18,1.3184552e-29,7.699889e-19,4.2867213e-11
660000,294,274,0,-6.0129636e-13,7.05062e-12,3.166807e-24,1.54244e-40,4.1476283e-18,1.5644956e-13
660000,340,297,0,-2.5004936e-13,1.4805105e-11,0.0,0.0,2.1902877e-16,1.2707639e-11
660000,337,149,0,-3.1183175e-13,1.237223e-11,3.3700778e-21,3.4860252e-36,9.133116e-18,3.1536447e-11
660000,63,338,0,-3.8158373e-13,1.5661491e-11,1.3707943e-12,1.1532625e-16,6.620772e-20,8.8931404e-11
660000,344,307,0,-2.0477054e-13,8.997552e-12,1.19744755e-35,0.0,5.48514e-18,8.111818e-11
660000,216,122,0,-6.027454e-13,4.5225226e-11,1.4329996e-21,4.2987187e-38,3.5490958e-16,3.0627096e-12
660000,0,340,0,-1.0334514e-12,6.402761e-11,3.2872084e-11,3.7710224e-13,2.5624327e-11,5.3738892e-11
660000,266,23,0,-4.548293e-13,8.129065e-12,3.141435e-11,5.755133e-13,2.4637009e-14,2.3776223e-10
660000,421,171,0,8.5851694e-11,5.3290435e-11,3.540809e-14,2.3100527e-21,2.103305e-16,1.3749858e-10
660000,75,200,0,-2.776704e-13,2.6569098e-11,6.109172e-16,7.424412e-25,6.1670372e-15,1.3713156e-10
660000,213,362,0,-7.4817004e-14,5.1121898e-12,3.0322573e-14,5.803428e-22,4.000848e-20,1.8706744e-12
660000,476,466,0,-1.3975783e-12,9.2327e-11,7.893065e-13,1.2442673e-17,1.2095164e-15,2.65347e-10
660000,363,85,0,-2.9321833e-13,8.003071e-12,8.0288817e-14,9.0233185e-20,3.117052e-16,5.207055e-11
660000,410,90,0,8.380851e-11,5.510218e-11,5.447193e-11,8.275888e-13,1.2955362e-13,1.7034843e-10
660000,132,285,0,-2.3943483e-13,4.2569984e-12,3.2769204e-21,7.098956e-35,1.1579378e-21,4.026678e-11
660000,107,247,0,-2.3897358e-13,1.9058529e-11,1.3254618e-16,2.197881e-27,1.4133261e-14,1.5485814e-10
660000,163,110,0,-3.7066955e-14,1.323041e-13,1.1262135e-27,0.0,1.7979463e-37,2.8050557e-12
660000,72,77,0,-6.064809e-13,3.1589745e-11,2.9570207e-12,8.135981e-16,4.9789616e-17,1.1571548e-10
660000,118,291,0,-5.333859e-14,2.4146718e-15,1.7896473e-16,5.0303355e-26,8.970984e-34,3.638058e-12
660000,236,113,0,-9.082231e-13,4.8985545e-11,4.4771647e-27,0.0,1.5326104e-12,3.07768e-11
660000,134,406,0,-3.0947404e-13,3.889079e-12,4.387998e-11,1.0877992e-12,1.2023057e-13,6.060755e-11
660000,92,157,0,-3.7431785e-13,1.5800411e-11,1.2501727e-18,5.267055e-32,4.8535293e-19,1.912985e-10
660000,464,436,0,-1.4932661e-12,9.710444e-11,3.4394078e-13,1.6836309e-19,1.42905245e-11,1.1798651e-10
660000,457,437,0,-1.5091994e-12,1.1855775e-10,1.7136714e-11,2.7004164e-13,2.731267e-09,4.1089296e-10
660000,229,415,0,6.8490157e-12,2.3960117e-11,6.4539304e-11,4.3539294e-11,9.008016e-11,9.771271e-11
660000,480,242,0,-7.2493715e-14,2.2240822e-11,8.2356905e-14,3.8977077e-20,3.7298273e-18,4.3992702e-11
660000,27,438,0,-1.0091584e-12,1.7846486e-11,1.4181002e-12,1.2534799e-16,2.2458414e-17,3.2983674e-10
660000,166,196,0,-5.106874e-14,5.2387657e-13,4.2537067e-29,0.0,2.3135799e-32,8.782375e-11
660000,287,11,0,-5.391281e-13,4.7430466e-11,5.297353e-11,4.2096496e-12,3.906576e-12,2.2545786e-10
660000,419,255,0,7.993201e-13,2.448823e-11,1.1499809e-11,1.8630307e-14,6.4430927e-16,1.2315628e-10
660000,450,472,0,-1.2622364e-12,6.555887e-11,9.763454e-12,1.5283619e-14,2.937167e-10,1.584961e-10
660000,339,129,0,-3.901874e-13,1.3077102e-11,7.9076905e-17,6.2400253e-27,6.181746e-16,1.9800564e-11
660000,426,292,0,-2.5324548e-13,1.2678527e-12,7.7115376e-13,4.793793e-18,1.5543304e-22,3.0158198e-10
660000,182,224,0,-2.8399185e-14,7.735763e-15,1.3370419e-16,3.0607196e-26,9.951785e-34,1.047433e-10
660000,427,73,0,-4.032761e-14,5.6572746e-11,3.244389e-13,4.9632843e-19,1.6263698e-13,2.8794211e-10
660000,3,143,0,-6.3322947e-13,1.5542692e-11,3.1213983e-11,1.6508702e-13,2.3602567e-15,2.910332e-10
660000,262,82,0,9.442058e-12,1.790803e-11,1.219314e-11,1.2805117e-14,7.63667e-16,7.99071e-11
660000,254,212,0,-1.8179026e-14,1.0891726e-15,4.8785594e-23,4.747278e-39,0.0,1.9201193e-11
660000,388,193,0,-1.6820169e-13,3.7301134e-12,1.5039033e-14,8.656753e-23,8.286346e-25,4.0107608e-11
660000,251,230,0,-1.7791645e-15,2.2425096e-20,2.36283e-40,0.0,0.0,4.606205e-12
660000,54,29,0,-1.4452088e-12,1.5259301e-10,1.6298523e-12,5.48773e-17,2.1966127e-09,2.3729935e-10
660000,110,152,0,1.29723255e-11,4.091791e-11,4.3584226e-16,1.01213486e-22,1.0220826e-14,1.4122094e-10
660000,298,197,0,-2.7703675e-14,5.984872e-17,1.3356336e-12,1.0870516e-16,8.2501973e-20,5.4112536e-13
660000,476,202,0,-1.6135026e-13,4.6637895e-11,1.366349e-11,3.798203e-14,5.0342082e-14,1.35526e-10
660000,218,404,0,3.4539283e-12,9.07074e-12,2.2279484e-11,1.6360626e-13,2.3734448e-15,9.254468e-11
660000,42,210,0,-5.0889414e-13,3.5923556e-11,2.860817e-11,8.751785e-13,4.038204e-13,2.508268e-10
660000,388,63,0,-7.263752e-13,6.5068985e-11,9.379674e-12,6.5120194e-15,3.4696118e-10,8.430995e-11
660000,265,82,0,1.7428593e-11,2.1766568e-11,1.2098028e-11,1.17957325e-14,3.9210835e-12,1.0831043e-10
660000,433,287,0,-3.26813e-13,4.070151e-12,1.0923368e-13,2.4634418e-19,7.606216e-24,6.162642e-11
660000,419,307,0,-2.219724e-13,2.1076402e-12,1.5685007e-11,8.408273e-14,1.1895059e-15,2.7678982e-11
660000,487,331,0,-5.448795e-13,2.6327662e-11,1.5306265e-12,3.998303e-17,1.8080986e-13,2.3072204e-10
660000,199,217,0,-6.2909876e-14,1.3357978e-11,2.903254e-22,1.6389598e-37,2.21574e-14,8.018891e-11
660000,151,74,0,-5.5124427e-13,4.28567e-11,1.3699016e-12,3.8812565e-17,4.2369965e-11,1.5858079e-11
660000,329,486,0,-3.6730024e-13,2.1396973e-11,4.270429e-11,5.133585e-12,1.0596942e-12,1.9213157e-10
660000,50,254,0,-7.3355154e-14,6.747509e-13,2.0210307e-19,6.801471e-34,4.7245596e-31,1.1868517e-10
660000,236,213,0,-7.570477e-14,7.471459e-12,4.5702844e-34,0.0,3.4647845e-19,2.936962e-14
660000,188,54,0,-5.7882903e-13,2.8749812e-11,6.6119107e-12,2.2940327e-15,1.3683441e-17,3.519228e-10
660000,31,48,0,-1.3662382e-12,4.9341694e-11,5.791658e-13,5.1544163e-18,1.3810267e-14,6.149052e-10
660000,353,249,0,-2.8897482e-13,1.4908453e-11,1.4178979e-28,0.0,4.331154e-14,4.5856336e-11
660000,366,371,0,1.002726e-10,5.500375e-11,7.0477946e-12,8.25199e-15,2.8850744e-10,8.5814314e-11
660000,12,416,0,-8.1253363e-13,4.4512387e-11,1.2154853e-11,3.4625274e-14,6.7012436e-15,3.775477e-10
660000,388,248,0,-1.3894255e-13,3.1301033e-13,1.1598057e-19,5.0071775e-32,7.4549918e-31,2.1387957e-11
660000,338,56,0,-6.7314063e-13,2.983643e-11,2.8029993e-16,2.7100873e-25,5.0887083e-14,1.9647464e-10
660000,9,30,0,-1.0916377e-12,6.473434e-11,1.17284815e-14,1.3764002e-22,1.6879786e-13,2.144394e-10
660000,361,298,0,-1.5368606e-13,1.1323893e-13,5.0086503e-33,0.0,1.2547823e-38,1.8140995e-13
660000,414,251,0,1.4771796e-12,2.4921181e-11,2.4105863e-12,5.169194e-17,1.9541738e-15,8.063116e-11
660000,230,51,0,-8.9361184e-13,5.6824614e-11,3.5639155e-11,1.5912295e-12,2.4189795e-13,1.82491e-11
660000,348,304,0,-1.9683718e-13,1.1029122e-12,4.6410755e-35,0.0,4.0124578e-29,6.319299e-11
660000,308,370,0,-2.0681785e-13,1.5043092e-11,1.2178466e-12,4.093767e-17,1.0136895e-18,7.433453e-12
660000,14,338,0,-8.931774e-13,4.490568e-11,1.3671055e-13,5.6838966e-19,5.7671965e-17,7.785517e-11
660000,91,499,0,-9.788797e-13,5.5684724e-11,4.9822e-11,1.9446265e-12,2.9379903e-13,1.6307021e-10
660000,491,49,0,-1.6521609e-12,7.969645e-11,2.5194167e-14,5.3923896e-22,1.9086101e-13,1.3866056e-10
660000,153,81,0,-4.75132e-13,3.1054166e-11,8.301044e-11,4.8974887e-11,8.173426e-11,1.4584522e-10
660000,166,130,0,6.8309117e-13,4.5579242e-11,7.8606365e-13,1.3954749e-17,2.7705066e-10,1.4130619e-10
660000,298,305,0,-1.786097e-13,1.6620372e-11,1.3788559e-17,1.00203015e-27,8.797153e-14,3.7430305e-14
660000,299,40,0,6.0090626e-13,5.894027e-11,3.1521966e-12,2.5280794e-16,2.435802e-11,2.893307e-10
660000,343,188,0,-2.3035247e-13,6.936707e-12,1.0417834e-14,3.2781773e-22,3.68676e-23,1.13222e-11
660000,319,395,0,-3.1739392e-13,2.6630895e-11,1.2851816e-15,3.2041913e-25,2.6113e-18,9.6838204e-11
660000,196,380,0,-2.5815854e-13,2.8761014e-11,4.4121294e-17,1.7892576e-28,1.173634e-11,9.859364e-12
660000,203,304,0,-1.2790088e-13,8.837029e-12,1.530396e-26,1.4e-44,1.8494427e-17,1.1063162e-12
660000,461,101,0,-1.1252564e-12,3.2252694e-11,1.6316018e-13,1.3101378e-18,4.2021985e-12,8.827147e-11
660000,385,8,0,-6.921368e-13,5.860862e-11,9.475894e-15,3.2840837e-22,1.4735563e-12,1.1781254e-10
660000,287,289,0,-6.099451e-14,3.4792357e-15,7.572442e-25,9.7e-44,2.1951846e-35,1.01272477e-10
660000,217,174,0,-1.5267033e-13,1.838482e-12,2.728816e-31,0.0,1.3906883e-26,1.5978208e-12
660000,317,348,0,-7.770364e-14,1.2432809e-13,5.96043e-23,5.5570845e-38,4.1335882e-34,5.0015696e-11
660000,452,181,0,3.2981163e-11,1.2133461e-10,1.6805361e-13,6.573491e-20,4.1409296e-11,5.4976006e-11
660000,260,167,0,-4.793301e-15,4.3705e-20,3.6366014e-25,3.094e-42,0.0,3.6178708e-12
660000,230,105,0,-1.0090394e-12,7.162982e-11,1.0829222e-23,4.7e-43,3.0954837e-13,3.637527e-11
660000,115,82,0,-5.344492e-13,2.8069986e-11,1.449534e-14,5.645537e-22,5.74153e-15,2.604305e-10
660000,305,257,0,-1.03527714e-13,1.1871977e-12,1.856343e-12,2.7260895e-16,5.00073e-19,3.9637995e-13
660000,424,184,0,2.565109e-10,2.4081554e-11,4.796783e-14,4.3546015e-21,2.2980915e-13,1.2410573e-10
660000,438,363,0,-5.617991e-13,2.0691107e-11,4.0938763e-11,4.817351e-13,1.5630316e-14,1.0699417e-10
660000,240,99,0,-6.958931e-13,3.9895965e-11,5.6752134e-16,8.781943e-25,3.0902466e-14,4.575588e-11
660000,19,230,0,-3.1398224e-13,1.5314954e-11,2.272794e-13,2.1225647e-19,1.4355354e-18,1.3097827e-10
660000,349,48,0,-8.297664e-13,4.652949e-11,7.865165e-12,5.6440922e-15,2.7077185e-10,8.901313e-11
660000,415,47,0,-7.8030394e-13,2.45838e-11,1.6705784e-11,1.1253247e-13,1.956874e-15,1.6339585e-10
660000,363,399,0,1.0794601e-10,1.2493452e-12,6.7358106e-14,4.4592257e-20,7.307518e-25,1.1209569e-09
660000,160,191,0,-8.552017e-14,1.4238549e-13,1.0404084e-24,2.1359e-41,4.516437e-35,2.6756252e-11
660000,427,272,0,-3.9879322e-13,3.9627707e-11,2.4149265e-14,5.4705916e-19,1.7158147e-13,1.3476652e-10
660000,225,224,0,-2.374162e-14,2.0526541e-16,3.0704e-41,0.0,8e-45,3.2348392e-19
660000,299,130,0,-3.1748147e-13,1.8469937e-12,3.7854964e-20,9.3546254e-35,7.004862e-29,9.219524e-11
660000,366,217,0,-5.2736597e-13,5.3763036e-11,8.155888e-14,3.897545e-20,3.0079385e-12,1.0420215e-11
660000,461,458,0,-1.2862443e-12,5.3668636e-11,1.5708676e-11,8.857325e-14,3.7291628e-11,4.0043593e-10
660000,379,316,0,-3.694757e-13,1.6905964e-11,7.1094603e-20,4.7187799e-35,1.1934137e-17,1.358615e-10
660000,344,340,0,-3.1829823e-13,2.6466782e-11,1.13616655e-26,0.0,1.7256148e-14,4.898274e-11
660000,306,151,0,-3.7155904e-13,1.5664714e-11,3.4393765e-30,0.0,1.4583332e-16,1.7923097e-11
660000,111,233,0,-4.7723693e-14,2.691849e-14,3.6248913e-16,2.8057256e-26,1.3724037e-34,2.994243e-09
660000,199,392,0,-1.06850564e-13,1.1439726e-11,6.9384095e-12,7.690687e-15,2.555304e-16,3.0408036e-09
660000,135,362,0,-4.867719e-13,1.4971881e-11,4.7828316e-13,1.0265571e-18,3.015935e-16,8.336277e-11
660000,49,361,0,1.0537074e-13,1.7795519e-11,5.4280954e-15,9.947941e-22,1.9316344e-13,2.2583746e-10
660000,73,451,0,-1.3020851e-12,4.6002323e-11,3.1242346e-11,8.00205e-13,3.2289147e-11,2.2711834e-10
660000,256,227,0,-2.0414762e-15,8.144699e-21,3.0979686e-36,0.0,0.0,1.9483509e-10
660000,320,464,0,-3.8401647e-13,4.632413e-12,1.1796307e-11,2.2821112e-14,1.0176109e-16,2.9280875e-10
660000,475,384,0,-1.248706e-12,1.09798115e-10,4.256707e-15,1.1930438e-22,2.7857489e-10,5.836202e-11
660000,94,136,0,-1.302094e-13,5.0445446e-11,2.4850565e-18,6.0895874e-31,1.8234726e-12,2.3748859e-11
660000,473,289,0,-5.968825e-13,2.5179955e-11,4.4835203e-12,3.815778e-16,2.6506438e-12,1.812516e-10
660000,350,267,0,-2.0615855e-13,1.0711682e-11,8.75e-42,0.0,1.8334899e-18,1.0045702e-12
660000,298,356,0,-5.0790657e-14,1.7936264e-15,7.540215e-12,5.6313e-15,3.571577e-17,6.530236e-12
660000,287,53,0,4.037246e-11,2.2778494e-11,1.2843898e-15,4.4632756e-24,8.385091e-16,9.176485e-11
660000,378,38,0,-9.798432e-13,6.5311784e-11,5.135972e-11,2.984361e-13,1.881429e-14,2.4149316e-10
660000,356,470,0,-5.2634134e-13,2.2079227e-11,4.4233893e-13,1.4216872e-18,8.797153e-14,1.1817938e-10
660000,453,149,0,-2.3391497e-13,1.8513436e-11,1.517346e-11,1.6034254e-14,5.5460177e-17,1.3005738e-10
660000,10,132,0,-7.2054407e-13,2.4695893e-11,6.246981e-14,2.6175086e-21,2.4797702e-17,1.9599339e-10
660000,396,252,0,-1.8856436e-13,8.666945e-12,5.1060654e-15,2.2302939e-23,4.5934305e-21,5.136273e-11
660000,433,331,0,-4.372907e-13,1.0621057e-11,8.40753e-19,2.866529e-32,2.0622915e-21,6.5531476e-11
660000,43,285,0,-1.8087738e-13,1.7427691e-12,4.4808046e-14,3.7328092e-21,7.059229e-27,3.9399897e-11
660000,458,371,0,-1.0097303e-12,5.831452e-11,3.5914926e-12,3.912895e-15,8.5670505e-15,1.818243e-10
660000,153,403,0,-2.4028468e-13,2.4918184e-11,2.246007e-12,9.968763e-17,2.5352147e-09,5.4236428e-11
660000,53,211,0,-3.6128324e-13,2.6841897e-11,7.245328e-14,5.500214e-21,8.211197e-14,9.743557e-11
660000,307,279,0,-4.29264e-13,1.2957585e-11,1.1945937e-22,4.041032e-35,3.479796e-21,3.7400343e-14
660000,497,131,0,-1.0220372e-12,6.182664e-11,1.048992e-12,9.319307e-18,9.301109e-13,1.5343761e-10
660000,347,257,0,-2.455258e-13,3.3036338e-11,3.205841e-32,0.0,2.6509433e-12,7.595136e-12
660000,406,144,0,-2.1505534e-13,3.1758672e-11,6.016525e-15,4.237991e-22,2.4846902e-16,1.848645e-11
660000,8,382,0,-1.1799278e-12,5.150218e-11,3.9236432e-16,1.1757651e-25,7.172256e-17,2.2774338e-10
660000,384,300,0,-3.1406434e-13,3.15245e-11,1.4144663e-25,1e-45,2.7395783e-10,1.2417919e-11
660000,318,368,0,-2.5654395e-13,2.8255042e-11,1.6301821e-11,1.0941848e-13,6.499565e-15,1.5708398e-13
660000,306,156,0,-3.0192773e-13,4.4348553e-12,4.552429e-34,0.0,1.7676967e-23,9.21462e-11
660000,425,162,0,3.1436326e-11,5.8147917e-11,9.643769e-13,7.34844e-18,2.5364526e-12,1.22881e-10
660000,420,272,0,-4.0844728e-13,2.9647243e-11,1.5558841e-16,4.0180664e-26,2.3154308e-12,1.5546078e-10
660000,191,372,0,-3.9603707e-13,1.5938815e-11,2.6454439e-24,2.421557e-37,1.836447e-21,1.8328529e-10
660000,0,205,0,-4.739095e-13,2.8895173e-11,5.0542274e-13,4.2808144e-18,2.0232153e-13,1.4887849e-10
660000,165,341,0,-4.4413643e-13,2.4405153e-11,4.1202626e-21,4.813404e-35,6.6547643e-15,8.600667e-12
660000,157,272,0,-1.230795e-14,1.4753035e-16,2.6147978e-30,0.0,0.0,5.844957e-11
660000,134,169,0,6.290137e-12,4.0767468e-12,5.1714807e-18,2.767669e-30,8.945243e-24,4.2493925e-11
660000,345,210,0,-2.0607143e-13,1.5136122e-12,4.943915e-11,4.4731124e-12,7.4218024e-13,4.2520206e-12
660000,252,66,0,8.5882413e-13,1.5829163e-11,4.6065235e-15,3.9804984e-23,8.493356e-21,7.153218e-11
660000,66,212,0,-2.1520669e-13,2.9707977e-12,1.383656e-15,3.386116e-23,8.2327496e-26,2.1431967e-10
660000,86,477,0,-1.2381041e-12,4.8920888e-11,2.1354533e-13,2.8887825e-19,1.843962e-14,3.1354328e-09
660000,234,108,0,-1.2000984e-11,2.3243651e-09,4.983174e-24,7.41e-43,4.1188155e-09,7.2325353e-12
660000,309,434,0,-2.1907317e-13,3.4066868e-12,1.1103102e-14,4.0029784e-23,1.04270826e-26,1.5377088e-10
660000,176,186,0,-1.2866123e-13,1.6558073e-11,3.627282e-17,5.158105e-27,9.4102094e-14,8.6941836e-11
660000,314,434,0,-2.391801e-13,1.259552e-11,2.8535613e-13,5.0922665e-19,2.609387e-18,7.159641e-11
660000,365,133,0,-3.3564124e-13,1.9187213e-11,9.518144e-22,2.1089745e-36,3.0076339e-12,6.069844e-11
660000,34,210,0,-5.7123463e-13,4.0372376e-11,7.848338e-12,1.2892e-14,2.1176223e-12,5.1583937e-10
660000,291,134,0,-3.1696767e-13,4.2711373e-12,6.372165e-17,1.3713569e-28,1.02056664e-22,8.821008e-12
660000,117,110,0,1.0954674e-12,1.6863188e-11,2.4193802e-20,3.0532507e-35,5.181346e-19,7.268815e-11
660000,50,168,0,-7.313745e-13,3.7352416e-11,9.403037e-12,2.0842887e-14,4.5492827e-16,4.6596177e-10
660000,448,229,0,4.355077e-10,3.996697e-11,5.236157e-12,1.826097e-15,6.1385316e-15,1.2122085e-10
660000,65,201,0,-3.125625e-13,2.474157e-11,4.3314593e-15,9.1477447e-23,4.557485e-17,9.722708e-11
660000,383,273,0,-2.370165e-13,4.516314e-12,4.2448654e-35,0.0,3.946881e-25,4.2287937e-11
660000,279,241,0,-7.805903e-16,1.123258e-22,2.9959327e-38,0.0,0.0,1.9186154e-12
660000,182,494,0,-7.0871564e-13,3.1374632e-11,9.137239e-15,1.1744349e-22,3.3024518e-18,7.962723e-11
660000,163,146,0,2.7233955e-12,1.8110959e-11,1.3270552e-14,1.5630258e-22,1.2296835e-14,2.9920137e-09
660000,199,101,0,-3.252714e-13,2.0501397e-11,4.1962563e-15,1.2161889e-23,2.441889e-17,3.170317e-09
660000,360,156,0,-5.3957e-13,1.8018835e-11,3.473932e-09,7.192092e-10,1.1532665e-09,1.6426107e-11
660000,41,69,0,-8.492061e-13,2.4075814e-11,4.412261e-14,6.773786e-21,8.224826e-17,3.230614e-09
660000,402,208,0,9.500514e-12,9.4451495e-12,6.108656e-16,7.424412e-25,8.7330735e-18,2.989617e-09
660000,374,14,0,-6.9738356e-13,3.547997e-11,7.1534493e-12,3.2746391e-15,9.996992e-15,3.3414052e-09
660000,16,462,0,-1.7843462e-12,1.2728797e-10,2.0105778e-11,4.303422e-14,6.195383e-14,3.3082068e-09
660000,163,102,0,-1.990873e-13,3.7772424e-12,1.2886503e-25,3e-45,5.5821975e-24,3.0306295e-09
660000,169,89,0,-3.9725585e-13,9.369078e-12,4.4878875e-19,3.9854328e-33,3.6793404e-22,3.0791503e-09
660000,210,197,0,-9.0062906e-14,1.4434031e-13,8.909478e-39,0.0,4.2230272e-35,4.218046e-12
660000,259,181,0,-4.808537e-15,8.1589384e-19,1.8259354e-14,5.4188053e-21,4.049783e-26,1.0695892e-11
660000,272,380,0,-5.4153613e-12,2.283623e-09,7.39228e-12,3.8621276e-15,4.118814e-09,5.7275965e-11
660000,126,299,0,-1.10994165e-11,2.2739108e-09,2.0642649e-11,5.5860058e-14,4.118809e-09,1.0776979e-11
660000,251,132,0,-2.8780233e-13,1.377791e-11,2.844331e-30,0.0,5.4981465e-19,1.1366333e-12
660000,124,487,0,-9.864296e-13,2.8137366e-11,5.115371e-11,5.9326545e-13,1.16274e-12,7.8127324e-11
660000,450,30,0,-1.1252141e-12,3.9567967e-11,1.8426071e-11,2.388162e-13,1.2159082e-14,2.108768e-10
660000,267,456,0,-3.9000216e-13,2.4874745e-11,1.050252e-12,3.6569612e-17,6.1778602e-15,3.5677303e-10
660000,323,174,0,-3.2461943e-13,6.486409e-12,1.0997691e-19,9.392971e-33,3.1784083e-25,9.845252e-12
660000,245,359,0,1.2401407e-12,4.6330127e-15,2.7375223e-16,2.6866002e-25,1.6193576e-32,2.3844232e-12
660000,423,72,0,1.9992958e-13,6.182789e-11,3.6139219e-12,4.8703775e-16,5.6280647e-10,1.2692217e-10
660000,153,19,0,-7.2074427e-13,3.792093e-11,2.153165e-13,6.218061e-19,1.8185865e-13,2.3067875e-10
660000,482,99,0,-1.115677e-12,3.515982e-11,6.272541e-11,1.0321976e-11,4.965696e-12,3.058709e-10
660000,229,243,0,-3.0331982e-16,1.7725882e-24,0.0,0.0,0.0,2.3558126e-12
660000,177,56,0,-5.7623616e-13,4.4088858e-11,4.7005004e-12,9.670663e-16,1.1736343e-11,7.215901e-11
660000,325,30,0,-9.505183e-13,9.679434e-11,8.89105e-15,8.105813e-22,2.3399517e-11,1.3794932e-10
660000,171,160,0,-1.6082825e-13,2.1454356e-11,5.196077e-11,3.484697e-13,1.930739e-14,9.7851284e-12
660000,250,18,0,-6.0217234e-13,1.9489512e-11,7.544306e-11,4.4752268e-11,8.6080656e-11,3.3756338e-09
660000,261,398,0,9.136939e-11,1.4151224e-12,4.1283454e-15,8.421342e-24,3.3450277e-22,3.0309013e-09
660000,371,340,0,-3.4811252e-13,2.2476134e-11,1.0733423e-12,2.6151269e-17,2.5553383e-16,3.076147e-09
660000,448,328,0,-5.000097e-13,4.088087e-11,1.1162809e-20,4.4789055e-37,5.2360182e-14,3.0998064e-09
660000,278,57,0,5.878238e-11,4.023891e-11,3.0434742e-13,1.3594675e-18,3.008269e-13,3.0871508e-09
660000,144,406,0,-2.5587806e-13,5.301768e-12,6.3167696e-12,3.701123e-15,5.61666e-18,3.0043827e-09
660000,481,51,0,-1.4171211e-12,7.143549e-11,2.2210608e-11,3.7471328e-14,3.2041214e-12,3.2413399e-09
660000,135,99,0,-1.5901356e-13,1.6444051e-11,8.878093e-12,4.6779038e-15,2.5954269e-17,3.0164578e-09
660000,374,236,0,-3.0237737e-13,5.0615657e-12,2.4215762e-19,4.0064914e-33,3.7911507e-23,3.0075002e-09
660000,465,254,0,5.151945e-13,2.674733e-11,1.5859425e-11,1.1252846e-13,1.9105789e-14,3.074924e-09
660000,178,13,0,-7.285893e-13,2.3892638e-11,3.1885014e-13,6.701741e-19,3.1140676e-10,3.1713907e-09
660000,176,20,0,-5.8950116e-13,1.0033617e-11,2.1273216e-13,1.1595479e-19,4.437279e-19,3.1047496e-09
660000,125,130,0,1.189609e-10,1.2351757e-11,1.9339454e-16,4.3437458e-23,4.1973467e-17,3.1925589e-09
660000,293,270,0,-8.997229e-13,2.4016329e-11,4.1194422e-22,2.5190206e-36,6.872802e-16,2.9887868e-09
660000,376,269,0,-1.7123877e-13,2.1041424e-12,1.1244825e-37,0.0,2.8358634e-26,3.0437144e-09
660000,57,464,0,-1.6704537e-12,7.315572e-11,8.815155e-12,3.556004e-15,2.1323564e-11,3.1536498e-09
660000,39,64,0,-1.0654502e-12,3.4656597e-11,1.9845399e-13,2.5112583e-19,1.3537055e-17,3.1216472e-09
660000,29,33,0,-1.6133236e-12,1.0863537e-10,2.915481e-12,4.632737e-16,1.5024352e-11,3.4162517e-09
660000,244,425,0,2.9391916e-12,1.9999663e-11,4.2077992e-13,8.45776e-19,1.86042e-18,3.1073486e-09
660000,495,16,0,-1.2157836e-12,4.2909155e-11,1.2142899e-10,5.5623357e-11,3.718588e-10,3.2731666e-09
660000,350,477,0,-5.0978563e-13,2.9234427e-11,1.5750347e-11,1.0265888e-13,8.371903e-14,3.0586857e-09
660000,155,235,0,-9.2109744e-14,3.6729083e-12,1.1148698e-13,6.514225e-20,5.064627e-24,3.0559661e-09
660000,410,341,0,-3.3997485e-13,2.1045147e-11,1.0899184e-20,3.5385526e-31,6.381333e-17,3.1126912e-09
660000,153,186,0,-1.7527318e-13,1.9826044e-11,1.0652836e-18,1.0697575e-28,7.134458e-17,3.047076e-09
660000,71,421,0,-8.9774103e-13,4.5627904e-11,1.6756719e-12,8.761654e-17,7.031086e-15,3.1918195e-09
660000,53,436,0,-1.2509321e-12,5.9104686e-11,3.5467032e-11,2.2855356e-13,1.9475886e-14,3.1034573e-09
660000,184,467,0,-7.915685e-13,5.2333787e-11,5.2967446e-11,4.1172807e-12,3.2844775e-12,3.0544094e-09
660000,16,362,0,-9.0047663e-13,3.1666683e-11,5.26258e-11,4.299787e-12,4.7074077e-11,3.227975e-09
660000,239,225,0,-1.3586088e-14,8.1509705e-16,6.108e-42,0.0,2.8e-44,2.9887863e-09
660000,386,75,0,4.2837868e-14,1.8969546e-11,3.279343e-11,1.3531817e-12,1.0543977e-12,3.128914e-09
660000,203,484,0,-7.293926e-13,2.8525403e-11,6.8540604e-11,8.9194694e-13,3.7092937e-12,3.1079503e-09
660000,175,437,0,-5.982473e-13,3.3716287e-11,3.5758996e-11,1.3664087e-12,2.8294882e-12,3.0385234e-09
660000,26,18,0,-1.6276144e-12,1.1211245e-10,4.276204e-11,8.573747e-13,4.05637e-11,3.2045062e-09
660000,134,356,0,-5.6885643e-13,2.2674569e-11,1.5711458e-15,2.0866682e-23,4.8426805e-18,3.125137e-09
660000,428,13,0,-7.300243e-13,1.976294e-11,3.0766074e-11,6.745945e-13,4.7089485e-14,3.2829277e-09
660000,109,196,0,-1.2840866e-13,1.8161051e-12,3.7450327e-24,5.7627877e-37,1.0204364e-26,1.2183048e-10
660000,74,264,0,-1.1163811e-11,2.2893198e-09,7.496971e-12,1.0749629e-14,4.1188084e-09,5.8185852e-11
660000,203,373,0,-1.8903508e-13,4.9856395e-12,7.9448184e-20,5.104133e-32,5.8935177e-25,3.3746513e-11
660000,308,222,0,-9.429496e-15,1.5689857e-18,8.16004e-24,2.5e-43,0.0,1.3415403e-14
660000,99,122,0,6.8880137e-14,3.843525e-11,2.3736002e-13,1.2912178e-18,1.2837152e-14,2.3676913e-10
660000,200,269,0,-1.6950491e-14,9.813635e-15,7.321234e-38,0.0,6e-45,1.1714802e-11
660000,319,314,0,-1.0870836e-13,6.6516795e-13,2.9092743e-27,0.0,1.5179458e-31,7.243809e-13
660000,121,61,0,-8.7274773e-13,7.38237e-11,2.9172318e-12,1.2113863e-16,9.703332e-13,1.02504956e-10
660000,205,272,0,-2.4719208e-14,7.555957e-15,2.5e-44,0.0,4.2548402e-38,1.39932415e-11
660000,396,494,0,-1.0213257e-12,4.2735506e-11,4.6735265e-11,1.9619736e-12,3.7018492e-13,1.964693e-10
660000,215,248,0,-1.6337355e-15,1.5831894e-20,1.7117901e-37,0.0,0.0,1.0379525e-10
660000,314,269,0,-1.8147343e-13,8.872163e-13,1.3860026e-10,2.6999728e-12,4.4645345e-13,8.5753934e-14
660000,437,81,0,-2.7122597e-13,4.2703438e-11,1.2088238e-13,5.168097e-19,8.476492e-15,3.8391745e-10
660000,202,133,0,-3.83559e-13,1.9776642e-11,1.4882857e-20,2.9864246e-35,6.1276396e-14,1.9811256e-12
660000,333,437,0,-3.7582516e-13,1.7112685e-11,9.889749e-13,2.4028196e-17,2.6622706e-16,2.3077518e-10
660000,247,75,0,-7.3672825e-14,6.475806e-11,1.1484941e-12,3.5614076e-17,2.7406558e-10,3.1090095e-09
660000,161,185,0,-1.3305082e-13,5.8715733e-13,4.124364e-20,3.211712e-33,8.1657e-30,3.0863705e-09
660000,440,397,0,-1.1487892e-12,6.0620814e-11,8.121254e-15,2.6973148e-21,8.975675e-11,3.3914869e-09
660000,97,1,0,-1.591458e-12,8.218932e-11,6.4985926e-14,5.171274e-21,3.7475786e-11,3.0468565e-09
660000,451,130,0,-1.1289045e-12,7.716687e-11,1.6923057e-12,1.8214657e-16,3.136269e-10,3.051844e-09
660000,473,203,0,3.1417262e-13,6.4474e-11,5.0330382e-12,1.7425159e-15,3.1336368e-11,3.136094e-09
660000,258,1,0,-5.7579413e-13,2.3319766e-11,4.771111e-12,4.0703006e-16,1.402255e-17,3.2689857e-09
660000,408,491,0,-1.0348834e-12,6.118416e-11,2.8995337e-09,6.898337e-10,1.1435751e-09,3.1999694e-09
660000,248,342,0,-2.2135275e-13,1.1665001e-11,3.802458e-24,8.3e-44,9.25987e-18,3.0596665e-09
660000,62,141,0,-8.8125725e-13,4.0550136e-11,1.7835557e-12,1.2961019e-17,1.0788659e-14,3.2156091e-09
660000,70,288,0,-2.1453408e-13,1.2601016e-11,4.6923302e-11,4.7153167e-12,8.42312e-13,3.151926e-09
660000,423,268,0,-4.0772363e-13,3.6714888e-11,4.530846e-15,9.848495e-24,1.4095265e-13,3.045533e-09
660000,85,111,0,-6.3427426e-13,5.0865923e-11,1.1516306e-13,1.8259861e-19,3.0533492e-10,3.1952159e-09
660000,455,33,0,-1.1854723e-12,3.0814577e-11,2.9306554e-11,8.5026837e-13,4.7988496e-14,3.2977512e-09
660000,78,157,0,-4.241595e-13,8.090253e-12,8.614599e-19,2.7228863e-32,4.711549e-19,3.0966336e-09
660000,264,186,0,-1.4406496e-14,7.760217e-17,2.4796075e-13,2.1181398e-19,1.6904218e-24,2.9889118e-09
660000,389,0,0,-6.684974e-13,2.0552563e-11,3.050451e-16,1.8718645e-26,1.472536e-15,3.3940357e-09
660000,284,472,0,-4.6178854e-13,2.7490416e-11,8.64724e-16,2.5175298e-22,1.7164812e-17,3.0841343e-09
660000,49,84,0,-4.612271e-13,8.697798e-12,2.3807907e-14,6.9664466e-22,3.540319e-20,3.2556138e-09
660000,461,159,0,2.0584607e-13,4.8926765e-11,4.8592708e-14,2.2100957e-20,1.928017e-11,3.0792484e-09
660000,310,246,0,-1.3222885e-13,1.5042712e-11,5.894373e-17,3.3710486e-28,4.8854313e-17,3.697076e-11
660000,10,440,0,-1.2598525e-12,4.489296e-11,7.0802114e-11,2.0694971e-12,3.46456e-13,3.2397207e-09
660000,150,440,0,-2.6772036e-13,6.7723557e-12,9.4604186e-11,1.871039e-11,8.190631e-12,3.149437e-09
660000,28,219,0,-4.3910464e-13,2.720323e-11,4.0806707e-14,6.1504736e-21,2.1713749e-13,3.1037195e-09
660000,364,73,0,-6.4613397e-13,2.5531705e-11,1.3750018e-11,3.3550863e-14,3.4171151e-16,3.0968108e-09
660000,323,422,0,-1.6874963e-13,9.068652e-13,2.959377e-17,4.4537134e-25,1.5816606e-29,3.1585392e-09
660000,90,445,0,-1.1735578e-12,5.894886e-11,3.7704033e-15,6.700959e-24,9.580275e-11,3.0427956e-09
660000,29,455,0,-2.193623e-12,3.282901e-10,1.0899431e-13,2.6675287e-20,7.525013e-11,3.1202236e-09
660000,25,52,0,-1.4004424e-12,5.890892e-11,7.4425297e-13,7.050933e-18,6.172721e-15,3.2210221e-09
660000,442,410,0,-1.1829003e-12,5.9141254e-11,2.9340905e-11,2.2990705e-13,7.967933e-13,3.078562e-09
660000,19,385,0,-1.0914262e-12,6.694055e-11,6.447366e-11,2.9751466e-12,1.4653856e-12,3.285078e-09
660000,326,487,0,-3.3996794e-13,2.0025058e-11,4.3985583e-11,5.1336344e-12,1.0598649e-12,3.129287e-09
660000,471,325,0,-6.5060376e-13,3.5110945e-11,1.96087e-16,8.393176e-27,1.9395577e-13,3.2175118e-09
660000,165,37,0,-5.2251514e-13,3.563193e-11,8.815551e-16,7.3184465e-25,1.6709321e-11,3.1336367e-09
660000,412,337,0,-3.321319e-13,2.455964e-11,1.2048717e-19,7.705004e-34,6.6437375e-14,3.0561216e-09
660000,456,325,0,-5.5978095e-13,2.8154585e-11,6.0289333e-16,3.8434144e-25,8.2250095e-17,3.1159793e-09
660000,252,79,0,9.14336e-13,4.490101e-11,2.14055e-11,7.145664e-14,6.866333e-14,2.3238121e-10
660000,203,410,0,-1.8468415e-13,6.4646396e-12,4.475809e-13,5.1551228e-18,1.2785582e-19,3.0579572e-09
660000,185,484,0,-7.667711e-13,2.8754112e-11,2.0038413e-12,6.57851e-17,1.07258326e-19,3.075257e-09
660000,381,21,0,-7.752619e-13,2.6506524e-11,1.2777335e-15,1.330014e-23,4.8423137e-16,5.115497e-09
660000,54,190,0,-3.9009881e-13,4.344232e-12,2.1495889e-12,7.528935e-17,9.97327e-21,3.1579257e-09
660000,20,8,0,-1.0441326e-12,1.2343707e-10,1.2128427e-11,3.0964025e-14,1.4971622e-12,4.225894e-10
660000,30,57,0,-1.3955651e-12,1.03273785e-10,7.670865e-17,1.8732517e-28,7.873212e-14,3.1736003e-09
660000,10,249,0,-5.93994e-13,6.6535236e-11,2.2896277e-11,2.1623914e-13,7.3289694e-11,3.0566971e-09
660000,24,7,0,-9.721294e-13,1.4666317e-10,2.3564716e-11,2.2752777e-13,5.1147675e-10,3.2518503e-09
660000,132,97,0,-3.131724e-13,3.9533647e-11,1.0152788e-12,9.4176505e-17,1.3631955e-12,3.4437548e-09
660000,92,96,0,-5.033667e-13,2.2726784e-11,2.594888e-15,2.010982e-24,1.6161428e-14,3.2263907e-09
660000,478,20,0,-1.2669672e-12,3.7415907e-11,1.14723404e-11,1.8630302e-14,3.516289e-12,3.156814e-09
660000,132,96,0,-3.5556548e-13,4.2318978e-11,1.825609e-13,3.2767865e-18,2.6302105e-11,3.6228922e-09
660000,438,280,0,-3.9490617e-13,9.798733e-12,2.6828803e-15,5.4473666e-23,1.2729396e-19,3.2054428e-09
660000,98,116,0,-3.2301237e-13,2.9571394e-11,1.0736523e-12,2.7677453e-17,2.4295014e-13,3.1425682e-09
660000,343,481,0,-4.5652046e-13,9.486006e-12,1.5987015e-14,9.627077e-23,6.3946894e-21,3.0946803e-09
660000,99,455,0,-1.1795856e-12,2.1190215e-11,2.8922051e-12,7.4876225e-16,1.0363154e-18,3.9708122e-11
660000,36,351,0,-6.29499e-13,5.091591e-11,7.744071e-12,6.228434e-15,2.570416e-10,3.3337808e-09
660000,402,411,0,1.2844023e-11,2.9358134e-11,7.0938875e-12,8.251999e-15,1.4599579e-13,3.0812124e-09
660000,55,420,0,-1.0340635e-12,7.168538e-11,2.9620692e-12,2.4233398e-16,2.7119214e-12,3.0659377e-09
660000,2,82,0,-1.1579799e-12,6.7538655e-11,9.287509e-12,1.1299351e-15,3.3416197e-11,3.3693472e-09
660000,359,445,0,2.1433042e-12,2.6287025e-11,3.3569278e-12,3.661811e-16,2.6506438e-12,3.0623353e-09
660000,437,423,0,-1.2916669e-12,4.3254372e-11,4.60384e-11,5.134167e-12,1.166701e-12,3.2583205e-09
660000,327,440,0,-3.765689e-13,1.1481442e-11,1.7250833e-11,2.6219066e-13,1.421135e-14,3.0801746e-09
660000,36,494,0,-1.8649516e-12,9.385606e-11,6.0495398e-12,2.1706168e-15,4.0708357e-15,3.24667e-09
660000,231,80,0,-5.151011e-13,9.020212e-12,9.296606e-13,1.17263076e-17,4.7214596e-19,8.541456e-11
660000,126,109,0,1.9956838e-12,3.8136005e-11,1.5464759e-17,4.368604e-27,2.3512281e-15,3.0184129e-09
660000,149,395,0,-3.2065125e-13,2.6169046e-11,3.872799e-11,8.1412215e-13,3.445184e-14,3.1305294e-09
660000,47,482,0,-1.8980037e-12,1.447158e-10,4.8561025e-12,7.8162374e-16,2.462775e-09,3.2294365e-09
660000,26,10,0,-1.2305828e-12,1.2496221e-10,7.7043415e-12,6.700495e-16,4.358799e-13,3.323659e-09
660000,152,59,0,-6.7869007e-13,3.8039173e-11,1.6482456e-12,3.605721e-16,1.1908335e-14,3.0771545e-09
660000,363,227,0,-4.845308e-13,1.8916053e-11,3.5266576e-09,7.291889e-10,1.1576605e-09,6.543684e-12
660000,168,458,0,-4.589285e-13,1.8174708e-11,2.2006795e-12,2.883219e-16,1.4132651e-14,3.0578309e-09
660000,21,102,0,-1.1767034e-12,5.9334024e-11,3.803865e-12,3.732213e-16,7.0635154e-13,3.2435572e-09
660000,105,480,0,-1.2012247e-12,5.884849e-11,4.446094e-13,1.071087e-18,4.524463e-16,3.0782237e-09
660000,459,99,0,-1.1599248e-12,3.4992464e-11,2.0576756e-11,1.1707005e-13,3.2172207e-10,3.0545377e-09
660000,99,150,0,8.87334e-13,4.3081143e-11,3.014292e-21,8.971433e-34,3.2589672e-16,3.0085905e-09
660000,220,2,0,-7.147203e-13,1.668192e-11,4.3019626e-15,1.5686351e-23,8.137858e-17,3.0901857e-09
660000,470,254,0,-9.088298e-14,3.266992e-11,9.563372e-13,7.804436e-18,2.8872176e-12,3.1334568e-09
660000,242,395,0,4.6830595e-10,2.2966603e-12,3.7165038e-13,7.118334e-19,8.1389815e-23,3.1267033e-09
660000,445,452,0,-1.5241597e-12,1.1910954e-10,1.9668833e-11,3.2913637e-14,1.3820074e-11,3.3531333e-09
660000,371,401,0,8.8503704e-11,9.114047e-13,1.1936896e-10,1.5490291e-11,4.9909725e-12,3.0171845e-09
660000,48,373,0,4.2877228e-13,3.5942395e-11,3.0744255e-12,1.1675092e-16,1.0312158e-11,3.1295586e-09
660000,130,132,0,2.2829519e-10,1.5166727e-11,2.81385e-21,3.1225454e-30,4.2092293e-18,3.1557938e-09
660000,322,110,0,-4.800848e-13,2.6192867e-11,6.763977e-14,2.7110098e-20,6.1276396e-14,3.0016583e-09
660000,232,363,0,1.4409701e-12,2.5262363e-13,3.1136044e-12,1.5353732e-15,5.7028495e-18,2.9907858e-09
660000,498,123,0,-1.1084002e-12,5.894086e-11,1.5572932e-15,2.7588692e-25,2.5299487e-16,3.0770517e-09
660000,372,475,0,-5.310329e-13,1.4753481e-11,2.4734214e-14,5.456706e-21,8.629523e-19,3.2520502e-09
660000,65,83,0,-5.5154254e-13,2.7262605e-11,1.4592466e-11,6.943513e-14,2.0967248e-15,3.2334386e-09
660000,431,218,0,5.573995e-10,1.744568e-11,2.1776279e-11,2.2734517e-13,4.200715e-15,3.167003e-09
660000,448,406,0,-1.1909903e-12,5.88008e-11,1.5109052e-12,1.2104878e-16,2.263099e-16,3.8790477e-09
660000,57,438,0,-1.3326123e-12,1.0635377e-10,6.8671686e-11,3.2058982e-12,3.102394e-10,3.1494902e-09
660000,286,393,0,1.2509465e-13,9.876176e-12,6.304056e-14,1.1916736e-20,1.233615e-18,3.0325744e-09
660000,216,17,0,-8.8458174e-13,4.6131307e-11,4.3481325e-16,2.006973e-26,3.8203176e-16,8.652179e-11
660000,380,300,0,-2.8447446e-13,1.7331385e-11,9.1474667e-29,0.0,1.9541668e-15,1.0900132e-11
660000,43,418,0,-1.1893757e-11,2.3352529e-09,1.385865e-12,2.0204037e-17,4.1243777e-09,4.6029836e-11
660000,423,98,0,7.465897e-11,6.21939e-11,3.3689956e-15,1.509906e-23,2.9394787e-10,2.9407168e-10
660000,189,383,0,-2.8934098e-13,8.146582e-12,1.204608e-19,7.704968e-34,3.4046432e-23,1.29019e-11
660000,231,229,0,-6.600299e-15,4.918277e-18,0.0,0.0,0.0,1.0587894e-17
660000,197,254,0,-4.3800374e-15,2.47466e-19,5.3355054e-27,0.0,0.0,4.6121957e-11
660000,76,225,0,-1.05979814e-13,1.4403409e-12,6.3228723e-12,1.8928186e-15,1.997381e-18,5.6023845e-11
660000,108,104,0,-1.1404623e-11,2.2807247e-09,2.3966292e-14,8.708414e-21,4.1188084e-09,3.8841937e-11
660000,338,417,0,2.4683803e-13,2.7240634e-12,6.7916065e-24,2.0225e-41,2.1365255e-26,1.2846076e-10
660000,315,182,0,-2.338837e-13,4.063281e-11,4.2899416e-24,7.763e-42,1.5125509e-12,8.2804076e-11
660000,176,421,0,-3.471496e-13,1.8138336e-11,2.5758918e-12,5.2605384e-16,7.4130974e-13,1.3936714e-10
660000,401,245,0,6.904158e-13,3.2389928e-11,1.83557e-12,8.130018e-17,6.0585114e-13,5.6530853e-11
660000,364,2,0,-5.928068e-13,2.2204778e-11,1.1366216e-11,1.2624979e-14,1.451163e-13,3.6795386e-10
660000,139,326,0,-4.1195224e-13,1.9802828e-11,9.189418e-22,2.7840653e-38,7.11846e-14,5.672451e-12
660000,340,389,0,1.1380899e-11,2.868783e-11,2.1084471e-16,4.7524282e-27,7.225769e-15,1.7713175e-10
660000,147,71,0,-5.793969e-13,1.7688143e-11,2.789885e-15,3.9026653e-24,1.20970855e-17,1.6379692e-10
660000,88,363,0,1.0787941e-10,2.4164438e-11,4.530787e-15,9.848408e-24,2.5364513e-12,6.9598736e-11
660000,189,75,0,-3.9191835e-13,2.957916e-12,5.293715e-18,3.1116155e-30,6.0527764e-27,9.4991806e-11
660000,112,394,0,1.4230573e-12,2.5199164e-11,1.7777141e-13,1.2905201e-19,9.300466e-13,1.11225446e-10
660000,302,169,0,-1.235123e-13,2.3053877e-14,5.30394e-32,0.0,3.921616e-39,1.107317e-11
660000,365,155,0,-5.6420043e-13,3.3205452e-11,1.0232332e-13,2.1773738e-19,8.339116e-16,4.2355827e-11
660000,308,119,0,-3.1737221e-13,2.3394682e-12,7.831428e-17,1.0540173e-24,7.5786815e-27,2.3380742e-11
660000,136,188,0,-8.075932e-14,1.5997034e-11,2.6687385e-16,1.6811356e-26,2.1706887e-09,1.3304024e-11
660000,16,439,0,-1.3165299e-12,8.954858e-11,8.344596e-11,4.8374214e-11,8.2257354e-11,3.5752712e-09
660000,93,239,0,-4.021697e-13,6.802922e-12,1.640101e-17,3.593262e-28,3.390103e-22,3.04896e-09
660000,199,461,0,-7.430254e-13,5.956863e-11,7.6987e-12,4.875461e-15,2.1638349e-11,8.205438e-11
660000,375,215,0,-4.460269e-13,4.7659876e-11,3.462259e-09,7.191878e-10,1.1563149e-09,2.8948562e-11
660000,462,118,0,-1.0906782e-12,5.3923543e-11,8.4624365e-12,9.837609e-15,2.36839e-16,1.5551033e-10
660000,196,24,0,-8.7680986e-13,2.4652618e-11,7.9731463e-13,6.5825155e-18,3.6616283e-18,2.2973395e-10
660000,18,460,0,-1.7528517e-12,1.3707131e-10,5.120521e-11,4.792257e-12,2.685259e-10,3.244444e-09
660000,167,14,0,-5.409417e-13,8.092783e-12,5.7175625e-11,5.278732e-12,1.099081e-12,3.0673817e-09
660000,91,492,0,-9.520464e-13,2.899159e-11,7.867524e-11,7.696073e-13,5.9059576e-14,1.3032891e-10
660000,0,90,0,-1.2191461e-12,3.846717e-11,6.82977e-11,1.7669634e-12,1.7928341e-13,8.422353e-11
660000,384,24,0,-7.8869664e-13,3.0077617e-11,1.6927012e-14,4.295124e-22,2.2612978e-09,3.065158e-09
660000,364,411,0,6.4177524e-11,1.3810835e-11,6.266801e-14,1.6051745e-20,7.801797e-18,3.9271336e-11
660000,304,50,0,5.2838957e-12,2.8743154e-11,1.2989525e-11,7.62131e-15,3.4294818e-16,1.12044284e-10
660000,20,469,0,-1.6505615e-12,5.2413136e-11,9.445099e-12,4.2711056e-15,1.5056017e-13,3.2417147e-09
660000,391,12,0,-7.2669485e-13,5.2800635e-11,1.5472562e-11,7.1266865e-14,7.7453106e-14,3.2671392e-09
660000,474,408,0,-1.2499731e-12,1.0059796e-10,2.2439023e-11,1.3124892e-13,2.9450005e-09,3.3809313e-09
660000,328,491,0,-3.2920094e-13,4.3175435e-11,3.023606e-11,1.9154756e-12,2.276844e-09,3.264033e-09
660000,441,156,0,7.940962e-12,6.3270056e-11,3.0320056e-12,8.8233913e-16,8.545063e-16,3.121244e-09
660000,232,21,0,-7.0833237e-13,2.7589361e-11,1.3995422e-14,3.731634e-22,1.3191365e-14,1.7906089e-10
660000,59,266,0,-7.048263e-14,3.6149e-14,7.892778e-12,1.5377922e-15,1.4603351e-18,1.4589506e-10
660000,51,380,0,1.4707406e-12,3.5911364e-11,8.878608e-11,1.8529137e-11,8.001458e-12,1.2055842e-10
660000,421,52,0,-7.9914634e-13,3.4845658e-11,7.712e-14,1.3047589e-20,1.7745326e-15,1.4795563e-10
660000,495,40,0,-1.7303181e-12,1.09576924e-10,1.4702192e-10,1.1928999e-11,3.1578579e-12,3.1498768e-09
660000,217,373,0,7.975435e-13,1.8583224e-13,1.5480901e-14,3.046883e-22,1.676664e-28,3.1536291e-09
660000,243,473,0,-4.2767873e-13,2.4499994e-11,8.476067e-14,2.7886492e-19,1.0236611e-18,2.0070164e-10
660000,377,496,0,-8.085853e-13,4.5389695e-11,5.466094e-11,1.0781891e-11,6.8340433e-12,1.0895461e-10
660000,448,313,0,-4.7702575e-13,1.1247981e-11,9.0260786e-14,4.3990893e-20,1.03611526e-19,2.2854892e-10
660000,275,482,0,-5.398004e-13,2.4562965e-11,9.1556374e-14,1.6247459e-20,3.4929584e-17,3.0953157e-10
660000,124,476,0,-9.172515e-13,5.864823e-11,1.1782243e-12,8.370412e-18,2.7704997e-10,3.2191412e-09
660000,326,40,0,-8.337651e-13,3.7109933e-11,5.3102887e-11,4.719847e-12,1.2986304e-12,2.3787405e-10
660000,448,417,0,-1.1281041e-12,2.5746795e-11,8.7795375e-11,4.957554e-11,8.078199e-11,2.6606414e-10
660000,17,429,0,-9.673262e-13,4.9435282e-11,3.7825933e-11,3.3028409e-13,1.5060503e-13,3.2793364e-09
660000,58,218,0,-2.0074204e-13,3.3359541e-12,2.4282787e-15,4.6162824e-23,1.8658399e-26,3.2137645e-10
660000,464,46,0,-1.15906e-12,7.419987e-11,5.256298e-13,1.2000915e-17,5.654567e-11,3.6693615e-10
660000,63,204,0,-3.0916505e-13,1.1006962e-11,9.740281e-15,8.7146455e-23,1.0077367e-19,2.3479568e-10
660000,84,22,0,-1.3513938e-12,9.53576e-11,1.2641194e-10,1.2871561e-10,7.5225054e-10,1.4195839e-10
660000,48,197,0,-5.152285e-13,5.4961022e-11,3.4804236e-11,3.6987544e-13,6.4163095e-13,1.209941e-10
660000,451,488,0,-7.848566e-13,4.649768e-11,2.9233793e-13,1.8105332e-19,4.1343855e-11,1.4124472e-10
660000,48,74,0,-5.2989877e-13,1.4935725e-11,4.066656e-13,1.6714091e-18,1.6417729e-15,2.9458444e-10
660000,386,19,0,-7.6180284e-13,5.1539134e-11,5.1397576e-14,6.6556694e-19,1.5116574e-13,3.0646874e-09
660000,474,91,0,-1.3547728e-12,9.594286e-11,1.737688e-11,1.6343086e-13,3.518145e-12,1.3687354e-10
660000,390,469,0,-6.7656953e-13,3.1899414e-11,1.5435118e-11,1.7769264e-14,2.7841637e-16,3.146477e-09
660000,233,13,0,-6.5756303e-13,3.6918888e-11,1.0284966e-15,6.9186553e-25,2.925218e-11,3.4933783e-09
660000,450,188,0,3.8635983e-11,7.347853e-11,1.9839443e-15,4.0358196e-23,6.481345e-15,3.354218e-09
660000,152,13,0,-7.432221e-13,4.657635e-11,5.1187363e-11,4.2997676e-12,1.4937019e-12,3.068746e-09
660000,467,112,0,-1.0633434e-12,8.634465e-11,7.681555e-11,1.0496683e-10,9.050206e-10,1.7737102e-10
660000,495,8,0,-1.119684e-12,4.3308964e-11,8.644788e-11,1.1938729e-11,6.5155516e-12,3.2745349e-09
660000,22,458,0,-1.825328e-12,8.445139e-11,3.5021956e-09,7.209546e-10,1.1535635e-09,3.323688e-10
660000,427,414,0,-1.3011846e-12,6.5852886e-11,7.4016834e-11,4.5343163e-11,8.955444e-11,1.2071977e-10
660000,423,9,0,-7.203188e-13,3.542757e-11,1.7975944e-11,7.980944e-14,1.0978999e-14,2.1484475e-10
660000,350,380,0,7.3272347e-11,1.2628077e-11,7.1500726e-13,4.487844e-17,5.8948287e-19,5.793105e-11
660000,417,452,0,-1.0261254e-12,5.129274e-11,7.956451e-14,2.4447196e-19,1.3161203e-16,3.1979148e-09
660000,60,107,0,-6.765841e-13,3.0571237e-11,7.97714e-12,1.4449145e-14,2.4294707e-15,3.109257e-09
660000,355,109,0,-2.3121522e-13,1.067559e-11,2.8020936e-12,6.8770907e-16,2.265684e-16,4.834805e-11
660000,462,189,0,2.651523e-12,2.8095836e-11,1.8439623e-12,3.5390734e-17,2.2215698e-19,3.1333647e-09
660000,34,467,0,-1.7180036e-12,9.252968e-11,9.27833e-12,6.1703318e-15,3.6871051e-13,3.1364051e-09
660000,25,251,0,-3.4617258e-13,3.9658784e-12,1.1278471e-15,2.8493897e-25,7.2155766e-25,4.1630097e-10
660000,306,166,0,-1.9364696e-13,6.522215e-13,5.157064e-35,0.0,6.577892e-30,3.0225416e-09
660000,315,499,0,-2.868159e-13,5.4043024e-12,1.10956525e-16,4.510426e-27,5.933411e-25,1.6564607e-10
660000,484,363,0,-8.6338244e-13,2.9661766e-11,7.677694e-15,5.622737e-22,2.5110978e-17,3.160494e-09
660000,259,475,0,-3.509112e-13,7.984807e-12,6.0050014e-11,4.1763728e-11,8.871915e-11,3.1634981e-09
660000,108,456,0,-1.0723892e-12,6.606779e-11,2.4120672e-10,2.5734215e-10,8.601938e-10,3.075835e-09
660000,117,451,0,-8.180742e-13,5.6321392e-11,2.7700854e-12,1.7316079e-16,1.8244423e-11,1.00450634e-10
660000,40,412,0,-7.900442e-13,4.8572465e-11,5.503472e-12,1.9000776e-15,2.104818e-12,3.0597722e-09
660000,148,22,0,-8.375754e-13,6.4673156e-11,3.3035456e-13,1.6527034e-17,2.9115363e-10,2.0833556e-10
660000,483,434,0,-1.4741185e-12,1.3572923e-10,4.640728e-11,4.8646226e-12,1.1711834e-11,3.2689995e-09
660000,469,392,0,-1.2122411e-12,6.043046e-11,4.3644892e-13,1.0710614e-18,2.4331804e-12,3.231641e-09
660000,450,303,0,-4.6477356e-13,1.3110944e-11,7.4183774e-13,5.1431485e-18,4.358976e-22,1.1362425e-10
660000,182,498,0,-7.122775e-13,3.4030244e-11,4.3988492e-17,9.198321e-28,3.6600114e-16,3.1330905e-09
660000,486,67,0,-1.4512053e-12,5.3898993e-11,8.092481e-15,2.001757e-23,1.401921e-13,3.220903e-09
660000,424,144,0,-3.3929904e-13,6.618164e-11,4.232326e-18,1.3297678e-30,9.155752e-14,8.839464e-11
660000,487,426,0,-1.3424165e-12,1.1893103e-10,1.1128981e-11,1.4953293e-14,5.556882e-10,3.1281147e-09
660000,16,470,0,-1.7810002e-12,8.0842236e-11,6.4176206e-11,1.0694785e-11,9.149293e-12,3.2205298e-09
660000,134,398,0,-3.0385842e-13,2.4785306e-11,3.3616545e-12,1.1986437e-15,9.703294e-13,3.0356402e-09
660000,3,442,0,-1.4734914e-12,4.5982895e-11,3.6360286e-11,7.227781e-14,5.11179e-16,3.2463505e-09
660000,102,411,0,-4.0000276e-13,2.6060062e-11,5.008099e-12,1.6719181e-15,2.686372e-18,1.9206581e-10
660000,453,126,0,-1.1459555e-12,6.0011315e-11,2.4482652e-14,2.4391755e-21,1.1395507e-12,1.4732486e-10
660000,119,439,0,-5.9928684e-13,1.0724759e-11,4.681046e-14,4.1164506e-21,2.3382232e-19,3.4566865e-09
660000,278,47,0,9.0241755e-12,1.8855714e-11,1.1897963e-16,6.980308e-27,1.6465761e-17,6.593863e-11
660000,499,199,0,-2.0982098e-13,9.74215e-14,2.619231e-14,4.8011594e-21,2.946946e-26,3.5792669e-09
660000,237,77,0,-5.17658e-13,1.799389e-11,2.51198e-12,8.794646e-16,2.9092747e-16,1.2162055e-10
660000,37,327,0,-4.7519687e-13,1.3742865e-11,4.7748607e-11,4.636996e-12,8.084847e-13,2.9305192e-10
660000,52,123,0,-1.0033173e-12,4.1081097e-11,2.9697722e-12,7.4883546e-16,3.985557e-16,2.4504496e-10
660000,87,108,0,-6.0915574e-13,4.16987e-11,1.4195113e-13,2.8803166e-19,4.0792059e-16,3.1792986e-09
660000,16,162,0,-6.831958e-13,3.188587e-11,8.427837e-11,4.9574827e-11,8.0782e-11,1.0447272e-10
660000,8,496,0,-2.6237224e-12,1.6057769e-10,8.125212e-11,4.837201e-11,9.968012e-11,2.3392593e-10
660000,218,452,0,-4.365518e-13,8.976549e-12,1.9195808e-15,4.4993727e-24,3.7014427e-22,1.9485047e-10
660000,95,88,0,-4.873588e-13,1.0757284e-11,2.5281258e-13,1.3997492e-19,2.6600985e-16,4.0392367e-10
660000,268,9,0,-4.1686568e-13,2.1389591e-11,1.6235296e-10,4.3828595e-12,7.9119746e-13,1.4893121e-10
