mcsteps,xCOM,yCOM,zCOM,il8,il1,il6,il10,tnf,tgf
920000,84,376,0,2.1043893e-09,4.4380864e-11,1.5250628e-14,3.762945e-23,2.8662944e-16,2.030228e-10
920000,432,181,0,2.1067377e-09,3.0217658e-11,2.1837844e-12,6.14151e-16,3.2336755e-13,1.06344475e-10
920000,409,105,0,2.1044688e-09,2.4578901e-11,1.6429633e-17,5.1250043e-29,3.3764974e-10,1.0832821e-10
920000,247,394,0,2.1046822e-09,5.3661513e-11,7.698511e-14,9.131794e-21,2.2889374e-10,1.3844198e-10
920000,132,141,0,2.104794e-09,2.5151782e-11,9.154257e-22,7.373592e-37,1.6150482e-15,2.5968855e-10
920000,286,72,0,2.104631e-09,2.7125401e-11,3.69122e-13,1.7269976e-19,4.3124284e-14,1.8393514e-10
920000,365,385,0,2.107256e-09,9.88011e-12,3.5575647e-13,4.9653344e-18,3.518075e-18,1.4016356e-10
920000,379,420,0,2.1071835e-09,2.4636484e-11,6.174318e-13,1.4894729e-18,3.8718405e-14,1.4309849e-10
920000,426,219,0,2.1729805e-09,7.1714826e-12,4.0231278e-12,7.6700416e-16,2.2208674e-18,1.715924e-10
920000,444,225,0,2.1713091e-09,1.9823665e-11,4.3977708e-12,3.584311e-15,3.682804e-17,1.9346416e-10
920000,116,470,0,-9.355894e-13,4.977301e-11,1.368124e-11,2.2934638e-14,2.329814e-15,2.8679986e-10
920000,437,99,0,1.2498866e-11,6.238333e-11,4.153275e-11,1.05285615e-11,1.1477461e-11,3.4470196e-10
920000,197,232,0,-8.430365e-14,1.7005538e-11,1.1233698e-12,6.730098e-17,3.9016074e-15,1.7752043e-10
920000,403,46,0,-7.367212e-13,2.1065278e-11,1.4459074e-12,2.1411423e-17,2.1961935e-18,4.092594e-10
920000,480,249,0,2.5947145e-13,3.6965226e-11,2.4093542e-13,2.2717993e-19,1.7941383e-10,1.5630289e-10
920000,300,301,0,-1.9851351e-13,6.2256272e-12,6.3698635e-19,4.4752663e-32,8.292156e-21,2.8194695e-12
920000,5,28,0,-4.977352e-13,2.9178687e-11,1.7557239e-13,7.1747496e-19,4.1536453e-18,2.4954086e-10
920000,431,333,0,-3.9615587e-13,1.29374e-11,5.9129286e-17,2.8689387e-29,2.5142287e-19,1.7959836e-10
920000,247,489,0,-4.1335438e-13,1.0052667e-11,4.7070664e-13,1.0526022e-18,1.782581e-20,1.644709e-10
920000,310,160,0,-2.73121e-13,6.1301277e-12,3.5437435e-31,0.0,1.4955839e-21,3.5510057e-11
920000,458,14,0,-1.0795166e-12,5.684895e-11,5.8229935e-13,4.5708462e-18,3.0139793e-11,3.6875109e-10
920000,331,403,0,1.9187258e-12,1.6080347e-11,1.1327552e-17,1.222733e-29,4.919923e-18,2.3427776e-10
920000,146,450,0,-3.731788e-13,1.6255141e-11,5.149965e-13,1.9451222e-18,1.1220372e-15,2.881903e-10
920000,212,230,0,-3.80052e-14,1.034393e-13,1.3689959e-22,1.4763035e-37,6.15442e-40,2.6745888e-12
920000,176,230,0,-2.669526e-14,1.9577462e-15,1.1400146e-16,7.461289e-26,4.634428e-33,6.486693e-11
920000,451,229,0,3.4853473e-10,2.8915247e-11,8.281996e-12,3.0481328e-14,2.1076762e-12,1.3875827e-10
920000,118,337,0,-5.1658547e-13,2.6038532e-11,6.732275e-13,6.685864e-18,1.3060703e-16,6.27477e-11
920000,287,43,0,1.2053335e-11,4.7659984e-11,5.1795228e-14,1.9125251e-20,4.2739573e-10,2.902699e-10
920000,255,47,0,9.0550267e-13,3.638268e-11,8.067369e-15,2.2000195e-23,6.363811e-11,2.06747e-10
920000,326,340,0,-1.123925e-13,3.4021367e-13,1.7715552e-29,0.0,1.2857525e-32,9.418483e-11
920000,186,169,0,-1.6549502e-13,2.6997573e-12,6.016577e-15,4.237991e-22,1.8925212e-26,1.8011015e-11
920000,245,124,0,-4.56822e-13,6.8675287e-12,2.6668343e-26,0.0,2.9735654e-22,5.8406e-11
920000,69,211,0,-2.0258225e-13,5.323805e-12,3.1210036e-13,2.489984e-18,3.549881e-20,2.7653518e-10
920000,229,352,0,3.4072493e-13,2.8838815e-12,5.275422e-12,2.456588e-15,1.776715e-18,5.945289e-11
920000,332,34,0,-7.5931985e-13,6.3580564e-11,5.957639e-14,1.7295262e-21,1.0826744e-11,5.785632e-10
920000,440,158,0,2.7196603e-11,5.4224354e-11,8.202347e-12,3.539332e-14,1.909777e-13,4.0154594e-10
920000,223,472,0,-5.2416735e-13,2.477974e-11,4.0307526e-14,1.0163619e-20,1.4487457e-10,2.8853386e-10
920000,257,131,0,-3.1173198e-13,3.4668223e-11,1.4671034e-22,5.5012e-41,2.0235884e-09,7.025286e-11
920000,14,108,0,-1.0585859e-12,5.691634e-11,2.678724e-11,4.3518097e-13,3.1030064e-12,3.7322098e-10
920000,298,275,0,-3.1831682e-13,1.0082712e-11,1.4183285e-18,1.6807433e-31,9.563711e-23,4.646148e-12
920000,434,435,0,-1.2923317e-12,5.7604182e-11,5.44565e-12,2.8683657e-15,3.4210323e-10,4.892613e-10
920000,296,278,0,-3.1407155e-13,6.7553086e-12,1.1566317e-21,4.6252308e-38,1.3570536e-23,2.512782e-12
920000,45,422,0,-1.02102e-12,6.765751e-11,4.9728355e-12,2.7575287e-15,9.459803e-12,3.3998973e-10
920000,488,318,0,-1.0571678e-12,1.694137e-10,1.4575539e-11,1.658231e-14,3.3799258e-10,1.9959338e-10
920000,110,364,0,1.2923668e-11,3.6106715e-11,8.934241e-19,2.0869098e-32,5.7075906e-14,3.4839378e-11
920000,240,409,0,9.489028e-11,6.430089e-11,1.471318e-13,6.3604625e-20,2.1657306e-13,1.12032376e-10
920000,398,42,0,-7.5417136e-13,3.104587e-11,1.4550425e-15,2.390859e-25,9.075683e-16,2.8271543e-10
920000,479,411,0,-1.1178644e-12,5.1663666e-11,2.1133973e-12,1.8249746e-16,1.3366791e-14,5.795365e-10
920000,271,178,0,-3.246015e-14,3.4280928e-13,4.2926238e-19,2.9402927e-34,7.5616e-31,2.0214341e-13
920000,4,379,0,-1.0944692e-12,5.7524405e-11,1.64418e-13,4.1514445e-19,4.8412416e-11,4.7375676e-10
920000,151,143,0,6.466587e-11,8.943999e-12,1.866971e-13,4.678747e-19,2.047906e-19,1.0621063e-10
920000,64,409,0,1.2681172e-12,4.545192e-11,1.1736156e-13,2.9857e-20,1.4169003e-11,3.203357e-10
920000,121,377,0,2.372186e-12,2.1328802e-11,5.8567475e-15,2.7346066e-24,5.4031367e-12,1.01004045e-10
920000,255,124,0,-4.5292557e-13,3.3670865e-11,8.060934e-22,4.013142e-39,4.7996264e-13,3.171372e-11
920000,346,298,0,-2.2815945e-13,3.6698474e-12,1.2606392e-36,0.0,3.6033534e-25,3.189001e-11
920000,76,52,0,-6.92484e-13,2.5150059e-11,4.3142708e-11,1.0248806e-11,9.592605e-12,2.668191e-10
920000,217,127,0,-6.7430555e-13,4.6880534e-11,4.188183e-17,5.8949783e-28,2.777311e-12,4.6613807e-11
920000,333,21,0,-7.0491285e-13,2.8700283e-11,4.2079643e-13,1.4012654e-18,3.3401399e-13,3.1433153e-10
920000,367,123,0,1.6762066e-13,2.4189876e-11,1.1253284e-13,1.8309373e-19,6.718267e-13,1.2450806e-10
920000,62,29,0,-1.2056524e-12,6.6930024e-11,3.6516738e-11,5.2165667e-13,4.3616126e-12,3.9654707e-10
920000,333,220,0,-1.3322707e-13,5.6833505e-12,1.1493376e-15,6.087805e-26,6.674875e-18,1.9231396e-10
920000,104,319,0,-3.1689148e-13,2.0460349e-11,6.5403336e-15,2.8181086e-24,4.389543e-13,6.133233e-11
920000,222,25,0,-7.673686e-13,5.4137125e-11,5.8458156e-12,4.960339e-15,3.1178936e-15,6.2345434e-10
920000,415,213,0,1.8323255e-10,1.9460282e-11,2.4983599e-13,1.1523341e-19,4.9402222e-11,1.3302556e-10
920000,70,8,0,-1.0846038e-12,4.4833387e-11,8.654298e-12,6.870626e-14,1.4496057e-13,1.9106947e-10
920000,232,7,0,-6.0901674e-13,1.6044145e-11,4.250721e-17,9.5710646e-30,8.5474905e-18,4.6335927e-10
920000,245,112,0,-6.259798e-13,4.1295e-11,9.713688e-19,1.19574885e-33,2.198401e-12,2.5790683e-10
920000,16,324,0,-6.983195e-13,3.2966154e-11,1.6884817e-12,1.4066045e-16,1.3143283e-16,2.163222e-10
920000,331,363,0,1.0794642e-12,6.1331673e-12,1.023415e-18,9.423753e-32,1.174775e-18,1.6277738e-11
920000,22,135,0,-8.22705e-13,3.5537018e-11,1.462005e-13,5.781317e-20,2.2245508e-15,3.1383432e-10
920000,224,58,0,-7.889309e-13,6.671456e-11,1.3798334e-12,2.9579056e-17,1.6004661e-09,2.2217783e-10
920000,289,108,0,2.6723996e-12,2.3302206e-11,7.340146e-18,4.4324144e-31,3.0408326e-18,8.7845266e-11
920000,455,350,0,-6.085183e-13,2.3812022e-11,1.1539188e-13,1.2771707e-19,6.297658e-11,9.387591e-11
920000,174,472,0,-5.639446e-13,9.141681e-12,5.6408138e-12,2.751214e-15,3.7608205e-18,3.8398296e-10
920000,446,344,0,-5.0033225e-13,1.7639e-11,7.435463e-13,3.660145e-18,1.2720269e-17,1.172683e-10
920000,223,495,0,-5.062013e-13,1.2228698e-11,9.887831e-17,1.4416767e-25,1.6745999e-19,3.0057998e-10
920000,209,49,0,-7.5962956e-13,3.8452016e-11,2.696533e-12,1.8108057e-16,5.867634e-11,1.910281e-10
920000,352,295,0,-2.0969366e-13,2.0252365e-12,1.3492791e-35,0.0,7.471459e-29,1.0782066e-11
920000,347,416,0,1.0350127e-11,5.465182e-12,4.0958803e-18,7.209219e-30,3.7607585e-18,1.1743428e-10
920000,319,300,0,-2.1641483e-13,6.5723325e-12,3.6851357e-30,0.0,2.1026737e-20,3.106897e-11
920000,270,147,0,-1.9177147e-13,5.344205e-13,2.9249757e-23,1.61e-43,8.387073e-31,5.9810004e-11
920000,266,426,0,2.502389e-12,7.8521017e-13,8.9070895e-12,4.677913e-15,2.5874876e-17,2.643499e-10
920000,310,0,0,-4.0516286e-13,2.3072401e-12,2.1697387e-11,1.04352365e-13,3.1857434e-15,2.9582364e-10
920000,99,373,0,1.1442803e-10,2.1763657e-11,1.751589e-15,1.7969514e-25,5.721941e-12,1.4887334e-10
920000,67,337,0,4.1886956e-13,2.3569388e-11,2.8250256e-12,5.334042e-16,7.444949e-14,1.5020739e-10
920000,282,186,0,-5.3767053e-14,5.5797177e-12,2.0165965e-20,1.0005106e-33,8.551548e-19,1.5738929e-15
920000,104,37,0,-1.0736624e-12,6.269228e-11,7.793959e-12,2.3075653e-15,2.3435109e-13,3.4344952e-10
920000,375,323,0,-3.836066e-13,1.3776268e-11,1.360428e-13,2.386417e-20,2.7574663e-19,1.0568926e-10
920000,362,303,0,-2.189132e-13,1.7125015e-12,1.7421385e-25,0.0,1.5114903e-28,5.323542e-11
920000,78,452,0,-1.2542728e-12,5.0755417e-11,7.603037e-11,8.036912e-13,6.3591907e-14,3.1672973e-10
920000,359,234,0,-3.4748436e-13,1.9738055e-11,1.0029297e-13,1.8599337e-20,2.2360274e-15,7.2461794e-11
920000,302,390,0,-1.1719723e-13,6.605914e-12,1.4432691e-11,4.5104895e-13,4.0562717e-14,3.06329e-11
920000,140,80,0,-4.830683e-13,3.172972e-11,1.1285081e-14,6.889703e-22,3.957794e-10,2.2891646e-10
920000,419,274,0,-2.6868902e-13,1.7486465e-11,2.4562306e-16,5.4823916e-26,6.203933e-11,2.2073605e-10
920000,496,351,0,-9.31315e-13,1.0968528e-10,5.9647626e-16,1.1470971e-25,4.907452e-12,3.2981093e-10
920000,234,21,0,-6.441092e-13,2.3592869e-11,1.05472965e-11,2.4725329e-14,6.683721e-16,2.5973934e-10
920000,22,351,0,-9.305413e-13,4.6490145e-11,4.5720042e-11,3.164721e-11,9.541574e-11,2.792186e-10
920000,150,124,0,2.6082435e-11,2.6104318e-12,1.5303375e-21,6.0868e-40,2.3920281e-27,1.8942056e-10
920000,158,59,0,-6.0310486e-13,3.859633e-11,2.6048998e-13,1.5444888e-19,7.588919e-12,1.1000184e-10
920000,481,75,0,-1.2605885e-12,4.748851e-11,6.613326e-13,1.7169352e-18,1.6416495e-15,3.524924e-10
920000,469,493,0,-4.3681882e-13,5.3041647e-11,1.5654898e-11,7.126702e-14,7.106322e-14,3.8267112e-10
920000,64,132,0,-8.4368276e-13,6.005456e-11,4.635201e-12,7.8064314e-16,3.4456438e-10,3.8869927e-10
920000,233,61,0,-6.798856e-13,5.858342e-11,6.5190624e-14,2.3241295e-20,4.9982777e-14,2.2666233e-10
920000,205,327,0,-3.307492e-13,1.5695507e-11,6.555028e-30,0.0,7.684809e-19,7.1751567e-12
920000,201,472,0,-6.905097e-13,3.3097927e-11,3.0424906e-13,3.974274e-19,4.637727e-12,4.5827558e-10
920000,394,137,0,3.4403827e-12,2.3372712e-11,1.9862989e-18,4.1059342e-32,3.254739e-14,7.667556e-11
920000,355,345,0,7.559706e-13,1.8918516e-11,1.5034536e-16,2.402126e-26,7.4400615e-19,1.9405072e-10
920000,300,357,0,-8.9210784e-14,3.149141e-14,3.1073522e-11,6.000646e-13,2.6348588e-14,1.1790581e-10
920000,286,300,0,-1.3912646e-13,1.3432932e-12,2.7343983e-15,1.0762311e-24,1.8603878e-28,7.0762574e-13
920000,65,177,0,-4.0801723e-13,1.17431525e-11,4.3319623e-12,3.768061e-15,1.6655335e-17,2.9900332e-10
920000,286,149,0,-2.7569277e-13,2.7122462e-11,9.148222e-23,9.7302e-41,2.5365563e-12,2.821954e-10
920000,265,267,0,-1.2385185e-14,1.09364e-16,1.8792863e-30,0.0,0.0,1.1902322e-11
920000,83,156,0,-3.5834364e-13,1.9107707e-11,2.179596e-19,1.4780387e-34,6.5479757e-12,5.2407073e-10
920000,267,146,0,-1.6453624e-13,4.2611888e-13,6.3069126e-24,1e-45,7.394588e-32,1.8640978e-11
920000,0,111,0,-1.08973e-12,7.4648766e-11,3.3574346e-12,3.0020015e-16,2.8900035e-13,7.194734e-10
920000,34,226,0,-2.648862e-13,5.0153453e-12,1.3411877e-12,1.1280385e-17,4.466319e-19,3.315483e-10
920000,361,158,0,-4.4294963e-13,3.4578614e-11,7.449537e-11,1.6099963e-12,1.7648736e-13,6.8504966e-11
920000,196,48,0,-6.526285e-13,1.3473359e-11,7.252371e-15,5.370641e-23,2.0292678e-22,6.799595e-11
920000,239,309,0,-3.803438e-14,1.3862037e-13,5.174613e-21,1.275844e-30,2.257533e-37,3.2253334e-14
920000,79,311,0,-2.681522e-13,6.7034763e-12,2.116772e-14,1.0284914e-22,5.1837805e-22,2.1775028e-10
920000,130,446,0,-4.3062299e-13,5.0398618e-12,5.0428867e-12,1.2932468e-15,7.1604554e-19,3.2427314e-10
920000,265,432,0,7.695228e-13,4.7336596e-12,6.0979506e-11,8.5636733e-13,1.3325506e-13,2.1852935e-10
920000,109,40,0,-1.1091689e-12,5.898035e-11,1.7197868e-13,1.4489911e-19,3.4210335e-10,3.519498e-10
920000,450,162,0,1.9851802e-11,2.2372586e-11,6.890099e-16,2.813306e-26,6.8892145e-12,2.914941e-10
920000,301,98,0,1.0146685e-11,1.3643243e-11,3.9539706e-15,3.0705922e-23,3.9387646e-20,2.4949312e-10
920000,301,329,0,-1.5557435e-13,1.2356861e-11,1.4277497e-15,3.8976355e-25,6.3765896e-19,5.6872677e-11
920000,499,65,0,-1.4567079e-12,9.669672e-11,5.0846618e-20,1.9081186e-35,6.551205e-12,4.0008682e-10
920000,77,461,0,-1.3778762e-12,9.509678e-11,8.757961e-12,6.169957e-14,3.1009428e-10,2.8541675e-10
920000,249,35,0,-5.3744737e-13,2.1130793e-11,4.431226e-12,7.9045427e-16,5.726998e-17,1.746398e-10
920000,216,62,0,-7.4031937e-13,3.5518415e-11,1.0848592e-12,7.0577816e-17,6.717862e-12,3.7413844e-10
920000,466,372,0,-1.1250932e-12,6.284558e-11,3.9296366e-14,1.0057342e-20,7.5338964e-11,2.6688582e-10
920000,297,376,0,-5.624751e-14,1.4776711e-12,4.320677e-14,1.5208788e-21,5.827273e-28,1.2955159e-10
920000,431,265,0,9.362736e-13,2.3033443e-11,9.258625e-13,5.1614823e-17,2.6817082e-13,1.1762394e-10
920000,455,157,0,5.0621295e-12,3.3331907e-11,6.666692e-13,3.575989e-18,4.4381127e-11,1.6269261e-10
920000,406,84,0,4.6135585e-11,2.997095e-11,4.3185212e-11,8.582472e-13,7.6022745e-14,1.1267166e-10
920000,183,10,0,-9.598825e-13,3.6549055e-11,3.3966432e-12,7.586e-16,9.3543824e-17,4.3944143e-10
920000,251,309,0,-1.7087595e-14,4.4967883e-16,5.0652478e-23,1.1196589e-37,0.0,4.1739337e-14
920000,106,375,0,4.0589504e-11,1.9005839e-11,8.082643e-15,1.8253088e-22,4.3468536e-18,9.029551e-11
920000,299,206,0,-2.5353983e-14,5.66968e-16,7.87566e-14,9.037664e-21,8.743396e-27,3.1200747e-11
920000,452,492,0,-4.9747744e-13,2.5857308e-11,1.104236e-11,2.6350309e-14,5.0776894e-15,3.1016628e-10
920000,380,374,0,6.98555e-11,2.783656e-11,3.7985134e-16,6.587469e-26,3.871585e-15,6.889855e-11
920000,35,302,0,-4.1678358e-13,3.8755953e-11,1.22298e-11,2.7533782e-14,4.120571e-10,2.8626046e-10
920000,55,294,0,-2.489107e-13,1.0958155e-11,2.0891944e-11,5.1994484e-14,5.015247e-16,2.0700838e-10
920000,447,146,0,1.3721255e-12,2.0631425e-11,3.8306244e-11,2.2511543e-12,4.9890924e-13,2.9624708e-10
920000,378,376,0,1.0655041e-10,2.4553429e-11,4.359544e-15,9.6558077e-23,3.079722e-15,1.1559737e-10
920000,247,125,0,-4.2685465e-13,8.494585e-12,3.3103448e-26,0.0,6.867691e-23,3.0194288e-11
920000,309,20,0,-6.5086543e-13,4.81786e-11,1.9784984e-11,4.8170967e-13,3.1518635e-10,3.330679e-10
920000,357,461,0,-1.385918e-13,1.44536145e-11,1.7226555e-15,6.488455e-25,1.0406894e-13,2.1362871e-10
920000,379,234,0,-5.4273968e-14,2.7416363e-12,3.4196166e-19,6.546279e-34,4.2040044e-25,1.598251e-10
920000,82,178,0,-2.9959013e-13,1.25152414e-11,8.043082e-13,3.085498e-17,3.389712e-20,1.2188356e-10
920000,333,269,0,-3.0398364e-13,3.0667819e-12,6.257349e-15,3.5808285e-21,2.1831282e-25,7.069667e-12
920000,161,96,0,-2.0575352e-13,1.2874885e-11,7.105663e-15,3.4393257e-21,2.2610817e-16,2.569242e-10
920000,477,398,0,-1.066095e-12,2.8027344e-11,2.7121989e-11,5.9941488e-12,2.2756816e-12,2.9840577e-10
920000,60,334,0,-2.2248856e-13,1.6190192e-11,9.230845e-12,2.5360644e-14,1.1067169e-16,1.8442554e-10
920000,213,290,0,-2.1194674e-13,1.3429009e-11,5.301094e-35,0.0,3.3594775e-19,5.184016e-12
920000,150,230,0,-7.4191914e-14,1.5889692e-11,4.481766e-11,1.4883873e-12,4.34599e-11,7.3519045e-11
920000,438,163,0,6.5236594e-11,6.480945e-11,2.986348e-12,3.6624304e-16,7.408804e-12,2.0545995e-10
920000,212,309,0,-2.6922052e-13,2.6521153e-11,1.0411074e-31,0.0,3.331548e-11,1.4117955e-11
920000,233,419,0,1.2803993e-11,4.2841092e-11,7.0797354e-11,8.973319e-13,4.6233244e-14,1.4707406e-10
920000,222,162,0,-1.5252574e-13,1.5455075e-11,7.2272487e-19,2.1283752e-31,2.5928192e-11,1.4780933e-10
920000,461,367,0,-9.514221e-13,5.459826e-11,1.7479617e-13,6.529744e-20,9.2311776e-11,1.739051e-10
920000,452,264,0,1.136874e-12,3.412866e-11,3.8776283e-12,7.713938e-16,4.581967e-13,2.1505867e-10
920000,375,319,0,-3.6442946e-13,1.44697275e-11,2.93063e-15,1.0599598e-24,9.271851e-16,1.0026897e-10
920000,166,45,0,-5.656821e-13,1.5426188e-11,1.3819249e-13,1.8669148e-19,1.9260944e-17,3.8027953e-10
920000,371,46,0,-9.147909e-13,5.0367172e-11,3.260781e-12,1.168095e-16,5.5618084e-12,2.2607229e-10
920000,453,357,0,-9.470793e-13,2.792263e-11,1.2064002e-11,3.0964018e-14,5.6833634e-13,8.5596065e-11
920000,137,7,0,-7.066627e-13,1.6335187e-11,8.1371893e-16,7.474406e-26,3.3802796e-15,5.662479e-10
920000,434,157,0,2.8491532e-11,7.525814e-11,3.8962486e-11,3.1174185e-11,1.0009977e-10,2.9541553e-10
920000,136,496,0,-7.0652414e-13,2.7547069e-11,6.873183e-14,2.845178e-21,3.5082326e-10,1.823277e-10
920000,329,180,0,-2.3280818e-13,1.0032425e-11,3.1180435e-14,4.28119e-21,6.1124044e-13,5.0381452e-11
920000,29,148,0,-8.372166e-13,4.002252e-11,8.609058e-12,1.8808395e-14,3.3336903e-11,3.3067146e-10
920000,306,223,0,-1.8661976e-14,4.919008e-17,8.741708e-22,1.00418e-40,0.0,1.8105245e-11
920000,228,152,0,-2.1587823e-13,5.2753396e-12,7.4745186e-15,7.445854e-24,3.7859583e-17,3.1664873e-12
920000,145,144,0,1.5287567e-10,2.3031954e-12,3.874588e-15,6.572447e-24,7.1180896e-30,1.1954723e-10
920000,295,80,0,1.840067e-10,2.4366637e-11,7.070509e-13,2.9591708e-18,3.4989584e-15,5.7318467e-10
920000,264,172,0,-1.709784e-14,1.2521758e-15,8.885249e-20,1.5979158e-34,0.0,2.1401398e-12
920000,375,241,0,-1.8900651e-13,2.042958e-12,1.45361e-20,2.6816064e-37,8.120511e-28,1.0358043e-10
920000,459,60,0,-1.0340954e-12,3.5555964e-11,5.2578438e-11,1.727075e-11,2.072786e-11,3.2234124e-10
920000,45,305,0,-4.556177e-13,6.9289596e-12,3.977895e-13,9.780692e-19,3.7172476e-23,2.8040198e-10
920000,137,87,0,-4.0520942e-13,2.3219385e-11,1.1913819e-14,3.9583107e-22,5.3064424e-17,1.2755814e-10
920000,98,81,0,-5.0573526e-13,1.8070007e-11,1.1850098e-11,7.9872564e-14,7.4788017e-16,2.644695e-10
920000,216,171,0,-1.4029159e-13,3.025977e-12,1.2360324e-25,1e-45,7.010315e-26,2.400489e-11
920000,409,207,0,5.5509923e-11,7.271446e-12,2.386956e-17,4.3267475e-28,1.692526e-24,8.994469e-11
920000,46,81,0,-6.598328e-13,1.8973077e-11,3.4990305e-12,1.0543166e-15,1.07363585e-17,3.842115e-10
920000,468,158,0,2.3006805e-13,2.2391032e-11,4.6356994e-12,7.6215576e-15,2.874827e-14,1.0273482e-10
920000,364,373,0,1.8487827e-10,2.5911991e-11,2.2674345e-11,1.3091704e-12,1.5393387e-13,1.0561402e-10
920000,168,133,0,2.5476134e-12,1.7694676e-11,1.5675763e-11,4.0109973e-13,3.321229e-14,1.4026592e-10
920000,376,168,0,-4.843103e-13,2.5148389e-11,2.8517372e-23,9.7e-44,3.3600275e-10,3.083012e-09
920000,266,229,0,-4.997132e-15,1.1131803e-17,5.9432344e-29,0.0,0.0,1.32015735e-11
920000,253,315,0,-3.125911e-14,1.4742215e-15,6.3447144e-24,4.22e-43,0.0,1.6236804e-12
920000,135,104,0,2.461486e-12,1.012017e-11,3.9576502e-11,7.0946607e-13,2.7826393e-14,2.1552184e-10
920000,418,497,0,-8.3793985e-13,4.8863125e-11,2.9530445e-12,9.492717e-16,1.6219317e-09,5.862202e-10
920000,247,219,0,-2.2526613e-14,7.042492e-14,5.12911e-28,0.0,4.2941e-41,6.8607376e-13
920000,384,70,0,1.6621134e-13,2.4183945e-11,2.704023e-11,1.1840492e-12,9.469749e-14,2.0479003e-10
920000,380,324,0,-3.446591e-13,2.1932282e-11,4.3028355e-15,1.801329e-24,4.1343855e-11,1.0143051e-10
920000,277,94,0,3.0255472e-11,5.3830804e-11,5.686093e-13,2.128535e-18,3.1144318e-10,4.712384e-11
920000,263,421,0,8.049467e-12,3.4840147e-12,1.1277859e-15,1.3709392e-25,3.4667376e-24,5.317434e-10
920000,412,39,0,-7.134507e-13,4.1416245e-11,5.415105e-13,4.795577e-18,3.4507802e-10,2.642798e-10
920000,89,79,0,-5.3842244e-13,2.2141913e-11,4.278348e-11,5.8074886e-12,8.841006e-12,3.229343e-10
920000,224,457,0,-4.2962755e-13,2.0916891e-11,7.1568836e-14,3.2084797e-21,6.8895363e-12,5.9621236e-10
920000,457,460,0,-1.229217e-12,5.7782383e-11,7.244529e-11,2.0605074e-12,3.4460982e-12,3.1961075e-10
920000,35,225,0,-2.6582314e-13,5.0445555e-12,6.7904563e-13,4.148386e-18,4.4633213e-19,3.7083872e-10
920000,154,497,0,-6.041327e-13,1.6955248e-11,7.036471e-11,1.9462667e-12,1.7348589e-13,3.3319405e-09
920000,114,216,0,-3.2385593e-14,1.1011234e-14,5.8751895e-15,5.0906784e-24,5.2063256e-32,3.225749e-09
920000,129,185,0,4.0520828e-13,6.7606897e-12,8.504394e-12,1.3340326e-14,2.8985223e-17,7.713664e-11
920000,376,227,0,-1.785588e-13,1.9078345e-11,1.8415271e-15,6.694758e-24,2.7877148e-15,1.02734904e-10
920000,111,169,0,3.6333833e-12,5.113405e-11,1.2738949e-13,2.4357535e-19,6.4025965e-11,1.7253246e-10
920000,122,297,0,-2.0489383e-13,1.65391e-11,5.490155e-13,1.4904785e-18,8.226009e-18,3.2928937e-11
920000,333,411,0,1.2612246e-12,1.4032783e-11,1.351068e-16,1.98793e-25,3.246477e-10,1.0680914e-10
920000,38,288,0,-2.3889075e-13,1.9379452e-12,1.7431088e-12,5.4771298e-17,3.2519925e-21,8.864208e-11
920000,264,311,0,-5.8472785e-14,1.252924e-13,2.0704374e-15,2.5116834e-24,6.716674e-32,5.003065e-12
920000,272,269,0,-3.7907994e-14,1.348667e-14,1.3078068e-33,0.0,3.5397e-41,2.5477717e-11
920000,284,445,0,-2.3864426e-13,7.690036e-12,1.07175375e-14,1.3871297e-23,6.364612e-18,1.3046417e-10
920000,484,195,0,-1.8710489e-13,1.4101436e-11,1.6336527e-13,3.8153403e-19,2.4762187e-15,2.7522012e-10
920000,340,400,0,1.270634e-11,2.2699514e-11,2.7531967e-13,1.0195956e-18,2.6415025e-12,1.952668e-10
920000,283,320,0,-1.9286203e-13,8.8882105e-12,3.768747e-15,4.2285242e-23,3.1788596e-20,6.260598e-12
920000,190,98,0,-3.3967805e-13,1.5826626e-11,2.312605e-16,8.2645005e-28,3.335919e-17,2.7002392e-10
920000,248,366,0,1.5062613e-11,1.6841117e-13,2.156421e-15,3.9656105e-24,1.3628693e-31,3.3233931e-09
920000,381,400,0,9.697236e-11,3.8504e-12,1.9010472e-12,8.1617276e-17,5.5454887e-21,3.5657002e-09
920000,451,443,0,-1.3684125e-12,7.940944e-11,1.2240763e-11,2.2751058e-14,7.769498e-12,3.3773035e-09
920000,325,209,0,-8.1878494e-14,4.9531326e-13,7.0467646e-19,8.460718e-32,2.2202648e-34,3.0065759e-09
920000,56,307,0,-4.410497e-13,1.7197568e-11,5.065311e-12,5.9449473e-16,9.748061e-16,3.143834e-09
920000,358,7,0,-6.0513123e-13,2.6198375e-11,2.4684005e-12,2.207895e-16,1.1423551e-16,3.511303e-09
920000,385,434,0,1.15640796e-10,9.013246e-12,4.4081934e-12,5.2154546e-15,1.399753e-17,3.0803087e-09
920000,66,162,0,-5.203767e-13,1.9943007e-11,4.7372566e-13,7.3461093e-19,3.2045178e-18,3.3754266e-09
920000,194,9,0,-1.1525759e-12,5.632485e-11,2.5980199e-11,4.4969188e-13,4.086549e-14,3.4228274e-09
920000,338,102,0,-4.8033794e-13,3.086316e-11,1.5602885e-11,7.969959e-14,4.793916e-12,3.0547025e-09
920000,404,226,0,3.5963826e-11,9.352553e-12,4.837087e-17,1.0458264e-29,2.7183255e-20,3.2575227e-09
920000,203,493,0,-6.4921327e-13,3.4666162e-11,2.6939825e-13,5.688838e-19,6.7925357e-12,3.3748608e-09
920000,493,132,0,-8.811359e-13,4.3117458e-11,1.3910012e-11,2.6168973e-13,2.958252e-14,3.2539211e-09
920000,57,327,0,-4.5135632e-13,1.1997702e-11,2.046367e-11,3.7282325e-13,9.246056e-15,3.3325822e-09
920000,289,467,0,-1.1363401e-11,2.2816353e-09,5.647759e-13,1.8954277e-18,4.1188084e-09,1.1514738e-10
920000,303,126,0,-5.295488e-13,4.8649435e-11,2.5916991e-17,4.6859407e-26,1.0094335e-15,5.0185384e-11
920000,56,374,0,1.4415582e-11,1.9306385e-11,4.2013424e-11,3.2601873e-11,1.3200839e-10,7.656837e-11
920000,351,391,0,1.1714688e-10,1.520622e-11,1.6228645e-12,1.3219761e-16,4.2493195e-13,1.8044692e-11
920000,224,155,0,-2.147781e-13,7.6804275e-12,4.705363e-15,1.2548104e-23,8.140879e-18,1.5324812e-12
920000,95,8,0,-1.3533527e-12,9.121416e-11,5.654544e-12,2.1207943e-15,4.6901042e-11,6.215913e-10
920000,332,290,0,-3.7494834e-13,2.686566e-11,8.769742e-34,0.0,3.1956168e-14,1.0140103e-12
920000,166,423,0,-3.1768086e-13,1.2224689e-11,3.6722456e-13,1.0820854e-18,9.258037e-20,1.7531619e-10
920000,157,188,0,-5.8170726e-14,3.5703701e-12,3.0162047e-18,8.678106e-30,3.363005e-24,1.3523059e-10
920000,152,196,0,-8.072952e-14,6.350307e-13,4.084751e-21,2.6800213e-36,4.509925e-30,8.5758206e-11
920000,105,41,0,-1.3487973e-12,6.7439616e-11,2.5274924e-13,1.7237612e-19,8.241812e-11,7.2626033e-10
920000,365,121,0,6.961997e-14,2.6222493e-11,4.823926e-13,2.4382083e-18,2.0026311e-12,1.9594332e-10
920000,312,487,0,-2.7821964e-13,5.128162e-12,4.4054916e-11,5.8835805e-12,1.833447e-12,2.36905e-10
920000,354,34,0,-8.0740964e-13,3.371447e-11,3.1237725e-12,1.8398959e-16,5.635814e-11,2.675634e-10
920000,148,184,0,2.502492e-13,1.3532014e-11,1.6752561e-16,4.79304e-27,1.474063e-16,3.405393e-09
920000,497,420,0,-9.570039e-13,2.8216368e-11,8.259617e-13,8.8607645e-18,2.2980923e-13,3.3769676e-09
920000,37,149,0,-8.57128e-13,2.930689e-11,1.1373373e-12,3.850648e-17,4.0626934e-20,3.2120586e-09
920000,279,1,0,-3.9487445e-13,1.1874189e-11,2.731842e-13,3.845567e-18,2.6364358e-16,3.3860215e-09
920000,491,159,0,-4.559025e-13,1.852169e-11,2.1535316e-16,1.4934132e-27,2.1094266e-12,3.1095633e-09
920000,452,124,0,-7.455226e-13,4.397916e-11,9.98532e-14,8.074821e-20,3.129356e-15,3.1615646e-09
920000,175,468,0,-5.5732876e-13,1.05974335e-11,2.4018977e-12,2.4789168e-16,4.5504934e-18,3.5220293e-09
920000,23,355,0,-8.4572844e-13,1.9618149e-11,1.2353297e-11,7.987441e-14,7.984366e-16,3.2834462e-09
920000,342,20,0,-6.6973705e-13,1.070775e-11,4.437414e-11,2.6520116e-12,6.727194e-13,3.1534e-09
920000,107,411,0,2.941128e-13,3.614176e-11,4.8123684e-12,2.1787017e-15,5.764716e-13,3.239977e-09
920000,103,18,0,-1.2335017e-12,5.6063345e-11,2.1984584e-13,3.0283356e-19,5.0398928e-11,3.2920462e-09
920000,400,150,0,2.9782207e-13,6.073165e-11,1.7685406e-12,5.9481314e-17,3.068017e-11,3.0458007e-09
920000,390,421,0,2.1397409e-10,3.179666e-11,9.199517e-13,1.0556035e-17,3.3764974e-10,3.1148764e-09
920000,292,460,0,-2.9672502e-13,6.16655e-12,6.6417743e-16,1.7824922e-24,1.5003741e-16,3.4827496e-09
920000,450,404,0,-1.1035373e-12,5.5606113e-11,6.836109e-12,1.1056687e-14,6.262699e-12,3.3792267e-09
920000,419,136,0,6.0044196e-12,6.291265e-11,2.1832447e-12,6.141511e-16,5.811068e-12,3.30905e-09
920000,109,5,0,-1.2072695e-12,6.573437e-11,1.3179726e-11,1.832455e-14,3.0564812e-10,3.5179668e-09
920000,414,64,0,4.1655058e-13,3.692042e-11,2.8156486e-14,1.3372227e-21,1.2521906e-14,3.1738203e-09
920000,287,68,0,6.239301e-10,2.807829e-11,1.956399e-12,5.425608e-17,1.7616617e-09,3.1611107e-09
920000,182,182,0,-1.2204811e-13,4.995413e-12,2.2272684e-11,1.5521341e-13,2.1930907e-15,3.0317595e-09
920000,103,312,0,-2.4880543e-13,1.2433662e-11,4.2574212e-13,6.5679423e-19,4.8653747e-16,3.0316243e-09
920000,492,385,0,-1.2301733e-12,8.372541e-11,4.3624467e-14,2.3658778e-20,9.046732e-13,3.229885e-09
920000,49,371,0,3.3535434e-12,1.7422045e-11,7.82955e-12,6.6600566e-15,1.4157615e-14,3.1788676e-09
920000,256,97,0,9.745107e-13,7.580166e-11,3.7536824e-11,1.8020755e-11,1.8692513e-11,3.015937e-09
920000,446,380,0,-8.8765795e-13,3.871098e-11,3.7797933e-12,1.1142311e-15,3.508932e-13,3.1502498e-09
920000,254,25,0,-5.3266105e-13,1.8538759e-11,8.135343e-13,2.7468586e-18,1.7293305e-15,3.2525729e-09
920000,133,416,0,-4.0066854e-13,1.00391e-11,2.8583552e-11,3.243742e-13,7.10121e-15,3.3536984e-09
920000,418,365,0,-4.324919e-13,8.116354e-12,3.864351e-12,1.4578414e-16,2.1097506e-20,3.0417298e-09
920000,183,15,0,-8.4429984e-13,2.6488887e-11,4.1276624e-11,5.5990304e-12,1.4268637e-12,3.2047285e-09
920000,22,43,0,-1.2936571e-12,5.7765546e-11,4.3964762e-12,4.706714e-16,1.4571497e-13,3.3918577e-09
920000,315,88,0,5.293629e-12,2.0213352e-11,3.2264926e-12,4.5619395e-16,1.6136941e-15,3.155512e-09
920000,45,469,0,-1.6866801e-12,1.0973149e-10,4.8779134e-11,4.715346e-12,3.4704242e-10,3.2875462e-09
920000,129,420,0,-4.228031e-13,2.4426641e-11,2.630933e-11,3.972928e-13,1.2717963e-14,3.2315712e-09
920000,100,303,0,-1.7398658e-13,8.640184e-12,1.847803e-13,1.6277873e-19,7.0620038e-12,3.8400065e-09
920000,186,252,0,-1.483783e-14,4.53176e-16,4.2344233e-16,1.149408e-25,1.0253153e-33,3.1175167e-09
920000,67,195,0,-3.018687e-13,2.2403765e-11,1.5986614e-12,1.9793713e-16,3.6116235e-11,3.1473253e-09
920000,397,103,0,1.8122616e-10,2.0654579e-11,1.6020612e-13,7.9765466e-20,3.5836376e-18,3.207792e-09
920000,15,362,0,-8.965458e-13,2.5045126e-11,4.8703496e-11,1.8505267e-11,2.5222052e-11,3.3270624e-09
920000,488,87,0,-1.135227e-12,2.761709e-11,5.6006852e-11,4.7204896e-11,4.524185e-10,3.2085656e-09
920000,242,105,0,-6.5213996e-13,4.244346e-11,2.9349397e-17,1.6797049e-29,4.2040172e-15,3.013182e-09
920000,108,41,0,-1.1704386e-12,5.959532e-11,9.0738343e-14,4.5163305e-20,3.4213765e-10,3.3765868e-09
920000,360,99,0,-3.8651574e-14,2.5948844e-12,3.9286874e-17,1.4461405e-29,7.902904e-23,3.0788976e-09
920000,208,84,0,-4.23199e-13,1.1320824e-11,6.1354255e-11,3.5200274e-12,4.5399383e-13,3.1212462e-09
920000,258,377,0,5.4087988e-11,1.0447987e-11,1.6114503e-12,1.1453047e-16,2.1597794e-16,3.1221652e-09
920000,86,37,0,-9.321887e-13,3.913649e-11,1.4144725e-13,9.143619e-20,3.382619e-11,3.2043206e-09
920000,177,249,0,-1.136716e-14,1.8362971e-17,8.803771e-12,4.515928e-14,8.944497e-16,3.0601408e-09
920000,112,15,0,-1.1582712e-12,4.266798e-11,1.6588206e-10,8.590494e-12,1.892536e-12,3.18923e-09
920000,94,429,0,-8.9105237e-13,5.191563e-11,4.504043e-11,1.8828855e-11,1.6861028e-11,3.1474612e-09
920000,416,12,0,-6.311169e-13,1.6546698e-11,2.0099725e-12,2.3830917e-16,6.1161675e-17,3.429403e-09
920000,314,352,0,-1.02463475e-13,1.0609064e-12,2.3883811e-17,1.9404441e-27,1.8536435e-28,3.02104e-09
920000,473,281,0,-5.906465e-13,2.8687067e-11,5.7045987e-12,2.8686363e-15,4.177882e-13,3.3901926e-09
920000,170,118,0,2.3121527e-13,1.8722655e-11,2.2563014e-17,9.03619e-30,6.5714938e-18,3.190338e-09
920000,326,110,0,-4.306663e-13,1.9711375e-11,8.59498e-12,1.0105948e-14,1.5235484e-15,3.0713905e-09
920000,407,153,0,2.0154679e-12,3.2011e-11,2.6185555e-11,1.864176e-12,1.717158e-13,3.1577947e-09
920000,485,422,0,-1.1670841e-12,7.1369216e-11,1.6169852e-11,3.6357178e-13,1.1689936e-12,3.3295093e-09
920000,1,161,0,-6.12799e-13,1.1715596e-11,8.4190173e-16,1.6669665e-25,1.1580435e-20,3.2054468e-09
920000,306,149,0,-3.4160584e-13,1.8046448e-11,1.4593132e-25,0.0,1.2371131e-15,3.012032e-09
920000,466,380,0,-1.2029819e-12,5.8180138e-11,7.217985e-15,8.837887e-23,6.561031e-12,3.3974241e-09
920000,352,151,0,-3.8484184e-13,2.6063743e-11,8.5334404e-12,1.7960195e-14,8.142991e-13,2.9978804e-09
920000,203,346,0,-2.1558136e-13,1.2937687e-12,7.239124e-20,4.7896634e-36,2.0150666e-29,3.0189011e-09
920000,84,202,0,-1.831593e-13,3.2947946e-12,1.3258514e-14,5.378229e-23,3.3400568e-28,3.1197385e-09
920000,484,9,0,-1.107848e-12,3.8297157e-11,7.7256056e-11,1.63016e-11,4.6226304e-11,3.2453726e-09
920000,55,82,0,-5.8570634e-13,1.702888e-11,1.097569e-11,1.4090412e-14,6.5027963e-17,3.2001564e-09
920000,350,421,0,1.43192454e-11,8.0324055e-12,3.4694495e-21,2.0805898e-36,3.2966321e-15,3.1714713e-09
920000,305,399,0,-1.2919539e-13,3.2493491e-12,8.2375255e-14,4.0765666e-21,1.0473037e-24,3.0934415e-09
920000,463,349,0,-6.1898674e-13,3.099048e-11,3.2087639e-15,2.9905504e-24,3.7063852e-11,3.2786878e-09
920000,280,9,0,-4.2987906e-13,1.8049142e-11,8.234545e-12,2.8149739e-14,3.7533195e-15,3.4698913e-09
920000,460,396,0,-1.1221258e-12,5.9126634e-11,4.9891164e-11,1.0755016e-11,7.915721e-12,3.5264973e-09
920000,370,202,0,-3.2998902e-13,1.1054252e-11,6.2887324e-14,3.729701e-20,1.425076e-18,3.007936e-09
920000,466,387,0,-1.139763e-12,4.404662e-11,3.0781408e-14,4.2191e-22,4.0475697e-16,3.276858e-09
920000,125,366,0,4.2758389e-13,3.2461794e-11,7.0197867e-12,1.4443526e-14,1.8442605e-15,5.1685536e-09
920000,36,223,0,-2.8090068e-13,5.574685e-12,1.940906e-13,3.266319e-19,4.0824883e-18,3.1961453e-09
920000,129,12,0,-8.3339493e-13,1.8584887e-11,6.480736e-14,1.9663883e-21,3.795576e-17,3.449407e-09
920000,107,379,0,3.3538314e-11,1.5811604e-11,7.4371303e-13,2.4520009e-17,6.547975e-12,3.121756e-09
920000,22,218,0,-4.0930242e-13,2.6475457e-11,1.8946044e-11,4.0547839e-13,6.531531e-14,3.2890033e-09
920000,266,286,0,-4.598107e-15,1.6495566e-20,1.5217407e-17,8.842105e-28,9.27657e-36,3.0842375e-09
920000,379,405,0,1.4772848e-10,8.425342e-12,1.9743177e-13,4.403836e-20,7.6095803e-19,3.323703e-09
920000,460,471,0,-1.1163705e-12,3.4842778e-11,6.4747483e-12,4.72974e-16,2.0488753e-17,3.2427083e-09
920000,131,62,0,-7.403239e-13,4.422037e-11,2.846227e-13,3.2008695e-19,3.1935988e-14,3.3579484e-09
920000,428,240,0,8.8855395e-11,1.9666066e-11,2.5573187e-14,2.8417913e-22,2.0844964e-14,3.3093408e-09
920000,13,469,0,-1.7621096e-12,7.5992455e-11,3.752931e-11,1.6156147e-12,3.3235692e-10,3.4046646e-09
920000,179,3,0,-9.35082e-13,4.1716228e-11,4.4927262e-13,1.9016584e-18,1.6161532e-09,3.9388084e-09
920000,419,291,0,-2.471206e-13,5.223055e-12,6.519721e-13,3.5817622e-16,4.9365696e-18,3.1305611e-09
920000,280,478,0,-4.4641347e-13,2.6014703e-11,3.1952258e-12,4.1661967e-16,4.437979e-16,3.14158e-09
920000,304,28,0,-4.584192e-13,4.479241e-11,1.1534024e-11,9.7361945e-14,3.1147024e-10,3.328232e-09
920000,151,445,0,-3.2763774e-13,1.2221343e-11,1.76916e-11,3.17168e-13,2.0090605e-14,3.383906e-09
920000,327,405,0,5.9970713e-13,1.1403026e-11,4.7702914e-15,1.8349458e-23,6.933154e-21,3.0377338e-09
920000,486,258,0,-7.0471835e-13,1.7369751e-11,4.63018e-12,3.06995e-15,6.3918124e-18,3.6658082e-10
920000,235,435,0,4.996581e-13,2.3260551e-11,8.7501377e-13,9.670154e-18,5.3368365e-11,3.798473e-10
920000,379,253,0,-1.5920846e-13,1.01710385e-11,9.429682e-25,8e-45,2.1300443e-16,3.8822074e-11
920000,120,423,0,-5.9168756e-13,5.0453208e-11,8.332142e-13,7.529659e-18,5.86123e-11,2.2459251e-10
920000,230,1,0,-6.056937e-13,1.33850795e-11,5.851861e-20,3.4175707e-35,1.501721e-13,2.415889e-10
920000,303,337,0,-1.4489774e-13,3.0468943e-11,2.5672314e-21,8.57725e-38,1.4466917e-12,1.14601745e-10
920000,7,72,0,-1.1096927e-12,4.1615076e-11,1.001573e-11,3.9327204e-14,6.390835e-11,4.811142e-10
920000,11,327,0,-7.4999436e-13,3.086374e-11,2.0795878e-12,2.7832556e-17,4.9577746e-14,2.4958596e-10
920000,153,341,0,-4.7474204e-13,3.5056322e-11,2.6452477e-21,5.183966e-39,1.728008e-09,1.2962972e-10
920000,432,122,0,1.2443978e-11,6.58429e-11,3.5938856e-11,1.0661063e-12,8.7485e-14,2.830416e-10
920000,407,455,0,-2.582336e-13,3.2136103e-11,1.4828221e-14,4.6274903e-23,1.962839e-09,3.4190487e-10
920000,489,396,0,-1.0362812e-12,2.6128497e-11,1.4568015e-12,2.123762e-16,3.5003825e-15,2.8320374e-10
920000,142,317,0,-2.539106e-13,9.596106e-12,9.387717e-22,1.549364e-39,1.9181269e-19,2.7730802e-11
920000,467,412,0,-1.1959905e-12,4.5261715e-11,4.4268395e-11,3.260229e-11,9.454198e-11,3.459843e-09
920000,33,444,0,-1.2524205e-12,5.5339622e-11,9.721013e-12,4.4759213e-14,2.701519e-09,3.290157e-09
920000,133,170,0,1.2422214e-11,6.365535e-12,1.685928e-15,2.5551247e-25,2.24498e-19,3.0881608e-09
920000,398,217,0,1.5308067e-11,4.093496e-12,9.140067e-14,8.181495e-21,9.15084e-19,3.1483725e-09
920000,477,378,0,-1.194476e-12,6.4077826e-11,6.876534e-17,1.5863254e-28,4.9008887e-11,3.322157e-09
920000,281,371,0,1.0291379e-12,1.8196787e-12,4.003039e-15,3.6090138e-24,1.9449974e-26,3.1610017e-09
920000,316,135,0,-3.9701592e-13,3.4177692e-11,6.532355e-14,2.518624e-21,2.8636514e-14,2.9982137e-09
920000,21,182,0,-5.326887e-13,1.1929695e-11,9.504522e-13,1.0570159e-17,6.786557e-20,2.3288593e-10
920000,107,452,0,-9.417571e-13,4.9085794e-11,4.2431766e-11,2.0030425e-12,1.924274e-13,3.2558016e-09
920000,324,166,0,-2.987696e-13,3.7198224e-11,4.1763473e-20,1.4295177e-36,9.424892e-12,3.0252023e-09
920000,216,498,0,-5.307125e-13,3.1686767e-12,5.387744e-12,3.975962e-15,6.217138e-17,3.1899605e-09
920000,96,237,0,-2.2409272e-13,6.254818e-12,3.2025358e-16,3.7313702e-27,5.2385438e-23,3.4973553e-09
920000,105,256,0,-5.263833e-13,5.0604434e-11,3.8255986e-14,1.8827224e-20,1.7853594e-11,3.233247e-09
920000,217,371,0,2.3009264e-12,7.55466e-13,6.7042205e-13,2.6531152e-18,3.5952743e-23,3.2164496e-09
920000,193,330,0,-1.6534113e-13,6.580417e-12,1.9965342e-29,0.0,2.4537591e-18,2.9994514e-09
920000,267,82,0,4.414435e-11,2.3243182e-11,2.9232432e-11,1.6865579e-12,8.26083e-12,3.1586247e-09
920000,3,378,0,-1.0859467e-12,5.9193206e-11,4.624717e-13,8.237981e-18,2.441115e-11,3.3402392e-09
920000,476,230,0,6.682603e-12,1.2359527e-12,1.6137456e-11,3.9590337e-14,2.576476e-16,3.2307215e-09
920000,122,74,0,-5.7778657e-13,9.8086044e-12,4.9910627e-14,1.6501993e-21,2.7231335e-20,3.2180922e-09
920000,167,486,0,-6.496645e-13,4.4929074e-11,2.7275453e-11,3.496529e-13,6.288658e-13,3.3029628e-09
920000,79,465,0,-1.3816485e-12,7.364856e-11,3.141023e-13,1.4606031e-18,6.7716595e-15,3.3877339e-09
920000,371,90,0,9.671856e-13,2.32754e-12,2.3399561e-14,2.318319e-21,3.7180236e-27,3.5429217e-09
920000,68,13,0,-1.1053723e-12,5.2182616e-11,5.056879e-12,3.8007906e-15,1.1027674e-14,3.2369432e-09
920000,451,482,0,-8.7605574e-13,5.680558e-11,1.0908501e-11,5.1834647e-15,2.7969743e-11,3.3231147e-09
920000,18,216,0,-4.2580322e-13,2.6104034e-11,4.373127e-11,3.3586595e-11,4.377545e-10,3.423863e-09
920000,92,195,0,-1.7487387e-13,1.113738e-12,3.2213101e-18,4.931425e-30,2.5912415e-30,3.0353315e-09
920000,188,30,0,-7.241047e-13,4.0615226e-11,6.8736653e-12,1.10567895e-14,6.469708e-11,3.5622914e-09
920000,123,435,0,-5.019114e-13,4.7579115e-12,4.758172e-15,3.326619e-23,1.6542806e-26,3.1798648e-09
920000,37,54,0,-1.168109e-12,5.7543185e-11,7.128495e-13,2.0894071e-17,7.424278e-12,3.4625913e-09
920000,321,435,0,-2.4778777e-13,1.9310588e-11,7.633657e-12,1.5684877e-14,6.215773e-12,3.1546046e-09
920000,142,373,0,-2.838273e-13,4.9350133e-12,7.051302e-14,1.1510955e-20,9.265699e-22,3.1340044e-09
920000,173,367,0,-3.591526e-13,1.3048973e-11,1.818677e-14,1.1009542e-22,5.0343745e-22,3.0556309e-09
920000,352,487,0,-3.4485088e-13,1.134297e-11,2.3858578e-11,1.2476311e-12,6.401376e-11,3.3904313e-09
920000,179,470,0,-6.149543e-13,2.5084011e-11,7.2017734e-13,3.9828167e-18,4.3262936e-14,3.3485477e-09
920000,174,446,0,-5.488138e-13,4.0467036e-11,2.1258662e-13,5.127772e-19,3.074307e-10,3.1606635e-09
920000,484,418,0,-1.1351882e-12,6.0296566e-11,3.1697934e-12,3.308555e-16,4.4403106e-11,3.762667e-09
920000,158,164,0,4.139716e-12,1.1787763e-11,1.2458781e-11,5.384832e-14,3.637859e-16,3.1081944e-09
920000,354,226,0,-3.429423e-13,1.907811e-11,2.539111e-13,1.4476034e-18,4.5286074e-14,3.002865e-09
920000,115,105,0,9.477473e-13,2.3255868e-11,4.89792e-15,4.4812514e-24,1.8705812e-15,3.5720335e-10
920000,316,111,0,-2.126699e-13,1.4679633e-11,4.2187956e-16,2.51697e-25,2.1482897e-16,3.0297531e-09
920000,499,191,0,-2.5255985e-13,6.6060256e-12,2.8085525e-11,1.4856108e-13,2.1419312e-15,3.472169e-09
920000,141,497,0,-6.584692e-13,2.5256965e-11,3.194912e-15,2.8335442e-22,3.4330608e-14,3.0891891e-09
920000,74,400,0,2.0678822e-11,1.7114647e-11,2.1467318e-12,4.930614e-16,9.656441e-17,3.4154068e-09
920000,384,337,0,-2.2981457e-13,1.5007868e-11,4.2695746e-13,1.7432383e-19,1.8985691e-14,3.3603174e-09
920000,204,475,0,-6.694136e-13,2.6422805e-11,8.577671e-12,2.8151453e-14,1.2006644e-14,3.160881e-09
920000,38,129,0,-9.237154e-13,5.7069727e-11,4.4270605e-11,6.41023e-12,2.0972787e-12,3.318489e-09
920000,417,413,0,9.0663983e-13,3.118866e-11,1.6108651e-11,1.3867401e-13,2.616578e-15,3.1266278e-09
920000,357,397,0,1.3789613e-10,3.7417795e-12,8.4407427e-13,3.5733448e-17,6.803459e-21,3.1191865e-09
920000,85,99,0,-5.69993e-13,1.2549306e-11,3.4971418e-13,3.2038651e-18,1.881227e-22,3.3946024e-09
920000,368,398,0,1.7991329e-10,2.9228833e-12,1.2457741e-11,2.5908122e-14,1.2176992e-16,3.1719427e-09
920000,38,415,0,-9.322446e-13,4.2394605e-11,1.2673602e-10,1.6790085e-10,8.0067963e-10,3.2557992e-09
920000,114,392,0,4.585843e-12,1.8244135e-11,8.1641345e-13,4.9671956e-18,1.0127247e-16,3.1942642e-09
920000,173,43,0,-5.6418027e-13,1.7323127e-11,3.5101166e-15,2.9348578e-24,6.971692e-19,3.2405707e-09
920000,138,48,0,-9.0262915e-13,5.7622067e-11,1.08136174e-10,7.1170183e-12,4.9163958e-11,3.4516732e-09
920000,489,32,0,-1.3931969e-12,6.128797e-11,8.374203e-12,2.7416154e-14,3.4159048e-10,3.4755994e-09
920000,144,241,0,-1.0115491e-13,5.683818e-12,4.3168814e-15,2.3819907e-23,2.1261857e-20,3.061031e-09
920000,87,207,0,-1.464093e-13,7.758149e-12,6.9274684e-14,5.494896e-21,3.5314868e-17,3.0645353e-09
920000,124,278,0,-1.9213271e-13,7.44893e-12,7.05503e-21,5.01735e-38,7.991687e-19,6.9291226e-11
920000,88,483,0,-1.0825372e-12,2.6030364e-11,3.6620526e-11,9.928503e-14,1.6695453e-15,3.1824228e-09
920000,460,40,0,-1.0733323e-12,4.4878566e-11,6.1791365e-13,7.30708e-18,7.0256155e-11,3.412863e-09
920000,171,407,0,-7.514328e-13,5.3937646e-11,5.136545e-13,5.023166e-18,8.855378e-14,3.1053344e-09
920000,112,449,0,-8.2689964e-13,6.0054496e-11,1.2178241e-12,2.4297785e-18,8.602796e-11,3.092691e-09
920000,443,1,0,-8.1019577e-13,2.8732999e-11,9.948214e-14,2.8472965e-20,2.9372544e-13,3.711748e-09
920000,334,426,0,3.291446e-13,9.860837e-12,1.6010632e-17,5.4275396e-29,1.3437677e-17,3.1554692e-09
920000,48,179,0,-4.993823e-13,1.6789164e-11,4.96424e-14,1.5359274e-20,3.9428872e-19,3.6398646e-09
920000,0,172,0,-6.1690204e-13,2.760495e-11,3.689748e-17,1.6922104e-24,9.708486e-16,3.7570205e-09
920000,105,40,0,-1.2334142e-12,6.643315e-11,6.3090207e-13,2.2834093e-18,6.394373e-12,3.644573e-09
920000,81,485,0,-1.1632741e-12,4.2917704e-11,3.719204e-11,3.698934e-13,4.4266386e-11,3.2779655e-09
920000,416,378,0,-6.5350595e-13,1.8571351e-11,6.181226e-12,2.4670963e-15,6.848e-13,3.1012442e-09
920000,133,64,0,-6.955426e-13,3.8138052e-11,4.1194923e-13,5.8860466e-19,3.0458856e-15,3.2374488e-09
920000,43,487,0,-1.6777962e-12,8.742285e-11,1.0317967e-11,3.9582886e-14,7.936882e-11,3.3392626e-09
920000,468,110,0,-9.873018e-13,5.402431e-11,3.003965e-11,5.913808e-12,4.0079795e-10,3.329753e-09
920000,427,475,0,-8.329647e-13,2.4429516e-11,4.1620027e-11,5.0998508e-11,4.7068294e-10,3.2268608e-09
920000,18,364,0,-8.7595984e-13,2.7725535e-11,1.8473468e-11,6.077595e-14,9.431543e-13,3.5621024e-09
920000,395,49,0,-7.477092e-13,2.729816e-11,5.5794338e-14,4.019956e-21,2.6939263e-11,3.1044782e-09
920000,497,426,0,-1.0119836e-12,2.9290275e-11,1.0459476e-11,5.679062e-15,4.672092e-16,3.81948e-09
920000,257,373,0,3.3495748e-11,4.5455575e-12,4.658473e-13,8.1368035e-19,3.828969e-23,1.8413063e-10
920000,379,5,0,-6.040962e-13,1.8826002e-11,4.0550588e-14,9.120736e-22,3.1036717e-15,3.3715315e-09
920000,447,49,0,-8.91005e-13,4.136097e-11,5.6334724e-12,3.4163109e-15,1.41758705e-11,3.4799525e-09
920000,277,350,0,-2.9127766e-14,3.5854232e-12,5.445935e-14,1.2073297e-19,1.6811535e-19,3.0694254e-09
920000,8,258,0,-5.756749e-13,4.5580994e-11,1.615181e-11,2.2975369e-14,7.547189e-15,3.1495173e-09
920000,160,215,0,-5.0122097e-14,1.3157807e-13,2.6492456e-13,8.7373834e-20,1.762773e-25,3.0838605e-09
920000,470,375,0,-1.1896314e-12,4.7828543e-11,2.182331e-16,2.4064872e-24,5.1637243e-14,3.2569238e-09
920000,15,199,0,-5.496209e-13,2.5554416e-11,5.542439e-11,3.168325e-11,9.495955e-11,3.1911358e-09
920000,215,415,0,1.9019146e-12,1.8490786e-12,2.5276642e-11,1.1553033e-13,1.0608817e-15,3.15176e-09
920000,105,380,0,4.502573e-11,1.3215333e-11,1.0516415e-12,2.0605339e-17,4.4136976e-13,3.1566363e-09
920000,379,88,0,4.2164167e-12,9.934481e-12,4.3402053e-14,4.744598e-22,2.7392539e-14,1.3367464e-10
920000,119,106,0,-8.856e-12,2.2955013e-09,5.9175164e-17,5.238707e-29,4.169207e-09,1.8204045e-10
920000,322,7,0,-1.15414674e-11,2.291265e-09,3.9794175e-12,1.9284596e-15,4.120582e-09,2.6854097e-10
920000,120,53,0,-1.1939504e-11,2.3180284e-09,3.1626167e-11,4.2110786e-13,4.118827e-09,1.3479456e-10
920000,351,272,0,-2.3404222e-13,7.896575e-12,3.8237248e-20,2.7851676e-31,1.8477197e-19,7.692957e-11
920000,7,469,0,-1.890911e-12,1.1416124e-10,2.5773321e-11,1.2049464e-12,3.334625e-11,4.661157e-10
920000,400,258,0,5.5775974e-14,1.046813e-11,1.3825259e-14,3.461017e-23,3.558146e-21,7.8486e-11
920000,460,23,0,-1.1255764e-12,5.5684207e-11,5.081081e-13,7.7641344e-19,3.9825688e-11,1.4995621e-10
920000,63,362,0,2.3671948e-11,4.5206474e-11,9.261547e-12,1.0840438e-14,3.092996e-11,2.0529967e-10
920000,441,470,0,-1.0465715e-12,7.726177e-11,1.3021026e-13,5.45594e-20,3.249329e-11,3.0594235e-10
920000,169,418,0,-3.307674e-13,1.1879386e-11,2.76875e-11,2.1002059e-12,4.527188e-13,2.8149207e-11
920000,125,15,0,-9.410212e-13,3.8842356e-11,3.3180053e-14,2.1669925e-21,4.485199e-13,4.253017e-10
920000,219,18,0,-7.7775877e-13,3.9012828e-11,1.5193274e-16,5.0884806e-27,6.2040005e-11,2.1684672e-10
920000,349,464,0,-4.742996e-13,3.403181e-11,4.4129118e-13,6.380027e-18,6.7718882e-15,2.0395996e-10
920000,161,164,0,2.5380923e-12,1.3380006e-11,3.6212935e-11,5.5961156e-12,1.4256053e-12,9.6777905e-11
920000,456,28,0,-1.0858489e-12,4.8462147e-11,2.5126016e-11,2.0452466e-12,2.2851865e-13,3.8408607e-10
920000,10,294,0,-4.624458e-13,7.0124588e-12,4.3776004e-13,2.5889026e-19,2.2549848e-17,2.4263308e-10
920000,243,443,0,-1.476932e-13,7.531725e-12,4.236226e-11,5.133584e-12,1.0595012e-12,2.5282565e-10
920000,283,471,0,-4.0427153e-13,2.3641646e-11,2.018314e-14,3.5691244e-21,3.032787e-14,3.1558183e-09
920000,290,113,0,8.33741e-13,3.942618e-12,9.819179e-16,6.944581e-26,1.9040432e-24,3.096738e-09
920000,24,33,0,-1.3993495e-12,7.780823e-11,9.8349835e-11,4.7857312e-11,8.305672e-11,3.471105e-09
920000,433,34,0,-7.9807775e-13,3.7452187e-11,2.1988696e-11,1.2306261e-13,2.5231015e-12,3.4473402e-09
920000,440,426,0,-1.2243873e-12,4.2053853e-11,3.5375004e-12,7.8671483e-16,5.268993e-15,3.4684344e-09
920000,97,135,0,3.1543546e-12,3.2211813e-11,2.739689e-18,6.136296e-31,2.7981266e-14,3.1271308e-09
920000,198,464,0,-6.7831694e-13,4.5883172e-11,1.2477309e-12,1.6223735e-17,5.936378e-14,3.2010459e-09
920000,106,280,0,-2.3307354e-13,7.2057815e-12,8.440322e-13,3.5733448e-17,1.6055361e-18,3.4756664e-09
920000,58,54,0,-8.1492566e-13,2.5376692e-11,4.9954537e-11,9.040496e-13,2.5485076e-12,3.3939809e-09
920000,128,350,0,-5.111613e-13,3.6552813e-11,1.12471684e-13,4.8751415e-20,2.397287e-12,6.4749504e-11
920000,473,487,0,-7.474129e-13,8.5559254e-11,2.0080515e-11,1.0709569e-13,3.5256872e-10,3.1886034e-09
920000,481,6,0,-1.1094077e-12,5.210011e-11,7.4613385e-11,7.1557816e-12,2.6776177e-12,3.3923597e-09
920000,401,439,0,1.1797283e-11,3.0544223e-11,1.9147628e-12,1.1353861e-16,2.4444363e-13,3.1898275e-09
920000,496,275,0,-5.631153e-13,1.8928172e-11,1.42934085e-11,8.3696084e-14,7.3829536e-16,3.23507e-09
920000,0,168,0,-6.08425e-13,1.9114153e-11,4.3776313e-18,4.120223e-30,7.149555e-18,4.676534e-10
920000,470,289,0,-5.5045654e-13,1.7718249e-11,4.3074096e-11,3.2781904e-13,6.484152e-11,2.3881572e-10
920000,168,475,0,-5.4732114e-13,6.2672545e-12,7.849772e-12,1.0750403e-14,4.8864877e-17,3.2837335e-09
920000,50,397,0,6.371517e-13,6.219757e-11,9.0156994e-13,3.838643e-17,5.16059e-12,3.2216565e-09
920000,72,132,0,-7.6566986e-13,3.637752e-11,5.1332684e-12,9.262139e-16,9.3344745e-17,3.3256358e-09
920000,477,101,0,-1.0503115e-12,4.109777e-11,8.85827e-12,4.8331717e-14,7.464907e-11,3.3260332e-09
920000,496,214,0,-2.5933273e-13,2.2146864e-11,1.3253874e-11,1.1407985e-14,2.3613534e-15,3.236441e-09
920000,332,445,0,-3.537486e-13,1.3248202e-11,2.1125938e-11,1.4221824e-12,1.481567e-13,2.4659885e-10
920000,106,33,0,-1.0822699e-12,6.350926e-11,3.8616128e-11,1.0560042e-11,3.068996e-11,3.1511185e-09
920000,255,469,0,-5.8455714e-13,3.8876693e-12,3.4010418e-12,7.866935e-16,2.1347033e-19,3.4078043e-09
920000,205,14,0,-9.50622e-13,2.119638e-11,5.185172e-13,1.2303071e-18,3.7782914e-13,3.2664316e-09
920000,456,233,0,1.3617502e-10,2.9957373e-11,3.9181734e-11,1.9025218e-13,8.892805e-12,3.1773582e-09
920000,221,50,0,-7.933809e-13,3.738079e-11,1.2555078e-10,1.6221632e-11,1.9994326e-11,3.275872e-09
920000,274,141,0,-4.6214025e-13,2.1288235e-11,3.9130635e-18,1.280352e-31,1.2488921e-16,2.9989673e-09
920000,264,182,0,-1.908176e-14,4.1493798e-15,3.205458e-14,5.2541585e-22,6.180279e-29,3.472952e-11
920000,45,74,0,-7.2261435e-13,1.7922922e-11,1.7829731e-12,5.0387088e-17,1.9452167e-18,3.340759e-09
920000,471,151,0,-4.6327026e-13,2.4356817e-11,2.6072258e-10,5.4775007e-11,4.129418e-11,1.6081411e-10
920000,56,126,0,-8.8674586e-13,4.4621428e-11,1.310972e-11,3.7996e-14,3.2734687e-10,3.333457e-09
920000,449,93,0,-1.1067336e-13,6.936273e-11,1.2485689e-14,1.3400596e-22,6.8666656e-11,3.2868364e-09
920000,462,162,0,3.078808e-12,2.8762054e-11,1.2932937e-14,7.293728e-23,3.0224916e-15,3.3019731e-09
920000,425,135,0,4.3033346e-12,8.0456954e-11,3.0632777e-13,2.5473846e-19,7.3780426e-11,1.3803964e-10
920000,41,277,0,-1.6866055e-13,7.085443e-12,2.2035076e-12,6.473441e-16,4.380551e-18,3.1719791e-09
920000,492,216,0,-1.3645538e-13,2.623749e-11,3.397142e-11,1.7367809e-11,7.622129e-11,2.5974967e-10
920000,45,408,0,-7.8945303e-13,3.6340722e-11,5.9905584e-15,4.283202e-23,3.3684017e-10,3.1749456e-09
920000,85,281,0,-2.1216882e-13,1.2527855e-11,5.855986e-12,8.860555e-16,1.8081005e-13,2.70194e-10
920000,43,153,0,-8.1358406e-13,4.0349654e-11,3.1147855e-11,5.8745122e-12,2.3129862e-12,3.295049e-09
920000,260,60,0,1.295559e-11,4.3473242e-11,2.6060475e-14,1.33257335e-20,4.6702993e-12,3.0370055e-09
920000,5,98,0,-1.1657855e-12,5.7269002e-11,1.3485917e-11,1.6844504e-14,4.865168e-13,3.4414758e-09
920000,396,486,0,-8.4446117e-13,4.4260325e-11,2.9660573e-11,5.3823694e-13,3.0972235e-11,3.4093008e-09
920000,50,450,0,-1.4114719e-12,8.666247e-11,2.5005624e-13,8.3135393e-20,3.4109082e-10,3.641766e-09
920000,65,367,0,4.7490727e-11,2.2179687e-11,1.3739724e-11,9.7498236e-14,9.211511e-16,3.0848855e-09
920000,57,94,0,-5.519345e-13,1.5704346e-11,3.945422e-15,1.3093855e-23,5.478012e-13,3.1607468e-09
920000,79,458,0,-1.3376512e-12,9.813032e-11,2.578574e-11,1.9966355e-12,6.7281536e-12,2.3822416e-10
920000,452,209,0,9.762432e-11,2.1029829e-11,3.6546773e-11,1.0137637e-11,9.853372e-12,3.112144e-09
920000,445,487,0,-7.308753e-13,3.654756e-11,8.209307e-12,1.8789776e-14,6.677353e-14,3.1883403e-09
920000,360,155,0,-4.3119512e-13,1.728857e-11,1.9117898e-10,5.8979426e-11,5.603018e-11,3.2024625e-09
920000,18,227,0,-3.2223622e-13,1.558277e-11,1.1931518e-13,1.3648755e-20,2.7980576e-14,3.1948608e-09
920000,3,482,0,-2.202544e-12,1.1716461e-10,6.035682e-11,4.1234446e-12,9.752294e-12,3.3676046e-09
920000,29,420,0,-8.540359e-13,3.4237762e-11,3.7531713e-13,1.7744954e-18,4.6672627e-13,3.3756893e-09
920000,421,251,0,1.0841848e-11,1.8956949e-11,2.0552136e-12,7.4285544e-17,6.666555e-11,3.2446454e-09
920000,305,13,0,-5.394729e-13,2.6052181e-11,3.4802532e-09,7.196909e-10,1.1541589e-09,4.1635126e-10
920000,459,31,0,-1.1104845e-12,5.717314e-11,3.2572094e-11,1.2222868e-12,3.801162e-11,3.5182668e-09
920000,376,473,0,-4.71631e-13,1.33429335e-11,9.1540904e-14,7.3175806e-21,5.509937e-19,3.1283092e-09
920000,87,420,0,-2.437542e-13,5.006353e-11,2.7758893e-12,5.3337675e-16,1.8772141e-15,3.115434e-09
920000,330,23,0,-7.350213e-13,4.6558042e-11,2.292105e-14,2.4522482e-21,1.8394993e-12,3.5622325e-09
920000,494,479,0,-3.0954734e-13,2.9357586e-11,3.0161484e-11,9.811487e-12,6.201469e-11,3.3052314e-09
920000,85,395,0,6.498015e-11,4.9965983e-11,7.280455e-13,4.487847e-17,2.8119734e-14,1.7774973e-10
920000,46,499,0,-1.7071786e-12,9.598958e-11,6.0320554e-11,1.2849594e-12,2.0199798e-13,3.637224e-09
920000,440,64,0,-7.924836e-13,4.311456e-11,2.036527e-13,6.040547e-20,1.104584e-13,3.3497218e-09
920000,451,270,0,-5.6797954e-14,3.7598404e-11,1.9565892e-12,1.3248129e-16,2.6469956e-13,3.144959e-09
920000,470,17,0,-1.1553665e-12,6.2780975e-11,3.0957992e-12,4.1085137e-16,5.509748e-12,3.274447e-09
920000,439,70,0,-5.4599397e-13,4.1318005e-11,2.9549856e-16,3.6918405e-27,3.3312897e-10,3.5080463e-09
920000,46,467,0,-1.6820297e-12,1.1567433e-10,7.157957e-11,1.9817358e-11,1.0483837e-10,3.282669e-09
920000,213,3,0,-8.8336055e-13,4.5296347e-11,8.505628e-12,2.4356351e-14,3.0910035e-11,3.2843426e-09
920000,17,364,0,-8.8731415e-13,2.8046853e-11,2.4734364e-11,1.1619423e-13,2.624679e-12,9.9125e-10
920000,314,2,0,-4.3160083e-13,2.969113e-12,1.0416753e-11,6.2993696e-15,1.8134831e-17,3.2521283e-09
920000,86,301,0,-1.9107608e-13,1.1761665e-11,1.8692022e-11,4.2730392e-13,3.320897e-10,3.5384633e-09
920000,142,168,0,1.2955045e-11,6.53994e-12,7.272688e-16,3.7894213e-25,2.1019981e-22,1.9923563e-10
920000,392,121,0,3.2765162e-11,9.760104e-12,5.2195966e-14,5.065932e-21,1.4034819e-20,3.204161e-10
920000,440,441,0,-1.3395252e-12,7.988201e-11,2.7809408e-11,1.8642824e-12,3.8830725e-13,3.3830492e-09
920000,355,476,0,-4.4102658e-13,1.9866773e-11,3.421991e-11,5.9310113e-12,3.8587462e-12,3.3061731e-09
920000,30,485,0,-1.6104599e-12,6.700063e-11,2.5311007e-11,3.7603614e-13,2.1197977e-09,3.2811167e-09
920000,22,209,0,-5.099036e-13,4.595216e-11,1.6657143e-11,8.352496e-14,5.602274e-13,3.2298024e-09
920000,389,66,0,-3.3361233e-15,3.276553e-11,1.6437287e-11,7.492135e-14,2.4595991e-12,3.7987388e-10
920000,1,465,0,-1.8614955e-12,1.3070262e-10,1.01873025e-13,6.5551983e-21,4.160283e-10,3.668599e-09
920000,283,374,0,9.929251e-13,5.1826897e-13,1.157662e-15,1.5984282e-24,3.059591e-29,3.0998009e-09
920000,327,411,0,2.5972134e-13,7.377482e-12,1.0079224e-12,2.6626434e-17,1.16606385e-17,3.040723e-09
920000,36,477,0,-1.5891447e-12,4.4314614e-11,4.2312386e-12,3.2946363e-15,4.7285807e-14,3.3759049e-09
920000,132,362,0,-3.355161e-13,1.9492586e-11,3.813399e-12,1.8707993e-15,2.1512262e-14,3.1208935e-09
920000,60,178,0,-4.3674005e-13,9.96857e-12,4.1600647e-11,3.2601873e-11,9.454192e-11,3.3941994e-09
920000,98,67,0,-5.7365e-13,2.8868425e-11,8.39977e-11,1.846796e-12,5.0752095e-13,3.2777465e-09
920000,354,291,0,-2.0944929e-13,4.514595e-12,7.306836e-38,0.0,5.318583e-21,3.0283358e-09
920000,99,5,0,-1.3540782e-12,8.2418475e-11,5.31015e-13,1.4091538e-18,7.960425e-12,3.5157295e-09
920000,226,432,0,3.9039106e-13,1.1413323e-11,4.6177694e-11,1.0738206e-11,7.402541e-12,3.2163185e-09
920000,282,155,0,-1.7148177e-13,4.864513e-12,1.0957957e-26,0.0,1.0521615e-23,1.3735496e-11
920000,160,196,0,-7.349659e-14,1.4337629e-13,4.5054986e-23,2.496e-42,7.87339e-40,3.8264558e-11
920000,371,74,0,-3.6992496e-13,3.339178e-11,8.530937e-12,7.441813e-15,3.631348e-10,1.7306193e-10
920000,305,182,0,-1.1837214e-13,1.3635547e-12,1.159993e-17,4.1615013e-28,4.4946398e-27,8.4949894e-11
920000,470,211,0,1.186663e-11,2.1448026e-11,4.9342782e-12,4.563926e-15,5.1780798e-17,2.3298952e-10
920000,313,96,0,2.8063363e-12,1.8223265e-11,4.749598e-13,2.0544031e-18,6.1579335e-17,2.1136208e-10
920000,404,407,0,1.4339488e-11,2.5110442e-11,1.2122211e-11,2.7020124e-14,4.515895e-16,1.6252284e-10
920000,467,224,0,2.489602e-11,2.2770037e-09,6.921071e-12,4.949194e-15,4.1188084e-09,2.8014158e-10
920000,312,383,0,-1.827162e-13,1.152131e-11,1.0427817e-13,4.4655746e-20,1.863123e-20,2.0566696e-10
920000,479,109,0,-9.919855e-13,4.551856e-11,5.0060753e-13,2.0110762e-18,3.3842115e-10,4.940338e-10
920000,74,307,0,-2.6334493e-13,2.545468e-12,1.6112025e-13,2.657005e-19,3.2510542e-24,1.3953343e-10
920000,440,420,0,-1.1622162e-12,2.4002569e-11,9.098216e-12,1.5778242e-14,1.0007806e-13,5.513835e-10
920000,243,244,0,-8.294598e-16,2.7558582e-22,0.0,0.0,0.0,1.7981441e-11
920000,128,240,0,-1.0591893e-13,7.630316e-13,9.377696e-16,3.8302515e-25,8.501535e-27,3.66431e-11
920000,98,199,0,-1.3199019e-13,1.953028e-12,3.2723697e-22,2.54823e-40,1.22240584e-23,1.2779276e-10
920000,436,409,0,-1.101071e-12,5.2377706e-11,3.4449887e-11,5.964181e-12,3.2005745e-11,3.9588408e-10
920000,221,195,0,-9.1016164e-14,6.918334e-13,2.9754594e-33,0.0,3.1777456e-31,2.3008255e-11
920000,246,465,0,-4.3193688e-13,1.7300215e-11,2.3602382e-11,1.2476297e-12,2.6251262e-12,2.0443876e-10
920000,273,104,0,4.0587308e-12,2.4690744e-11,3.043621e-13,1.3594675e-18,6.936561e-11,3.4113115e-11
920000,424,259,0,2.7767207e-12,2.5401053e-11,2.0755847e-12,6.3039427e-16,6.454922e-16,7.329282e-11
920000,397,416,0,7.159209e-11,3.615613e-11,1.5443025e-11,3.9369736e-13,4.712634e-14,2.6360075e-10
920000,199,150,0,-3.27651e-13,2.4839542e-11,2.8555587e-21,5.716752e-38,6.4190444e-13,5.283208e-11
920000,108,120,0,7.10475e-12,8.233789e-12,2.5858265e-17,8.339179e-27,4.371055e-21,8.546011e-11
920000,151,34,0,-7.2502686e-13,1.7191679e-11,1.2466455e-11,4.9200597e-14,5.5635305e-16,7.7907125e-10
920000,474,73,0,-1.2610366e-12,5.737641e-11,2.2066989e-11,2.4039009e-12,8.277927e-13,5.224328e-10
920000,479,251,0,1.8051737e-13,3.427253e-11,1.6309647e-13,4.168489e-20,3.331077e-10,3.097223e-09
920000,87,112,0,-6.125395e-13,6.763343e-11,3.6554136e-12,6.409869e-16,3.5234766e-11,3.496243e-09
920000,163,13,0,-6.4905535e-13,1.2472866e-11,4.9351127e-11,5.852095e-11,4.980836e-10,2.5075242e-10
920000,446,350,0,-6.3356406e-13,1.9483538e-11,3.9272405e-12,2.4540353e-15,1.3423142e-16,8.199157e-11
920000,428,26,0,-7.401627e-13,3.7522485e-11,2.2317129e-11,3.512553e-13,7.28806e-11,4.1369144e-10
920000,2,312,0,-6.37851e-13,2.0953458e-11,5.108622e-13,4.9343826e-19,2.3310292e-15,3.986887e-10
920000,445,232,0,4.1975076e-10,3.9000084e-11,1.6394379e-11,5.076799e-14,3.3595948e-10,5.303107e-10
920000,395,7,0,-6.2543037e-13,2.928624e-11,1.5799556e-11,3.711769e-13,2.711511e-14,5.8242544e-10
920000,485,310,0,-1.022137e-12,3.569592e-11,6.564006e-11,2.7490894e-12,2.9567123e-13,4.1381004e-10
920000,8,11,0,-4.8312076e-13,5.1639835e-11,2.1245313e-11,3.512252e-13,1.7330631e-14,8.202288e-10
920000,464,50,0,-1.0707543e-12,4.353562e-11,2.6280466e-11,1.0456641e-12,8.180317e-14,3.9080972e-10
920000,463,320,0,-6.577404e-13,3.8568624e-11,3.463356e-09,7.191879e-10,1.4792931e-09,1.364496e-10
920000,471,208,0,7.656799e-12,2.7881093e-11,9.978251e-12,1.3157107e-14,1.6165035e-12,3.3009226e-10
920000,94,490,0,-1.0067332e-12,1.9505137e-11,3.9394734e-11,4.1804198e-13,7.7167744e-14,3.2653508e-10
920000,488,469,0,-7.229552e-13,4.1787043e-11,5.083135e-13,3.8054434e-19,1.203366e-12,4.1817666e-10
920000,35,348,0,-5.9694534e-13,3.2435138e-11,7.430224e-12,2.5087913e-15,9.894159e-15,2.7894387e-10
920000,443,57,0,-8.603072e-13,3.7519498e-11,1.4504793e-11,2.217229e-14,3.3313163e-10,3.927863e-10
920000,44,446,0,-1.3234028e-12,5.6241563e-11,6.77655e-12,1.10566844e-14,7.0255364e-11,4.3871215e-10
920000,419,443,0,-7.2021545e-13,7.841253e-11,1.1787691e-13,1.354079e-20,3.5645844e-11,4.536679e-10
920000,266,431,0,8.809991e-13,2.9345597e-12,1.399529e-10,1.7825102e-12,2.6787017e-13,2.0145234e-10
920000,470,478,0,-1.0279152e-12,5.6497085e-11,2.0121967e-11,6.531659e-14,5.766933e-12,3.0400485e-10
920000,493,170,0,-3.1855923e-13,1.2854721e-11,3.3887126e-15,1.4253413e-24,6.847209e-11,1.2449558e-10
920000,458,228,0,1.3835863e-10,1.793967e-11,6.133034e-13,7.057651e-19,2.3950658e-14,2.7093275e-10
920000,46,370,0,1.5268589e-12,1.895558e-11,5.840105e-11,1.03863e-11,6.2908485e-12,1.710616e-10
920000,491,66,0,-1.3954443e-12,7.0152814e-11,9.12355e-16,4.083109e-26,3.40309e-11,3.5658704e-10
920000,121,473,0,-8.7388213e-13,5.0666703e-11,2.491345e-12,9.416193e-17,5.6330187e-11,3.5770947e-10
920000,157,414,0,-3.91961e-13,4.03017e-11,5.508032e-13,1.5133121e-18,3.334298e-15,9.822069e-11
920000,468,275,0,-5.743759e-13,3.0830845e-11,4.785925e-12,1.3801234e-15,1.2934012e-17,1.0199791e-10
920000,38,465,0,-1.6617208e-12,9.319672e-11,9.746489e-12,9.726328e-15,3.2932004e-13,3.2056e-10
920000,3,391,0,-1.114477e-12,4.33684e-11,2.0001713e-12,5.728214e-17,1.5961423e-16,4.8612914e-10
920000,22,284,0,-2.8869057e-13,2.8712607e-12,2.1278552e-12,4.8518507e-17,5.3515827e-21,3.8182213e-10
920000,440,466,0,-1.0808754e-12,6.518905e-11,1.1829513e-13,4.7199898e-20,1.8817329e-13,2.2766677e-10
920000,436,334,0,-4.2014322e-13,2.1154108e-11,5.6628996e-17,7.39016e-28,8.542176e-16,6.810682e-11
920000,346,411,0,1.17160335e-11,4.925224e-12,2.50932e-15,5.3259826e-24,3.5691645e-24,2.7370164e-10
920000,88,406,0,9.441979e-12,1.4874775e-11,5.456112e-15,2.8527883e-24,5.7059866e-14,2.660837e-10
920000,443,45,0,-8.67705e-13,5.336015e-11,3.344502e-11,4.8587723e-13,1.2420183e-12,3.8506223e-10
920000,39,29,0,-1.3152459e-12,5.3815504e-11,2.695384e-13,4.897582e-19,3.574604e-11,4.1125728e-10
920000,441,363,0,-6.134796e-13,2.6710007e-11,3.4683745e-09,7.191921e-10,1.1540849e-09,1.7374724e-10
920000,432,425,0,-1.205777e-12,6.37593e-11,2.1393493e-11,1.964314e-13,4.7569054e-12,5.055515e-10
920000,363,11,0,-6.31526e-13,3.0312666e-11,7.118592e-12,4.088619e-15,2.1073054e-12,4.2218526e-10
920000,34,335,0,-5.3622086e-13,9.232138e-12,5.7143886e-12,3.050902e-15,1.1895558e-17,3.0964317e-10
920000,478,28,0,-1.2609454e-12,5.7549764e-11,2.1952947e-12,5.1370437e-17,4.425755e-10,7.177526e-10
920000,481,325,0,-7.1189165e-13,3.596952e-11,5.6537896e-13,6.5427273e-18,6.889302e-12,1.6093338e-10
920000,434,418,0,-1.1536336e-12,4.347067e-11,3.9180097e-11,2.3249623e-12,8.185141e-13,3.7958922e-10
920000,433,447,0,-1.2170722e-12,5.144484e-11,4.4874795e-11,3.1204921e-13,5.3883165e-11,4.849087e-10
920000,476,1,0,-1.1211144e-12,6.9119994e-11,5.2203377e-11,9.230557e-13,1.5035093e-10,7.5906065e-10
920000,414,52,0,-6.754539e-13,3.9361157e-11,3.909825e-11,1.3485684e-12,4.18226e-13,3.2450495e-10
920000,12,243,0,-4.0463756e-13,2.7947207e-11,6.1142404e-11,1.9890775e-11,2.7467764e-11,4.5930082e-10
920000,349,52,0,-7.542626e-13,3.423112e-11,6.1120873e-13,5.402835e-18,2.806911e-13,1.405695e-10
920000,465,270,0,-4.4020386e-13,2.706997e-11,7.041369e-12,4.439822e-15,3.5238746e-16,2.1434977e-10
920000,55,432,0,-1.0753271e-12,4.1945992e-11,3.521108e-09,7.202907e-10,1.1596964e-09,3.7143127e-10
920000,284,5,0,-4.1334812e-13,1.5513493e-11,1.1975366e-11,2.908077e-14,3.6565796e-11,3.2433967e-10
920000,245,39,0,-5.542877e-13,1.7148411e-11,6.9075e-11,9.414615e-11,6.016461e-10,2.1435241e-10
920000,477,297,0,-6.169793e-13,4.3115584e-11,3.4629362e-11,5.772081e-12,1.9606792e-12,4.0710244e-10
920000,97,442,0,-9.95903e-13,3.889796e-11,5.4987273e-12,3.2871021e-15,6.203339e-14,2.6606617e-10
920000,334,451,0,-4.3900671e-13,2.809914e-11,2.134396e-12,5.5130235e-16,1.997177e-15,5.402673e-10
920000,463,371,0,-1.0698596e-12,6.1251254e-11,7.4088115e-13,5.1431485e-18,7.790772e-12,2.6929342e-10
920000,81,479,0,-1.2302819e-12,4.7441488e-11,2.30785e-11,1.4043805e-12,7.557186e-12,3.1056105e-10
920000,448,449,0,-1.3490204e-12,1.0285962e-10,6.1883966e-12,7.08201e-15,1.3929152e-11,7.2120554e-10
920000,482,491,0,-4.574231e-13,6.044948e-11,3.7851737e-13,7.136073e-19,2.8662392e-11,3.4494277e-10
920000,379,341,0,2.25455e-14,9.377786e-12,2.3575168e-11,1.2476297e-12,1.0579215e-13,1.1339881e-10
920000,441,51,0,-8.3616447e-13,3.2619882e-11,3.8560058e-11,5.9461615e-12,3.9137365e-12,5.2972754e-10
920000,77,243,0,-1.392818e-13,8.279195e-12,9.264723e-12,6.871569e-14,3.6117603e-14,6.7262484e-10
920000,264,70,0,4.014628e-11,1.1832622e-11,1.839174e-14,2.054244e-22,2.5592392e-22,3.2549455e-10
920000,119,467,0,-8.608377e-13,4.4456747e-11,1.7294387e-13,4.210483e-20,1.2173277e-13,2.1346427e-10
920000,308,488,0,-2.8585966e-13,8.5989835e-12,5.2324922e-11,3.7548493e-12,3.493217e-13,1.467947e-10
920000,357,474,0,-4.4108386e-13,1.7969003e-11,1.8230417e-11,4.039203e-14,5.5618466e-12,2.6714647e-10
920000,6,317,0,-6.9452983e-13,3.2374353e-11,1.4887288e-11,2.616957e-13,2.2297166e-12,1.1275766e-10
920000,493,36,0,-1.4645489e-12,7.2623796e-11,1.560734e-11,2.0933513e-14,3.353393e-10,4.329406e-10
920000,272,5,0,-4.080249e-13,1.5426153e-11,1.3571812e-11,3.823105e-14,1.0297044e-15,1.87333e-10
920000,49,380,0,3.3551913e-12,2.5888796e-11,4.8735762e-11,1.937375e-11,1.5224396e-11,2.6949476e-10
920000,435,159,0,3.8987893e-11,7.7446445e-11,3.2253346e-11,1.0234679e-11,1.2931776e-10,2.5615085e-10
920000,8,64,0,-1.1062278e-12,5.179337e-11,2.3237118e-12,3.233844e-16,3.259817e-15,2.6890315e-10
920000,477,378,0,-1.194476e-12,6.4077826e-11,6.876534e-17,1.5863254e-28,4.9008887e-11,3.322157e-09
920000,493,395,0,-1.0546542e-12,2.891514e-11,1.4426322e-13,6.357581e-20,6.246439e-14,3.2468321e-09
920000,291,7,0,-4.3773505e-13,1.68324e-11,7.333387e-11,4.0222554e-11,9.0084856e-11,3.3488015e-10
920000,355,62,0,-7.382879e-13,4.2664126e-11,5.5907596e-17,3.7673092e-29,3.2919642e-10,1.1344406e-10
920000,458,282,0,-5.120268e-13,3.2417003e-11,9.649598e-13,5.052287e-17,1.150619e-13,2.1712013e-10
920000,415,432,0,1.1820229e-12,5.9891495e-11,8.5551835e-12,1.7960195e-14,5.7528456e-13,3.340852e-09
920000,66,80,0,-5.3263513e-13,1.6267989e-11,3.9364462e-12,6.3585996e-16,4.1209094e-19,3.27456e-10
920000,62,89,0,-5.4092326e-13,2.4822151e-11,3.3144884e-12,1.1986311e-15,1.3395165e-13,2.500049e-10
920000,301,86,0,5.1453623e-11,3.7278354e-11,2.9605377e-14,8.8161095e-21,4.8675395e-12,8.895731e-11
920000,274,453,0,-3.2457506e-13,1.8601445e-11,3.9989782e-11,3.1643493e-11,9.498031e-11,1.161109e-10
920000,261,10,0,-4.6691085e-13,1.3265794e-11,1.1485377e-11,2.2808981e-14,1.4389007e-16,3.234413e-09
920000,478,114,0,-9.659372e-13,4.4898137e-11,2.4357935e-13,1.7310698e-19,7.639719e-13,6.752638e-10
920000,310,484,0,-2.7976723e-13,3.5160796e-12,5.247862e-11,1.04102464e-11,9.328879e-12,1.6830011e-10
920000,54,18,0,-1.0289093e-12,2.9024153e-11,1.6148122e-13,2.2420058e-20,3.117204e-16,3.4656162e-09
920000,469,59,0,-1.1397958e-12,5.685383e-11,2.5386251e-12,4.471297e-16,4.0640673e-13,3.7461573e-10
920000,439,281,0,-3.577848e-13,1.0654707e-11,5.6331706e-14,4.098325e-20,2.4872195e-20,2.7066402e-10
920000,331,430,0,-4.029665e-14,1.2298409e-11,6.9659575e-15,3.468462e-24,7.946154e-12,1.5508327e-10
920000,477,255,0,-1.9437369e-13,2.5604333e-11,2.2454347e-14,1.8817969e-22,8.8511303e-17,5.760708e-10
920000,22,251,0,-3.6389945e-13,1.2798848e-11,3.196871e-13,1.2633956e-19,2.2448625e-18,2.5210123e-10
920000,443,52,0,-8.534087e-13,3.4000185e-11,2.5443819e-11,1.387183e-12,1.3934176e-13,4.6111823e-10
920000,60,334,0,-2.2248856e-13,1.6190192e-11,9.230845e-12,2.5360644e-14,1.1067169e-16,1.8442554e-10
920000,48,272,0,-1.2954613e-13,8.933387e-12,3.704174e-12,2.0734892e-15,3.960989e-15,6.190332e-10
