mcsteps,xCOM,yCOM,zCOM,il8,il1,il6,il10,tnf,tgf
190000,84,376,0,1.7731931e-09,4.1716335e-12,1.6063888e-20,2.4267261e-32,4.5698604e-22,1.32697455e-11
190000,432,181,0,1.7735802e-09,1.8155365e-12,1.0523569e-14,2.4419653e-20,5.7930487e-22,7.911394e-12
190000,409,105,0,1.7731634e-09,2.0992436e-10,1.668119e-27,8.7853e-41,6.4966206e-11,1.2464473e-14
190000,247,394,0,1.7738206e-09,5.512718e-18,7.867106e-19,1.2803825e-28,8.8498524e-36,5.799727e-13
190000,132,141,0,1.7738107e-09,1.4855611e-15,0.0,0.0,4.343108e-30,1.9971741e-12
190000,286,72,0,1.7729247e-09,2.0986022e-11,1.6780035e-18,8.81296e-28,1.6391651e-18,1.686569e-13
190000,365,385,0,1.7738024e-09,1.9403219e-15,3.649957e-18,5.566956e-25,1.4809476e-29,3.718242e-16
190000,379,420,0,1.773388e-09,7.992705e-12,1.2306819e-17,3.2217625e-26,4.0623486e-19,1.2961138e-11
190000,426,219,0,1.7756637e-09,1.0905543e-15,2.449287e-16,4.714153e-24,1.3217466e-29,1.21455875e-11
190000,444,225,0,1.7754334e-09,6.652051e-13,2.0760996e-15,9.13348e-21,4.0936868e-24,4.289685e-13
190000,413,141,0,-4.620936e-13,4.4944716e-12,2.4046367e-21,3.0189606e-33,4.7297683e-18,9.652901e-11
190000,40,110,0,-1.1363243e-11,2.2720925e-09,1.622305e-20,8.3323336e-32,4.1188084e-09,1.9982651e-11
190000,113,98,0,-3.6379584e-14,6.973327e-16,1.3389902e-15,1.2350159e-21,1.1214742e-25,7.456106e-15
190000,462,81,0,-1.1986884e-11,2.2819666e-09,1.4716982e-16,7.742249e-24,4.118809e-09,5.2449983e-10
190000,125,216,0,-9.044676e-18,5.582854e-28,8.4032796e-23,2.6235801e-33,7.8675e-41,1.2458243e-14
190000,402,490,0,-9.50756e-13,6.849691e-11,1.7341284e-12,4.042078e-16,1.1943376e-13,6.920611e-11
190000,254,155,0,-1.4808839e-17,1.4594329e-25,0.0,0.0,0.0,1.3060236e-14
190000,472,491,0,-1.2227954e-11,2.4302689e-09,6.3199256e-16,2.286002e-22,4.1194963e-09,2.4465738e-12
190000,399,394,0,-1.1515437e-11,2.296314e-09,1.9396751e-14,5.2832827e-19,4.1188084e-09,3.6233167e-13
190000,299,47,0,-6.989411e-13,5.5637695e-12,1.2581967e-25,4.6518e-41,2.7651424e-18,2.821268e-13
190000,40,42,0,-1.4443464e-12,2.1850678e-10,9.437802e-13,5.7772795e-17,3.7159744e-09,1.2566767e-10
190000,440,101,0,-1.2065026e-11,2.3532698e-09,4.5199054e-16,1.4076015e-21,4.1215595e-09,1.22597505e-11
190000,165,55,0,-4.0254668e-13,2.785087e-12,9.87562e-35,0.0,1.296044e-23,3.1609945e-14
190000,348,79,0,-1.3164942e-13,5.949155e-14,0.0,0.0,2.2579405e-28,3.603188e-22
190000,231,11,0,-2.761865e-13,3.7311175e-13,2.8880208e-24,2.4168663e-38,1.1619561e-27,4.498438e-14
190000,133,9,0,-1.561846e-13,7.2002305e-13,2.0920759e-21,6.0005545e-33,5.7157837e-27,1.2580047e-12
190000,414,15,0,-2.8493391e-13,1.0841373e-12,4.1974273e-16,1.3600904e-22,1.5187671e-26,1.2468888e-10
190000,193,461,0,-1.1959161e-11,2.3139168e-09,5.653867e-19,3.1300228e-28,4.1188115e-09,4.118576e-13
190000,60,93,0,-4.297298e-13,4.00242e-12,4.9141404e-24,5.118788e-38,5.824443e-23,6.7134404e-15
190000,432,186,0,2.3680816e-10,2.2722544e-09,5.8524546e-11,4.8055684e-13,4.118837e-09,2.402877e-10
190000,420,80,0,-1.9332898e-13,1.3529159e-13,1.675269e-11,7.9643106e-14,4.1383963e-15,4.3034015e-10
190000,48,154,0,-1.1363628e-11,2.2920872e-09,5.8268397e-13,8.6255145e-17,4.118809e-09,1.7653979e-13
190000,214,467,0,-3.5822758e-13,3.357725e-13,1.6812775e-22,5.244728e-33,8.459207e-23,5.103599e-14
190000,324,160,0,-1.10265954e-11,2.2719089e-09,2.992e-42,0.0,4.1188084e-09,4.0179885e-17
190000,87,385,0,4.926925e-11,2.525576e-09,9.292063e-13,2.478411e-16,4.2123034e-09,1.4083731e-11
190000,493,78,0,-1.1692629e-11,2.2837412e-09,4.075102e-17,4.1798328e-26,4.1188084e-09,1.19139525e-11
190000,166,327,0,-1.1034553e-11,2.2719093e-09,1.8e-44,0.0,4.1188084e-09,1.1329508e-21
190000,84,91,0,-5.540766e-13,2.0119588e-11,9.000862e-14,8.5892563e-19,2.2090975e-19,4.939542e-15
190000,112,451,0,-1.1488328e-11,2.2883722e-09,4.6435177e-17,2.050295e-24,4.1188084e-09,5.265667e-18
190000,26,96,0,-1.2581154e-11,2.3416744e-09,9.923267e-19,6.180743e-28,4.118809e-09,3.087711e-10
190000,40,390,0,-2.4239522e-13,1.8765167e-13,8.270807e-15,1.3691397e-20,1.451687e-24,7.9706254e-14
190000,2,343,0,-1.1563821e-12,1.4522189e-10,6.0113196e-15,2.4860188e-21,5.732314e-14,1.1851717e-17
190000,201,494,0,-1.5641727e-12,1.0309565e-10,1.3764316e-35,0.0,1.4235503e-13,2.363132e-11
190000,176,21,0,-2.183144e-13,7.1735293e-13,2.933726e-17,4.329186e-26,1.0561769e-25,6.629639e-13
190000,115,169,0,-1.1590507e-11,2.2914888e-09,8.803817e-24,8.8092993e-35,4.118809e-09,5.2616723e-16
190000,13,63,0,-1.16518965e-11,2.2748394e-09,5.180871e-20,5.926526e-29,4.1188084e-09,3.6162292e-11
190000,26,147,0,-9.363701e-13,1.3068085e-11,1.26905994e-11,4.976364e-14,2.4425216e-15,1.8247378e-14
190000,449,169,0,2.334259e-15,1.1519654e-11,9.606246e-17,1.446225e-24,6.106413e-19,5.9117664e-18
190000,305,44,0,-1.7337859e-13,5.0626305e-13,1.7013054e-19,1.0124989e-28,2.3875992e-28,4.826785e-11
190000,10,66,0,-1.0131574e-12,9.5786165e-12,4.227545e-18,2.8740108e-27,8.200502e-18,1.4783624e-10
190000,80,316,0,-2.3172995e-13,3.7528236e-12,2.1316294e-19,2.1988648e-29,1.3395683e-20,1.9430096e-12
190000,362,106,0,-4.175806e-14,1.9555037e-15,9.789133e-21,2.1556466e-30,1.7449876e-36,1.0122774e-09
190000,229,101,0,-1.1038219e-11,2.271909e-09,3.069855e-31,0.0,4.1188084e-09,5.7348077e-13
190000,400,152,0,-1.1829535e-11,2.4079476e-09,1.0778315e-15,9.882525e-22,4.1231534e-09,3.5248141e-15
190000,345,363,0,-1.09947555e-11,2.2720144e-09,7.68454e-40,0.0,4.1188084e-09,9.5712466e-17
190000,389,428,0,1.937673e-11,7.173848e-11,2.2342522e-11,1.3853514e-13,6.7659134e-12,1.0249826e-10
190000,449,478,0,-1.1524466e-11,2.2731013e-09,1.7642913e-13,3.7439758e-18,4.1188084e-09,1.5717129e-11
190000,17,479,0,-1.2589438e-11,2.3735758e-09,1.5737184e-13,1.4369533e-17,4.119152e-09,1.0964975e-10
190000,100,46,0,-5.442396e-13,2.59066e-10,7.6125023e-29,0.0,3.8013246e-09,2.5038329e-12
190000,477,350,0,-4.768048e-13,5.8980316e-12,2.2636068e-14,2.7293486e-19,4.6754785e-21,6.8242265e-13
190000,366,449,0,-1.12919075e-11,2.2756348e-09,2.911168e-11,1.12592254e-13,4.1188137e-09,5.4701854e-10
190000,49,490,0,-9.705103e-13,1.9465825e-11,1.2182724e-13,1.3055474e-18,1.3793163e-19,5.6186934e-11
190000,190,468,0,-1.1711603e-11,2.2800868e-09,5.8999097e-15,9.371701e-20,4.1188084e-09,7.427628e-18
190000,442,461,0,-1.1193907e-11,2.2719855e-09,9.659588e-16,3.1019293e-22,4.1188084e-09,2.0192177e-12
190000,477,438,0,-8.3857725e-13,2.9807386e-11,9.000862e-14,8.5892563e-19,1.1085749e-17,9.897854e-13
190000,490,157,0,-5.153538e-13,7.38629e-12,1.9094929e-23,4.941644e-37,2.1487089e-20,3.1524138e-13
190000,361,207,0,-4.3625392e-13,2.1877894e-11,1.6029426e-29,0.0,6.654845e-17,2.4546216e-15
190000,45,20,0,-3.4171567e-13,6.390079e-14,8.9473314e-18,8.798706e-26,2.7933043e-28,2.5684598e-13
190000,423,114,0,-7.6702785e-12,2.3390507e-09,3.4227683e-11,1.4861953e-13,4.1188177e-09,1.3921374e-16
190000,208,2,0,-1.2704397e-11,2.3052513e-09,2.9767202e-12,9.532706e-16,4.1188324e-09,3.998278e-16
190000,439,468,0,-7.977716e-13,8.449878e-11,4.3603203e-19,3.164039e-28,1.6508259e-12,1.6001875e-10
190000,273,57,0,-1.0445376e-11,2.3035513e-09,3.2033787e-20,6.518372e-31,4.1188084e-09,7.3692535e-21
190000,497,428,0,-3.4202873e-13,2.973174e-13,1.1082092e-14,7.8907004e-21,4.8255603e-25,9.6655024e-11
190000,478,371,0,-1.2661507e-12,1.3646105e-10,1.903585e-21,1.3394079e-31,1.2712231e-10,1.3661884e-12
190000,169,6,0,-5.732581e-13,3.042187e-12,3.6939722e-17,7.367549e-25,8.038475e-20,1.25518805e-11
190000,3,76,0,-1.5225909e-13,6.400151e-14,3.28142e-13,1.6527057e-17,2.2149716e-20,3.1653836e-11
190000,334,33,0,-1.3050566e-11,2.3596936e-09,5.967489e-23,7.350066e-36,4.1188613e-09,1.5552147e-16
190000,331,90,0,-3.709816e-13,8.3351e-13,2.18646e-40,0.0,8.941673e-25,6.9765e-17
190000,19,186,0,-1.5266405e-13,6.9711516e-14,4.7125103e-12,1.4580772e-15,6.975851e-18,3.234931e-12
190000,236,481,0,-1.1528725e-11,2.3089637e-09,8.510535e-29,5.5e-44,4.1188097e-09,2.549875e-12
190000,168,21,0,-1.9388755e-13,7.1477526e-14,1.0832411e-12,3.1294408e-16,1.603656e-18,5.1668777e-11
190000,441,65,0,-3.0527664e-13,1.0734859e-12,3.8317546e-20,8.2096194e-30,9.807427e-22,4.276373e-13
190000,110,173,0,-9.801983e-13,1.5091579e-11,3.9118103e-19,6.73996e-28,5.5288678e-18,5.4980895e-13
190000,236,125,0,-1.1038899e-11,2.2719093e-09,2.249e-42,0.0,4.1188084e-09,5.933255e-14
190000,73,158,0,-6.6880854e-14,9.909503e-16,7.416433e-26,3.457782e-39,4.164053e-37,9.6954736e-11
190000,43,458,0,-1.1897327e-11,2.2845645e-09,1.1155648e-10,1.7092985e-12,4.119075e-09,3.1785335e-11
190000,375,21,0,-4.622396e-13,1.1558184e-11,5.2067445e-22,5.6702457e-33,1.981781e-18,4.4609594e-18
190000,116,403,0,-2.6652237e-13,1.6944433e-13,3.0312883e-26,2.812e-41,2.864818e-25,3.13958e-14
190000,349,352,0,-3.3565184e-13,4.2595354e-12,4.64e-43,0.0,2.765142e-18,4.521134e-12
190000,429,489,0,-8.9027077e-13,3.2884823e-11,2.1641105e-22,8.803013e-34,1.096493e-16,1.1982017e-11
190000,381,13,0,-5.417783e-13,3.5684455e-12,3.9891003e-21,1.1008174e-30,7.7432135e-21,4.9758934e-17
190000,333,32,0,-1.2932739e-11,2.3339768e-09,6.489612e-23,8.1651205e-36,4.1188564e-09,1.8117285e-17
190000,191,494,0,-1.1436858e-11,2.274952e-09,1.509995e-33,0.0,4.1188084e-09,8.203519e-13
190000,241,62,0,-4.664705e-13,8.516502e-13,3.8877745e-32,0.0,1.056094e-25,4.0568267e-11
190000,479,151,0,-1.1200392e-11,2.2726345e-09,1.0418846e-17,2.7615688e-26,4.1188084e-09,7.6115676e-13
190000,479,70,0,-1.1474609e-11,2.2722333e-09,6.5520386e-13,1.4805576e-16,4.1188084e-09,2.1660833e-12
190000,208,0,0,-1.580324e-11,2.5541846e-09,8.777704e-14,9.547625e-19,4.128775e-09,1.32814485e-17
190000,415,107,0,1.5367431e-10,2.2738393e-09,7.6377064e-22,2.2939938e-33,4.1188084e-09,7.223888e-18
190000,354,21,0,-1.1029139e-11,2.2719089e-09,3.7415746e-21,2.9017823e-31,4.1188084e-09,6.4260294e-13
190000,302,410,0,-2.4963296e-15,4.94213e-19,3.1465884e-17,1.0643962e-25,8.3372536e-32,2.543066e-12
190000,184,370,0,-1.134173e-11,2.2853373e-09,1.3450703e-35,0.0,4.1188084e-09,6.1640536e-22
190000,38,153,0,-5.6317266e-13,3.393921e-12,1.9761632e-15,2.277186e-21,5.33256e-21,7.496115e-12
190000,43,363,0,-9.443807e-14,9.4468915e-15,1.9601882e-21,5.309515e-31,3.4858117e-33,1.9318588e-12
190000,291,52,0,4.789029e-13,4.3679112e-11,2.994137e-26,1.740756e-39,1.8258727e-15,6.060987e-18
190000,150,470,0,-7.4211573e-13,5.0958692e-11,1.3666069e-23,1.9700328e-36,1.00983e-15,1.4309902e-16
190000,128,382,0,-2.595206e-14,2.5318995e-16,4.1468446e-22,1.890534e-33,8.79214e-37,3.4823344e-12
190000,272,119,0,-8.568509e-14,3.193747e-14,1.5174902e-18,2.5570264e-28,4.7548216e-28,3.1720143e-26
190000,457,419,0,-9.887281e-13,4.480943e-11,4.4721607e-18,4.1396422e-26,1.8598551e-14,9.122584e-11
190000,427,232,0,9.121494e-12,2.4253095e-09,1.1992984e-20,6.8158495e-32,4.11976e-09,3.022793e-13
190000,169,165,0,-5.2552645e-13,3.573691e-11,7.3382e-41,0.0,1.6446181e-16,2.9296603e-14
190000,140,14,0,-6.0123033e-13,9.767811e-11,1.1912604e-22,4.6781747e-33,4.342614e-12,3.737389e-10
190000,205,122,0,-1.2793576e-14,1.6983022e-17,6.122338e-20,4.129182e-31,2.354745e-39,3.5778878e-22
190000,432,107,0,-1.1116163e-11,2.2885394e-09,2.4927542e-20,9.860003e-29,4.1188084e-09,1.8115943e-12
190000,76,333,0,-1.1576577e-11,2.410514e-09,1.051357e-17,1.2606314e-25,4.120403e-09,5.2191254e-13
190000,396,88,0,2.4130773e-13,1.6897256e-12,1.3539915e-15,2.056694e-21,1.0015698e-20,3.8286884e-13
190000,186,25,0,-4.944574e-13,4.2421476e-11,1.1588748e-09,5.4037597e-10,1.0644253e-09,9.717265e-11
190000,419,89,0,-1.0336126e-11,2.3708382e-09,1.1205314e-15,9.7059035e-23,4.1192845e-09,3.5057118e-15
190000,85,301,0,-1.1036056e-11,2.2719089e-09,1.29941e-13,3.4931056e-18,4.1188084e-09,1.2523264e-10
190000,274,225,0,-4.1767015e-25,0.0,0.0,0.0,0.0,0.0
190000,65,304,0,-3.4527906e-13,6.1423414e-12,9.747739e-21,2.281997e-31,5.334333e-20,3.7014727e-12
190000,320,61,0,-1.1176735e-11,2.274238e-09,1.7753481e-13,8.499646e-18,4.1188084e-09,1.2321475e-16
190000,97,1,0,-3.006797e-12,1.7665856e-10,2.355518e-18,1.3860312e-27,2.8314826e-13,4.118788e-15
190000,391,346,0,-1.0689321e-13,1.2114019e-12,6.661293e-12,1.9061059e-14,8.5784924e-16,2.0127466e-10
190000,387,51,0,-1.1382568e-11,2.4079725e-09,2.4906561e-18,4.7462507e-28,4.2163504e-09,3.561639e-11
190000,50,425,0,-1.3654803e-11,3.2796321e-09,7.2513646e-19,3.6963295e-28,8.143825e-09,9.551968e-12
190000,65,66,0,-2.4430306e-13,1.02269e-12,1.1373777e-24,6.528532e-39,1.5967394e-26,2.3105573e-12
190000,72,327,0,-5.245097e-13,1.3429795e-11,2.6282344e-12,5.7752633e-16,4.5132602e-17,9.6641424e-11
190000,78,81,0,-8.0531924e-13,9.040317e-11,1.8908148e-13,2.70937e-17,9.854576e-13,2.7498772e-15
190000,383,427,0,9.606868e-11,1.4363453e-12,1.3204866e-11,1.9471905e-14,3.211622e-16,3.4247144e-10
190000,121,162,0,2.8973602e-14,3.3955014e-13,7.1533635e-35,0.0,1.1278838e-22,2.6046884e-19
190000,232,359,0,-3.0474955e-14,1.947152e-15,6.631968e-11,1.0960365e-12,1.7565247e-13,2.915675e-19
190000,32,139,0,-1.9033765e-12,3.2708522e-10,2.0008132e-15,2.277432e-21,3.842165e-11,6.7717915e-12
190000,312,53,0,-3.7244548e-13,3.418002e-11,6.2573496e-15,3.5808334e-21,5.718686e-17,1.1966235e-12
190000,469,227,0,1.05911794e-13,2.1208347e-16,1.4908544e-14,2.6972568e-19,2.7775795e-22,1.2098362e-11
190000,398,420,0,-9.521204e-12,2.2722042e-09,2.6804033e-17,4.9646405e-24,4.1188084e-09,3.8414306e-11
190000,440,241,0,5.054392e-12,5.9349234e-14,4.764672e-15,5.684774e-21,1.1698858e-24,2.5544829e-12
190000,153,28,0,-4.824383e-13,8.6870705e-11,1.0633142e-28,1.7e-43,2.4548998e-12,1.3635671e-11
190000,342,164,0,-7.7239125e-14,1.02715315e-14,1.2038542e-25,1.4933324e-37,6.7064654e-29,2.9248267e-13
190000,97,421,0,-1.22839265e-11,2.4072857e-09,4.0144502e-19,1.1025567e-28,4.120004e-09,2.8675807e-15
190000,433,66,0,-9.018699e-13,1.3560079e-11,2.1500327e-24,2.2601729e-36,8.067201e-19,1.1152072e-10
190000,470,144,0,-1.1422637e-11,2.2740552e-09,2.8667094e-20,1.2215376e-28,4.1188084e-09,1.7046408e-13
190000,73,41,0,-5.818233e-13,4.633556e-12,5.525207e-18,4.3631425e-26,4.5675743e-22,4.653066e-17
190000,336,375,0,-1.1493597e-11,2.2765212e-09,1.122e-42,0.0,4.1188084e-09,5.98099e-11
190000,210,411,0,-7.6927404e-14,1.11350104e-13,3.5100037e-10,4.3950538e-11,2.7311774e-11,1.2672915e-21
190000,272,475,0,-8.0619994e-13,1.0307363e-10,2.7057259e-20,3.384612e-30,3.434579e-09,1.5738169e-10
190000,360,112,0,-5.758103e-14,9.456344e-15,2.309184e-16,4.6915735e-23,1.2609599e-27,3.0605216e-10
190000,347,476,0,-1.1106001e-11,2.272363e-09,9.618388e-16,3.101861e-22,4.1188084e-09,3.9821062e-14
190000,17,156,0,-6.387237e-13,6.8735456e-12,2.4125447e-15,3.7518105e-20,4.0166298e-19,3.3022938e-14
190000,487,416,0,-7.14504e-13,1.238792e-11,1.1135324e-15,5.0032966e-23,2.1612152e-19,1.6190318e-12
190000,359,317,0,-1.125832e-11,2.3574782e-09,2.753081e-27,3.5e-44,4.123715e-09,6.5612006e-17
190000,165,39,0,-1.1275199e-11,2.2799032e-09,2.8739283e-31,0.0,4.1188084e-09,9.992911e-11
190000,71,381,0,2.0437122e-12,2.286239e-09,1.6196995e-26,3.88e-42,4.1188084e-09,1.21250406e-11
190000,41,463,0,-1.1625122e-11,2.278118e-09,6.700778e-13,3.6296507e-17,4.1188084e-09,1.5981723e-12
190000,29,178,0,-1.10301724e-11,2.2719089e-09,1.1467448e-20,5.8410426e-32,4.1188084e-09,3.157777e-12
190000,478,2,0,-1.2252767e-11,2.4863185e-09,7.8924036e-13,1.9324546e-16,4.377952e-09,5.87954e-11
190000,35,462,0,-1.1462949e-11,2.2729374e-09,1.8067824e-12,1.4186981e-16,4.1188084e-09,8.7423645e-13
190000,236,90,0,-1.5353728e-13,3.0854944e-13,1.1199904e-15,9.705793e-23,1.3380654e-22,2.4282946e-14
190000,37,36,0,-1.20953855e-11,2.3152722e-09,1.6047259e-13,1.9282955e-18,4.118809e-09,3.134178e-13
190000,375,487,0,-1.3484398e-12,1.3780058e-10,1.3476016e-18,1.0794141e-27,9.941811e-13,4.625404e-14
190000,50,210,0,-1.1296328e-11,2.272348e-09,6.318971e-17,7.7183743e-25,4.1188084e-09,2.2511721e-12
190000,117,460,0,-1.1453077e-12,2.3034909e-11,2.68735e-24,1.6502713e-37,6.872802e-16,5.3851793e-15
190000,435,478,0,-4.5830554e-13,1.8241244e-12,8.1058797e-17,1.3322375e-24,4.7773618e-23,1.3338441e-12
190000,230,134,0,-4.777944e-14,2.3114782e-14,1.0764566e-26,9.069e-41,3.5936087e-36,1.4970953e-20
190000,47,402,0,-3.3516988e-13,1.0176355e-12,2.5176735e-20,5.077618e-31,3.1080265e-23,3.136215e-17
190000,379,389,0,-5.317502e-13,2.2719533e-09,1.328124e-15,3.9616675e-22,4.1188084e-09,3.355971e-15
190000,277,59,0,5.841271e-12,9.2211e-11,2.1411938e-15,7.223868e-22,1.340763e-10,1.3626616e-21
190000,402,98,0,5.2887788e-11,1.3285733e-12,2.0548555e-23,2.6728856e-36,5.5943796e-19,1.0758939e-11
190000,152,34,0,-3.216814e-13,4.4481194e-12,1.6127757e-26,3.899515e-39,1.3640718e-21,7.3445194e-13
190000,443,26,0,-1.6244494e-12,1.7776754e-10,3.4040582e-13,5.839462e-17,1.12691995e-10,2.4281333e-10
190000,445,97,0,-1.1827283e-11,2.3409088e-09,8.350734e-21,5.093519e-31,4.118928e-09,3.0092866e-13
190000,111,493,0,-1.1733054e-11,2.3266324e-09,2.0980502e-11,3.5992473e-14,4.1189723e-09,1.8709138e-10
190000,482,90,0,-9.142071e-13,2.0069899e-11,2.376728e-14,1.5517924e-20,2.475828e-18,9.397278e-12
190000,406,496,0,-1.2195357e-11,2.359328e-09,4.13872e-13,2.3199015e-17,4.12219e-09,2.1303306e-13
190000,9,388,0,-1.11510115e-11,2.2719293e-09,3.8437336e-19,5.9228884e-28,4.1188084e-09,1.3668966e-11
190000,337,294,0,-1.1019966e-11,2.2719089e-09,0.0,0.0,4.1188084e-09,1.18e-43
190000,18,300,0,-3.4303222e-13,8.8257944e-13,3.965314e-12,1.0967844e-15,5.096818e-18,1.265159e-10
190000,180,393,0,-6.149757e-15,1.9555956e-18,1.9006363e-37,0.0,0.0,5.7762835e-16
190000,74,288,0,-1.6237855e-13,1.994767e-12,2.0538649e-12,4.0110321e-16,1.7064238e-18,2.3113742e-12
190000,257,48,0,-1.1149435e-11,2.2719162e-09,4.0472315e-24,1.4552398e-35,4.1188084e-09,3.1563838e-16
190000,333,428,0,-3.147945e-13,1.945019e-11,2.4281273e-24,2.204217e-37,2.2038252e-17,1.0805477e-12
190000,331,98,0,-5.28751e-13,8.81004e-11,2.030774e-30,0.0,1.190808e-12,7.536163e-20
190000,272,344,0,-1.7963899e-13,1.1581741e-11,1e-45,0.0,1.977061e-19,6.5827315e-14
190000,193,142,0,-8.937126e-16,7.277739e-21,7.859598e-32,0.0,0.0,5.9527834e-12
190000,225,369,0,-3.2244024e-14,6.7872094e-15,2.6329115e-22,2.455586e-34,2.1430326e-38,4.161339e-11
190000,388,29,0,-2.9931583e-13,5.7663444e-13,2.2616677e-19,9.883916e-28,3.1893394e-26,1.2815406e-11
190000,399,97,0,8.617734e-12,2.2719306e-09,8.842158e-25,3.350264e-39,4.1188084e-09,5.07655e-13
190000,397,434,0,-1.0915337e-11,2.273372e-09,2.71397e-10,5.3750844e-11,4.1582497e-09,5.127389e-11
190000,68,147,0,-4.4972535e-13,3.9660757e-12,4.8197852e-11,6.368962e-13,9.627808e-14,1.0883435e-10
190000,53,292,0,-1.1886102e-13,2.67893e-13,1.3204965e-11,1.9471905e-14,3.211622e-16,3.429301e-16
190000,25,1,0,-2.7157188e-13,1.5021294e-12,1.8555736e-10,4.8847985e-11,3.6771104e-11,6.8008404e-11
190000,13,381,0,-1.16630325e-11,2.4816875e-09,2.8610215e-22,2.5739695e-33,4.1837747e-09,1.0702701e-12
190000,357,9,0,-2.420775e-13,2.725875e-13,1.9956911e-23,1.9788483e-34,4.805703e-28,3.2177047e-14
190000,213,198,0,-1.117896e-21,2.144433e-34,0.0,0.0,0.0,1.4329266e-37
190000,483,473,0,-1.213845e-12,2.2852163e-11,1.3444644e-13,1.087205e-17,4.7472297e-18,4.2717626e-12
190000,108,484,0,-1.16353125e-11,2.27264e-09,1.06410445e-14,2.4420288e-20,4.1188084e-09,3.6624445e-12
190000,52,407,0,-4.529762e-13,5.6236607e-13,1.950924e-27,9.1e-44,6.2253085e-24,5.7647447e-13
190000,66,11,0,-4.746643e-13,8.479402e-12,1.4719389e-11,2.4047697e-14,4.082451e-16,1.149759e-12
190000,17,405,0,-1.492177e-13,1.8198214e-13,8.647096e-12,9.246442e-15,1.3978798e-16,6.3733165e-11
190000,41,4,0,-9.37666e-13,1.13743216e-10,7.0478223e-15,3.4392663e-21,1.3803037e-13,1.01809654e-16
190000,331,28,0,-1.6365595e-13,8.606227e-14,7.0407767e-22,2.369716e-33,1.2225306e-23,2.31109e-18
190000,69,61,0,-2.0448668e-13,1.4340777e-13,1.3370098e-19,3.8674688e-28,1.3255261e-28,2.5695407e-13
190000,31,482,0,-1.4496183e-12,1.6805725e-10,5.464909e-17,2.2294302e-24,6.876258e-13,2.9980112e-11
190000,205,45,0,-5.5347176e-13,3.8341656e-12,3.0300283e-31,0.0,5.387619e-24,2.4075443e-11
190000,415,455,0,-6.672981e-13,2.4210403e-11,3.2098085e-17,1.957555e-23,3.1107918e-19,1.0043107e-10
190000,243,30,0,-1.1955224e-11,2.291596e-09,1.7830212e-17,4.2481406e-23,4.118809e-09,3.7336478e-17
190000,437,417,0,-6.6723764e-13,1.7653927e-11,3.6445326e-13,6.7724834e-18,3.740391e-17,1.3566131e-14
190000,414,446,0,-3.184728e-12,3.5967088e-10,1.2379183e-19,2.0262904e-28,2.9149606e-11,2.0004298e-09
190000,435,63,0,-1.1368433e-11,2.2722018e-09,1.2186224e-19,6.09243e-28,4.1188084e-09,3.281026e-10
190000,387,89,0,-2.0654504e-13,2.2172411e-13,5.480636e-20,1.8074762e-30,1.413995e-24,1.7512176e-10
190000,193,464,0,-1.2350615e-12,9.795439e-12,2.1582912e-18,2.5240813e-25,5.794775e-17,1.0461777e-14
190000,472,487,0,-1.2024053e-11,2.291216e-09,2.1177914e-12,5.4991216e-16,4.1188084e-09,6.920596e-13
190000,131,213,0,-4.7423876e-17,1.062632e-24,1.1715414e-31,0.0,0.0,2.6691557e-11
190000,208,35,0,-1.2142112e-11,2.3156908e-09,7.009185e-27,5.2078e-40,4.1188106e-09,2.4091815e-15
190000,484,0,0,-9.301503e-13,3.8634924e-12,7.330819e-11,5.046059e-13,2.8594934e-14,4.2831835e-10
190000,126,385,0,-6.11321e-14,3.5885046e-15,3.439081e-26,5.012e-41,2.080417e-32,2.6233117e-12
190000,445,235,0,3.9727967e-11,2.2760125e-09,2.911168e-11,1.12592254e-13,4.1188137e-09,3.0904966e-11
190000,472,400,0,-1.1731975e-12,1.1756028e-10,1.3395257e-13,1.0122386e-18,7.974149e-13,5.0371436e-11
190000,393,129,0,-1.1000968e-11,2.2719089e-09,5.9766456e-33,0.0,4.1188084e-09,9.274997e-16
190000,451,316,0,-1.8594456e-13,6.906916e-13,1.1742648e-16,6.3586523e-25,5.254174e-25,1.1497864e-12
190000,472,336,0,-1.1511531e-11,2.2845204e-09,3.5201566e-22,6.9276353e-35,4.1188084e-09,7.251427e-14
190000,261,69,0,7.457902e-14,2.8011289e-15,3.0058864e-29,1e-44,9.666068e-38,9.54558e-15
190000,166,79,0,-3.859303e-13,6.520789e-11,1.7627672e-17,7.7004785e-25,6.891211e-14,4.4426467e-15
190000,128,68,0,-8.404965e-13,3.8213321e-10,3.7950473e-24,8.2330386e-36,3.847321e-09,7.8580084e-13
190000,81,367,0,5.007937e-11,2.284909e-09,5.883076e-24,1.1710258e-35,4.1188084e-09,6.385561e-13
190000,479,28,0,-6.7095526e-13,7.485891e-11,9.455764e-18,1.9665626e-26,6.7580815e-12,1.1975634e-10
190000,70,478,0,-1.0154054e-12,6.491982e-11,1.6835815e-16,1.18627586e-23,1.8604567e-14,1.0404161e-10
190000,210,407,0,-2.8033846e-14,1.5309631e-15,1.3861697e-12,2.8940003e-16,1.2654522e-18,1.0113772e-18
190000,459,208,0,-1.0839213e-11,2.2720534e-09,8.51332e-11,1.9083838e-12,4.119142e-09,1.6362545e-10
190000,311,427,0,-2.6900708e-14,8.735902e-17,1.8838913e-25,1.23235e-39,1.10284e-40,1.1156795e-12
190000,471,366,0,-1.14789e-11,2.2738822e-09,1.1078047e-30,0.0,4.1188084e-09,6.832902e-13
190000,137,26,0,-8.405297e-13,4.1308797e-11,2.0590351e-18,7.360181e-26,2.2985869e-14,2.9025384e-15
190000,351,61,0,-5.05342e-13,1.0007939e-10,4.5801284e-25,6.030515e-38,1.340763e-10,1.03889306e-16
190000,23,69,0,-1.168287e-11,2.3113327e-09,2.5076807e-16,1.9823254e-22,4.1188084e-09,5.5147864e-16
190000,349,11,0,-1.1043433e-11,2.2719089e-09,2.0368716e-24,5.097836e-38,4.1188084e-09,1.1817325e-16
190000,175,133,0,-9.411038e-15,2.2177874e-17,6.631969e-11,1.0960365e-12,1.7565247e-13,5.399046e-21
190000,430,392,0,-7.957518e-13,1.275725e-11,4.4589576e-14,3.351112e-19,8.80012e-20,1.05176015e-11
190000,99,94,0,-2.4624188e-13,8.877994e-12,1.1740299e-19,2.8959918e-27,2.234494e-19,2.6008942e-11
190000,239,168,0,-6.074965e-15,4.7064852e-18,0.0,0.0,0.0,3.357203e-22
190000,461,92,0,-7.8463814e-13,4.413861e-11,8.778773e-20,6.6718027e-28,1.859846e-14,2.0975975e-13
190000,443,285,0,-4.10305e-13,1.2060972e-10,9.606246e-17,1.446225e-24,2.3808947e-12,1.4443312e-12
190000,438,409,0,-1.13487605e-11,2.2719857e-09,5.192556e-11,3.4846968e-13,4.118828e-09,1.6635529e-14
190000,473,192,0,-1.5718655e-12,5.856449e-11,2.1176747e-12,5.4991216e-16,4.6125094e-15,1.218812e-12
190000,442,111,0,-1.1635548e-11,2.274911e-09,6.3189685e-16,2.286002e-22,4.1188084e-09,1.442321e-14
190000,407,261,0,-1.1777584e-11,2.2808317e-09,7.784384e-20,5.163457e-29,4.118809e-09,7.654979e-18
190000,308,461,0,-1.3678637e-15,1.8449296e-22,8.086673e-13,1.3455215e-16,5.548987e-19,6.620197e-14
190000,325,90,0,-1.1622573e-11,2.3265605e-09,3.2e-44,0.0,4.1188235e-09,5.3815635e-14
190000,395,33,0,-2.2585963e-13,8.3920406e-14,4.17468e-18,2.476109e-24,3.8769536e-28,1.5681536e-11
190000,434,167,0,7.098008e-13,2.2820141e-09,2.5592677e-12,2.3289508e-15,4.1188084e-09,7.349429e-15
190000,146,427,0,-9.302531e-15,6.672185e-18,1.0342324e-19,7.289175e-31,4.309667e-39,5.646109e-17
190000,274,42,0,-1.6696266e-13,2.6139362e-14,1.320353e-18,7.029071e-25,5.208419e-29,6.4551246e-12
190000,491,268,0,-1.1324094e-11,2.2736206e-09,7.8640875e-13,1.9324518e-16,4.1188084e-09,1.7011967e-10
190000,103,352,0,-1.1086537e-11,2.2719115e-09,2.8862283e-19,1.8958687e-27,4.1188084e-09,1.283067e-17
190000,294,494,0,-2.0861467e-13,4.83089e-13,7.3633906e-28,1.093e-42,2.0314492e-23,1.5607507e-12
190000,3,404,0,-6.894784e-14,3.6270146e-15,1.4248989e-12,1.6494024e-16,1.3989861e-18,5.834259e-11
190000,480,497,0,-2.6041108e-13,9.899028e-12,2.3195414e-22,1.04476955e-33,1.6145132e-19,9.938391e-11
190000,55,172,0,-1.1397112e-11,2.287062e-09,1.6601104e-12,1.247143e-15,4.1188084e-09,2.8659512e-12
190000,453,46,0,-9.0628937e-13,5.3024595e-11,3.8621857e-18,1.1853234e-25,4.7101553e-17,8.111597e-14
190000,96,10,0,-1.3642184e-11,2.473628e-09,2.953798e-14,1.9639946e-19,4.1188453e-09,8.9064735e-11
190000,359,455,0,-4.772649e-13,2.9874277e-11,1.3491996e-18,2.422333e-27,9.9817334e-17,4.6645686e-12
190000,120,379,0,-1.1328687e-11,2.2789854e-09,1.697562e-24,2.933396e-39,4.1188084e-09,5.645691e-11
190000,446,268,0,-1.12923585e-11,2.2732298e-09,1.7142376e-20,1.3199174e-30,4.1188084e-09,1.23403e-14
190000,393,97,0,-8.412821e-12,2.282545e-09,3.068481e-20,6.9320247e-31,4.1188084e-09,5.809775e-14
190000,321,273,0,-1.23757705e-14,7.354071e-17,0.0,0.0,1.10284e-40,1.9983032e-35
190000,49,116,0,-1.2072697e-11,2.315309e-09,1.4521962e-22,6.142375e-34,4.118809e-09,8.814961e-14
190000,409,260,0,-1.1855882e-11,2.2810303e-09,1.2769406e-17,2.0681797e-24,4.118809e-09,8.003524e-17
190000,356,367,0,8.4565184e-13,1.5020295e-10,1.4904148e-24,1.1697964e-37,8.9688215e-11,2.295044e-17
190000,227,336,0,-5.5370354e-14,8.8404056e-14,5.842512e-31,0.0,2.7293856e-32,6.114849e-19
190000,157,145,0,-3.9047243e-13,3.7082813e-11,4.0490653e-25,7.28147e-39,6.731249e-16,3.4707907e-14
190000,382,410,0,4.4749093e-11,8.994249e-11,7.229759e-19,3.6769436e-28,1.340763e-10,1.4496105e-16
190000,254,465,0,-1.1586352e-13,8.565543e-15,2.4910726e-18,4.749785e-28,7.850054e-32,3.6015963e-14
190000,271,98,0,-3.789942e-13,7.1631017e-12,3.2367976e-23,1.3238889e-33,5.3343786e-20,1.6128664e-23
190000,393,375,0,-1.1311342e-11,2.2733044e-09,1.7743664e-36,0.0,4.1188084e-09,6.507377e-14
190000,137,66,0,-1.1207669e-11,2.2719582e-09,2.7306935e-20,4.0794446e-28,4.1188084e-09,3.4480756e-17
190000,187,133,0,-1.5028686e-16,1.8279769e-23,2.5848476e-19,7.436083e-27,5.618273e-32,2.2560653e-19
190000,472,418,0,-1.1491375e-11,2.3766937e-09,4.521086e-17,1.8444087e-24,4.122109e-09,6.571921e-11
190000,8,488,0,-2.977433e-12,2.610645e-10,5.266015e-18,7.6887137e-25,3.4013838e-09,1.7957957e-12
190000,189,456,0,-1.1434424e-11,2.2736655e-09,2.1371272e-22,1.3039196e-32,4.1188084e-09,9.195095e-12
190000,87,141,0,-1.13948e-11,2.273662e-09,1.6981206e-23,5.7791616e-37,4.1188084e-09,8.782516e-14
190000,229,346,0,-1.2020734e-13,4.3579385e-12,1.3884035e-21,6.00754e-32,3.923623e-21,1.18095e-18
190000,54,133,0,-1.18152935e-11,2.2753006e-09,3.0211087e-14,1.8199479e-19,4.1188084e-09,3.3029194e-12
190000,156,175,0,-4.055696e-15,4.8366615e-19,0.0,0.0,0.0,5.379174e-15
190000,249,15,0,-3.970283e-13,2.0000918e-11,4.4699553e-11,2.3754393e-13,1.2630921e-14,3.3835088e-10
190000,254,1,0,-5.279951e-13,1.9195175e-12,3.42075e-26,1.7205e-40,8.5296e-23,1.8627218e-15
190000,267,246,0,-3.8421451e-22,7.07961e-40,0.0,0.0,0.0,0.0
190000,358,142,0,-3.4392725e-13,1.2592262e-11,7.3167523e-22,4.4089675e-32,8.734381e-20,4.6146292e-17
190000,238,153,0,-3.3967448e-14,2.9323398e-15,1.9012805e-36,0.0,1.29133335e-36,3.6758764e-25
190000,182,124,0,-3.0104073e-14,1.2978101e-15,5.621852e-21,3.2940518e-31,2.7836973e-37,1.0859797e-14
190000,204,440,0,-1.4110543e-13,2.4599487e-13,1.4773191e-18,1.4777328e-26,1.2645916e-26,6.4626963e-12
190000,259,52,0,-2.8358392e-13,3.2241354e-13,3.1979845e-26,3.235873e-39,1.2229818e-23,4.3705064e-18
190000,124,340,0,-2.7730455e-13,6.0737027e-12,2.8892514e-26,1.896e-42,5.334333e-20,1.4086409e-12
190000,230,124,0,-1.4736334e-13,3.342671e-13,1.3111986e-37,0.0,9.096368e-28,3.2684543e-19
190000,262,354,0,-1.106612e-11,2.2719238e-09,7.7317316e-36,0.0,4.1188084e-09,1.1018434e-17
190000,341,335,0,-1.1245566e-11,2.310608e-09,1.5578372e-38,0.0,4.1188555e-09,1.2648777e-16
190000,402,67,0,-1.13641796e-11,2.2814781e-09,1.10939355e-10,1.7092557e-12,4.119075e-09,5.197234e-12
190000,234,345,0,-4.326165e-14,2.9217138e-14,2.8646904e-22,1.5038392e-32,1.1830393e-30,1.5447483e-15
190000,431,262,0,-9.276712e-14,1.0055262e-14,1.2685344e-25,3.8789738e-38,7.904373e-28,8.928592e-11
190000,417,440,0,-1.2717131e-11,2.4126172e-09,6.446367e-16,1.5174607e-22,4.1198005e-09,7.183839e-12
190000,347,414,0,-1.08298116e-13,1.7326022e-13,5.793258e-27,3.70977e-40,2.2919349e-28,3.4065138e-14
190000,232,300,0,-5.9234536e-17,8.0008655e-24,0.0,0.0,0.0,1.0168352e-34
190000,407,348,0,-1.1072059e-11,2.2719162e-09,2.8222364e-29,1e-44,4.1188084e-09,1.7429463e-14
190000,273,345,0,-1.86157e-13,1.3855783e-11,7e-45,0.0,2.6358868e-19,5.092905e-13
190000,217,242,0,-4.65398e-22,1.9051714e-35,0.0,0.0,0.0,3.9353447e-32
190000,277,250,0,-4.1695608e-19,3.181769e-31,0.0,0.0,0.0,1e-45
190000,257,34,0,-7.0071303e-13,1.2933214e-10,6.120541e-14,1.6958089e-19,5.673591e-15,4.382587e-12
190000,424,216,0,3.7532455e-10,5.4832654e-14,1.0290162e-16,7.9323364e-24,7.020398e-28,4.624794e-13
190000,219,294,0,-4.022616e-15,5.9603543e-19,0.0,0.0,0.0,5.7753797e-22
190000,229,261,0,-3.4252715e-24,6e-44,0.0,0.0,0.0,0.0
190000,29,227,0,-1.5541745e-13,1.4259444e-12,7.1496383e-16,9.775929e-21,1.5155433e-22,9.0889034e-14
190000,97,87,0,-2.4884454e-13,1.8940767e-12,1.1576463e-15,3.0942273e-22,1.0683446e-24,1.7431814e-12
190000,361,327,0,-2.9179117e-13,1.1247115e-11,3.256711e-17,1.2289909e-25,2.6917826e-20,1.2359233e-13
190000,124,161,0,3.8206355e-13,1.293783e-12,2.8904066e-36,0.0,6.913616e-19,8.5525896e-17
190000,130,95,0,-5.868207e-13,9.503368e-11,1.3307286e-21,1.7438312e-32,4.759092e-13,2.3578282e-15
190000,70,300,0,-3.5198412e-13,1.6056694e-11,1.3035458e-18,1.25638864e-26,6.499023e-18,3.656907e-13
190000,295,281,0,-4.5490336e-15,1.8102558e-18,0.0,0.0,0.0,0.0
190000,289,467,0,-2.8677492e-13,1.4611526e-13,2.2905465e-28,7.12e-43,3.0006843e-29,1.18421e-19
190000,93,102,0,-4.417434e-13,6.53409e-11,1.0758628e-27,1.11e-43,6.891211e-14,9.0454845e-14
190000,77,39,0,-4.877463e-13,3.691769e-12,2.676015e-17,4.964634e-24,2.4684525e-19,3.2395097e-14
190000,407,200,0,-6.3717674e-14,1.1412364e-13,1.6757604e-34,0.0,4.061836e-26,5.3325222e-20
190000,105,83,0,-5.424819e-13,1.0550487e-10,1.2690599e-11,4.976364e-14,3.3027485e-12,2.741006e-13
190000,215,167,0,-2.7653548e-15,9.6059115e-20,8.74052e-40,0.0,0.0,6.87566e-29
190000,247,81,0,-1.748709e-13,1.1542693e-13,1.3317954e-15,1.1642698e-22,4.1715606e-26,1.2941001e-11
190000,24,37,0,-1.6195609e-12,1.7709328e-10,1.0290494e-16,7.9323364e-24,1.199959e-10,2.3260749e-12
190000,407,267,0,-6.89742e-14,1.0486358e-14,4.261368e-25,2.53504e-38,8.1502037e-25,5.6136414e-21
190000,272,230,0,-3.0248635e-24,0.0,0.0,0.0,0.0,0.0
190000,197,86,0,-1.7132464e-13,1.0722628e-13,1.1199904e-15,9.705793e-23,4.6722034e-26,7.016517e-11
190000,251,342,0,-8.7668836e-16,6.953461e-21,1.17004e-40,0.0,0.0,7.862329e-13
190000,287,370,0,-2.6904993e-16,4.7528933e-23,1.3963373e-30,0.0,0.0,3.0915527e-15
190000,337,136,0,-1.0980249e-13,2.0056862e-12,4.516931e-25,6.6611e-40,4.8311558e-23,4.1038076e-12
190000,175,165,0,-5.112831e-13,1.013302e-10,1.35e-43,0.0,1.2712226e-10,8.85829e-18
190000,250,409,0,7.888647e-12,6.7772203e-12,5.112379e-13,3.183289e-17,1.2430826e-19,1.2325437e-12
190000,393,417,0,1.1250143e-11,7.7248207e-13,3.3427443e-16,6.918619e-23,7.4408383e-25,1.4660935e-12
190000,275,202,0,-1.692464e-27,0.0,2.015072e-38,0.0,0.0,1.0686725e-37
190000,322,369,0,-2.0208226e-13,6.503361e-14,8.957402e-39,0.0,1.5834285e-27,1.0607465e-19
190000,217,333,0,-2.389294e-14,1.0385575e-15,3.1808462e-33,0.0,7.5921555e-38,9.3022303e-14
190000,430,309,0,-2.4447827e-13,1.0589979e-11,3.746112e-19,2.6359564e-27,1.3332292e-19,1.3350104e-12
190000,217,414,0,-3.8837646e-14,1.2085225e-15,2.1971598e-14,1.3203592e-20,4.670726e-25,1.7473132e-17
190000,288,261,0,-2.4479451e-15,2.7693978e-19,0.0,0.0,0.0,1.3018e-41
190000,393,301,0,-1.0305743e-13,1.2199004e-13,1.314771e-28,4e-45,1.5837582e-24,1.1666305e-17
190000,301,353,0,-1.7397431e-15,1.6589224e-20,3.9e-43,0.0,0.0,8.662474e-17
190000,376,272,0,-9.514141e-15,1.746464e-17,0.0,0.0,3.0848e-41,6.16152e-27
190000,164,135,0,-2.4739984e-13,6.7406384e-12,1.550089e-13,4.6710347e-18,8.441383e-21,5.256158e-21
190000,208,381,0,-5.6234824e-16,5.114899e-22,1.0198588e-21,4.987643e-32,2.124661e-39,1.3426005e-13
190000,440,1,0,-2.1229778e-13,3.4646404e-13,7.607827e-23,7.0457827e-34,1.9540658e-26,6.5170702e-15
190000,206,404,0,-1.6408233e-14,3.1038268e-16,1.04188535e-17,2.7615688e-26,2.0202042e-32,2.6383966e-18
190000,373,247,0,-1.5525608e-13,1.6463275e-12,2.09e-43,0.0,3.681429e-21,1.7675553e-13
190000,411,226,0,4.905392e-12,4.462084e-16,1.199298e-20,6.8158495e-32,9.0738246e-38,1.01211174e-13
190000,361,270,0,-2.257682e-14,1.5023007e-16,0.0,0.0,2.8931e-41,1.6809826e-26
190000,218,306,0,-1.7386995e-13,8.2783395e-13,0.0,0.0,4.360312e-23,1.389647e-26
190000,371,242,0,-4.2996944e-14,1.5113871e-15,0.0,0.0,1.302783e-35,1.8796185e-16
190000,339,75,0,-3.0104993e-13,3.2607363e-12,4.4878e-41,0.0,3.712441e-24,2.133602e-19
190000,232,90,0,-1.8991099e-14,2.391733e-16,2.6233736e-19,3.3414466e-29,1.19281945e-32,2.3011341e-12
190000,346,94,0,-1.6590203e-13,2.1664517e-13,1.0960517e-36,0.0,2.028075e-30,2.7705206e-13
190000,27,346,0,-1.5527457e-12,1.9003198e-10,2.4115544e-17,2.5898935e-25,1.2561398e-12,1.1275293e-11
190000,225,170,0,-1.2553384e-14,1.02637795e-16,1.32e-43,0.0,1.5979e-41,3.4762894e-32
190000,483,201,0,-1.4653946e-13,7.475541e-14,5.122397e-19,6.675996e-29,2.479145e-29,1.7258014e-11
190000,187,282,0,-1.09849494e-13,1.7110773e-13,5.75393e-40,0.0,4.436366e-27,8.262336e-20
190000,265,306,0,-3.3965626e-18,1.6009578e-28,0.0,0.0,0.0,7.123559e-22
190000,464,140,0,-2.534124e-13,7.5901714e-13,5.860786e-14,1.953573e-18,2.4993343e-21,6.3619536e-13
190000,373,274,0,-3.7282774e-15,1.5655618e-19,0.0,0.0,0.0,2.2126937e-29
190000,188,378,0,-2.957314e-13,1.7241299e-11,2.9971718e-36,0.0,9.102321e-18,1.0338175e-26
190000,341,176,0,-1.3556284e-13,1.3860413e-13,1.3822748e-11,3.7145258e-14,1.626697e-15,1.6434882e-12
190000,255,66,0,-6.9373496e-14,2.261546e-15,1.3642674e-34,0.0,2.015639e-34,4.3848874e-12
190000,198,457,0,-1.3210175e-12,9.4987775e-11,2.5342212e-13,1.14730414e-17,6.062426e-15,1.2047692e-10
190000,141,199,0,-2.3263807e-14,9.603274e-16,1.755205e-36,0.0,5.96657e-40,5.5879393e-22
190000,88,152,0,-2.1872813e-13,8.88341e-13,1.3351544e-35,0.0,1.5753073e-24,1.9839968e-11
190000,128,23,0,-9.997324e-13,3.0879632e-11,1.1802653e-26,3.2181e-41,1.7037364e-16,1.0379337e-12
190000,296,28,0,-5.6193353e-13,9.058937e-12,7.8676126e-19,1.2803825e-28,4.308411e-21,4.1727137e-14
190000,224,403,0,2.5899139e-14,2.71811e-14,3.3909605e-12,2.2838719e-15,3.070147e-17,1.3429536e-14
190000,259,176,0,-2.3800085e-20,1.954186e-34,7.1171417e-28,3.61332e-40,0.0,3.238886e-13
190000,89,345,0,-2.6434123e-13,1.642945e-12,2.003552e-21,9.9688e-32,2.1330011e-21,5.2333826e-14
190000,178,153,0,-2.3211316e-13,8.4992825e-13,2.1251012e-31,0.0,2.1636318e-23,6.4626824e-12
190000,171,273,0,-2.0985074e-18,7.2241406e-28,0.0,0.0,0.0,2.118195e-18
190000,497,312,0,-4.329578e-13,2.3566286e-11,1.9315936e-25,9.2573e-40,2.2038346e-17,1.5652379e-11
190000,35,261,0,-1.00084254e-13,3.2583562e-14,9.5677745e-20,7.289175e-31,1.1430233e-30,1.3353744e-16
190000,250,145,0,-2.152591e-17,4.7152857e-26,0.0,0.0,0.0,2.4932133e-15
190000,4,18,0,-4.5950223e-13,2.8611577e-11,2.9693406e-10,5.1232806e-11,3.5594402e-11,4.0707224e-10
190000,310,92,0,-1.809661e-13,1.4259455e-13,0.0,0.0,1.5837582e-24,2.1885653e-14
190000,159,259,0,-2.0476243e-23,2.62e-43,0.0,0.0,0.0,2.5176442e-28
190000,16,100,0,-8.37891e-13,2.1468943e-11,2.076097e-15,9.13348e-21,1.989113e-18,1.2322977e-11
190000,428,209,0,4.8955673e-11,5.0674954e-13,3.369901e-16,6.595205e-24,3.3808907e-25,2.0368e-12
190000,357,215,0,-5.061901e-13,2.0891901e-12,5.8712744e-24,1.17102254e-35,8.391447e-19,1.7863036e-11
190000,197,419,0,-3.6638439e-13,4.1249996e-11,2.5739998e-23,6.7649614e-35,1.859846e-14,2.9279948e-20
190000,16,82,0,-1.310395e-12,3.058961e-11,3.5289333e-16,8.872759e-23,4.9698897e-17,2.4028186e-11
190000,90,393,0,1.7266291e-12,2.9661575e-11,8.4099456e-16,9.3418865e-23,6.5005738e-18,2.0845942e-12
190000,42,256,0,-5.0550448e-15,3.2507133e-18,3.2753208e-21,2.4942746e-31,1.7033325e-38,2.414145e-16
190000,168,210,0,-1.272586e-19,8.090724e-29,2.5412254e-32,0.0,0.0,1.3535057e-13
190000,245,481,0,-4.8440933e-13,6.8511335e-11,8.281925e-19,1.6219556e-27,2.7509436e-12,8.513192e-13
190000,292,29,0,-7.120606e-13,3.986421e-11,3.007667e-22,3.3352012e-34,3.607526e-16,4.5270343e-14
190000,296,219,0,-3.3363836e-22,7.362338e-39,0.0,0.0,0.0,2.8559295e-38
190000,9,188,0,-6.5995045e-13,7.071933e-11,9.304009e-16,3.715909e-22,1.3626536e-14,1.7786549e-10
190000,141,282,0,-3.755575e-17,6.5053237e-25,0.0,0.0,0.0,7.663501e-18
190000,318,198,0,-2.1616271e-17,5.657796e-25,0.0,0.0,0.0,5.115746e-25
190000,247,254,0,-8.04822e-27,0.0,0.0,0.0,0.0,0.0
190000,128,228,0,-9.4789e-18,7.083277e-28,7.256098e-18,9.812802e-25,2.21275e-29,1.7079504e-23
190000,408,160,0,-3.353924e-13,5.876492e-12,1.0778315e-15,9.882525e-22,1.4391893e-22,3.6747317e-13
190000,471,410,0,-4.0054703e-13,4.714136e-13,2.0268489e-14,1.322247e-19,2.3184094e-22,4.028541e-12
190000,293,372,0,-1.1371463e-15,2.14012e-20,3.9588026e-26,2.953e-42,0.0,4.6641033e-12
190000,108,400,0,-7.199721e-13,6.9371947e-12,7.372982e-26,3.320742e-36,2.76536e-18,1.449795e-16
190000,190,160,0,-6.8096245e-14,2.2764681e-14,0.0,0.0,5.8035707e-27,1.5056359e-15
190000,442,94,0,-7.673014e-13,6.544634e-11,1.2068675e-15,3.4938902e-22,1.1943186e-13,2.1571185e-12
190000,282,118,0,-3.693286e-14,4.6327874e-16,7.7253464e-14,9.303428e-19,3.8193472e-22,3.7633492e-28
190000,382,192,0,-2.37745e-13,5.7613246e-12,2.210929e-16,2.0917067e-23,1.9354088e-20,1.1455251e-18
190000,255,293,0,-2.859335e-22,5.5109e-41,0.0,0.0,0.0,1.155e-42
190000,218,267,0,-3.4534713e-20,5.1946403e-33,0.0,0.0,0.0,4.7488526e-36
190000,397,272,0,-6.1774956e-13,1.3924605e-11,2.9690694e-36,0.0,1.8915501e-17,9.4295485e-28
190000,296,378,0,-1.1100715e-14,4.167286e-17,2.2330727e-18,3.8326044e-28,2.654553e-35,1.9319452e-10
190000,418,483,0,-6.7157374e-13,8.5466884e-11,2.4404657e-21,2.498582e-33,3.0709857e-14,2.4376063e-13
190000,289,91,0,1.586904e-12,5.5466655e-14,3.5162e-40,0.0,6.257612e-28,3.1144332e-18
190000,373,294,0,-9.263863e-16,3.8340936e-21,0.0,0.0,0.0,2.755384e-30
190000,85,47,0,-6.8606053e-13,1.0908458e-10,6.4312305e-16,2.7326208e-21,7.063233e-14,3.6501748e-12
190000,54,160,0,-7.427056e-13,5.040967e-12,1.20585415e-14,8.3675104e-19,3.62822e-21,5.983431e-12
190000,160,176,0,-5.7129e-15,4.239637e-19,0.0,0.0,0.0,2.9577778e-13
190000,185,341,0,-4.736419e-15,8.177421e-19,0.0,0.0,0.0,3.9621684e-16
190000,171,257,0,-1.0020188e-21,2.7653379e-37,1.4258338e-20,0.0,0.0,5.7545797e-19
190000,280,121,0,-6.359427e-14,3.3086223e-15,1.4719389e-11,2.4047697e-14,4.0823828e-16,1.1962488e-31
190000,242,288,0,-3.178953e-21,3.0207235e-36,0.0,0.0,0.0,4.44e-43
190000,51,107,0,-8.8093747e-13,1.0696035e-10,2.5489896e-21,6.0565025e-32,2.7985545e-14,4.2969968e-14
190000,182,259,0,-2.3746936e-19,2.7849393e-30,0.0,0.0,0.0,8.417645e-12
190000,237,282,0,-3.5362533e-21,2.1891661e-36,0.0,0.0,0.0,1.16507e-40
190000,495,101,0,-1.0763981e-12,3.0398063e-11,1.9945464e-14,1.24835844e-20,1.0205749e-18,6.167007e-15
190000,224,234,0,-3.3357396e-22,1.957347e-35,0.0,0.0,0.0,3.6529295e-34
190000,197,297,0,-8.073683e-15,1.2382932e-17,1.6891488e-35,0.0,4.82e-43,5.473416e-15
190000,228,199,0,-4.805885e-22,8.8928777e-38,0.0,0.0,0.0,1.0686725e-37
190000,263,200,0,-2.954696e-26,0.0,3.4638456e-23,7.284124e-34,1.4496e-41,2.2502064e-29
190000,238,329,0,-2.7408193e-15,2.486216e-18,1.01e-43,0.0,0.0,3.529787e-14
190000,2,466,0,-2.5405975e-12,2.161542e-10,8.6227644e-19,2.208881e-27,6.984245e-14,2.9888299e-09
190000,376,453,0,-4.2673086e-13,3.4188374e-11,1.0113747e-23,4.8425697e-36,4.9924275e-16,4.743901e-12
190000,97,267,0,-2.1869996e-13,8.1834765e-12,5.162144e-22,5.459831e-34,6.816388e-21,1.196025e-14
190000,225,395,0,2.3616837e-13,3.951398e-11,1.2187457e-14,2.2700712e-20,1.1499248e-14,3.1933098e-09
190000,349,107,0,-4.2894215e-13,9.210791e-11,5.950363e-20,1.8093068e-29,4.342614e-12,5.044547e-17
190000,448,459,0,-4.2592338e-13,1.353038e-12,1.6606585e-12,1.2471433e-15,1.7710218e-17,2.99132e-09
190000,354,475,0,-9.134437e-13,2.2730968e-11,1.6751357e-11,7.9643106e-14,4.8256767e-15,2.9887868e-09
190000,166,482,0,-2.341108e-13,6.588937e-12,4.375595e-11,2.3748614e-13,1.2408869e-14,4.7813125e-12
190000,413,425,0,-5.706972e-13,2.3054293e-11,5.48807e-19,5.9095794e-29,2.859744e-17,2.997401e-09
190000,47,81,0,-3.0613847e-13,1.517634e-12,7.256098e-18,9.812802e-25,8.498166e-25,3.1140739e-09
190000,471,350,0,-7.75597e-13,1.960931e-10,6.215409e-20,3.4448635e-30,3.7159742e-09,3.0056633e-09
190000,7,230,0,-1.8500948e-13,2.6174378e-13,2.5332236e-12,7.312831e-16,3.488826e-18,2.9888632e-09
190000,406,72,0,-3.1562432e-13,6.9063935e-11,1.5868933e-16,2.883741e-23,4.431737e-14,4.0545426e-13
190000,5,436,0,-5.849903e-13,1.9098076e-11,1.8007809e-11,7.972266e-14,4.140984e-15,2.9932277e-09
190000,61,20,0,-6.0137957e-13,2.3700287e-11,4.4787975e-14,4.3699636e-19,6.095867e-18,1.2620695e-10
190000,279,77,0,8.0863254e-11,2.2505721e-14,1.7218685e-20,6.76217e-30,1.9017076e-28,2.8326007e-12
190000,446,174,0,5.3088298e-12,1.9720178e-10,4.802971e-11,2.9026133e-13,1.1274206e-10,1.0508324e-17
190000,439,171,0,2.3834995e-11,6.3105715e-11,1.3322595e-16,2.0238826e-24,1.0066676e-13,3.3069682e-17
190000,406,350,0,-7.222024e-13,8.899321e-12,1.1622417e-29,1e-45,1.7381211e-16,1.1850188e-12
190000,454,381,0,-6.8107293e-13,8.7548606e-12,2.449292e-16,4.714153e-24,1.664191e-17,8.5053475e-12
190000,439,481,0,-5.0401626e-13,2.4853197e-12,1.389673e-22,2.6427033e-35,2.2005859e-23,3.1555644e-11
190000,310,438,0,-1.3053737e-13,7.147209e-14,1.3324165e-15,1.1643063e-22,1.1875684e-27,5.0865295e-11
190000,380,318,0,-1.746e-14,2.0570128e-16,3.4783628e-27,4.5e-44,4.11e-42,3.0134768e-09
190000,16,131,0,-4.1104625e-13,6.174007e-12,4.136507e-25,2.014102e-39,1.3413389e-20,2.9889757e-09
190000,87,97,0,-2.599263e-13,4.974657e-13,3.965976e-19,8.871812e-28,1.4323295e-28,2.9920324e-09
190000,38,305,0,-7.0995054e-13,4.5461534e-11,2.6107547e-24,1.8639848e-37,1.4579952e-15,2.9887863e-09
190000,412,211,0,5.7631547e-12,1.7225203e-15,1.46075185e-30,0.0,2.3974522e-31,5.0891008e-20
190000,262,84,0,-3.8234766e-13,2.658544e-11,1.3114156e-13,2.1449154e-17,5.6503546e-16,1.5060363e-11
190000,10,29,0,-1.2604501e-12,5.2628398e-11,3.0911109e-18,7.6892144e-27,5.2912237e-16,2.9888991e-09
190000,78,249,0,-2.1275908e-13,6.1986576e-11,1.7255813e-18,5.3872582e-27,3.060096e-12,3.4914044e-11
190000,293,448,0,-3.6799483e-13,2.4709757e-11,6.399365e-30,0.0,1.299534e-17,6.5873885e-17
190000,479,391,0,-8.4983913e-13,2.3900808e-11,1.0304783e-13,3.5946705e-19,3.6589468e-17,4.0741672e-13
190000,460,444,0,-9.019802e-13,5.1326365e-12,2.1998681e-12,1.878512e-16,3.0364526e-19,1.8394084e-12
190000,192,149,0,-2.0356603e-15,2.1659892e-19,1.7256114e-37,0.0,0.0,1.4202246e-14
190000,426,474,0,-5.2760693e-13,8.773583e-12,1.6881975e-10,5.5760652e-12,1.0658784e-12,3.088901e-09
190000,428,416,0,-9.9874e-13,7.44287e-11,7.2617047e-12,6.8788147e-15,2.9170714e-15,2.9887863e-09
190000,480,454,0,-1.9696517e-12,1.06679145e-10,5.897285e-26,1.05076e-40,1.8837585e-15,3.0415228e-09
190000,471,15,0,-1.0215077e-12,7.2564656e-11,9.765908e-18,3.4290862e-25,5.5762893e-14,9.833337e-13
190000,121,295,0,-4.4615597e-15,8.336377e-19,3.59648e-30,0.0,0.0,5.1882297e-17
190000,37,215,0,-1.335383e-13,5.553809e-14,9.437906e-13,5.77728e-17,7.99862e-20,3.0152885e-09
190000,301,15,0,-2.7233568e-13,1.9259173e-12,5.542362e-11,4.1196248e-13,2.347873e-14,2.9932858e-09
190000,293,85,0,9.580078e-12,9.316387e-13,3.5317208e-31,0.0,2.8707772e-25,7.002113e-13
190000,151,498,0,-3.2533218e-13,3.981951e-13,3.622696e-32,0.0,1.512534e-26,2.8375227e-10
190000,426,452,0,-1.0742827e-12,2.217945e-10,5.822882e-14,1.3656735e-18,6.600612e-12,3.805247e-12
190000,2,119,0,-1.5949124e-12,1.2167084e-10,2.997103e-22,4.17427e-33,9.854742e-13,8.2759044e-13
190000,26,457,0,-3.7359615e-13,1.8402406e-12,3.0163557e-15,3.9587087e-21,5.603011e-24,1.1343008e-11
190000,381,69,0,-6.703106e-13,3.914856e-11,3.4622594e-09,7.191878e-10,1.1532751e-09,7.339242e-11
190000,299,119,0,-1.0790931e-14,3.223853e-17,1.8640957e-27,1.22e-43,5.9e-44,5.9723783e-22
190000,96,216,0,-1.4489134e-13,4.4746338e-13,6.7604987e-21,1.0460578e-31,7.180841e-26,2.9887863e-09
190000,49,78,0,-2.4079377e-13,4.872343e-12,1.1853594e-19,2.9062133e-27,1.3716831e-22,3.024122e-11
190000,370,347,0,-5.7998777e-13,6.8954606e-11,3.462259e-09,7.191878e-10,1.1557213e-09,3.1601878e-12
190000,131,176,0,-5.328453e-13,2.097517e-10,1.4828297e-19,2.2827383e-27,6.4966206e-11,2.9887863e-09
190000,471,483,0,-8.1579497e-13,1.6465631e-11,6.4778466e-10,4.4426104e-10,1.0058038e-09,2.9945626e-09
190000,5,455,0,-6.392648e-13,3.862881e-11,7.496129e-18,5.8818644e-27,6.7304523e-16,2.9953078e-09
190000,110,48,0,-4.8829793e-13,6.1452215e-12,5.451746e-18,3.695304e-27,8.135878e-21,1.9331455e-12
190000,484,483,0,-7.3224245e-13,6.2189594e-11,7.5946384e-13,4.784273e-17,1.1943193e-13,2.995092e-09
190000,186,334,0,-1.0519085e-15,4.3546597e-20,0.0,0.0,0.0,1.6314969e-19
190000,63,36,0,-1.3151024e-12,3.9831194e-10,9.9233e-19,6.180743e-28,3.8889976e-09,1.0992254e-17
190000,106,316,0,-3.2083898e-13,1.627683e-12,1.576533e-22,1.2650082e-32,1.4427965e-25,1.5773145e-12
190000,491,412,0,-1.903719e-13,1.7579315e-13,6.3568824e-11,6.3218246e-13,3.926168e-14,4.7062237e-12
190000,55,29,0,-1.3638177e-12,2.134541e-10,3.312867e-14,7.250244e-20,1.0521119e-10,2.9932585e-09
190000,26,243,0,-1.8319684e-14,3.4901864e-17,1.1572825e-15,3.0942187e-22,8.924907e-27,1.3174686e-10
190000,187,244,0,-2.2888853e-21,3.1622124e-33,0.0,0.0,0.0,3.1069641e-22
190000,481,291,0,-2.3885383e-13,1.3742119e-12,3.4622885e-09,7.191878e-10,1.1532664e-09,2.4222763e-10
190000,101,441,0,-5.4425995e-13,2.1955094e-11,2.5726567e-13,3.2086762e-18,6.654975e-17,2.9887863e-09
190000,229,69,0,-8.39968e-13,3.7453377e-11,6.0560303e-30,1e-44,8.3385264e-16,2.989039e-09
190000,183,442,0,-8.222895e-14,4.4318417e-14,3.1524587e-33,0.0,2.4049534e-29,1.0219968e-15
190000,258,66,0,-3.890174e-14,8.8205175e-15,6.8473957e-32,0.0,4.5559334e-37,8.483738e-14
190000,321,477,0,-1.00963156e-13,2.955137e-14,1.5162895e-12,4.5929695e-16,5.3336705e-18,4.101788e-11
190000,103,28,0,-4.124511e-13,3.5097935e-11,2.3330879e-15,3.255924e-20,6.7304454e-16,2.0412609e-11
190000,38,490,0,-7.6133566e-13,3.1592496e-12,6.000049e-13,8.629146e-17,3.4545425e-19,3.1711376e-09
190000,298,414,0,-6.017507e-16,1.4570622e-21,1.1675038e-11,1.5503417e-14,2.48415e-16,2.9897764e-09
190000,69,135,0,-9.441897e-13,7.471814e-11,5.8524546e-11,4.8055684e-13,4.1813243e-14,5.0735995e-11
190000,273,315,0,-7.5986987e-16,9.163723e-21,0.0,0.0,0.0,2.9887863e-09
190000,478,103,0,-9.88603e-13,1.2494569e-10,5.8999106e-15,9.371701e-20,6.1158e-12,3.0296366e-11
190000,5,71,0,-5.6015484e-13,3.0377825e-11,2.0568516e-11,1.1707005e-13,9.4997904e-15,3.1019265e-09
190000,456,305,0,-3.3585607e-13,1.1609792e-11,2.8757467e-15,3.8731245e-22,1.1634299e-19,2.988815e-09
190000,168,227,0,-2.9487453e-23,1.8027606e-37,5.453314e-30,7.75e-43,0.0,7.0168445e-23
190000,303,51,0,-2.7115213e-13,4.503737e-12,1.6423554e-24,1.6039869e-38,5.0738202e-20,1.6060375e-14
190000,454,201,0,-1.0430028e-12,8.055002e-11,2.5597577e-13,2.9790824e-17,1.3627882e-14,2.9935687e-09
190000,217,348,0,-1.4143054e-13,2.343864e-12,1.9942494e-17,6.657681e-26,2.4746807e-24,2.7104687e-19
190000,92,288,0,-3.0191378e-14,2.2291423e-15,5.4999633e-12,1.9000774e-15,9.35954e-18,9.488502e-16
190000,459,256,0,-1.729479e-13,1.0995486e-13,1.9671448e-13,2.1729702e-18,8.462351e-22,5.5378535e-11
190000,154,489,0,-6.582113e-13,1.8662934e-10,2.7755528e-21,1.0925842e-32,7.340414e-11,4.4178155e-12
190000,201,256,0,-6.77482e-20,2.0292933e-31,0.0,0.0,0.0,2.9887863e-09
190000,385,194,0,-6.877498e-14,3.2617175e-14,5.4876496e-16,1.3442627e-23,4.0676703e-29,9.737771e-19
190000,127,27,0,-2.7659249e-12,1.0035914e-09,1.3253166e-23,5.5034674e-36,4.0250163e-09,2.0197177e-15
190000,84,295,0,-3.2482443e-14,3.5195752e-15,7.247282e-20,1.0315089e-29,1.7089537e-36,3.5361107e-13
190000,400,20,0,-4.3238286e-13,6.525429e-11,2.7104806e-18,7.2976456e-26,6.891211e-14,5.5414674e-14
190000,326,467,0,-2.5466985e-13,1.15192265e-11,1.69759e-17,1.7515598e-25,1.1634298e-19,1.6663731e-15
190000,408,168,0,-1.8675057e-13,4.8537134e-12,1.8877106e-24,3.1276817e-36,1.3716831e-22,1.7779367e-10
190000,495,116,0,-1.0973969e-12,9.529734e-11,2.1027894e-14,1.07669835e-19,6.8921174e-14,3.0205065e-09
190000,152,413,0,-4.9117553e-14,2.6125232e-15,6.120541e-14,1.6958089e-19,2.0270104e-23,6.3145276e-21
190000,104,34,0,-4.1838546e-13,2.3527132e-11,2.3650823e-14,1.6726971e-18,1.30009466e-17,3.087741e-09
190000,272,398,0,1.0882926e-13,3.2898717e-17,9.826084e-16,6.521472e-23,1.2770467e-27,2.9887863e-09
190000,11,467,0,-1.3134349e-12,2.0120813e-11,1.9025899e-11,4.1710786e-14,8.4023863e-16,1.4747683e-12
190000,430,296,0,-2.5129516e-13,1.0590999e-12,7.993665e-11,1.6251375e-12,2.759281e-13,2.9893255e-09
190000,157,433,0,-8.2831535e-14,1.1775765e-14,1.4267324e-20,4.6671508e-37,1.4869595e-27,3.9638098e-17
190000,330,406,0,-1.5466415e-13,1.2113857e-13,4.0174335e-24,2.1178264e-36,4.538434e-29,2.0835459e-13
190000,447,388,0,-3.8362174e-13,8.58672e-14,2.2342494e-11,1.3853514e-13,7.832056e-15,3.9496063e-11
190000,149,434,0,-4.638641e-14,4.505152e-15,3.462259e-09,7.191878e-10,1.1532664e-09,1.7106386e-12
190000,134,12,0,-2.4894645e-13,7.470736e-12,1.0674031e-24,4.482806e-39,1.1430328e-19,2.9889642e-09
190000,452,74,0,-7.99348e-13,5.7849238e-12,5.5786633e-22,4.3508292e-34,1.827514e-19,6.145284e-14
190000,383,25,0,-5.22139e-13,1.2922327e-10,3.7363379e-19,5.7820423e-28,1.9704097e-12,2.9888512e-09
190000,208,469,0,-1.1522806e-12,5.5540777e-11,2.948487e-17,1.9707372e-23,7.118028e-14,9.336905e-15
190000,65,138,0,-1.0186224e-12,1.3936295e-11,1.4719389e-11,2.4047697e-14,4.0885277e-16,2.9906222e-09
190000,30,255,0,-1.0924645e-13,4.2383157e-14,4.1130912e-29,0.0,4.5101923e-32,1.4451678e-15
190000,303,38,0,-2.537691e-13,4.3995447e-13,9.954646e-15,5.4238148e-21,1.8969441e-25,5.1748335e-11
190000,109,277,0,-2.4213503e-13,1.0637162e-11,2.3362435e-22,2.5622781e-33,1.3332292e-19,1.5103311e-11
190000,153,207,0,-4.302231e-17,1.5780599e-25,7.3167523e-22,4.4089675e-32,2.231224e-39,2.9887863e-09
190000,24,385,0,-4.6590385e-13,6.2177515e-13,2.234258e-11,1.3853514e-13,7.832056e-15,2.9933025e-09
190000,392,106,0,4.0578096e-12,3.0179938e-13,1.7341122e-12,4.042078e-16,1.819726e-18,9.106202e-12
190000,370,336,0,-2.7204205e-13,1.0656843e-12,4.1353496e-13,2.3199008e-17,3.2004927e-20,3.9720482e-14
190000,53,61,0,-3.332879e-13,1.0200934e-12,1.0407036e-13,1.8483593e-18,1.8313203e-21,4.7806004e-12
190000,444,243,0,2.730228e-12,3.3025008e-14,1.27177686e-14,3.1417716e-19,3.6154518e-22,9.9719795e-11
190000,19,212,0,-5.6136606e-13,2.225858e-11,4.36763e-13,2.0723295e-16,1.7099973e-16,3.7282986e-11
190000,366,491,0,-3.6869235e-13,1.301174e-11,1.660473e-21,5.216443e-34,3.0476638e-18,1.2826389e-10
190000,259,66,0,-3.0230928e-14,2.1278183e-14,1.0033377e-30,0.0,4.770733e-35,1.9652098e-14
190000,227,44,0,-3.886085e-13,2.4866467e-12,1.1237927e-12,1.7225724e-16,6.907415e-19,8.518007e-16
190000,343,38,0,-9.4005526e-14,2.6267972e-14,1.7387282e-19,5.1718535e-30,3.3630912e-31,2.9894098e-09
190000,177,417,0,-1.6106802e-13,1.00643526e-13,1.9498229e-16,1.3764744e-22,2.4427719e-26,1.6429824e-14
190000,401,72,0,-3.580597e-13,3.417018e-11,6.508172e-13,3.5817622e-16,5.039025e-16,2.2203252e-13
190000,443,387,0,-4.3393953e-13,3.5007784e-12,7.73658e-15,1.6177758e-20,4.0591672e-22,2.3280027e-10
190000,21,234,0,-9.079739e-14,4.693713e-14,8.086678e-13,1.3455215e-16,5.548987e-19,5.6810015e-13
190000,92,155,0,-1.2794893e-13,1.3835638e-13,3.715235e-30,0.0,4.322121e-27,3.0133993e-09
190000,485,202,0,-6.221227e-14,2.8545601e-15,1.830439e-21,1.708302e-33,6.592783e-36,2.993634e-09
190000,449,289,0,-3.21598e-13,1.6544328e-11,4.1838973e-16,1.360088e-22,1.0153247e-18,2.9899931e-09
190000,495,158,0,-2.7200375e-13,4.832233e-13,3.2057843e-21,1.8092154e-32,4.005314e-25,7.5745495e-12
190000,430,140,0,-1.5341572e-12,6.678966e-11,1.2877364e-23,2.1807067e-36,1.8688638e-15,3.16069e-14
190000,201,160,0,-3.010722e-13,2.9789081e-12,1.5e-44,0.0,9.132482e-20,6.4464467e-15
190000,267,86,0,-3.3561622e-13,8.957184e-11,2.6173345e-16,1.9245267e-23,1.4027748e-13,2.5853841e-14
190000,44,263,0,-8.106468e-14,3.9437935e-14,6.2573483e-15,3.5808334e-21,1.2717742e-25,1.2515224e-16
190000,441,428,0,-1.1733069e-12,7.0777294e-11,1.4190874e-16,7.055803e-25,8.7334696e-15,3.2015743e-09
190000,3,423,0,-6.272859e-13,1.4817834e-11,5.33177e-19,2.0282584e-29,6.317927e-17,3.253165e-09
190000,88,156,0,-3.4036914e-13,2.8614654e-11,8.55602e-33,0.0,1.7033899e-16,3.1668606e-09
190000,5,185,0,-2.4215582e-13,3.9390775e-13,2.1589732e-18,1.956354e-27,3.7112696e-25,3.1224592e-09
190000,145,54,0,-3.7085412e-13,8.558151e-11,1.6838288e-15,1.6480997e-22,4.9068406e-12,2.9887892e-09
190000,441,185,0,5.3400572e-11,1.6470868e-11,1.9547735e-16,4.0477995e-24,7.1459913e-20,6.20394e-11
190000,146,220,0,-4.4979533e-19,5.640899e-31,6.5055356e-14,1.8720522e-18,2.1680107e-21,2.9887863e-09
190000,64,26,0,-6.1208254e-13,3.3041445e-11,3.6350933e-12,3.926832e-15,4.230168e-16,2.996829e-09
190000,130,363,0,-3.9455177e-13,5.6440685e-12,6.5520386e-13,1.4805576e-16,7.125414e-19,1.385984e-11
190000,39,86,0,-4.7965966e-13,2.7005363e-11,6.89297e-16,7.523743e-23,2.4532802e-17,1.8984098e-12
190000,413,492,0,-1.3048679e-12,8.7925264e-11,1.6047755e-13,1.9282955e-18,5.5775354e-14,6.759449e-14
190000,1,437,0,-2.662335e-13,1.607213e-13,1.6370072e-10,4.3831492e-12,7.908947e-13,2.993948e-09
190000,15,385,0,-5.5765164e-13,8.3588015e-12,9.98965e-17,1.9801863e-23,7.2792276e-19,3.5395274e-11
190000,366,135,0,-2.73144e-13,1.0149223e-11,3.4486915e-35,0.0,7.355369e-20,1.8987742e-16
190000,9,491,0,-2.4960927e-12,1.7173593e-10,3.2929107e-14,3.1153363e-18,2.4598203e-12,2.9887888e-09
190000,174,462,0,-2.80636e-13,2.4443452e-11,2.8246205e-20,2.674751e-30,1.820041e-17,2.9896827e-09
190000,51,468,0,-1.0324387e-12,8.9290436e-11,6.3189685e-16,2.286002e-22,1.4128089e-12,3.0575642e-09
190000,150,48,0,-5.375216e-13,1.31799e-11,5.07078e-19,3.2503308e-28,8.68263e-20,2.9889886e-09
190000,494,330,0,-4.649507e-13,1.9679121e-11,1.9579423e-15,5.938394e-22,2.8700907e-16,2.9979328e-09
190000,474,189,0,-1.2049143e-12,9.555219e-11,1.23963805e-14,6.981899e-20,3.4385025e-13,2.9887868e-09
190000,34,127,0,-1.0688523e-12,2.1169181e-11,5.0176694e-12,9.496941e-16,4.2457282e-18,5.0558766e-09
190000,261,483,0,-2.2282553e-13,4.74294e-13,1.0149802e-11,1.2107609e-14,1.8845247e-16,5.804133e-12
190000,427,245,0,4.3041793e-14,2.0022238e-13,3.542695e-18,1.4682736e-25,2.7629865e-28,1.4407385e-12
190000,73,415,0,-1.1499303e-12,7.448076e-11,3.4622598e-09,7.191878e-10,1.1532721e-09,8.3351777e-13
190000,115,11,0,-2.8427475e-13,1.4733334e-12,2.652194e-19,2.5163918e-29,1.56887e-23,2.9913159e-09
190000,42,241,0,-6.152369e-17,6.121345e-25,1.3462418e-18,1.0794063e-27,2.6604557e-34,2.9893625e-09
190000,16,428,0,-5.599723e-13,1.6463305e-11,5.2461376e-11,3.485809e-13,1.9386126e-14,3.250256e-09
190000,56,218,0,-4.6181673e-14,3.6758147e-15,2.3584115e-18,2.534754e-26,6.4502443e-32,2.8951407e-13
190000,1,197,0,-4.969044e-13,2.0121075e-12,6.931115e-11,6.3566226e-13,3.9307818e-14,2.992053e-09
190000,166,162,0,-2.5457002e-13,1.6524625e-13,2.3254925e-37,0.0,5.058656e-29,5.1900622e-15
190000,53,461,0,-6.1612434e-13,2.003472e-12,2.0887096e-15,7.498991e-21,3.7964013e-23,2.992057e-09
190000,400,23,0,-4.0330394e-13,4.413682e-11,1.2674875e-15,4.5014523e-21,1.330597e-15,6.982938e-13
190000,404,14,0,-5.284643e-13,2.7300355e-11,6.954611e-21,6.454245e-30,3.342694e-17,2.9887883e-09
190000,9,50,0,-1.7784169e-12,1.2147522e-10,5.8767493e-13,2.859203e-17,1.4602996e-13,2.9888156e-09
190000,420,344,0,-7.27586e-13,1.874306e-11,1.6995864e-34,0.0,1.209414e-18,3.4857578e-15
190000,31,335,0,-1.2144439e-13,6.4938316e-14,1.6972813e-17,1.7515596e-25,4.2390517e-31,2.990537e-09
190000,498,209,0,-2.1936988e-14,4.4882208e-17,3.4625258e-09,7.1918826e-10,1.1532664e-09,5.901287e-12
190000,210,448,0,-3.3320514e-13,9.7091814e-11,7.016038e-18,5.324204e-27,1.2712226e-10,2.9887863e-09
190000,111,114,0,-2.639199e-14,1.1845921e-15,2.0272351e-32,0.0,1.9933842e-38,7.7752073e-13
190000,74,84,0,-8.624851e-13,1.6726615e-11,1.8210737e-18,3.646366e-27,1.9855091e-18,1.5444196e-12
190000,482,481,0,-7.448139e-13,9.215286e-11,1.6631245e-11,2.9278554e-14,1.3407682e-10,2.997051e-09
190000,125,40,0,-3.0371276e-13,3.308463e-13,4.973239e-22,1.909768e-33,1.635158e-22,1.0821065e-13
190000,466,28,0,-8.2437513e-13,3.9893915e-11,3.382334e-18,1.1807201e-24,2.2564676e-15,1.0510601e-11
190000,81,438,0,-9.613638e-13,3.3497153e-11,8.713643e-18,8.7669724e-26,3.8736934e-17,1.5408168e-12
190000,435,270,0,-4.622645e-13,2.8928554e-11,6.502611e-30,0.0,1.8210952e-17,2.988798e-09
190000,358,460,0,-4.2377186e-13,2.1875795e-11,1.8269772e-24,1.740998e-37,6.654845e-17,2.9698916e-10
190000,100,85,0,-3.4576812e-13,6.0831414e-12,8.500451e-12,7.432669e-15,1.06083095e-16,1.9965254e-09
190000,241,25,0,-1.1063076e-12,7.518294e-11,3.462259e-09,7.191878e-10,1.1532681e-09,1.967567e-19
190000,464,357,0,-3.7098593e-13,2.9310773e-12,8.820848e-32,0.0,9.198013e-22,2.99755e-09
190000,69,201,0,-7.7247697e-13,1.5115675e-10,7.918848e-26,1.893526e-39,1.6951433e-12,2.9901446e-09
190000,96,19,0,-9.350332e-13,3.8789725e-11,2.3030238e-13,7.8450355e-18,6.4168967e-15,5.1178114e-11
190000,155,484,0,-4.542869e-13,3.3757094e-12,2.5795518e-17,1.445567e-24,6.130966e-23,2.9890066e-09
190000,476,488,0,-1.0703057e-12,3.4998133e-11,1.4939174e-14,8.447073e-21,9.059187e-18,1.9429604e-11
190000,98,253,0,-3.308434e-13,9.068727e-12,2.7531552e-27,3.5e-44,6.5358016e-21,2.9912928e-09
190000,19,128,0,-4.4471135e-13,8.5610035e-12,1.0844126e-21,6.0014006e-32,3.3491826e-20,2.9889844e-09
190000,11,104,0,-6.144043e-13,3.3574424e-11,8.5571514e-16,5.9691047e-22,2.5259655e-16,3.0073806e-09
190000,86,81,0,-7.105732e-13,4.136362e-11,3.810929e-11,4.4241862e-13,7.6425235e-14,2.9900267e-09
190000,289,319,0,-1.805569e-13,1.1581741e-11,0.0,0.0,1.977061e-19,1.4182488e-25
190000,388,48,0,-5.3059065e-13,2.3346908e-11,1.6722647e-20,1.1640461e-31,9.596712e-18,3.1155092e-09
190000,382,82,0,-4.0237724e-13,4.4266136e-11,2.6013423e-13,3.9108926e-18,1.0094351e-15,2.9890983e-09
190000,152,330,0,-4.4549493e-13,3.034042e-11,0.0,0.0,3.0637472e-15,1.8943998e-24
190000,130,308,0,-2.1336975e-13,1.151371e-11,3.0864985e-36,0.0,1.1634298e-19,2.0141469e-10
190000,326,110,0,-8.0593836e-14,4.2784337e-15,2.9771818e-21,1.4948105e-31,1.1250065e-37,6.3926707e-15
190000,306,106,0,-4.7163618e-14,2.2600164e-14,1.023e-42,0.0,8.616648e-31,7.6612357e-17
190000,115,209,0,-1.4470765e-15,3.963732e-20,1.0594763e-32,0.0,0.0,2.9887863e-09
190000,147,393,0,-2.3410468e-14,1.0749249e-15,3.4622591e-09,7.191878e-10,1.1532664e-09,3.3430442e-19
190000,85,134,0,-1.4000857e-13,3.7646417e-14,7.1983385e-16,5.516239e-23,5.0399227e-28,2.988795e-09
190000,487,487,0,-5.82493e-13,3.1787758e-12,2.4026425e-17,8.0166486e-26,2.2341785e-21,2.9888716e-09
190000,81,69,0,-4.967319e-13,1.8018944e-11,2.0498153e-15,5.982883e-22,9.102321e-18,6.539418e-14
190000,372,260,0,-2.526458e-13,1.2403842e-12,0.0,0.0,4.4435563e-23,4.509405e-19
190000,462,32,0,-9.473387e-13,1.5018094e-10,3.4622594e-09,7.191878e-10,1.1576119e-09,4.147532e-11
190000,100,69,0,-3.5280885e-13,6.8427135e-12,5.878078e-21,4.1299085e-30,3.0222389e-21,2.9888956e-09
190000,122,448,0,-4.628471e-13,2.5431016e-12,3.462259e-09,7.191878e-10,1.1532664e-09,4.7892957e-12
190000,220,329,0,-9.198361e-15,3.3231515e-17,6.2749975e-37,0.0,0.0,2.4075021e-11
190000,286,5,0,-3.3257267e-13,2.0836683e-11,7.866503e-15,1.3242387e-19,3.648617e-16,2.9898115e-09
190000,466,292,0,-1.9770249e-13,2.4030696e-13,9.767069e-18,3.4290881e-25,6.656782e-27,2.9957343e-09
190000,424,324,0,-1.0655227e-12,5.553945e-11,5.822881e-14,1.3656735e-18,7.1180285e-14,4.1741874e-16
190000,170,397,0,-7.388853e-16,2.6984024e-20,1.0678288e-34,0.0,0.0,2.9482555e-11
190000,457,233,0,7.0111738e-12,5.668093e-11,1.4959437e-22,7.183582e-35,5.599203e-16,9.8958055e-12
190000,79,142,0,-4.3567211e-13,1.10311434e-10,6.745185e-20,7.24364e-29,3.5123207e-09,8.054188e-11
190000,483,388,0,-1.1788679e-12,9.651322e-11,1.0791755e-18,4.7253407e-29,2.9128434e-15,9.853093e-12
190000,188,113,0,-2.3634504e-13,7.0439314e-12,1.5285248e-16,1.3063242e-23,3.3482972e-20,4.9531903e-11
190000,8,226,0,-2.4281515e-13,2.9747812e-12,1.2750089e-12,8.6541796e-16,1.1929032e-17,1.3526132e-12
190000,419,72,0,-2.967495e-13,6.9146494e-12,1.9066117e-13,7.731037e-18,1.3106614e-18,2.989959e-09
190000,330,418,0,-2.0722692e-14,2.8431042e-16,1.08387115e-30,0.0,1.6162e-40,1.6340742e-12
190000,74,467,0,-3.5443534e-13,1.2360562e-13,2.8393727e-20,2.6748703e-30,2.9246568e-30,5.5181207e-13
190000,77,492,0,-5.182508e-13,8.318717e-11,3.2480985e-20,1.418879e-29,5.4982364e-12,1.8305231e-10
190000,411,432,0,-6.2212084e-13,5.2065648e-12,5.8264987e-13,8.6255145e-17,3.454306e-19,2.9890532e-09
190000,123,403,0,-7.1965695e-14,6.308179e-15,6.704354e-22,4.4937556e-32,8.697302e-35,2.9887897e-09
190000,452,245,0,3.5034806e-13,9.919271e-13,9.922857e-15,4.555882e-20,6.115227e-23,4.235395e-11
190000,467,425,0,-9.510617e-13,3.249272e-11,3.470906e-09,7.191971e-10,1.1532665e-09,3.6806586e-12
190000,67,27,0,-5.018079e-13,2.8604673e-12,3.4622647e-09,7.191878e-10,1.1532664e-09,2.300981e-12
190000,454,59,0,-5.151105e-13,1.8926091e-12,4.84317e-12,6.100562e-15,1.02231675e-16,5.7999885e-12
190000,162,79,0,-5.074471e-13,9.086794e-12,1.5500891e-13,4.6710347e-18,1.00437716e-20,2.402804e-17
190000,231,456,0,-4.1998517e-13,1.6764386e-12,7.7253464e-14,9.303428e-19,5.240144e-22,3.0524014e-09
190000,401,486,0,-1.2230987e-12,1.1446139e-10,7.680518e-13,3.8092484e-17,7.0738324e-14,2.0885745e-10
190000,363,360,0,2.0532114e-14,4.8521083e-12,5.793258e-27,3.70977e-40,1.371698e-22,2.9577783e-13
190000,436,30,0,-1.2049007e-12,2.862513e-11,3.7191328e-10,4.623679e-11,2.9465996e-11,3.028089e-09
190000,39,423,0,-6.41471e-13,3.2723045e-12,3.4622674e-09,7.191878e-10,1.1532664e-09,2.3198555e-14
190000,432,479,0,-7.03484e-13,1.8170576e-11,7.22171e-15,3.1730741e-21,2.467026e-18,2.9902898e-09
190000,205,492,0,-1.5415182e-13,6.7248236e-14,5.5348436e-30,4e-45,1.5804451e-27,2.0172868e-10
190000,377,374,0,5.0460395e-12,9.912833e-13,2.864676e-22,1.5038392e-32,1.00125625e-20,7.25986e-13
190000,462,135,0,-4.275278e-13,5.665522e-12,4.802971e-11,2.9026133e-13,1.5613624e-14,3.0776957e-09
190000,156,171,0,-1.8836862e-14,1.6431263e-16,0.0,0.0,1.594615e-38,4.4987492e-14
190000,394,18,0,-6.3082916e-13,1.073825e-11,5.896332e-17,3.9414744e-23,2.498778e-19,1.9800526e-12
190000,120,115,0,5.597736e-15,4.700445e-16,5.89027e-40,0.0,5.3395264e-35,2.8112697e-12
190000,260,86,0,-4.2090257e-13,1.2614512e-11,3.4790104e-09,7.192675e-10,1.1532705e-09,1.3702355e-12
190000,334,172,0,-1.9293888e-14,2.7856441e-16,9.50725e-20,1.1051827e-28,7.456541e-35,2.9887912e-09
190000,16,278,0,-8.728306e-14,1.0713504e-14,1.1005257e-22,6.153504e-36,2.291484e-30,2.992351e-09
190000,54,139,0,-1.5465118e-12,3.0030822e-10,3.4622598e-09,7.191878e-10,1.1916876e-09,6.0254954e-11
190000,211,13,0,-3.4009704e-13,3.8054785e-12,4.554978e-15,2.3308374e-21,7.1648916e-22,2.995249e-09
190000,42,174,0,-6.0689046e-13,6.1631394e-12,5.4517956e-18,3.695304e-27,4.1476283e-18,1.8017499e-12
190000,397,94,0,4.5995785e-12,6.511191e-12,8.146412e-22,1.580336e-32,4.1510045e-18,2.9888036e-09
190000,239,128,0,-9.01954e-14,7.6203604e-14,1.897e-42,0.0,1.6300406e-23,2.9887863e-09
190000,375,382,0,4.4725727e-11,1.8287474e-12,7.4763395e-22,4.5104497e-32,1.3078343e-22,1.545223e-11
190000,417,333,0,-4.875987e-14,2.3045962e-15,3.8254493e-22,1.8157535e-32,1.4310168e-31,8.26545e-20
190000,22,411,0,-3.3674439e-13,2.338478e-11,6.445985e-14,5.4681633e-19,1.299554e-17,3.2986331e-09
190000,209,63,0,-9.233669e-13,1.3245906e-10,1.378841e-24,3.6891846e-35,1.396155e-13,8.062199e-12
190000,430,122,0,-7.2217845e-13,5.5704447e-12,4.893339e-20,3.8575105e-30,9.133778e-20,4.6328406e-11
190000,43,394,0,-1.3202097e-13,1.3043036e-14,6.4470896e-14,5.4681643e-19,2.0053142e-22,8.458507e-17
190000,427,468,0,-4.1441611e-13,2.4476744e-11,1.668588e-12,1.2472064e-15,3.589063e-17,2.9908709e-09
190000,143,109,0,-4.2539405e-15,2.360222e-18,0.0,0.0,0.0,2.9892517e-09
190000,334,180,0,-3.4591852e-13,1.07687175e-11,2.5076807e-16,1.9823254e-22,8.031791e-19,1.2941043e-11
190000,161,480,0,-1.8594603e-13,7.261022e-13,5.8323214e-13,2.567904e-17,3.2576043e-20,3.616414e-11
190000,497,379,0,-1.0302475e-12,1.3621908e-10,1.21633054e-17,1.02062585e-26,5.4994056e-12,2.9892757e-09
190000,194,478,0,-5.4723e-13,7.08951e-11,1.5813278e-27,2.47104e-40,1.9244495e-14,5.6828243e-11
190000,341,302,0,-3.4123044e-14,4.689628e-15,0.0,0.0,1.7370728e-29,3.645262e-36
190000,467,208,0,-1.8069673e-13,1.5149432e-13,1.3379059e-13,1.7352881e-17,6.911667e-20,2.988834e-09
190000,84,97,0,-2.5544703e-13,1.3009083e-13,5.2469697e-17,1.0895403e-23,3.0272872e-28,2.99203e-09
190000,9,131,0,-4.658569e-13,7.199353e-12,4.5657287e-20,1.8275951e-29,1.9309972e-21,3.106734e-09
190000,172,499,0,-3.9105654e-13,2.1235824e-11,4.420536e-21,1.3150221e-30,9.795496e-18,1.3134637e-16
190000,164,4,0,-4.2645463e-13,8.374325e-12,2.087529e-18,7.360203e-26,1.664191e-17,2.9888403e-09
190000,174,18,0,-2.2005993e-13,3.3478318e-12,5.491657e-14,1.8021652e-19,5.9258474e-23,1.4336105e-10
190000,188,458,0,-1.1872456e-12,1.9687713e-11,1.3799134e-19,2.9776543e-27,1.746153e-16,2.9888076e-09
190000,241,472,0,-7.776895e-13,1.4771495e-11,5.042877e-19,1.3050855e-26,8.163774e-19,2.9945453e-09
190000,87,439,0,-5.923194e-13,9.986632e-12,6.952965e-21,6.454245e-30,6.1738063e-21,2.9887948e-09
190000,205,283,0,-7.8229185e-15,3.9793763e-17,0.0,0.0,2.518938e-39,3.7405623e-17
190000,211,324,0,-1.1022535e-11,2.2719089e-09,0.0,0.0,4.1188084e-09,8.0238154e-17
190000,91,303,0,-1.2376532e-13,5.457159e-13,3.3909605e-12,2.2838719e-15,3.070147e-17,7.4958035e-12
190000,244,347,0,-1.5179305e-15,4.1403786e-20,1.7310132e-28,1.7e-44,0.0,3.8407138e-13
190000,101,236,0,-3.8150933e-14,9.713e-16,2.5802872e-29,0.0,3.739e-41,2.3683006e-14
190000,310,313,0,-6.3033813e-14,2.7921077e-14,0.0,0.0,4.16762e-32,4.8099896e-36
190000,315,88,0,-3.2411178e-13,1.09638505e-11,1.6884e-41,0.0,3.0399994e-19,1.4838169e-11
190000,371,299,0,-9.051535e-16,7.110486e-22,1.345e-42,0.0,0.0,3.243397e-26
190000,161,329,0,-1.2817712e-13,3.750671e-14,8e-45,0.0,5.2039247e-27,5.789214e-23
190000,430,373,0,-8.183089e-13,8.287097e-12,2.5813238e-17,1.4456626e-24,4.1163969e-19,2.5523892e-11
190000,6,227,0,-2.8605983e-13,1.0152112e-11,2.1731081e-14,1.1061974e-19,7.3590356e-20,1.3136881e-12
190000,262,341,0,-3.8324527e-14,5.9862584e-15,0.0,0.0,2.1184321e-37,4.303447e-17
190000,446,32,0,-9.650144e-13,1.6558177e-11,8.64736e-12,9.246442e-15,1.4109568e-16,5.3674647e-12
190000,341,46,0,-5.4560086e-14,3.599221e-15,5.06764e-19,3.250328e-28,7.157853e-34,1.3619017e-10
190000,334,258,0,-1.0875787e-14,1.7983216e-17,6.859283e-36,0.0,2.82287e-40,8.54578e-25
190000,491,419,0,-1.1906309e-12,1.5064816e-10,7.062203e-14,5.616153e-18,4.637167e-13,2.7771722e-12
190000,480,45,0,-2.315747e-12,8.909839e-11,1.0672724e-10,1.117453e-12,1.2976115e-13,3.0052003e-09
190000,30,13,0,-8.889612e-13,6.629779e-12,3.913678e-11,1.9025218e-13,9.655248e-15,2.0315277e-12
190000,370,390,0,1.3048215e-10,1.203749e-17,4.4087933e-17,5.2296493e-25,1.2879397e-30,3.922727e-16
190000,475,322,0,-3.8316797e-13,3.928742e-12,6.591729e-22,4.408433e-35,1.3838078e-22,2.1696434e-12
190000,12,55,0,-1.2358641e-12,7.358312e-11,2.5352464e-16,3.8357017e-24,4.4317377e-14,2.9888299e-09
190000,475,12,0,-9.18785e-13,5.7642082e-11,6.7093824e-19,4.0270282e-27,6.820818e-16,2.9890503e-09
190000,408,233,0,2.3920487e-13,1.0450847e-13,3.2567514e-17,1.2289909e-25,4.699626e-30,3.4768122e-09
190000,210,435,0,-2.3024836e-13,4.250254e-12,2.0006037e-15,1.9769118e-22,1.0974296e-22,7.363302e-18
190000,46,240,0,-5.1258923e-17,6.7757605e-26,1.2219633e-17,5.0793188e-26,4.344067e-32,4.282855e-12
190000,309,97,0,-9.0289735e-14,8.6321475e-15,0.0,0.0,8.0356074e-33,2.9888052e-09
190000,383,19,0,-5.869498e-13,4.848078e-12,1.1136402e-25,7.663628e-39,1.3439772e-20,1.0982759e-14
190000,88,428,0,-1.2967848e-12,1.3918953e-11,4.6735994e-19,4.3975375e-26,1.2334994e-17,4.0279485e-12
190000,105,199,0,-2.304985e-14,2.45292e-16,4.04e-43,0.0,4e-45,1.5985822e-11
190000,208,89,0,-7.168701e-14,4.3403327e-14,3.2762096e-13,1.6527017e-17,2.2149619e-20,2.9898206e-09
190000,88,103,0,-3.5731265e-13,7.3154883e-13,1.0157126e-23,4.8436132e-36,1.0560515e-25,1.2426309e-12
190000,156,278,0,-3.4175125e-20,1.5861002e-34,0.0,0.0,0.0,2.9887863e-09
190000,414,440,0,-2.0054839e-12,4.2549103e-11,1.550089e-13,4.6710347e-18,1.177922e-15,2.989003e-09
190000,315,182,0,-5.1441237e-16,2.6150488e-20,1.84736e-40,0.0,0.0,2.988995e-09
190000,309,5,0,-1.3186763e-13,2.785762e-12,2.485219e-21,2.8303748e-33,5.4881924e-23,7.1929284e-13
190000,33,467,0,-1.3274127e-12,8.6528375e-11,1.8213068e-17,1.766319e-26,5.6333857e-14,9.169132e-12
190000,39,281,0,-2.3238766e-14,2.5317383e-16,5.0279993e-19,8.666693e-29,6.6517684e-36,9.724262e-12
190000,319,473,0,-5.792678e-14,6.1888187e-15,6.1249672e-15,1.08000404e-19,1.1111227e-22,1.36744175e-11
190000,336,494,0,-3.4651622e-13,4.4139536e-11,3.6605182e-18,7.1135484e-28,1.330597e-15,9.230501e-11
190000,423,174,0,3.1918693e-11,4.123032e-12,2.4251361e-19,2.5125428e-29,2.8110622e-21,3.8801504e-10
190000,244,450,0,-1.200291e-13,1.4390207e-14,2.2728057e-19,4.605101e-28,1.0790294e-30,5.1749875e-11
190000,451,64,0,-2.3691148e-13,8.990314e-14,1.857824e-14,1.091424e-19,3.663967e-23,1.4033342e-12
190000,235,95,0,-1.5706303e-14,2.2460958e-16,1.5998518e-20,8.305017e-32,5.8449387e-36,4.907303e-13
190000,22,430,0,-3.4616282e-13,1.3510137e-12,5.081745e-15,2.1199918e-21,3.815486e-24,9.814814e-11
190000,306,479,0,-4.143469e-14,2.8137484e-15,1.8821987e-16,5.6954016e-22,1.7319214e-25,5.223062e-12
190000,13,205,0,-4.5052506e-13,8.3989335e-12,1.0030431e-11,1.3494856e-14,2.4675446e-16,3.2318638e-12
190000,143,473,0,-1.1418697e-12,1.11580474e-10,3.989074e-21,1.1008174e-30,1.4128129e-12,1.3490032e-13
190000,7,335,0,-8.8256697e-13,7.138351e-11,1.1838866e-14,2.500607e-20,8.3852664e-14,2.9887897e-09
190000,251,471,0,-1.559468e-13,5.762364e-14,2.8735108e-16,6.734063e-24,2.0029838e-29,9.309539e-14
190000,380,360,0,-2.3232187e-13,8.074243e-12,8.5899395e-29,2.325e-42,7.279105e-19,4.5202995e-12
190000,223,370,0,-3.2396273e-14,7.716223e-15,2.1641115e-22,8.803013e-34,7.6250295e-37,9.500496e-11
190000,330,20,0,-1.1021519e-11,2.2719089e-09,1.1897899e-21,1.9179505e-32,4.1188084e-09,1.304916e-16
190000,297,138,0,-1.6017016e-13,6.139497e-14,3.1137532e-32,0.0,1.3265986e-26,1.867331e-32
190000,359,213,0,-1.11890315e-11,2.2721995e-09,2.0801986e-25,3.3742857e-37,4.1188084e-09,4.562891e-12
190000,112,176,0,-3.4051828e-13,1.2774773e-11,1.9812379e-23,9.677482e-36,1.7775208e-19,3.2062363e-13
190000,230,424,0,-1.236798e-13,1.865931e-14,6.5081404e-13,3.5817622e-16,4.6597346e-18,5.94085e-13
190000,34,218,0,-2.6175898e-13,4.295572e-12,5.0910303e-17,1.9645913e-25,7.101548e-22,3.6218994e-12
190000,65,91,0,-1.3225921e-12,1.0851289e-10,5.149775e-24,1.3435545e-36,1.9370785e-14,5.6807503e-11
190000,122,477,0,-5.420772e-13,2.0128866e-12,3.7238596e-17,8.717372e-25,2.1998575e-25,1.4157931e-15
190000,183,417,0,-2.5974185e-13,3.4141252e-11,9.285899e-13,4.3070495e-16,5.045391e-16,5.0929047e-13
190000,183,303,0,-4.9045312e-17,3.5996784e-24,2.3937615e-15,4.3372223e-20,4.578442e-23,1.4976642e-28
190000,404,388,0,-4.3319623e-13,1.35458355e-11,1.04813e-14,6.564288e-20,1.4556894e-18,3.9063977e-18
190000,296,227,0,-5.1977538e-21,3.273545e-35,1.43e-43,0.0,0.0,5.9848517e-33
190000,194,275,0,-2.3880036e-14,1.4159213e-15,0.0,0.0,8.0072376e-33,6.474279e-26
190000,299,236,0,-4.853157e-19,3.7559542e-30,3.4722216e-34,0.0,0.0,7.044495e-26
190000,100,202,0,-8.9814366e-14,4.3035565e-13,6.634138e-39,0.0,1.1677901e-28,2.8326007e-12
190000,219,416,0,-5.425899e-14,7.825035e-15,1.3611659e-14,8.3306555e-21,2.9663749e-25,1.138054e-16
190000,376,153,0,-6.4324317e-15,1.9927769e-17,5.9733343e-31,0.0,5.511245e-37,3.917408e-16
190000,305,167,0,-1.2122011e-15,2.2991716e-20,0.0,0.0,0.0,1.137552e-11
190000,413,357,0,-3.454476e-14,5.8045193e-16,7.4033566e-28,3.1e-44,2.4385973e-36,1.5317581e-12
190000,324,490,0,-2.7647215e-13,1.147045e-11,1.3935571e-12,1.0652695e-16,2.1381343e-18,2.9952545e-09
190000,149,456,0,-3.1617046e-13,1.6397647e-12,1.5100218e-17,8.157723e-24,5.825141e-24,1.3547518e-16
190000,386,484,0,-6.6566457e-13,3.618573e-11,1.849707e-14,1.0914205e-19,1.8258566e-15,4.145363e-11
190000,487,26,0,-1.1435888e-12,4.2749793e-11,5.2874364e-17,1.166036e-24,8.7231985e-15,3.0278928e-09
190000,386,189,0,-6.945872e-14,5.1267076e-14,4.3549363e-21,6.1926806e-33,1.0808162e-27,3.8825742e-22
190000,6,409,0,-8.073702e-14,2.535085e-15,1.3431857e-12,4.3721072e-16,5.2991076e-18,8.0406154e-11
190000,386,479,0,-7.471789e-13,6.8569365e-11,1.3492002e-18,2.422333e-27,1.1943193e-13,7.72192e-11
190000,182,2,0,-7.3923224e-13,3.818037e-11,6.119861e-14,6.458768e-19,2.2564693e-15,3.0243692e-09
190000,343,487,0,-4.4869253e-14,9.801592e-16,7.0791146e-22,8.15097e-32,2.7523943e-33,1.843374e-11
190000,411,88,0,3.3216544e-12,1.7722943e-11,3.9136496e-11,1.9025218e-13,9.692501e-15,2.9887894e-09
190000,392,82,0,-5.367206e-13,4.689981e-12,9.437984e-13,5.7772795e-17,1.5295027e-19,2.9890892e-09
190000,233,68,0,-9.895546e-13,1.6016397e-10,1.0208535e-30,0.0,9.754205e-11,1.8073768e-13
190000,49,129,0,-9.567826e-13,1.4422492e-11,7.368852e-11,1.3534266e-12,2.2327482e-13,1.248892e-10
190000,228,470,0,-4.724352e-13,2.0320709e-11,4.611576e-29,1e-45,2.2038209e-17,2.9887863e-09
190000,114,416,0,-1.4039202e-12,2.6310117e-11,2.053975e-18,7.7331153e-26,2.844182e-17,3.0393026e-09
190000,246,37,0,-3.1519885e-13,3.4701803e-12,5.71817e-26,2.0558e-41,1.3640533e-21,2.9887866e-09
190000,399,131,0,-3.5172533e-15,3.0882768e-15,3.352522e-27,4.31e-42,2.3974522e-31,2.9887997e-09
190000,0,20,0,-4.3816655e-14,5.221561e-13,1.741202e-13,2.6921038e-18,1.1367452e-21,3.0302143e-14
190000,489,227,0,-2.646616e-13,1.9251552e-13,4.9581715e-18,1.6476975e-26,6.730635e-31,3.034027e-09
190000,393,223,0,-8.8029e-15,1.0256266e-17,8.059575e-24,5.8195293e-35,6.725e-42,2.9888159e-09
190000,489,395,0,-4.4745834e-13,2.6110844e-11,4.419213e-20,6.1002616e-30,3.342693e-17,1.1241416e-12
190000,493,428,0,-5.0648174e-13,3.7494808e-12,1.10902185e-14,7.891529e-21,7.164949e-22,3.5002216e-11
190000,18,369,0,-1.0147932e-12,1.7262501e-10,3.462259e-09,7.191878e-10,1.2659641e-09,1.8684858e-10
190000,450,334,0,-1.2688535e-13,4.564719e-14,1.8578203e-33,0.0,2.4062417e-29,2.6035765e-13
190000,304,427,0,-5.0283914e-14,1.4984513e-15,1.9672399e-21,1.9994757e-33,8.388097e-39,2.9912224e-09
190000,73,229,0,-7.974735e-14,4.267147e-14,3.4622591e-09,7.191878e-10,1.1532664e-09,4.563894e-18
190000,242,443,0,-1.4999239e-13,8.8127076e-14,1.1843596e-20,1.5499356e-32,7.904917e-30,2.9905372e-09
190000,112,390,0,-3.3387732e-13,1.313286e-12,1.9768392e-16,5.432784e-22,8.3359e-24,2.9887868e-09
190000,29,195,0,-1.1887392e-12,1.5080903e-10,3.2025365e-19,1.896066e-27,4.6371663e-13,2.9963663e-09
190000,156,7,0,-7.069159e-13,4.5517416e-11,6.742965e-17,1.0726771e-23,1.0094335e-15,1.9431949e-11
190000,126,457,0,-2.1964934e-13,5.2579685e-13,3.4103135e-24,0.0,7.877267e-25,1.4358974e-16
190000,173,491,0,-2.7147352e-13,1.0021954e-12,2.3030216e-13,7.8450355e-18,9.375241e-21,8.061699e-12
190000,49,33,0,-1.9807374e-12,1.0922314e-10,5.089331e-17,1.9645236e-25,7.450299e-16,2.9093337e-15
190000,98,404,0,-7.839496e-13,1.9789202e-10,4.3825556e-26,2.01774e-39,8.164376e-11,4.608356e-12
190000,180,89,0,-3.8253775e-13,1.1464831e-11,3.1510052e-32,0.0,3.0797847e-19,1.4398027e-15
190000,421,429,0,-1.0605982e-12,5.4750433e-11,1.5202711e-16,3.651252e-24,3.8072021e-16,7.2365e-13
190000,439,455,0,-2.356206e-13,4.057558e-14,1.6230436e-10,4.3828595e-12,7.9089345e-13,9.4590946e-11
190000,79,123,0,-1.1556159e-12,7.732746e-11,6.1202887e-15,4.1577474e-20,1.6478511e-14,2.4943369e-11
190000,247,487,0,-3.1388916e-13,9.953887e-13,8.590962e-17,4.427888e-24,2.471358e-26,2.9887866e-09
190000,471,162,0,-2.785916e-13,4.893942e-13,1.0432138e-13,9.102783e-19,3.3450623e-22,4.3904878e-13
190000,189,482,0,-2.61728e-13,9.851398e-13,9.706191e-30,7e-45,1.5753076e-24,2.9889025e-09
190000,325,471,0,-4.2560419e-13,1.5177195e-11,1.7731216e-18,4.648783e-27,4.519494e-18,1.9899194e-14
190000,229,394,0,2.4817195e-12,1.2059649e-10,4.802971e-11,2.9026133e-13,2.3965083e-12,2.113039e-11
190000,117,454,0,-5.981794e-13,5.5727393e-12,4.0645717e-21,3.1276487e-30,1.8263878e-19,3.9410415e-17
190000,441,286,0,-3.7737717e-13,3.9523593e-11,2.771355e-19,3.2057546e-29,1.1499248e-14,4.706641e-13
190000,149,10,0,-1.1321859e-12,5.114438e-11,1.3822748e-11,3.7145258e-14,3.73204e-15,3.0017364e-09
190000,11,184,0,-5.7612807e-13,3.399362e-11,3.3699015e-16,6.595205e-24,4.5433916e-15,3.08989e-09
190000,4,112,0,-1.4692023e-12,2.9846486e-10,8.4165815e-16,9.341889e-23,9.0942656e-11,9.8141016e-11
190000,22,429,0,-3.8538275e-13,9.345728e-13,1.7798113e-15,1.5258799e-22,8.778094e-26,5.863126e-11
190000,307,433,0,-1.1825908e-13,5.1746083e-14,3.0986514e-22,6.2118127e-35,7.215084e-32,2.9889622e-09
190000,172,249,0,-1.1240669e-23,2.486e-42,3.462259e-09,7.191878e-10,1.1532664e-09,1.8283604e-23
190000,407,273,0,-2.2449775e-14,6.496864e-17,3.346776e-31,0.0,1.7406804e-35,1.4300083e-19
190000,73,410,0,-8.950631e-13,2.102988e-11,4.922321e-16,2.9113807e-20,3.7398728e-17,9.58267e-13
190000,26,418,0,-1.2629892e-12,2.3659885e-10,7.4686706e-23,1.17719575e-35,6.496623e-11,1.8789106e-11
190000,159,40,0,-2.839071e-13,1.0728252e-13,6.383223e-31,0.0,1.485406e-30,2.3077002e-11
190000,52,350,0,-4.6044207e-13,4.445962e-12,3.9789055e-17,8.777912e-24,4.729768e-18,9.458468e-13
190000,142,462,0,-3.0178017e-13,1.5373447e-11,2.3650823e-14,1.6726971e-18,1.3439928e-18,5.902591e-13
190000,438,22,0,-1.5696317e-12,1.9564708e-10,1.0499161e-14,6.564312e-20,1.272062e-10,2.9901575e-09
190000,123,484,0,-4.7196383e-13,7.2447647e-12,3.4622938e-09,7.191878e-10,1.1532664e-09,1.2284372e-13
190000,246,31,0,-6.7807695e-13,1.8670829e-12,2.0822002e-21,1.5837958e-32,5.5943843e-19,4.0790443e-15
190000,452,405,0,-1.2222568e-12,1.2474936e-10,4.539639e-12,3.4448517e-15,4.7604764e-13,2.9894278e-09
190000,136,381,0,-5.0893843e-15,4.2996582e-19,2.9104843e-23,1.2419702e-36,1e-45,1.4086409e-12
190000,11,444,0,-4.764598e-13,3.378638e-12,3.4626604e-09,7.1918793e-10,1.1532664e-09,7.468744e-12
190000,154,445,0,-3.98406e-13,1.2297533e-11,4.830514e-15,6.7665434e-22,4.2602164e-17,2.597567e-15
190000,35,455,0,-7.6194866e-13,8.22974e-11,4.14124e-13,6.5056833e-18,4.275162e-14,2.1030823e-11
190000,196,24,0,-2.0540447e-13,3.1164342e-13,2.1301719e-18,7.22542e-27,1.0379107e-28,2.9888094e-09
190000,421,31,0,-1.1446788e-12,5.0925375e-10,5.4366265e-19,7.0293325e-29,3.9337267e-09,2.9887908e-09
190000,41,489,0,-7.997213e-13,3.7197512e-11,9.846038e-13,5.485383e-17,1.4580677e-15,5.3934593e-11
190000,42,405,0,-6.0734924e-13,4.6471858e-11,7.230839e-19,3.6769474e-28,1.1478111e-15,3.2748293e-14
190000,459,37,0,-8.9724815e-13,8.190857e-11,3.3220344e-17,1.0509116e-24,4.0864478e-15,4.4983565e-12
190000,241,484,0,-7.1426675e-13,2.2218707e-10,4.460983e-22,1.0145519e-31,3.7583634e-09,4.8917554e-13
190000,33,1,0,-1.8437401e-13,6.4552304e-12,9.2662523e-11,3.108774e-12,6.0828014e-13,2.9857172e-09
190000,145,213,0,-2.5182923e-17,8.617059e-26,1.5671405e-18,2.825573e-27,1.8213798e-33,2.8583751e-16
190000,59,215,0,-4.6114503e-14,5.993562e-15,6.38711e-22,1.0722406e-32,3.028234e-36,2.7652797e-10
