mcsteps,xCOM,yCOM,zCOM,il8,il1,il6,il10,tnf,tgf
780000,84,376,0,2.0736952e-09,4.5679155e-11,5.9474516e-15,4.5741678e-24,8.9400966e-17,1.3816179e-10
780000,432,181,0,2.0748347e-09,3.416797e-11,1.7825469e-12,2.6493502e-16,1.6363451e-13,7.830588e-11
780000,409,105,0,2.07384e-09,2.9260712e-11,2.5363717e-18,3.935885e-30,3.2171502e-10,1.0150835e-10
780000,247,394,0,2.0739321e-09,8.508286e-11,3.6142557e-14,1.647123e-21,1.5393464e-10,7.1235025e-11
780000,132,141,0,2.0741524e-09,2.8837236e-11,1.2527325e-24,1.81768e-40,5.30653e-16,1.2672483e-10
780000,286,72,0,2.0740147e-09,3.2981822e-11,1.8343322e-13,3.2564727e-20,1.9709227e-14,2.2920377e-10
780000,365,385,0,2.0755189e-09,1.112993e-11,2.0743639e-13,1.4947897e-18,7.772607e-19,3.826259e-11
780000,379,420,0,2.0754287e-09,2.9157735e-11,3.6734274e-13,3.310687e-19,1.7259584e-14,1.1735939e-10
780000,426,219,0,2.1283237e-09,6.103649e-12,2.0985306e-12,1.5681724e-16,3.176532e-19,1.2490574e-10
780000,444,225,0,2.1273698e-09,2.1225488e-11,3.648172e-12,1.5862208e-15,1.0907636e-17,1.9262701e-10
780000,111,41,0,-1.0991324e-12,5.2281065e-11,7.170358e-15,2.8512847e-23,2.943623e-11,2.2150967e-10
780000,499,90,0,-1.118727e-12,5.88508e-11,4.8071044e-12,1.0191e-15,1.2068317e-12,5.730608e-10
780000,155,231,0,-7.762426e-14,1.2923326e-11,8.156292e-12,5.6452933e-15,1.1320006e-16,1.301207e-10
780000,311,98,0,1.3993421e-12,2.8485098e-11,3.8808204e-14,3.7391317e-20,1.0153739e-14,4.1209006e-10
780000,369,125,0,-4.463889e-14,1.650474e-11,4.296374e-15,1.1933319e-22,5.283464e-19,1.993685e-11
780000,359,245,0,-2.9003007e-13,1.5676028e-11,2.1417645e-21,2.2880678e-36,6.108795e-16,6.463339e-11
780000,24,469,0,-1.6009593e-12,4.5268237e-11,2.3972755e-12,1.0797242e-16,6.336069e-16,2.3779936e-10
780000,221,361,0,3.7831655e-13,9.178591e-12,1.4129551e-11,4.4230702e-14,5.4339736e-13,1.4851766e-11
780000,231,29,0,-7.0459464e-13,2.3897865e-11,1.4513682e-13,2.478559e-20,2.6430318e-14,3.643115e-10
780000,332,218,0,-1.1830424e-13,7.33002e-12,4.514901e-16,2.7247706e-26,2.4237775e-17,9.808195e-11
780000,27,65,0,-1.2555654e-12,7.911764e-11,4.3145897e-15,5.287147e-24,3.0091428e-12,1.9815706e-10
780000,355,444,0,2.5535806e-12,1.9662466e-11,6.802203e-14,9.03644e-21,5.6971946e-17,6.824884e-11
780000,155,31,0,-6.6645604e-13,2.1103641e-11,7.128961e-11,4.5948103e-11,8.5407154e-11,5.5724153e-10
780000,321,226,0,-6.3292816e-14,1.10649215e-13,1.733929e-15,1.2922783e-23,3.7709753e-30,5.331118e-12
780000,237,235,0,-2.8927518e-15,3.343736e-19,0.0,0.0,0.0,4.940649e-14
780000,459,323,0,-5.738076e-13,4.2223718e-11,3.8096205e-14,1.6970079e-20,2.985985e-10,1.0672388e-10
780000,156,336,0,-4.716602e-13,3.0560658e-11,5.485992e-25,7e-45,1.4258693e-14,1.4408381e-10
780000,292,223,0,-6.215912e-15,6.225038e-18,7.1885676e-22,2.727247e-38,0.0,6.5593616e-12
780000,200,57,0,-6.7636467e-13,4.1173256e-11,2.306099e-12,1.0983854e-16,2.8940772e-11,1.6700231e-10
780000,340,384,0,1.7869988e-11,3.5701633e-11,1.0671978e-17,2.3254308e-30,3.2630636e-13,2.7396888e-10
780000,239,323,0,-5.5764726e-14,3.2889737e-12,8.68437e-33,0.0,2.9708103e-21,1.3647364e-11
780000,267,147,0,-1.2007357e-13,1.4123297e-13,5.581556e-26,0.0,3.866679e-35,1.482296e-11
780000,38,222,0,-2.825375e-13,4.1496693e-12,2.333303e-13,3.7294294e-20,7.741453e-21,1.0049696e-10
780000,228,343,0,-1.2088839e-13,6.1690774e-12,2.2661477e-16,5.1368908e-27,7.2645906e-17,4.9726303e-11
780000,240,116,0,-7.1791493e-13,3.392357e-11,5.3422006e-25,0.0,5.147162e-16,4.503583e-11
780000,22,280,0,-2.883305e-13,5.341309e-12,2.4108989e-14,4.1391867e-22,6.6597783e-22,1.9942545e-10
780000,235,465,0,-4.4477055e-13,2.2829792e-11,4.961957e-13,8.544131e-18,1.7972286e-17,8.554326e-11
780000,314,52,0,2.0302993e-12,5.093357e-11,4.8266603e-12,1.8052957e-15,1.978398e-11,1.2386638e-10
780000,37,17,0,-1.1592703e-12,3.0732687e-11,7.0139825e-11,7.8426314e-11,5.6068017e-10,4.330453e-10
780000,200,340,0,-2.0060396e-13,2.9073302e-12,6.4407997e-26,0.0,1.3641849e-24,2.8019238e-11
780000,491,450,0,-8.509808e-13,4.8773926e-11,2.002147e-12,7.0532745e-17,2.0808433e-11,2.2699975e-10
780000,413,155,0,3.6231378e-12,7.666862e-12,3.8744608e-10,3.282649e-11,1.819054e-11,9.211134e-11
780000,454,48,0,-9.813802e-13,4.5398598e-11,1.9682681e-13,1.1766126e-19,5.446031e-13,4.6585175e-10
780000,121,236,0,-5.464546e-14,1.9495849e-14,3.6307594e-13,1.8322117e-18,1.2626758e-22,9.114364e-11
780000,160,351,0,-4.727371e-13,3.8216035e-11,4.0780354e-14,4.847223e-21,1.6228392e-13,2.2781504e-11
780000,212,476,0,-6.393792e-13,3.8165384e-11,8.410733e-11,5.938212e-12,9.479846e-13,1.4844527e-10
780000,46,441,0,-1.2350041e-12,5.985179e-11,7.8151414e-14,2.3604661e-21,3.3100017e-10,1.9761354e-10
780000,117,333,0,-6.004502e-13,2.0500822e-11,2.8514164e-12,2.6233902e-16,2.6429022e-18,4.6585538e-11
780000,382,64,0,-6.848178e-13,5.0049086e-11,1.28675326e-11,1.3146066e-14,4.5010736e-12,1.8616639e-10
780000,141,472,0,-6.142768e-13,3.6086557e-11,6.5992045e-11,2.6349255e-12,3.0176586e-13,1.8136478e-10
780000,87,1,0,-1.4007335e-12,6.092275e-11,7.0273874e-12,6.5635537e-15,3.445159e-11,1.6775481e-10
780000,159,370,0,-2.9520768e-13,5.2292567e-12,7.609759e-14,1.1894015e-20,3.079717e-20,1.3404367e-10
780000,453,379,0,-1.0208828e-12,4.1735906e-11,9.365529e-11,5.1923615e-11,7.7573836e-11,2.4352462e-10
780000,256,83,0,3.9222527e-12,1.0386612e-10,9.783355e-12,5.283666e-15,4.3426217e-12,1.6142976e-10
780000,430,299,0,-3.3627308e-13,1.8535977e-11,2.0640023e-11,2.979887e-13,6.656294e-15,3.0130748e-10
780000,491,29,0,-1.4559614e-12,8.708759e-11,4.1518335e-13,6.7232485e-19,2.034429e-11,2.8167435e-10
780000,163,308,0,-1.2033506e-13,4.596973e-13,4.8346956e-17,4.1017893e-28,3.119959e-33,1.6591187e-10
780000,395,3,0,-6.480099e-13,2.217891e-11,5.3905887e-13,1.6776068e-17,1.7176358e-18,7.6095447e-10
780000,410,213,0,7.5362744e-11,1.4463222e-11,3.373892e-17,1.2719171e-27,3.0652805e-15,1.0165007e-10
780000,100,421,0,-8.3554756e-13,6.97633e-11,2.4687954e-12,1.2083121e-16,1.2638824e-12,2.837952e-10
780000,335,135,0,-3.5925028e-13,1.5500524e-11,1.2786755e-15,1.4851893e-25,3.959185e-15,4.556421e-11
780000,473,329,0,-7.4806047e-13,2.9989095e-11,4.0680958e-18,8.288085e-31,2.6434497e-11,9.7499245e-11
780000,125,124,0,5.840268e-11,1.8006766e-12,4.0801374e-18,2.5810887e-28,6.2362178e-27,1.6621406e-11
780000,393,177,0,3.502509e-13,1.6420467e-11,4.8140255e-16,4.5707097e-26,3.2303665e-19,6.080527e-11
780000,25,132,0,-8.906846e-13,2.6545394e-11,2.765137e-13,1.7458178e-19,2.0650107e-18,3.4697653e-10
780000,262,47,0,1.8582208e-12,5.1227453e-11,2.2453593e-12,9.968763e-17,2.238221e-09,1.9908859e-10
780000,235,199,0,-6.362563e-14,2.9405577e-12,1.4177971e-24,5e-44,4.4780308e-23,4.4775184e-11
780000,36,254,0,-1.7343313e-13,1.0095302e-12,1.2767917e-14,6.0485434e-21,1.02058917e-25,3.1443265e-10
780000,235,438,0,-1.915278e-13,2.9788616e-11,5.5202082e-14,2.3738644e-21,2.6506438e-12,4.4414847e-10
780000,97,96,0,-4.7861026e-13,2.6053944e-11,4.0764003e-15,4.230402e-23,6.7592336e-15,3.5482126e-10
780000,283,119,0,-1.9685469e-13,9.862143e-12,8.130641e-12,7.793006e-15,1.9359539e-17,3.747079e-11
780000,283,132,0,-3.380689e-13,1.486941e-11,5.8910716e-13,7.306875e-18,1.0380232e-18,1.4076113e-11
780000,456,217,0,1.1861716e-10,3.5365291e-12,8.683785e-12,6.1868693e-15,2.2787648e-17,6.2499816e-10
780000,271,426,0,6.2821227e-13,4.3767344e-14,4.0004526e-13,1.9440167e-18,9.301943e-22,2.3578112e-10
780000,486,304,0,-7.13662e-13,7.1138e-11,3.5345362e-12,5.577924e-16,5.1297546e-13,3.196973e-10
780000,210,66,0,-6.9477236e-13,3.3085538e-11,8.345391e-15,1.3691238e-20,3.2863975e-10,2.3079587e-10
780000,123,28,0,-1.18777e-12,5.4714656e-11,1.3279155e-16,1.7303371e-26,7.599559e-15,3.9101125e-10
780000,452,299,0,-4.526549e-13,1.9754039e-11,9.703931e-13,8.346549e-17,2.4943095e-17,1.9227372e-10
780000,340,321,0,-2.2637868e-13,5.5458233e-12,9.5905335e-29,0.0,9.128512e-21,4.9465772e-11
780000,474,380,0,-1.1684904e-12,7.084761e-11,4.5833962e-17,1.6347212e-27,5.8669844e-12,1.6957086e-10
780000,239,148,0,-7.7800966e-14,2.10091e-13,2.1759644e-20,5.284885e-35,4.8427516e-37,4.838092e-11
780000,133,372,0,-3.2155447e-13,2.7281663e-11,8.467721e-12,1.197978e-14,1.5489857e-16,1.1946126e-10
780000,372,460,0,1.6503747e-13,3.139775e-11,6.044552e-12,3.9599786e-15,1.6254816e-14,1.09580595e-10
780000,20,315,0,-6.9808796e-13,5.2730747e-11,7.2188415e-11,1.3924356e-12,7.172909e-13,2.1719161e-10
780000,159,341,0,-4.8865653e-13,4.7304292e-11,1.8407255e-20,5.211066e-35,7.292223e-14,2.5416666e-10
780000,263,218,0,-1.4729273e-14,1.6139911e-15,1.008032e-25,0.0,0.0,6.746391e-13
780000,130,76,0,-5.637856e-13,1.4652453e-11,3.5835355e-14,1.1916498e-21,1.8722282e-18,7.2033e-11
780000,385,425,0,3.163404e-10,3.2840352e-11,2.470959e-11,1.1608277e-12,1.8374102e-13,2.4544888e-10
780000,357,342,0,-1.4015675e-13,1.7303424e-11,1.270781e-16,3.5208942e-27,3.5625282e-15,3.405676e-10
780000,32,399,0,-1.0833514e-12,2.7867863e-11,7.227921e-12,1.8512974e-15,6.603393e-17,2.712825e-10
780000,336,234,0,-2.0368165e-13,8.001207e-12,9.026162e-17,1.1936514e-27,3.3317667e-19,6.563945e-12
780000,394,492,0,-9.409662e-13,3.951906e-11,9.122274e-11,1.6499125e-11,8.291972e-12,1.5884935e-10
780000,76,467,0,-1.5255294e-12,6.9793e-11,2.5467032e-14,4.9134807e-21,1.794666e-17,3.1752834e-10
780000,411,280,0,-3.130422e-13,2.227018e-11,4.7642953e-22,1.1620717e-38,4.336849e-11,7.922249e-11
780000,463,255,0,1.647852e-12,1.953001e-11,9.207841e-12,2.2728047e-14,1.5197822e-16,1.9499789e-10
780000,262,57,0,9.046699e-12,4.6166994e-11,5.2643584e-17,7.368122e-25,3.33292e-13,4.3306927e-11
780000,469,342,0,-5.9133915e-13,5.2543286e-11,5.7505927e-15,2.8879933e-23,4.672484e-12,3.8738884e-10
780000,243,51,0,-5.8915633e-13,3.224976e-11,1.5388867e-14,2.966089e-21,1.9786397e-14,1.14441324e-10
780000,57,438,0,-1.2369822e-12,8.7618725e-11,5.880545e-11,4.405477e-12,3.3861963e-10,5.043726e-10
780000,446,473,0,-1.1422415e-12,8.855728e-11,1.095314e-12,5.5608098e-18,3.2610856e-10,2.0853809e-10
780000,382,63,0,-7.1462714e-13,5.142058e-11,1.2915019e-11,8.641161e-15,4.013701e-13,1.9900324e-10
780000,92,151,0,-3.1267384e-14,2.7357385e-11,1.5275884e-21,1.6190737e-38,1.0960295e-12,1.7820502e-10
780000,207,114,0,-4.1711507e-13,1.6319014e-11,1.00373804e-13,2.1395036e-19,6.6546385e-15,1.06508184e-10
780000,208,305,0,-2.0390799e-13,2.1902263e-11,2.1928491e-29,0.0,5.0399813e-11,9.370241e-13
780000,240,468,0,-4.205835e-13,3.4569028e-11,8.0157036e-12,6.490813e-15,5.425053e-12,6.3322673e-11
780000,338,211,0,-1.4905621e-13,7.8739905e-12,3.6229108e-12,1.6949808e-15,2.90878e-16,4.5668563e-11
780000,386,312,0,-3.0276844e-13,7.64435e-12,4.8141175e-18,1.1457639e-28,1.9728114e-22,1.3852819e-10
780000,146,385,0,-2.6935528e-13,5.767746e-12,4.5045359e-13,6.3071976e-18,8.426095e-22,8.384796e-11
780000,217,301,0,-2.523054e-13,7.765621e-12,1.7031459e-37,0.0,1.3621453e-22,5.2864164e-11
780000,311,217,0,-1.9734318e-14,7.8531925e-17,1.3933627e-22,3.936386e-39,0.0,3.7344065e-15
780000,419,79,0,9.825358e-12,1.7283902e-11,3.7786666e-11,5.5099783e-12,1.3403743e-12,1.5411156e-10
780000,325,260,0,-2.1699134e-13,1.3567092e-12,2.5218995e-20,9.6843896e-33,8.627762e-27,7.8666836e-13
780000,200,236,0,-9.4006495e-14,6.287609e-12,7.5193693e-16,5.6478314e-25,4.61379e-21,1.2681538e-10
780000,368,244,0,-2.5600157e-13,4.700283e-12,6.531711e-21,9.021234e-36,7.306437e-26,5.5576016e-11
780000,56,121,0,-8.9621545e-13,3.536756e-11,2.7459246e-12,1.8898122e-16,3.4544094e-14,2.7373034e-10
780000,91,211,0,-1.2055108e-13,1.645924e-11,2.3700757e-15,9.459657e-24,2.2244908e-14,1.1750143e-10
780000,276,140,0,-2.75115e-13,5.299175e-12,1.02207404e-17,8.144855e-30,1.9118318e-24,2.8030221e-12
780000,91,31,0,-1.0647448e-12,5.031538e-11,3.9361505e-13,4.3771725e-19,2.885193e-10,4.6993076e-11
780000,284,246,0,-2.3584067e-14,5.1457077e-16,1.0298601e-32,0.0,3.55899e-40,1.5421548e-12
780000,3,181,0,-6.9663524e-13,3.9271267e-11,6.2991823e-16,8.625609e-25,1.9034492e-12,2.20094e-10
780000,125,409,0,-4.662575e-13,1.30883585e-11,2.8010244e-12,2.0800844e-16,1.0767747e-19,2.565188e-10
780000,264,42,0,7.2949925e-13,6.711264e-11,4.7083636e-11,1.0747073e-11,7.674856e-12,2.6510744e-10
780000,59,61,0,-6.439231e-13,9.013643e-12,3.1839167e-12,2.1027488e-16,3.458458e-20,2.922413e-10
780000,446,83,0,-8.3317397e-13,6.085572e-11,8.1455305e-15,1.5392167e-23,2.5953466e-13,4.247433e-10
780000,425,161,0,3.534448e-11,5.3289213e-11,7.197604e-13,2.9599486e-18,2.2203508e-13,1.3438273e-10
780000,319,389,0,-1.8705691e-13,2.3608402e-11,8.024076e-18,1.2869914e-29,2.5680821e-16,1.2637875e-10
780000,114,76,0,-5.4817533e-13,1.3443329e-11,2.9309112e-12,3.116828e-16,3.9204335e-16,1.4650745e-10
780000,63,423,0,-9.477176e-13,3.7645914e-11,3.0230103e-11,1.9154756e-12,3.7622477e-13,2.6260513e-10
780000,167,219,0,-2.1272206e-14,7.905522e-16,3.0202366e-17,3.3808163e-27,1.0309614e-34,2.1794401e-10
780000,288,103,0,5.1817582e-12,3.105677e-11,5.171158e-18,4.326122e-29,1.6199452e-11,1.7923123e-10
780000,349,223,0,-3.125308e-13,2.493435e-11,3.3795221e-15,4.208042e-24,5.4785208e-11,4.741677e-12
780000,349,341,0,-2.4802868e-13,2.0114802e-11,5.6490155e-22,2.618224e-39,3.2981945e-10,5.4831015e-11
780000,439,262,0,1.1744584e-12,1.08618175e-11,1.9117578e-15,4.1755556e-24,7.2116484e-23,2.2604296e-10
780000,363,280,0,-1.4745335e-13,5.702473e-12,0.0,0.0,3.1411065e-21,2.5472983e-11
780000,353,127,0,-3.3184124e-13,1.721856e-11,5.040851e-15,1.6020177e-22,2.844323e-11,9.400757e-11
780000,133,324,0,-3.956762e-13,1.3292138e-11,1.0878897e-18,5.7844267e-32,1.3218282e-20,3.0831926e-09
780000,167,385,0,-3.1024722e-13,2.9241217e-11,6.958254e-11,9.8606e-13,6.937265e-14,3.266146e-09
780000,113,424,0,-8.037266e-13,4.354814e-11,6.971408e-15,5.066161e-24,5.3651653e-14,1.5184447e-10
780000,127,424,0,-4.662499e-13,3.3799012e-11,6.436509e-12,3.960951e-15,1.6055614e-13,1.2625881e-10
780000,134,394,0,-2.780838e-13,1.9751882e-11,2.2517598e-12,1.7700447e-16,8.7113756e-15,7.964641e-11
780000,269,248,0,-6.4637863e-15,3.4603806e-18,1e-45,0.0,0.0,2.759924e-11
780000,354,54,0,-8.466718e-13,4.0372636e-11,9.2569934e-14,3.6121255e-20,3.1853775e-10,9.2949724e-11
780000,458,418,0,-1.2258879e-12,6.303381e-11,6.9430013e-12,3.432576e-15,6.2130787e-12,5.6576e-10
780000,57,163,0,-6.857643e-13,8.150178e-11,5.4119847e-11,5.0102834e-12,3.406801e-10,2.8212682e-10
780000,494,396,0,-1.0621717e-12,2.6323211e-11,7.210959e-14,1.06879514e-20,9.567041e-17,2.1969415e-10
780000,423,254,0,3.9081676e-12,2.910129e-11,5.945065e-13,1.6801136e-18,1.23627e-14,2.121786e-10
780000,399,398,0,8.450352e-12,3.406304e-11,1.0100165e-11,5.5777526e-15,4.3343055e-14,1.705919e-10
780000,262,164,0,-1.2823912e-14,1.6847656e-18,1.4634145e-26,0.0,0.0,9.13043e-13
780000,424,16,0,-6.9438845e-13,1.9414088e-11,1.824813e-11,3.328406e-13,2.179089e-14,3.5901138e-10
780000,358,462,0,-3.789481e-13,1.2337892e-11,2.2811571e-15,6.3686772e-24,3.117052e-16,1.799187e-10
780000,447,126,0,-8.753096e-13,6.9879436e-11,1.3500866e-13,2.4553356e-20,1.3826655e-13,8.06421e-11
780000,22,154,0,-7.8443637e-13,5.0876553e-11,1.2872789e-11,9.153372e-15,1.7260805e-12,2.3299837e-10
780000,465,264,0,-3.7629567e-13,3.0537992e-11,4.7746134e-12,3.2348578e-15,2.0023894e-09,2.9588626e-10
780000,54,70,0,-6.092878e-13,1.2259976e-11,8.1231246e-13,5.5772004e-17,1.6583231e-14,4.7280796e-10
780000,451,295,0,-4.552959e-13,2.146525e-11,5.929794e-13,2.4559669e-18,3.1395685e-11,1.8228259e-10
780000,496,246,0,-5.7511206e-13,2.9206807e-11,1.3776256e-12,3.9348796e-17,7.089844e-17,2.4895183e-10
780000,126,421,0,-5.073777e-13,4.823059e-11,9.933182e-12,7.210902e-15,3.736493e-11,1.2937423e-10
780000,143,222,0,-6.1433883e-14,6.5913356e-13,6.475282e-13,1.2069736e-18,1.391234e-23,5.414243e-10
780000,349,201,0,-2.7159966e-13,1.1528618e-11,3.2781202e-15,4.181874e-24,3.889937e-19,1.1756841e-10
780000,58,246,0,-5.8790165e-14,1.7091513e-13,1.6859695e-15,2.555125e-25,2.6454506e-32,1.8293558e-10
780000,235,294,0,-1.6382307e-14,2.8659072e-17,3.2529853e-26,4.124e-42,0.0,3.0348144e-14
780000,221,176,0,-1.235652e-13,2.3996434e-12,4.6880168e-31,0.0,2.9959111e-27,7.443873e-12
780000,497,348,0,-6.534127e-13,2.4808228e-11,9.593833e-17,2.9597406e-27,8.2112106e-14,3.1576866e-10
780000,339,297,0,-2.6087878e-13,1.487643e-11,1.5e-44,0.0,1.3191243e-14,1.3404787e-11
780000,348,451,0,-2.587155e-13,2.8006163e-11,1.4581533e-16,6.164503e-28,1.2297385e-14,1.04195416e-10
780000,293,126,0,-2.5179414e-13,9.3291035e-12,7.522189e-15,1.5932511e-22,6.1885853e-14,7.2674596e-11
780000,384,134,0,8.353047e-13,5.4748137e-12,6.5306925e-14,9.31193e-20,3.082759e-23,4.6472364e-11
780000,445,323,0,-4.7609264e-13,3.2848863e-11,4.083086e-16,2.220337e-26,2.1974105e-09,1.4154149e-10
780000,229,447,0,-4.0936373e-13,2.8172159e-11,1.3760941e-11,7.714237e-14,2.4623513e-13,2.3449376e-10
780000,386,114,0,1.9000562e-11,1.7681667e-11,1.3476628e-12,6.640076e-17,3.0945416e-10,6.471062e-11
780000,131,360,0,-4.896785e-13,2.0177972e-11,1.3282303e-12,3.082822e-17,8.6277905e-19,1.2160102e-10
780000,205,258,0,-5.2859206e-14,2.935166e-14,1.52356815e-33,0.0,1.1930418e-34,3.7762675e-11
780000,83,126,0,-6.535517e-13,2.0740944e-11,5.2976594e-12,1.7138333e-15,7.1172255e-14,5.1485916e-10
780000,425,198,0,9.917968e-11,2.3078203e-11,3.1707908e-15,6.941702e-24,3.0666106e-13,7.146979e-11
780000,227,124,0,-6.8192305e-13,3.7593574e-11,4.98598e-21,6.7317423e-37,1.41371925e-14,8.678778e-12
780000,168,190,0,-9.075326e-14,6.7154875e-12,6.1347894e-24,1.3713e-41,1.1105885e-18,4.030479e-11
780000,321,69,0,1.539196e-12,3.729088e-11,2.1463776e-13,1.159504e-19,8.1425334e-13,1.4125211e-10
780000,227,236,0,-3.8065783e-15,5.354484e-20,2.434843e-39,0.0,0.0,2.3689248e-13
780000,314,358,0,-1.3324967e-13,5.921198e-12,2.8676046e-14,2.1515016e-20,5.996391e-20,7.9885425e-11
780000,361,121,0,-2.5313242e-13,3.1925202e-11,1.3365651e-13,1.8680533e-20,1.5258817e-15,1.4183899e-10
780000,70,198,0,-2.9155714e-13,3.3448994e-11,6.8140226e-15,2.9065152e-19,6.161155e-13,8.9853236e-11
780000,218,48,0,-8.3978755e-13,3.692788e-11,7.115404e-12,3.0123856e-15,5.4037955e-12,7.379452e-10
780000,164,157,0,1.7206674e-12,3.2920583e-11,5.6360246e-12,2.751214e-15,2.5489745e-12,1.0696549e-10
780000,161,155,0,4.0751764e-12,4.438575e-11,1.1767467e-12,7.398353e-17,5.54427e-11,2.6752388e-11
780000,427,111,0,5.2088847e-11,6.3934726e-11,1.3800191e-12,2.2045167e-17,3.253052e-14,3.6749843e-11
780000,41,204,0,-5.2618153e-13,3.1547074e-11,1.0629425e-11,2.9775588e-15,8.79783e-14,1.9363677e-10
780000,388,218,0,1.026646e-12,4.170427e-12,1.1049052e-12,3.5681246e-17,4.81098e-21,1.9319998e-10
780000,336,371,0,4.020889e-12,2.5329462e-11,8.881219e-17,2.1228002e-26,5.511376e-14,3.2504992e-11
780000,102,1,0,-1.446756e-12,7.3922556e-11,1.3821202e-11,2.1553612e-14,8.400016e-15,1.975741e-10
780000,346,200,0,-2.3583967e-13,9.322758e-12,4.0341676e-15,4.9487627e-23,1.2802722e-18,3.0776788e-09
780000,263,377,0,2.449611e-11,1.02592795e-11,3.735817e-12,1.9274199e-15,1.2139768e-15,3.0045613e-09
780000,245,203,0,-4.3847464e-14,2.0844305e-12,1.2970416e-19,1.0137908e-34,7.938978e-26,1.3672232e-11
780000,246,226,0,-9.721182e-15,2.7357592e-16,2.675555e-36,0.0,0.0,1.1223185e-12
780000,261,229,0,-2.6972947e-15,6.4824316e-20,8.278092e-35,0.0,0.0,1.2068505e-11
780000,171,486,0,-8.991856e-13,2.0589593e-10,5.4402042e-11,3.889391e-11,3.8068757e-09,1.4629152e-10
780000,386,18,0,-7.2103114e-13,4.6974164e-11,7.2286335e-12,3.066568e-15,2.6495327e-12,3.0576677e-10
780000,276,272,0,-2.6126072e-14,2.0994402e-16,2.048838e-34,0.0,3.94e-43,3.111517e-11
780000,338,102,0,-4.5875554e-13,3.8818816e-11,1.34944755e-11,3.0886995e-14,2.8598161e-12,3.5054123e-11
780000,298,288,0,-4.394575e-13,1.1113531e-10,2.2001305e-30,0.0,1.8954066e-10,2.536271e-12
780000,394,57,0,-7.261382e-13,4.432561e-11,2.2759475e-11,3.737385e-13,2.3387079e-11,1.6923643e-10
780000,135,49,0,-1.0131564e-12,7.662462e-11,2.5968177e-11,1.916081e-13,4.852166e-11,1.1353135e-09
780000,24,62,0,-1.3002072e-12,7.8547134e-11,7.640323e-15,9.099848e-24,2.925283e-11,1.5047547e-10
780000,153,260,0,-5.4183715e-14,5.7909264e-14,3.5160818e-23,6.796e-42,7.712466e-39,9.997861e-11
780000,139,59,0,-7.6291713e-13,3.162657e-11,6.3254985e-11,4.2943746e-11,8.791176e-11,1.134454e-10
780000,305,444,0,-2.5172646e-13,1.1006564e-11,8.874365e-14,9.91757e-20,6.4978076e-22,1.0504009e-10
780000,141,71,0,-5.8381316e-13,1.5339579e-11,6.5552494e-16,1.0567739e-24,3.8647274e-20,2.745086e-10
780000,154,137,0,2.9281935e-11,2.4121356e-11,3.93339e-16,8.2662387e-25,1.0426302e-15,3.033691e-09
780000,416,336,0,-3.2654123e-13,2.2786896e-11,1.01085646e-16,3.742525e-27,7.225775e-15,3.0440284e-09
780000,168,0,0,-6.548422e-13,1.689971e-11,2.144816e-14,1.657513e-20,6.010968e-22,3.4714307e-09
780000,230,458,0,-4.3569106e-13,1.873061e-11,5.869809e-13,7.306858e-18,5.5078355e-18,3.3552763e-09
780000,35,104,0,-8.525103e-13,3.79446e-11,3.4116254e-14,6.652296e-21,9.6809555e-15,3.0507787e-09
780000,407,145,0,3.2164256e-13,2.7421601e-11,4.5612653e-14,1.3321783e-20,9.558883e-16,3.0315979e-09
780000,57,177,0,-4.877501e-13,1.6266094e-11,4.036338e-11,5.3094204e-12,1.176461e-12,3.288901e-09
780000,316,460,0,-3.2288958e-13,4.7386253e-12,4.1366546e-12,3.6720564e-15,1.8551881e-17,3.1562208e-09
780000,49,303,0,-3.460131e-13,4.867092e-12,1.2138316e-11,5.3842767e-14,3.6359239e-16,3.1328806e-09
780000,135,163,0,3.016359e-11,1.970393e-12,2.0633598e-21,5.032405e-38,1.3347513e-27,1.5787775e-10
780000,124,262,0,-1.4721339e-13,4.2861517e-14,3.6220037e-14,9.481931e-22,2.671774e-28,4.3441628e-13
780000,315,206,0,-5.5690478e-14,3.6652753e-13,2.1898533e-17,5.8578724e-29,1.9536632e-33,1.2395038e-14
780000,50,143,0,-9.442149e-13,4.0493664e-11,3.873634e-11,5.708995e-12,1.5579857e-12,4.969225e-10
780000,208,334,0,-3.7499385e-13,4.373804e-11,5.4698023e-25,0.0,2.4175191e-11,1.891061e-12
780000,215,327,0,-5.014809e-13,4.3606528e-11,1.6517975e-27,0.0,1.4281183e-16,4.7861333e-11
780000,90,88,0,-5.254958e-13,1.2966989e-11,1.3226195e-11,5.1527857e-14,3.3921737e-16,1.4425493e-10
780000,229,212,0,-9.9691536e-14,3.1585476e-12,1.895113e-36,0.0,3.544e-26,4.929183e-14
780000,277,409,0,3.0887842e-12,1.1072528e-11,3.7259982e-12,1.58647e-15,3.974087e-17,5.3113302e-11
780000,291,383,0,7.787123e-14,3.4681833e-13,1.7783884e-14,6.1228273e-22,2.3032444e-28,5.0758064e-11
780000,357,296,0,-1.6899682e-13,5.129972e-13,1.7711402e-34,0.0,2.6601775e-29,1.1133963e-12
780000,406,398,0,2.1136953e-12,4.7419287e-11,3.129089e-11,3.3911594e-13,1.3035396e-12,1.7277355e-10
780000,275,211,0,-4.541939e-14,4.8833945e-12,2.7050929e-14,9.91555e-22,4.1343133e-20,2.4118173e-17
780000,365,15,0,-6.963938e-13,4.4547494e-11,2.5712518e-12,1.4525978e-16,5.1516492e-11,1.4608724e-10
780000,273,114,0,-1.05315564e-13,1.5995512e-11,3.9860552e-11,6.7534324e-13,2.5706849e-14,2.9912408e-09
780000,476,444,0,-1.2883042e-12,4.874786e-11,3.1959012e-11,4.795141e-13,1.8880844e-14,3.5180059e-09
780000,341,137,0,-3.625036e-13,3.3912075e-11,8.191749e-20,3.1152064e-35,2.1502883e-11,3.0835576e-09
780000,32,85,0,-9.219189e-13,2.6579757e-11,2.7699671e-13,2.281281e-19,1.988185e-19,3.4509449e-09
780000,260,104,0,2.3401227e-13,2.4365976e-12,2.0294445e-12,1.1682907e-16,1.7927445e-20,2.9994307e-09
780000,328,385,0,1.1522169e-12,2.0590307e-11,8.793982e-24,1.8413e-41,3.6876238e-17,3.0319691e-09
780000,69,165,0,-4.644644e-13,8.700149e-12,8.788646e-14,3.2927837e-20,2.8305276e-23,3.2783878e-09
780000,339,158,0,-3.090222e-13,1.2310113e-11,1.5766265e-18,5.1141824e-31,2.4523123e-16,3.0714586e-09
780000,10,21,0,-1.0041165e-12,7.136575e-11,4.6994466e-12,1.6910742e-15,4.3288823e-16,3.2264076e-09
780000,85,1,0,-1.3671957e-12,5.4453064e-11,2.9769804e-12,2.23546e-16,1.0709004e-13,3.0861527e-09
780000,374,48,0,-9.645595e-13,4.0559903e-11,1.2918446e-12,5.1414834e-17,5.247811e-16,3.1822005e-09
780000,392,482,0,-8.260015e-13,4.691557e-11,6.47424e-11,4.705895e-12,8.0497534e-13,3.1495102e-09
780000,313,413,0,-1.3211494e-13,3.7772923e-12,2.0003894e-12,5.3303905e-16,9.208657e-19,3.0775673e-09
780000,390,153,0,-5.676035e-13,3.8930633e-11,5.5032657e-17,4.6308265e-27,7.832549e-15,3.1457965e-09
780000,434,164,0,7.1454384e-11,9.143535e-11,9.983204e-12,1.0291476e-14,9.598959e-11,2.647866e-10
780000,480,299,0,-6.777075e-13,8.159505e-11,4.446782e-12,7.5863193e-16,3.3998424e-10,3.5654906e-09
780000,320,420,0,-1.5221364e-13,6.0582415e-13,8.9529275e-14,5.397082e-19,8.507313e-23,3.1767597e-09
780000,4,388,0,-1.0011418e-12,2.5991709e-11,9.4650314e-14,1.5707683e-20,1.338323e-15,3.3309053e-09
780000,432,382,0,-7.742906e-13,2.4759689e-11,3.870509e-13,7.7568097e-19,4.240217e-17,3.476256e-09
780000,108,326,0,-4.4803188e-13,3.4690268e-11,6.5725485e-12,7.344004e-15,3.0674446e-13,3.0942526e-09
780000,444,357,0,-5.860568e-13,3.329554e-11,1.7134781e-13,4.5294058e-20,2.4416098e-11,3.1909582e-09
780000,199,10,0,-1.1583718e-12,3.2508968e-11,7.677622e-12,1.1174014e-15,1.5366198e-17,3.2217502e-09
780000,18,344,0,-8.23548e-13,5.112235e-11,7.456729e-11,1.1839813e-12,2.376266e-13,3.1739202e-09
780000,223,429,0,1.1275208e-13,4.9521593e-12,4.30778e-12,3.3497474e-16,1.1469459e-19,3.0638065e-09
780000,323,9,0,-5.6822065e-13,3.2011095e-11,3.628282e-13,7.044634e-18,4.4379066e-11,3.1782978e-09
780000,204,20,0,-9.269612e-13,2.3463701e-11,7.9293657e-13,1.3954744e-17,1.2747696e-12,3.2680676e-09
780000,112,104,0,-2.2916814e-13,3.538491e-11,3.1297298e-14,2.7672182e-21,2.2202789e-16,3.2164147e-09
780000,109,203,0,-7.6274924e-14,2.5384417e-13,1.5499523e-22,1.5460662e-37,8.939894e-36,3.052562e-09
780000,379,489,0,-7.4989814e-13,5.65342e-11,2.4075325e-13,6.293457e-19,3.1860328e-10,3.0879905e-09
780000,93,236,0,-2.3538e-13,3.7644133e-12,2.1077244e-15,2.5128269e-24,4.355793e-23,3.29686e-09
780000,475,239,0,2.6533743e-12,4.359164e-12,1.7138952e-12,4.4595236e-17,5.2122787e-21,3.144493e-09
780000,182,438,0,-6.3037526e-13,2.5957547e-11,5.6964734e-14,2.0892295e-20,1.13763175e-17,3.0545093e-09
780000,436,384,0,-8.577979e-13,3.3440296e-11,7.035321e-12,3.0059302e-15,1.1121467e-14,3.8339873e-09
780000,418,46,0,-7.4626666e-13,1.8294241e-11,1.4442472e-12,7.2089366e-17,1.4582584e-16,3.3276766e-09
780000,430,420,0,-1.2709859e-12,8.8814824e-11,4.854494e-11,1.065561e-11,1.3776276e-11,3.4193008e-09
780000,322,16,0,-7.054146e-13,4.364019e-11,7.9610086e-15,1.7974497e-23,5.2796633e-16,3.1718073e-09
780000,225,451,0,-4.2675057e-13,1.7591976e-11,1.7818055e-12,2.6493502e-16,6.798533e-14,3.249179e-09
780000,121,38,0,-1.1923711e-12,4.1611284e-11,4.887508e-17,1.253517e-27,9.703165e-13,3.1015293e-09
780000,399,9,0,-6.4600967e-13,4.004489e-11,1.2131996e-11,3.462527e-14,3.2174796e-10,3.3063254e-09
780000,123,40,0,-1.183614e-12,5.0911216e-11,3.3676548e-16,1.6037877e-26,2.8862687e-12,3.1503746e-09
780000,313,271,0,-3.5835714e-13,2.4055011e-12,9.738359e-12,5.6760995e-15,3.231338e-17,3.0144958e-09
780000,231,7,0,-6.152485e-13,1.5065414e-11,2.2286738e-18,2.5713336e-32,2.1559426e-19,3.2981895e-09
780000,138,66,0,-6.582316e-13,2.6222635e-11,4.5585486e-13,6.992591e-18,3.1140676e-10,3.146841e-09
780000,442,159,0,2.0286856e-11,4.5483815e-11,1.2789275e-12,5.607459e-17,1.926537e-17,3.401433e-09
780000,486,46,0,-1.4998225e-12,7.3511516e-11,1.275744e-11,5.8695995e-14,2.4611993e-11,3.3583407e-09
780000,165,422,0,-2.9608466e-13,1.3197066e-11,2.9832452e-13,3.7822226e-19,1.8916776e-20,3.0114604e-09
780000,228,372,0,8.288205e-12,1.0604714e-13,3.4558324e-13,4.5411885e-19,4.171618e-24,3.1050669e-09
780000,444,398,0,-1.1223612e-12,6.106241e-11,1.1880741e-14,2.771551e-23,3.077636e-11,3.3644219e-09
780000,430,22,0,-7.7116904e-13,4.1892566e-11,4.0723835e-12,7.607763e-16,2.8839404e-13,3.3596745e-09
780000,129,383,0,-1.3135799e-13,2.7752486e-12,1.3005306e-14,2.1954032e-21,2.1937e-26,3.0528833e-09
780000,130,67,0,-6.85698e-13,4.6809768e-11,5.643593e-16,2.5468605e-26,4.238004e-12,3.1767735e-09
780000,210,176,0,-1.459028e-13,8.110454e-12,3.4022294e-28,0.0,2.456457e-17,2.991627e-09
780000,268,382,0,2.0837583e-11,2.5435163e-11,3.7388686e-12,1.9274199e-15,2.4946462e-14,3.1774767e-09
780000,462,487,0,-8.1490527e-13,5.4770986e-11,9.733007e-13,2.701094e-18,1.7217311e-11,3.2833931e-09
780000,108,93,0,-5.397724e-13,1.8459161e-11,5.2574337e-11,1.96326e-11,1.412017e-11,3.510662e-09
780000,169,444,0,-5.1452565e-13,2.9755455e-11,6.6645165e-13,4.0042626e-18,1.7107925e-16,3.2010088e-09
780000,362,60,0,-8.7289675e-13,7.478067e-11,6.399973e-15,2.4476084e-22,1.8867616e-12,1.8758158e-10
780000,180,380,0,-1.1372395e-11,2.2918185e-09,5.245973e-19,3.0916165e-29,4.1188084e-09,1.8263632e-10
780000,271,128,0,-4.328582e-13,5.217762e-11,3.8316013e-14,1.6770452e-21,5.4837562e-12,1.6207573e-10
780000,153,369,0,-2.8822902e-13,1.0894843e-11,4.9607857e-12,1.1437908e-15,3.714042e-18,1.211316e-10
780000,246,197,0,-2.97879e-14,1.35038e-13,2.8185805e-16,1.176732e-26,2.2839142e-35,1.6365263e-11
780000,70,430,0,-1.0355044e-12,4.6527896e-11,4.3460704e-12,1.1119659e-15,5.2382286e-11,2.8142438e-10
780000,304,351,0,-8.541502e-14,7.101168e-14,9.928142e-16,1.8315102e-24,2.3773616e-31,1.0065065e-11
780000,344,199,0,-2.1446926e-13,7.610946e-12,1.4221826e-15,1.4838139e-23,1.2009365e-19,5.9728736e-11
780000,130,364,0,-4.1074346e-13,3.0884448e-11,1.62859e-11,3.4050865e-13,4.2362764e-14,7.0815256e-11
780000,354,454,0,-8.4473125e-14,3.5037535e-11,5.6817043e-15,9.0869645e-24,3.0316624e-10,3.0206612e-10
780000,141,46,0,-9.402072e-13,5.6503007e-11,3.098098e-11,1.2744744e-13,2.3186683e-12,2.8294522e-10
780000,85,288,0,-1.746004e-13,6.161953e-12,4.9999774e-12,1.6915265e-15,1.0493313e-18,2.840282e-11
780000,144,120,0,2.1070347e-11,9.903924e-14,6.4825e-27,0.0,1.088716e-39,1.38093e-10
780000,207,496,0,-6.1911137e-13,2.1737322e-11,3.7385584e-11,7.100986e-13,6.325453e-14,3.5842893e-10
780000,360,110,0,-1.5207489e-13,2.1291083e-12,8.7157397e-13,2.4322733e-18,3.039474e-23,1.3550046e-10
780000,323,193,0,-1.6189732e-13,1.522006e-11,7.919919e-22,4.453696e-37,2.2980915e-13,6.38701e-13
780000,331,108,0,-4.772822e-13,2.8566479e-11,7.548853e-12,9.450558e-15,3.0316527e-10,5.79628e-11
780000,82,134,0,-7.2769395e-13,1.6004122e-11,8.4133065e-12,1.0708409e-14,2.0951118e-17,3.2044973e-09
780000,7,399,0,-8.2640237e-13,3.424474e-11,1.08411884e-10,4.4583046e-11,9.086352e-11,3.510743e-09
780000,95,121,0,-8.0223005e-14,2.8273947e-11,6.8281505e-11,2.2901553e-12,2.213367e-13,3.1669765e-09
780000,222,80,0,-5.1538835e-13,2.4099014e-11,1.7095866e-17,2.7581587e-28,4.6377372e-12,8.5321983e-10
780000,394,245,0,3.6412664e-13,5.8276613e-12,1.8388001e-15,2.9272295e-24,4.2999533e-22,3.0377558e-09
780000,472,84,0,-1.3837776e-12,1.042794e-10,1.6481802e-11,1.5524864e-13,5.5457715e-11,3.1420915e-09
780000,206,400,0,4.045045e-13,3.5308785e-12,1.4983514e-13,2.1002337e-19,9.995142e-21,3.0632883e-09
780000,18,372,0,-1.0313586e-12,7.15077e-11,3.1360813e-11,1.825435e-12,6.946498e-13,3.124679e-09
780000,194,76,0,-4.6711625e-13,1.081749e-11,3.6363154e-15,2.9335006e-24,4.4249838e-17,3.0983407e-09
780000,114,463,0,-9.668269e-13,5.821363e-11,3.0947853e-14,5.646705e-22,2.7674377e-11,3.3363057e-09
780000,15,80,0,-1.1572366e-12,3.7462092e-11,5.7468856e-12,3.936509e-15,7.64343e-15,3.4646728e-09
780000,394,133,0,4.3583097e-12,4.208106e-11,2.1898593e-17,5.8578724e-29,2.644669e-09,3.033297e-09
780000,380,452,0,4.0693794e-12,3.029233e-11,3.7341643e-16,6.1250023e-27,2.7170968e-15,3.1466465e-09
780000,145,493,0,-6.644817e-13,3.5612527e-11,4.8415905e-14,5.2060867e-20,5.2382224e-11,3.045453e-09
780000,31,439,0,-1.09388e-12,2.2512776e-11,2.559401e-11,2.2302325e-12,5.421693e-13,4.690807e-09
780000,312,87,0,6.1972792e-12,1.6512767e-11,5.6101174e-14,5.600043e-20,5.5944806e-18,3.0727572e-09
780000,467,419,0,-1.3559439e-12,7.915536e-11,8.689996e-12,5.850064e-15,1.7228534e-13,3.2935599e-09
780000,349,457,0,-4.702675e-13,2.2163727e-11,6.4307025e-15,5.3936467e-24,1.813053e-17,3.266622e-09
780000,327,77,0,-2.6496792e-13,6.5736284e-11,3.6375784e-20,2.2735732e-31,1.8671577e-12,3.020833e-09
780000,222,118,0,-7.284222e-13,5.302765e-11,1.2572697e-23,2.2943e-41,1.048693e-12,3.027998e-09
780000,133,160,0,5.246755e-11,2.3982758e-12,8.8640406e-23,3.37144e-40,4.5597046e-28,3.1801222e-09
780000,499,340,0,-4.6523516e-13,8.173443e-12,3.348957e-18,1.7606347e-31,9.491923e-25,3.5501424e-09
780000,456,442,0,-1.4424723e-12,8.271337e-11,5.7116693e-11,1.8889576e-11,1.812553e-11,3.214388e-09
780000,377,34,0,-9.071135e-13,5.7545475e-11,4.2551872e-11,5.309599e-12,5.4556856e-11,3.3234033e-09
780000,379,351,0,1.2080289e-12,1.9362654e-11,1.4117325e-12,1.1532793e-16,6.4003504e-16,3.016866e-09
780000,211,483,0,-6.399658e-13,3.56512e-11,2.2246083e-12,2.0300623e-16,3.2981956e-10,3.1620193e-09
780000,308,53,0,7.641557e-12,2.602263e-11,8.8808766e-11,8.157691e-12,8.350421e-12,3.085646e-09
780000,482,341,0,-5.051361e-13,6.2251875e-12,3.1724855e-11,4.95222e-13,2.3861154e-14,3.0801413e-09
780000,193,15,0,-1.0151475e-12,3.106654e-11,8.778675e-11,2.4464005e-11,3.5288575e-10,3.3182648e-09
780000,101,53,0,-7.4958014e-13,2.4576697e-11,1.17566166e-14,5.659273e-23,8.581031e-16,3.3919687e-09
780000,249,56,0,5.7450125e-14,2.3878396e-11,7.714844e-12,3.0679142e-15,1.5662827e-12,3.248583e-09
780000,49,456,0,-1.650779e-12,9.729683e-11,2.4619608e-12,1.2348278e-16,3.7748893e-12,3.1746212e-09
780000,88,453,0,-1.2893173e-12,9.6516024e-11,1.3547348e-14,3.4893103e-22,6.12977e-10,3.4078569e-09
780000,24,193,0,-5.55248e-13,2.0062056e-11,2.4849732e-11,2.87354e-13,2.3867313e-14,3.3173295e-09
780000,40,279,0,-1.7166954e-13,4.5967162e-12,2.2891706e-13,6.291503e-19,3.9775394e-22,3.0805107e-09
780000,70,109,0,-6.7518257e-13,1.8705735e-11,4.3250292e-11,7.0253276e-13,3.2152547e-14,3.3910976e-09
780000,13,196,0,-5.960681e-13,2.2661019e-11,1.3880386e-11,4.4774307e-14,6.825927e-14,3.1389713e-09
780000,429,20,0,-7.496841e-13,3.6565837e-11,8.938943e-12,4.2066394e-14,1.8217993e-14,3.3145822e-09
780000,495,140,0,-8.258766e-13,4.7761697e-11,1.3891104e-11,1.3028562e-14,3.2602948e-10,3.184849e-09
780000,298,97,0,1.0403133e-11,1.4790705e-11,7.590082e-17,5.126879e-28,3.1875108e-20,3.0609935e-09
780000,69,36,0,-1.1842633e-12,7.307534e-11,6.2316965e-13,5.20985e-18,2.1517508e-11,3.134254e-09
780000,402,4,0,-6.3434165e-13,3.6125193e-11,4.014865e-14,1.0818793e-21,3.2204905e-10,3.1080636e-09
780000,297,22,0,-6.8785944e-13,3.116194e-11,5.215152e-12,7.820925e-16,2.0374918e-16,3.1464493e-09
780000,454,181,0,3.07622e-11,1.02222696e-10,4.8931237e-14,2.1518088e-21,9.588948e-11,3.0546694e-09
780000,217,485,0,-6.0236554e-13,4.9600546e-11,2.9661059e-15,1.66318e-24,4.975065e-13,3.1553438e-09
780000,3,186,0,-7.007454e-13,4.4502856e-11,3.3005193e-13,1.7532827e-18,1.26911895e-14,3.2877332e-09
780000,436,78,0,1.7688674e-13,4.7061684e-11,7.242198e-15,2.1316185e-22,4.201862e-12,3.4562677e-09
780000,115,349,0,-1.6271535e-13,4.940263e-11,1.2570701e-17,4.1782223e-30,2.5327395e-15,3.0978402e-09
780000,359,359,0,1.2860782e-11,2.2344553e-11,1.9729594e-18,2.9171394e-32,7.317099e-20,3.1285878e-09
780000,343,270,0,-2.6802833e-13,1.1038551e-11,2.3330879e-15,3.255924e-20,7.584169e-15,3.0886644e-09
780000,452,370,0,-8.7477096e-13,5.5139678e-11,6.659204e-14,1.4067282e-19,3.2045105e-10,3.2040763e-09
780000,46,133,0,-1.0295443e-12,7.0828614e-11,1.112949e-10,6.3759133e-12,1.9135702e-12,3.1264924e-09
780000,329,143,0,-3.2460425e-13,4.549263e-12,3.2481404e-17,1.1037976e-28,1.9989589e-20,2.9955296e-09
780000,419,179,0,1.369936e-10,5.7768613e-11,1.2820417e-17,6.485707e-31,4.5961892e-15,3.1245422e-09
780000,46,444,0,-1.3222718e-12,7.30481e-11,4.9863694e-13,1.5241686e-18,8.670825e-11,3.1642948e-09
780000,492,261,0,-6.207896e-13,2.8343099e-11,4.577698e-12,6.954902e-16,5.5020484e-17,3.1737766e-09
780000,212,131,0,-7.4851356e-13,4.408084e-11,6.1189005e-17,1.5082182e-28,1.9481243e-16,3.2400667e-09
780000,432,429,0,-1.36732e-12,5.886715e-11,1.3254278e-12,2.3194474e-17,1.1130724e-16,3.4652883e-09
780000,337,33,0,-8.0541124e-13,6.0320644e-11,3.2576616e-14,4.621737e-22,2.04407e-09,3.1979166e-09
780000,83,427,0,-9.678079e-13,6.415286e-11,8.313064e-14,4.5142287e-20,3.8604996e-12,3.5106524e-09
780000,199,378,0,-1.9084811e-13,1.7436844e-11,2.2067445e-16,1.0337327e-26,7.4130914e-13,3.0304657e-09
780000,491,3,0,-1.1024561e-12,5.947273e-11,9.942661e-12,1.6134367e-14,3.1516523e-10,3.283119e-09
780000,145,6,0,-7.160224e-13,4.363804e-11,5.4898404e-13,1.4904785e-18,2.5533793e-13,3.1664504e-09
780000,334,390,0,4.8278525e-12,2.671109e-11,1.3782219e-18,3.339653e-32,4.938293e-12,3.1343814e-09
780000,87,413,0,7.084692e-13,2.2571058e-11,1.4613909e-12,3.549324e-17,8.129489e-17,3.2414e-09
780000,494,408,0,-8.6579675e-13,1.9972834e-11,2.4399992e-11,1.226421e-12,1.0160114e-13,3.273425e-09
780000,318,59,0,1.9410448e-12,5.2564193e-11,3.628504e-11,4.4259377e-13,3.6069495e-13,3.1251195e-09
780000,430,27,0,-7.9917485e-13,4.3064913e-11,1.5697733e-11,2.7739523e-14,3.326532e-14,3.2615095e-09
780000,433,125,0,4.028313e-12,8.909106e-11,1.9599012e-12,7.0522315e-17,7.041727e-12,3.0733502e-09
780000,481,395,0,-1.0888575e-12,2.5633688e-11,8.21321e-12,2.701668e-14,2.6281482e-16,3.0942844e-09
780000,12,409,0,-7.448751e-13,2.2879284e-11,2.0003811e-11,3.7281249e-13,9.856914e-15,3.4314276e-09
780000,63,228,0,-1.0136425e-13,5.841299e-12,1.5160011e-12,9.1449416e-17,3.1141623e-18,3.0166385e-09
780000,43,421,0,-1.1574151e-12,9.272608e-11,1.2603934e-11,2.922461e-14,6.4604057e-13,3.1583847e-09
780000,37,331,0,-4.912391e-13,5.795331e-12,2.0646283e-11,2.979887e-13,6.20181e-15,3.1490828e-09
780000,65,192,0,-3.2939165e-13,1.8423246e-11,1.0203411e-11,9.036995e-15,1.8337632e-15,3.057233e-09
780000,217,356,0,-6.3846064e-14,1.0156983e-11,1.6350083e-11,3.3275135e-13,5.6626473e-14,2.9904612e-09
780000,394,441,0,1.5076246e-11,2.0896838e-11,4.472133e-13,2.010226e-18,3.3312897e-10,3.41759e-09
780000,474,120,0,-9.712348e-13,4.2639614e-11,7.8953837e-11,8.8650545e-12,3.290069e-12,3.4235264e-09
780000,231,102,0,-9.044765e-13,8.9356265e-11,4.835756e-20,5.308401e-36,1.7143608e-11,3.0381822e-09
780000,7,289,0,-3.0065525e-13,5.44916e-12,3.0969376e-12,3.0655618e-16,2.420763e-19,3.1719114e-09
780000,107,44,0,-1.0012326e-12,6.526334e-11,1.3065869e-15,3.591544e-24,2.6901185e-12,3.2901752e-09
780000,171,39,0,-5.567177e-13,2.1045192e-11,5.1920138e-18,4.7232766e-25,6.047563e-12,3.4741452e-09
780000,359,237,0,-3.65555e-13,2.8530288e-11,7.2750977e-16,3.7897563e-25,4.2022e-12,2.9994764e-09
780000,415,455,0,-8.7033863e-13,4.194843e-11,2.748724e-12,3.5413307e-16,2.8240464e-15,3.2200136e-09
780000,179,5,0,-9.478976e-13,4.273034e-11,1.0721134e-13,2.0094319e-20,3.0910875e-11,3.4286858e-09
780000,145,9,0,-7.3408304e-13,4.109713e-11,2.7382898e-12,4.1675053e-16,1.4207699e-14,3.2077654e-09
780000,241,459,0,-3.798906e-13,2.2154853e-11,6.2003657e-12,3.9601755e-15,2.844324e-11,3.2153606e-09
780000,185,403,0,-1.1208724e-11,2.2723499e-09,1.3537829e-18,1.1404281e-30,4.1188084e-09,1.0550231e-10
780000,497,352,0,-1.164705e-11,2.2946698e-09,7.743495e-17,1.941014e-27,4.1188084e-09,1.143597e-10
780000,423,179,0,2.5397148e-10,2.8700608e-11,1.0857512e-15,3.1102382e-26,1.5017419e-15,1.4222894e-10
780000,264,391,0,7.0340296e-11,4.0158474e-11,1.8995617e-14,1.060668e-21,1.4579939e-15,5.859488e-11
780000,356,222,0,-3.8654697e-13,2.0500997e-11,5.7677246e-13,3.5462503e-18,9.829526e-15,5.9079894e-11
780000,218,335,0,-3.4635456e-13,3.1640322e-11,9.223936e-21,2.203498e-35,2.643392e-13,3.5809387e-11
780000,199,18,0,-9.496127e-13,1.7576685e-11,4.045831e-12,2.3956678e-16,2.7139182e-16,1.7880417e-10
780000,360,356,0,7.327354e-12,2.780663e-11,1.5056242e-16,1.2764259e-27,3.376855e-17,7.456839e-11
780000,453,89,0,-1.1402446e-12,8.669509e-11,2.7332992e-13,1.0590625e-18,5.867037e-12,2.3280233e-10
780000,47,393,0,-3.081049e-13,1.4799583e-11,1.2319028e-11,4.2625452e-14,2.5327812e-16,1.8118014e-10
780000,203,263,0,-4.9106735e-14,1.7511081e-14,3.327592e-34,0.0,4.329106e-31,2.3549076e-11
780000,337,105,0,-4.558987e-13,3.2409755e-11,2.9983538e-13,1.4915843e-18,4.5980413e-15,3.5701653e-11
780000,402,104,0,3.574179e-10,1.8023251e-11,3.1580917e-16,6.826737e-26,8.114347e-19,2.3270866e-10
780000,71,340,0,6.6427625e-13,2.5460913e-11,1.455115e-14,6.191608e-23,1.0114086e-12,1.3461932e-10
780000,10,266,0,-5.9523296e-13,5.818556e-11,6.4200923e-13,3.5728863e-18,6.504413e-11,1.6598434e-10
780000,482,314,0,-7.020495e-13,3.4841952e-11,1.8481238e-13,1.1439078e-18,2.5779755e-15,3.5034053e-09
780000,405,100,0,3.9710144e-10,1.8820666e-11,6.2203066e-16,1.6279562e-25,5.7328806e-20,7.543464e-11
780000,115,210,0,-3.467703e-14,8.568583e-15,1.1150502e-18,7.503413e-32,1.267e-42,3.0410725e-09
780000,105,141,0,1.1950127e-11,3.7411692e-11,2.03675e-23,6.5027244e-37,3.9804402e-14,3.0647282e-09
780000,47,360,0,2.0771594e-13,1.4032877e-11,6.455391e-14,7.379955e-21,1.0457493e-14,2.5509256e-10
780000,361,425,0,5.6303635e-11,1.2395476e-11,1.7129558e-15,4.4454235e-25,4.8737525e-17,1.9438073e-10
780000,158,152,0,9.524842e-12,4.447517e-11,4.263753e-12,1.6185035e-15,2.8295735e-10,1.0682759e-10
780000,31,302,0,-4.8972436e-13,5.4356863e-11,1.0590208e-11,9.924715e-15,5.260124e-12,2.2982125e-10
780000,12,452,0,-1.506434e-12,5.465689e-11,4.2763414e-11,2.0889878e-12,2.738688e-11,3.1739977e-09
780000,337,48,0,-7.1068607e-13,3.728808e-11,5.7183906e-14,1.8516987e-20,1.9779548e-11,3.1694813e-09
780000,244,16,0,-6.23734e-13,4.1392847e-11,3.5105885e-09,7.382184e-10,1.2273466e-09,6.1937466e-10
780000,167,78,0,-4.2664282e-13,1.8265488e-11,2.0114983e-13,8.79537e-19,3.2981945e-10,3.0454437e-09
780000,146,208,0,-1.0193698e-13,2.3512435e-11,3.5983116e-15,4.99516e-24,2.5377373e-14,3.053171e-09
780000,236,399,0,1.6170536e-10,7.038113e-12,6.814698e-11,1.9730677e-11,1.1008711e-11,3.3564254e-09
780000,290,391,0,1.8287871e-13,9.81088e-13,2.997671e-15,4.1480334e-24,5.7322706e-25,4.3851398e-11
780000,376,55,0,-9.0375754e-13,2.761883e-11,1.2185122e-12,4.093767e-17,1.6419619e-15,3.3114873e-09
780000,50,480,0,-1.7941475e-12,9.878132e-11,7.072557e-11,1.962481e-11,1.3587139e-11,3.7701017e-10
780000,365,305,0,-2.4230607e-13,1.9553528e-12,1.4312408e-24,2.87e-43,4.158861e-30,2.989064e-09
780000,53,457,0,-1.6142492e-12,9.6660166e-11,3.0552606e-11,1.915477e-12,2.4221574e-11,3.194144e-09
780000,256,69,0,6.159239e-12,2.0759047e-11,3.65008e-17,1.3131312e-28,3.7795032e-19,3.189552e-09
780000,104,421,0,-8.496494e-13,5.147087e-11,8.6225966e-12,3.060037e-14,3.0694062e-15,3.3278222e-09
780000,76,58,0,-6.0278594e-13,1.2799464e-11,3.2106577e-12,6.128327e-16,4.3226156e-19,4.2922704e-10
780000,38,51,0,-1.259839e-12,6.768753e-11,8.246229e-12,2.4272388e-14,3.355446e-10,3.4274843e-09
780000,381,9,0,-6.5215476e-13,3.7593352e-11,3.2842876e-14,1.3396057e-20,5.2382584e-11,3.095777e-09
780000,4,462,0,-1.8783143e-12,1.0889887e-10,6.909734e-14,3.1532454e-21,6.5465645e-14,3.4747116e-09
780000,209,84,0,-4.2623565e-13,9.468478e-12,4.0438795e-11,2.6523678e-13,6.903929e-15,8.787733e-11
780000,214,68,0,-6.9823704e-13,2.3154808e-11,4.452275e-16,3.0106712e-23,7.4824654e-17,1.4114973e-10
780000,151,408,0,-2.841263e-13,9.842696e-12,3.761657e-11,1.05912735e-11,8.380284e-12,3.1078278e-09
780000,486,49,0,-1.4842943e-12,6.711395e-11,3.2841408e-12,2.8389095e-16,5.4183333e-12,3.267811e-09
780000,231,395,0,8.642072e-11,1.1029006e-11,4.0068438e-11,1.0670808e-11,9.529595e-12,3.1183962e-09
780000,200,374,0,-2.0013269e-13,1.28810625e-11,1.1469437e-18,3.1649607e-31,3.1687824e-19,3.0350782e-09
780000,46,438,0,-1.1610788e-12,4.35087e-11,5.2064776e-13,4.687842e-19,9.6146175e-14,3.197889e-09
780000,50,452,0,-1.550271e-12,9.2888176e-11,5.510064e-13,1.3195628e-18,5.220989e-12,3.3389989e-09
780000,96,495,0,-1.0122613e-12,2.558412e-11,2.66993e-11,3.9460097e-14,4.0146074e-13,1.9289735e-10
780000,85,25,0,-1.2241579e-12,6.139671e-11,6.0964206e-11,1.6119817e-12,4.9375326e-13,3.3842784e-09
780000,3,448,0,-1.5344785e-12,7.146711e-11,4.9671104e-11,1.7452664e-12,5.30056e-12,3.252388e-09
780000,32,279,0,-2.1427951e-13,6.0915986e-13,1.1130693e-15,3.0593658e-25,2.089896e-32,3.110816e-09
780000,497,194,0,-2.4337815e-13,3.942761e-12,1.4069053e-11,1.9494927e-14,3.2116877e-16,2.775587e-10
780000,482,94,0,-1.1405823e-12,3.8658823e-11,3.2741303e-11,1.8863919e-12,3.4409896e-13,3.1082137e-10
780000,359,70,0,-6.799968e-13,2.7207556e-11,4.1263484e-14,1.9250575e-21,7.5842415e-15,4.7065553e-11
780000,468,257,0,1.9888347e-13,2.6436586e-11,6.084256e-13,2.6336395e-18,2.5607665e-13,3.161952e-09
780000,74,37,0,-1.0998634e-12,5.940643e-11,3.0634576e-14,8.893656e-22,6.38418e-13,3.21326e-09
780000,66,459,0,-1.4542081e-12,4.233022e-11,2.8540802e-11,2.0510748e-12,4.2629062e-13,3.1222078e-09
780000,490,294,0,-6.3531136e-13,3.0760394e-11,1.9730308e-13,1.7199246e-19,2.491144e-11,2.3157368e-10
780000,122,459,0,-7.6112066e-13,3.5997517e-11,2.8568134e-14,3.2698668e-21,9.703162e-13,3.3988146e-09
780000,87,200,0,-1.7903042e-13,2.0443818e-12,2.2203799e-17,1.1700313e-29,1.6690568e-29,3.0257994e-09
780000,438,473,0,-1.0322324e-12,7.825621e-11,1.5143752e-13,3.199599e-20,2.4568998e-09,3.3907135e-09
780000,381,455,0,1.8503786e-12,3.8115733e-11,2.0815457e-14,1.705687e-22,2.2989252e-13,3.1227787e-09
780000,37,94,0,-7.8704984e-13,2.9171495e-11,4.5344627e-11,1.9121846e-11,1.6494467e-11,9.770671e-11
780000,481,3,0,-1.1598812e-12,6.970298e-11,6.2050726e-11,5.7118516e-12,1.731289e-12,3.307482e-09
780000,83,383,0,3.571188e-10,7.376178e-11,2.2888015e-13,6.291503e-19,4.812346e-13,3.3286214e-09
780000,75,274,0,-2.0660486e-13,4.398832e-12,8.74768e-12,3.9058614e-14,7.118883e-16,3.0784837e-09
780000,91,37,0,-9.371297e-13,2.9643878e-11,1.8763581e-13,2.1882833e-19,1.08517494e-16,3.1507423e-09
780000,177,74,0,-4.051389e-13,1.1517863e-11,3.320686e-18,1.5976813e-28,6.348654e-20,1.3634148e-10
780000,382,128,0,1.9021078e-12,2.37114e-12,3.127035e-11,5.7551327e-13,2.4632028e-14,3.0325122e-09
780000,70,138,0,-8.034012e-13,5.288471e-11,3.499401e-11,5.6731174e-12,3.501723e-10,3.612226e-09
780000,495,188,0,-2.6294987e-13,1.7401598e-11,3.3843532e-11,5.2737144e-13,6.9325215e-13,8.8881576e-11
780000,135,342,0,-6.343573e-13,4.783313e-11,6.71526e-14,1.863546e-20,4.2073814e-12,1.14472e-11
780000,116,2,0,-1.0568341e-12,4.3363528e-11,8.794808e-12,3.764159e-15,3.042063e-11,3.188737e-10
780000,12,421,0,-8.72162e-13,4.817699e-11,4.811127e-12,1.4792815e-15,4.637979e-12,3.6724164e-09
780000,276,465,0,-4.1736173e-13,2.6549929e-11,5.9215493e-15,2.1301148e-22,7.927831e-17,3.107484e-09
780000,82,493,0,-1.1309747e-12,6.627743e-11,1.2635444e-13,7.189908e-20,7.669741e-14,2.4579128e-10
780000,422,55,0,-7.5979094e-13,4.585399e-11,4.3690427e-14,1.2216746e-21,1.07273694e-13,3.1510041e-09
780000,259,29,0,-5.612352e-13,3.8253907e-11,2.1815796e-11,3.6206083e-13,3.4523781e-12,3.159664e-09
780000,457,165,0,6.5518008e-12,2.3622843e-11,4.0219444e-17,2.0583669e-27,7.789188e-19,3.1719378e-09
780000,487,228,0,-1.8214334e-14,7.271536e-12,6.6210253e-12,2.2940327e-15,2.5573023e-18,5.427152e-10
780000,165,37,0,-5.3825276e-13,2.8882287e-11,3.4622631e-09,7.191878e-10,1.1761352e-09,3.8820455e-10
780000,455,33,0,-1.1236525e-12,3.415578e-11,2.6259918e-11,1.1384355e-12,8.585212e-14,3.539185e-09
780000,22,436,0,-1.0437422e-12,3.3486568e-11,6.348279e-11,4.81137e-13,3.8066735e-14,3.273967e-09
780000,76,6,0,-1.2207883e-12,4.8813953e-11,3.462286e-09,7.191878e-10,1.1532667e-09,1.7195369e-10
780000,482,426,0,-1.3776444e-12,9.318539e-11,8.726018e-12,2.4273384e-14,1.6083572e-12,3.2766867e-09
780000,493,115,0,-1.0599203e-12,6.520158e-11,2.910806e-11,1.0757529e-13,2.9538087e-11,2.3036345e-10
780000,472,447,0,-1.2588302e-12,2.808414e-11,1.2744538e-13,6.464084e-20,1.078444e-19,3.4846364e-09
780000,341,62,0,-6.687961e-13,1.8779712e-11,2.265471e-20,4.6797877e-35,3.9591616e-15,3.1872778e-09
780000,370,51,0,-9.724584e-13,4.5629677e-11,8.9106787e-13,1.1793835e-17,2.4420685e-14,2.0298407e-10
780000,450,379,0,-9.781155e-13,4.3115154e-11,6.4679435e-11,1.00010104e-11,4.4162824e-12,1.4060518e-10
780000,309,43,0,7.7876047e-13,3.6656973e-11,2.089357e-14,1.0079139e-20,8.556029e-16,1.0987034e-10
780000,474,422,0,-1.4305539e-12,8.5910584e-11,1.5158525e-11,7.313592e-15,2.9459638e-13,3.5778952e-10
780000,16,44,0,-1.2453783e-12,9.741709e-11,3.4872303e-09,7.192103e-10,1.1948261e-09,2.7300998e-10
780000,195,476,0,-8.000915e-13,5.5346176e-11,5.1754714e-16,4.3127884e-25,2.1567245e-11,3.036053e-10
780000,473,251,0,4.779373e-13,2.9596672e-11,3.3551315e-12,9.56547e-16,1.5717894e-16,3.1020007e-09
780000,70,231,0,-9.125189e-14,2.4894607e-12,3.6002532e-09,7.211153e-10,1.1535366e-09,2.8998626e-10
780000,483,291,0,-6.3276955e-13,2.9133248e-11,5.771368e-11,1.076e-11,6.402813e-12,3.3012446e-09
780000,67,200,0,-2.945057e-13,2.8625517e-11,3.4622614e-09,7.191878e-10,1.1532812e-09,1.9943723e-10
780000,39,408,0,-9.221801e-13,3.7333126e-11,1.3198759e-13,8.6157127e-19,2.9436276e-11,3.1363399e-09
780000,22,235,0,-2.7652547e-13,4.224418e-12,3.0088602e-11,2.0511355e-12,4.242637e-13,3.1536598e-09
