mcsteps,xCOM,yCOM,zCOM,il8,il1,il6,il10,tnf,tgf
680000,84,376,0,2.0471882e-09,4.507534e-11,2.4294402e-15,7.6021697e-25,3.2733515e-17,1.1914594e-10
680000,432,181,0,2.047752e-09,3.778016e-11,1.4105921e-12,1.2534722e-16,8.859527e-14,6.226854e-11
680000,409,105,0,2.0473827e-09,3.351776e-11,4.7182025e-19,4.451992e-31,3.0316522e-10,5.865775e-11
680000,247,394,0,2.0474151e-09,1.7586324e-10,1.7726238e-14,3.7724126e-22,8.164351e-11,3.9479628e-11
680000,132,141,0,2.0476703e-09,3.0916485e-11,4.271112e-28,1.4e-44,1.9656314e-16,9.131839e-11
680000,286,72,0,2.047563e-09,3.7937074e-11,9.255521e-14,7.626867e-21,9.936424e-15,3.3188247e-10
680000,365,385,0,2.04849e-09,1.1836383e-11,1.1979888e-13,5.1680906e-19,2.0455709e-19,2.0833812e-11
680000,379,420,0,2.0483741e-09,3.246083e-11,2.1531964e-13,8.862709e-20,8.478486e-15,1.05463936e-10
680000,426,219,0,2.091552e-09,4.9833254e-12,1.009517e-12,2.8091073e-17,4.2043994e-20,9.17103e-11
680000,444,225,0,2.090973e-09,2.1520471e-11,2.912131e-12,7.487634e-16,3.788343e-18,2.0776084e-10
680000,87,183,0,-2.7662556e-13,6.963492e-12,1.3065518e-12,2.8481466e-17,3.0472754e-21,4.4795728e-10
680000,196,459,0,-7.579771e-13,8.20092e-11,1.2894631e-12,9.710654e-17,4.4269144e-11,8.6996105e-11
680000,470,99,0,-1.151615e-12,5.901508e-11,3.1919001e-13,5.6727285e-18,3.5111203e-10,2.3355253e-09
680000,224,287,0,-4.0451925e-14,6.799196e-16,4.686e-42,0.0,1.0651473e-36,1.070642e-14
680000,419,74,0,1.7943001e-12,3.249893e-11,2.8554003e-11,8.502425e-13,5.062097e-14,1.1274813e-10
680000,380,160,0,-5.034134e-13,1.16606716e-11,3.5583403e-25,2.7e-44,1.2988273e-17,8.0699086e-11
680000,296,112,0,4.4617715e-14,4.4884244e-12,5.5428324e-15,1.0426856e-20,9.310125e-22,4.26521e-11
680000,480,444,0,-1.3100352e-12,6.930458e-11,1.0999552e-10,1.652784e-11,2.1800544e-11,2.473319e-10
680000,220,431,0,-2.503136e-13,8.513261e-12,1.0978165e-11,1.415443e-14,1.0899679e-16,2.8210476e-11
680000,191,52,0,-6.0974614e-13,2.1805774e-11,9.178465e-13,4.0551256e-17,1.10525134e-16,1.031274e-10
680000,322,115,0,-4.6338167e-13,2.454954e-11,1.6387269e-13,2.5836446e-19,1.4265623e-17,5.437864e-11
680000,35,102,0,-8.7817237e-13,5.282934e-11,1.5632855e-13,5.0998947e-19,1.76643e-12,6.4260645e-11
680000,366,410,0,8.1910576e-11,8.758135e-12,3.6737377e-13,6.48185e-19,6.975872e-20,4.716939e-11
680000,156,35,0,-6.142591e-13,1.3862253e-11,3.1767568e-11,5.031258e-13,1.9940592e-14,2.0709513e-10
680000,315,223,0,-2.6198372e-14,5.957802e-16,2.2519498e-19,2.4371699e-33,8e-45,8.5843496e-14
680000,183,251,0,-4.2026726e-15,2.2867119e-19,3.2736172e-15,6.243712e-23,4.0433364e-29,6.255906e-11
680000,389,277,0,-2.910967e-13,2.5836475e-11,8.418687e-34,0.0,1.7138577e-13,1.6073625e-11
680000,203,349,0,-2.0540702e-13,8.508145e-13,1.68566e-20,9.517497e-36,4.1006474e-32,3.765125e-11
680000,244,253,0,-7.325483e-18,1.5688107e-28,0.0,0.0,0.0,7.184915e-12
680000,244,65,0,-4.499137e-13,1.5148709e-11,4.655027e-11,3.3969192e-13,1.0025404e-14,1.3229855e-10
680000,313,331,0,-1.09906015e-13,5.1494932e-12,2.807878e-26,0.0,3.5403185e-20,7.0122953e-12
680000,338,336,0,-2.3537612e-13,2.6720693e-11,4.67846e-30,0.0,1.1369124e-13,7.450195e-11
680000,310,96,0,1.3353174e-12,2.3367044e-11,3.2648675e-13,1.2549304e-17,1.3188995e-16,2.375196e-10
680000,97,328,0,-3.5670376e-13,2.269026e-12,1.2498063e-17,7.578487e-28,1.3012425e-26,3.809747e-11
680000,338,325,0,-2.2211794e-13,5.2883084e-12,2.5187193e-30,0.0,4.9872205e-24,4.2327027e-11
680000,218,144,0,-2.504231e-13,9.4389834e-12,4.943915e-11,4.4731124e-12,7.429564e-13,5.745158e-14
680000,9,335,0,-9.05639e-13,4.163498e-11,2.1096423e-12,8.6362215e-17,1.6163933e-14,6.9165e-11
680000,284,25,0,-6.4229324e-13,5.5122906e-11,1.311926e-17,1.2407265e-27,1.3899437e-15,1.4816029e-10
680000,393,138,0,4.5114007e-13,2.0693034e-11,6.811125e-21,9.971004e-36,6.770442e-18,4.6003003e-11
680000,63,122,0,-9.156175e-13,4.2702505e-11,2.1856789e-11,2.0831505e-13,3.457249e-15,7.9873844e-11
680000,215,348,0,-2.664028e-13,4.4135418e-11,3.3536728e-14,8.0470345e-22,3.8656385e-13,1.4144657e-12
680000,464,468,0,-1.2323532e-12,4.7081162e-11,4.603362e-11,4.864618e-12,1.0443927e-12,2.6248015e-10
680000,382,95,0,5.656836e-12,1.5991734e-11,2.4922142e-16,9.455292e-27,3.562312e-20,2.2031012e-10
680000,425,76,0,1.4178151e-12,4.1480434e-11,7.759491e-12,1.21529365e-14,7.181563e-15,1.8814322e-10
680000,147,259,0,-9.594803e-14,4.248129e-13,9.6299856e-29,0.0,4.296341e-30,3.465674e-11
680000,101,320,0,-3.4612745e-13,2.1076089e-11,5.3779157e-17,1.1916873e-28,7.651812e-14,3.631481e-11
680000,134,81,0,-5.369511e-13,3.419342e-11,3.262634e-14,1.9563997e-21,5.6712454e-14,1.2550135e-10
680000,46,23,0,-1.1997547e-12,2.1639034e-11,9.532848e-15,2.7848166e-23,6.152018e-21,3.0706623e-10
680000,129,297,0,-4.484925e-13,5.340823e-12,5.011688e-12,2.5168879e-15,7.2283575e-18,1.0702399e-12
680000,248,109,0,-5.07736e-13,4.1369016e-11,3.242639e-17,4.595407e-29,2.0708903e-13,2.9776445e-11
680000,144,444,0,-2.9489876e-13,1.8146176e-11,2.831683e-13,6.677582e-19,1.450218e-13,1.077284e-10
680000,28,128,0,-9.211137e-13,2.972191e-11,2.252105e-11,1.8096322e-13,1.8944978e-14,3.2803443e-10
680000,457,411,0,-1.210795e-12,7.8842405e-11,1.2095032e-10,9.8843355e-12,7.3124085e-12,4.1826262e-10
680000,412,393,0,-6.735413e-13,9.540228e-11,3.8546505e-12,4.579201e-16,3.4897876e-11,7.535567e-11
680000,235,459,0,-4.3212702e-13,1.8644433e-11,1.29059e-13,3.9456202e-20,4.5708415e-14,7.747401e-11
680000,492,185,0,-2.8585232e-13,2.2408634e-11,8.909322e-13,1.956125e-17,3.776612e-13,6.617357e-11
680000,59,24,0,-1.32021e-12,6.9692196e-11,8.6868554e-11,5.3075387e-12,1.0416301e-12,6.249074e-10
680000,187,210,0,-2.9865172e-14,1.7573025e-14,3.02405e-25,2.2473e-41,1.1e-44,8.8620784e-11
680000,291,2,0,-3.7626383e-13,4.5465203e-12,8.040164e-11,1.9558409e-11,1.0157866e-11,2.4788605e-10
680000,426,277,0,-3.5294603e-13,1.30342325e-11,1.5707696e-18,2.8136762e-27,4.7964624e-20,1.6684877e-10
680000,497,436,0,-1.049693e-12,6.982221e-11,5.525182e-11,5.398084e-12,2.21831e-09,1.8223452e-10
680000,373,128,0,-6.1138574e-14,3.0743958e-12,2.006851e-15,1.9846887e-23,1.7696407e-27,6.5090273e-12
680000,423,327,0,-4.0020594e-13,1.8501752e-11,3.346228e-12,3.6618108e-16,9.027719e-17,7.839365e-11
680000,183,165,0,-2.1252359e-13,6.050068e-12,3.433281e-19,4.6820347e-29,1.1756423e-18,2.352424e-12
680000,428,91,0,1.6829082e-11,5.611937e-11,3.2782954e-12,1.0316674e-16,1.1467628e-14,8.752787e-11
680000,49,120,0,-9.525832e-13,4.7828134e-11,9.297101e-14,7.4638865e-20,2.5116568e-14,2.4592436e-10
680000,265,64,0,2.1747541e-11,4.343388e-11,3.6657922e-17,5.5804876e-27,1.5106714e-16,3.4009125e-11
680000,218,219,0,-6.780326e-14,1.1107222e-13,2.9617484e-36,0.0,8.0661165e-32,1.7077748e-14
680000,427,220,0,1.1161292e-09,5.454137e-12,6.437914e-13,1.7198761e-18,5.853943e-23,9.8759056e-11
680000,282,238,0,-1.1712379e-15,1.4016079e-22,3.0653626e-34,0.0,0.0,4.8041666e-12
680000,82,32,0,-1.153058e-12,4.74132e-11,1.5150175e-11,5.580505e-14,6.8416656e-16,1.9358624e-10
680000,149,185,0,-1.511227e-13,1.8534918e-11,7.661871e-19,1.7020487e-30,4.771371e-18,3.8979747e-11
680000,320,185,0,-2.3814224e-13,3.4016744e-11,8.925258e-23,8.43884e-40,1.164044e-13,1.9169234e-11
680000,419,193,0,6.326933e-11,5.0069712e-11,4.8348343e-17,4.10179e-28,1.7111966e-11,1.8277496e-10
680000,229,390,0,4.7722135e-11,8.508732e-12,2.1622914e-11,2.2734508e-13,4.1475155e-15,3.0415712e-09
680000,64,235,0,-7.208225e-14,5.3562363e-13,5.729603e-11,4.060088e-11,8.964413e-11,1.7040858e-10
680000,344,37,0,-7.983774e-13,2.2889409e-11,4.7523986e-13,1.3579733e-18,2.5757694e-15,1.3968375e-10
680000,266,55,0,9.694212e-12,4.8977527e-11,3.0197998e-16,1.4001284e-24,3.4580264e-12,1.02090544e-10
680000,438,234,0,2.1910783e-10,3.7521177e-11,6.095147e-11,3.4137695e-12,2.0208696e-11,1.4445245e-10
680000,427,307,0,-3.8318377e-13,1.908613e-11,2.9007742e-13,3.760558e-19,3.5162123e-12,2.7993455e-10
680000,452,330,0,-5.315246e-13,2.9709585e-11,3.648219e-20,3.060663e-35,2.925218e-11,1.056395e-10
680000,175,172,0,-2.1262264e-13,2.3615955e-11,3.5985347e-18,2.1988217e-27,1.04946376e-16,5.4941805e-11
680000,122,12,0,-9.794382e-13,4.6327716e-11,4.9561576e-13,1.2790323e-17,4.0303814e-13,1.5908783e-10
680000,384,483,0,-7.968219e-13,4.2379412e-11,1.990686e-12,6.39401e-17,2.4006708e-14,1.9860781e-10
680000,51,200,0,-4.791008e-13,4.7018205e-11,4.6665456e-11,8.17243e-13,2.9375288e-10,2.1315442e-10
680000,224,242,0,-9.774388e-16,9.105319e-22,1.3225e-41,0.0,0.0,1.10356784e-11
680000,215,37,0,-9.112513e-13,2.839593e-11,3.5876202e-14,1.8026065e-20,9.7553024e-18,1.4377503e-10
680000,27,83,0,-1.1093038e-12,5.048014e-11,2.853614e-16,7.7351494e-27,2.6506451e-12,3.2856762e-10
680000,366,275,0,-1.2973872e-13,7.233734e-13,0.0,0.0,2.5031153e-31,7.357098e-11
680000,367,347,0,2.343664e-13,3.723467e-11,3.4843677e-11,1.4812683e-12,2.536063e-13,8.4216766e-11
680000,494,370,0,-1.2073197e-12,7.801208e-11,5.4501972e-11,5.2006116e-12,1.2698533e-12,8.466137e-11
680000,404,288,0,-2.8946564e-13,6.3959875e-12,1.443698e-21,4.2480464e-37,9.247398e-24,5.1162564e-11
680000,309,491,0,-2.878043e-13,2.3139017e-11,1.0612057e-11,1.0418464e-14,4.565303e-13,1.5123056e-10
680000,61,498,0,-1.5963953e-12,1.5977136e-10,1.7703401e-10,1.988354e-11,2.1199081e-10,3.804211e-10
680000,355,299,0,-1.6676489e-13,1.04353836e-13,1.5786375e-34,0.0,8.942663e-36,1.7991223e-12
680000,479,244,0,-3.675268e-14,3.448581e-11,7.516774e-13,2.5845392e-17,3.2723888e-14,8.844725e-11
680000,281,64,0,2.2387446e-10,3.9404716e-11,5.870634e-11,1.9804521e-11,1.5895209e-11,6.4352634e-11
680000,364,328,0,-7.469326e-13,1.3282014e-10,4.009778e-12,7.523254e-16,1.9638909e-11,1.554656e-11
680000,296,393,0,-6.8882935e-14,4.4769277e-13,1.037765e-13,1.3920068e-20,1.3900416e-26,1.0189315e-11
680000,20,321,0,-7.343988e-13,3.7458717e-11,2.5001355e-15,6.082219e-22,1.9633444e-14,2.0858364e-10
680000,34,0,0,-5.710905e-14,4.1962263e-12,1.4805827e-11,1.4590681e-11,1.2493208e-11,1.7435331e-11
680000,459,70,0,-1.2545353e-12,8.154882e-11,1.2034961e-11,2.9219574e-14,3.7743853e-12,4.761846e-10
680000,145,77,0,-5.452214e-13,2.5669364e-11,2.3775795e-13,2.4253786e-19,3.1487046e-18,6.6241526e-11
680000,192,124,0,-3.2667174e-13,3.4965673e-11,9.15658e-15,4.852303e-23,6.931577e-14,3.6834116e-11
680000,312,291,0,-3.07565e-13,8.445699e-12,3.5371702e-34,0.0,1.0943645e-20,1.1591961e-11
680000,281,15,0,-5.501992e-13,2.8687507e-11,1.6579199e-12,3.7701112e-17,3.5044843e-17,1.4951565e-10
680000,336,224,0,-1.7842937e-13,3.7938355e-12,1.8409161e-17,2.0414173e-29,1.1493688e-21,7.3258954e-11
680000,353,396,0,7.1216325e-11,1.1075633e-11,1.17594354e-11,2.2821099e-14,1.0178261e-16,3.3003798e-11
680000,159,408,0,-2.0915199e-13,4.0274845e-12,5.868707e-14,7.5238255e-20,5.767001e-24,5.2751175e-11
680000,210,350,0,-2.259311e-13,2.6885423e-12,1.0328153e-15,2.1439684e-25,3.3045955e-25,4.206885e-12
680000,409,117,0,1.4606322e-10,2.9039342e-11,5.985197e-16,2.110149e-24,1.0050883e-13,7.381764e-11
680000,316,42,0,-5.7045644e-13,3.5849036e-11,7.327954e-13,6.4493705e-18,1.8533638e-15,1.1463134e-10
680000,318,257,0,-1.6209767e-13,1.8468393e-11,4.9387186e-19,3.0176646e-30,2.6148013e-15,1.5297076e-13
680000,265,169,0,-9.955852e-15,2.34129e-17,1.30581605e-24,3.8e-43,0.0,1.2640643e-13
680000,313,324,0,-9.248467e-14,6.779479e-13,2.1196036e-22,6.0888655e-38,3.7091297e-31,4.0662737e-13
680000,18,175,0,-5.804547e-13,3.6498873e-11,1.007534e-12,2.6626434e-17,1.3640818e-12,4.7146415e-10
680000,257,185,0,-5.1211235e-15,1.2748381e-19,2.6409534e-12,5.7647824e-16,6.508845e-19,1.2838105e-11
680000,243,124,0,-4.030389e-13,5.9624376e-12,2.1768566e-30,0.0,3.6040143e-20,2.1437005e-11
680000,137,99,0,-1.04595694e-13,9.079684e-12,1.0147476e-12,2.7651607e-17,1.3665248e-20,1.3166294e-10
680000,293,265,0,-1.00457606e-13,1.2036287e-12,4.2019643e-19,8.238102e-30,9.832463e-27,4.7117984e-13
680000,446,189,0,7.321306e-11,8.718724e-11,3.930911e-15,1.3618623e-23,6.775228e-11,2.111195e-10
680000,479,375,0,-1.1941955e-12,8.679808e-11,3.6768853e-16,6.3948134e-26,2.8309117e-11,1.08796035e-10
680000,235,63,0,-8.174841e-13,4.9339286e-11,8.038603e-14,1.8606517e-19,5.1900784e-16,2.8231725e-10
680000,66,195,0,-3.2547684e-13,3.0062355e-11,3.485391e-13,5.095791e-19,1.3229588e-12,6.5486755e-11
680000,367,58,0,-9.772068e-13,8.4922194e-11,1.1494009e-14,1.6331043e-22,4.5238505e-12,5.54118e-11
680000,438,74,0,-8.2886963e-13,6.138635e-11,6.2430257e-18,1.4341381e-28,1.8545151e-13,2.5845512e-10
680000,379,369,0,2.7573017e-11,3.8253664e-11,2.7869243e-18,5.7076923e-31,3.6278064e-11,1.4676216e-10
680000,115,87,0,-5.568312e-13,5.3215016e-11,7.9508855e-14,7.537311e-21,4.5436283e-11,2.904926e-10
680000,451,287,0,-4.941803e-13,1.8215563e-11,3.3139145e-12,1.1986311e-15,6.32762e-17,8.904266e-11
680000,241,173,0,-2.399453e-14,3.7202873e-15,3.80146e-27,0.0,0.0,5.067339e-13
680000,297,101,0,3.28594e-12,1.5010208e-11,7.319237e-20,1.0022806e-33,4.209235e-18,7.911507e-11
680000,340,225,0,-2.305105e-13,4.955056e-12,1.3393366e-16,1.1510596e-26,6.7331457e-25,3.136419e-11
680000,418,379,0,-6.167392e-13,2.194553e-11,3.8480968e-12,8.1817046e-16,3.074307e-10,8.590793e-11
680000,406,288,0,-2.8231988e-13,8.388367e-12,4.3433315e-21,1.8563154e-35,1.1523081e-21,3.6048584e-11
680000,348,307,0,-2.1458005e-13,2.1453065e-12,1.9403424e-32,0.0,1.0450649e-24,5.771269e-11
680000,271,151,0,-8.607407e-14,9.4105164e-14,2.5947753e-28,0.0,1.1038255e-38,4.1673276e-11
680000,111,268,0,-9.531741e-13,5.5366916e-11,1.8726433e-16,1.4681839e-26,3.3582224e-15,3.0060776e-09
680000,187,393,0,-1.8656352e-13,2.6998152e-12,5.1168023e-19,7.382657e-31,3.7493557e-24,3.1301977e-09
680000,136,375,0,-3.1602276e-13,4.472253e-12,4.228355e-13,2.9878982e-18,5.0204996e-22,4.3203437e-11
680000,83,315,0,-2.995332e-13,2.7562072e-11,1.6117661e-15,6.1149884e-25,2.298914e-13,5.2261664e-11
680000,76,415,0,-4.1367197e-13,4.8921252e-11,4.102054e-11,1.4857984e-12,4.4496967e-12,2.525052e-10
680000,264,211,0,-2.8146476e-14,4.809192e-14,1.8065108e-22,1.6905267e-38,3.412819e-39,6.582758e-14
680000,335,466,0,-6.718146e-13,4.8261135e-11,1.2964079e-11,1.8207032e-14,1.1283743e-12,3.1236434e-11
680000,468,390,0,-1.2161463e-12,5.7777925e-11,4.6448817e-14,1.5312196e-21,6.518957e-14,2.8049607e-10
680000,115,128,0,2.7061143e-11,8.337312e-12,7.2249213e-14,5.579245e-19,9.679928e-19,8.960368e-11
680000,480,311,0,-7.485589e-13,2.1997425e-11,1.9625168e-13,2.1727402e-18,9.991473e-19,2.3093127e-10
680000,327,249,0,-1.5774128e-13,1.5852023e-12,5.755144e-15,1.9681128e-23,4.1005252e-26,3.741689e-10
680000,292,379,0,-2.2798195e-14,2.2764923e-13,1.8357076e-15,5.0115436e-25,3.8191995e-33,7.956025e-11
680000,285,77,0,4.736095e-10,2.8074683e-11,7.348782e-13,2.2933262e-17,2.767264e-12,1.6695909e-10
680000,424,37,0,-7.7066966e-13,3.2412944e-11,1.749996e-13,4.0385044e-19,4.2491507e-17,3.1500913e-10
680000,397,463,0,-6.5504606e-13,3.0876978e-11,7.545314e-12,3.279209e-15,4.7909533e-16,1.681376e-10
680000,18,161,0,-7.0044025e-13,3.940277e-11,8.2940176e-11,1.0485042e-11,5.251417e-12,2.4567223e-10
680000,54,107,0,-7.0445803e-13,4.0851874e-11,1.6899288e-14,2.5781703e-21,4.338688e-11,1.5640175e-10
680000,472,268,0,-7.4238174e-13,8.4546516e-11,7.132978e-11,3.966036e-12,4.922552e-12,9.766656e-11
680000,447,367,0,-7.8873393e-13,5.8842806e-11,4.9455574e-17,9.42299e-28,3.1167777e-10,1.0363458e-10
680000,43,280,0,-1.6058479e-13,8.032913e-12,5.819663e-14,4.4614494e-20,4.279852e-19,5.5111745e-11
680000,499,358,0,-7.330159e-13,3.936981e-11,1.0573903e-13,1.019283e-19,5.2186457e-11,2.8704013e-11
680000,160,417,0,-2.4505306e-13,1.2747684e-11,2.6662743e-13,1.9317547e-19,1.624032e-17,1.2125451e-11
680000,65,143,0,-8.0104174e-13,3.3893846e-11,1.7488448e-11,8.416401e-14,1.26379476e-14,3.2729985e-10
680000,348,252,0,-2.6814933e-13,2.7959723e-11,1.0798641e-29,0.0,1.9083295e-13,1.2199906e-10
680000,11,118,0,-1.0015747e-12,4.942781e-11,4.559608e-16,1.4789044e-25,4.9051156e-14,8.472022e-11
680000,299,257,0,-6.141237e-14,6.269802e-13,2.7061909e-15,4.28467e-23,5.249111e-29,7.803713e-12
680000,347,146,0,-4.065874e-13,2.3865077e-11,9.860152e-16,1.4398181e-25,1.78934e-19,3.8790976e-12
680000,492,403,0,-8.93222e-13,4.218377e-11,3.8169554e-11,1.0005982e-12,1.0663936e-13,2.0605152e-10
680000,387,338,0,-3.151432e-13,1.5787772e-11,1.7976466e-12,4.7592733e-17,6.960493e-18,1.0588942e-10
680000,342,335,0,-2.8818674e-13,3.7639343e-11,1.9291666e-26,0.0,2.8873995e-10,8.821888e-11
680000,299,122,0,-2.2477705e-13,1.0442914e-12,2.814528e-18,1.5419971e-27,9.584875e-29,9.134107e-11
680000,439,204,0,7.894518e-11,5.866571e-11,2.9835072e-11,1.2075615e-13,3.638859e-11,6.623131e-11
680000,434,314,0,-5.581315e-13,7.050189e-11,3.6315866e-12,3.6647135e-16,5.463338e-13,6.215297e-11
680000,152,368,0,-2.8637365e-13,1.5140542e-11,1.7641921e-11,3.514166e-14,8.5756384e-16,4.188305e-11
680000,448,192,0,4.242276e-11,6.252116e-11,2.5764427e-13,9.310278e-19,2.2154296e-09,7.583531e-11
680000,187,356,0,-3.1523688e-13,1.6605143e-11,8.647092e-12,9.246442e-15,2.1118292e-13,3.7957333e-13
680000,137,228,0,-3.6202747e-14,2.1902082e-14,1.3556625e-14,3.2642435e-21,2.254637e-26,1.4975826e-11
680000,174,181,0,-1.6210132e-13,1.52342e-11,1.5685565e-16,1.7942024e-24,2.4281986e-18,9.5697984e-11
680000,385,206,0,-5.0980508e-14,2.2084433e-12,3.2205141e-12,1.3700006e-16,1.9072562e-20,3.4529112e-11
680000,241,80,0,-4.0049805e-13,1.2980981e-11,9.99051e-12,3.3757528e-15,4.143927e-18,1.3146191e-10
680000,72,278,0,-1.5636709e-13,4.4732206e-13,7.4641336e-14,2.162773e-20,6.4951627e-26,1.0369515e-10
680000,62,458,0,-1.488329e-12,3.957419e-11,1.4639536e-11,2.6534598e-14,2.985982e-10,3.1425507e-09
680000,178,121,0,-1.1368009e-11,2.2979116e-09,1.9734745e-15,3.2837648e-23,4.1194803e-09,5.9859266e-12
680000,287,473,0,-4.3916124e-13,2.3567327e-11,8.086114e-14,4.2336988e-19,7.610955e-17,5.201803e-11
680000,159,213,0,-5.414261e-14,3.808034e-14,2.4225562e-14,3.506035e-22,8.5265595e-29,6.3984734e-11
680000,304,429,0,-1.5537745e-13,2.6719863e-12,1.2066649e-16,1.1215541e-27,1.007556e-26,1.1157631e-10
680000,311,142,0,-4.55679e-13,4.8811285e-11,9.159056e-21,2.9601453e-37,1.9357762e-14,5.8927342e-12
680000,98,198,0,-1.1656951e-13,1.2629549e-12,5.725883e-24,2.311e-42,8.2952e-27,6.3548514e-11
680000,316,105,0,-3.5573522e-13,3.5297033e-11,1.1949243e-19,1.8227032e-33,2.127044e-09,1.3889212e-11
680000,90,111,0,-5.907326e-13,5.106151e-11,3.680362e-11,6.2938934e-13,3.1559653e-12,1.2544e-10
680000,122,115,0,7.1295565e-12,1.889509e-11,5.5123302e-25,1.8273e-41,1.4526421e-15,8.755154e-11
680000,440,176,0,2.2332275e-10,6.848413e-11,8.3766865e-12,2.6719878e-14,5.712294e-14,1.660218e-10
680000,69,188,0,-3.4487574e-13,1.1965826e-11,1.2354821e-10,1.5108187e-11,4.741201e-12,1.1063665e-10
680000,398,310,0,-2.6244631e-13,1.6098114e-11,6.1455814e-12,1.7126256e-15,1.4746538e-17,1.40126e-10
680000,257,244,0,-3.2935672e-17,6.426683e-29,0.0,0.0,0.0,2.8347738e-14
680000,164,2,0,-6.4087976e-13,1.2984196e-11,8.207593e-15,6.9310576e-22,2.2387926e-17,4.9541754e-10
680000,198,99,0,-3.374643e-13,1.8502552e-11,2.4767059e-14,5.392267e-22,1.033897e-15,3.2008476e-09
680000,158,102,0,-1.1844607e-13,1.0176754e-12,2.686312e-23,2.01312e-40,1.2789606e-27,3.0380556e-09
680000,346,118,0,-3.735262e-13,1.3870781e-11,1.7662347e-13,1.9015192e-19,1.3105194e-19,2.9939289e-09
680000,424,227,0,3.091314e-10,2.8187728e-11,1.1182635e-15,4.0420787e-24,2.2980942e-13,3.1430514e-09
680000,356,14,0,-7.0734916e-13,4.101474e-11,4.4226053e-14,1.5760014e-20,7.4635904e-17,3.3502041e-09
680000,39,488,0,-1.7994784e-12,8.2494775e-11,9.880344e-12,1.01869595e-14,2.5620581e-09,3.1690428e-09
680000,206,79,0,-5.093545e-13,3.75428e-11,2.1835068e-11,5.699287e-14,1.4893432e-15,3.0423273e-09
680000,234,90,0,-5.611626e-13,2.2583723e-11,4.914707e-13,1.1226235e-18,1.5590544e-18,3.075813e-09
680000,245,184,0,-8.0007395e-15,1.3720754e-18,6.0412975e-18,4.153951e-30,5.05956e-40,1.6777418e-11
680000,272,222,0,-1.27736795e-14,9.24361e-16,1.3218741e-23,3.4393e-41,0.0,1.6237186e-16
680000,243,398,0,4.1502807e-10,2.2753144e-09,1.4020077e-12,5.3483186e-17,4.1188084e-09,3.703884e-11
680000,140,285,0,-1.1260132e-11,2.297281e-09,5.1445465e-25,5.3e-44,4.1188084e-09,1.0487651e-11
680000,209,162,0,-2.0410197e-13,5.6237723e-12,6.759025e-24,6.73e-43,1.2151836e-19,1.0605211e-13
680000,157,462,0,-4.815235e-13,2.0338136e-11,2.159492e-12,5.650324e-17,8.974662e-17,7.141258e-11
680000,453,498,0,-1.3468277e-13,9.863192e-12,4.8943054e-12,7.206185e-16,2.1825916e-11,2.5509653e-10
680000,268,409,0,1.1153959e-11,1.562085e-11,2.9911667e-11,7.247405e-13,3.6197075e-14,4.20237e-11
680000,341,185,0,-2.2639494e-13,8.399885e-12,9.980392e-13,5.0008293e-17,2.1070508e-20,2.1372746e-11
680000,168,390,0,-2.989743e-13,1.002164e-11,4.2532103e-15,2.6426356e-20,3.6310744e-23,2.2806225e-10
680000,429,76,0,4.7044145e-13,4.5428078e-11,1.8768937e-13,4.0836035e-19,1.2289328e-12,3.0300443e-10
680000,175,62,0,-5.347852e-13,2.333459e-11,9.045132e-11,7.0725027e-12,2.2546834e-12,1.2997215e-11
680000,1,126,0,-7.79684e-13,3.3469453e-11,7.271122e-11,2.8675241e-12,1.6382667e-12,4.240474e-11
680000,189,250,0,-1.1422877e-14,4.5889704e-17,2.5486182e-19,6.970616e-31,8.65855e-40,4.0268986e-11
680000,172,68,0,-4.9087817e-13,3.2845303e-11,7.375966e-15,6.4476114e-22,1.9779553e-11,1.4536639e-10
680000,313,24,0,-8.4982233e-13,5.5860472e-11,4.377295e-11,5.004048e-12,2.438291e-11,1.1787943e-10
680000,179,146,0,-2.0697552e-13,1.5788447e-12,3.8088448e-16,4.047039e-25,9.777342e-31,6.9058974e-11
680000,267,53,0,8.411978e-12,4.9287466e-11,5.4305637e-15,3.5736336e-22,2.1930915e-09,3.07709e-09
680000,239,361,0,1.8405978e-12,4.6626813e-15,2.8688255e-13,3.7603874e-19,3.5368405e-24,2.9941292e-09
680000,348,365,0,9.934564e-12,2.5963927e-11,1.4946266e-13,2.9773348e-19,6.1177954e-15,3.018044e-09
680000,436,385,0,-8.9803653e-13,3.930717e-11,9.837637e-12,8.277558e-15,4.8896083e-16,3.1939693e-09
680000,339,72,0,-7.1325877e-13,5.499727e-11,2.3708268e-26,0.0,2.3399274e-11,3.0039866e-09
680000,136,428,0,-2.4063512e-13,4.0435396e-13,7.442091e-13,3.2991458e-18,9.7943077e-23,3.0788179e-09
680000,176,113,0,-2.4542694e-13,1.687957e-11,7.808869e-21,1.5284873e-34,1.0114086e-12,3.032565e-09
680000,407,223,0,4.055193e-11,1.6445196e-11,1.3091513e-18,7.9788795e-32,4.8550407e-18,3.0648368e-09
680000,481,262,0,-6.727275e-13,1.6309579e-11,2.3169786e-11,3.612948e-14,6.444089e-16,3.2011835e-09
680000,238,476,0,-4.9836367e-13,3.519817e-11,1.8733914e-16,1.4681839e-26,1.6188416e-14,3.0945817e-09
680000,132,0,0,-6.251058e-13,2.4013977e-12,1.2849971e-13,6.572507e-20,6.1913497e-25,3.757897e-09
680000,148,128,0,3.1627225e-11,2.405161e-12,2.7509015e-23,1.6947e-41,2.140356e-26,3.1500995e-09
680000,270,283,0,-1.5373879e-15,4.2072242e-22,4.651725e-27,1.4e-44,0.0,2.9922382e-09
680000,392,267,0,-3.040886e-13,1.4976083e-11,1.1014542e-24,1e-45,1.8863599e-19,3.0344733e-09
680000,43,111,0,-8.360812e-13,4.564656e-11,3.7335065e-15,2.943975e-23,9.4118805e-14,3.0586125e-09
680000,63,58,0,-6.513528e-13,8.948675e-12,9.236317e-12,4.6796317e-15,2.5874944e-17,3.3908325e-09
680000,346,3,0,-6.130179e-13,2.3103986e-11,1.3544836e-16,2.2870495e-25,5.715596e-19,3.1195697e-09
680000,138,214,0,-4.2832332e-14,8.188318e-15,8.850303e-17,1.7839787e-27,2.9373634e-36,3.026276e-09
680000,442,316,0,-5.0501644e-13,1.03724754e-11,3.4794821e-12,3.6628624e-16,1.361547e-19,3.0790348e-09
680000,180,214,0,-1.5459105e-14,6.8508634e-16,5.314044e-25,5.84e-43,0.0,3.1069742e-09
680000,73,423,0,-9.330821e-13,4.7453808e-11,3.2686706e-13,4.5246713e-18,2.9619743e-10,3.2027407e-09
680000,463,394,0,-1.2452165e-12,8.880242e-11,4.2525723e-12,5.4655494e-16,2.3383318e-10,3.3461298e-09
680000,374,68,0,-7.5993953e-13,4.6969515e-11,8.6363707e-13,3.2555294e-17,3.114068e-10,3.1689544e-09
680000,190,459,0,-8.0976756e-13,8.059948e-11,2.2849854e-13,3.1622438e-19,2.0398405e-11,3.0899636e-09
680000,186,368,0,-4.332995e-13,4.0678093e-11,3.978906e-17,8.777825e-24,1.410434e-13,2.995601e-09
680000,175,336,0,-1.9333901e-13,7.007307e-13,2.3008435e-28,0.0,3.7356715e-29,2.9997702e-09
680000,113,166,0,2.7118063e-12,5.5213042e-11,6.450307e-16,3.077848e-25,1.5375517e-14,9.03358e-11
680000,232,342,0,-7.7468156e-14,1.908254e-12,2.2658725e-17,4.752687e-27,7.267683e-25,6.7337184e-11
680000,310,216,0,-1.3366786e-14,1.5319861e-17,1.105283e-22,2.5538042e-38,0.0,1.8525593e-16
680000,141,98,0,-1.466588e-13,5.4086132e-12,4.64059e-16,4.007952e-24,1.9380044e-20,4.7180267e-11
680000,210,284,0,-3.9923205e-13,2.5587345e-11,4.07444e-40,0.0,1.09648104e-16,2.3904821e-12
680000,345,334,0,-3.2415187e-13,3.5513713e-11,8.137802e-24,6.4786e-41,3.3669026e-15,4.8206984e-11
680000,121,35,0,-1.2643592e-12,4.0193994e-11,2.5282325e-17,4.758124e-27,1.8567108e-16,7.512743e-11
680000,227,290,0,-2.771024e-14,3.459959e-16,8.161694e-38,0.0,1.7754422e-37,1.4714135e-14
680000,368,432,0,6.988761e-11,7.172468e-12,1.3023449e-11,1.2419463e-14,4.5056998e-17,1.7265255e-10
680000,194,243,0,-7.2104025e-14,4.2598108e-13,9.310055e-18,4.3889628e-28,9.1557705e-26,3.3780753e-11
680000,352,257,0,-2.343635e-13,1.6153422e-11,1.4660066e-35,0.0,3.6343248e-16,1.4695179e-11
680000,494,101,0,-1.0978274e-12,5.4432486e-11,9.365367e-11,1.8530235e-11,7.913666e-12,2.547795e-10
680000,172,131,0,-1.01613555e-13,8.099695e-12,6.251107e-12,2.354506e-15,3.0721418e-18,1.706633e-10
680000,368,419,0,1.7358301e-10,1.1015645e-11,1.042326e-12,9.319283e-18,7.346576e-19,4.2389477e-11
680000,272,57,0,3.1788332e-11,5.447476e-11,4.208481e-15,3.929848e-24,2.8850788e-10,3.5485899e-09
680000,174,177,0,-1.8753911e-13,2.1034811e-11,4.8665666e-17,3.4911563e-26,6.1276396e-14,3.0589797e-09
680000,437,430,0,-1.4095862e-12,8.078677e-11,5.333239e-13,3.2378014e-18,5.755146e-10,3.398942e-09
680000,128,469,0,-7.6899457e-13,4.6762674e-11,7.7116465e-13,4.793793e-18,3.1384463e-12,3.3333802e-09
680000,439,98,0,2.655336e-12,9.13999e-11,1.7705462e-11,7.5481376e-14,5.04949e-11,3.1165537e-09
680000,487,173,0,-3.1993662e-13,1.3649763e-11,1.905693e-12,8.925691e-17,6.70852e-19,3.106661e-09
680000,263,23,0,-4.784534e-13,9.565733e-12,8.173384e-11,4.897485e-11,8.152301e-11,3.4300491e-09
680000,422,0,0,-7.5348804e-13,8.4751504e-11,3.1299113e-11,1.4189405e-13,3.0930233e-13,3.740752e-09
680000,271,411,0,5.0697528e-12,2.7411112e-12,7.3099915e-11,4.655428e-11,8.425764e-11,3.0624305e-09
680000,35,116,0,-8.89495e-13,3.5516742e-11,1.2547058e-10,1.7367016e-11,6.4106914e-12,3.1497744e-09
680000,72,230,0,-9.3654285e-14,2.2438123e-12,7.772123e-11,1.9473161e-11,9.8748e-12,3.082066e-09
680000,431,258,0,1.2978974e-12,3.0357234e-11,8.713676e-17,4.977378e-26,1.5054685e-13,3.1108593e-09
680000,118,101,0,-4.1474886e-13,2.8602043e-11,2.1821686e-15,1.2384645e-24,7.275953e-17,3.124278e-09
680000,458,50,0,-1.0235326e-12,4.0488123e-11,2.4150673e-12,1.0699917e-16,1.7104012e-13,3.1172471e-09
680000,83,103,0,-6.209557e-13,2.966728e-11,1.473408e-13,4.868032e-20,1.4680268e-16,3.166125e-09
680000,285,150,0,-2.9336952e-13,3.6911e-11,1.6606827e-25,1.5e-44,1.8977106e-13,2.9889362e-09
680000,410,10,0,-6.3195694e-13,1.8261238e-11,9.118975e-14,1.2127255e-20,8.145536e-20,3.1760201e-09
680000,307,456,0,-2.5398222e-13,9.534998e-12,1.3742207e-13,6.500053e-19,6.068521e-20,3.895582e-09
680000,129,70,0,-6.4776933e-13,4.0643978e-11,1.5491551e-17,5.316165e-29,3.2142403e-10,3.1116905e-09
680000,406,152,0,-2.1541818e-13,5.3122652e-11,2.9911552e-11,7.247405e-13,7.038744e-14,3.0218947e-09
680000,280,264,0,-2.0426469e-13,1.0636743e-12,1.5860876e-31,0.0,9.807406e-22,1.8072109e-13
680000,459,411,0,-1.2305846e-12,7.41402e-11,1.1230519e-10,4.568274e-11,4.1010512e-10,3.391648e-09
680000,177,378,0,-4.0487503e-13,2.4371364e-11,1.4419168e-19,1.465321e-29,2.1293582e-19,3.0394036e-09
680000,16,239,0,-3.573355e-13,1.4417784e-11,9.375348e-12,1.7854538e-15,1.8175625e-18,3.0460166e-09
680000,383,37,0,-8.9656776e-13,2.983842e-11,2.6642485e-11,1.2418724e-13,1.5970529e-15,3.1167209e-09
680000,278,450,0,-3.4068763e-13,2.2002459e-11,1.3939607e-11,3.42184e-14,3.2505845e-16,3.0650193e-09
680000,98,437,0,-1.0265908e-12,3.7707667e-11,5.1853865e-11,4.38762e-12,3.4775527e-12,3.035682e-09
680000,485,407,0,-1.0165864e-12,6.423759e-11,2.9102802e-11,2.1333747e-13,1.4597865e-13,3.1328986e-09
680000,472,37,0,-1.359683e-12,7.482162e-11,1.00233585e-10,2.4828363e-11,1.4427476e-11,3.155097e-09
680000,445,404,0,-1.1846163e-12,6.017463e-11,1.957076e-13,5.1429913e-19,5.191833e-14,3.2095953e-09
680000,45,355,0,-4.06843e-13,2.519856e-11,6.0252302e-12,3.200262e-15,6.8929908e-18,3.1517255e-09
680000,281,457,0,-3.876152e-13,3.2936053e-11,8.4514844e-13,6.1424393e-18,4.845655e-13,3.0448781e-09
680000,478,350,0,-5.85543e-13,2.1911119e-11,2.8328782e-11,1.5598727e-13,2.401642e-15,3.0649319e-09
680000,170,52,0,-6.304482e-13,2.333036e-11,4.0716545e-11,5.4385495e-13,2.6186633e-14,3.151905e-09
680000,398,338,0,-3.1235707e-13,1.4645101e-11,1.2801091e-13,3.5611618e-20,9.8284765e-15,3.1522818e-09
680000,455,321,0,-5.3404725e-13,2.7967881e-11,6.2913284e-14,7.848908e-21,2.5917552e-18,3.128899e-09
680000,253,434,0,4.937642e-14,2.1700553e-11,6.1142966e-12,4.238604e-15,5.741972e-13,3.3480085e-09
680000,216,460,0,-4.7692037e-13,1.2480316e-11,2.8170784e-13,6.677562e-19,2.0750969e-16,3.1890457e-09
680000,372,25,0,-8.6748957e-13,5.2668616e-11,9.5860514e-15,4.5734646e-23,3.931878e-11,3.1305496e-09
680000,89,138,0,-2.660569e-12,3.775565e-10,4.985515e-16,2.211493e-26,2.1567078e-11,3.0679228e-09
680000,41,14,0,-9.96153e-13,2.6174004e-11,7.661839e-11,1.9772184e-11,1.1292541e-11,8.4205865e-11
680000,25,49,0,-1.3879826e-12,5.7587414e-11,1.6275275e-12,2.8349955e-16,1.3650355e-12,3.6908507e-09
680000,10,247,0,-5.4350133e-13,6.078961e-11,2.3038757e-11,4.282185e-14,5.848328e-11,3.133909e-09
680000,25,48,0,-1.3907244e-12,5.7350357e-11,1.561793e-12,1.4743823e-16,2.2689035e-13,3.7060846e-09
680000,126,38,0,-1.2654531e-12,7.379194e-11,1.5875854e-14,6.696817e-22,1.5694791e-11,3.1023288e-09
680000,93,116,0,-4.987346e-13,3.947733e-11,2.839244e-11,8.7784773e-14,7.89403e-15,3.0972667e-09
680000,475,0,0,-1.2458938e-12,9.610725e-11,6.459943e-11,3.0841201e-13,7.1232923e-13,3.8703596e-09
680000,143,88,0,-4.3043078e-13,3.580156e-11,1.7021245e-15,7.9500593e-25,1.409403e-12,3.1857461e-09
680000,434,303,0,-4.4393352e-13,4.492313e-11,1.6501121e-12,2.2851129e-17,2.860178e-13,3.0940726e-09
680000,119,138,0,1.1643839e-10,2.8140159e-11,1.5966973e-14,1.1204307e-19,4.8373394e-18,3.0754204e-09
680000,355,471,0,-5.2914655e-13,2.7717125e-11,1.3752377e-12,8.892683e-17,1.8239313e-11,3.0935585e-09
680000,135,479,0,-6.9149786e-13,2.9464244e-11,3.4697007e-09,7.191917e-10,1.1532679e-09,8.620091e-11
680000,48,339,0,-4.679019e-13,1.9176334e-11,2.7677329e-15,1.7008784e-24,1.09438915e-17,3.1952614e-09
680000,405,444,0,4.2493204e-13,2.2404384e-11,8.849731e-15,2.8495565e-23,1.7904247e-19,3.188763e-09
680000,50,471,0,-1.929989e-12,1.6877871e-10,1.1319642e-11,4.046799e-15,2.1578984e-10,3.2683292e-09
680000,3,71,0,-1.1957726e-12,6.0954526e-11,6.5442325e-11,4.235437e-11,9.948757e-11,3.2724499e-09
680000,392,439,0,1.9454011e-11,2.0316441e-11,5.9827983e-13,1.8891995e-18,1.8392834e-14,3.0457785e-09
680000,463,447,0,-1.3346948e-12,4.847796e-11,7.1616953e-13,6.5073993e-18,6.944888e-16,3.1751564e-09
680000,312,435,0,-2.3830983e-13,7.559423e-12,3.698862e-13,4.544418e-19,1.3524732e-22,3.1318563e-09
680000,6,44,0,-7.4292574e-13,6.262042e-11,7.2129707e-12,3.4851526e-15,5.4914915e-14,3.3194292e-09
680000,287,93,0,2.9054899e-11,2.4010027e-11,2.6517122e-12,3.9471738e-16,4.2486677e-15,1.8774886e-11
680000,82,142,0,-6.9728533e-13,5.589504e-11,1.7818613e-15,4.4414778e-24,2.5252923e-12,3.2244842e-09
680000,137,385,0,-2.6697893e-13,2.2097448e-12,9.023821e-12,8.654861e-15,5.968482e-17,3.0405705e-09
680000,63,482,0,-1.6374926e-12,9.798341e-11,8.2566786e-16,1.5708691e-25,6.261915e-11,3.304943e-09
680000,13,23,0,-1.4023817e-12,1.4493255e-10,1.7357317e-12,5.4888053e-17,1.3937696e-11,3.144867e-09
680000,144,46,0,-9.0667925e-13,4.739049e-11,4.038938e-12,1.7057473e-16,2.629818e-11,3.2714533e-09
680000,380,230,0,-2.1504745e-13,6.3920037e-12,2.2168486e-20,3.0503879e-34,1.0403756e-20,3.0356617e-09
680000,173,439,0,-5.8579357e-13,3.1197215e-11,5.387684e-11,4.0227366e-12,1.5595471e-12,3.0478242e-09
680000,86,128,0,-6.2658944e-13,1.499081e-11,9.983335e-13,2.6604206e-17,1.8677586e-20,3.1126106e-09
680000,167,486,0,-5.5471133e-13,3.2466422e-11,2.9766044e-11,1.4123486e-13,2.3024055e-13,3.1187957e-09
680000,433,95,0,9.844305e-12,7.7225976e-11,7.768542e-11,1.9811187e-11,2.850682e-09,3.131699e-09
680000,80,190,0,-3.079405e-13,3.244763e-11,1.3330309e-17,2.1938023e-27,3.783943e-12,3.1313039e-09
680000,208,460,0,-5.4846194e-13,6.4173736e-12,3.7660756e-11,5.065661e-13,1.993678e-14,3.0251015e-09
680000,466,263,0,-5.353072e-13,3.3992923e-11,1.3278145e-12,4.7057167e-17,4.336849e-11,3.092781e-09
680000,269,398,0,2.2456348e-11,9.5693375e-12,1.5252213e-11,5.9489496e-14,7.2123717e-16,3.0426683e-09
680000,446,448,0,-1.5697957e-12,1.4197896e-10,1.5385876e-12,2.5997552e-17,8.828197e-11,3.3764407e-09
680000,369,431,0,8.952621e-11,4.9660605e-12,3.8347108e-12,2.5488214e-16,9.094066e-20,3.0988172e-09
680000,54,402,0,-2.1387787e-13,2.869227e-11,4.2912705e-15,3.676804e-24,2.332285e-09,3.2366316e-09
680000,100,132,0,1.6296898e-12,3.516754e-11,6.2611813e-21,6.189394e-34,4.2703954e-15,3.0637821e-09
680000,290,103,0,3.0910279e-12,3.8274092e-11,3.8748216e-19,5.6091515e-31,5.0991807e-14,3.0628906e-09
680000,229,390,0,4.7722135e-11,8.508732e-12,2.1622914e-11,2.2734508e-13,4.1475155e-15,3.0415712e-09
680000,459,119,0,-1.104141e-12,3.8225787e-11,6.2470498e-12,1.5456144e-15,1.6043477e-18,3.2263623e-09
680000,338,493,0,-2.971088e-13,1.3494749e-11,9.980819e-15,5.75832e-23,3.3359218e-17,3.2848804e-09
680000,66,78,0,-5.287807e-13,1.3222294e-11,2.290265e-13,2.7713914e-19,5.042096e-23,3.136379e-09
680000,458,248,0,8.702019e-12,2.6733971e-11,6.861096e-11,1.06205374e-11,5.819344e-12,3.022292e-09
680000,444,409,0,-1.1714111e-12,5.6476893e-11,1.8234738e-11,2.543829e-13,4.1625283e-14,3.1336862e-09
680000,8,417,0,-8.476505e-13,3.1001396e-11,6.262232e-12,4.5300474e-15,1.23177115e-14,3.4402923e-09
680000,320,445,0,-3.5536775e-13,3.0077177e-11,2.7222828e-11,3.1389113e-14,1.903574e-12,3.1813008e-09
680000,188,5,0,-1.23071735e-11,2.3824018e-09,1.8654576e-11,2.624194e-13,4.405747e-09,1.2119067e-10
680000,372,351,0,1.1225448e-12,2.7247054e-11,1.11410265e-11,1.4953288e-14,7.283273e-15,4.1339477e-11
680000,55,391,0,-8.986718e-12,2.2802649e-09,4.7903487e-12,5.2277116e-16,4.1188084e-09,1.3446455e-10
680000,403,58,0,-7.6522447e-13,5.0817246e-11,3.334029e-13,1.5855384e-19,3.151077e-10,6.704546e-11
680000,213,399,0,1.5565055e-12,2.2473657e-11,1.7910359e-13,1.9017031e-19,3.1244552e-11,2.6065655e-10
680000,222,206,0,-1.6376774e-13,3.1990383e-11,8.3342e-41,0.0,5.5660216e-15,1.2984504e-12
680000,203,273,0,-3.9050228e-14,4.3683532e-14,2.274e-42,0.0,2.5893218e-38,1.23414e-10
680000,84,112,0,-1.16569246e-11,2.3197257e-09,8.1409266e-13,1.6645433e-17,4.4282626e-09,4.5400625e-10
680000,300,208,0,-1.1741219e-14,6.381422e-18,9.374023e-16,2.1360476e-24,3.012525e-31,4.6328465e-11
680000,173,415,0,-2.6112378e-13,1.8851079e-11,1.6892375e-11,1.3549581e-13,5.2576686e-15,1.726752e-11
680000,326,269,0,-5.0390307e-13,2.954392e-11,1.0841843e-19,1.9994607e-28,1.7033897e-16,6.6710907e-16
680000,355,59,0,-8.601869e-13,6.366776e-11,1.4048625e-16,1.4924701e-27,1.6226341e-11,1.8178468e-10
680000,162,344,0,-5.2140567e-13,4.117265e-11,1.2894418e-18,6.693791e-30,2.961974e-10,2.1307182e-10
680000,341,396,0,9.8071265e-12,2.8575708e-11,2.72731e-13,1.059061e-18,6.1258863e-16,1.0976799e-10
680000,127,11,0,-8.3740496e-13,1.922668e-11,1.8994317e-13,7.612314e-20,7.918951e-18,2.6184957e-10
680000,116,322,0,-4.5180816e-13,4.297252e-11,1.7851035e-12,7.391311e-17,2.0542524e-14,2.7892414e-11
680000,155,83,0,-4.355726e-13,2.4604034e-11,2.3742197e-11,1.5525336e-13,2.3506002e-13,2.4837277e-10
680000,126,437,0,-3.9036734e-13,4.9528757e-13,1.6806664e-15,6.2070747e-24,2.7655622e-30,1.536509e-10
680000,268,138,0,-2.8324478e-13,1.0265603e-11,1.3964833e-20,5.598299e-37,2.527486e-18,3.2850552e-11
680000,367,191,0,-3.7975802e-13,2.3320517e-11,6.2072e-19,3.1197176e-33,4.514726e-17,3.9855987e-11
680000,289,124,0,-2.4824001e-13,1.57236e-11,5.607921e-13,1.8302168e-17,2.1322945e-11,4.262187e-11
680000,177,215,0,-1.1103895e-14,6.799994e-17,5.662152e-26,3e-45,0.0,1.6059865e-10
680000,42,415,0,-1.3140676e-12,6.586309e-11,5.990441e-12,8.912011e-15,3.1150746e-10,3.030711e-09
680000,90,252,0,-4.370932e-13,7.2222146e-12,1.1537252e-15,2.6254553e-25,2.0183015e-21,3.088333e-09
680000,225,20,0,-7.8239845e-13,3.4218392e-11,6.297999e-18,2.7336922e-28,7.69406e-15,1.9686387e-10
680000,392,214,0,1.5296783e-12,6.2091586e-12,2.223052e-11,1.6360626e-13,2.3733366e-15,3.0118767e-09
680000,479,74,0,-1.3508541e-12,6.619648e-11,2.3083868e-12,1.0983854e-16,4.0813676e-14,3.214567e-09
680000,198,449,0,-6.0115503e-13,1.0509242e-11,3.1366365e-14,6.161982e-22,9.227379e-21,1.1451024e-10
680000,50,402,0,-4.891342e-13,2.7207602e-11,7.7697835e-16,1.7651137e-24,2.8789213e-14,3.211359e-09
680000,195,481,0,-8.2843926e-13,4.263244e-11,1.1997985e-14,1.922466e-22,1.4736531e-15,3.1234755e-09
680000,68,479,0,-1.5622077e-12,1.13380416e-10,4.4586293e-14,2.697471e-20,7.3066043e-13,2.666493e-10
680000,499,81,0,-1.3168555e-12,6.8111856e-11,5.0043613e-15,1.5087406e-24,1.3815712e-13,3.713175e-09
680000,434,20,0,-8.1468746e-13,4.581687e-11,2.2711809e-12,8.134005e-17,1.3688245e-13,3.2594871e-09
680000,311,473,0,-2.669951e-13,7.427726e-12,2.7370453e-13,6.64232e-20,5.0086255e-21,1.8835689e-10
680000,289,14,0,-6.06428e-13,6.556854e-11,3.871483e-12,3.7293643e-16,2.0187295e-11,2.0447818e-10
680000,6,476,0,-2.3573734e-12,1.3423636e-10,1.12938495e-11,1.6122632e-14,4.3572597e-11,3.3548189e-09
680000,370,18,0,-7.533835e-13,3.869243e-11,1.1936719e-12,1.3127581e-16,1.2900126e-13,3.0517808e-09
680000,468,410,0,-1.2917164e-12,4.234071e-11,3.1621893e-11,7.4991223e-13,3.8319987e-14,3.2952734e-09
680000,266,456,0,-3.821908e-13,2.6506288e-11,1.1258531e-12,1.0068925e-16,1.8128449e-13,3.305036e-09
680000,378,138,0,-1.5706932e-13,1.9927691e-11,2.7918667e-18,1.0584315e-29,2.911536e-10,3.0219593e-09
680000,231,20,0,-7.087647e-13,2.9276328e-11,2.2012906e-15,3.1017121e-24,3.6489804e-12,1.8420637e-10
680000,13,239,0,-3.808235e-13,2.0134738e-11,2.638081e-11,2.0944075e-13,3.447908e-15,7.9471235e-11
680000,42,403,0,-7.093471e-13,6.944743e-11,3.5903713e-13,6.4788373e-19,2.5756207e-12,1.2438042e-10
680000,464,76,0,-1.4606224e-12,8.5867334e-11,6.205037e-14,3.6145e-21,1.5095547e-13,2.5619762e-10
680000,1,21,0,-1.819109e-13,2.4500162e-11,7.33896e-12,6.93728e-15,2.532376e-11,3.190896e-09
680000,235,360,0,1.0857709e-12,7.261813e-14,1.3821963e-11,3.0162244e-14,1.3557883e-16,2.991186e-09
680000,219,463,0,-4.9699085e-13,2.333995e-11,1.3631716e-14,6.4581767e-21,2.5656249e-13,7.1198014e-10
680000,396,484,0,-9.171209e-13,6.270733e-11,1.35073905e-11,6.013589e-15,3.933828e-12,3.18243e-09
680000,481,299,0,-7.4439326e-13,1.081223e-10,1.5343658e-12,2.9833708e-17,3.4251074e-10,3.3663439e-09
680000,299,486,0,-3.561719e-13,1.0142725e-11,3.4633703e-09,7.1918793e-10,1.1532664e-09,1.572072e-10
680000,96,460,0,-1.2639531e-12,4.9055815e-11,1.1969716e-14,3.242056e-23,1.7692002e-16,3.0924858e-09
680000,301,45,0,3.0154449e-12,4.7872175e-11,2.6537975e-12,1.7297761e-16,2.6152e-15,3.2261236e-09
680000,439,408,0,-1.2021584e-12,5.3229973e-11,2.2739973e-11,2.3708826e-13,3.5271376e-11,3.149245e-09
680000,30,476,0,-1.4817222e-12,6.352871e-11,2.964452e-11,7.750185e-13,2.3083764e-09,3.1870955e-09
680000,63,158,0,-6.4233883e-13,3.4471318e-11,2.7216561e-14,5.2437874e-22,1.0762334e-14,3.1672196e-09
680000,62,165,0,-6.350424e-13,6.892084e-11,2.3723195e-11,1.5525333e-13,3.1090926e-13,1.3790247e-10
680000,89,493,0,-9.862817e-13,3.8351752e-11,2.834491e-11,2.189063e-13,4.9405858e-11,3.2573444e-09
680000,12,216,0,-4.2080553e-13,1.8045657e-11,3.7383573e-12,2.575294e-16,1.3213807e-12,1.7210722e-10
680000,431,10,0,-7.440291e-13,2.3807905e-11,1.7364662e-11,2.0034204e-13,1.0866754e-14,3.2964311e-09
680000,12,74,0,-1.1941209e-12,4.007878e-11,5.5357767e-12,3.8022107e-16,6.671051e-15,2.3912092e-10
680000,366,490,0,-4.895652e-13,2.3618949e-11,5.9873387e-16,1.6957875e-24,1.6228219e-13,3.2670433e-09
680000,473,73,0,-1.3984222e-12,7.424358e-11,2.7685652e-11,9.247102e-13,1.4070605e-13,4.880203e-10
680000,369,496,0,-5.6448943e-13,1.4267065e-11,5.130497e-13,3.0336125e-18,3.6020673e-19,3.2226415e-09
680000,216,1,0,-8.518494e-13,4.1522126e-11,2.4148733e-13,1.3276233e-19,2.4248034e-12,3.3081702e-09
680000,437,156,0,1.1065251e-11,9.592518e-11,4.531259e-11,4.8646152e-12,2.5051258e-10,3.0907983e-09
680000,153,12,0,-7.2264563e-13,4.5130594e-11,4.9469897e-11,4.4731124e-12,3.3928361e-12,3.2843697e-09
680000,463,147,0,-6.612669e-13,2.0867346e-11,1.3910176e-11,5.7907734e-15,7.078235e-18,3.0848366e-09
680000,4,14,0,-4.4601722e-13,4.4624977e-11,1.7355208e-11,1.3338924e-13,4.2372224e-11,3.4089418e-09
680000,57,398,0,9.308542e-13,1.3054951e-11,2.1629025e-12,8.163427e-17,1.29984435e-17,3.0945775e-09
680000,425,407,0,-1.169182e-12,7.050276e-11,3.119729e-11,5.8049885e-14,9.64148e-16,3.0845069e-09
680000,426,494,0,-7.8082267e-13,3.834344e-11,1.06600624e-10,1.7130134e-11,9.7052115e-12,1.2461186e-10
680000,435,411,0,-1.2396896e-12,5.9242354e-11,5.287503e-11,1.0748747e-11,6.69561e-12,3.1124925e-09
680000,494,82,0,-1.2687178e-12,4.831474e-11,1.0959355e-12,5.2914227e-18,3.396741e-15,3.5567878e-09
680000,341,106,0,-4.2591164e-13,2.7956177e-11,1.9605547e-14,8.012163e-21,1.6054706e-13,5.065093e-11
680000,452,191,0,2.3775606e-11,5.6274204e-11,8.217534e-14,5.6123726e-20,6.2645337e-15,3.2270575e-09
680000,23,11,0,-1.2811471e-12,1.2852136e-10,2.8341483e-12,1.3628757e-16,2.0447144e-09,3.3032044e-09
680000,37,241,0,-1.2010617e-13,3.1433686e-12,1.8665892e-13,2.1416564e-18,5.2739893e-22,1.6039062e-10
680000,321,161,0,-3.7825247e-13,5.684994e-11,1.5096311e-27,0.0,9.8096634e-14,3.032213e-09
680000,277,20,0,-5.275905e-13,1.815764e-11,1.7920996e-16,3.467687e-27,5.840664e-17,1.4646878e-10
680000,428,350,0,-3.564252e-13,4.350019e-12,7.6497255e-16,7.2810836e-24,5.5541247e-24,3.02957e-09
680000,323,478,0,-3.7655412e-13,1.700165e-11,3.8862295e-11,1.8738021e-12,3.3169778e-13,3.0989855e-09
680000,107,424,0,-9.600862e-13,4.673746e-11,3.9353804e-13,2.9380398e-19,1.978049e-11,3.1184504e-09
680000,153,458,0,-4.80716e-13,3.0227938e-11,3.4626058e-09,7.191878e-10,1.153267e-09,1.1179895e-11
680000,27,376,0,-1.0163145e-12,5.6286604e-11,5.1008787e-11,1.068339e-11,7.005222e-12,3.132594e-09
680000,149,55,0,-7.1379805e-13,2.3614092e-11,2.1195526e-11,6.6011094e-14,2.412055e-15,1.0520107e-10
680000,450,466,0,-1.3465876e-12,6.8698484e-11,1.0176058e-10,2.396463e-11,1.5105747e-11,3.2915735e-09
680000,494,388,0,-1.4210132e-12,1.15244474e-10,2.0714973e-17,1.3512303e-26,2.332601e-10,3.1007896e-09
680000,469,286,0,-5.878091e-13,2.5602683e-11,3.5353604e-09,7.6574214e-10,1.2377289e-09,1.6132812e-10
680000,183,492,0,-7.205268e-13,3.071962e-11,2.8830866e-13,4.969039e-19,1.04738476e-16,3.0924523e-09
680000,459,83,0,-1.4541882e-12,9.773471e-11,1.0538828e-11,1.08239765e-14,1.3034122e-14,3.2087941e-09
680000,375,124,0,2.911863e-13,5.203013e-12,1.0597571e-13,3.8205787e-19,9.712544e-19,2.5661528e-12
680000,0,423,0,-1.0279906e-12,3.9426344e-11,2.062735e-14,2.4552223e-21,2.3235533e-17,3.5713106e-09
680000,473,480,0,-1.2049263e-12,6.2053016e-11,2.4613702e-11,2.3752818e-13,3.168584e-10,3.2042669e-09
680000,80,366,0,1.7924945e-10,3.8477933e-11,1.7202901e-15,8.9978074e-24,3.5267157e-11,3.0464236e-09
680000,8,415,0,-8.1608244e-13,2.6489186e-11,2.1449266e-11,2.6704e-13,5.1650714e-15,3.3925547e-09
680000,64,433,0,-1.1670815e-12,4.0115612e-11,2.536428e-12,2.259268e-16,1.1609718e-17,1.94241e-10
680000,434,117,0,6.2980302e-12,6.291515e-11,2.9126105e-12,2.1460742e-16,8.5030005e-14,1.3962421e-10
680000,162,390,0,-2.8004704e-13,7.753131e-12,5.6018847e-18,9.100616e-28,6.3946894e-21,3.018582e-09
680000,251,33,0,-6.6574415e-13,3.019094e-11,3.554415e-14,1.8758447e-21,5.6340825e-16,2.1686329e-10
680000,487,175,0,-3.184867e-13,1.2633936e-11,3.828143e-12,1.586618e-15,1.6214854e-16,3.0895106e-09
680000,208,72,0,-6.131829e-13,3.1728363e-11,3.4622591e-09,7.191878e-10,1.153751e-09,7.0406736e-11
680000,42,341,0,-5.1421947e-13,2.2073237e-11,2.499463e-13,1.2987321e-18,2.2926532e-17,3.2069223e-09
680000,69,106,0,-6.640426e-13,3.054316e-11,1.12465176e-10,7.119294e-12,2.0117222e-12,3.1840777e-09
680000,63,101,0,-6.3034083e-13,2.7811167e-11,1.3120812e-12,3.9566338e-17,6.6881137e-15,3.615838e-09
680000,0,188,0,-7.716592e-13,7.2945844e-11,1.2917744e-12,3.9398865e-18,3.6362312e-11,3.3946208e-09
680000,6,489,0,-2.5508298e-12,1.7358882e-10,1.4649914e-12,4.3284408e-16,8.4531e-12,3.1661944e-09
680000,234,427,0,9.543317e-13,1.3625175e-11,3.4640776e-11,1.6614806e-12,2.6063884e-13,1.7594222e-10
680000,93,86,0,-5.133276e-13,9.7361615e-12,2.2254015e-12,2.0072967e-16,4.6771e-19,1.777395e-10
680000,273,486,0,-5.667894e-13,1.661607e-11,1.37059175e-11,2.1436413e-14,9.282283e-17,3.1114709e-09
