meanconcen,il8mean,il1mean,il6mean,il10mean,tnfmean,tgfmean,il8std,il1std,il6std,il10std,tnfstd,tgfstd
0,8.4468227e-10,0.0,0.0,0.0,0.0,0.0,2.393434e-10,0.0,0.0,0.0,0.0,0.0
10000,1.0956884e-09,2.0054295e-12,0.0,0.0,3.6056238e-12,0.0,4.303289e-10,6.71958e-11,0.0,0.0,1.2181058e-10,0.0
20000,1.2604814e-09,5.9451545e-12,9.938414e-13,2.0608535e-13,1.0954869e-11,0.0,5.1874915e-10,1.1529735e-10,5.859831e-11,1.2172152e-11,2.0978402e-10,0.0
30000,1.384058e-09,1.0465655e-11,2.9209946e-12,6.06739e-13,1.951902e-11,1.6811041e-12,5.8322247e-10,1.5223327e-10,1.0052081e-10,2.0880405e-11,2.7761932e-10,7.086093e-11
40000,1.5015847e-09,1.5669042e-11,5.8176844e-12,1.2080567e-12,2.9625007e-11,3.351786e-12,6.261552e-10,1.8624627e-10,1.4177977e-10,2.9450803e-11,3.3961872e-10,9.99599e-11
50000,1.6176703e-09,2.3139093e-11,7.816353e-12,1.622122e-12,4.3276844e-11,7.6298134e-12,6.605246e-10,2.2301187e-10,1.6424166e-10,3.4116647e-11,4.103868e-10,1.5037219e-10
60000,1.7088944e-09,2.8341086e-11,9.731133e-12,2.0137388e-12,5.2849305e-11,8.493394e-12,7.0561845e-10,2.4872943e-10,1.829471e-10,3.7999486e-11,4.5293924e-10,1.5794199e-10
70000,1.8166747e-09,3.762882e-11,1.3497694e-11,2.8281383e-12,7.1813284e-11,7.246088e-12,7.26323e-10,2.8493288e-10,2.1242157e-10,4.4824495e-11,5.3465454e-10,1.4278537e-10
80000,1.9101984e-09,4.1687577e-11,2.0426e-11,4.24697e-12,7.8801604e-11,1.9862717e-11,7.5330153e-10,2.9681582e-10,2.6360075e-10,5.5045333e-11,5.4563876e-10,2.3994962e-10
90000,2.016457e-09,4.0257034e-11,8.827151e-12,1.8317416e-12,7.093861e-11,3.9326157e-11,7.6357387e-10,2.8839636e-10,1.700738e-10,3.6025228e-11,5.268472e-10,3.363504e-10
100000,2.109981e-09,4.5409912e-11,1.3739564e-11,2.8562602e-12,7.9894154e-11,3.4773184e-11,7.827033e-10,3.0613054e-10,2.1331471e-10,4.498043e-11,5.5530885e-10,3.1480288e-10
110000,2.1979225e-09,4.3095888e-11,9.8365534e-12,2.1765662e-12,7.4270486e-11,2.8220565e-11,8.043155e-10,2.945273e-10,1.7323021e-10,3.8581405e-11,5.376541e-10,2.7702315e-10
120000,2.285912e-09,4.254114e-11,8.0332425e-12,1.644371e-12,7.343594e-11,2.5260547e-11,8.217812e-10,2.890616e-10,1.5741326e-10,3.365648e-11,5.3629123e-10,2.596293e-10
130000,2.3737636e-09,4.1538172e-11,9.941404e-12,2.0444352e-12,6.9784456e-11,3.440576e-11,8.4172064e-10,2.8204664e-10,1.7746467e-10,3.773883e-11,5.205886e-10,3.02126e-10
140000,2.474101e-09,4.7454707e-11,7.750208e-12,1.7281877e-12,7.94334e-11,2.8805259e-11,8.4320884e-10,3.0051042e-10,1.4915698e-10,3.3785152e-11,5.563579e-10,2.7173086e-10
150000,2.5600473e-09,4.0789618e-11,1.0922028e-11,2.3916713e-12,6.669549e-11,3.8165533e-11,8.622906e-10,2.7240674e-10,1.8133423e-10,4.0222343e-11,5.0545385e-10,3.194989e-10
160000,2.6581604e-09,4.2400927e-11,6.3564605e-12,1.2444161e-12,6.531628e-11,3.6507995e-11,8.572296e-10,2.750543e-10,1.3417313e-10,2.8857096e-11,5.0615745e-10,3.0491107e-10
170000,2.7468325e-09,4.1514497e-11,1.4809522e-11,2.9655245e-12,6.501484e-11,3.5677274e-11,8.720229e-10,2.6966407e-10,2.1542274e-10,4.5317326e-11,4.966018e-10,2.9881278e-10
180000,2.8312084e-09,3.9974565e-11,8.60274e-12,1.6762052e-12,6.052326e-11,5.5868143e-11,8.7752616e-10,2.598739e-10,1.5930476e-10,3.371613e-11,4.926955e-10,3.833647e-10
190000,2.9188303e-09,3.9994744e-11,1.7229823e-11,3.4295216e-12,5.9087076e-11,5.2254288e-11,8.8384905e-10,2.5950056e-10,2.3208996e-10,4.86401e-11,4.6992416e-10,3.6447212e-10
200000,2.994043e-09,3.5857626e-11,7.3987405e-12,1.2912894e-12,5.2628603e-11,6.17757e-11,9.0046887e-10,2.341095e-10,1.3559483e-10,2.874337e-11,4.4971524e-10,3.9780598e-10
210000,3.0659995e-09,3.6751862e-11,1.3358112e-11,2.5890574e-12,5.4961306e-11,6.131107e-11,9.2891994e-10,2.3872967e-10,1.9934107e-10,4.181132e-11,4.526112e-10,3.9133213e-10
220000,3.1645155e-09,3.6653947e-11,9.3927305e-12,1.8481512e-12,4.9833925e-11,5.6830523e-11,9.176979e-10,2.3422708e-10,1.6065495e-10,3.4438088e-11,4.3317874e-10,3.6912828e-10
230000,3.225934e-09,4.0724316e-11,1.1891811e-11,2.2010802e-12,5.85705e-11,6.196255e-11,9.499422e-10,2.4789007e-10,1.8429946e-10,3.8188893e-11,4.68959e-10,3.8600487e-10
240000,3.3217766e-09,4.010525e-11,8.688611e-12,1.5854788e-12,5.715698e-11,6.456016e-11,9.409796e-10,2.4434113e-10,1.4948404e-10,3.1465528e-11,4.7503795e-10,3.9421197e-10
250000,3.4005592e-09,3.8368437e-11,8.746781e-12,1.5887622e-12,5.2259207e-11,6.092273e-11,9.554734e-10,2.3523555e-10,1.497216e-10,3.1494623e-11,4.5565718e-10,3.7614148e-10
260000,3.475236e-09,4.404297e-11,6.9445456e-12,1.3774805e-12,5.915566e-11,5.9997625e-11,9.667619e-10,2.563286e-10,1.235335e-10,2.7630506e-11,4.7628335e-10,3.6866807e-10
270000,3.5598964e-09,3.8038715e-11,9.002507e-12,1.7377171e-12,5.5101312e-11,5.9550136e-11,9.644089e-10,2.2386684e-10,1.5074997e-10,3.249028e-11,4.6117482e-10,3.6038625e-10
280000,3.6435281e-09,3.688869e-11,4.4110275e-12,6.8831225e-13,4.8721232e-11,6.809627e-11,9.671653e-10,2.1925958e-10,8.828082e-11,1.8877224e-11,4.4224024e-10,3.90543e-10
290000,3.721218e-09,3.3228722e-11,5.5813045e-12,9.022414e-13,3.960765e-11,6.305646e-11,9.721381e-10,1.9598398e-10,1.0725453e-10,2.271495e-11,3.840834e-10,3.6631587e-10
300000,3.791276e-09,3.056664e-11,7.599266e-12,1.357499e-12,3.9013705e-11,5.7302465e-11,9.904709e-10,1.7883336e-10,1.3362209e-10,2.8707042e-11,3.8610817e-10,3.3979838e-10
310000,3.883157e-09,2.712754e-11,1.072549e-11,2.0371942e-12,3.0417044e-11,5.177656e-11,9.707279e-10,1.5540534e-10,1.6846123e-10,3.6048366e-11,3.2148195e-10,3.1243738e-10
320000,3.9387973e-09,2.950348e-11,4.2486657e-12,6.737263e-13,3.262162e-11,6.2924735e-11,9.998753e-10,1.6930121e-10,7.3546245e-11,1.7812078e-11,3.5364586e-10,3.578618e-10
330000,4.0122656e-09,3.3014213e-11,5.3254263e-12,8.9864357e-13,4.043507e-11,6.027673e-11,1.0081782e-09,1.9233486e-10,9.361564e-11,2.161781e-11,3.9684678e-10,3.4139483e-10
340000,4.0791246e-09,3.332984e-11,8.372868e-12,1.5472741e-12,3.8586953e-11,5.969658e-11,1.0247836e-09,1.9083869e-10,1.4083719e-10,3.067924e-11,3.721442e-10,3.328568e-10
350000,4.1498476e-09,3.064262e-11,6.3008184e-12,1.1150515e-12,3.791496e-11,5.923776e-11,1.0360409e-09,1.6855084e-10,1.0989843e-10,2.4712827e-11,3.619669e-10,3.2701636e-10
360000,4.219471e-09,3.1235757e-11,6.4217555e-12,1.1333466e-12,3.5333243e-11,6.402068e-11,1.0418496e-09,1.7222657e-10,1.0958089e-10,2.4561604e-11,3.5095765e-10,3.4256165e-10
370000,4.2937414e-09,3.051831e-11,9.807405e-12,1.9018025e-12,3.338001e-11,6.600553e-11,1.042738e-09,1.686408e-10,1.5278993e-10,3.3233742e-11,3.3638983e-10,3.4883277e-10
380000,4.3746176e-09,2.960635e-11,4.629122e-12,9.292782e-13,3.234719e-11,7.1347414e-11,1.0402169e-09,1.5933899e-10,6.752151e-11,1.9060658e-11,3.3633193e-10,3.6647102e-10
390000,4.443593e-09,2.5973284e-11,6.475151e-12,1.1323702e-12,2.5083985e-11,7.952065e-11,1.0515844e-09,1.2792234e-10,1.0880139e-10,2.4209298e-11,2.8388794e-10,3.972669e-10
400000,4.4930033e-09,2.5240499e-11,6.4840043e-12,1.1704923e-12,2.3041251e-11,7.551011e-11,1.0810429e-09,1.2115778e-10,1.08365684e-10,2.4277315e-11,2.7881936e-10,3.757745e-10
410000,4.559628e-09,2.4709386e-11,4.118503e-12,6.299228e-13,2.0629227e-11,7.121149e-11,1.0937363e-09,1.1152752e-10,6.447946e-11,1.5649244e-11,2.5403585e-10,3.5485415e-10
420000,4.628167e-09,2.534136e-11,3.927992e-12,7.041477e-13,2.4083945e-11,6.19592e-11,1.0985314e-09,1.1819021e-10,3.4743545e-11,1.4085657e-11,2.7238028e-10,3.073193e-10
430000,4.6948854e-09,2.6431093e-11,4.4576612e-12,6.655544e-13,2.4462142e-11,6.552206e-11,1.1060122e-09,1.2558769e-10,6.436338e-11,1.5401996e-11,2.7663918e-10,3.2264322e-10
440000,4.759053e-09,2.8465445e-11,4.5721643e-12,6.7054907e-13,2.9361607e-11,6.4881454e-11,1.1218209e-09,1.4350623e-10,6.452096e-11,1.5246e-11,3.0883898e-10,3.1182762e-10
450000,4.8279665e-09,2.962494e-11,5.65147e-12,9.062322e-13,3.017815e-11,7.034658e-11,1.1251314e-09,1.494264e-10,8.903386e-11,1.986001e-11,3.136981e-10,3.389821e-10
460000,4.8916053e-09,2.962319e-11,3.310401e-12,4.009711e-13,2.8443447e-11,7.156057e-11,1.1387566e-09,1.434772e-10,1.8193776e-11,7.767808e-12,3.0506914e-10,3.3626926e-10
470000,4.9534643e-09,2.9515872e-11,8.880503e-12,1.5895013e-12,3.263023e-11,7.1199914e-11,1.1540384e-09,1.426136e-10,1.3987005e-10,3.002354e-11,3.1532707e-10,3.331755e-10
480000,5.0123803e-09,2.7731864e-11,4.5899777e-12,6.532366e-13,2.5351263e-11,7.517107e-11,1.173049e-09,1.3030865e-10,6.553098e-11,1.5041076e-11,2.8333208e-10,3.4336195e-10
490000,5.0862634e-09,2.8852984e-11,4.717981e-12,6.8731517e-13,2.7862218e-11,7.74957e-11,1.158136e-09,1.367843e-10,6.4209825e-11,1.4860318e-11,2.923838e-10,3.503016e-10
500000,5.1488045e-09,2.7185997e-11,4.7081e-12,6.8190093e-13,2.2629643e-11,7.215669e-11,1.1672989e-09,1.2507578e-10,6.520177e-11,1.4670763e-11,2.59971e-10,3.2207953e-10
510000,5.2021116e-09,2.5698856e-11,5.757493e-12,9.034823e-13,2.4257731e-11,6.9911445e-11,1.1942578e-09,1.09426225e-10,8.851145e-11,1.9321444e-11,2.581375e-10,3.1081956e-10
520000,5.269249e-09,3.017508e-11,6.6744366e-12,1.0937107e-12,2.9094583e-11,7.4802164e-11,1.1919619e-09,1.4867307e-10,1.0768426e-10,2.307018e-11,2.9819847e-10,3.2940217e-10
530000,5.3436002e-09,2.7043293e-11,6.6913467e-12,1.0965515e-12,2.8138093e-11,7.342781e-11,1.1860168e-09,1.1984436e-10,1.08546915e-10,2.3238954e-11,2.8431327e-10,3.1945982e-10
540000,5.385324e-09,2.7582466e-11,5.896887e-12,9.881978e-13,2.7791507e-11,7.638511e-11,1.2278333e-09,1.2461629e-10,8.9101636e-11,1.9819335e-11,2.829514e-10,3.289254e-10
550000,5.4541016e-09,2.7750083e-11,9.130937e-12,1.554531e-12,2.872714e-11,8.5566054e-11,1.2201326e-09,1.2504772e-10,1.3878552e-10,2.919157e-11,2.8325411e-10,3.6497538e-10
560000,5.5175815e-09,2.6766579e-11,4.7874938e-12,6.4894954e-13,2.571777e-11,8.720044e-11,1.2254338e-09,1.1812934e-10,6.559375e-11,1.4225173e-11,2.6659722e-10,3.6634756e-10
570000,5.5772342e-09,2.7827924e-11,4.881095e-12,6.8644065e-13,2.5316143e-11,9.0547576e-11,1.2383085e-09,1.2475103e-10,6.412295e-11,1.412459e-11,2.7026087e-10,3.7856215e-10
580000,5.6339107e-09,2.6137828e-11,4.8939876e-12,7.1330257e-13,2.4501694e-11,9.744855e-11,1.2551103e-09,1.1020408e-10,6.412611e-11,1.4327073e-11,2.56233e-10,3.9616518e-10
590000,5.6982135e-09,2.622565e-11,5.97923e-12,1.0036594e-12,2.6342324e-11,1.00743434e-10,1.2564773e-09,1.0931595e-10,8.878344e-11,1.9470186e-11,2.6303804e-10,4.045206e-10
600000,5.7489213e-09,2.747033e-11,4.776942e-12,6.9704095e-13,2.805307e-11,9.571129e-11,1.2631057e-09,1.2285822e-10,6.378706e-11,1.4048161e-11,2.7791855e-10,3.8148273e-10
610000,5.7906586e-09,2.6585718e-11,5.9617103e-12,8.784902e-13,2.5410963e-11,1.0736225e-10,1.2999729e-09,1.1167547e-10,8.8411924e-11,1.8747419e-11,2.5812436e-10,4.2017104e-10
620000,5.8514087e-09,2.5545817e-11,4.8937573e-12,7.524708e-13,2.2398429e-11,1.09428404e-10,1.3060549e-09,1.0384846e-10,6.4018985e-11,1.4648612e-11,2.4209937e-10,4.2527398e-10
630000,5.9028147e-09,2.625302e-11,4.8657528e-12,6.8562224e-13,2.6405666e-11,1.08543285e-10,1.3185865e-09,1.09687336e-10,6.353582e-11,1.3796252e-11,2.6319077e-10,4.1763065e-10
640000,5.9740377e-09,2.6438771e-11,4.8576013e-12,6.677314e-13,2.6391667e-11,1.1183259e-10,1.3103308e-09,1.1062808e-10,6.3930056e-11,1.3738685e-11,2.675402e-10,4.2220058e-10
650000,6.0401497e-09,2.6683215e-11,5.0009636e-12,6.8953095e-13,2.6292926e-11,1.0604564e-10,1.3103055e-09,1.16296195e-10,6.355265e-11,1.3744462e-11,2.651385e-10,3.9702105e-10
660000,6.102464e-09,2.4698492e-11,6.036217e-12,8.900879e-13,2.2195759e-11,1.08028385e-10,1.3204023e-09,9.347974e-11,8.871313e-11,1.8694251e-11,2.2842944e-10,4.0136072e-10
670000,6.1545387e-09,2.4361681e-11,3.908869e-12,4.921052e-13,2.1356656e-11,1.15990266e-10,1.3365437e-09,9.342586e-11,1.735551e-11,5.703528e-12,2.3851615e-10,4.2859255e-10
680000,6.2138708e-09,2.3671428e-11,3.869519e-12,4.761642e-13,2.021234e-11,1.2542518e-10,1.343754e-09,8.655888e-11,1.647706e-11,4.978798e-12,2.1625668e-10,4.5674253e-10
690000,6.2698358e-09,2.2781266e-11,4.764552e-12,6.5943903e-13,1.8421159e-11,1.2351559e-10,1.3478415e-09,7.3642654e-11,6.333129e-11,1.3596731e-11,1.9499856e-10,4.4591758e-10
700000,6.3005614e-09,2.3663209e-11,6.082817e-12,9.709318e-13,2.260298e-11,1.3290262e-10,1.3836073e-09,8.315942e-11,8.773398e-11,1.8943668e-11,2.1762644e-10,4.7121107e-10
710000,6.363407e-09,2.427634e-11,4.9593498e-12,6.639732e-13,2.3236867e-11,1.237962e-10,1.3889737e-09,9.2308106e-11,6.309132e-11,1.3480986e-11,2.2778442e-10,4.3702264e-10
720000,6.4264105e-09,2.357531e-11,6.96236e-12,1.1656947e-12,2.3817084e-11,1.2617131e-10,1.3792086e-09,8.345725e-11,1.06756666e-10,2.2625728e-11,2.2440051e-10,4.3735712e-10
730000,6.4765535e-09,2.4938194e-11,5.959284e-12,8.9534456e-13,2.6402831e-11,1.3662804e-10,1.3953382e-09,1.00859744e-10,8.756171e-11,1.8472342e-11,2.481192e-10,4.674303e-10
740000,6.5299366e-09,2.3262864e-11,7.065143e-12,1.1392325e-12,2.3564673e-11,1.4557298e-10,1.4112259e-09,8.376898e-11,1.07851644e-10,2.264672e-11,2.2197315e-10,4.876145e-10
750000,6.5918058e-09,2.4744666e-11,4.9224873e-12,6.7134883e-13,2.7415353e-11,1.501909e-10,1.4146591e-09,1.00529585e-10,6.289125e-11,1.3442777e-11,2.4968524e-10,4.99532e-10
760000,6.657548e-09,2.411648e-11,5.1477047e-12,7.368092e-13,2.6230953e-11,1.5079665e-10,1.4168982e-09,9.516942e-11,6.305864e-11,1.3547504e-11,2.4347216e-10,4.94782e-10
770000,6.7031714e-09,2.5501965e-11,3.767166e-12,4.462617e-13,2.720344e-11,1.604236e-10,1.4310473e-09,1.0985706e-10,1.4029983e-11,4.272122e-12,2.606918e-10,5.1760846e-10
780000,6.761476e-09,2.4777234e-11,4.986328e-12,7.1638073e-13,2.7789816e-11,1.572634e-10,1.444377e-09,1.0177739e-10,6.300502e-11,1.35362355e-11,2.52759e-10,5.0019255e-10
790000,6.824996e-09,2.4522157e-11,6.0944787e-12,9.235389e-13,2.5425849e-11,1.5783297e-10,1.4285381e-09,1.0161237e-10,8.811927e-11,1.8494121e-11,2.4229993e-10,4.9677645e-10
800000,6.8666974e-09,2.298376e-11,5.030954e-12,7.086016e-13,2.2685657e-11,1.5893148e-10,1.4498726e-09,8.378932e-11,6.287854e-11,1.33891795e-11,2.1589641e-10,4.954769e-10
810000,6.922581e-09,2.513026e-11,3.828331e-12,4.7665544e-13,3.1294523e-11,1.6094878e-10,1.4477237e-09,1.0855512e-10,1.352522e-11,4.2633588e-12,2.846833e-10,4.953234e-10
820000,6.9824333e-09,2.5008384e-11,3.9459373e-12,4.560761e-13,2.6868447e-11,1.5700387e-10,1.4520097e-09,1.0908998e-10,1.4859693e-11,4.0527018e-12,2.54772e-10,4.769232e-10
830000,7.0112045e-09,2.554078e-11,5.00988e-12,6.9954573e-13,2.7609384e-11,1.6161597e-10,1.494574e-09,1.1168554e-10,6.228567e-11,1.3295201e-11,2.5646624e-10,4.842655e-10
840000,7.07822e-09,2.565591e-11,5.984747e-12,8.9106375e-13,2.921119e-11,1.6557186e-10,1.4875462e-09,1.1468352e-10,8.782374e-11,1.835486e-11,2.7242247e-10,4.9140925e-10
850000,7.1399198e-09,2.5574366e-11,4.8975216e-12,7.3375e-13,2.9867588e-11,1.6834693e-10,1.4760456e-09,1.1586686e-10,6.2354295e-11,1.3390943e-11,2.643788e-10,4.91944e-10
860000,7.169206e-09,2.5015587e-11,4.909563e-12,7.112769e-13,2.8619144e-11,1.8626124e-10,1.5181736e-09,1.0811445e-10,6.2097806e-11,1.3297825e-11,2.5193467e-10,5.3624083e-10
870000,7.2383535e-09,2.4945738e-11,7.443098e-12,1.3469383e-12,3.1209053e-11,1.836729e-10,1.5106361e-09,1.08789866e-10,1.0811403e-10,2.4308444e-11,2.6445263e-10,5.276496e-10
880000,7.302857e-09,2.4165118e-11,3.8548544e-12,4.8658343e-13,2.5521196e-11,1.8253266e-10,1.5054378e-09,1.00896756e-10,1.34861835e-11,4.1390875e-12,2.3081807e-10,5.1565124e-10
890000,7.3636595e-09,2.3360616e-11,3.8254244e-12,5.063782e-13,2.4294356e-11,1.8379621e-10,1.5107108e-09,9.1681995e-11,1.2644659e-11,5.165293e-12,2.2053909e-10,5.144721e-10
900000,7.3887865e-09,2.3174806e-11,5.0471823e-12,7.12007e-13,2.3847972e-11,1.9709119e-10,1.5301314e-09,9.185174e-11,6.231757e-11,1.3232095e-11,2.1895427e-10,5.468668e-10
910000,7.423189e-09,2.4070395e-11,3.7364677e-12,4.2435635e-13,2.8211369e-11,2.0662005e-10,1.5607973e-09,9.9944816e-11,1.1642245e-11,3.5843704e-12,2.602115e-10,5.665375e-10
920000,7.487753e-09,2.4059903e-11,4.6845743e-12,6.540271e-13,2.6840283e-11,2.0256731e-10,1.5579338e-09,9.999227e-11,6.19237e-11,1.3154024e-11,2.4206726e-10,5.4838506e-10
930000,7.534139e-09,2.4787578e-11,5.99708e-12,9.969791e-13,3.1226945e-11,2.0358183e-10,1.5693034e-09,1.0840176e-10,8.684324e-11,1.8446768e-11,2.607943e-10,5.4093807e-10
940000,7.584189e-09,2.3328383e-11,5.8758055e-12,8.9873286e-13,2.4396683e-11,2.0834631e-10,1.5723188e-09,9.2554006e-11,8.658432e-11,1.822786e-11,2.1315041e-10,5.526518e-10
950000,7.617167e-09,2.6025751e-11,4.7467035e-12,6.413549e-13,2.9510918e-11,2.2797907e-10,1.5979542e-09,1.2127843e-10,6.1567695e-11,1.3035736e-11,2.5681718e-10,5.94569e-10
960000,7.685906e-09,2.5179194e-11,3.8187817e-12,4.978667e-13,2.8242348e-11,2.3437363e-10,1.5831403e-09,1.141217e-10,1.1308582e-11,3.8346618e-12,2.492639e-10,6.102493e-10
970000,7.732508e-09,2.439179e-11,3.6790124e-12,4.3638978e-13,2.5736207e-11,2.3681115e-10,1.6028613e-09,1.07541906e-10,1.1177489e-11,3.5057404e-12,2.3382726e-10,6.0389915e-10
980000,7.778863e-09,2.3544966e-11,4.8609463e-12,6.852069e-13,2.8365404e-11,2.339218e-10,1.6053427e-09,9.9687036e-11,6.160254e-11,1.3076463e-11,2.428936e-10,5.8906224e-10
990000,7.846163e-09,2.3566723e-11,5.9751535e-12,9.0833634e-13,2.5816205e-11,2.4245933e-10,1.5959059e-09,9.96244e-11,8.651425e-11,1.8161745e-11,2.2345288e-10,6.1086874e-10
1000000,7.868758e-09,2.4134467e-11,4.9443457e-12,7.747633e-13,3.121282e-11,2.534992e-10,1.620636e-09,1.0680783e-10,6.145584e-11,1.3979584e-11,2.53487e-10,6.2932937e-10
