meanconcen,il8mean,il1mean,il6mean,il10mean,tnfmean,tgfmean,il8std,il1std,il6std,il10std,tnfstd,tgfstd
0,7.047855e-10,0.0,0.0,0.0,0.0,0.0,3.421974e-10,0.0,0.0,0.0,0.0,0.0
10000,8.06258e-10,9.27513e-12,0.0,0.0,1.6811464e-11,0.0,5.451748e-10,1.448503e-10,0.0,0.0,2.6260347e-10,0.0
20000,8.671144e-10,1.59544e-11,6.6247585e-12,1.375998e-12,3.110121e-11,0.0,6.3486e-10,1.8961946e-10,1.5129732e-10,3.142781e-11,3.472595e-10,0.0
30000,9.161971e-10,2.6969498e-11,1.0660245e-11,2.214249e-12,5.1745094e-11,5.541218e-12,6.9133715e-10,2.4440575e-10,1.9181468e-10,3.984417e-11,4.4709572e-10,1.2834113e-10
40000,9.697717e-10,3.9404785e-11,1.0513171e-11,2.18333e-12,7.3553476e-11,1.09527335e-11,7.2803596e-10,2.943639e-10,1.9047469e-10,3.9565833e-11,5.357583e-10,1.8007044e-10
50000,1.0090792e-09,4.6144193e-11,1.0594888e-11,2.1685791e-12,8.4998196e-11,1.1132542e-11,7.6395534e-10,3.1661263e-10,1.8945959e-10,3.9319457e-11,5.7653593e-10,1.7923325e-10
60000,1.0646258e-09,5.864299e-11,2.7978826e-11,6.0025452e-12,1.12132956e-10,1.4635997e-11,7.9103474e-10,3.5169737e-10,3.0161076e-10,6.475527e-11,6.477953e-10,2.0756324e-10
70000,1.1076823e-09,7.545856e-11,1.9306414e-11,3.9233053e-12,1.403211e-10,2.7412076e-11,8.103148e-10,4.0157727e-10,2.5445207e-10,5.281331e-11,7.3426953e-10,2.8286978e-10
80000,1.1764854e-09,8.075617e-11,3.0315184e-11,6.245746e-12,1.576317e-10,2.9443427e-11,8.268242e-10,4.1008621e-10,3.2102768e-10,6.667008e-11,7.692049e-10,2.888783e-10
90000,1.2345295e-09,9.631344e-11,9.306612e-12,1.8490398e-12,1.7187565e-10,3.5182256e-11,8.4274016e-10,4.491894e-10,1.7413378e-10,3.608374e-11,8.1755147e-10,3.1708403e-10
100000,1.2792218e-09,1.0811312e-10,2.265525e-11,4.608377e-12,2.0104367e-10,1.5905615e-11,8.6153074e-10,4.757938e-10,2.7547628e-10,5.7165574e-11,8.7427493e-10,2.0556869e-10
110000,1.3127083e-09,9.192945e-11,3.580665e-11,7.305047e-12,1.707115e-10,2.4590257e-11,8.729642e-10,4.3530163e-10,3.4654704e-10,7.193975e-11,7.979831e-10,2.598219e-10
120000,1.3606049e-09,1.04776986e-10,2.7268344e-11,5.5411483e-12,1.950006e-10,3.2977624e-11,8.8665353e-10,4.6271842e-10,3.018903e-10,6.266001e-11,8.689893e-10,3.028598e-10
130000,1.3821682e-09,1.0719133e-10,2.7110628e-11,5.495269e-12,1.9386502e-10,7.047894e-11,9.0355984e-10,4.6627197e-10,2.968662e-10,6.21598e-11,8.5482954e-10,4.458264e-10
140000,1.4543533e-09,1.0383706e-10,3.3327032e-11,7.0089967e-12,1.8983323e-10,6.5321124e-11,9.0836205e-10,4.579477e-10,3.2632744e-10,6.96926e-11,8.423548e-10,4.2587164e-10
150000,1.4902783e-09,1.1093786e-10,3.2336373e-11,6.6524564e-12,2.0562056e-10,6.2218265e-11,9.2333596e-10,4.714995e-10,3.2458164e-10,6.823786e-11,8.866996e-10,4.167829e-10
160000,1.5479419e-09,1.09148204e-10,3.785935e-11,7.780915e-12,1.9810312e-10,6.547417e-11,9.280851e-10,4.6802046e-10,3.492136e-10,7.356333e-11,8.695793e-10,4.2763867e-10
170000,1.5860993e-09,1.0374051e-10,3.357904e-11,7.392318e-12,1.9645585e-10,8.424286e-11,9.324426e-10,4.4935294e-10,3.4958142e-10,7.847805e-11,8.534294e-10,4.7734233e-10
180000,1.6625159e-09,9.773287e-11,3.2559885e-11,6.5773723e-12,1.7440105e-10,7.682275e-11,9.2373603e-10,4.2929435e-10,3.1776454e-10,6.7146844e-11,8.1964624e-10,4.5286244e-10
190000,1.7519713e-09,8.06103e-11,4.0805696e-11,8.364298e-12,1.5087073e-10,7.318769e-11,9.1637936e-10,3.9149506e-10,3.6175374e-10,7.619272e-11,7.4613626e-10,4.4105725e-10
200000,1.7842023e-09,8.5196676e-11,3.2806785e-11,7.0265287e-12,1.4990524e-10,6.8669785e-11,9.219691e-10,3.9235395e-10,3.2026062e-10,6.9066655e-11,7.430195e-10,4.2681766e-10
210000,1.8152457e-09,8.1275105e-11,3.316004e-11,6.7647173e-12,1.5014907e-10,1.041394e-10,9.275914e-10,3.7971812e-10,3.2329173e-10,6.824626e-11,7.423464e-10,5.2777205e-10
220000,1.867433e-09,8.553609e-11,2.1270775e-11,4.2235694e-12,1.4744313e-10,1.05368284e-10,9.3018754e-10,3.9522452e-10,2.5076508e-10,5.3354404e-11,7.45182e-10,5.2979954e-10
230000,1.916131e-09,7.7322745e-11,2.592768e-11,5.3171473e-12,1.3572682e-10,8.983826e-11,9.319151e-10,3.6595943e-10,2.8121422e-10,6.013161e-11,7.073345e-10,4.7981663e-10
240000,1.984564e-09,7.824602e-11,2.4454612e-11,4.9603585e-12,1.337279e-10,7.1585946e-11,9.109328e-10,3.6932052e-10,2.645173e-10,5.71166e-11,7.051618e-10,4.2279769e-10
250000,2.0251985e-09,8.385562e-11,1.14649e-11,2.7663488e-12,1.356724e-10,7.704381e-11,9.170402e-10,3.853444e-10,1.5302214e-10,3.934248e-11,7.171936e-10,4.4088552e-10
260000,2.0533524e-09,8.216448e-11,1.4094947e-11,2.749129e-12,1.4096027e-10,7.313878e-11,9.318494e-10,3.7456951e-10,1.7718638e-10,4.04588e-11,7.279349e-10,4.243614e-10
270000,2.100204e-09,7.707207e-11,1.3740853e-11,2.770213e-12,1.188752e-10,7.385876e-11,9.289506e-10,3.5944864e-10,1.7623417e-10,4.0349446e-11,6.7081113e-10,4.2305645e-10
280000,2.150665e-09,6.632302e-11,1.10042375e-11,2.179803e-12,1.0172999e-10,7.8481645e-11,9.195598e-10,3.2891412e-10,1.4619028e-10,3.4698952e-11,6.2001027e-10,4.4186624e-10
290000,2.206324e-09,6.723129e-11,1.9443945e-11,4.2204218e-12,1.0748302e-10,7.360614e-11,9.0940655e-10,3.2939754e-10,2.2429357e-10,5.0450002e-11,6.345684e-10,4.186915e-10
300000,2.2323332e-09,6.369141e-11,1.351342e-11,2.6944775e-12,9.70438e-11,5.891042e-11,9.1418395e-10,3.175379e-10,1.7490642e-10,3.97338e-11,6.0104105e-10,3.689451e-10
310000,2.2549174e-09,6.21461e-11,1.3119923e-11,2.8338907e-12,9.454226e-11,4.8825104e-11,9.260653e-10,3.1071906e-10,1.7381199e-10,4.0047552e-11,5.971861e-10,3.227097e-10
320000,2.2705935e-09,6.7057e-11,1.32857145e-11,2.8621983e-12,1.0397189e-10,5.4887716e-11,9.452445e-10,3.2535702e-10,1.7358348e-10,3.9827554e-11,6.253409e-10,3.4175943e-10
330000,2.3042488e-09,6.613118e-11,8.558498e-12,1.9597182e-12,1.0306493e-10,6.6695545e-11,9.468727e-10,3.237124e-10,1.14773746e-10,3.1335372e-11,6.5461175e-10,3.911372e-10
340000,2.314307e-09,6.686099e-11,1.8476495e-11,3.826345e-12,1.13266056e-10,6.636802e-11,9.61566e-10,3.179127e-10,2.1544869e-10,4.773671e-11,6.412368e-10,3.8631184e-10
350000,2.3599926e-09,6.49714e-11,1.17840225e-11,2.5187122e-12,1.0609649e-10,7.441325e-11,9.571152e-10,3.1094205e-10,1.436855e-10,3.4261538e-11,6.204249e-10,4.1827466e-10
360000,2.4039586e-09,6.5021585e-11,1.8551747e-11,3.7686985e-12,1.02974566e-10,7.5889676e-11,9.511836e-10,3.1254388e-10,2.233677e-10,4.8175276e-11,6.097445e-10,4.1610354e-10
370000,2.439259e-09,5.976604e-11,1.0435266e-11,2.0798855e-12,9.0264594e-11,8.221374e-11,9.544008e-10,2.9202799e-10,1.43275e-10,3.2494476e-11,5.7459654e-10,4.3921689e-10
380000,2.481169e-09,4.823536e-11,1.054999e-11,2.281407e-12,7.3139245e-11,9.814312e-11,9.468785e-10,2.459402e-10,1.4466398e-10,3.3786654e-11,5.0788657e-10,4.8660587e-10
390000,2.5220293e-09,5.45819e-11,1.0618212e-11,2.0927804e-12,8.156405e-11,9.664681e-11,9.367599e-10,2.6648778e-10,1.4357182e-10,3.2298313e-11,5.583141e-10,4.7787246e-10
400000,2.534026e-09,4.6927393e-11,1.6359282e-11,3.2846857e-12,6.664706e-11,7.951716e-11,9.520847e-10,2.3257445e-10,2.0074618e-10,4.3393164e-11,4.821397e-10,4.1949696e-10
410000,2.5264766e-09,4.3467254e-11,1.3217947e-11,2.7631896e-12,7.616334e-11,8.7384315e-11,9.887602e-10,2.1275465e-10,1.7290311e-10,3.8237483e-11,5.0718607e-10,4.4406367e-10
420000,2.5517446e-09,4.357264e-11,1.2721494e-11,2.5197542e-12,6.786714e-11,1.0391998e-10,9.88353e-10,2.0976065e-10,1.7263793e-10,3.7469246e-11,4.804809e-10,4.9486826e-10
430000,2.5801128e-09,4.4376496e-11,7.454841e-12,1.4974162e-12,6.192283e-11,9.654578e-11,9.94624e-10,2.191602e-10,1.0175759e-10,2.3829308e-11,4.6461437e-10,4.677763e-10
440000,2.6093259e-09,3.8788705e-11,7.630312e-12,1.5188256e-12,5.0086338e-11,7.415234e-11,9.940817e-10,1.8698908e-10,1.0693633e-10,2.8901666e-11,4.1173195e-10,3.9589268e-10
450000,2.638142e-09,3.3446808e-11,1.6042992e-11,3.1849402e-12,4.8931696e-11,8.654982e-11,9.960829e-10,1.4903295e-10,2.0162653e-10,4.3410144e-11,3.804946e-10,4.357861e-10
460000,2.6771745e-09,3.137781e-11,6.9606794e-12,1.2973331e-12,4.5137845e-11,9.302222e-11,9.857889e-10,1.3456945e-10,1.0134451e-10,2.321539e-11,3.671736e-10,4.5186554e-10
470000,2.7042415e-09,3.1825594e-11,1.6051598e-11,3.2931396e-12,4.5237415e-11,9.059232e-11,9.913947e-10,1.3521097e-10,2.0028905e-10,4.3038552e-11,3.64597e-10,4.4133402e-10
480000,2.7145455e-09,3.1028086e-11,1.7287205e-11,3.626943e-12,4.2853294e-11,1.10707055e-10,1.0105771e-09,1.3390451e-10,2.027716e-10,4.5280047e-11,3.4881484e-10,5.0629306e-10
490000,2.7354088e-09,2.910441e-11,1.1003043e-11,2.0901026e-12,4.045904e-11,1.4003412e-10,1.0201268e-09,1.16281686e-10,1.4252814e-10,3.092892e-11,3.368084e-10,5.7806837e-10
500000,2.7633706e-09,2.885078e-11,1.3195356e-11,2.6859016e-12,3.4815182e-11,1.3031405e-10,1.0063737e-09,1.1601691e-10,1.727365e-10,3.7409482e-11,3.0774397e-10,5.5610216e-10
510000,2.7587588e-09,2.8532808e-11,7.370273e-12,1.2767872e-12,3.7244516e-11,1.3284612e-10,1.0460893e-09,1.1593987e-10,1.0065381e-10,2.2442935e-11,3.316135e-10,5.581859e-10
520000,2.783339e-09,3.2792883e-11,1.0411923e-11,2.2115966e-12,4.860306e-11,1.2838137e-10,1.0446992e-09,1.4777858e-10,1.4132051e-10,3.2114443e-11,3.7105674e-10,5.4160715e-10
530000,2.810611e-09,3.266452e-11,1.0396857e-11,2.0984538e-12,4.598944e-11,1.2966068e-10,1.0379227e-09,1.4640351e-10,1.4088042e-10,3.075852e-11,3.6981215e-10,5.4090804e-10
540000,2.833951e-09,3.4221837e-11,8.328247e-12,1.5196183e-12,5.401657e-11,1.2454572e-10,1.0475522e-09,1.6020872e-10,1.0221756e-10,2.2621901e-11,4.010523e-10,5.254971e-10
550000,2.872472e-09,2.8173092e-11,1.1079317e-11,2.1875678e-12,3.5918934e-11,1.243337e-10,1.042009e-09,1.148041e-10,1.4412163e-10,3.1705454e-11,3.082324e-10,5.2259824e-10
560000,2.9015594e-09,2.846859e-11,1.0419138e-11,1.8937187e-12,3.570977e-11,1.33794e-10,1.045032e-09,1.15587234e-10,1.4189318e-10,3.030618e-11,3.110565e-10,5.4848376e-10
570000,2.917623e-09,2.8280933e-11,7.747233e-12,1.4690427e-12,3.4681924e-11,1.4139313e-10,1.0499257e-09,1.1484012e-10,1.0175325e-10,2.3003998e-11,3.015712e-10,5.6371385e-10
580000,2.939838e-09,2.436128e-11,1.9844319e-11,4.1164593e-12,3.0266043e-11,1.5126829e-10,1.0516379e-09,6.8499297e-11,2.2259877e-10,4.7352147e-11,2.5019872e-10,5.8113886e-10
590000,2.9874416e-09,2.5835686e-11,4.7399606e-12,8.299565e-13,3.0895692e-11,1.6050414e-10,1.0315745e-09,9.478618e-11,1.8738637e-11,8.38292e-12,2.752994e-10,6.04209e-10
600000,2.972273e-09,2.7699641e-11,5.2495126e-12,1.1297187e-12,3.4722194e-11,1.8228434e-10,1.0617369e-09,1.15116264e-10,2.7468635e-11,1.5146485e-11,2.9613856e-10,6.554984e-10
610000,2.9780702e-09,2.789153e-11,5.191414e-12,7.444433e-13,3.8151968e-11,1.6340262e-10,1.0774825e-09,1.13640736e-10,2.2438676e-11,7.2266884e-12,3.266744e-10,6.0432903e-10
620000,2.993777e-09,3.1546966e-11,1.0042654e-11,1.8140379e-12,4.9879052e-11,1.5669267e-10,1.0893667e-09,1.4681976e-10,1.4001873e-10,2.968777e-11,3.9658415e-10,5.8435773e-10
630000,3.0058946e-09,3.3154254e-11,6.8395185e-12,1.256569e-12,4.500309e-11,1.6443796e-10,1.1089628e-09,1.5992745e-10,8.427224e-11,2.0784199e-11,3.6173714e-10,5.953115e-10
640000,3.036427e-09,3.104523e-11,1.5162182e-11,2.961102e-12,4.0043847e-11,1.8328229e-10,1.1016178e-09,1.4561646e-10,1.8450373e-10,4.054538e-11,3.2931055e-10,6.44041e-10
650000,3.0634562e-09,3.1198617e-11,1.2180964e-11,2.5903403e-12,4.4148248e-11,1.7938408e-10,1.0992277e-09,1.4705395e-10,1.5213099e-10,3.485921e-11,3.435655e-10,6.3366695e-10
660000,3.0991125e-09,2.8844168e-11,1.4684549e-11,3.05367e-12,4.7065043e-11,1.6870343e-10,1.1031793e-09,1.3083798e-10,1.7927218e-10,4.0257634e-11,3.3789138e-10,6.057735e-10
670000,3.1138006e-09,2.8772417e-11,1.14231576e-11,2.396261e-12,4.141902e-11,1.8554476e-10,1.0991483e-09,1.3019065e-10,1.4695373e-10,3.4137002e-11,3.121301e-10,6.413378e-10
680000,3.1490752e-09,2.9257975e-11,5.7124123e-12,1.1515064e-12,4.1639456e-11,1.734753e-10,1.1123485e-09,1.326655e-10,4.135485e-11,1.730863e-11,3.2265277e-10,6.1503186e-10
690000,3.1883507e-09,2.6746915e-11,7.9131875e-12,1.8342838e-12,4.1036813e-11,1.6634462e-10,1.0898493e-09,1.1531245e-10,7.044154e-11,2.4858633e-11,3.207603e-10,5.959778e-10
700000,3.1630756e-09,2.7980972e-11,8.01013e-12,1.6461275e-12,3.813638e-11,1.6940126e-10,1.121335e-09,1.3003941e-10,1.0343303e-10,2.5826527e-11,3.1210193e-10,6.02252e-10
710000,3.1694747e-09,2.9798195e-11,1.6939875e-11,3.7160366e-12,4.4731985e-11,1.8984489e-10,1.1266256e-09,1.446162e-10,1.9863923e-10,4.4113758e-11,3.3240488e-10,6.3996414e-10
720000,3.1908929e-09,3.174947e-11,8.298233e-12,1.6453697e-12,4.6651415e-11,1.8507972e-10,1.1340663e-09,1.5812822e-10,1.0295079e-10,2.5180389e-11,3.5373193e-10,6.2661265e-10
730000,3.239152e-09,3.1696406e-11,1.4066262e-11,2.978351e-12,4.3629347e-11,1.8953293e-10,1.1202654e-09,1.597539e-10,1.7309093e-10,3.8362265e-11,3.4144876e-10,6.4103867e-10
740000,3.2541247e-09,3.3676943e-11,1.6295396e-11,3.4876128e-12,5.7813244e-11,2.0597417e-10,1.1181687e-09,1.715746e-10,1.9817425e-10,4.3172136e-11,3.896357e-10,6.6841566e-10
750000,3.2683822e-09,3.1790227e-11,8.049039e-12,1.5195395e-12,4.317405e-11,2.1078811e-10,1.1303753e-09,1.5944548e-10,1.0059547e-10,2.4220138e-11,3.359111e-10,6.734246e-10
760000,3.2976937e-09,2.9980272e-11,8.1500084e-12,1.6956476e-12,4.3775344e-11,1.9674844e-10,1.1260501e-09,1.466894e-10,1.014974e-10,2.4270629e-11,3.326181e-10,6.3570277e-10
770000,3.3385097e-09,3.9187237e-11,7.954938e-12,1.5578102e-12,5.946249e-11,1.913931e-10,1.1123533e-09,2.0585025e-10,1.009059e-10,2.3971831e-11,4.184343e-10,6.2346195e-10
780000,3.3242842e-09,3.5691974e-11,5.203578e-12,1.0593356e-12,4.927907e-11,1.9517139e-10,1.1545953e-09,1.8420512e-10,1.9780145e-11,1.226682e-11,3.7203518e-10,6.2786654e-10
790000,3.3565013e-09,3.3352262e-11,1.4124122e-11,3.1497329e-12,5.11563e-11,1.9082437e-10,1.1509772e-09,1.7243605e-10,1.73232e-10,3.9111374e-11,3.8926215e-10,6.221704e-10
800000,3.3729757e-09,2.8128198e-11,7.700492e-12,1.4900305e-12,4.8191368e-11,1.8112264e-10,1.1437044e-09,1.3149296e-10,1.0002023e-10,2.3258095e-11,3.358411e-10,5.9326205e-10
810000,3.3486076e-09,2.653873e-11,1.0830794e-11,2.1797028e-12,4.1930737e-11,1.8125687e-10,1.1908998e-09,1.1405173e-10,1.412112e-10,3.0816558e-11,2.9433128e-10,5.807547e-10
820000,3.4029857e-09,2.966893e-11,7.970902e-12,1.5667845e-12,4.337546e-11,1.7840282e-10,1.1574904e-09,1.4470629e-10,1.0047307e-10,2.2983372e-11,3.242653e-10,5.753367e-10
830000,3.413435e-09,2.5998178e-11,4.797258e-12,8.7845833e-13,3.745474e-11,1.8312335e-10,1.1711627e-09,1.0113967e-10,1.6311893e-11,1.0081789e-11,2.8319297e-10,5.8020266e-10
840000,3.4378347e-09,2.2875552e-11,7.545707e-12,1.6644163e-12,3.28488e-11,1.6550417e-10,1.1775919e-09,7.2888875e-11,1.0025107e-10,2.3558544e-11,2.4772304e-10,5.3625926e-10
850000,3.4655674e-09,2.2870286e-11,7.529099e-12,1.4862907e-12,3.0502604e-11,1.7493877e-10,1.1715913e-09,6.952383e-11,9.963494e-11,2.276366e-11,2.378944e-10,5.58523e-10
860000,3.4896617e-09,2.2518837e-11,1.110636e-11,2.10774e-12,3.402448e-11,1.6574526e-10,1.1719425e-09,6.859635e-11,1.4079185e-10,3.0371514e-11,2.4832073e-10,5.3102167e-10
870000,3.5138552e-09,2.5499132e-11,7.419285e-12,1.4597411e-12,4.260058e-11,1.7698495e-10,1.1630835e-09,1.1319957e-10,9.946509e-11,2.2372958e-11,3.1289654e-10,5.554743e-10
880000,3.5432404e-09,2.732704e-11,4.516311e-12,8.743383e-13,4.2454984e-11,1.503795e-10,1.1619571e-09,1.3052223e-10,1.4220248e-11,8.803646e-12,3.186308e-10,4.8429133e-10
890000,3.6016767e-09,2.7180891e-11,7.471267e-12,1.4890306e-12,4.081925e-11,1.4792663e-10,1.1389847e-09,1.3113981e-10,1.0095452e-10,2.2398939e-11,3.1263978e-10,4.7639126e-10
900000,3.5631003e-09,2.5230632e-11,1.8452215e-11,3.685528e-12,4.6898412e-11,1.5574383e-10,1.1746145e-09,1.1240256e-10,2.2046762e-10,4.6356623e-11,3.1557576e-10,4.998133e-10
910000,3.5736731e-09,2.6904564e-11,4.4594723e-12,8.8204585e-13,4.1367375e-11,1.5835581e-10,1.183865e-09,1.3755015e-10,1.3581183e-11,8.290232e-12,3.6045827e-10,4.997517e-10
920000,3.5906622e-09,2.7054541e-11,4.874731e-12,9.063909e-13,4.0229035e-11,1.4729282e-10,1.1892622e-09,1.2953981e-10,1.4530538e-11,7.872732e-12,3.0190048e-10,4.6052975e-10
930000,3.595584e-09,2.6167145e-11,7.286114e-12,1.3095503e-12,4.1548386e-11,1.5543394e-10,1.2105329e-09,1.2985735e-10,9.886523e-11,2.1642061e-11,3.1747335e-10,4.8799825e-10
940000,3.628923e-09,2.6007627e-11,1.0057271e-11,1.9890105e-12,4.438199e-11,1.5057862e-10,1.1889533e-09,1.2960927e-10,1.3945409e-10,2.973137e-11,3.150079e-10,4.71302e-10
950000,3.6525456e-09,2.6264413e-11,4.297551e-12,7.5334357e-13,4.133513e-11,1.4103393e-10,1.1991205e-09,1.2970781e-10,1.2276182e-11,7.1333148e-12,3.0995276e-10,4.3409026e-10
960000,3.6819694e-09,2.812046e-11,1.0157193e-11,2.0759319e-12,4.9196463e-11,1.3952602e-10,1.1913174e-09,1.4608151e-10,1.4015775e-10,3.004666e-11,3.499814e-10,4.271421e-10
970000,3.6980654e-09,2.8152267e-11,7.373658e-12,1.5105188e-12,4.6691536e-11,1.5957215e-10,1.1970581e-09,1.4597726e-10,9.952007e-11,2.1789744e-11,3.276148e-10,4.912583e-10
980000,3.7379384e-09,2.5979496e-11,9.8895735e-12,2.111883e-12,4.3220705e-11,1.4755139e-10,1.183182e-09,1.3018119e-10,1.405817e-10,3.0651356e-11,3.0937905e-10,4.4994705e-10
990000,3.7505337e-09,2.3700713e-11,1.3063253e-11,2.6871769e-12,4.0592203e-11,1.5364231e-10,1.1981331e-09,1.1343584e-10,1.730414e-10,3.6951164e-11,2.9435526e-10,4.6060164e-10
1000000,3.739387e-09,2.222381e-11,4.481682e-12,7.093665e-13,3.108075e-11,1.6491315e-10,1.2175354e-09,9.2858624e-11,1.259314e-11,6.221422e-12,2.437392e-10,4.924415e-10
