mcsteps,xCOM,yCOM,zCOM,il8,il1,il6,il10,tnf,tgf
660000,58,260,0,3.1803957e-09,2.183939e-11,5.8733222e-15,1.9684651e-23,3.70307e-19,6.308452e-11
660000,127,278,0,2.5857079e-09,3.8746697e-12,7.1254815e-11,4.5948103e-11,8.488626e-11,2.8887486e-14
660000,320,86,0,3.5056622e-09,3.3733836e-12,5.870132e-15,1.5732296e-22,8.451946e-23,2.0611338e-10
660000,426,147,0,2.737962e-09,4.9297133e-12,6.963634e-11,9.8606e-13,6.8569994e-14,7.00421e-11
660000,389,77,0,2.6662221e-09,1.2984067e-11,1.0001361e-11,3.366322e-15,4.8073127e-18,1.4837125e-10
660000,76,141,0,2.2799183e-09,1.0060645e-11,9.0902864e-15,1.2126213e-22,2.2941867e-22,1.9959883e-11
660000,126,316,0,3.1335006e-09,2.2281666e-11,6.101349e-23,1.3257996e-34,1.0549652e-15,3.8884746e-12
660000,438,319,0,3.0751033e-09,3.4683853e-11,3.7078483e-18,3.7327745e-29,5.8176907e-16,7.9378996e-11
660000,395,187,0,2.6085754e-09,7.880619e-11,3.107419e-14,1.8722096e-20,2.536296e-10,9.900462e-11
660000,271,255,0,2.7756195e-09,9.086223e-12,8e-45,0.0,2.6547285e-21,6.2986525e-13
660000,383,67,0,2.8523257e-09,1.9207523e-11,4.3958288e-12,3.5130575e-16,3.4324259e-18,3.8004388e-11
660000,137,99,0,2.2073137e-09,3.7597512e-11,4.431238e-15,1.77692e-23,8.527076e-13,5.020011e-11
660000,392,314,0,2.862758e-09,5.293153e-15,1.2709987e-19,1.155334e-34,0.0,3.1021907e-11
660000,73,326,0,2.544455e-09,4.9226487e-13,4.2715698e-23,1.40395e-40,2.6226781e-31,1.6427003e-10
660000,209,54,0,2.34198e-09,7.187995e-11,5.0087436e-18,3.1064174e-30,1.7226038e-11,1.0001781e-10
660000,323,205,0,2.5004805e-09,1.21109355e-11,6.9279714e-15,4.6820428e-23,8.799287e-19,4.791673e-11
660000,94,376,0,2.5530469e-09,1.5357606e-11,6.439182e-15,1.8233337e-23,2.484022e-16,2.01648e-10
660000,394,426,0,2.5982418e-09,2.2803117e-11,5.868371e-19,1.8528477e-32,9.151295e-18,5.8043695e-11
660000,203,425,0,3.7244725e-09,1.3358556e-11,5.8720633e-12,2.5450395e-15,3.387464e-18,2.488009e-11
660000,261,127,0,2.6674252e-09,8.163576e-12,2.0282385e-16,5.4327833e-22,2.456457e-17,4.860762e-11
660000,404,107,0,3.3054997e-09,9.4435215e-12,8.405469e-14,3.2621877e-20,1.0989084e-16,4.1125454e-11
660000,188,196,0,2.1288586e-09,1.9541755e-11,3.6019846e-16,2.7994125e-26,1.0491505e-18,7.5452894e-11
660000,385,429,0,2.9760492e-09,3.5319976e-11,7.5636806e-13,3.875335e-18,1.8081e-13,3.2747225e-11
660000,233,290,0,2.1414766e-09,2.9549174e-18,8.6449675e-29,0.0,0.0,4.3749082e-14
660000,201,360,0,2.6749665e-09,1.6954235e-12,9.9039297e-23,5.17046e-40,4.1176416e-28,2.6831716e-11
660000,349,67,0,2.7641058e-09,2.093238e-11,3.6702263e-11,1.6274987e-12,2.4945302e-13,7.401297e-11
660000,66,315,0,2.466115e-09,4.6515604e-11,1.2782067e-23,8.1293e-39,7.126056e-15,7.126145e-11
660000,205,431,0,3.9792334e-09,2.05824e-11,1.0786887e-11,5.0647924e-15,2.5825416e-15,8.652533e-11
660000,209,220,0,2.9194838e-09,8.320769e-12,2.1000985e-15,1.27575895e-23,4.033636e-17,7.9779475e-11
660000,77,278,0,3.6642516e-09,3.800255e-11,1.9395264e-18,3.2304969e-31,5.607795e-16,3.3965614e-10
660000,108,363,0,2.3471733e-09,1.6752773e-11,2.2314841e-11,1.3902879e-13,1.0551793e-12,1.7451904e-10
660000,91,389,0,2.6761542e-09,1.9181969e-11,1.3529598e-11,1.2276032e-14,8.80252e-17,6.5057654e-11
660000,156,431,0,2.1841677e-09,1.6890496e-11,2.1712161e-17,1.0792967e-27,2.7272743e-20,1.14979554e-10
660000,407,267,0,2.3312872e-09,3.177792e-11,4.7348817e-20,3.5693585e-33,5.579745e-19,3.8862392e-11
660000,268,393,0,2.4268851e-09,2.1770014e-12,1.2696672e-14,4.718998e-22,5.113258e-28,6.8155995e-11
660000,242,397,0,2.6162867e-09,5.0952062e-11,2.1655096e-24,1.63e-43,2.171576e-13,1.0673865e-10
660000,440,84,0,2.5348068e-09,2.1399094e-11,1.1966455e-11,2.7532938e-14,3.2680066e-14,1.6410526e-10
660000,446,77,0,2.450963e-09,1.490844e-11,6.1375787e-12,1.7126252e-15,1.771435e-18,9.7977945e-11
660000,415,128,0,3.369255e-09,1.9079623e-11,1.6483588e-13,8.531378e-19,4.854492e-18,1.7752044e-10
660000,389,155,0,2.609369e-09,3.3915915e-11,2.216656e-11,2.0831472e-13,2.3381281e-11,7.329659e-11
660000,307,424,0,2.732309e-09,2.5850613e-11,1.9682243e-17,3.4593022e-28,3.711821e-18,4.2510016e-11
660000,335,203,0,2.8739997e-09,5.0640146e-14,3.4747406e-13,1.0590478e-18,2.8043437e-23,8.104297e-11
660000,59,186,0,2.5248517e-09,2.7056838e-11,1.6246229e-12,1.06209613e-16,5.3430397e-20,6.915751e-11
660000,53,272,0,2.5288662e-09,4.1198833e-11,6.317698e-13,4.5008336e-18,4.41537e-16,4.967765e-11
660000,309,73,0,2.426827e-09,8.44235e-12,3.7496733e-12,2.7728593e-15,1.2591293e-17,1.5848386e-10
660000,188,399,0,2.2136781e-09,4.4503663e-12,9.120916e-13,1.3587559e-17,2.7106852e-21,4.2296694e-11
660000,378,108,0,2.3700493e-09,2.0487052e-12,1.12267644e-13,4.5918455e-19,4.1745942e-23,3.3693465e-11
660000,377,253,0,2.9422031e-09,2.035005e-11,1.5116018e-18,7.0806496e-32,4.4334087e-14,2.43235e-11
660000,168,209,0,2.330855e-09,3.3617204e-12,1.628169e-38,0.0,2.360097e-25,8.941839e-12
660000,66,90,0,2.4511375e-09,5.1172407e-11,1.3936182e-13,2.5423456e-19,3.0946304e-10,9.5962606e-11
660000,396,334,0,2.7335694e-09,3.6051807e-11,1.6792665e-14,3.5093174e-21,1.41356916e-14,1.4482799e-12
660000,189,249,0,3.411146e-09,2.1527261e-11,9.305371e-31,0.0,6.437427e-16,3.1297073e-11
660000,279,428,0,2.1959834e-09,4.0488307e-11,3.3541594e-13,3.925447e-19,2.5710853e-17,9.171842e-11
660000,346,344,0,2.5604123e-09,9.173854e-12,1.40938e-21,8.498552e-38,5.0131174e-22,8.883298e-12
660000,432,130,0,2.5587752e-09,2.4161322e-11,5.151215e-19,8.485862e-32,2.190767e-19,6.8155134e-11
660000,442,274,0,2.1659012e-09,5.726015e-12,1.7956925e-12,6.1128025e-17,1.5042523e-20,4.7724182e-11
660000,438,54,0,2.289308e-09,7.7957e-11,6.056074e-12,1.1193367e-15,1.2566148e-13,1.6755876e-10
660000,299,337,0,4.3851434e-09,6.1005446e-16,5.3040656e-24,1.5099e-41,0.0,3.64095e-12
660000,341,111,0,3.7749674e-09,1.4172027e-12,1.0934904e-24,1.57e-43,6.956632e-27,5.677079e-12
660000,138,267,0,3.0000835e-09,1.4403409e-13,5.4564235e-19,5.4272354e-33,1.2362887e-36,3.9302288e-14
660000,200,246,0,3.998723e-09,1.720778e-11,1.2290423e-33,0.0,8.797153e-14,1.3313804e-11
660000,292,108,0,2.6583775e-09,7.717587e-12,2.8757251e-15,3.873116e-22,6.876257e-19,3.5194663e-11
660000,246,93,0,2.0656628e-09,4.919152e-12,1.9945847e-14,4.747223e-22,2.7543961e-21,1.5691193e-10
660000,296,339,0,4.1152384e-09,8.779076e-17,1.1766503e-25,5.3e-44,0.0,7.873881e-13
660000,194,71,0,2.526439e-09,2.3581198e-11,2.104191e-13,1.4411581e-18,6.3691385e-15,6.886054e-11
660000,64,195,0,3.1330973e-09,4.467868e-11,7.448002e-15,2.9034577e-22,8.808304e-16,1.00714485e-10
660000,52,71,0,2.1448718e-09,1.0961635e-11,3.6624398e-11,1.4403439e-13,3.1693055e-15,8.9825765e-11
660000,402,128,0,2.6642895e-09,7.535918e-12,1.4742332e-14,1.9611077e-21,6.228333e-23,1.9904503e-10
660000,355,401,0,2.1168443e-09,2.2833032e-11,5.6000247e-17,5.8792517e-27,5.451316e-20,5.5229918e-11
660000,439,427,0,2.998004e-09,4.209063e-11,1.3967776e-14,1.0037728e-21,2.9992132e-16,1.2462704e-10
660000,442,258,0,2.4837858e-09,2.020633e-11,3.037511e-16,1.1857871e-25,6.610241e-17,2.1259998e-10
660000,389,397,0,2.2026378e-09,2.3919224e-11,7.567795e-18,1.2424865e-28,4.6342773e-18,1.5215415e-10
660000,244,242,0,2.1591824e-09,1.16856715e-17,2.1603052e-18,2.436172e-28,7.3146836e-36,2.6388223e-13
660000,71,411,0,2.3044708e-09,2.718786e-11,7.430945e-12,1.0749593e-14,6.6637657e-15,1.9496081e-10
660000,307,376,0,2.6074942e-09,5.2770423e-12,7.0000196e-15,6.5079466e-23,7.171962e-24,1.3032142e-11
660000,305,254,0,2.3730768e-09,7.4045197e-13,0.0,0.0,3.3745332e-30,7.2233354e-13
660000,245,440,0,2.3922186e-09,2.2092423e-12,3.1571154e-12,2.9936066e-16,1.0530017e-19,4.2437186e-11
660000,112,181,0,2.1594495e-09,5.952865e-11,1.3235216e-24,4.473e-42,2.435065e-13,5.6757593e-12
660000,162,315,0,2.7179436e-09,2.5711688e-11,6.321325e-17,2.1551344e-26,1.3197243e-11,1.4141638e-12
660000,354,278,0,3.0534046e-09,7.233648e-14,1.1682567e-16,7.1012735e-26,3.6337675e-33,5.7392142e-12
660000,383,172,0,3.182335e-09,3.1484367e-11,5.024083e-13,1.1652184e-18,5.0887083e-14,3.6995424e-11
660000,89,263,0,2.8977105e-09,6.507328e-11,4.4471854e-13,1.866742e-18,1.9996414e-11,6.0308654e-11
660000,444,99,0,2.1659257e-09,7.935425e-11,4.8623615e-14,4.3556585e-21,3.4535932e-10,9.015223e-11
660000,89,276,0,3.508488e-09,1.4984557e-11,7.209915e-14,4.843824e-20,1.6160542e-14,4.6167813e-12
660000,293,246,0,2.6526297e-09,2.774949e-11,0.0,0.0,9.851639e-13,1.6419949e-12
660000,207,334,0,2.6471765e-09,6.7806372e-12,1.985004e-21,2.5630188e-37,2.9267817e-22,3.703203e-13
660000,280,212,0,2.711598e-09,1.0262835e-11,0.0,0.0,1.1576931e-17,6.994358e-12
660000,313,59,0,2.3366988e-09,2.0095961e-11,1.8826885e-16,7.060288e-26,7.0725307e-19,7.784288e-11
660000,238,137,0,2.471417e-09,6.78781e-19,7.1516126e-12,8.838338e-15,3.7222535e-17,2.9663368e-12
660000,285,176,0,2.3057447e-09,3.960277e-12,3.145555e-23,2.95339e-40,1.2619581e-22,9.413876e-11
660000,132,197,0,2.62262e-09,5.1087922e-11,8.24931e-31,0.0,9.851653e-13,8.4754564e-11
660000,230,143,0,2.5296993e-09,8.727879e-18,1.2831813e-15,9.248422e-25,4.148067e-32,1.5492899e-11
660000,252,297,0,2.269469e-09,1.250078e-12,1.2451733e-24,7.39378e-40,2.934065e-29,9.9311184e-11
660000,337,257,0,4.8337085e-09,5.963678e-14,5.6469523e-25,1.668e-42,2.393475e-39,1.9702942e-11
660000,398,306,0,2.8835898e-09,1.245368e-12,2.4188683e-28,0.0,3.599004e-27,9.911051e-12
660000,429,420,0,2.8191227e-09,2.7365497e-11,1.2565025e-13,2.6943741e-20,8.578001e-16,1.6200685e-10
660000,71,218,0,2.5566065e-09,7.561187e-11,1.07942355e-13,1.5451033e-19,7.3094655e-13,8.385947e-11
660000,168,403,0,2.159029e-09,2.8621171e-11,4.6648948e-21,1.430085e-36,4.2560386e-15,9.013663e-12
660000,287,315,0,3.3307201e-09,7.731467e-12,1.8571909e-26,0.0,4.876195e-18,8.5918855e-11
660000,259,282,0,2.3168443e-09,2.946229e-13,1.4398827e-25,3e-45,2.173971e-31,7.0214e-18
660000,252,173,0,2.2355953e-09,7.751138e-12,2.8280074e-36,0.0,2.4728267e-18,1.2842459e-11
660000,238,428,0,2.9303047e-09,4.1714517e-11,3.552191e-18,6.0484385e-31,1.541338e-14,2.1176624e-10
660000,229,430,0,2.937177e-09,3.3658527e-11,5.095052e-15,3.584976e-23,4.8225177e-14,1.1226185e-10
660000,255,271,0,2.2811841e-09,5.1177057e-12,2.245735e-37,0.0,8.9431776e-20,1.7894205e-16
660000,222,130,0,2.9156677e-09,3.3444445e-12,1.4733871e-22,2.7558284e-36,3.6437182e-23,1.9761325e-11
660000,289,209,0,2.5119575e-09,3.5789993e-12,2.5e-43,0.0,8.753135e-24,4.5573424e-11
660000,86,240,0,2.479368e-09,5.224656e-11,1.2158612e-13,3.075622e-20,2.6576227e-13,3.2528008e-11
660000,223,352,0,2.9941818e-09,1.5877253e-11,1.1380187e-12,1.043833e-17,3.2811842e-18,3.923924e-11
660000,210,268,0,2.3651863e-09,2.3273477e-12,1.326218e-39,0.0,3.8561897e-26,9.384701e-13
660000,345,144,0,2.3125577e-09,5.120317e-11,1.1937944e-23,2.99071e-40,1.3496217e-11,2.6122116e-10
660000,415,172,0,2.3988775e-09,3.2150322e-12,4.1977547e-17,1.685897e-26,1.1065182e-26,1.6596448e-11
660000,428,370,0,2.4860667e-09,4.840186e-11,1.3126581e-12,2.8481493e-17,9.402674e-13,1.247881e-11
660000,396,193,0,2.5045028e-09,5.564197e-11,1.5304186e-16,2.4759495e-27,3.1596235e-15,8.2426496e-11
660000,413,337,0,3.4624539e-09,4.254007e-11,5.252157e-13,1.8389304e-18,1.1322021e-12,2.1760649e-11
660000,365,266,0,2.7915865e-09,3.726874e-13,7.393633e-22,6.772585e-36,1.3250919e-28,9.315563e-12
660000,335,335,0,3.1734255e-09,1.756572e-11,1.794763e-23,5.7093e-41,8.4761266e-15,1.2877497e-11
660000,330,184,0,2.455623e-09,1.259331e-12,6.537059e-15,3.646742e-20,1.2160661e-23,7.245299e-11
660000,434,75,0,2.428971e-09,3.9867432e-11,5.098954e-13,1.1655255e-18,4.3872393e-14,1.3225561e-10
660000,403,150,0,2.8710903e-09,2.083038e-11,1.1587246e-18,1.3162637e-31,1.341109e-17,4.0258286e-11
660000,355,213,0,2.5340738e-09,4.9943007e-14,2.998621e-14,1.6514797e-21,1.3038104e-27,2.2701584e-11
660000,446,196,0,2.1100321e-09,3.300434e-11,4.3659466e-13,1.05677195e-17,9.536134e-19,2.1561707e-10
660000,150,282,0,2.351699e-09,2.6055514e-11,9.252257e-24,2.12343e-40,6.3673448e-18,1.5738941e-11
660000,323,291,0,3.3674168e-09,1.922505e-11,2.4204239e-23,1.412309e-35,7.651812e-14,1.7596086e-12
660000,63,445,0,2.1429811e-09,2.4339293e-11,1.863149e-11,1.08296733e-13,1.7285743e-15,1.5267825e-10
660000,369,298,0,2.2437865e-09,1.6343158e-11,1.4410395e-15,6.9816626e-25,3.7709183e-18,5.4348587e-12
660000,223,266,0,2.2047806e-09,4.1165793e-13,0.0,0.0,9.370052e-33,1.052437e-14
660000,444,434,0,2.8966773e-09,7.681287e-11,3.778766e-12,4.1252082e-16,2.606905e-10,2.0303921e-10
660000,402,404,0,2.591792e-09,4.7803293e-11,3.058988e-14,2.4786236e-20,3.098554e-10,4.930899e-11
660000,387,86,0,2.5661357e-09,3.881141e-11,2.9288104e-12,2.1461777e-16,3.6542285e-15,1.6978356e-10
660000,324,310,0,3.418438e-09,1.9184772e-11,1.959222e-13,2.1727398e-18,2.1043677e-12,1.24044846e-11
660000,211,222,0,2.963083e-09,7.046968e-12,2.7335136e-13,9.127967e-19,8.113591e-18,4.5911882e-11
660000,181,222,0,3.4139904e-09,4.3112662e-13,2.94029e-40,0.0,5.737063e-36,3.8164703e-13
660000,258,327,0,2.1730866e-09,8.6874e-12,7.756485e-39,0.0,2.7156152e-20,1.4634323e-11
660000,326,316,0,3.1535459e-09,1.0207135e-11,5.8447096e-20,1.4992797e-30,5.670459e-16,5.033149e-13
660000,236,433,0,3.0581768e-09,3.7747236e-11,2.8084638e-17,5.6004474e-24,2.2229961e-14,1.5259109e-10
660000,111,290,0,2.6682831e-09,9.3634935e-12,2.6769574e-20,1.1130442e-32,6.108577e-16,3.3528593e-11
660000,313,431,0,3.0490535e-09,1.0167824e-10,4.150385e-14,3.1905727e-21,3.0954867e-11,7.350554e-11
660000,299,294,0,2.6754867e-09,3.0761282e-11,9.33594e-28,0.0,3.0765785e-15,2.0066332e-13
660000,123,315,0,3.125924e-09,2.6423455e-11,1.385224e-19,2.9777698e-27,1.2038313e-12,2.3043982e-12
660000,193,333,0,3.1850056e-09,7.722327e-13,3.7068538e-32,0.0,2.3846124e-30,2.6642192e-11
660000,152,89,0,2.2890758e-09,2.8225738e-11,2.1280202e-12,7.620424e-17,2.8864693e-12,3.811635e-11
660000,198,176,0,2.4360536e-09,1.9968869e-11,9.392964e-15,2.7166464e-22,2.248059e-16,2.4432433e-12
660000,327,279,0,3.400149e-09,2.2404594e-11,3.048686e-17,1.059653e-26,1.5326101e-12,3.270569e-13
660000,64,142,0,2.2422233e-09,4.8776212e-11,4.446746e-11,5.134254e-12,1.2370822e-12,4.3041716e-11
660000,315,110,0,2.8902012e-09,1.551622e-11,1.6160201e-26,0.0,2.0052329e-17,5.6656367e-11
660000,350,366,0,2.3810776e-09,1.3538295e-11,3.921968e-23,1.86596e-40,3.7733647e-18,6.959299e-11
660000,323,306,0,3.3420418e-09,1.186041e-11,9.536336e-11,2.803495e-12,5.3318775e-13,2.7342498e-11
660000,417,128,0,3.3467162e-09,1.2734251e-11,1.648389e-13,8.531378e-19,2.8452125e-21,2.7988392e-10
660000,154,117,0,2.26625e-09,5.5448614e-12,5.228021e-13,2.7660252e-18,1.3726874e-22,1.7086749e-10
660000,444,151,0,2.3123428e-09,2.3099878e-11,3.494726e-13,7.0721285e-19,4.4946288e-17,7.647434e-11
660000,186,417,0,2.67914e-09,9.1671636e-12,1.5844717e-12,1.3269093e-16,6.2035646e-19,4.8000623e-12
660000,192,245,0,4.16986e-09,1.7845671e-11,4.2347625e-36,0.0,9.4102094e-14,4.7035494e-11
660000,73,66,0,2.4591569e-09,5.7799335e-11,3.372556e-15,7.3206395e-24,2.1236725e-14,2.2422329e-10
660000,215,351,0,2.7734408e-09,4.4289056e-12,3.9273237e-11,7.4399975e-13,2.986065e-14,1.340426e-10
660000,267,216,0,2.706872e-09,5.54684e-13,3.5130223e-35,0.0,6.9782364e-29,5.6542363e-13
660000,114,90,0,2.6114422e-09,2.7327779e-11,1.3127162e-14,9.566807e-22,3.3953045e-14,9.9030575e-11
660000,204,429,0,4.1139083e-09,1.8840597e-11,1.5511434e-11,2.4777657e-14,1.7748339e-16,5.682044e-11
660000,365,141,0,2.4210256e-09,2.0609263e-12,1.4695136e-12,3.996057e-17,4.5522944e-21,1.840404e-11
660000,128,63,0,3.1654326e-09,5.6727848e-11,3.1698266e-11,1.7940033e-12,3.0964304e-13,5.3846032e-11
660000,403,144,0,2.8468807e-09,6.642912e-12,4.903671e-17,2.111603e-26,1.5554937e-26,7.139944e-11
660000,412,214,0,2.163425e-09,2.042853e-11,3.9898797e-13,6.0271244e-19,7.773516e-13,8.296145e-11
660000,309,193,0,2.2931623e-09,3.745416e-13,1.9221835e-31,0.0,4.8497888e-32,2.264837e-12
660000,275,220,0,2.7364826e-09,1.5127354e-12,9.6922e-41,0.0,6.399225e-29,1.9605931e-12
660000,263,196,0,2.5435494e-09,4.6608004e-12,0.0,0.0,8.601451e-24,7.929999e-11
660000,145,311,0,2.78798e-09,6.199409e-11,1.1161458e-15,1.3188836e-23,3.060096e-12,4.1178817e-11
660000,392,111,0,2.881576e-09,5.13353e-14,3.3586064e-12,3.6618116e-16,1.3604725e-19,5.9900564e-11
660000,243,62,0,2.057411e-09,1.9740442e-12,1.1990109e-16,3.0708903e-27,4.3391627e-26,8.473462e-11
660000,296,390,0,2.5719176e-09,1.6491824e-11,7.424984e-18,1.2728287e-29,6.708014e-18,3.2038323e-11
660000,220,335,0,2.6708915e-09,3.8037913e-11,1.0010904e-17,2.7005368e-28,1.6714368e-11,3.6695824e-12
660000,84,372,0,2.3888567e-09,5.6636206e-12,3.624568e-15,1.09058545e-23,8.1736615e-25,1.0668851e-10
660000,76,60,0,2.436351e-09,4.897663e-11,9.980392e-13,5.0008293e-17,1.4095978e-13,1.4222315e-10
660000,375,312,0,2.3144e-09,3.303505e-12,4.4104045e-16,1.6103265e-25,5.313498e-23,2.6102825e-11
660000,169,241,0,2.321936e-09,3.0539647e-11,6.0190152e-30,0.0,1.0312158e-11,1.8137873e-11
660000,395,101,0,3.054267e-09,1.0827812e-11,3.136617e-14,8.345882e-22,1.433734e-20,4.164664e-11
660000,369,385,0,2.5067137e-09,4.7486595e-11,1.1680885e-13,2.798354e-19,3.9847337e-14,7.37771e-11
660000,287,324,0,4.13446e-09,2.201672e-14,3.6951791e-34,0.0,1.7309417e-35,2.2612466e-11
660000,295,316,0,3.4138226e-09,5.6460636e-13,3.5411587e-33,0.0,1.0969709e-31,4.889066e-11
660000,286,268,0,2.5557618e-09,6.9338845e-17,2.1211269e-35,0.0,0.0,9.49487e-16
660000,342,261,0,3.5589287e-09,3.4687806e-12,4.3161012e-21,3.6216795e-34,1.4061441e-23,1.0074374e-12
660000,114,391,0,2.6598876e-09,2.8549114e-11,8.1178805e-12,6.1904526e-15,1.670735e-11,1.16260515e-10
660000,266,179,0,2.4474514e-09,1.3133077e-11,2.7112e-41,0.0,2.162044e-20,5.010433e-12
660000,197,326,0,3.2846756e-09,2.8990259e-12,1.0594692e-31,0.0,6.4698455e-24,9.296883e-13
660000,226,321,0,2.6032814e-09,6.219056e-13,5.1362585e-20,1.3723193e-32,8.862004e-31,4.8145224e-11
660000,321,116,0,2.7269536e-09,6.6644914e-12,1.0025603e-27,0.0,1.8392983e-21,4.957191e-11
660000,436,369,0,2.6359448e-09,8.954578e-11,1.9490064e-13,4.678974e-19,3.69058e-15,1.12096485e-10
660000,184,328,0,2.8739795e-09,6.244499e-14,2.6221744e-23,2.66035e-40,2.9773998e-35,1.1064031e-13
660000,100,332,0,2.3782798e-09,3.3823777e-12,2.986949e-14,1.2006591e-21,4.8278824e-23,8.8417995e-11
660000,195,318,0,2.7635705e-09,3.215575e-14,2.0399762e-25,2.97e-43,4.67735e-40,2.200049e-12
660000,310,292,0,3.0278244e-09,4.59615e-12,1.6203454e-28,0.0,3.2941486e-22,2.0440849e-11
660000,155,446,0,2.2354558e-09,9.930093e-11,4.6389525e-14,5.571759e-21,4.136932e-11,1.5336245e-10
660000,354,113,0,2.7892209e-09,3.8075102e-11,4.1814388e-32,0.0,2.375042e-10,4.8651395e-12
660000,319,287,0,3.3884069e-09,2.7349546e-12,3.7219074e-25,7.67e-43,6.7253036e-26,2.5142137e-11
660000,280,119,0,2.3711197e-09,3.951161e-12,3.4391318e-25,1e-45,1.4013666e-26,4.459859e-12
660000,389,139,0,2.4722115e-09,2.6325195e-11,2.8020188e-12,6.8770907e-16,3.0661153e-15,3.1481873e-11
660000,230,204,0,2.1045452e-09,7.9839266e-13,1.0036735e-27,0.0,5.687136e-29,1.1363941e-11
660000,136,74,0,3.0304743e-09,3.843853e-11,2.7808998e-14,4.6193963e-22,7.2265065e-15,4.660703e-10
660000,383,52,0,2.429792e-09,5.5725386e-11,1.5543287e-11,7.5426746e-14,5.692951e-14,6.818851e-11
660000,331,234,0,3.8033736e-09,4.4018202e-11,3.443459e-25,7.208e-42,2.4527498e-12,4.6048103e-11
660000,366,365,0,2.3119722e-09,1.1934612e-11,1.3096949e-16,1.005038e-27,5.509138e-19,1.4978076e-11
660000,390,344,0,2.997177e-09,3.9360716e-11,3.2409155e-11,3.4531205e-13,2.278008e-14,2.1005605e-11
660000,118,326,0,2.5143245e-09,1.42311675e-11,2.0048308e-14,6.3689825e-21,1.9643272e-16,5.822517e-11
660000,331,445,0,2.0962472e-09,4.9579254e-11,1.797593e-11,2.118631e-14,1.828479e-16,1.4530147e-10
660000,112,414,0,2.3246638e-09,4.162118e-11,3.593505e-13,6.478836e-19,7.0613513e-13,1.8147946e-10
660000,337,254,0,4.107011e-09,8.480099e-15,1.7363451e-26,0.0,3e-45,3.3126137e-11
660000,225,357,0,2.7872975e-09,1.5626006e-11,3.8626075e-11,8.1412204e-13,3.4444344e-14,4.095053e-11
660000,292,102,0,2.7289295e-09,1.14546254e-11,1.7641649e-11,3.514166e-14,9.952434e-16,2.3775029e-11
660000,355,76,0,2.6535272e-09,2.9981566e-11,4.9550523e-11,6.954279e-13,6.1951854e-14,5.1818563e-11
660000,54,431,0,2.2471955e-09,4.4662184e-11,4.723719e-14,2.7598239e-21,6.1202323e-15,2.3635277e-10
660000,55,89,0,2.4409532e-09,4.0607323e-11,1.10742316e-14,1.5826442e-20,1.862705e-18,2.231131e-10
660000,208,367,0,2.5936717e-09,1.7176498e-11,7.589164e-23,3.90919e-40,3.9015824e-15,2.920404e-11
660000,107,96,0,2.5760238e-09,1.4453626e-11,4.256779e-13,6.917551e-19,4.493954e-18,7.350921e-11
660000,439,376,0,2.4748048e-09,3.0754895e-11,6.597505e-13,5.052375e-18,2.0293899e-11,1.850972e-10
660000,193,55,0,2.272874e-09,5.545197e-11,3.408768e-18,2.832264e-30,3.2215398e-13,6.4692085e-11
660000,250,216,0,2.2835385e-09,1.8264572e-11,3.5719743e-21,3.9949018e-35,3.830329e-11,8.797282e-11
660000,335,273,0,2.8674767e-09,3.3003858e-12,2.7716465e-14,8.880396e-22,1.0394088e-24,3.1132694e-11
660000,316,298,0,3.1978622e-09,3.0474347e-12,4.1387502e-18,2.7721485e-27,9.544973e-26,6.425398e-12
660000,331,365,0,2.7548532e-09,2.0717641e-11,2.3409681e-23,1.818258e-39,4.8225177e-14,1.4236735e-11
660000,57,220,0,2.6897695e-09,1.5272336e-10,7.527195e-12,1.14378865e-14,1.13953265e-11,1.3973633e-10
660000,181,414,0,2.630785e-09,1.4995406e-11,1.9252024e-12,5.327779e-17,2.3663995e-18,4.922447e-12
660000,161,126,0,2.3473328e-09,2.6729422e-11,6.886183e-18,6.3461965e-30,2.8924274e-12,1.05192716e-10
660000,203,419,0,3.0452116e-09,9.2192035e-12,6.36408e-14,3.555519e-21,8.0882557e-22,4.723137e-11
660000,357,181,0,2.420613e-09,1.1155474e-11,8.720456e-30,0.0,7.0128016e-19,1.2633851e-12
660000,362,201,0,2.644912e-09,1.2541297e-11,4.0365803e-22,2.394923e-37,4.952547e-15,1.4657e-11
660000,207,141,0,2.167515e-09,3.917317e-13,2.2296966e-21,8.916791e-37,7.0233972e-31,5.8301263e-12
660000,112,271,0,2.655857e-09,2.4243246e-13,2.258521e-19,1.979648e-33,9.189001e-36,1.6984442e-13
660000,406,408,0,2.5754314e-09,5.4459024e-11,3.3310873e-13,5.952467e-19,9.81962e-15,2.2779988e-11
660000,72,250,0,2.5956692e-09,2.3424044e-11,8.759906e-11,5.649353e-12,8.3859357e-13,2.1348234e-10
660000,148,262,0,2.6722782e-09,9.461352e-12,2.0053972e-26,0.0,3.0625504e-21,1.45849e-11
660000,118,124,0,2.3321824e-09,7.4244815e-13,2.1226112e-19,6.6750217e-34,4.632897e-31,8.842227e-12
660000,142,199,0,2.7678015e-09,3.4842882e-11,4.176545e-30,0.0,1.0665727e-13,3.91729e-11
660000,172,134,0,2.2270379e-09,4.9548674e-11,9.980392e-13,5.0008293e-17,2.0294039e-11,1.3646199e-12
660000,444,440,0,2.6170737e-09,7.033403e-11,1.1577799e-11,1.9969642e-14,1.0497977e-15,3.0644373e-10
660000,103,244,0,2.8073819e-09,1.2818231e-11,2.7443023e-21,1.0724335e-36,4.4249838e-17,5.5160616e-12
660000,127,379,0,2.4079767e-09,1.3611899e-11,1.4191399e-13,4.1710456e-20,1.4556656e-18,6.2834675e-11
660000,195,246,0,4.488857e-09,1.27198556e-11,2.3566363e-37,0.0,1.3077603e-19,1.8556656e-11
660000,60,203,0,2.6585962e-09,5.13071e-11,2.370919e-13,2.77657e-19,1.0908012e-15,9.2269165e-11
660000,218,436,0,2.8999647e-09,6.2448435e-11,1.0533623e-12,1.0942294e-17,4.3115446e-13,1.5605803e-10
660000,291,129,0,2.6669094e-09,1.6749697e-11,2.6099201e-14,1.0133198e-20,1.6459167e-18,3.941597e-11
660000,342,417,0,2.1338704e-09,1.3850331e-11,6.157524e-11,1.9817347e-11,1.2143425e-11,7.2856596e-11
660000,268,359,0,2.312568e-09,5.649644e-12,8.668128e-15,1.5680023e-21,3.3537578e-19,4.7208804e-12
660000,91,250,0,2.967632e-09,3.8538436e-11,4.7592014e-13,7.7372655e-18,1.0258405e-15,4.5238095e-11
660000,404,352,0,2.8129474e-09,2.1404283e-11,1.2281499e-14,1.1072302e-21,4.46992e-16,8.8408135e-11
660000,296,281,0,2.484983e-09,1.7708618e-12,8.776647e-32,0.0,9.519821e-27,4.682508e-15
660000,310,434,0,3.10396e-09,9.0624154e-11,2.9995324e-14,5.7357657e-21,7.3087955e-13,5.2031903e-11
660000,416,352,0,2.5846763e-09,4.166794e-12,5.6707573e-11,3.726682e-12,5.0591524e-13,6.774877e-11
660000,413,427,0,2.2394955e-09,5.969794e-11,2.45874e-21,3.7481844e-38,3.8385548e-16,5.921535e-11
660000,75,333,0,2.4283506e-09,7.5934804e-16,6.3644034e-26,0.0,0.0,7.947781e-11
660000,256,231,0,2.3429112e-09,1.1142546e-12,2.9632505e-19,6.396987e-30,1.5253737e-27,2.5690443e-11
660000,145,354,0,2.2220776e-09,1.6771926e-11,5.9560985e-14,4.8554214e-21,3.9015824e-15,5.3912062e-11
660000,223,161,0,2.7271885e-09,5.4056195e-13,1.6135656e-15,5.200418e-23,9.088479e-29,1.8448639e-12
660000,382,283,0,2.7850373e-09,3.3767048e-11,2.437934e-19,3.0163338e-32,1.0511325e-17,2.2690615e-13
660000,366,124,0,2.3957474e-09,1.3326521e-11,1.7073733e-23,1.358311e-39,4.0513007e-18,5.8161215e-11
660000,373,262,0,2.8846872e-09,8.344636e-12,1.3393364e-16,1.1510603e-26,2.7294965e-19,3.9707255e-11
660000,440,176,0,2.5032134e-09,8.5951125e-12,3.936136e-12,6.922552e-16,4.8918965e-19,4.303843e-11
660000,298,201,0,2.356137e-09,2.1984332e-14,1.5100731e-36,0.0,1.719458e-35,3.6849728e-11
660000,394,171,0,2.6369298e-09,2.0189319e-11,2.8133257e-12,6.303326e-16,8.7706e-19,6.111245e-11
660000,242,390,0,2.5039137e-09,4.660135e-11,2.037481e-19,1.2921156e-33,2.6433126e-17,9.843359e-11
660000,95,408,0,2.5057472e-09,3.2631592e-11,8.437186e-12,2.7985986e-14,4.6321216e-14,2.6335586e-10
660000,350,259,0,2.954093e-09,6.5770864e-13,2.6177326e-22,3.0720932e-38,2.1513337e-30,1.3511355e-11
660000,414,307,0,3.4660115e-09,1.479575e-11,9.300459e-18,1.2995116e-28,1.6074954e-15,7.3151346e-11
660000,304,336,0,3.4729841e-09,3.679342e-14,1.21769436e-20,2.4670208e-35,6.270994e-38,1.5861727e-12
660000,422,329,0,3.219014e-09,2.2526493e-11,4.058056e-16,3.801028e-25,3.634869e-16,5.864259e-11
660000,211,434,0,3.329685e-09,3.139932e-11,9.091586e-12,6.50595e-15,1.7735582e-16,1.8355246e-10
660000,302,89,0,2.6871874e-09,2.8979655e-11,9.043452e-22,8.204061e-37,1.7727474e-11,6.781066e-11
660000,97,161,0,2.0957733e-09,3.593511e-11,2.8348105e-15,2.7604819e-24,5.2342028e-14,7.0108204e-11
660000,275,175,0,2.4890816e-09,1.8899573e-11,2.1638816e-30,0.0,6.5999277e-16,9.892167e-11
660000,285,302,0,2.8869513e-09,4.4352464e-12,9.5379913e-17,1.0427851e-26,5.371424e-22,3.7941903e-11
660000,58,284,0,2.3607212e-09,7.918026e-11,1.2046271e-17,4.241744e-30,3.151054e-10,6.6613985e-11
660000,151,54,0,2.1289577e-09,2.4835231e-11,4.5029293e-12,5.045077e-16,1.1631904e-17,1.4001249e-10
660000,355,192,0,2.5130964e-09,1.1300978e-11,1.2039905e-25,1.4933726e-37,4.4931173e-18,5.2060765e-11
660000,419,109,0,2.4138496e-09,7.46552e-12,1.9242554e-11,1.2397529e-13,2.1278912e-15,2.0350286e-11
660000,218,421,0,2.6715552e-09,2.6692185e-11,6.8004643e-12,6.642222e-15,1.9799317e-15,1.3174276e-10
660000,267,256,0,2.7441118e-09,1.6914128e-11,7e-45,0.0,3.0561184e-17,4.579844e-14
660000,356,276,0,3.1037104e-09,6.8454126e-14,1.4691722e-18,2.2893036e-30,3.234375e-39,2.4467015e-12
660000,278,382,0,2.3166307e-09,1.2728854e-11,1.9032892e-18,9.190992e-32,5.4366477e-19,8.604078e-11
660000,79,275,0,3.9681063e-09,3.5460947e-11,7.936934e-18,6.582873e-29,2.3201506e-14,5.784658e-11
660000,251,402,0,2.489535e-09,3.7487777e-11,2.7161465e-21,6.667335e-35,3.962601e-15,8.401566e-11
660000,244,309,0,2.2358073e-09,5.6976115e-11,1.3717771e-28,0.0,1.8519013e-14,2.2211342e-14
660000,353,63,0,2.683622e-09,1.1211951e-11,1.5977957e-11,9.316851e-14,1.3867545e-15,1.562471e-10
660000,160,296,0,2.3424502e-09,2.4502655e-11,3.1220865e-23,1.738727e-39,1.3691037e-11,9.959413e-13
660000,401,116,0,2.9584568e-09,2.4486912e-12,6.00299e-11,4.1763728e-11,8.871915e-11,1.5980989e-11
660000,178,102,0,2.5785043e-09,1.1172154e-14,4.633757e-16,3.6349453e-25,9.009276e-32,2.9499254e-11
660000,435,255,0,2.449587e-09,1.5287776e-11,3.4079005e-12,2.0271565e-15,8.332627e-18,2.1407001e-10
660000,118,286,0,2.77201e-09,3.635428e-12,2.4575873e-15,1.5360927e-24,3.804293e-22,7.5353395e-12
660000,296,336,0,4.502965e-09,5.0308906e-17,4.8909727e-27,0.0,0.0,5.990576e-12
660000,236,171,0,2.2648858e-09,6.201509e-16,3.6317267e-29,0.0,0.0,1.24439035e-11
660000,100,257,0,3.2215484e-09,2.9388266e-11,7.4882754e-20,2.8884716e-33,9.3450655e-15,1.9683983e-12
660000,123,431,0,2.148287e-09,9.315911e-12,1.374796e-11,3.3550863e-14,3.2954566e-16,2.9299473e-11
660000,99,253,0,3.3472234e-09,2.0128578e-11,3.4265128e-18,3.7280775e-30,1.855667e-18,2.122164e-12
660000,141,447,0,2.1855762e-09,9.0625445e-11,6.8083275e-11,4.533823e-12,7.601725e-13,1.4724828e-10
660000,77,210,0,2.7426328e-09,4.9179105e-11,1.8023402e-12,1.1010513e-16,7.5867543e-17,6.716188e-11
660000,325,257,0,2.7245342e-09,6.6628387e-12,5.806727e-31,0.0,1.8785188e-20,1.6859595e-12
660000,378,59,0,2.7170017e-09,1.9444706e-11,3.659843e-15,7.343536e-24,1.5681934e-16,1.1041145e-10
660000,265,128,0,2.6960092e-09,2.5191946e-11,5.128062e-21,3.7513836e-31,2.8862618e-12,1.2652165e-10
660000,445,242,0,2.1823914e-09,1.8356114e-11,8.3679195e-13,5.047445e-18,1.2404616e-18,2.5189344e-11
660000,434,420,0,2.9986482e-09,1.1305418e-11,2.7117354e-12,2.968868e-16,4.876353e-19,1.7418057e-10
660000,397,284,0,2.6330627e-09,3.3660005e-11,7.198339e-16,5.516101e-23,2.925218e-11,7.7575786e-11
660000,72,125,0,2.1845903e-09,1.9472939e-11,1.4677948e-16,1.1022836e-25,1.0010624e-15,5.4993793e-10
660000,163,193,0,2.2388174e-09,4.033573e-11,1.7253768e-33,0.0,7.843625e-14,3.1626247e-11
660000,336,341,0,2.9810738e-09,1.781424e-11,1.555693e-21,9.7401524e-36,3.7832156e-18,1.9184435e-12
660000,343,297,0,2.2518405e-09,2.8915772e-12,1.2858791e-19,1.0503705e-31,6.624505e-26,1.5736514e-13
660000,419,155,0,2.7291198e-09,1.0602013e-11,4.7146303e-15,1.8810297e-23,9.7551205e-18,2.3415585e-11
660000,135,211,0,2.5840001e-09,3.4887437e-11,7.10235e-19,4.984088e-30,3.6796907e-14,4.925229e-11
660000,438,338,0,2.6453835e-09,1.1129379e-11,5.1605307e-20,3.8364603e-30,1.7415003e-20,8.547607e-11
660000,181,220,0,3.3712497e-09,6.0392094e-13,1.2549813e-38,0.0,1.08175e-32,3.733785e-13
660000,147,303,0,2.607401e-09,3.2961886e-12,1.3646983e-21,2.6911078e-35,8.1366976e-23,3.5376913e-11
660000,275,325,0,2.5719193e-09,6.405215e-16,2.6368979e-30,0.0,0.0,1.3188958e-11
660000,309,313,0,2.7118536e-09,8.963217e-15,2.5019052e-23,9.634467e-37,1.84139e-40,6.3408055e-12
660000,370,74,0,2.9011635e-09,8.8952595e-12,2.1379258e-13,1.4577752e-18,2.2578603e-22,1.6685708e-10
660000,73,291,0,2.591374e-09,2.1464134e-11,7.057061e-21,7.883041e-36,3.016942e-16,1.9794997e-11
660000,376,146,0,2.4540419e-09,5.165292e-12,3.7788227e-13,4.566369e-18,5.091409e-22,7.341155e-11
660000,136,179,0,2.7122884e-09,2.7749868e-11,1.3719224e-33,0.0,2.2476122e-16,9.727106e-11
660000,411,339,0,3.5294054e-09,2.8227578e-11,2.0322416e-13,4.074711e-19,7.834194e-15,3.1200455e-11
660000,287,442,0,2.2881488e-09,3.045011e-11,1.0229703e-11,1.19812006e-14,8.047499e-17,3.9401725e-11
660000,85,416,0,2.9763794e-09,1.8849542e-11,8.0012155e-15,2.730314e-23,1.3683394e-17,8.592126e-11
660000,219,315,0,2.4226756e-09,4.0749914e-11,1.561357e-13,1.327537e-18,1.1318942e-14,3.56828e-13
660000,136,369,0,2.7859322e-09,3.0489443e-13,7.712645e-11,1.6652877e-12,7.20115e-14,9.774772e-11
660000,434,138,0,2.6537905e-09,3.718417e-11,8.609524e-18,1.7635954e-27,2.0979808e-11,8.7259706e-11
660000,113,237,0,2.6197766e-09,3.0145265e-11,4.493997e-25,8e-45,2.0261655e-16,7.42754e-12
660000,428,53,0,2.2922977e-09,7.247784e-11,1.14871715e-11,5.17063e-15,2.7077224e-10,1.534428e-10
660000,189,112,0,2.1979099e-09,9.969393e-13,8.711471e-17,4.9773777e-26,1.022471e-30,6.86976e-11
660000,73,165,0,2.1335345e-09,2.8163706e-11,1.8067726e-12,1.4186981e-16,1.4355607e-15,1.04490125e-10
660000,124,246,0,2.5057318e-09,3.0714153e-11,4.8310975e-23,2.7226e-41,1.8081551e-13,3.311174e-11
660000,235,342,0,2.4661855e-09,1.880392e-11,2.615505e-14,2.0305202e-21,3.063039e-14,5.702199e-12
660000,142,319,0,2.640017e-09,4.808219e-13,3.4453722e-12,3.0169858e-16,1.00822996e-19,8.394532e-11
660000,264,203,0,2.6502716e-09,2.2746436e-12,4.29e-43,0.0,8.264026e-23,3.539944e-11
660000,255,352,0,2.1881494e-09,2.9318572e-11,1.6166763e-24,3.48e-43,2.0303595e-16,6.133594e-11
660000,432,157,0,2.5721913e-09,3.5542326e-11,5.066993e-11,1.229736e-12,8.454486e-13,7.243224e-11
660000,203,241,0,3.3651717e-09,3.0300489e-12,3.6580304e-27,0.0,3.7611916e-23,2.1143558e-12
660000,204,289,0,2.5065183e-09,8.976402e-12,9.863728e-32,0.0,9.310943e-22,4.2433422e-12
660000,108,392,0,2.6739753e-09,2.449772e-11,1.2432863e-11,2.9220072e-14,1.4772645e-16,6.6123565e-11
660000,420,316,0,3.986204e-09,1.8080013e-11,3.0792827e-17,7.677609e-26,2.6933586e-20,1.8460561e-10
660000,327,191,0,2.6312466e-09,1.4240169e-13,7.825691e-22,2.3180086e-36,1.6839628e-35,3.8538187e-11
660000,178,293,0,2.328222e-09,2.1995144e-11,3.0588823e-14,2.4786236e-20,4.77139e-18,2.4322088e-11
660000,340,111,0,3.7595687e-09,1.1958985e-12,4.1622767e-24,2.922e-42,3.1874297e-28,7.2663295e-12
660000,154,75,0,2.3236264e-09,3.492031e-11,8.9512507e-13,6.1463788e-18,4.134388e-11,1.6995703e-10
660000,380,166,0,2.9918366e-09,2.6469476e-11,9.0047793e-13,1.9468078e-17,2.5622475e-17,1.1501524e-10
660000,368,251,0,3.1804728e-09,5.497209e-12,9.370536e-20,3.897714e-34,1.7517308e-22,5.1959576e-11
660000,257,424,0,2.206093e-09,6.2942464e-11,7.251671e-18,5.5248392e-30,1.5468879e-13,9.2984134e-11
660000,310,390,0,2.6367042e-09,4.2636346e-11,1.5651782e-11,8.408272e-14,3.9228254e-14,4.0683044e-11
660000,88,281,0,3.363733e-09,3.3814095e-12,7.1653347e-12,3.2746393e-15,4.0709756e-18,1.2502239e-11
660000,345,97,0,2.7207228e-09,2.1944103e-11,1.7204751e-18,4.2652466e-29,3.8736233e-14,1.2574514e-10
660000,145,207,0,2.629833e-09,9.8613505e-12,9.086466e-25,1.8e-44,1.1059074e-18,2.6628899e-11
660000,336,378,0,2.4288767e-09,3.4381963e-11,1.8918904e-13,1.0793795e-19,6.739115e-13,5.666356e-11
660000,336,130,0,2.3531639e-09,8.673355e-12,2.3895847e-37,0.0,1.3295706e-21,3.9104497e-11
660000,378,174,0,3.0178038e-09,2.6473332e-11,1.4791567e-14,2.7223875e-22,3.5319363e-13,3.6858728e-11
660000,290,251,0,2.7431346e-09,6.2438826e-12,0.0,0.0,6.857433e-22,1.3446933e-11
660000,325,92,0,3.7139523e-09,4.443948e-13,5.535946e-12,3.3850198e-15,1.0429513e-17,1.3188306e-10
660000,363,209,0,2.635552e-09,4.5538655e-12,1.3393364e-16,1.1510603e-26,3.1735297e-23,2.7772438e-13
660000,56,262,0,3.1581886e-09,2.764799e-11,1.4196759e-15,3.0816425e-24,1.7340271e-19,3.879483e-11
660000,211,173,0,2.4883606e-09,2.3071099e-11,2.908329e-23,1.851e-41,7.4584724e-16,3.568254e-11
660000,296,329,0,4.1936863e-09,3.2850466e-17,2.3792344e-31,0.0,0.0,8.833405e-11
660000,123,224,0,3.0289342e-09,2.8736728e-11,5.0222886e-16,2.0065979e-25,1.5411446e-18,2.438946e-11
660000,84,390,0,2.5633824e-09,3.6193295e-11,2.3341854e-12,5.3957306e-17,1.0051824e-13,1.4392378e-10
660000,165,174,0,2.1402933e-09,9.145891e-12,6.1648755e-34,0.0,7.8796087e-22,1.2817139e-10
660000,272,234,0,2.3645026e-09,2.7030227e-12,8.873355e-36,0.0,3.954459e-25,5.419321e-11
660000,104,340,0,2.3789464e-09,8.601395e-12,6.4039655e-17,3.4878996e-27,1.7066212e-22,6.5145854e-11
660000,179,347,0,2.3023368e-09,1.0123629e-12,4.6095576e-17,1.0141998e-27,2.3846156e-30,7.1342893e-12
660000,156,239,0,2.2249238e-09,3.4804555e-12,2.8243281e-25,1e-45,1.0646193e-23,4.4999744e-11
660000,183,284,0,2.3428566e-09,9.422154e-13,2.3076219e-21,6.635733e-36,3.2483936e-28,1.1470555e-11
660000,373,349,0,2.2760094e-09,1.3020207e-11,1.0531107e-13,4.45837e-20,8.13877e-21,3.2337995e-12
660000,415,313,0,3.7082342e-09,3.6209844e-12,8.349994e-19,1.4992975e-32,1.849657e-24,3.3902964e-11
660000,152,340,0,2.2090163e-09,2.2026906e-11,5.9851638e-12,3.4273848e-15,6.718467e-13,7.254725e-12
660000,330,329,0,3.1882468e-09,2.5414805e-12,6.343826e-24,4.22e-42,1.7542181e-25,2.1281778e-12
660000,321,107,0,3.0977445e-09,9.528183e-12,1.6165234e-20,3.6659327e-35,6.108577e-16,6.538746e-11
660000,297,382,0,2.6616387e-09,1.1429334e-11,7.439671e-16,9.244401e-26,3.916389e-22,7.990079e-11
660000,174,224,0,2.8098421e-09,7.47501e-12,1.7428347e-38,0.0,2.5035873e-22,2.8111185e-12
660000,290,325,0,4.6004285e-09,7.0084565e-15,5.1763355e-37,0.0,6.5846e-41,1.1825388e-11
660000,191,351,0,2.4635474e-09,4.6450474e-13,1.2668278e-25,3.12e-43,7.985231e-31,4.79216e-11
660000,103,226,0,2.5893554e-09,3.5897302e-11,6.152417e-21,5.0881474e-35,1.8596542e-18,5.8481595e-11
660000,85,209,0,2.520265e-09,5.831823e-11,4.057131e-15,2.771024e-23,6.662168e-14,1.0372657e-10
660000,132,332,0,2.3552904e-09,1.4053526e-11,1.2103265e-19,6.6348804e-34,1.4112843e-19,1.3816809e-11
660000,197,243,0,4.3139825e-09,7.836785e-12,1.4244961e-33,0.0,8.0597356e-22,3.486361e-11
660000,187,70,0,2.4875664e-09,4.9940716e-12,3.2677906e-12,8.0641523e-16,3.6386968e-18,7.274054e-11
660000,54,316,0,2.2425655e-09,1.5283348e-11,1.395952e-17,4.551742e-29,2.0442797e-21,6.622182e-11
660000,384,248,0,2.4841946e-09,1.02809e-11,1.1179427e-19,3.3316313e-32,2.6791542e-20,2.8968349e-11
660000,388,319,0,2.7210785e-09,2.700724e-14,4.3132718e-15,5.2871477e-24,1.2876593e-31,5.7795504e-11
660000,138,150,0,2.7561025e-09,1.504139e-12,8.063626e-14,5.4520824e-19,1.0716359e-22,2.7455318e-11
660000,94,432,0,2.2122195e-09,3.4158853e-11,1.100523e-15,1.1073506e-21,2.1181932e-13,1.1168773e-10
660000,336,257,0,4.763651e-09,5.311184e-14,2.8781349e-25,2.06e-43,6.1504e-40,2.9013817e-11
660000,68,192,0,3.0963865e-09,3.743419e-11,2.6269926e-15,1.616845e-23,3.395305e-14,1.5470913e-10
660000,299,147,0,2.1561024e-09,7.306898e-12,6.227354e-15,1.5575382e-23,6.218976e-19,4.7814815e-11
660000,55,225,0,2.5902396e-09,1.278644e-10,1.2094096e-12,1.312769e-16,2.5897922e-09,1.8197963e-10
660000,137,373,0,2.8009035e-09,4.9783216e-14,2.3200972e-11,1.39039e-13,1.8632997e-15,5.7682154e-11
660000,324,416,0,2.2750952e-09,4.8838236e-11,1.2031815e-12,1.3127637e-16,2.2621358e-13,5.8629816e-11
660000,191,327,0,3.4564247e-09,3.6568327e-14,1.913538e-27,0.0,3.8639223e-35,1.789782e-13
660000,327,87,0,3.8018615e-09,3.9329542e-12,7.2527867e-13,6.564801e-18,5.127316e-22,7.072356e-11
660000,271,73,0,2.1048956e-09,2.7241813e-11,4.3893556e-14,1.2511957e-19,1.3685678e-13,5.342205e-11
660000,325,60,0,2.4628068e-09,2.8431112e-13,1.0963889e-17,1.0654246e-28,5.7365007e-36,1.7962834e-10
660000,87,183,0,2.262432e-09,7.447488e-11,8.082902e-12,2.1941037e-14,2.7679163e-12,2.1527592e-11
660000,61,100,0,2.6483717e-09,5.0942636e-11,9.8950965e-15,7.624073e-22,1.0149375e-13,7.719693e-11
660000,78,193,0,2.6467877e-09,8.7726e-11,2.0511161e-15,1.0719502e-23,2.929384e-11,2.058874e-10
660000,198,370,0,2.484053e-09,1.4008138e-11,4.4355152e-30,0.0,5.502496e-18,5.158784e-12
660000,365,248,0,2.9589358e-09,1.6916874e-11,2.731244e-16,1.612989e-26,8.797153e-14,1.992464e-11
660000,362,87,0,2.5774927e-09,1.3709949e-11,1.5751662e-13,5.665238e-20,7.3372045e-20,1.4313005e-10
660000,215,62,0,2.292916e-09,5.8570926e-11,8.183465e-17,1.5693295e-27,2.8869993e-14,2.2385585e-11
660000,194,265,0,2.393431e-09,3.3380384e-12,2.877861e-25,2.06e-43,1.3502333e-26,2.1054495e-13
660000,421,304,0,3.0526173e-09,1.5872147e-11,1.6488597e-13,5.710826e-19,8.049064e-19,1.5325398e-10
660000,337,208,0,2.8484748e-09,5.6575817e-15,4.6394156e-12,1.2655295e-15,1.3590547e-18,3.7566127e-11
660000,298,431,0,2.6454747e-09,7.224285e-11,8.888543e-14,1.65319e-19,2.2438915e-15,6.181107e-11
660000,56,375,0,2.053153e-09,2.1893798e-12,3.270287e-11,7.7612824e-13,4.0607647e-14,1.2040062e-10
660000,130,263,0,2.801079e-09,5.118422e-12,2.1634204e-18,5.2533523e-30,4.7298507e-20,2.836613e-12
660000,123,116,0,2.3559312e-09,2.5662198e-12,3.9541437e-20,1.8616312e-35,1.9688797e-25,1.4320713e-10
660000,322,97,0,3.3336935e-09,2.2193497e-12,2.9398528e-14,2.5086712e-21,3.0847752e-26,1.319985e-10
660000,277,297,0,2.809072e-09,4.7943813e-14,3.7361298e-11,1.0837207e-12,1.202061e-13,9.1665885e-12
660000,364,170,0,2.4085745e-09,1.5254962e-11,1.1495218e-22,1.35001e-40,1.9081944e-16,3.298466e-11
660000,163,320,0,2.668269e-09,1.1060678e-11,2.1423285e-18,1.6558333e-30,2.907554e-17,4.99471e-12
660000,294,266,0,2.6167641e-09,2.4626494e-14,1.417e-42,0.0,3.089165e-37,2.4779028e-16
660000,388,286,0,2.8708873e-09,6.85746e-11,3.3278326e-21,3.590185e-35,3.3817955e-12,2.8146393e-13
660000,405,345,0,3.1755334e-09,3.9188423e-11,1.3064713e-11,1.8324485e-14,2.4448867e-13,4.031368e-11
660000,326,282,0,3.5209458e-09,1.0136777e-11,4.253625e-18,9.5265866e-29,2.1982927e-18,3.4324033e-13
660000,139,75,0,3.0105904e-09,2.4633854e-11,9.927658e-13,8.7456425e-18,1.3421867e-20,6.296642e-11
660000,121,57,0,2.6807787e-09,3.181572e-11,4.675744e-15,3.2644166e-23,8.138018e-17,2.7695481e-11
660000,420,320,0,3.931119e-09,4.6540462e-11,1.1198934e-15,5.2515157e-21,6.278849e-14,9.588818e-11
660000,99,66,0,2.4821083e-09,3.2023273e-11,1.24510774e-17,2.5699742e-28,9.300466e-13,8.807899e-11
660000,412,276,0,2.4011293e-09,6.7269856e-11,3.0410314e-12,7.365381e-16,2.2847793e-09,1.6508376e-12
660000,339,358,0,2.629064e-09,1.999653e-11,1.815963e-27,0.0,2.0026311e-12,4.7059466e-12
660000,387,274,0,2.6232934e-09,2.815762e-11,3.5902723e-13,4.081588e-18,4.845651e-13,8.53384e-11
660000,289,134,0,2.6402547e-09,1.213443e-11,3.252709e-12,3.3148282e-16,1.4658966e-17,3.2683745e-11
660000,336,222,0,2.6658167e-09,1.08386685e-11,2.1720431e-16,5.012737e-26,1.8334038e-18,1.5751274e-11
660000,220,165,0,2.7877574e-09,8.796989e-12,1.276846e-18,1.7223644e-29,5.3539427e-20,1.0873831e-11
660000,145,269,0,2.9146723e-09,1.5477629e-12,2.0780558e-22,6.28341e-40,3.0015812e-25,3.0233802e-12
660000,435,333,0,2.900383e-09,6.2726703e-12,9.2183956e-21,7.5736475e-36,2.330909e-22,3.8570654e-11
660000,426,321,0,3.588737e-09,7.37619e-12,1.3860024e-10,2.6999728e-12,4.4645345e-13,9.1754666e-11
660000,282,294,0,2.8976728e-09,6.6977206e-14,4.4159646e-14,1.2392467e-20,7.378657e-26,6.012649e-12
660000,325,84,0,3.7213668e-09,5.4768347e-12,5.2968897e-14,1.0085629e-20,5.6780416e-23,9.865072e-11
660000,88,418,0,2.976869e-09,1.3618923e-11,7.750542e-14,2.2296956e-19,3.9262693e-23,7.52274e-11
660000,265,402,0,2.431601e-09,9.835205e-12,2.8020188e-12,6.8770907e-16,8.1967664e-19,1.1083176e-10
660000,323,357,0,2.4557336e-09,7.417373e-13,2.8581443e-17,7.5525853e-28,3.8582587e-30,4.975437e-13
660000,293,324,0,4.4838266e-09,7.135779e-15,1.9020761e-37,0.0,1.86e-43,2.1643728e-11
660000,277,366,0,2.3112383e-09,2.2462793e-12,3.654991e-15,5.1621663e-23,9.617943e-23,1.6998696e-11
660000,223,104,0,2.1388578e-09,1.6748831e-11,4.1731874e-18,9.1187276e-29,1.792844e-19,9.729471e-11
660000,294,89,0,2.74906e-09,3.7340388e-11,5.460749e-16,9.196804e-25,3.1581725e-12,5.217617e-11
660000,226,130,0,3.014127e-09,7.009405e-14,7.49573e-21,2.2990814e-36,1.8313704e-31,1.758581e-11
660000,219,387,0,2.1155826e-09,2.0711434e-13,2.0374817e-19,1.2921156e-33,2.9711816e-35,9.286662e-11
660000,104,275,0,2.7383709e-09,4.0443504e-12,3.2546995e-19,2.4875079e-33,2.1767623e-26,1.9897806e-11
660000,224,227,0,2.2689695e-09,7.541331e-12,1.3763059e-13,3.9424969e-19,2.0043638e-17,7.409068e-14
660000,64,251,0,2.6798304e-09,8.7767384e-11,1.5776129e-11,1.12528354e-13,1.9961038e-11,7.265374e-11
660000,91,307,0,2.2098106e-09,7.2248618e-12,1.6084245e-11,1.0754858e-13,1.7264541e-15,9.700992e-12
660000,354,132,0,2.4654763e-09,1.76018e-11,1.7074677e-22,1.30003e-40,1.1447739e-14,2.5722561e-11
660000,420,225,0,2.1571742e-09,2.457191e-11,3.1573214e-12,2.9936066e-16,2.727616e-19,4.1909153e-11
660000,324,374,0,2.7217537e-09,3.246003e-11,7.4827116e-17,4.469812e-27,5.2370993e-14,4.1835303e-11
660000,65,425,0,2.331573e-09,9.6586204e-11,1.217219e-19,4.1521716e-34,2.1089643e-12,7.6434234e-11
660000,388,441,0,2.5208127e-09,6.773041e-11,3.04122e-11,6.7459384e-13,4.8237947e-14,1.0980693e-10
660000,137,418,0,2.1499673e-09,3.9011364e-11,1.5287032e-11,6.3295974e-14,1.8164004e-13,4.772491e-11
660000,439,315,0,2.9275264e-09,8.313504e-12,3.566415e-16,4.7514236e-27,8.3564326e-22,2.116188e-10
660000,73,303,0,2.428452e-09,5.0089824e-12,5.109352e-20,1.5160574e-32,1.0316025e-22,4.689799e-11
660000,355,97,0,2.8043257e-09,1.1808657e-11,8.693633e-19,1.5816715e-30,7.472452e-19,9.738831e-11
660000,115,98,0,2.6704292e-09,6.1885176e-12,2.1942503e-11,1.9903002e-13,3.2053639e-15,1.8634413e-11
660000,184,444,0,2.1073643e-09,5.526593e-11,1.1130774e-16,4.2836054e-25,5.24925e-14,6.5166e-11
660000,376,74,0,3.0231138e-09,1.0395439e-11,2.0129113e-14,6.369023e-21,3.3098484e-18,8.032734e-11
660000,199,167,0,2.4456868e-09,4.207116e-12,2.5643898e-21,7.422334e-36,1.1300878e-23,7.5900015e-11
660000,98,361,0,2.4098323e-09,7.949254e-12,3.4472924e-15,2.0386307e-23,7.991472e-21,1.0022534e-10
660000,326,325,0,3.1088794e-09,3.304245e-13,7.826014e-25,4.34e-43,1.6065323e-32,7.0819435e-14
660000,447,421,0,2.5647022e-09,5.6929652e-11,1.6049773e-13,1.9282955e-18,1.8374038e-13,6.464928e-11
660000,329,146,0,2.1849447e-09,1.1552961e-11,2.3949011e-37,0.0,8.077532e-19,1.6661898e-11
660000,143,183,0,2.6093663e-09,3.6520884e-11,3.5168e-41,0.0,2.8851374e-10,5.979043e-11
660000,202,283,0,2.5807994e-09,7.030487e-12,1.4589905e-34,0.0,1.7249791e-23,1.3548017e-11
660000,145,148,0,2.6050122e-09,1.4033637e-11,2.3660584e-19,1.694328e-30,1.0377786e-18,2.7338839e-12
660000,317,381,0,2.7270435e-09,2.4530006e-11,3.2523257e-13,3.9242658e-19,1.4899492e-15,2.3221198e-11
660000,371,379,0,2.544355e-09,1.2129194e-11,1.0254206e-12,8.285919e-18,3.357154e-22,1.4942761e-10
660000,127,60,0,3.2099678e-09,6.2318394e-11,3.1766627e-12,1.0319959e-15,2.0057116e-12,6.9806334e-11
660000,126,297,0,2.4814524e-09,2.2598147e-12,1.4181583e-19,1.1293389e-31,5.7387595e-25,8.338394e-11
660000,386,342,0,2.9063e-09,1.9297468e-11,3.2197398e-11,3.4530893e-13,1.13888e-14,4.378888e-11
660000,315,230,0,2.2449915e-09,1.103399e-11,4.1323556e-29,0.0,1.0443386e-19,2.4362394e-14
660000,231,119,0,2.4051394e-09,1.0564288e-12,1.17687e-19,8.707856e-32,6.240812e-26,1.9662828e-10
660000,121,404,0,2.3558249e-09,3.1493336e-11,5.6894604e-13,6.3646673e-19,2.0751464e-15,1.08448424e-10
660000,411,95,0,2.467516e-09,1.9917854e-11,1.579517e-14,1.3515323e-19,2.7399356e-20,7.953824e-11
660000,231,331,0,2.6217253e-09,8.443366e-13,1.01391e-21,1.075351e-34,4.6356065e-28,1.6102541e-13
660000,58,107,0,2.4535687e-09,5.150995e-11,1.7121652e-13,3.909176e-19,6.1120746e-14,2.7271213e-10
660000,194,90,0,2.1847262e-09,7.431521e-12,9.538151e-21,7.924589e-37,1.2686079e-21,3.6633224e-11
660000,341,233,0,2.7453257e-09,1.2293167e-11,1.1078346e-19,1.9521266e-33,9.5389895e-21,5.3821933e-11
660000,359,106,0,2.7911622e-09,2.3255902e-11,7.261694e-26,4.2e-44,3.687025e-17,2.7048158e-10
660000,405,304,0,3.0070262e-09,4.6467613e-12,2.1688668e-24,2.3755e-41,2.0981578e-25,9.3261995e-12
660000,132,253,0,2.6350275e-09,3.600326e-11,1.6213414e-25,1.16e-43,1.7131516e-12,3.55017e-13
660000,126,223,0,2.9865812e-09,3.4223638e-11,1.3261049e-14,1.5630173e-22,4.398303e-18,1.2155143e-11
660000,136,144,0,2.6462474e-09,5.180296e-12,1.7125485e-14,7.286858e-22,5.829774e-25,3.0153786e-11
660000,82,276,0,4.039562e-09,1.2531142e-11,2.1356999e-16,4.8423113e-27,7.525905e-21,1.9891274e-11
660000,344,328,0,2.5495892e-09,6.818264e-12,4.9086608e-23,1.28264e-40,1.2559844e-23,2.2664749e-11
660000,109,221,0,2.6020417e-09,1.7419238e-11,2.5524395e-20,6.0535416e-35,2.6985948e-19,1.8479154e-13
660000,411,66,0,2.1247313e-09,3.0466983e-11,1.2596556e-15,7.1101635e-24,3.1313446e-12,1.3146202e-10
660000,435,180,0,2.5071623e-09,2.4224067e-12,7.0366656e-15,1.2160726e-21,6.9775813e-26,1.4487377e-10
660000,129,183,0,2.6220053e-09,2.942217e-11,1.0221729e-34,0.0,2.424704e-12,1.7354689e-11
660000,168,152,0,2.1456972e-09,6.6177e-11,1.904306e-22,4.85488e-40,3.0655357e-15,5.477285e-11
660000,401,103,0,3.391964e-09,1.2802533e-11,3.2663822e-16,4.2921596e-25,3.9253205e-15,7.203169e-11
660000,287,82,0,2.418428e-09,2.3784327e-11,2.327125e-16,3.3693428e-25,3.117155e-16,1.6041982e-10
660000,100,131,0,2.1116404e-09,3.1859224e-11,2.2988665e-11,2.2736515e-13,3.9613656e-15,3.1143498e-11
660000,422,290,0,2.3438904e-09,3.6547137e-11,1.0644002e-18,3.4273219e-31,2.3822767e-16,6.108111e-11
660000,313,403,0,2.3235505e-09,3.115636e-11,1.204799e-14,7.3212966e-22,1.0210622e-15,1.5062304e-10
660000,332,234,0,3.840394e-09,4.427146e-11,3.8928055e-25,1.3878e-41,4.6751394e-13,5.905802e-11
660000,172,101,0,2.5299185e-09,2.4309634e-16,1.2554815e-12,1.7490266e-17,1.5198971e-21,1.0975244e-10
660000,386,433,0,3.0677436e-09,4.608883e-11,2.7251313e-12,6.3032227e-16,7.1279164e-14,6.070936e-11
660000,330,69,0,2.5477191e-09,1.3247976e-12,1.8270082e-14,2.3346463e-22,5.252298e-29,5.2733033e-11
660000,410,162,0,2.6528022e-09,5.1958448e-11,4.628282e-21,1.8571867e-35,2.1271478e-09,4.0984532e-11
660000,97,72,0,2.4842257e-09,4.528612e-11,1.3054838e-17,1.78284e-29,1.7471205e-16,1.0285642e-10
660000,111,305,0,2.4203377e-09,7.708593e-14,3.91126e-20,2.5844793e-30,6.336162e-36,6.653454e-11
660000,303,444,0,2.4622215e-09,5.511904e-11,8.2413165e-12,2.4272388e-14,2.868245e-14,3.5867174e-11
660000,403,439,0,3.20354e-10,7.7538094e-11,1.5468554e-11,7.1266865e-14,1.8815558e-13,1.8888265e-10
660000,106,308,0,6.9529077e-10,8.993755e-12,2.4003099e-17,1.28809e-28,4.0104014e-21,2.3373246e-11
660000,141,165,0,3.4285794e-10,1.1320392e-10,1.1719e-23,8.5423e-41,7.9747244e-13,5.534728e-13
660000,14,228,0,-5.7554596e-13,4.0009884e-11,1.2475948e-16,9.03289e-27,3.3761553e-16,2.4676877e-10
660000,274,385,0,8.1438817e-10,2.8235133e-11,5.651804e-20,3.8607676e-33,4.2177841e-16,1.7628014e-10
660000,135,372,0,1.7619204e-09,9.899911e-14,7.8477155e-11,1.9559245e-11,1.0157871e-11,3.37474e-11
660000,27,479,0,-1.5276855e-12,8.510317e-11,7.244868e-12,1.3837733e-14,2.3951157e-11,3.3018788e-10
660000,97,400,0,7.5523116e-10,2.8778991e-11,3.7104347e-13,4.354645e-19,9.603196e-16,1.8036354e-10
660000,470,495,0,-5.3973183e-13,3.1609375e-11,4.9281496e-11,1.2380614e-12,6.5159256e-14,2.4830688e-10
660000,15,361,0,-3.609416e-13,4.0191975e-11,1.0905256e-12,6.1093846e-17,2.7955533e-15,2.2962117e-10
660000,42,30,0,-7.236903e-13,5.276871e-11,8.022072e-12,4.520229e-15,3.3859584e-12,4.755234e-10
660000,416,212,0,6.460464e-10,3.726612e-11,2.2240515e-12,9.0298775e-17,2.3154276e-12,8.614476e-11
660000,259,212,0,8.4281254e-10,7.0473873e-13,4.539787e-31,0.0,1.298599e-30,1.2433652e-12
660000,207,108,0,1.6564289e-10,1.929215e-11,1.5269102e-11,2.4379878e-14,1.9265829e-11,2.0410283e-11
660000,318,391,0,7.7736917e-10,5.3055834e-11,1.2451905e-13,3.0355108e-20,2.9670968e-13,8.9163794e-11
660000,124,375,0,8.1869794e-10,1.375442e-12,5.180465e-15,3.583225e-23,1.3272446e-27,2.9328828e-11
660000,230,163,0,8.061048e-10,9.032766e-15,2.232434e-19,1.1101719e-32,5.422e-42,2.4315332e-13
660000,264,227,0,8.196513e-10,1.5880249e-11,9.629886e-27,3.57e-43,2.767256e-12,7.2188965e-12
660000,452,18,0,-9.25094e-13,9.007447e-11,1.0919712e-12,8.253524e-18,9.097586e-15,6.534885e-10
660000,125,365,0,4.4581352e-10,1.5008765e-11,3.9923858e-14,1.3211711e-20,1.318727e-16,2.1528063e-10
660000,477,26,0,-1.397824e-12,5.838214e-11,3.3656444e-13,8.612018e-19,2.3084972e-09,3.0978925e-10
660000,221,189,0,1.5612577e-10,6.4933497e-12,4.9844466e-19,1.2245915e-31,3.8098635e-17,2.9342195e-11
660000,179,146,0,2.6103247e-10,3.4129147e-11,7.2916204e-15,1.0508511e-21,1.1315975e-16,1.8470213e-11
660000,420,23,0,3.4707764e-12,4.3608037e-11,2.7243017e-12,1.729883e-16,3.8766496e-14,2.442027e-10
660000,461,335,0,4.046713e-11,6.4417194e-11,4.8799007e-11,1.0737568e-11,2.5276297e-11,2.7826533e-10
660000,265,263,0,7.3179096e-10,3.0701226e-11,1.2886402e-38,0.0,2.4955615e-10,1.1540729e-12
660000,389,109,0,1.3694883e-09,1.0945117e-13,4.8587585e-11,4.556253e-12,7.748317e-13,8.899106e-12
660000,379,405,0,2.2525996e-10,4.104492e-11,2.3021111e-13,1.7997015e-19,2.3322857e-09,1.6228933e-10
660000,299,311,0,1.2440319e-09,2.2364005e-13,1.8744027e-32,0.0,1.7582702e-31,3.5921124e-11
660000,326,151,0,4.7398685e-10,6.239146e-12,1.5327021e-35,0.0,3.6319514e-20,6.9138918e-12
660000,37,417,0,2.9120616e-11,4.419379e-11,5.7417796e-11,1.97854e-11,1.2991184e-11,2.2891433e-10
660000,87,404,0,7.532014e-10,2.962586e-11,3.4478282e-12,3.0169858e-16,2.6390913e-16,1.2944228e-10
660000,76,46,0,1.4034328e-10,4.2213025e-11,1.9909291e-14,1.1036869e-21,5.888598e-16,2.5183897e-10
660000,311,53,0,5.0346477e-10,5.970908e-11,8.268061e-14,1.3368948e-18,3.1161347e-13,1.3291766e-10
660000,53,195,0,6.4528777e-10,1.6434806e-10,5.5869177e-11,1.2259482e-12,1.17892215e-11,3.092402e-10
660000,268,432,0,3.1615743e-10,6.7104274e-11,4.218304e-15,1.9362537e-22,4.5388176e-11,6.079769e-11
660000,402,126,0,1.5869447e-09,7.1151618e-12,1.6492345e-13,5.710826e-19,3.9734057e-21,1.2478961e-10
660000,41,279,0,1.9158636e-10,1.6266172e-11,2.1741888e-12,8.1645486e-17,5.301245e-16,4.555733e-11
660000,150,266,0,1.2314435e-09,1.5290878e-11,2.7864148e-23,2.237665e-39,8.7330875e-18,3.736291e-12
660000,498,450,0,-4.4886995e-13,1.9142979e-11,3.775954e-11,4.822666e-13,2.3025318e-14,1.1731928e-10
660000,53,102,0,7.749589e-10,6.32722e-11,6.366807e-11,1.0090952e-11,4.8655502e-12,1.7138885e-10
660000,397,135,0,9.2993396e-10,2.5249207e-11,7.4745185e-13,1.2426945e-17,3.1313532e-12,1.1166124e-10
660000,401,400,0,9.384299e-10,3.9503907e-11,2.7147239e-15,3.238638e-23,1.4596191e-13,8.0396516e-11
660000,324,20,0,-7.608092e-14,5.033012e-11,8.732737e-12,4.4722052e-15,1.0114625e-12,9.723838e-11
660000,455,10,0,-1.571323e-12,1.1014351e-10,7.107683e-11,1.1838458e-12,7.4245845e-13,2.1676311e-10
660000,153,196,0,6.388669e-10,1.8063315e-11,2.189117e-38,0.0,4.280337e-21,2.382912e-12
660000,357,498,0,-7.9179995e-13,2.4308423e-11,5.402449e-16,4.313583e-25,1.06577656e-16,2.8105458e-12
660000,108,344,0,6.4190697e-10,1.897678e-11,1.690359e-18,9.221716e-30,7.11846e-14,3.7080873e-11
660000,295,277,0,1.0392244e-09,2.4519135e-13,5.9489175e-34,0.0,6.071413e-35,1.0149377e-15
660000,289,22,0,-1.773257e-13,1.9385943e-12,8.4140695e-14,2.8678946e-20,1.1046649e-25,6.2131196e-11
660000,331,428,0,3.3348094e-10,3.5375283e-11,1.4191143e-13,4.0407235e-19,2.3287164e-13,6.230449e-11
660000,441,67,0,5.62512e-10,6.4205176e-11,1.9848292e-15,1.9875526e-22,2.6862856e-10,2.1459941e-10
660000,424,250,0,2.354341e-10,6.3879416e-11,1.4709777e-11,3.3558212e-14,2.9854452e-14,7.210819e-11
660000,305,19,0,-4.674661e-14,2.5107735e-12,1.8573888e-12,2.1411086e-16,2.7200475e-19,2.939533e-10
660000,71,108,0,3.6434966e-10,5.9479796e-11,2.1844441e-11,2.0831423e-13,8.0313257e-13,6.643612e-11
660000,111,139,0,2.1253488e-10,4.4317727e-11,3.4113063e-14,7.0692186e-22,4.066269e-14,6.617655e-11
660000,99,50,0,1.3581886e-10,4.5329886e-11,2.99116e-11,7.247405e-13,1.0818434e-11,2.7430108e-10
660000,323,235,0,9.170929e-10,5.9612584e-12,1.9861138e-28,0.0,1.673446e-22,3.2954245e-10
660000,0,17,0,-6.427772e-14,2.6001458e-11,6.905191e-13,2.0187336e-17,2.2317304e-09,6.922173e-11
660000,386,425,0,1.2271071e-09,7.136767e-11,4.530786e-15,9.84841e-24,3.132945e-10,7.311039e-11
660000,55,492,0,-1.3637279e-12,7.210927e-11,4.2734653e-12,9.363023e-16,3.8493534e-14,4.7657567e-10
660000,13,159,0,-8.4652397e-13,6.318723e-11,4.0097786e-12,7.523254e-16,2.7090372e-13,1.0195517e-10
660000,174,103,0,1.4093677e-09,6.783812e-16,2.5173296e-14,7.5643304e-22,8.367823e-28,6.800956e-11
660000,323,336,0,8.243847e-10,3.8038357e-11,2.7165117e-15,9.27514e-24,1.2974428e-14,1.6316369e-14
660000,41,189,0,9.06593e-11,6.618997e-11,6.3250995e-11,4.2943742e-11,8.772452e-11,1.3922137e-10
660000,306,318,0,1.2155487e-09,2.974886e-15,2.3769587e-30,0.0,9.686e-42,3.3775218e-12
660000,11,48,0,-1.1346396e-12,9.467398e-11,1.886916e-12,8.925564e-17,2.6168967e-09,2.112298e-10
660000,458,173,0,8.653259e-11,6.685214e-11,9.59542e-16,1.7700177e-25,1.2097913e-13,2.594752e-10
660000,422,16,0,-8.789395e-14,3.4002346e-11,5.5943822e-14,8.554161e-19,1.3296494e-16,3.805562e-10
660000,165,135,0,6.4762445e-10,2.8693093e-11,8.283612e-17,8.19652e-26,1.0479729e-16,2.2136466e-11
660000,380,300,0,5.767467e-10,1.7848528e-11,5.9053418e-21,1.630951e-36,1.0389834e-17,4.2885223e-11
660000,227,444,0,5.0063936e-10,1.0104611e-10,2.0947828e-14,6.1481123e-22,1.002502e-12,7.695348e-11
660000,362,36,0,2.541479e-11,1.3484923e-12,4.6531128e-14,2.31292e-21,1.06584214e-26,5.827235e-11
660000,299,490,0,-7.0991455e-13,4.354688e-11,4.2363274e-10,3.005274e-11,1.669166e-11,1.8428739e-10
660000,471,152,0,9.085151e-12,3.2555566e-11,6.3641873e-16,9.7841e-25,1.1417214e-13,6.657383e-11
660000,25,353,0,2.2630522e-13,7.729855e-12,3.1056206e-11,1.8561621e-12,3.314754e-13,1.688558e-10
660000,210,127,0,3.5682615e-10,2.5485215e-11,1.01326704e-19,7.2983326e-34,2.4913752e-17,5.299738e-12
660000,268,196,0,9.609011e-10,2.944509e-12,0.0,0.0,1.556657e-25,1.10559624e-10
660000,399,28,0,6.716268e-12,6.33894e-11,3.234038e-11,4.106378e-13,1.841542e-12,1.4970275e-10
660000,183,132,0,2.4600239e-10,2.3122995e-11,7.1534493e-12,3.2746391e-15,7.249186e-18,1.784264e-12
660000,148,293,0,6.407147e-10,1.7051366e-12,8.186992e-27,0.0,8.730336e-29,2.1187804e-13
660000,80,464,0,1.2214845e-11,4.1490603e-11,2.958777e-11,7.750155e-13,3.1909192e-13,3.041696e-10
660000,337,366,0,1.1263025e-09,1.02249615e-11,4.645969e-21,4.2724685e-35,4.306594e-21,5.3999968e-11
660000,447,387,0,1.5031061e-10,5.4811516e-11,7.2313886e-14,5.819013e-21,6.811597e-14,1.2245381e-10
660000,335,494,0,-7.9878763e-13,5.698173e-11,2.28558e-13,1.1340156e-19,1.3197243e-11,1.08798345e-10
660000,146,324,0,8.019923e-10,9.021131e-13,8.1217325e-11,4.897484e-11,8.152301e-11,7.8154636e-11
660000,57,279,0,9.693203e-10,4.527038e-11,3.4906342e-15,1.0894344e-23,4.5399514e-11,2.0495726e-10
660000,213,134,0,6.259065e-10,7.648952e-12,3.8964425e-22,3.0680782e-38,1.8221563e-18,2.931029e-11
660000,381,183,0,7.049584e-10,3.2391576e-11,2.0145201e-13,1.00972884e-19,2.3614437e-18,4.3395856e-11
660000,347,203,0,7.7132506e-10,1.5107231e-13,1.3957564e-19,3.3730454e-33,1.3837346e-37,9.17287e-11
660000,495,370,0,-6.8634833e-13,2.4565874e-11,9.947809e-11,4.9333944e-12,1.1386167e-12,7.289747e-11
660000,472,377,0,2.4938432e-12,5.4611623e-12,2.4032298e-13,2.5305357e-19,8.6301964e-23,1.0199295e-10
660000,178,107,0,9.27581e-10,3.051691e-14,1.2165237e-18,1.1427803e-31,1.6193e-41,8.865929e-11
660000,228,201,0,6.689189e-10,2.163878e-12,1.232486e-24,3.206e-42,2.90134e-26,1.7207862e-12
660000,284,366,0,5.188822e-10,1.5262109e-12,2.096158e-12,1.2947236e-16,8.4502703e-20,1.397394e-10
660000,498,489,0,-2.2663176e-13,3.6889988e-11,6.201221e-11,1.3424551e-12,3.0311812e-11,4.842893e-11
660000,236,0,0,-8.4608807e-13,8.2118784e-11,5.944633e-14,3.6415796e-20,1.435885e-12,2.4800673e-10
660000,186,311,0,4.3335757e-10,7.667946e-15,4.2753564e-16,7.6638034e-25,3.3082706e-31,1.5054478e-11
660000,383,266,0,7.8824336e-10,8.259366e-12,3.2784844e-11,1.6955706e-12,2.7170085e-13,6.515897e-11
660000,247,149,0,2.0366235e-10,5.682462e-14,2.0399274e-15,4.1223737e-24,3.4622583e-31,3.989837e-12
660000,246,161,0,2.8131186e-10,1.9772679e-16,7.121802e-24,1.49908e-40,0.0,1.5813315e-13
660000,120,192,0,4.4838142e-10,4.85252e-12,7.6403207e-32,0.0,1.77932e-24,4.0981604e-11
660000,50,333,0,9.8350834e-11,1.12910575e-11,9.3257846e-11,6.5820925e-12,1.7771311e-12,1.283775e-10
660000,251,481,0,-5.92605e-13,7.732299e-11,1.581866e-11,8.857332e-14,1.193434e-12,1.14704087e-10
660000,311,429,0,1.8272766e-09,9.3292485e-11,8.948657e-15,3.6323218e-22,2.9164296e-11,6.397539e-11
660000,285,338,0,9.653396e-10,1.3072612e-13,8.7580785e-34,0.0,1.515781e-37,3.298001e-11
660000,210,422,0,1.5733063e-09,1.0376893e-10,9.382231e-12,3.1461751e-15,2.6068175e-10,8.266246e-11
660000,299,427,0,1.1757206e-09,6.943992e-11,3.02336e-15,5.937546e-24,1.0125399e-16,5.962231e-11
660000,366,235,0,3.0249378e-10,1.3320002e-11,1.5978709e-15,1.950247e-24,2.5420873e-19,6.7878994e-11
660000,65,254,0,1.4344053e-09,5.283727e-11,9.767767e-13,2.402625e-17,4.7406447e-11,1.019233e-10
660000,252,239,0,5.982781e-10,7.819296e-15,3.197001e-20,1.862228e-33,1.15e-43,2.5470535e-11
660000,309,221,0,2.9743524e-10,2.2855313e-11,9.306781e-28,0.0,2.886262e-12,2.9948558e-11
660000,484,265,0,-4.57361e-13,3.9509652e-11,2.3149137e-15,2.117424e-24,2.5657406e-13,3.4359598e-10
660000,245,154,0,2.042106e-10,2.4645848e-17,2.7243603e-18,2.055879e-29,3.0660097e-38,1.9929733e-12
660000,56,133,0,2.2979382e-10,7.939339e-12,7.86511e-12,5.6440922e-15,8.473537e-18,1.009768e-10
660000,370,362,0,7.2930606e-10,1.422003e-11,1.9175337e-16,6.0350113e-27,6.954579e-19,3.809369e-11
660000,352,386,0,2.844652e-10,1.1922299e-10,3.363638e-15,3.5133836e-23,6.3452764e-13,2.1741907e-11
660000,180,192,0,3.7936995e-10,1.2039903e-11,5.5734623e-19,6.163451e-32,1.0362614e-19,2.6054362e-11
660000,323,89,0,2.6314642e-09,9.817252e-13,1.0539592e-13,4.458375e-20,2.9091169e-25,1.6949159e-10
660000,361,493,0,-8.1405244e-13,4.501864e-11,2.306551e-12,7.3542646e-16,9.342995e-13,2.0002814e-11
660000,363,237,0,3.8086018e-10,2.0583934e-11,3.2466586e-13,9.114617e-19,2.2086393e-12,1.0268353e-10
660000,279,380,0,1.1286236e-09,8.121898e-12,7.119445e-17,3.918482e-28,1.7291304e-21,8.16118e-11
660000,36,486,0,-1.5643666e-12,8.7924244e-11,1.4253155e-12,1.8690176e-17,4.1344903e-11,6.851187e-10
660000,195,87,0,8.4842966e-10,1.0682595e-11,4.7973305e-22,4.035735e-39,3.1422645e-19,6.7832566e-11
660000,61,438,0,6.402574e-10,2.1861419e-11,4.1270568e-13,1.5567834e-18,1.5309183e-18,1.6292272e-10
660000,346,428,0,1.9274937e-10,2.4888097e-11,4.1144055e-13,2.7198034e-18,1.2300377e-13,3.1305785e-09
660000,459,309,0,5.2503776e-11,3.1022674e-11,8.018976e-13,9.2103e-18,2.4960752e-17,2.8824737e-10
660000,131,215,0,9.806498e-10,4.3342985e-11,1.1644421e-16,9.146977e-27,2.2154603e-09,1.136804e-13
660000,224,471,0,2.3997928e-12,4.2213892e-11,4.7969222e-11,1.0737542e-11,6.7182327e-12,2.1976165e-10
660000,484,450,0,-9.63162e-13,8.529333e-11,1.3699025e-12,1.5777125e-17,1.8262059e-13,3.8587247e-10
660000,357,203,0,1.1547725e-09,4.615238e-12,1.9641274e-20,1.1147164e-33,5.551187e-22,1.6543735e-11
660000,10,10,0,-8.862121e-13,6.78415e-11,2.2343363e-11,1.1455129e-13,3.279465e-15,7.273516e-10
660000,26,350,0,1.5889315e-13,6.3151385e-12,6.469759e-11,4.2943808e-11,8.7721205e-11,4.2922077e-10
660000,122,159,0,1.4822861e-10,4.5631394e-12,3.3279956e-16,3.3066197e-25,6.6559163e-25,9.8950265e-11
660000,163,249,0,4.2387627e-10,1.7417288e-11,9.139055e-25,1.93e-43,3.9058496e-20,2.317372e-11
660000,303,119,0,4.1734122e-10,1.3791771e-11,1.2027955e-24,2.4e-44,2.4492288e-19,1.6396483e-10
660000,45,297,0,1.04669585e-10,2.651816e-11,1.29088285e-11,1.6926464e-14,8.957057e-17,7.431283e-11
660000,407,114,0,1.3319441e-09,1.7138426e-11,2.0527965e-12,7.41615e-17,2.1158255e-19,5.9950954e-11
660000,185,448,0,6.0546934e-10,6.8307755e-11,5.1449635e-14,4.0983688e-20,2.6474628e-10,8.372295e-11
660000,152,65,0,5.2129284e-10,5.5071465e-11,3.8359038e-11,9.212935e-13,2.616823e-09,6.9601186e-11
660000,352,308,0,2.2115026e-10,1.0349205e-11,7.2916204e-15,1.0508511e-21,3.0179488e-19,9.0279624e-14
660000,57,351,0,3.527608e-11,4.785075e-12,7.5669336e-14,1.3679042e-20,2.414257e-21,4.3638154e-10
660000,55,46,0,3.135331e-11,9.18372e-11,7.518014e-12,1.1437886e-14,2.537583e-12,1.5934176e-10
660000,456,468,0,3.3543255e-12,3.8548807e-11,2.2454996e-12,9.968763e-17,1.3386867e-15,2.455689e-10
660000,190,294,0,4.694658e-10,2.6975245e-11,4.1442638e-18,4.685049e-30,1.07206514e-13,1.7469926e-13
660000,186,78,0,5.96673e-10,7.504532e-12,1.4314293e-19,1.6037434e-29,2.5025856e-22,4.927469e-11
660000,482,404,0,-1.5363192e-13,1.8272604e-11,8.11039e-11,1.8647794e-12,9.5731826e-14,4.9500193e-10
660000,85,410,0,1.0529588e-09,5.6919892e-11,1.505793e-13,6.5158645e-19,2.407357e-09,1.9478345e-10
660000,292,269,0,1.3011686e-09,2.6931614e-15,2.0708896e-38,0.0,1e-45,5.4388915e-17
660000,205,79,0,2.8016567e-10,1.73365e-11,2.39022e-11,8.210927e-14,1.2525115e-13,6.6972096e-12
660000,306,405,0,5.6744387e-10,2.934317e-11,2.313455e-19,1.6429745e-30,3.521158e-17,2.430647e-10
660000,376,166,0,1.3863988e-09,4.1185996e-11,6.851444e-14,5.481954e-21,8.1749786e-14,5.155631e-11
660000,154,457,0,2.34648e-10,2.3363653e-09,4.269642e-11,1.3948074e-12,4.1189065e-09,4.267016e-11
660000,12,251,0,-8.761224e-13,6.568635e-11,7.490293e-12,1.0749627e-14,5.9426483e-12,1.248884e-10
660000,296,337,0,3.8404804e-09,6.123243e-17,1.5453967e-26,0.0,0.0,3.175266e-12
660000,45,110,0,1.8246742e-10,6.998412e-11,3.202268e-12,4.1661972e-16,6.899183e-11,3.020454e-10
660000,459,82,0,1.7398531e-10,5.5410166e-11,1.0919903e-12,1.7466632e-17,3.2574902e-12,1.9658077e-10
660000,147,351,0,8.30458e-10,1.2937162e-11,3.389852e-15,3.063206e-23,4.7166834e-17,4.8451777e-11
660000,17,178,0,-4.555114e-13,4.0051667e-11,1.0421436e-14,1.5826296e-20,1.4687262e-11,1.8268768e-10
660000,122,278,0,1.1593883e-09,1.2242506e-12,7.249924e-12,9.449943e-15,4.0827663e-17,8.107546e-14
660000,6,362,0,-4.760351e-13,4.6354722e-11,5.284666e-11,1.0624339e-11,2.4066296e-11,1.506327e-10
660000,149,420,0,2.9740052e-10,5.284452e-12,1.8098888e-16,1.0730099e-26,6.759267e-26,1.1684673e-10
660000,5,114,0,-9.430569e-13,5.921695e-11,4.0851618e-16,2.6719237e-26,1.3789941e-11,4.2789788e-10
660000,140,19,0,5.0912426e-13,2.8323089e-11,9.115494e-11,4.957835e-11,8.0810934e-11,1.2029865e-10
660000,72,78,0,3.906487e-10,3.069819e-11,9.389667e-12,2.2120869e-14,1.9815337e-13,2.8088543e-10
660000,245,142,0,4.2974338e-10,1.5630882e-13,1.1672973e-11,2.1366486e-14,9.278434e-17,5.152503e-12
660000,247,89,0,5.865202e-10,3.6632884e-12,1.2297537e-16,1.7862419e-27,1.1029558e-22,3.1130156e-09
660000,423,213,0,3.1245154e-10,6.252038e-11,5.981299e-12,3.4403423e-15,2.1379643e-11,7.804337e-11
660000,395,462,0,2.7756969e-11,6.249447e-11,1.7149272e-11,2.621906e-13,3.226037e-11,1.9780719e-10
660000,319,201,0,8.599205e-10,3.5355153e-11,3.5736955e-19,7.929604e-33,2.332581e-10,6.478977e-11
660000,155,498,0,-9.659821e-13,6.2080306e-11,2.4658883e-11,1.8072193e-13,2.338699e-11,2.1821733e-10
660000,143,277,0,9.294939e-10,5.1639405e-11,3.216539e-18,2.6262402e-29,8.175654e-14,3.7581587e-12
660000,118,346,0,2.440511e-10,1.888316e-11,3.7600428e-19,9.832271e-33,1.643664e-16,1.1299114e-10
660000,47,355,0,2.5577254e-11,1.0246767e-11,6.004342e-11,4.1763728e-11,8.871946e-11,2.5325922e-10
660000,115,199,0,2.1968252e-10,2.9362738e-11,2.5226019e-23,9.0063e-41,9.301463e-13,1.2375363e-10
660000,229,57,0,2.0846981e-10,1.0431948e-11,9.797688e-13,7.46952e-18,5.1871256e-21,9.67335e-12
660000,115,58,0,7.2238093e-10,3.188012e-11,5.0780408e-14,5.2988964e-20,5.819033e-16,3.2365225e-11
660000,261,116,0,3.6174344e-10,5.7044837e-13,1.3612639e-15,7.4490865e-24,1.599868e-30,3.5019897e-11
660000,111,210,0,3.597551e-10,1.0390101e-10,7.0425165e-17,8.896169e-26,2.3399945e-11,6.683099e-13
660000,312,264,0,4.5422172e-10,4.677042e-11,5.1085296e-36,0.0,1.5689314e-12,1.6527964e-12
660000,296,211,0,6.5496014e-10,3.8814083e-13,2.4193394e-36,0.0,6.248874e-33,3.0176799e-09
660000,446,264,0,6.190854e-10,1.2066405e-11,1.5670091e-14,2.2512958e-21,4.5957206e-21,3.0753642e-09
660000,56,453,0,2.0647589e-10,6.0130775e-11,1.6441193e-12,5.933625e-17,3.1702967e-12,3.1932834e-09
660000,134,459,0,1.09327755e-10,2.3503275e-09,1.2065753e-11,3.0964018e-14,4.12578e-09,1.4633045e-10
660000,338,36,0,1.6583358e-11,9.190251e-12,2.6791401e-14,3.7308112e-22,1.7674966e-22,1.6525808e-10
660000,446,359,0,2.0435247e-10,3.677924e-11,2.1920063e-11,1.0239456e-13,1.5084617e-15,1.0457922e-10
660000,99,217,0,5.367758e-10,6.261665e-11,1.518767e-13,7.3266923e-19,1.0144442e-15,1.3213201e-10
660000,416,298,0,1.1159857e-09,1.9697561e-11,8.858543e-18,3.640057e-30,3.7361733e-17,2.5198843e-10
660000,201,364,0,1.3836233e-09,8.522358e-12,2.7224906e-25,3e-45,3.8701006e-21,1.8103939e-10
660000,250,62,0,3.5519276e-10,8.458841e-12,3.6637995e-16,9.018183e-25,5.7391863e-21,3.9030678e-11
660000,466,253,0,3.5634676e-11,4.170825e-11,5.870788e-11,1.9804521e-11,5.4052526e-11,5.4317183e-11
660000,410,271,0,1.032467e-09,3.4294335e-11,1.7975985e-15,9.055001e-24,9.757737e-18,2.046444e-12
660000,117,480,0,-5.679128e-13,3.566254e-11,2.7273665e-12,6.3032227e-16,1.1257138e-11,9.307365e-11
660000,189,349,0,1.1879675e-09,2.4004047e-12,4.3011663e-24,7.5914e-41,4.226188e-24,3.838824e-11
660000,388,113,0,1.121173e-09,1.918565e-13,7.151938e-12,8.838338e-15,3.7222535e-17,7.452737e-11
660000,467,352,0,5.021448e-12,4.253083e-11,8.593388e-14,1.905873e-20,3.1484077e-16,4.1384375e-11
660000,297,277,0,1.0149038e-09,6.9921965e-13,1.3893204e-35,0.0,2.6508681e-31,5.9271757e-15
660000,392,136,0,1.0080408e-09,3.1360674e-11,2.223052e-11,1.6360626e-13,2.211035e-12,3.0935694e-09
660000,295,4,0,-6.347254e-13,6.125663e-11,1.1516824e-14,5.0419193e-23,1.3691165e-11,3.123107e-09
660000,124,125,0,6.8885114e-10,5.001091e-14,1.465858e-22,3.6835123e-38,1.212647e-39,3.0049714e-09
660000,386,40,0,1.7603176e-10,1.9277462e-11,4.195914e-11,3.13982e-13,8.637185e-15,3.2494567e-09
660000,465,196,0,4.4538134e-11,4.9671867e-11,2.1518542e-14,1.2955979e-21,4.3642506e-17,3.0990401e-09
660000,325,498,0,-8.1786146e-13,6.5334044e-11,7.277688e-11,1.0882419e-11,1.20858636e-11,3.1974225e-09
660000,343,283,0,7.0450334e-10,1.1011498e-11,2.2257498e-11,1.1634102e-13,1.4438447e-15,3.0354381e-09
660000,166,440,0,3.077639e-10,3.0413963e-11,1.5752325e-13,5.665238e-20,1.4262113e-16,3.117111e-09
660000,149,63,0,5.508705e-10,4.457988e-11,8.015488e-12,1.5680635e-14,8.30406e-15,3.1668674e-09
660000,12,127,0,-9.431699e-13,5.0428262e-11,1.6387391e-10,1.3663746e-11,6.496604e-12,3.13907e-09
660000,26,379,0,3.480111e-12,1.6296681e-11,2.2319441e-11,2.5703238e-13,4.830244e-15,3.2255245e-09
660000,110,63,0,4.903544e-10,5.879535e-11,1.1379037e-12,1.7218916e-17,2.8850766e-10,3.4984131e-09
660000,251,158,0,1.7503013e-10,3.1991352e-17,4.4759318e-23,1.03445e-40,1e-44,2.9887923e-09
660000,451,385,0,1.1669209e-10,7.7371054e-11,1.0651042e-12,1.006732e-16,1.4611312e-12,3.176052e-09
660000,467,420,0,5.32103e-11,5.2930046e-11,3.7094612e-11,6.6952043e-13,1.6478019e-13,3.217511e-09
660000,138,258,0,1.1398129e-09,1.661112e-11,3.8355398e-25,1e-45,2.1834402e-19,2.9902067e-09
660000,396,106,0,1.8630395e-09,1.8198242e-12,8.00574e-14,5.61164e-20,5.007305e-25,3.0626506e-09
660000,358,17,0,-5.331403e-13,5.181414e-11,1.0868654e-11,6.81643e-15,2.2939138e-14,3.076514e-09
660000,410,407,0,9.154868e-10,6.53904e-11,1.3990719e-11,3.634433e-14,2.536669e-09,3.0381684e-09
660000,377,349,0,9.245959e-10,1.3208831e-11,6.3531217e-13,3.5691672e-17,1.0006858e-15,3.015522e-09
660000,102,93,0,6.8762723e-10,5.26787e-12,1.2480225e-12,8.8862193e-17,3.5642036e-20,3.0824556e-09
660000,226,415,0,4.8580734e-10,6.118852e-11,9.5253064e-17,1.4455469e-27,2.1537947e-13,3.1846352e-09
660000,46,303,0,1.3711475e-10,6.976874e-11,9.330489e-13,6.5012082e-18,1.1318491e-12,3.0624088e-09
660000,495,67,0,-7.5346814e-13,2.8923539e-11,1.0532344e-11,1.4109031e-14,8.8529766e-17,3.2114065e-09
660000,98,483,0,-7.0111815e-13,3.443801e-11,9.7420535e-12,2.2129529e-14,5.328221e-14,3.1097707e-09
660000,342,462,0,3.2224706e-11,2.7598458e-11,1.0797342e-12,3.2419144e-17,1.3688155e-13,3.1830958e-09
660000,271,81,0,3.849278e-10,1.1239233e-11,9.98237e-13,2.6604206e-17,4.3129805e-19,3.042395e-09
660000,279,43,0,4.5205254e-12,3.7539128e-11,6.1449915e-11,3.4137996e-12,3.0790315e-10,3.1251253e-09
660000,425,451,0,5.6589126e-11,3.5078277e-11,1.4458331e-11,2.0718402e-14,2.3330162e-16,3.3530951e-09
660000,155,96,0,4.9302257e-10,3.4986935e-12,1.8701094e-15,3.9309822e-23,2.1119094e-24,3.2978338e-09
660000,277,237,0,6.903484e-10,1.0890031e-13,2.445e-42,0.0,9.890545e-39,7.729615e-12
660000,126,151,0,3.4278977e-10,1.0347526e-12,1.2296293e-11,2.1518733e-14,1.8479799e-16,1.9447527e-10
660000,80,435,0,2.7313818e-10,2.2907496e-09,5.9667924e-20,1.8093125e-29,4.1188084e-09,2.3187148e-10
660000,470,248,0,1.630672e-11,3.5559444e-11,1.8057685e-12,5.5067445e-17,7.1195745e-15,6.23166e-11
660000,93,261,0,1.5405064e-09,7.2224754e-11,6.021943e-15,4.237991e-22,7.308939e-13,1.2926213e-10
660000,11,381,0,-5.201207e-13,2.5718153e-11,8.858678e-11,1.8529137e-11,7.913472e-12,5.6001054e-10
660000,289,201,0,7.118475e-10,8.370456e-14,5e-44,0.0,6.6885775e-38,7.4587255e-12
660000,405,51,0,1.3265043e-10,3.3794516e-11,7.170963e-14,3.523734e-20,1.3629214e-12,2.9400596e-10
660000,387,389,0,3.9851544e-10,5.3572025e-11,5.809902e-14,1.3785385e-20,3.0601103e-12,6.609434e-11
660000,41,225,0,1.7475152e-10,6.9862e-11,1.1895031e-12,1.3127579e-16,4.824173e-14,1.12587245e-10
660000,179,382,0,9.012438e-11,8.538883e-13,8.789021e-23,1.0158993e-38,1.3279506e-30,6.138713e-11
660000,326,285,0,2.1023605e-09,4.5813748e-12,6.9751235e-19,2.5372966e-31,1.2603372e-23,3.2315158e-13
660000,179,49,0,1.2269262e-10,1.2685983e-11,9.716638e-15,9.457919e-22,1.01586516e-19,1.0841656e-10
660000,450,475,0,-2.1784905e-13,7.6811335e-11,1.6198524e-12,2.9566204e-17,4.006687e-15,3.0669645e-10
660000,484,324,0,-3.0547627e-13,7.870201e-12,3.732236e-14,9.143271e-21,3.1265408e-20,1.2280688e-10
660000,380,355,0,5.21967e-10,1.6139291e-11,4.079394e-14,4.5911723e-21,2.8239835e-19,2.0129164e-11
660000,6,235,0,-1.0354017e-12,8.673374e-11,3.060664e-11,6.745948e-13,1.3133207e-12,3.5286225e-09
660000,128,345,0,2.4782126e-10,2.007451e-11,1.9945687e-22,1.82163e-40,2.3541894e-15,3.1092913e-09
660000,210,466,0,9.8750175e-12,3.756808e-11,9.98056e-15,5.7583135e-23,2.4247054e-12,3.2158443e-09
660000,30,7,0,-8.4226604e-13,8.409137e-11,1.188082e-13,2.1734532e-19,3.1439317e-12,3.3073373e-09
660000,429,238,0,2.0970453e-10,4.802196e-11,2.2288476e-14,7.4872785e-22,1.2534722e-14,3.017005e-09
660000,52,496,0,-1.5227227e-12,1.1575073e-10,8.414775e-11,1.9017461e-11,8.866666e-12,3.4549383e-09
660000,499,371,0,-7.2228595e-13,1.3340904e-11,2.5435548e-13,4.447786e-18,2.2700564e-21,3.4659065e-09
660000,241,447,0,4.5496992e-10,8.808082e-12,5.2463897e-17,4.155335e-28,5.4094957e-24,3.0993337e-09
660000,482,451,0,-7.5787e-13,1.095797e-10,1.1288241e-11,1.3840749e-14,2.7644801e-11,3.4135732e-09
660000,412,200,0,2.063745e-10,2.6033104e-11,8.043843e-13,5.664934e-18,7.813687e-17,3.1649032e-09
660000,273,482,0,-7.6853454e-13,9.206432e-11,6.657681e-13,3.237967e-18,5.202404e-11,3.0540215e-09
660000,456,412,0,1.8555592e-10,3.3122793e-11,7.813318e-12,9.451434e-15,3.6490424e-12,3.1219647e-09
660000,401,434,0,5.3563703e-10,6.870033e-11,7.657745e-14,1.248705e-19,8.471619e-14,3.0870055e-09
660000,143,128,0,2.7547317e-10,3.7183017e-11,8.211537e-11,1.901714e-11,2.6579e-10,3.017415e-09
660000,42,425,0,1.3782013e-10,5.1157353e-11,4.4523246e-11,3.5533385e-13,4.3592332e-13,3.0867948e-09
660000,264,22,0,-3.590905e-13,1.3730389e-11,1.02657654e-16,3.2013815e-27,1.4132375e-14,1.4879976e-10
660000,373,111,0,7.5627293e-10,3.1446844e-12,4.4601446e-17,2.656206e-27,1.9533936e-26,3.0696237e-09
660000,72,433,0,4.094193e-10,4.9405244e-11,1.9205447e-20,2.168202e-36,1.072023e-13,3.1494378e-09
660000,3,397,0,-8.9691503e-13,6.373547e-11,9.668516e-17,3.8438714e-26,2.8056554e-10,3.2171739e-09
660000,85,448,0,8.0418394e-11,1.4609558e-11,4.540344e-15,8.2230774e-24,1.8334043e-18,3.1221785e-09
660000,113,21,0,2.7601074e-13,4.8315123e-11,2.2264098e-13,3.280427e-19,1.1463097e-13,3.1177811e-09
660000,482,441,0,1.8860659e-13,4.7893665e-11,3.5152735e-11,1.1386273e-12,6.156043e-14,3.7539474e-09
660000,463,170,0,3.3688146e-11,1.5019713e-11,1.0354792e-14,4.723674e-23,9.2060894e-23,3.1124376e-09
660000,25,394,0,2.0562854e-13,2.8818066e-11,7.2620916e-11,4.4140542e-11,8.6647196e-11,1.9641933e-10
660000,23,481,0,-1.5205405e-12,7.594324e-11,6.4714657e-12,2.0864357e-15,1.2358827e-16,3.3070742e-09
660000,458,207,0,7.006487e-11,2.819047e-11,1.5747738e-11,1.12528354e-13,1.3312321e-14,5.3055005e-11
660000,126,57,0,1.6215261e-09,6.698833e-11,1.02456584e-13,9.815766e-20,2.8852462e-10,1.0823181e-10
660000,178,473,0,5.090985e-12,6.056581e-11,2.0116806e-11,7.228811e-14,4.584967e-13,3.1133847e-09
660000,73,56,0,6.99423e-10,5.0357687e-11,3.392434e-15,7.320667e-24,3.7290275e-11,3.1630623e-09
660000,477,456,0,-2.86339e-13,1.2198485e-10,3.9735264e-11,5.79385e-13,2.3379085e-09,3.2939442e-09
660000,19,58,0,-2.289962e-13,1.0937472e-10,2.4964128e-14,2.36724e-21,4.9152457e-13,3.1849874e-09
660000,487,18,0,-1.8841684e-12,1.2978238e-10,8.1095466e-13,9.665563e-18,1.4192447e-12,3.4982404e-09
660000,7,41,0,-7.614972e-13,5.208051e-11,5.2756313e-11,1.9632601e-11,1.41195285e-11,3.413905e-09
660000,286,439,0,9.850329e-10,5.1428403e-11,4.7147967e-12,6.651321e-16,1.0051286e-13,3.0473795e-09
660000,360,484,0,-9.577304e-13,4.3139454e-11,3.1896565e-11,4.795141e-13,1.8586773e-14,3.0382268e-09
660000,142,341,0,4.8144777e-10,9.657233e-12,1.2889908e-13,6.479288e-19,2.7248955e-20,2.9935991e-09
660000,44,382,0,1.03474396e-10,2.5214799e-11,7.1430695e-11,3.9501115e-12,5.3511373e-13,3.224842e-09
660000,477,144,0,1.3389598e-12,4.7192868e-11,3.2554886e-11,1.3531815e-12,3.0917155e-12,3.0808658e-09
660000,25,477,0,-1.5262392e-12,1.0525258e-10,6.3833406e-13,6.6840536e-18,2.7254317e-09,3.226258e-09
660000,151,475,0,8.6873364e-12,6.04979e-11,5.11201e-14,2.1560716e-20,2.2252742e-12,3.0419152e-09
660000,482,269,0,-2.763129e-13,5.1929402e-11,3.0416415e-15,1.9808218e-23,2.5265035e-12,3.1058482e-09
660000,35,47,0,3.9427537e-12,9.737731e-11,8.8903494e-14,1.3860855e-20,3.648669e-10,3.294955e-09
660000,456,126,0,4.0460146e-11,2.0423266e-11,1.7326661e-11,2.2325157e-13,1.0879021e-14,3.2669294e-09
660000,88,107,0,7.918965e-11,2.4666784e-11,1.6728262e-12,1.2151314e-16,9.852056e-19,3.0064613e-09
660000,39,373,0,5.8091584e-11,6.8601765e-12,5.2785536e-12,9.941299e-16,8.978895e-19,4.0581918e-10
660000,63,6,0,-1.1850957e-12,6.3911966e-11,2.683487e-11,9.9093375e-14,2.6664718e-15,3.3709486e-09
660000,488,253,0,-6.523952e-13,3.2582267e-11,6.6841586e-14,4.3799322e-21,3.4710479e-19,3.1394858e-09
660000,233,122,0,1.0554826e-09,8.012011e-14,1.0623405e-18,6.1630995e-31,1.00829136e-29,3.0841782e-09
660000,6,15,0,-7.1203547e-13,6.382042e-11,5.6369267e-11,9.887545e-13,2.3566002e-09,3.5360987e-09
660000,3,15,0,-4.2220126e-13,1.00381654e-10,8.493328e-12,1.803e-15,2.7226494e-12,3.3568444e-09
660000,233,36,0,1.3481568e-11,1.9730226e-11,1.19058634e-11,2.5904275e-14,5.6327665e-16,3.057804e-09
660000,179,8,0,-8.468943e-13,4.587242e-11,8.285351e-11,1.9594237e-12,1.7358285e-13,3.0778264e-09
660000,0,126,0,-9.464197e-13,4.733409e-11,1.1260251e-12,1.489109e-17,1.5882082e-15,3.3377048e-09
660000,409,460,0,9.904703e-12,8.330687e-11,2.4203223e-11,6.553205e-14,2.3458687e-12,3.1602594e-09
660000,54,157,0,9.3555955e-11,9.298629e-11,1.6240469e-15,1.1039083e-24,2.5052685e-10,3.0790497e-09
660000,234,176,0,6.201755e-10,9.46278e-16,3.292669e-32,0.0,0.0,3.0023866e-09
660000,122,448,0,1.07540636e-10,8.865313e-11,3.1128952e-14,5.708331e-21,1.6000482e-11,3.0284037e-09
660000,462,62,0,4.2241474e-11,3.338055e-11,2.853813e-13,1.3732502e-18,2.3889987e-11,3.2405005e-09
660000,324,121,0,8.1942286e-10,9.995015e-12,6.44971e-31,0.0,1.8102287e-17,1.37662035e-11
660000,329,411,0,5.2208926e-10,4.2307675e-11,5.4772753e-12,2.349075e-15,3.9836425e-15,6.894797e-11
660000,171,430,0,2.416899e-10,3.4862393e-12,3.2062734e-11,1.7618753e-12,2.9492847e-13,3.1989527e-09
660000,169,469,0,1.4022431e-11,6.027033e-11,5.370785e-13,2.5144072e-18,3.3250777e-11,3.0782474e-09
660000,6,203,0,-5.1231746e-13,4.267472e-11,1.0451436e-11,1.0823892e-14,3.8303402e-11,3.0559781e-09
660000,359,470,0,-7.504764e-14,8.235682e-11,6.2017266e-11,3.7285184e-12,2.2189437e-09,3.0783263e-09
660000,486,235,0,-6.5735807e-13,6.276406e-11,3.0325977e-19,4.0474046e-30,2.3391584e-14,3.2872403e-09
660000,88,146,0,2.537496e-10,4.471691e-11,4.390079e-13,1.0567729e-17,8.1757563e-16,3.0743474e-09
660000,68,439,0,4.800086e-10,3.365607e-11,3.6141943e-15,2.866914e-24,2.2351341e-11,3.478142e-09
660000,50,151,0,8.03035e-11,8.180431e-11,1.3150263e-12,8.127438e-17,2.456516e-10,3.1755654e-09
660000,23,4,0,-6.5339303e-13,8.347128e-11,5.018128e-11,1.0810814e-12,2.5176861e-12,3.2937146e-09
660000,274,78,0,5.5177907e-10,2.4731555e-11,6.98457e-15,2.8510332e-23,1.9779548e-11,1.6696851e-10
660000,137,308,0,8.9974705e-10,2.682074e-12,2.5116061e-20,2.7300262e-35,1.4463123e-24,3.0142377e-09
660000,361,81,0,1.1228833e-09,3.62972e-11,1.5749863e-11,1.0265888e-13,2.7755177e-12,3.6937997e-09
660000,393,343,0,1.6162681e-09,5.904372e-11,2.3415055e-11,1.3856186e-13,2.4919296e-14,2.9959022e-09
660000,117,127,0,8.983733e-10,3.5468406e-12,1.5173915e-17,2.2841999e-29,2.7451074e-24,3.0057838e-09
660000,481,59,0,-4.250856e-13,4.856887e-11,1.7489035e-10,3.474063e-11,1.88533e-11,3.3794652e-09
660000,28,50,0,1.4371382e-12,6.538851e-11,7.377948e-12,1.3559854e-15,4.060294e-12,3.1480392e-09
660000,83,117,0,1.7000286e-10,1.6409148e-11,6.072163e-14,6.5133875e-20,1.3191243e-14,3.0017862e-09
660000,52,137,0,1.5734321e-10,1.6861177e-11,1.4061247e-12,1.968383e-16,8.3225376e-19,3.0649643e-09
660000,442,130,0,4.4081833e-10,2.7973686e-11,2.1644799e-14,1.4008628e-20,5.0327157e-19,3.0881588e-09
660000,466,448,0,2.9832144e-11,6.10835e-11,4.8955336e-12,1.1680143e-15,4.4694914e-11,3.7827466e-09
660000,96,343,0,5.113906e-10,4.398343e-14,1.2047564e-14,7.3212966e-22,1.2972741e-27,3.0283749e-09
660000,107,282,0,1.0372969e-09,9.4147684e-12,3.2008023e-18,4.8132732e-30,6.108577e-16,2.9970928e-09
660000,339,281,0,8.824127e-10,7.723599e-12,5.4795505e-11,3.9260734e-12,5.607376e-13,3.0075877e-09
660000,426,468,0,1.6459965e-12,6.5989034e-11,9.521338e-18,8.3181444e-29,3.429776e-11,3.2016527e-09
660000,100,377,0,8.191489e-10,7.576732e-12,1.11541784e-13,3.5643096e-20,3.7319944e-22,3.0512932e-09
660000,498,472,0,-3.2630273e-13,6.510646e-11,4.6242294e-12,1.3645722e-14,1.8602754e-14,3.097065e-09
660000,338,146,0,6.6856737e-10,1.9772938e-11,2.2064147e-29,0.0,1.2764746e-19,3.0306044e-09
660000,220,51,0,3.1999817e-10,2.0754351e-11,4.9059725e-17,2.111603e-26,1.6465811e-17,3.0604204e-09
660000,19,0,0,-8.4304844e-14,1.9096976e-11,1.6673905e-12,1.8718654e-16,1.5438362e-11,2.7269211e-09
660000,17,11,0,-1.2975567e-12,1.2214145e-10,2.4090877e-12,4.8267666e-17,1.75568e-11,3.5209038e-09
660000,350,462,0,1.0780236e-11,5.396537e-11,1.7536351e-13,6.8127216e-20,4.5433792e-11,3.1483753e-09
660000,176,95,0,7.4401885e-10,4.7527124e-13,3.4167252e-11,1.2763887e-13,2.7306165e-15,3.060997e-09
660000,263,55,0,6.3993144e-11,2.2021917e-11,1.7454882e-17,1.3581738e-27,1.5057748e-17,3.0219902e-09
660000,316,215,0,3.8338105e-10,1.5364265e-11,1.5873816e-19,1.2432688e-32,9.3755595e-18,9.988998e-12
660000,167,432,0,2.8067978e-10,2.2767843e-09,1.5749577e-11,1.0265888e-13,4.11881e-09,1.9509325e-10
660000,220,495,0,-1.2044267e-11,2.3576219e-09,2.829828e-15,1.2010338e-22,4.1392334e-09,2.250475e-10
660000,270,457,0,3.059367e-11,2.5956886e-11,2.3148698e-11,1.9907833e-13,1.639664e-14,7.602148e-11
660000,214,361,0,9.468979e-10,7.5919444e-12,3.7653733e-16,2.5732722e-25,4.8588305e-19,5.206093e-12
660000,244,484,0,-6.3388834e-13,3.5615497e-11,7.2443365e-15,9.3093854e-24,9.241914e-15,2.2158018e-10
660000,42,468,0,2.2531885e-12,1.06314325e-10,8.147906e-12,7.418376e-15,2.3435635e-11,6.740593e-11
660000,72,395,0,2.8633765e-10,3.7579575e-11,6.3383984e-16,1.9304334e-25,1.5053932e-13,1.4701791e-10
660000,145,277,0,9.618283e-10,4.700843e-11,1.1179427e-19,3.3316313e-32,2.6455967e-15,1.247604e-11
660000,135,468,0,2.7520096e-11,8.600578e-11,6.5784526e-15,8.5212496e-23,2.2351357e-11,7.0591298e-12
660000,475,357,0,3.3552908e-13,3.1300212e-11,4.5312285e-11,4.8646152e-12,9.12123e-13,1.0062716e-10
660000,427,248,0,3.000428e-10,5.1413002e-11,1.1532314e-12,1.98817e-17,1.07534214e-13,8.930787e-11
660000,111,295,0,1.0511089e-09,2.137148e-12,1.1799761e-21,1.681736e-37,5.554126e-24,7.323686e-11
660000,410,385,0,9.3035205e-11,5.115187e-11,2.3922715e-19,2.8162246e-33,3.3249747e-10,1.5710212e-10
660000,444,90,0,7.310488e-10,3.889749e-11,1.1943296e-13,4.137817e-20,2.3651722e-17,1.9607124e-10
660000,319,359,0,8.6257557e-10,3.803167e-13,1.0432456e-17,2.3193306e-27,3.6991948e-33,7.674664e-12
660000,197,489,0,-1.9368396e-12,1.2493624e-10,3.5316687e-11,1.4812689e-12,7.140619e-13,8.573343e-11
660000,75,414,0,9.291828e-10,3.037193e-11,1.5749579e-11,1.0265888e-13,1.9384379e-15,1.9204235e-10
660000,354,316,0,1.9056991e-10,6.1773993e-12,6.66348e-16,7.237126e-26,3.6669647e-23,1.5199836e-11
660000,241,133,0,7.8847995e-10,4.6127847e-18,5.3405453e-12,2.1643411e-15,2.7314337e-18,1.04449895e-11
660000,408,445,0,1.1685466e-10,4.321695e-11,1.8755416e-12,1.2291537e-16,8.476297e-15,2.6839603e-10
660000,18,165,0,-7.373767e-13,3.8763926e-11,2.7112606e-14,2.0596016e-21,2.0505993e-16,5.419775e-11
660000,444,293,0,1.148786e-10,4.446264e-11,8.351743e-12,2.548186e-14,2.8004854e-10,1.0295409e-10
660000,496,296,0,-8.139012e-13,4.5610342e-11,1.860455e-12,2.912687e-16,2.9371733e-10,2.9702377e-10
660000,460,467,0,2.4008675e-12,5.1984864e-11,1.7173363e-11,2.543535e-13,4.540155e-11,3.1494332e-09
660000,18,355,0,-3.2012262e-13,2.442141e-11,1.9071719e-13,8.775101e-20,1.04740666e-16,1.6686336e-10
660000,296,485,0,-4.2527394e-13,3.8249483e-11,7.92538e-12,3.717392e-15,2.1051854e-12,1.1126844e-09
660000,63,130,0,4.1407228e-10,1.6486408e-11,1.3659855e-14,2.8709268e-21,3.6042143e-20,3.2076974e-09
660000,434,315,0,1.5417363e-09,9.934055e-12,1.6290575e-14,4.9293684e-22,2.5123815e-19,3.2160061e-09
660000,21,117,0,-2.3947925e-13,3.001376e-11,1.8440424e-14,2.706477e-22,4.828355e-19,2.0636533e-10
660000,70,7,0,-1.2290111e-12,4.9642217e-11,8.596702e-11,1.1742077e-10,6.531168e-10,2.1190688e-10
660000,247,43,0,3.9468675e-11,6.096757e-12,6.7747356e-11,4.1776714e-11,8.8719296e-11,3.3057272e-09
660000,180,455,0,1.654707e-10,2.2733511e-11,3.186498e-11,2.842948e-13,8.6530396e-15,3.13751e-11
660000,493,276,0,-8.803941e-13,5.3474336e-11,1.8403754e-10,5.867325e-11,5.456482e-11,6.9833606e-10
660000,200,17,0,3.7428182e-13,4.8716874e-11,4.734837e-11,4.7153175e-12,3.1413358e-10,2.594141e-10
660000,139,476,0,5.740737e-12,1.0002074e-10,4.5840162e-17,6.8232285e-27,1.07973e-12,3.0643208e-09
660000,451,255,0,4.1308446e-10,2.2822601e-11,4.3208756e-15,5.2873698e-24,5.3357705e-15,3.098453e-09
660000,445,32,0,2.5723637e-11,5.7501615e-11,3.661559e-12,2.307555e-15,6.3187684e-16,3.398951e-09
660000,242,9,0,-8.3696917e-13,4.2309344e-11,4.3866366e-14,1.5608958e-21,1.4707941e-16,1.00974576e-10
660000,89,435,0,5.398306e-10,3.817477e-11,4.108606e-14,1.0501434e-18,2.2178685e-13,1.07211885e-10
660000,18,38,0,-1.2933266e-12,7.262359e-11,3.8115715e-11,3.4628753e-13,2.6853597e-14,3.128364e-09
660000,454,18,0,-1.1210339e-12,9.9267365e-11,5.7772207e-12,2.355831e-15,9.392901e-15,3.497777e-09
660000,94,14,0,-9.916599e-13,5.4993746e-11,1.13784114e-10,1.6200161e-11,3.674703e-11,3.5838255e-09
660000,67,69,0,6.14228e-10,4.431262e-11,3.4622591e-09,7.191878e-10,1.1532665e-09,1.8305032e-10
660000,96,34,0,7.0963565e-12,5.695082e-11,1.9135197e-11,4.5632633e-14,1.7302408e-13,3.1575331e-09
660000,310,42,0,7.923018e-11,3.573501e-11,8.277167e-12,4.852361e-15,1.0722649e-13,1.3858106e-10
660000,194,42,0,1.7470118e-10,1.867449e-11,1.3721314e-12,2.5269036e-16,8.1433504e-16,1.3925655e-10
660000,26,273,0,1.33444185e-11,8.047865e-11,1.5967944e-11,1.1252847e-13,5.4860267e-13,3.1522238e-09
660000,91,472,0,3.1641004e-14,4.007077e-11,1.7360065e-11,2.0792717e-13,5.530921e-13,4.2278347e-10
660000,301,433,0,1.4288654e-09,8.8961796e-11,1.7127554e-15,1.9217024e-23,3.0537473e-10,5.9253547e-11
660000,452,274,0,2.5787694e-10,6.490892e-11,7.968001e-14,6.6211818e-21,3.0119654e-10,9.3163526e-11
660000,11,211,0,-4.4543143e-13,1.1054852e-11,3.4682637e-09,7.191894e-10,1.1532664e-09,2.171463e-10
660000,431,12,0,-7.7777856e-13,4.9294683e-11,3.1108342e-19,1.4624113e-25,6.348146e-16,3.2222989e-09
660000,326,495,0,-8.0263915e-13,5.4468874e-11,3.3208544e-11,8.0111026e-13,3.0506307e-12,3.660413e-10
660000,100,14,0,-9.601874e-13,3.294864e-11,5.996069e-12,1.3498155e-15,4.8271663e-18,3.2498038e-09
660000,35,241,0,2.7952723e-11,5.978825e-11,1.654707e-13,5.710837e-19,1.2289721e-12,3.1014338e-10
660000,32,150,0,1.3174476e-12,6.377262e-11,1.529462e-12,1.5750932e-17,3.01101e-10,3.0389407e-09
660000,100,3,0,-9.947393e-13,3.300315e-11,5.0256896e-11,1.689049e-12,2.1048477e-11,3.429878e-09
660000,271,487,0,-9.390604e-13,7.9413184e-11,3.1820733e-12,6.3731484e-16,3.0357317e-10,3.0460008e-09
660000,92,137,0,3.101184e-10,4.9335806e-11,1.6188622e-11,1.0265972e-13,4.5944063e-14,8.752759e-11
660000,475,486,0,-1.4091963e-12,1.234973e-10,1.348564e-10,2.3660646e-11,3.03809e-10,3.302865e-09
660000,215,468,0,5.8507092e-12,2.0750856e-11,2.2777006e-14,4.561935e-22,1.6762499e-17,2.0785179e-10
660000,336,56,0,3.894992e-10,1.4063667e-12,3.987083e-13,9.877046e-19,2.3536719e-23,1.0601239e-10
660000,413,341,0,2.0634734e-09,3.0424368e-11,2.675325e-12,1.0419447e-15,2.961974e-10,1.7468034e-11
660000,468,387,0,4.17381e-12,9.858842e-12,6.843007e-11,4.9382135e-12,8.788317e-13,3.09758e-09
660000,378,26,0,1.1368839e-11,7.89377e-12,1.2696762e-13,3.1594823e-20,1.3425862e-20,1.4277528e-10
660000,124,419,0,4.8095183e-10,6.48326e-11,2.0802266e-12,1.3806993e-16,7.4581414e-14,3.0913383e-09
660000,281,440,0,5.913294e-10,8.699413e-11,2.8837746e-11,8.252221e-13,6.201614e-14,3.0937175e-09
660000,165,419,0,2.6366706e-10,4.3155743e-11,9.511209e-18,1.07236216e-29,1.1035764e-12,8.7891715e-11
660000,475,315,0,1.3877361e-12,8.644644e-11,5.1619438e-11,4.5571355e-12,2.5127516e-11,3.0416618e-09
660000,24,105,0,2.7889995e-12,1.0268344e-10,8.280384e-12,6.059239e-15,7.776742e-12,1.0911993e-10
660000,110,448,0,5.1633867e-11,7.745667e-11,6.0310215e-11,1.9815294e-11,1.2818143e-11,3.2769178e-09
660000,260,443,0,1.6430424e-10,8.3978366e-11,4.973553e-13,8.544132e-18,2.186381e-11,3.1369338e-09
660000,21,244,0,4.2032556e-13,7.2840504e-11,4.9283723e-11,5.1375527e-12,1.0977148e-12,3.1841387e-09
660000,365,428,0,9.1239356e-11,5.0094703e-11,1.2423066e-14,6.72184e-22,3.3389948e-15,3.0332519e-09
660000,350,346,0,8.613928e-10,1.0621808e-11,8.940768e-20,1.5676542e-34,2.8967468e-18,3.4505513e-12
660000,81,110,0,1.2527726e-10,1.476472e-11,2.9250005e-12,1.4339469e-15,1.9741363e-17,7.153859e-11
660000,332,33,0,1.1409566e-11,1.9110522e-11,2.3855882e-13,9.577884e-19,4.089842e-18,3.4326586e-10
660000,23,282,0,4.2880964e-12,2.605105e-11,3.6769086e-12,1.5802551e-16,6.1658315e-15,1.5406504e-10
660000,473,396,0,1.0395978e-12,1.8455867e-11,1.0731664e-12,1.2190545e-17,1.0544654e-17,2.3422095e-10
660000,145,431,0,3.9037523e-10,4.5469187e-11,8.161605e-18,1.2721491e-29,3.9317157e-11,3.0782417e-09
660000,46,228,0,3.5092976e-10,9.73828e-11,2.2108631e-11,1.8096127e-13,6.1546757e-10,3.3369116e-09
660000,35,145,0,4.7893733e-12,7.5445025e-11,2.9664e-11,9.0006523e-13,2.170742e-09,2.4014338e-10
660000,308,428,0,1.6654859e-09,5.6603087e-11,1.7301832e-16,1.336224e-25,1.41877985e-11,7.189299e-11
660000,213,442,0,8.751309e-10,3.9317508e-11,3.9152218e-15,1.02557856e-22,1.7331705e-13,2.3495575e-10
660000,490,454,0,-1.0978749e-12,4.7787198e-11,5.4709993e-11,4.117348e-12,8.1158897e-13,3.583488e-09
660000,441,241,0,7.1647394e-10,4.122681e-11,1.569093e-11,8.857325e-14,2.2479109e-15,3.0243836e-09
660000,35,363,0,1.458835e-11,6.5474397e-12,5.6143237e-12,1.990634e-15,2.4453655e-18,2.5202043e-10
660000,471,433,0,2.526661e-11,6.442718e-11,1.0242085e-14,8.732589e-23,8.527356e-13,4.4223983e-10
660000,32,124,0,4.480121e-12,3.1450394e-11,8.558871e-13,6.101967e-18,1.1838425e-12,2.8050737e-11
660000,126,4,0,-1.0323342e-12,3.148066e-11,4.8607832e-12,2.6551722e-16,5.237065e-19,5.083828e-10
660000,431,466,0,6.018491e-12,1.01724656e-10,3.3705955e-15,6.3057423e-24,2.7762007e-12,3.9336548e-10
660000,93,23,0,-3.9267954e-13,7.902503e-11,3.5791866e-12,2.1032835e-16,5.163669e-11,3.296067e-09
660000,337,416,0,6.323975e-10,1.462559e-11,1.5174337e-11,2.7674288e-14,1.2897735e-16,7.662724e-11
660000,32,146,0,1.7466611e-12,7.137054e-11,1.9493043e-11,5.3104863e-14,1.7737573e-13,7.993456e-11
660000,78,18,0,-8.9548003e-13,5.3180595e-11,3.663977e-11,1.0298172e-12,6.687897e-14,3.1838294e-09
660000,69,254,0,1.2417553e-09,2.9613808e-11,1.5088874e-12,6.558099e-18,1.9055847e-13,3.1507854e-09
660000,411,483,0,-1.3961923e-12,7.0651145e-11,1.5543655e-13,5.6010984e-20,2.446464e-13,3.254755e-09
660000,24,182,0,9.563853e-13,6.84614e-11,4.2493144e-15,3.8512508e-23,3.9045284e-11,5.2169685e-10
660000,18,19,0,-1.4665354e-12,9.812565e-11,1.6751413e-12,1.448335e-16,5.312388e-14,5.449042e-10
660000,112,154,0,1.13123545e-10,4.2755795e-11,2.0939984e-11,3.7085667e-14,3.2249134e-11,3.2051324e-09
660000,453,444,0,3.5949008e-10,6.855104e-11,5.8321442e-12,3.7147684e-15,2.298229e-13,9.972388e-11
660000,476,155,0,2.3061884e-12,3.1937265e-11,3.4622596e-09,7.191878e-10,1.1532667e-09,1.0091215e-10
660000,436,475,0,-2.7286913e-13,1.0832331e-10,1.5957373e-11,1.2995475e-14,4.3428306e-11,3.4948011e-09
660000,495,25,0,-1.6415283e-12,1.1105766e-10,1.610571e-12,1.4392431e-17,1.3728726e-12,3.2196237e-09
660000,446,322,0,6.609194e-10,3.8039665e-11,1.8313527e-17,6.965399e-28,3.6278102e-11,3.1730818e-09
660000,440,359,0,3.5741846e-10,5.4506757e-11,3.8182318e-12,1.6958674e-16,3.2189584e-10,3.0753853e-09
660000,411,435,0,3.8988707e-10,4.8437174e-11,4.3498482e-16,3.493823e-26,6.384274e-13,3.1229377e-09
660000,141,37,0,5.6624722e-11,4.6591103e-11,1.12052815e-11,3.2101156e-14,1.0447216e-14,1.671209e-10
660000,56,18,0,-1.0391841e-12,4.1235206e-11,4.4582506e-12,7.9045533e-16,3.5319398e-13,2.286683e-10
660000,448,460,0,4.2273716e-11,4.598275e-11,2.3037316e-15,5.4514197e-24,2.7954003e-17,3.3193799e-09
