mcsteps,xCOM,yCOM,zCOM,il8,il1,il6,il10,tnf,tgf
410000,58,260,0,2.8014886e-09,1.2629655e-11,1.374464e-16,4.0231176e-26,3.630291e-21,1.532265e-11
410000,127,278,0,2.198884e-09,7.957002e-13,1.5183663e-10,5.841096e-11,6.154412e-11,3.6826348e-16
410000,320,86,0,2.9500982e-09,1.7197407e-12,1.2688452e-16,4.1967923e-25,1.1755706e-24,3.739369e-11
410000,426,147,0,2.3185978e-09,1.9342757e-12,4.5261364e-16,1.5509144e-24,1.4434524e-27,9.3698486e-11
410000,389,77,0,2.2991706e-09,3.013169e-12,1.9031738e-12,8.623164e-17,4.933781e-20,1.7816029e-10
410000,76,141,0,2.0684292e-09,3.677018e-12,3.6034214e-16,6.000328e-25,2.1380813e-24,5.2411207e-14
410000,126,316,0,2.7231104e-09,1.9426025e-11,2.3723946e-27,1e-45,1.24600945e-17,7.082883e-13
410000,438,319,0,2.6404936e-09,1.1915757e-11,1.33563836e-20,8.336822e-35,1.8282378e-19,2.6615703e-11
410000,395,187,0,2.3173754e-09,1.6506412e-10,1.07745e-15,1.4563262e-22,1.2004196e-10,1.0494858e-10
410000,271,255,0,2.471668e-09,3.407838e-14,0.0,0.0,2.2294347e-33,1.8499087e-15
410000,383,67,0,2.4336508e-09,1.0576881e-11,8.5473317e-13,9.330336e-18,3.0815803e-20,8.325383e-12
410000,137,99,0,1.9964461e-09,7.625987e-11,9.021857e-18,2.2408597e-27,2.6159688e-14,3.678058e-11
410000,392,314,0,2.4540834e-09,3.668025e-17,2.2285432e-22,1.2899252e-38,0.0,3.1235795e-11
410000,73,326,0,2.2697246e-09,3.4736435e-16,9.428769e-29,0.0,2.6013483e-38,3.2694805e-11
410000,209,54,0,2.119387e-09,1.06688894e-10,4.3472594e-21,1.6762532e-34,5.5476964e-12,7.4925347e-13
410000,323,205,0,2.1707345e-09,3.4670884e-12,5.470747e-17,2.6953707e-26,4.040515e-22,7.526956e-12
410000,94,376,0,2.2157598e-09,1.7503613e-11,1.07131675e-16,2.383044e-26,8.225992e-18,5.0012983e-11
410000,394,426,0,2.2738826e-09,1.6973851e-11,3.6048962e-22,6.9523964e-37,1.3796163e-19,1.185714e-11
410000,203,425,0,3.1900584e-09,4.7071427e-12,2.1218262e-12,1.5250422e-16,1.0241654e-19,5.09356e-12
410000,261,127,0,2.4333622e-09,7.669966e-12,7.397592e-21,9.5442473e-35,1.1320254e-18,1.3229954e-12
410000,404,107,0,2.7887443e-09,1.18197275e-11,3.61823e-15,1.3252042e-22,3.979825e-18,5.1460815e-12
410000,188,196,0,1.9654416e-09,6.173527e-12,1.1487213e-18,5.8247754e-30,7.101907e-22,6.47037e-14
410000,385,429,0,2.6485747e-09,2.9365347e-11,6.965241e-14,3.401438e-20,3.090246e-14,1.0043575e-11
410000,233,290,0,1.972163e-09,1.924476e-26,2.29734e-40,0.0,0.0,3.4018794e-24
410000,201,360,0,2.3110533e-09,1.9432975e-13,1.1619558e-27,0.0,7.7510093e-32,8.61671e-12
410000,349,67,0,2.427318e-09,2.010545e-11,3.7740755e-11,6.2944094e-13,5.3136884e-14,1.6555002e-11
410000,66,315,0,2.1736069e-09,1.2172664e-11,9.6751727e-29,6e-45,1.6781782e-17,1.5935113e-11
410000,205,431,0,3.4407746e-09,2.10468e-11,4.0743923e-12,3.0443396e-16,1.0617808e-16,8.4160345e-11
410000,209,220,0,2.632244e-09,1.1660006e-11,5.950364e-20,1.7927353e-29,2.0236912e-18,4.525422e-11
410000,77,278,0,3.1177632e-09,3.0988354e-11,2.1269536e-21,2.2870436e-35,3.6761677e-18,3.6716553e-11
410000,108,363,0,2.1047488e-09,2.68571e-11,1.4548366e-11,1.49774e-14,2.6444038e-13,2.180675e-10
410000,91,389,0,2.3284588e-09,1.3960246e-11,3.9934328e-12,5.2755144e-16,1.7756538e-18,2.1560982e-11
410000,156,431,0,2.0029611e-09,5.1170283e-12,1.3393105e-19,8.0655125e-31,1.7296391e-22,4.3078954e-11
410000,407,267,0,2.098083e-09,1.3466676e-11,3.197775e-25,2.48602e-40,2.0191602e-21,3.5355776e-12
410000,268,393,0,2.162222e-09,4.773426e-13,2.9651513e-16,1.0952076e-24,6.3147415e-31,2.596111e-11
410000,242,397,0,2.3340252e-09,3.85909e-11,5.31415e-29,0.0,3.0845172e-14,1.1604549e-11
410000,440,84,0,2.2540785e-09,2.1916984e-11,7.3764345e-12,3.1234863e-15,4.1323277e-15,1.15620916e-10
410000,446,77,0,2.1970081e-09,8.504245e-12,1.168959e-12,3.540852e-17,1.8037822e-20,8.884892e-11
410000,415,128,0,2.9389429e-09,1.3716196e-11,4.312282e-15,2.8661695e-21,6.4624015e-20,6.1184106e-11
410000,389,155,0,2.2048254e-09,4.5713374e-11,1.921561e-11,3.850574e-14,1.0782633e-11,6.433266e-11
410000,307,424,0,2.362412e-09,1.2398949e-11,1.3191004e-19,2.4162653e-31,1.96038e-20,2.1400989e-11
410000,335,203,0,2.4843396e-09,2.6494015e-15,1.7346181e-14,5.0791523e-21,6.609562e-26,2.0193117e-10
410000,59,186,0,2.225398e-09,5.478021e-12,3.7229649e-13,5.70805e-18,1.2542298e-21,3.762903e-11
410000,53,272,0,2.2187774e-09,2.962718e-11,9.867231e-14,8.754916e-20,2.3437498e-17,1.7683943e-11
410000,309,73,0,2.1023512e-09,6.003174e-12,1.6480634e-12,3.605721e-16,9.18433e-19,3.335728e-13
410000,188,399,0,2.0120094e-09,5.5962727e-13,1.3098534e-15,9.895594e-22,8.9948034e-26,4.0860662e-11
410000,378,108,0,2.0707467e-09,4.3389093e-13,8.153115e-15,7.5595245e-21,3.7769864e-25,7.310541e-12
410000,377,253,0,2.5212497e-09,3.5674023e-11,1.8114724e-21,5.1954953e-36,1.4579939e-15,1.0583904e-11
410000,168,209,0,2.0654256e-09,1.6299193e-13,0.0,0.0,3.5528663e-33,2.1508271e-13
410000,66,90,0,2.1804627e-09,7.384952e-11,3.7028333e-15,7.014925e-22,2.3325897e-10,1.641105e-11
410000,396,334,0,2.2886115e-09,2.692442e-11,7.9994744e-17,4.0378154e-26,1.4899768e-15,1.5022277e-13
410000,189,249,0,2.9065068e-09,2.0421637e-11,2.8212003e-37,0.0,3.0717243e-17,4.1581045e-13
410000,279,428,0,2.0035786e-09,8.376507e-12,2.1932658e-14,2.4014178e-21,3.018761e-20,9.402751e-11
410000,346,344,0,2.2135125e-09,4.594506e-12,2.9843555e-25,1.082e-42,2.6923276e-24,4.306481e-12
410000,432,130,0,2.241016e-09,1.6408395e-11,5.543429e-24,4.2210487e-38,1.3241065e-21,8.898547e-11
410000,442,274,0,1.994529e-09,1.2287525e-12,6.12071e-14,1.6958093e-19,2.0450435e-23,8.985267e-12
410000,438,54,0,2.0899187e-09,9.268978e-11,7.065229e-13,1.2241125e-17,1.3139029e-14,5.3818963e-11
410000,299,337,0,3.7655448e-09,3.0501251e-18,1.12463325e-29,0.0,0.0,1.2730638e-13
410000,341,111,0,3.3155918e-09,5.739675e-13,1.6499382e-30,0.0,2.586777e-29,1.4928398e-14
410000,138,267,0,2.5570426e-09,4.4801766e-15,4.650319e-22,2.7097377e-37,1.3e-42,1.6741615e-16
410000,200,246,0,3.4375613e-09,3.0605497e-11,8e-45,0.0,7.548934e-15,1.9755168e-12
410000,292,108,0,2.3370532e-09,8.808465e-12,7.193323e-28,2.8e-44,1.1526744e-20,1.0320374e-11
410000,246,93,0,1.9485578e-09,4.786681e-12,1.1644595e-16,1.8545274e-25,4.5306096e-23,3.3401568e-10
410000,296,339,0,3.5330379e-09,1.355157e-19,1.4113457e-31,0.0,0.0,5.267559e-15
410000,194,71,0,2.2567153e-09,1.861734e-11,1.7730203e-15,2.6832883e-23,6.318464e-17,3.691812e-11
410000,64,195,0,2.7021436e-09,3.355901e-11,1.1972188e-17,1.6477961e-26,4.9005994e-17,1.0664762e-10
410000,52,71,0,1.9798128e-09,4.430933e-12,1.0968392e-13,1.4554691e-19,9.090157e-24,4.1500154e-11
410000,402,128,0,2.2477713e-09,3.899919e-12,8.821043e-16,2.094257e-23,2.1156204e-25,7.38794e-12
410000,355,401,0,1.9667186e-09,5.624932e-12,1.6758999e-20,1.1632024e-31,1.6898287e-22,3.645957e-11
410000,439,427,0,2.5774516e-09,3.5483862e-11,1.5686517e-16,1.7942071e-24,9.01745e-18,1.1425647e-10
410000,442,258,0,2.233061e-09,1.8996991e-11,3.379366e-18,1.3606856e-28,1.4337446e-18,4.8333337e-11
410000,389,397,0,2.0115243e-09,2.0035786e-11,9.8919565e-21,1.5745222e-32,1.341091e-19,9.7969355e-11
410000,244,242,0,1.9864397e-09,1.13618395e-20,4.839589e-25,2.2596222e-36,2e-44,3.6212065e-15
410000,71,411,0,2.0610622e-09,2.2993909e-11,3.6530596e-12,1.115277e-15,6.626185e-16,2.1779038e-10
410000,307,376,0,2.250823e-09,2.819369e-13,1.1820919e-16,9.5476606e-26,5.4580416e-28,2.218877e-12
410000,305,254,0,2.0909727e-09,3.1258125e-14,0.0,0.0,2.036092e-34,7.974144e-20
410000,245,440,0,2.131224e-09,3.933823e-13,6.5519037e-13,7.373396e-18,1.2860296e-21,1.3177448e-11
410000,112,181,0,1.984231e-09,3.6561254e-11,1.2089857e-28,0.0,1.0045508e-14,2.6067695e-14
410000,162,315,0,2.3997162e-09,6.527698e-11,9.750244e-21,2.278911e-31,2.7509436e-12,7.327324e-14
410000,354,278,0,2.6793676e-09,2.1365951e-16,3.073638e-19,1.9123583e-29,4.8356043e-37,6.5003715e-13
410000,383,172,0,2.7380864e-09,4.577874e-11,7.172987e-14,1.807501e-20,1.0094335e-15,2.843488e-11
410000,89,263,0,2.3735118e-09,1.1975229e-10,3.656004e-14,1.6266717e-20,7.193608e-12,1.1229686e-11
410000,444,99,0,1.9943858e-09,1.350067e-10,3.120327e-15,2.9414376e-23,2.4248234e-10,1.3771442e-10
410000,89,276,0,2.9387768e-09,2.0603595e-11,3.52993e-15,2.8991093e-22,1.883201e-15,8.833991e-13
410000,293,246,0,2.3480755e-09,6.906319e-11,0.0,0.0,4.431737e-14,2.2761723e-14
410000,207,334,0,2.2302158e-09,9.0869765e-13,5.3310166e-26,3.42e-43,5.7351465e-25,6.856867e-15
410000,280,212,0,2.3460172e-09,1.2271875e-11,0.0,0.0,2.183434e-19,4.8900196e-13
410000,313,59,0,2.0965936e-09,1.4205215e-11,3.2167919e-18,1.5976519e-28,8.495368e-21,1.33794425e-11
410000,238,137,0,2.1805582e-09,1.603656e-23,3.0410312e-12,7.365381e-16,1.596606e-18,1.3398508e-13
410000,285,176,0,2.0965072e-09,2.1503688e-13,8.0718395e-30,0.0,9.10866e-27,7.4626604e-11
410000,132,197,0,2.2545243e-09,8.20576e-11,6.255487e-36,0.0,4.431737e-14,1.10260644e-13
410000,230,143,0,2.2105107e-09,3.1586857e-27,1.3083585e-18,4.7565438e-29,1.006457e-36,4.297987e-12
410000,252,297,0,2.0440947e-09,5.081988e-15,3.0842399e-30,0.0,8.830082e-36,1.4198472e-15
410000,337,257,0,4.2351394e-09,1.379237e-16,8.655957e-30,0.0,1e-45,7.2489665e-13
410000,398,306,0,2.4381868e-09,1.09918476e-13,7.540235e-33,0.0,1.2064331e-30,2.0584086e-12
410000,429,420,0,2.4783402e-09,1.9851457e-11,6.4795602e-15,1.3407722e-22,5.8406654e-17,8.357752e-11
410000,71,218,0,2.2143465e-09,9.825589e-11,1.6242442e-15,2.223328e-22,1.3626938e-14,7.732132e-11
410000,168,403,0,1.9892104e-09,3.337416e-11,1.6849732e-24,3.3321e-41,2.9125543e-16,1.4748765e-12
410000,287,315,0,2.727176e-09,3.9964564e-12,2.7267143e-33,0.0,3.7293832e-20,1.11361705e-10
410000,259,282,0,2.0804707e-09,2.0729151e-15,3.3154004e-32,0.0,1.2937598e-36,7.7218704e-22
410000,252,173,0,2.0293642e-09,2.0189859e-12,1.655e-42,0.0,5.8238144e-21,2.169286e-12
410000,238,428,0,2.5511986e-09,3.1190325e-11,3.3812114e-21,3.4323939e-35,8.337461e-16,2.1934598e-11
410000,229,430,0,2.5015865e-09,3.826341e-11,5.3683383e-17,3.0821923e-26,1.8258566e-15,4.2725617e-10
410000,255,271,0,2.0637652e-09,7.766491e-17,0.0,0.0,0.0,1.3390044e-29
410000,222,130,0,2.5715887e-09,4.515819e-20,2.8608362e-27,7.716e-42,0.0,6.4176563e-12
410000,289,209,0,2.2150137e-09,1.89158e-12,0.0,0.0,1.9573144e-26,3.852184e-11
410000,86,240,0,2.147086e-09,7.614675e-11,8.042287e-15,2.946088e-22,3.5035465e-14,1.6506033e-11
410000,223,352,0,2.593214e-09,6.6597804e-12,5.4165267e-14,5.2459623e-20,1.320299e-20,3.154763e-12
410000,210,268,0,2.0908142e-09,3.1080269e-15,0.0,0.0,5.009634e-36,1.1540126e-15
410000,345,144,0,2.0646724e-09,1.03703865e-10,2.40028e-27,6e-45,1.4235503e-13,2.610577e-12
410000,415,172,0,2.110701e-09,3.977912e-13,1.2520464e-19,6.8954815e-30,9.109877e-31,1.093168e-13
410000,428,370,0,2.232369e-09,4.930202e-11,1.88387e-13,4.682972e-19,2.0737397e-13,5.0152694e-12
410000,396,193,0,2.2682003e-09,6.09453e-11,7.207867e-19,5.160656e-31,6.519896e-17,4.9682606e-12
410000,413,337,0,2.9205494e-09,8.6464925e-11,2.853847e-14,8.864986e-21,6.91619e-14,1.9446889e-11
410000,365,266,0,2.3425744e-09,3.3966523e-14,3.6012758e-25,6.21055e-40,1.0387854e-31,2.8807325e-12
410000,335,335,0,2.6994806e-09,2.5554541e-11,4.064001e-29,0.0,5.817143e-16,8.496421e-12
410000,330,184,0,2.20068e-09,3.4446233e-13,4.5256826e-32,0.0,8.492027e-33,8.926213e-11
410000,434,75,0,2.1610636e-09,6.232082e-11,7.201242e-14,1.8076433e-20,1.220159e-15,2.2057429e-11
410000,403,150,0,2.443291e-09,1.8934907e-11,6.947516e-22,4.6053184e-36,2.8149504e-19,3.1398682e-11
410000,355,213,0,2.2182705e-09,1.4502624e-15,1.0225755e-15,5.215708e-24,2.0198681e-30,9.547027e-13
410000,446,196,0,1.9684692e-09,2.5038038e-11,6.405194e-14,3.8173674e-19,1.6139113e-20,7.385225e-11
410000,150,282,0,2.0742554e-09,1.03085596e-11,1.5016734e-27,3e-45,1.9608688e-20,3.3441557e-12
410000,323,291,0,2.799593e-09,3.2498716e-11,6.367016e-29,0.0,5.5660216e-15,2.8435316e-13
410000,63,445,0,1.9860737e-09,1.865122e-11,1.2726131e-11,1.9530618e-14,1.6298931e-16,5.1850278e-11
410000,369,298,0,2.0187023e-09,1.1401506e-11,1.1811154e-17,4.16883e-28,3.8450764e-20,1.9384471e-13
410000,223,266,0,2.0195332e-09,3.1004597e-14,0.0,0.0,7.5229486e-37,3.420299e-21
410000,444,434,0,2.5374456e-09,1.3959078e-10,8.841744e-13,1.1366041e-17,1.2817764e-10,2.2621767e-10
410000,402,404,0,2.3339533e-09,8.253965e-11,2.2109455e-16,2.0916907e-23,2.2936586e-10,1.6954936e-11
410000,387,86,0,2.2121946e-09,3.3336497e-11,1.0158208e-14,4.560099e-20,2.1319432e-16,1.3271096e-11
410000,324,310,0,2.8964475e-09,4.2314752e-11,1.5e-44,0.0,3.475185e-13,7.437978e-12
410000,211,222,0,2.6613094e-09,7.844513e-12,2.256598e-16,4.613197e-23,4.0572105e-19,1.101243e-11
410000,181,222,0,3.0441674e-09,5.1608386e-14,0.0,0.0,1.618892e-39,6.355064e-16
410000,258,327,0,1.986319e-09,3.4047645e-12,0.0,0.0,1.7295725e-22,4.790962e-13
410000,326,316,0,2.6512958e-09,1.217499e-11,2.2232e-40,0.0,2.5571574e-17,3.3500848e-14
410000,236,433,0,2.6589106e-09,3.6699383e-11,4.6076913e-20,4.7884368e-32,1.8918072e-15,5.4445358e-11
410000,111,290,0,2.2916624e-09,1.4478022e-11,1.3990256e-24,3.929186e-38,4.2515247e-17,4.5122894e-12
410000,313,431,0,2.6595375e-09,1.7575498e-10,2.2098628e-15,1.7074176e-23,6.1433666e-12,6.497579e-11
410000,299,294,0,2.2457256e-09,4.4492323e-11,2.9317442e-34,0.0,6.0158245e-17,3.081978e-15
410000,123,315,0,2.7230995e-09,6.294829e-11,3.2552613e-26,1.5e-44,8.385261e-14,7.995772e-14
410000,193,333,0,2.700156e-09,1.4969737e-14,3.662055e-39,0.0,2.3075263e-35,7.186278e-13
410000,152,89,0,2.0502668e-09,4.4731854e-11,7.533901e-14,2.1184076e-19,6.7392424e-13,2.872935e-11
410000,198,176,0,2.184253e-09,1.9509993e-11,1.4074047e-16,3.7981187e-25,6.7600947e-18,8.402141e-15
410000,327,279,0,2.8962541e-09,5.3757485e-11,6.034485e-20,2.7772451e-30,1.6309972e-13,1.6120707e-14
410000,64,142,0,2.0508621e-09,5.7790005e-11,6.438164e-11,2.8625485e-12,3.4454652e-13,1.00001864e-11
410000,315,110,0,2.4828062e-09,1.0967662e-11,7.3405765e-33,0.0,8.824985e-19,5.771292e-11
410000,350,366,0,2.092188e-09,1.0147562e-11,4.401919e-28,0.0,3.84624e-20,9.543859e-11
410000,323,306,0,2.8058271e-09,8.252067e-12,5.199e-42,0.0,1.6113932e-21,3.290369e-11
410000,417,128,0,2.9249716e-09,5.379448e-12,4.3122934e-15,2.8661695e-21,1.20303765e-23,1.5018933e-10
410000,154,117,0,2.0577413e-09,1.9023995e-12,5.830281e-14,3.509349e-20,1.02535e-24,4.2688842e-11
410000,444,151,0,2.0683804e-09,1.8334043e-11,6.6578907e-15,1.0325738e-21,3.2800067e-18,4.4280187e-11
410000,186,417,0,2.3538218e-09,3.52523e-12,2.6270913e-13,6.5687194e-18,5.4098307e-21,1.01295464e-13
410000,192,245,0,3.5998522e-09,3.0048377e-11,1.35e-43,0.0,8.707935e-15,1.741518e-11
410000,73,66,0,2.229732e-09,4.2849863e-11,4.0020087e-17,6.828811e-27,1.1269577e-16,9.455155e-11
410000,215,351,0,2.3601991e-09,1.945049e-12,3.153111e-11,9.8233135e-14,1.985478e-15,1.886958e-10
410000,267,216,0,2.3179951e-09,8.377757e-14,0.0,0.0,9.283538e-32,1.7727314e-16
410000,114,90,0,2.3172866e-09,3.7302765e-11,4.486568e-16,5.826138e-24,6.7304454e-16,1.296584e-10
410000,204,429,0,3.5684602e-09,1.2806916e-11,7.713171e-12,2.424096e-15,7.018712e-18,5.4684854e-11
410000,365,141,0,2.1306161e-09,5.8743375e-13,2.7335136e-13,9.127967e-19,5.168786e-23,1.0410361e-11
410000,128,63,0,2.7929419e-09,6.260234e-11,3.7708493e-11,8.3376367e-13,7.996658e-14,1.2111659e-11
410000,403,144,0,2.4238265e-09,1.943878e-12,1.764023e-19,1.0610743e-29,1.7382193e-29,6.5327216e-11
410000,412,214,0,2.0067923e-09,3.1214004e-11,3.6255195e-14,5.432649e-21,1.4299751e-13,1.2413436e-10
410000,309,193,0,2.0560353e-09,3.4156294e-15,6.1397483e-38,0.0,5.4541e-41,6.8329915e-16
410000,275,220,0,2.3621416e-09,3.0142533e-13,0.0,0.0,3.2348617e-32,3.1550324e-14
410000,263,196,0,2.25127e-09,2.7972606e-13,0.0,0.0,2.9525862e-27,9.4214164e-11
410000,145,311,0,2.3989764e-09,3.0228592e-18,1.05674085e-17,1.7706311e-26,5.7684233e-33,1.6277812e-11
410000,392,111,0,2.4305276e-09,8.685595e-16,8.1568666e-13,1.1164071e-17,2.0620682e-21,1.5102065e-12
410000,243,62,0,1.9466984e-09,9.5284356e-14,1.5316203e-19,3.2247628e-31,1.1046851e-36,7.130482e-11
410000,296,390,0,2.255274e-09,8.035929e-12,1.1041146e-20,1.996189e-33,2.9465003e-19,1.31878475e-11
410000,220,335,0,2.2590954e-09,6.259599e-11,7.16535e-21,1.5759822e-32,5.1606796e-12,1.2573877e-14
410000,84,372,0,2.1251267e-09,2.2423322e-12,8.624599e-17,2.5430246e-26,2.9342614e-27,6.6658394e-11
410000,76,60,0,2.2227569e-09,5.5911904e-11,1.561357e-13,1.327537e-18,1.3056529e-14,3.363274e-11
410000,375,312,0,2.0671485e-09,1.3614526e-12,3.1018837e-18,9.53344e-29,1.7170026e-25,2.5741133e-11
410000,169,241,0,2.063942e-09,8.6334176e-11,1.2893953e-35,0.0,1.190808e-12,9.824042e-13
410000,395,101,0,2.5851628e-09,1.1074978e-12,4.1822895e-16,8.0714724e-25,9.283693e-25,6.1573104e-13
410000,369,385,0,2.2640676e-09,3.3306654e-12,9.475615e-15,3.8209064e-21,5.4174853e-24,3.2743145e-11
410000,287,324,0,3.4436e-09,9.5428816e-17,1.331e-42,0.0,2.91705e-40,1.2458896e-11
410000,295,316,0,2.7736768e-09,1.7213585e-14,1.3651e-41,0.0,1.868381e-36,2.4809813e-12
410000,286,268,0,2.2302467e-09,4.1029786e-21,5e-44,0.0,0.0,1.1886583e-19
410000,342,261,0,2.9672098e-09,4.8971433e-13,7.523636e-25,8.285244e-39,3.2665243e-27,2.8313725e-14
410000,114,391,0,2.3415272e-09,5.2416016e-11,2.2957244e-12,3.2834515e-16,5.16059e-12,1.11830215e-11
410000,266,179,0,2.1701156e-09,4.8623627e-12,0.0,0.0,7.139782e-24,2.2921788e-13
410000,197,326,0,2.8007476e-09,4.5628218e-14,3.54997e-40,0.0,2.9442643e-30,1.5229922e-16
410000,226,321,0,2.2704219e-09,1.2444379e-15,6.3005883e-28,2.668e-42,1.323922e-39,4.103805e-12
410000,321,116,0,2.355952e-09,2.4005474e-12,4.0407237e-34,0.0,1.5591962e-23,3.9152247e-11
410000,436,369,0,2.36976e-09,7.3266636e-11,9.255929e-15,2.607208e-21,6.993201e-17,7.108101e-11
410000,184,328,0,2.464476e-09,2.1366505e-16,1.2075154e-29,0.0,7.6521e-41,5.5686233e-15
410000,100,332,0,2.1394397e-09,2.7228735e-14,5.4084075e-16,1.6975332e-24,2.6876937e-28,6.006236e-11
410000,195,318,0,2.3855249e-09,1.8409447e-16,4.7661967e-32,0.0,4e-45,4.93689e-18
410000,310,292,0,2.5145006e-09,1.175692e-12,1.39e-42,0.0,8.2221695e-25,1.9196086e-11
410000,155,446,0,2.0431818e-09,1.4975794e-10,6.6009373e-16,6.0783855e-24,1.6934936e-11,1.2271314e-11
410000,354,113,0,2.3583275e-09,1.5238798e-10,3.320451e-37,0.0,8.9688215e-11,3.3893903e-13
410000,319,287,0,2.8328846e-09,6.086534e-13,3.3472192e-30,0.0,3.556533e-29,1.01260614e-11
410000,280,119,0,2.0916067e-09,1.306966e-12,7.68821e-30,0.0,2.3307291e-29,3.931262e-16
410000,389,139,0,2.1342754e-09,2.371513e-11,7.0530685e-13,3.0902925e-17,1.5241279e-16,1.3581218e-13
410000,230,204,0,1.9592632e-09,1.4353636e-13,4.040724e-34,0.0,6.482366e-32,2.477777e-12
410000,136,74,0,2.6697449e-09,3.3467198e-11,1.0816872e-15,1.8403135e-24,4.2601533e-16,1.8190506e-11
410000,383,52,0,2.1793607e-09,7.7432116e-11,9.021605e-12,8.654861e-15,1.3940466e-15,3.282317e-11
410000,331,234,0,3.3756145e-09,7.161976e-11,8.72294e-30,0.0,4.724869e-13,5.3765402e-11
410000,366,365,0,2.0642326e-09,1.344904e-12,7.943393e-19,4.156891e-31,6.4625793e-24,2.9146154e-12
410000,390,344,0,2.5908282e-09,6.6420485e-12,1.32048695e-11,1.9471905e-14,3.2392734e-16,1.1830277e-11
410000,118,326,0,2.1855355e-09,1.8227763e-11,5.13541e-16,2.378543e-23,3.7919506e-18,4.164355e-11
410000,331,445,0,1.9570248e-09,3.9574816e-11,6.4770455e-12,1.1216129e-15,3.4437187e-18,6.666119e-11
410000,112,414,0,2.0636e-09,5.1813574e-11,4.167091e-14,8.172859e-21,1.16052e-13,1.2988395e-10
410000,337,254,0,3.5291106e-09,4.0302824e-18,4.501391e-32,0.0,0.0,6.6204212e-12
410000,225,357,0,2.4438764e-09,9.987156e-12,3.4127288e-11,1.2763885e-13,2.7306991e-15,1.0961143e-11
410000,292,102,0,2.3860915e-09,1.5778392e-11,5.5718773e-22,4.3259565e-34,1.689603e-17,1.4136642e-11
410000,355,76,0,2.2668614e-09,3.8377662e-11,1.1970497e-11,1.5156443e-14,7.688022e-16,5.118473e-12
410000,54,431,0,2.0523219e-09,5.413363e-11,2.1570586e-15,1.2998848e-23,1.9846261e-16,7.986846e-11
410000,55,89,0,2.1686792e-09,1.39196415e-11,1.060106e-18,1.4556725e-29,4.4907703e-20,1.750241e-11
410000,208,367,0,2.2614834e-09,2.6366487e-11,1.2197633e-27,0.0,1.1540493e-16,2.1591646e-13
410000,107,96,0,2.3031028e-09,8.716998e-12,4.2254106e-14,7.012438e-21,1.4711792e-19,1.1696556e-10
410000,439,376,0,2.2423807e-09,4.0117586e-11,1.1092668e-13,1.08167417e-19,8.043038e-12,4.332641e-11
410000,193,55,0,2.0518e-09,8.6487095e-11,1.4585414e-21,1.2294316e-35,4.7499988e-14,3.95771e-11
410000,250,216,0,2.0387632e-09,4.307634e-11,1.0045155e-29,1e-45,1.4334112e-11,2.2238267e-11
410000,335,273,0,2.366398e-09,6.021779e-13,3.059723e-16,6.966952e-25,3.89126e-28,8.101844e-14
410000,316,298,0,2.6291593e-09,5.767201e-13,4.8369e-41,0.0,5.452656e-29,1.6872419e-12
410000,331,365,0,2.3514415e-09,3.557101e-11,2.0102527e-27,1.5e-44,1.8258566e-15,2.693487e-12
410000,57,220,0,2.3895044e-09,2.486013e-10,3.855579e-12,1.2682035e-15,1.4232472e-12,1.515503e-10
410000,181,414,0,2.338145e-09,8.268481e-12,3.4314871e-13,1.1011742e-18,6.877149e-21,6.994611e-13
410000,161,126,0,2.110406e-09,4.9938796e-11,1.5527219e-20,1.0194241e-33,6.744934e-13,6.441976e-11
410000,203,419,0,2.5882874e-09,3.786157e-12,2.510921e-15,1.2920671e-23,1.9682845e-24,5.238948e-11
410000,357,181,0,2.1425135e-09,1.0005407e-11,3.4542025e-34,0.0,1.4177524e-20,3.4755456e-15
410000,362,201,0,2.3186482e-09,1.8185689e-11,1.2991643e-25,7.843e-42,3.8927384e-16,9.347421e-13
410000,207,141,0,1.9832178e-09,9.41112e-15,1.9777638e-26,3.76e-43,2.2053987e-35,3.8386606e-15
410000,112,271,0,2.253155e-09,2.2088688e-14,1.8037067e-22,9.853577e-38,4.9832e-39,7.9679585e-15
410000,406,408,0,2.314592e-09,6.365672e-11,4.135378e-15,5.2031847e-22,5.5723915e-16,3.1443184e-12
410000,72,250,0,2.2470055e-09,1.576263e-11,1.08114295e-10,1.916324e-12,1.5043983e-13,3.61379e-11
410000,148,262,0,2.3306805e-09,3.786837e-12,8.766045e-32,0.0,7.664972e-24,7.2414804e-12
410000,118,124,0,2.1160653e-09,6.0754034e-14,3.0904427e-22,6.195829e-38,3.7429356e-35,9.2463424e-14
410000,142,199,0,2.3779962e-09,5.217514e-11,2.5960483e-35,0.0,7.0913586e-15,3.0803436e-11
410000,172,134,0,2.0293358e-09,6.465151e-11,1.561357e-13,1.327537e-18,8.043039e-12,4.2651524e-14
410000,444,440,0,2.3382234e-09,6.037821e-11,5.6753035e-12,1.5680403e-15,6.204466e-17,1.1769413e-10
410000,103,244,0,2.3623046e-09,1.2981364e-11,2.6152697e-24,8.3226e-41,2.3600284e-18,1.1799997e-13
410000,127,379,0,2.13562e-09,2.3831554e-15,7.664288e-15,2.088198e-22,2.8019534e-28,9.6490135e-11
410000,195,246,0,3.899675e-09,9.012093e-12,3e-45,0.0,1.0831919e-21,4.347447e-12
410000,60,203,0,2.2816464e-09,4.276411e-11,9.616091e-16,6.656692e-23,5.8321686e-17,3.348577e-11
410000,218,436,0,2.4513436e-09,3.300606e-11,2.1720509e-13,2.8230994e-19,3.2620623e-16,7.5669346e-11
410000,291,129,0,2.3748452e-09,1.3217731e-11,9.82788e-16,5.901709e-23,1.9636962e-20,1.9039327e-15
410000,342,417,0,1.9775384e-09,1.662516e-11,1.1577607e-10,1.5854283e-11,5.2440222e-12,2.1305041e-11
410000,268,359,0,2.0932913e-09,3.726078e-12,5.2874364e-17,1.1660215e-24,6.2675875e-21,6.412817e-13
410000,91,250,0,2.4908184e-09,1.8264674e-11,8.633422e-14,2.6821823e-19,2.4673406e-18,1.9800162e-11
410000,404,352,0,2.4114954e-09,8.612898e-12,1.8223508e-16,1.7662322e-24,7.279105e-19,7.888441e-11
410000,296,281,0,2.1409385e-09,1.9192784e-13,7.25285e-40,0.0,2.4909763e-30,3.163369e-17
410000,310,434,0,2.6991813e-09,1.0925029e-10,1.6136956e-15,4.0891034e-23,1.3626618e-14,1.766501e-11
410000,416,352,0,2.2213804e-09,8.7196954e-13,6.958377e-11,9.8606e-13,6.8569994e-14,6.789289e-11
410000,413,427,0,2.0132718e-09,6.2498284e-11,4.452658e-25,3.9e-43,1.1764238e-17,4.600645e-14
410000,75,333,0,2.202099e-09,1.3004993e-20,6.9372326e-31,0.0,0.0,5.840526e-11
410000,256,231,0,2.0733035e-09,3.1095786e-13,2.7852213e-26,2.231157e-38,2.0370824e-30,2.0974231e-11
410000,145,354,0,2.0203121e-09,2.629775e-11,3.0728007e-15,2.3065944e-23,1.1540493e-16,6.0862655e-11
410000,223,161,0,2.4140168e-09,1.2487046e-14,4.109778e-18,1.5668576e-26,1.3690496e-32,2.4344303e-14
410000,382,283,0,2.4130011e-09,1.2361528e-11,3.094397e-22,3.219797e-36,1.4389114e-19,3.3252584e-15
410000,366,124,0,2.0935562e-09,1.11371745e-11,4.053825e-27,3.8e-44,1.2210158e-19,3.5612225e-11
410000,373,262,0,2.434501e-09,7.757461e-12,8.516885e-19,6.3140605e-30,2.013968e-21,2.398002e-11
410000,440,176,0,2.257699e-09,5.8726158e-12,1.4794411e-12,3.8788246e-17,1.4119013e-20,7.3490373e-13
410000,298,201,0,2.1065405e-09,8.8663314e-18,1.46e-43,0.0,6e-45,5.220096e-11
410000,394,171,0,2.2385243e-09,1.1851368e-11,6.439621e-13,2.5706532e-17,1.8596616e-20,4.908496e-11
410000,242,390,0,2.2509956e-09,4.1680954e-11,7.110195e-23,2.5241794e-38,8.280178e-19,6.6421625e-11
410000,95,408,0,2.1693387e-09,3.8180042e-11,5.199692e-12,5.4875275e-15,7.810509e-15,1.7682396e-10
410000,350,259,0,2.4394682e-09,1.5755562e-14,1.13525504e-26,8.1e-44,3.1806604e-35,5.6599213e-12
410000,414,307,0,2.8766893e-09,1.9383866e-11,7.624749e-20,1.3812037e-31,3.658931e-17,9.27614e-11
410000,304,336,0,2.9172138e-09,9.527793e-16,1.7450819e-25,1.7055e-41,6.118e-42,1.2977236e-14
410000,422,329,0,2.61939e-09,1.78114e-11,1.5934086e-18,1.3045029e-28,1.6896031e-17,1.979563e-14
410000,211,434,0,2.8149874e-09,2.1085696e-11,4.505648e-12,6.0548197e-16,4.0631074e-18,1.6782643e-10
410000,302,89,0,2.2928104e-09,5.2061574e-11,2.9637753e-25,6.2e-44,5.9425967e-12,6.414518e-11
410000,97,161,0,1.9566788e-09,4.3912797e-11,1.2171496e-17,6.990551e-28,2.2564685e-15,3.9299203e-11
410000,275,175,0,2.225688e-09,1.3346195e-11,7.986e-39,0.0,3.0476638e-18,1.5001633e-10
410000,285,302,0,2.435952e-09,1.0875953e-12,2.1796135e-20,1.4026747e-31,4.5414924e-25,5.2402447e-11
410000,58,284,0,2.0833029e-09,4.0469034e-11,4.1922444e-20,9.732273e-34,2.4565094e-10,3.6013175e-11
410000,151,54,0,1.9681887e-09,1.5563639e-11,1.2214328e-12,2.0122836e-17,2.4680296e-19,6.925596e-11
410000,355,192,0,2.193879e-09,9.777978e-12,8.574911e-35,0.0,1.4711776e-19,1.5940173e-11
410000,419,109,0,2.0971167e-09,4.139334e-12,1.3586048e-11,2.6014233e-14,2.3531306e-16,5.596151e-13
410000,218,421,0,2.2523126e-09,2.7672205e-11,2.2419393e-12,3.9058555e-16,5.850016e-17,4.9916477e-11
410000,267,256,0,2.4581188e-09,8.5234597e-13,0.0,0.0,4.1704958e-24,1.12437924e-17
410000,356,276,0,2.7125064e-09,2.8434473e-16,7.664772e-22,8.829401e-35,1.7e-44,6.8671834e-14
410000,278,382,0,2.063292e-09,4.627331e-12,2.3141472e-21,6.749326e-36,9.670866e-21,1.5431777e-11
410000,79,275,0,3.4002128e-09,4.0743027e-11,1.5339517e-20,1.2859253e-32,1.959071e-16,3.2207202e-11
410000,251,402,0,2.191561e-09,3.610591e-11,1.2583596e-24,4.394402e-39,2.5020056e-16,3.315644e-12
410000,244,309,0,2.0222266e-09,2.2984609e-11,7.838743e-39,0.0,6.6548527e-17,5.275938e-17
410000,353,63,0,2.3737485e-09,4.9695443e-12,1.0815719e-11,1.4153699e-14,1.08997067e-16,3.5104095e-10
410000,160,296,0,2.0702635e-09,6.2036654e-11,9.543864e-29,0.0,3.060096e-12,6.5264338e-15
410000,401,116,0,2.469227e-09,2.4560678e-13,1.1922476e-10,5.607763e-11,6.987572e-11,6.5338373e-12
410000,178,102,0,2.31341e-09,2.3495818e-16,6.240739e-19,9.363253e-30,6.720118e-38,9.503885e-12
410000,435,255,0,2.2101627e-09,8.081902e-12,1.1935834e-12,1.9533224e-16,4.400223e-19,1.3021238e-10
410000,118,286,0,2.3679256e-09,1.5841615e-12,2.8563973e-17,1.3044378e-27,6.7885914e-24,1.7114012e-12
410000,296,336,0,3.8452375e-09,7.176262e-20,1.8570212e-33,0.0,0.0,3.3110821e-13
410000,236,171,0,2.0415618e-09,3.5284562e-20,3.0010133e-36,0.0,0.0,1.4783484e-13
410000,100,257,0,2.725502e-09,2.8920338e-11,6.4541526e-23,1.602856e-37,2.2197756e-16,3.0405442e-15
410000,123,431,0,1.9790656e-09,1.8223758e-12,2.9765673e-12,9.532706e-16,4.681106e-18,5.1604914e-12
410000,99,253,0,2.845243e-09,1.1742351e-11,1.6636371e-20,1.6838463e-33,6.0677115e-21,7.222853e-14
410000,141,447,0,2.0107593e-09,4.6715014e-11,7.769896e-11,1.8377034e-12,1.593957e-13,1.2748924e-10
410000,77,210,0,2.3632654e-09,1.7402375e-11,2.4800303e-13,1.867399e-18,1.6583704e-18,3.0525926e-11
410000,325,257,0,2.2997297e-09,1.8201595e-12,1.7343507e-37,0.0,1.4590904e-23,1.5637595e-15
410000,378,59,0,2.360114e-09,1.932243e-11,4.1091272e-17,6.834704e-27,2.3210808e-18,9.226292e-11
410000,265,128,0,2.448173e-09,3.5475806e-11,9.406098e-25,3.666e-42,6.739115e-13,4.047243e-15
410000,445,242,0,2.0086257e-09,1.2325198e-11,9.4965485e-14,5.726195e-20,3.7545195e-20,8.048502e-12
410000,434,420,0,2.6221116e-09,4.63082e-12,2.4823344e-14,3.8334842e-20,2.4856686e-24,9.715504e-11
410000,397,284,0,2.2622744e-09,6.9161246e-11,6.4530174e-27,0.0,7.424375e-12,1.1980249e-11
410000,72,125,0,2.0011153e-09,1.3060115e-11,1.7876934e-18,2.1161723e-28,7.8136414e-17,8.8395805e-11
410000,163,193,0,2.0148572e-09,5.660897e-11,1.149765e-39,0.0,3.3840254e-15,3.939468e-11
410000,336,341,0,2.5390912e-09,1.5379841e-11,2.689139e-26,1.0976e-41,3.8563638e-20,2.8644212e-13
410000,343,297,0,2.0032633e-09,8.018785e-14,4.760433e-23,3.9570326e-36,2.5870893e-31,7.960872e-15
410000,419,155,0,2.3121989e-09,1.0821622e-11,7.489817e-17,2.1200896e-26,2.47493e-19,5.2462297e-12
410000,135,211,0,2.2368876e-09,4.684142e-11,1.4569964e-21,1.9837253e-33,4.2470774e-15,5.742693e-17
410000,438,338,0,2.3316005e-09,1.4914993e-12,4.1408344e-25,3.31146e-40,3.117695e-24,1.00899226e-10
410000,181,220,0,3.01022e-09,1.13400995e-13,0.0,0.0,5.0397903e-36,6.4761827e-15
410000,147,303,0,2.2592306e-09,1.135301e-15,3.2464713e-25,8.76163e-40,1.35426e-40,1.6752877e-11
410000,275,325,0,2.192548e-09,1.5396293e-18,3.14165e-37,0.0,0.0,4.8188107e-12
410000,309,313,0,2.222315e-09,9.870315e-17,2.5e-44,0.0,4e-45,1.9025948e-12
410000,370,74,0,2.464785e-09,2.0791053e-12,1.9503108e-19,8.638991e-32,8.723072e-29,1.129847e-10
410000,73,291,0,2.2119218e-09,1.7185106e-11,2.2411596e-24,1.6807e-40,1.1934145e-17,2.4090224e-12
410000,376,146,0,2.1399909e-09,8.971919e-13,4.7806563e-14,1.0035143e-19,5.6024097e-24,9.85171e-11
410000,136,179,0,2.3843836e-09,2.3208135e-11,8.73e-43,0.0,6.7600488e-18,3.297852e-11
410000,411,339,0,2.990548e-09,3.047446e-11,7.912061e-15,1.921446e-21,4.992101e-16,3.925292e-11
410000,287,442,0,2.0563753e-09,2.0414656e-11,3.8617924e-12,1.268241e-15,3.821896e-18,1.0136777e-11
410000,85,416,0,2.6239377e-09,9.541846e-12,1.7150358e-16,4.7886744e-26,3.6889735e-19,5.073381e-11
410000,219,315,0,2.1479234e-09,6.958078e-13,2.948166e-17,1.9716002e-23,2.2445922e-27,3.4111806e-18
410000,136,369,0,2.5053513e-09,1.2036196e-14,6.870076e-11,2.7832912e-13,6.1783646e-15,5.927422e-14
410000,434,138,0,2.3016333e-09,6.5604425e-11,2.563605e-21,6.053617e-32,8.512888e-12,8.318336e-11
410000,113,237,0,2.2250524e-09,3.0400852e-11,1.6801506e-29,0.0,3.8963855e-18,2.7002563e-12
410000,428,53,0,2.091825e-09,1.280967e-10,4.2710774e-12,3.5515416e-16,1.5393466e-10,4.8375515e-11
410000,189,112,0,2.0100943e-09,1.2264212e-13,6.1132664e-19,5.192172e-29,3.2148827e-34,1.3307438e-11
410000,73,165,0,1.9674473e-09,2.452039e-11,5.0503475e-24,2.83017e-40,1.4988898e-16,7.4489394e-11
410000,124,246,0,2.1705364e-09,3.7290167e-11,3.8628415e-27,0.0,3.090267e-14,2.8039053e-12
410000,235,342,0,2.149622e-09,2.471603e-11,1.1742644e-16,6.358357e-25,3.665173e-15,1.5315998e-12
410000,142,319,0,2.2674311e-09,1.2002643e-14,6.20586e-13,5.8838924e-18,9.700749e-22,3.1811234e-11
410000,264,203,0,2.3151956e-09,7.446459e-13,0.0,0.0,4.5372775e-25,6.504196e-12
410000,255,352,0,2.0040645e-09,2.2907511e-11,2.4860165e-30,0.0,5.5141117e-18,2.8223231e-11
410000,432,157,0,2.2161057e-09,4.148345e-11,4.6027893e-11,3.6747336e-13,1.536503e-13,6.4442285e-11
410000,203,241,0,2.8636495e-09,1.1394064e-12,1.7177008e-36,0.0,8.8563516e-26,6.753349e-14
410000,204,289,0,2.2595952e-09,3.032463e-12,5.5288e-40,0.0,4.334561e-24,3.1778309e-15
410000,108,392,0,2.3391364e-09,1.9926229e-11,7.726333e-12,3.533443e-15,8.942032e-18,1.563331e-11
410000,420,316,0,3.3123424e-09,1.0772897e-12,1.2322338e-19,4.10158e-33,1.6105276e-28,1.0123849e-10
410000,327,191,0,2.3021418e-09,8.107227e-15,6.382072e-26,2.455e-42,5.34933e-39,3.0270766e-12
410000,178,293,0,2.0988897e-09,1.6385347e-12,2.210929e-16,2.0916907e-23,9.985027e-27,1.4671417e-11
410000,340,111,0,3.3019583e-09,4.4574926e-13,9.453213e-30,0.0,7.955875e-31,1.2757615e-14
410000,154,75,0,2.0753759e-09,4.9310358e-11,1.2525715e-13,9.801765e-20,1.6932856e-11,6.981836e-11
410000,380,166,0,2.5563585e-09,2.792187e-13,1.551196e-13,4.855383e-19,2.8095524e-23,2.1068905e-11
410000,368,251,0,2.7374134e-09,2.5335214e-12,1.1342687e-23,2.467729e-39,4.1300845e-25,4.8471064e-11
410000,257,424,0,1.9971806e-09,5.842029e-11,9.737813e-21,4.7595564e-34,2.2906932e-14,3.6620866e-11
410000,310,390,0,2.2669648e-09,4.351866e-11,9.942925e-12,1.1182516e-14,4.603672e-16,1.1756129e-11
410000,88,281,0,2.8320002e-09,2.0759909e-12,2.4851397e-12,1.5181058e-16,9.406568e-20,5.3846302e-12
410000,345,97,0,2.2796443e-09,3.572931e-11,6.850097e-23,2.779968e-35,4.607982e-15,1.10109394e-10
410000,145,207,0,2.2942617e-09,6.11209e-12,3.5315937e-29,0.0,9.729501e-21,3.1984615e-12
410000,336,378,0,2.1291762e-09,6.5049584e-11,3.877762e-15,1.6807734e-22,9.1892334e-15,4.808888e-11
410000,336,130,0,2.0665585e-09,3.3866833e-12,8.1e-44,0.0,1.2105953e-23,3.9410964e-11
410000,378,174,0,2.604991e-09,4.0751458e-11,6.5821395e-16,1.2270451e-24,1.859846e-14,4.0038865e-11
410000,290,251,0,2.3959759e-09,9.446063e-13,0.0,0.0,1.1870908e-25,3.1049544e-12
410000,325,92,0,3.1289584e-09,3.888975e-14,8.731086e-13,7.350883e-17,1.137687e-19,4.0336276e-11
410000,363,209,0,2.3372142e-09,1.7338773e-12,8.516885e-19,6.3140605e-30,2.191744e-25,4.35517e-15
410000,56,262,0,2.7910934e-09,8.766101e-12,2.6732462e-17,6.167316e-27,1.3865552e-21,1.260365e-11
410000,211,173,0,2.1885522e-09,1.638398e-11,7.971221e-28,0.0,4.5194733e-18,1.1538025e-11
410000,296,329,0,3.4413528e-09,5.8708445e-21,6.26253e-39,0.0,0.0,1.1967996e-10
410000,123,224,0,2.6669533e-09,1.2981335e-11,4.148345e-18,1.4207024e-28,1.7522345e-20,2.0975862e-11
410000,84,390,0,2.262936e-09,4.9378897e-11,3.843451e-13,1.1093657e-18,9.987708e-15,3.89265e-10
410000,165,174,0,1.97443e-09,5.1055596e-12,1.97834e-40,0.0,5.5166877e-24,2.0099569e-10
410000,272,234,0,2.0785995e-09,1.3716848e-12,0.0,0.0,8.434231e-28,3.320349e-11
410000,104,340,0,2.140913e-09,1.4685115e-12,1.671204e-19,7.180306e-31,7.99137e-26,4.7870666e-11
410000,179,347,0,2.0600353e-09,1.9440343e-14,3.0909323e-19,6.112274e-31,2.3075811e-35,2.1944612e-13
410000,156,239,0,2.0250828e-09,1.9181122e-12,8.0550124e-30,0.0,3.6535973e-26,2.3671536e-12
410000,183,284,0,2.1057103e-09,4.467639e-14,5.364002e-26,4.844e-42,4.889128e-32,3.7171087e-12
410000,373,349,0,2.0439188e-09,6.5787657e-12,1.1090672e-15,3.4425622e-23,5.223475e-23,1.4826383e-13
410000,415,313,0,3.0629026e-09,2.315994e-13,2.2591916e-21,2.7813643e-36,1.96502e-28,2.603347e-13
410000,152,340,0,2.006226e-09,3.493141e-11,2.5599146e-19,3.9288445e-32,1.03815834e-13,1.1470238e-13
410000,330,329,0,2.702011e-09,9.445201e-13,9.5201884e-30,0.0,3.233363e-28,4.6250986e-13
410000,321,107,0,2.610951e-09,1.44783924e-11,3.4719415e-25,3.8799e-41,4.2515247e-17,3.4991152e-11
410000,297,382,0,2.3170958e-09,1.5990525e-12,5.7063782e-18,5.1205873e-29,2.812689e-26,7.691287e-11
410000,174,224,0,2.4505444e-09,3.858148e-12,8e-45,0.0,8.152965e-25,3.125414e-16
410000,290,325,0,3.8599346e-09,1.384848e-17,0.0,0.0,0.0,3.41035e-12
410000,191,351,0,2.141727e-09,6.6638475e-15,1.7525528e-29,0.0,7.692966e-36,2.672137e-11
410000,103,226,0,2.2571307e-09,1.4122251e-11,1.7473503e-25,8.7253e-41,2.7537072e-20,1.3192686e-12
410000,85,209,0,2.219144e-09,4.162437e-11,1.2370222e-17,1.3758588e-27,8.599562e-15,3.5272239e-12
410000,132,332,0,2.0764175e-09,7.877623e-12,3.2311683e-23,9.966522e-39,8.608467e-22,5.6538134e-12
410000,197,243,0,3.7309276e-09,3.9563526e-12,1e-44,0.0,3.4389555e-24,8.903778e-12
410000,187,70,0,2.2394133e-09,2.0748323e-12,6.777086e-21,4.9392513e-33,8.992902e-27,2.0766312e-11
410000,54,316,0,2.0469437e-09,1.8080109e-12,8.709156e-20,4.378439e-32,2.3062504e-25,3.1714024e-11
410000,384,248,0,2.200697e-09,2.8492074e-12,1.4938183e-22,5.1600773e-36,3.6203534e-23,1.3886408e-11
410000,388,319,0,2.3568938e-09,4.824919e-16,1.3243859e-16,1.4064698e-26,1.6737024e-34,5.1767774e-11
410000,138,150,0,2.476709e-09,3.7160145e-14,2.6828959e-16,2.8729044e-22,2.916353e-26,9.250887e-12
410000,94,432,0,2.014167e-09,3.9483788e-11,7.0813143e-22,1.0690599e-32,4.072634e-14,6.695379e-11
410000,336,257,0,4.1692387e-09,8.3810125e-17,3.2940794e-30,0.0,0.0,2.627818e-12
410000,68,192,0,2.6656597e-09,4.1175438e-11,2.8554728e-17,1.6612234e-26,6.7304465e-16,5.6700273e-11
410000,299,147,0,1.9907802e-09,8.1564495e-12,7.9950216e-17,1.4590095e-26,1.147156e-20,1.9480684e-11
410000,55,225,0,2.3345155e-09,1.9583407e-10,2.3786973e-13,6.5594327e-18,3.396538e-09,2.0121114e-10
410000,137,373,0,2.5227396e-09,2.298809e-16,1.4596995e-11,1.497745e-14,1.0118751e-16,2.8916544e-12
410000,324,416,0,2.0360142e-09,5.2014525e-11,2.3738943e-13,6.5594293e-18,3.131498e-15,5.388695e-11
410000,191,327,0,2.9680862e-09,6.23088e-17,5.4884377e-35,0.0,1.4e-44,4.8375483e-15
410000,327,87,0,3.244581e-09,1.7121868e-12,2.383138e-14,1.8348546e-20,7.0284884e-25,1.584615e-11
410000,271,73,0,1.9657953e-09,3.374606e-11,2.0988059e-17,3.3400493e-28,1.8431503e-14,3.0206525e-11
410000,325,60,0,2.180116e-09,5.092533e-14,3.347178e-20,3.160099e-32,2.415979e-39,3.1243977e-10
410000,87,183,0,2.0359718e-09,8.152918e-11,4.1498562e-12,3.3048469e-15,6.196123e-13,5.7822497e-12
410000,61,100,0,2.3480773e-09,7.047746e-11,1.03021256e-16,8.137881e-25,8.878417e-15,2.2229054e-11
410000,78,193,0,2.2704858e-09,1.07146014e-10,1.5936912e-17,7.50335e-27,7.425522e-12,7.608499e-11
410000,198,370,0,2.2071382e-09,1.1864658e-11,7.712249e-39,0.0,8.259111e-20,1.049256e-15
410000,365,248,0,2.5675295e-09,3.0621287e-11,4.5861344e-19,1.6478484e-30,7.548934e-15,4.641834e-12
410000,362,87,0,2.1998152e-09,7.8430205e-12,1.0854328e-14,3.673338e-22,1.0647941e-21,1.6177261e-10
410000,215,62,0,2.0909665e-09,8.0530665e-11,1.5047329e-19,2.305538e-31,2.0924973e-15,1.1927876e-15
410000,194,265,0,2.0829807e-09,2.0600208e-15,3.294063e-30,0.0,1.7753753e-34,4.4881147e-16
410000,421,304,0,2.53869e-09,8.945158e-12,2.1643301e-14,1.4008628e-20,4.2524806e-21,7.762215e-12
410000,337,208,0,2.4593492e-09,5.5885513e-17,9.763427e-13,3.3814005e-17,1.8093813e-20,8.980861e-12
410000,298,431,0,2.2776805e-09,3.294632e-11,4.805371e-15,1.3869766e-21,2.0548182e-17,5.880467e-11
410000,56,375,0,1.945807e-09,7.289714e-13,3.1973948e-11,2.1097571e-13,5.761544e-15,1.4495383e-11
410000,130,263,0,2.3782534e-09,3.4773798e-12,5.269443e-21,1.2421608e-33,5.1274964e-22,4.2110307e-19
410000,123,116,0,2.1230848e-09,1.2408215e-13,2.350178e-23,6.6904e-40,6.855933e-30,6.574892e-11
410000,322,97,0,2.7651625e-09,1.1115434e-12,1.7084115e-16,1.0412082e-24,8.799398e-29,5.22432e-11
410000,277,297,0,2.4548932e-09,2.1070287e-17,2.4015958e-11,1.6176794e-13,9.403363e-15,3.8910455e-12
410000,364,170,0,2.1189543e-09,1.1704685e-11,1.8433143e-26,1e-45,1.0956085e-17,1.5094601e-11
410000,163,320,0,2.371592e-09,8.6712105e-12,1.3003476e-22,3.946408e-36,2.234494e-19,1.8817035e-13
410000,294,266,0,2.2729314e-09,1.6331024e-16,0.0,0.0,3.365e-42,9.3440106e-20
410000,388,286,0,2.4830782e-09,3.047274e-12,2.016949e-24,2.51442e-39,7.2545424e-25,3.631371e-15
410000,405,345,0,2.6670575e-09,4.52937e-11,4.9396945e-12,8.990345e-16,4.5459526e-15,2.5941966e-11
410000,326,282,0,2.998812e-09,7.544238e-12,4.1278627e-21,9.413743e-33,1.1764506e-20,1.1013356e-14
410000,139,75,0,2.6564475e-09,1.057816e-11,1.7681554e-13,1.8839701e-19,8.192302e-23,1.13789575e-10
410000,121,57,0,2.384904e-09,1.9913031e-11,6.2942496e-17,4.0194705e-27,2.2073153e-18,4.2177295e-12
410000,420,320,0,3.258962e-09,8.570531e-12,1.5734529e-22,8.10851e-39,4.479161e-21,7.6190686e-11
410000,99,66,0,2.250513e-09,3.66371e-11,2.899886e-20,3.1602666e-32,2.0708695e-13,4.0154914e-11
410000,412,276,0,2.1319881e-09,9.819369e-11,1.29330445e-14,2.5910076e-19,2.9762905e-09,7.361121e-14
410000,339,358,0,2.2473088e-09,4.4012207e-11,5.9761185e-33,0.0,3.1091799e-13,8.97152e-13
410000,387,274,0,2.2560658e-09,4.4497465e-11,4.178307e-14,8.084796e-20,4.6787742e-14,2.2054084e-11
410000,289,134,0,2.3630837e-09,1.3095258e-11,7.33173e-13,9.107579e-18,3.37583e-19,1.6863708e-12
410000,336,222,0,2.2728623e-09,6.9820877e-12,5.9771037e-19,1.056502e-29,2.7531915e-20,8.8436515e-12
410000,220,165,0,2.4622244e-09,3.7794668e-12,2.245135e-22,2.729459e-34,7.239322e-23,3.2334849e-12
410000,145,269,0,2.5196303e-09,4.0858075e-13,2.914421e-26,6e-45,8.953491e-28,6.534924e-14
410000,435,333,0,2.4761957e-09,1.3356631e-12,9.193504e-25,4.2154e-41,3.9361152e-25,2.4501267e-11
410000,426,321,0,2.9426348e-09,7.1934976e-13,2.2214519e-20,2.4920377e-33,5.1745735e-29,5.963517e-11
410000,282,294,0,2.5139428e-09,4.3565432e-16,1.9414068e-16,4.046867e-24,1.1680337e-29,1.9861341e-12
410000,325,84,0,3.175901e-09,3.4003048e-12,2.0760083e-15,4.3460512e-23,4.5384277e-25,2.6059235e-12
410000,88,418,0,2.6276212e-09,4.7234725e-12,2.672225e-16,7.789092e-23,8.4387046e-26,3.2550115e-11
410000,265,402,0,2.1671231e-09,3.950144e-12,7.0530685e-13,3.0902925e-17,1.8848352e-20,1.0479537e-10
410000,323,357,0,2.1380653e-09,2.9465332e-14,7.6315635e-21,1.2265038e-32,1.2125385e-34,2.423423e-15
410000,293,324,0,3.728237e-09,1.14328735e-17,0.0,0.0,0.0,1.8632526e-12
410000,277,366,0,2.0851074e-09,8.249011e-13,1.04881936e-17,1.1616057e-26,6.040379e-25,4.9568287e-13
410000,223,104,0,1.979439e-09,3.3868908e-12,1.4339139e-20,4.7232336e-32,4.8279505e-23,4.4377397e-12
410000,294,89,0,2.3836364e-09,6.666149e-11,7.409091e-20,7.3274036e-30,7.4584495e-13,3.3035573e-12
410000,226,130,0,2.645239e-09,5.587063e-21,2.287654e-24,4.2472e-41,0.0,4.833784e-12
410000,219,387,0,1.9622983e-09,2.4920946e-15,7.110196e-23,2.5241794e-38,8.74e-43,6.7281125e-11
410000,104,275,0,2.2984568e-09,1.5558432e-12,1.7343156e-22,7.8542297e-38,6.468289e-29,9.658194e-12
410000,224,227,0,2.0445647e-09,1.0133817e-11,9.975866e-17,1.9795144e-23,8.82497e-19,1.253217e-16
410000,64,251,0,2.3346833e-09,1.9860921e-10,1.2297107e-11,2.1518733e-14,2.0251472e-12,2.7104258e-11
410000,91,307,0,1.9944413e-09,3.9397752e-14,1.1954865e-11,1.9493723e-14,1.6292856e-16,1.0299127e-12
410000,354,132,0,2.1407258e-09,2.5629821e-11,2.2765957e-26,1e-45,1.0210614e-15,1.8852709e-15
410000,420,225,0,2.0049387e-09,6.9233595e-12,6.551909e-13,7.373396e-18,1.2988496e-21,2.0283778e-11
410000,324,374,0,2.3285522e-09,4.3889233e-11,2.3761076e-19,1.14039945e-30,2.256691e-15,3.792534e-11
410000,65,425,0,2.086926e-09,1.2971388e-10,1.9699323e-22,5.282832e-38,3.4765422e-13,1.8252741e-10
410000,388,441,0,2.2524336e-09,6.629732e-11,2.8872627e-11,1.479228e-13,4.370748e-15,4.1911788e-10
410000,137,418,0,1.9789381e-09,4.6218366e-11,7.540026e-12,5.6313e-15,3.0938722e-14,6.3217064e-11
410000,439,315,0,2.5479259e-09,1.2737319e-12,2.662487e-18,2.2540176e-30,6.0108697e-27,2.8326914e-11
410000,73,303,0,2.1309186e-09,1.6544578e-12,8.56742e-23,5.294661e-36,4.273174e-25,4.1176923e-11
410000,355,97,0,2.3773674e-09,4.020146e-12,2.4129222e-21,5.281268e-34,7.161836e-22,1.2310772e-10
410000,115,98,0,2.365764e-09,1.7356772e-12,1.8732757e-11,3.477164e-14,2.8589718e-16,2.5543706e-12
410000,184,444,0,1.9574404e-09,6.3827714e-11,1.7687422e-20,6.7541235e-30,2.2593261e-15,2.5984643e-11
410000,376,74,0,2.5697744e-09,8.715723e-12,5.13542e-16,2.378543e-23,2.9168792e-20,8.048613e-11
410000,199,167,0,2.1870794e-09,4.0230178e-13,4.889934e-25,1.0953e-40,1.8663028e-27,2.7043165e-16
410000,98,361,0,2.144828e-09,4.6990463e-12,1.30580584e-17,1.8180806e-26,1.00286694e-22,9.473325e-11
410000,326,325,0,2.6233968e-09,1.4986652e-14,1.0564846e-30,0.0,4.4270574e-36,2.3374296e-15
410000,447,421,0,2.2473101e-09,7.8490464e-11,1.9458009e-19,1.2157059e-31,2.1973973e-14,2.9943333e-12
410000,329,146,0,2.004778e-09,9.368448e-12,1.8e-43,0.0,3.027444e-20,4.581728e-13
410000,143,183,0,2.2752817e-09,7.725523e-11,0.0,0.0,1.8942159e-10,3.0059337e-11
410000,202,283,0,2.2981246e-09,2.363558e-12,7.67e-43,0.0,1.9414143e-26,5.1416944e-12
410000,145,148,0,2.3290483e-09,5.9324173e-12,1.9954803e-24,9.31155e-37,1.8146057e-21,1.4472601e-13
410000,317,381,0,2.3369786e-09,2.2618527e-11,2.1826464e-14,2.4013324e-21,9.037274e-18,5.6290697e-12
410000,371,379,0,2.289696e-09,1.9142509e-12,1.6264639e-13,1.4701016e-19,2.6014294e-24,1.280204e-10
410000,127,60,0,2.8551315e-09,8.8969644e-11,1.0844228e-12,7.0577816e-17,3.1107088e-13,3.3896025e-11
410000,126,297,0,2.1343256e-09,3.300298e-14,2.172836e-22,2.5408767e-35,6.627052e-33,6.176987e-11
410000,386,342,0,2.5368947e-09,3.544811e-12,1.3205449e-11,1.9471905e-14,3.2116223e-16,5.3254845e-11
410000,315,230,0,2.0179536e-09,5.917024e-14,3.6098685e-35,0.0,4.8787633e-31,3.898921e-18
410000,231,119,0,2.1303883e-09,1.5692341e-17,1.5034785e-22,1.6164914e-35,3e-45,1.16122854e-10
410000,121,404,0,2.0918216e-09,3.5392963e-11,2.920345e-14,3.24137e-21,6.250628e-17,2.110967e-10
410000,411,95,0,2.1487419e-09,4.9266147e-12,2.9225997e-19,3.356833e-30,3.6267268e-23,8.4039366e-11
410000,231,331,0,2.2663116e-09,2.5582297e-14,2.8500195e-26,5.13832e-40,9.979155e-33,6.168964e-16
410000,58,107,0,2.208671e-09,6.7904994e-11,1.8859752e-15,3.8124792e-22,1.7246879e-15,2.8209285e-10
410000,194,90,0,1.9935864e-09,3.898276e-12,2.8125642e-24,1.285e-41,9.659416e-24,1.6822257e-11
410000,341,233,0,2.3584532e-09,8.733437e-12,1.8697182e-23,1.9178503e-38,4.8216378e-23,2.5179666e-11
410000,359,106,0,2.374799e-09,1.4516876e-11,7.218601e-30,0.0,8.740712e-20,1.1568796e-10
410000,405,304,0,2.5150833e-09,5.341238e-13,8.612681e-28,1e-45,7.8322214e-29,6.1790376e-14
410000,132,253,0,2.2732722e-09,6.831563e-11,9.808436e-30,0.0,2.1539044e-13,4.1091724e-15
410000,126,223,0,2.6410754e-09,1.4690579e-11,2.7998187e-16,2.7101213e-25,5.0345194e-20,6.802193e-12
410000,136,144,0,2.377433e-09,6.643973e-13,6.503166e-18,1.5229285e-26,6.6170704e-29,9.5838944e-12
410000,82,276,0,3.451264e-09,4.287663e-12,8.1661607e-19,1.2265029e-30,7.3470284e-24,4.8827713e-12
410000,344,328,0,2.2052717e-09,2.694812e-12,5.0372455e-27,1e-45,3.7565196e-26,2.0248353e-11
410000,109,221,0,2.2754074e-09,7.0829926e-12,5.6347915e-25,6.4147e-41,3.392147e-21,2.4645114e-15
410000,411,66,0,1.964518e-09,3.9383666e-11,5.843096e-20,9.968324e-30,7.9046546e-13,1.0436342e-10
410000,435,180,0,2.260379e-09,3.4830935e-13,5.21031e-17,2.807884e-27,4.2650017e-29,1.5544542e-14
410000,129,183,0,2.29236e-09,4.4769653e-11,4.3105e-41,0.0,4.7212624e-13,2.2652561e-12
410000,168,152,0,1.9781063e-09,3.2213256e-11,1.6914318e-26,3e-45,1.2756344e-16,6.2799285e-15
410000,401,103,0,2.8847218e-09,1.8906146e-11,5.3032224e-18,1.869239e-27,2.497938e-16,4.9249693e-12
410000,287,82,0,2.148116e-09,2.1246248e-11,2.824617e-20,2.6695486e-30,2.5568252e-17,7.577561e-11
410000,100,131,0,1.9647957e-09,1.613952e-11,2.0088823e-11,4.6694927e-14,4.1723612e-16,1.6525007e-11
410000,422,290,0,2.066542e-09,4.1503172e-11,2.2593435e-21,2.7822179e-36,1.33926075e-17,2.5016116e-11
410000,313,403,0,2.0654507e-09,2.1350864e-11,3.6921283e-17,1.6859342e-25,2.4669344e-18,4.9334387e-11
410000,332,234,0,3.4074965e-09,7.289277e-11,1.0076328e-29,0.0,2.8582883e-14,1.1968383e-10
410000,172,101,0,2.2793794e-09,4.35593e-19,8.5588024e-14,1.06934446e-19,4.5460697e-24,9.190789e-11
410000,386,433,0,2.7291418e-09,5.4258507e-11,6.374271e-13,2.5706462e-17,4.729886e-15,4.2092285e-12
410000,330,69,0,2.1923103e-09,2.6010116e-13,4.0321264e-16,4.0581021e-25,4.4375003e-32,2.347996e-12
410000,410,162,0,2.2641111e-09,3.3389663e-11,3.8518343e-24,1.646838e-39,2.7598508e-09,4.9175795e-13
410000,97,72,0,2.2506423e-09,3.7575464e-11,5.7361996e-20,5.909234e-33,8.3336155e-18,1.3650957e-10
410000,111,305,0,2.1068387e-09,3.258318e-16,5.389645e-23,4.6773993e-37,0.0,3.8416194e-11
410000,303,444,0,2.161533e-09,6.595722e-11,4.579622e-12,4.0928336e-15,2.5531966e-15,4.1815166e-11
410000,234,474,0,-7.994666e-13,6.685555e-11,3.3678564e-15,3.583667e-22,2.5704164e-10,5.827283e-11
410000,489,64,0,-9.500573e-13,1.2099008e-10,1.11850175e-10,5.5142398e-11,1.0413919e-10,2.0242692e-10
410000,227,107,0,4.662099e-10,2.2721065e-09,4.0445504e-22,7.978808e-36,4.1188084e-09,8.051637e-12
410000,109,181,0,6.3967776e-10,2.3154971e-09,2.2380183e-26,2.87e-43,4.118809e-09,8.554568e-14
410000,263,262,0,4.638663e-10,3.5500183e-11,0.0,0.0,8.8719644e-16,2.7288993e-23
410000,145,281,0,5.5816474e-10,2.272001e-09,1.4938183e-22,5.1600773e-36,4.1188084e-09,1.1872683e-13
410000,260,492,0,-1.1982676e-11,2.308865e-09,4.013421e-12,4.6120145e-16,4.1188084e-09,1.5592293e-10
410000,400,248,0,4.316812e-11,2.3714668e-09,4.7167054e-21,2.5565292e-34,4.1188923e-09,2.422245e-11
410000,186,437,0,3.004056e-10,1.01901244e-10,4.6209463e-19,7.760358e-31,8.365711e-15,1.5577684e-10
410000,421,393,0,1.689193e-11,2.2899855e-09,5.0285205e-14,2.7396816e-20,4.1188084e-09,1.5771187e-10
410000,343,353,0,6.0265265e-10,2.59582e-12,3.4559098e-34,0.0,1.6660715e-25,1.3564565e-13
410000,216,435,0,1.4476731e-09,2.287206e-09,3.0389755e-12,3.658205e-16,4.1188084e-09,2.0925955e-10
410000,349,151,0,2.421917e-10,2.3095148e-09,7.034604e-24,3.025408e-39,4.11881e-09,1.2527349e-12
410000,469,26,0,-1.1994084e-11,2.2982325e-09,5.1695308e-17,6.178099e-26,4.1188093e-09,1.6514685e-10
410000,234,277,0,1.2380375e-10,2.121256e-23,0.0,0.0,0.0,3.846585e-29
410000,381,428,0,8.3483365e-10,1.9775008e-11,6.3738966e-13,2.5706462e-17,7.7446543e-19,1.4050991e-12
410000,313,235,0,4.1000006e-10,2.2719104e-09,1.7363e-41,0.0,4.1188084e-09,5.363353e-18
410000,20,270,0,-1.1765509e-11,2.307619e-09,1.4705595e-15,2.3431857e-24,4.11881e-09,1.5337033e-10
410000,195,488,0,-1.1972025e-11,2.2931688e-09,3.6287653e-11,1.6150253e-13,4.118812e-09,3.3741298e-11
410000,349,496,0,-6.357294e-13,8.719492e-12,7.360366e-23,2.7825658e-37,7.670363e-21,1.9922534e-11
410000,114,204,0,7.397208e-11,7.448634e-11,1.7735285e-24,4.581917e-39,6.3800685e-13,1.8398907e-12
410000,167,366,0,1.3369983e-11,3.7515347e-13,2.5247403e-19,1.1771724e-30,4.486271e-31,6.0660865e-11
410000,448,366,0,1.5400707e-10,1.261916e-10,8.090064e-11,9.315461e-12,3.827991e-12,5.026002e-11
410000,40,353,0,1.3299253e-12,3.089066e-11,1.674628e-12,3.1981152e-17,2.5496968e-16,1.8131542e-10
410000,111,54,0,1.9759168e-10,1.9613991e-11,2.0697345e-15,4.3459016e-23,6.760057e-18,1.5359912e-10
410000,80,154,0,1.6298081e-10,1.2118081e-11,2.1685271e-22,1.6571892e-38,3.7436963e-20,1.4452425e-12
410000,240,382,0,2.535628e-10,4.6014362e-11,6.9619396e-16,2.4448002e-24,2.2440866e-10,3.962881e-11
410000,22,389,0,-5.331029e-13,1.1440605e-11,8.351217e-11,1.2901577e-12,1.13482e-13,2.132612e-10
410000,415,431,0,4.847632e-10,1.212263e-10,1.4491852e-24,1.7923e-41,1.1079066e-11,2.1305876e-12
410000,103,312,0,2.3652394e-10,1.2979508e-11,1.6141469e-19,1.6873028e-32,1.8915501e-17,5.2383797e-13
410000,195,5,0,-3.6270073e-13,5.8361553e-12,2.8514622e-14,3.0746e-20,3.692292e-22,1.4718301e-11
410000,17,207,0,-8.292843e-13,5.2522667e-11,1.3216088e-15,6.482415e-22,4.2146953e-14,1.5802892e-10
410000,28,79,0,2.8799515e-12,7.424427e-11,9.870306e-11,3.418279e-12,7.019895e-13,1.9398907e-10
410000,168,313,0,5.209781e-10,1.640212e-11,4.4787965e-14,4.369963e-19,5.5858225e-19,3.1890581e-16
410000,159,321,0,8.215875e-10,5.265491e-13,8.6626934e-19,7.287232e-29,2.0025093e-28,2.3950544e-13
410000,78,180,0,3.2048222e-10,9.898989e-11,6.0354282e-15,6.572658e-22,5.4475935e-14,4.3838877e-11
410000,197,423,0,9.287535e-10,4.042252e-11,6.076371e-15,6.5727446e-22,1.6053207e-11,3.1361247e-11
410000,193,302,0,1.1655145e-10,1.2219246e-12,3.2753208e-21,2.4935338e-31,6.040982e-25,3.7814753e-14
410000,182,172,0,8.977209e-11,3.5500762e-11,3.7312998e-26,1.8e-44,1.8258566e-15,2.9964322e-15
410000,202,335,0,8.193306e-10,4.1268726e-14,3.5041675e-29,0.0,1.6803073e-35,6.7947437e-15
410000,458,143,0,3.9059537e-11,4.4941315e-11,1.3247431e-22,1.8848577e-36,9.23871e-14,3.5046778e-11
410000,79,494,0,-1.0708954e-12,4.6589965e-11,7.0213564e-11,2.863856e-12,3.1628205e-13,1.5199743e-10
410000,336,67,0,4.9524324e-10,2.0777132e-12,1.1711878e-15,1.9053673e-22,3.0286958e-24,6.88762e-11
410000,289,224,0,1.7070902e-10,2.3653518e-13,0.0,0.0,3.2348217e-32,2.1631151e-18
410000,187,43,0,6.93262e-11,5.496494e-11,1.5651026e-10,3.8030356e-12,6.6737674e-13,4.3415683e-12
410000,400,135,0,6.054637e-10,1.7289994e-11,6.100419e-16,9.6849384e-24,2.3410546e-17,8.7961624e-11
410000,200,454,0,3.4461173e-11,2.3931693e-11,3.350153e-12,4.726128e-16,4.3205546e-17,2.7889942e-11
410000,287,140,0,4.525863e-10,2.9118275e-12,2.8373979e-12,6.3449163e-16,1.3379307e-18,2.3150361e-10
410000,413,492,0,-1.4950283e-12,1.232957e-10,5.4655823e-16,4.2802094e-25,1.9483022e-10,3.5897865e-10
410000,381,368,0,1.14893296e-10,1.0758223e-11,4.8273505e-14,8.979315e-21,9.05769e-22,1.308032e-11
410000,31,431,0,4.7465807e-12,1.05006316e-10,5.113944e-19,6.690031e-31,5.80928e-13,2.1356027e-10
410000,255,238,0,3.9221884e-10,3.640664e-15,1.11438745e-30,0.0,7e-45,5.1561228e-11
410000,61,497,0,-1.0319824e-12,4.341729e-11,9.253093e-15,2.4029983e-20,9.176052e-13,2.5393054e-10
410000,54,43,0,1.7231319e-12,8.2490084e-11,3.974895e-14,2.6653386e-20,2.7359204e-16,8.43744e-11
410000,357,220,0,3.611618e-10,5.8040046e-14,4.005932e-11,2.890996e-13,7.736503e-15,8.8190425e-13
410000,264,110,0,7.2857574e-11,1.6051465e-13,2.019949e-21,2.795109e-35,9.204013e-31,1.0220794e-11
410000,244,108,0,8.496012e-11,6.751724e-13,7.094364e-11,1.1838457e-12,8.705704e-14,1.5022439e-10
410000,332,491,0,-1.0114135e-12,1.0994756e-10,3.4019237e-12,2.283872e-15,2.1743102e-12,1.2787212e-10
410000,462,245,0,3.070321e-11,4.6600758e-11,3.0418515e-12,7.365381e-16,2.0709034e-13,7.5964776e-11
410000,9,474,0,-1.4925065e-12,8.5467924e-11,9.0111685e-13,1.3587072e-17,2.462698e-13,1.6651694e-10
410000,232,133,0,8.1977014e-10,2.7855138e-24,9.074334e-18,3.3959708e-28,3.098067e-36,1.3684912e-11
410000,76,436,0,1.1851117e-10,8.759133e-12,1.0423644e-24,1.68648e-40,6.079375e-23,3.2803486e-11
410000,216,16,0,-6.936448e-13,4.6811607e-11,4.0244805e-17,4.8622517e-26,2.332581e-10,2.1136013e-11
410000,473,386,0,-3.7819108e-13,3.5870473e-12,1.1654234e-11,1.7592715e-14,1.4309247e-16,2.3888237e-11
410000,414,498,0,-1.4778285e-12,6.472129e-11,3.7091746e-15,6.5016376e-22,4.237086e-16,1.9426287e-10
410000,32,483,0,-1.631834e-12,8.938879e-11,1.8589928e-12,2.7260953e-16,1.1620427e-13,2.0256424e-10
410000,51,236,0,1.4087577e-10,2.7705277e-10,8.2128923e-17,7.251996e-26,3.6741734e-09,5.7115368e-11
410000,215,220,0,8.6114943e-10,4.653751e-12,1.0913696e-14,5.6865436e-20,2.6093547e-22,2.310466e-12
410000,412,469,0,-1.3402678e-12,9.244332e-11,2.2700895e-13,2.7712562e-19,4.8300543e-14,6.050065e-11
410000,157,325,0,4.157472e-10,4.380531e-15,4.5765547e-17,1.0443349e-25,3.4560304e-32,1.2900306e-13
410000,291,217,0,3.4814526e-10,2.955248e-12,0.0,0.0,2.1637615e-23,1.4314338e-14
410000,170,223,0,7.6595047e-10,1.17169096e-11,9.1271e-41,0.0,1.9170613e-20,1.1966284e-12
410000,252,408,0,4.565447e-10,1.01428636e-10,7.799961e-25,5.3297e-41,1.8851396e-13,4.2094392e-12
410000,472,92,0,1.0028417e-12,8.168902e-11,8.731197e-16,6.3417116e-24,3.962639e-14,2.756294e-11
410000,398,298,0,5.377765e-10,4.5117104e-11,3.0225135e-36,0.0,5.9768004e-15,9.974241e-13
410000,256,11,0,-9.801557e-13,1.5735332e-10,2.686907e-14,3.888246e-21,2.2770906e-10,6.6588325e-11
410000,482,103,0,-4.9394104e-13,3.573355e-11,3.131591e-11,2.2832018e-13,2.8323811e-14,1.3818936e-11
410000,491,131,0,-6.7137273e-13,2.7642073e-11,8.539492e-12,7.548579e-15,5.0979363e-17,5.7684215e-11
410000,126,461,0,1.08871185e-11,6.1547246e-11,2.715518e-13,3.4527677e-18,5.5661173e-15,4.2387607e-10
410000,285,365,0,2.6186245e-10,4.4580735e-13,1.7397018e-14,4.5764956e-20,1.4398021e-23,1.0998963e-11
410000,451,127,0,3.214262e-11,5.0921288e-11,1.430839e-13,1.1744759e-19,2.44369e-13,2.157657e-11
410000,311,477,0,-2.714638e-13,3.3400839e-12,2.0095345e-20,2.3879539e-32,2.6847192e-26,3.2953078e-11
410000,155,55,0,4.9222587e-10,2.2062446e-11,1.0235453e-12,6.054265e-17,3.630588e-17,4.5112275e-11
410000,50,358,0,2.128931e-11,2.1684312e-11,4.420318e-12,6.053855e-16,6.6437856e-14,2.3670944e-11
410000,204,14,0,-7.0235034e-13,1.897791e-11,3.4802393e-12,9.762122e-16,2.2632886e-18,2.0637016e-10
410000,210,415,0,5.2397114e-10,6.638472e-12,1.4896025e-11,7.4649434e-14,2.1724955e-15,5.5891552e-11
410000,383,16,0,-3.774708e-13,1.0763588e-11,2.7335136e-13,9.127967e-19,6.8606185e-23,1.5704549e-10
410000,325,302,0,1.0507438e-09,3.506562e-11,1.5429162e-36,0.0,3.9856936e-15,4.06129e-12
410000,90,70,0,4.2785517e-10,6.948667e-11,1.6370485e-17,5.9479785e-28,2.6036298e-10,2.3792425e-11
410000,463,117,0,1.7902106e-12,1.0154341e-10,3.2786404e-12,8.064156e-16,5.5529973e-12,1.9727648e-12
410000,97,445,0,6.6146755e-11,1.0801769e-10,2.4898705e-18,3.1540247e-28,2.3326696e-10,1.9571014e-10
410000,267,349,0,2.3660654e-10,2.1428718e-12,4.510645e-27,1.6244e-41,4.5762087e-25,7.554649e-13
410000,355,350,0,2.2162444e-10,3.5195402e-11,1.9289604e-22,9.666955e-38,3.9856936e-15,1.2277623e-14
410000,280,372,0,4.4420315e-10,1.1202437e-12,1.7062107e-15,3.1769428e-22,6.833947e-27,1.1716555e-13
410000,320,102,0,1.1573182e-09,1.5743254e-11,1.1801342e-21,8.952728e-35,5.666619e-17,5.624081e-12
410000,214,434,0,1.4917869e-09,2.5675772e-11,1.5453612e-11,8.5597104e-14,2.790631e-15,7.9408335e-10
410000,498,296,0,-7.977249e-13,6.67026e-11,2.5583214e-15,1.4615477e-22,4.721297e-13,3.5566786e-10
410000,298,256,0,6.4198774e-10,1.9808523e-14,0.0,0.0,2.0045275e-32,5.9743236e-18
410000,178,59,0,1.0721638e-10,7.0095054e-12,2.568474e-20,4.7840705e-34,4.4124603e-22,7.1718485e-11
410000,92,162,0,4.081882e-10,3.3591769e-12,1.7020592e-21,1.8970034e-35,2.415615e-25,1.2035963e-10
410000,400,148,0,1.108475e-09,3.3413845e-11,1.2692018e-21,1.05019405e-36,1.5915345e-17,4.061754e-11
410000,171,188,0,2.2257189e-10,4.0029087e-12,1.9206467e-29,0.0,2.6160535e-24,7.798333e-12
410000,109,341,0,4.96638e-10,3.7862227e-11,1.763713e-19,1.0610743e-29,7.090993e-15,2.1104478e-11
410000,140,70,0,8.760318e-10,1.9529142e-11,5.5379343e-14,1.2369597e-19,5.7458985e-18,2.1486063e-11
410000,251,231,0,5.2467414e-10,1.0636655e-14,3.3592076e-20,1.5773926e-28,2.6800268e-34,1.3478894e-11
410000,410,90,0,4.8354454e-10,1.0562894e-11,5.5239085e-17,2.832577e-25,1.1345338e-20,1.5274412e-11
410000,198,376,0,4.1976161e-10,6.136847e-13,4.1435985e-33,0.0,1.4337569e-29,2.9657516e-13
410000,193,401,0,4.227579e-10,1.4016938e-14,3.936916e-16,9.191375e-24,2.13264e-28,5.2035168e-11
410000,18,236,0,-1.8841421e-12,8.5927675e-11,2.8208169e-15,6.46531e-24,1.4073307e-13,1.12141095e-10
410000,492,31,0,-1.3047021e-12,2.467368e-11,4.197341e-14,1.4288206e-19,4.4224565e-19,3.1179125e-11
410000,399,254,0,9.279111e-11,6.455251e-11,1.576804e-23,3.58305e-40,2.6791456e-16,6.881032e-12
410000,264,70,0,2.3144296e-10,2.4272803e-11,2.0955043e-17,3.566355e-26,1.0210615e-15,4.8829125e-11
410000,254,355,0,6.5249256e-10,2.327056e-11,2.0510357e-28,0.0,2.8700936e-16,5.1828774e-11
410000,50,305,0,1.2352996e-10,2.7826813e-10,3.0327674e-15,7.788814e-23,6.5586564e-11,6.942174e-11
410000,208,50,0,5.6870086e-10,4.340804e-11,5.081086e-24,1.238683e-39,9.905348e-19,4.7838712e-11
410000,151,267,0,7.462545e-10,1.9255673e-11,2.4007667e-26,3.299e-42,2.9109227e-16,2.8205641e-13
410000,350,334,0,3.981158e-10,1.0693588e-12,4.0240207e-19,9.54072e-30,4.5201927e-28,3.927877e-11
410000,354,91,0,7.0010364e-10,8.2710385e-13,1.2527195e-16,1.349394e-25,4.4700368e-27,1.2878235e-10
410000,265,455,0,6.422584e-12,2.7308177e-11,5.003541e-12,3.4231907e-15,7.7873364e-17,5.101163e-12
410000,327,363,0,8.973641e-10,3.5441792e-11,7.1146855e-29,0.0,1.8258566e-15,3.2388504e-14
410000,363,421,0,2.5569132e-11,1.0614047e-11,1.3041739e-17,8.761837e-28,4.6472056e-22,1.397395e-10
410000,273,118,0,3.9348522e-10,8.8902e-12,4.6265777e-28,3e-45,1.2208085e-19,1.5948062e-15
410000,254,3,0,-8.600648e-13,2.8480409e-11,1.6089704e-14,1.2474366e-21,1.0210614e-15,4.907477e-11
410000,99,245,0,1.0405362e-09,1.719291e-11,1.6632983e-20,1.683846e-33,1.1140943e-14,4.780718e-12
410000,392,342,0,1.2662209e-09,1.0788702e-10,4.6011978e-14,1.1246469e-19,1.4235503e-13,6.4918873e-12
410000,413,50,0,7.8582287e-11,1.1202082e-11,7.550118e-11,9.021894e-12,3.2861752e-12,2.0250314e-10
410000,326,351,0,4.6457005e-10,1.892133e-14,5.824629e-18,1.2801199e-27,9.465917e-35,1.3433311e-17
410000,266,183,0,6.8954487e-10,1.1795953e-11,0.0,0.0,3.2932629e-18,5.20124e-13
410000,406,197,0,1.8288555e-10,1.0245358e-10,1.7332415e-13,5.9402466e-19,1.6394412e-13,1.302551e-12
410000,326,386,0,3.427133e-10,6.316132e-11,7.1327756e-11,1.6095241e-12,2.1604795e-13,8.760426e-12
410000,259,290,0,3.8500086e-10,1.2753867e-11,1.2581904e-25,4.6261e-41,1.7775208e-19,3.6614948e-17
410000,41,275,0,1.1522198e-10,5.9376683e-12,4.790366e-12,4.5287582e-15,3.7124167e-17,3.452716e-11
410000,215,254,0,1.765798e-10,3.5670106e-11,4.61e-43,0.0,9.752202e-15,2.832769e-12
410000,240,242,0,5.143899e-10,1.4792214e-20,4.839589e-25,2.2596222e-36,2e-44,2.990529e-16
410000,63,292,0,3.6814188e-10,6.3333686e-11,4.4027398e-27,4.76e-43,2.0008518e-10,1.1872457e-10
410000,185,203,0,2.9298744e-10,3.1557656e-13,1.6357307e-26,7e-45,5.2785485e-29,1.8743349e-12
410000,36,243,0,5.7054877e-12,1.2846237e-10,4.528901e-15,5.622081e-22,9.620339e-14,1.6049023e-10
410000,400,384,0,4.477454e-11,6.897632e-11,1.5341096e-24,1.3524e-41,4.6930362e-14,7.435569e-11
410000,435,425,0,1.2068214e-09,3.713622e-11,4.7294167e-18,7.4457357e-28,8.954542e-18,3.2841774e-11
410000,79,194,0,1.2553422e-09,8.2748e-11,3.9450814e-17,2.0539884e-26,3.7158033e-12,1.1131655e-10
410000,375,109,0,7.108092e-10,6.3866094e-13,3.0180138e-17,7.140849e-26,1.1644563e-27,3.5974824e-11
410000,207,134,0,3.1481162e-10,5.7420995e-15,4.526499e-28,0.0,3.9642917e-37,6.9194474e-14
410000,177,182,0,1.0658575e-10,4.8305625e-14,4.4713654e-24,5.199351e-39,1.2189147e-35,2.5225077e-15
410000,198,462,0,6.8933977e-12,3.1384728e-11,1.3241533e-14,3.670048e-22,4.9921247e-16,9.2008706e-11
410000,20,400,0,-8.2537167e-13,2.807536e-11,3.0818872e-11,2.1089383e-13,1.6902429e-14,1.2350007e-10
410000,214,452,0,6.4864676e-11,4.3863593e-11,1.7792391e-14,2.2584167e-21,1.0381584e-13,2.9459e-11
410000,472,410,0,8.9205536e-13,4.2835006e-11,1.4544686e-14,4.6817226e-22,3.6653547e-15,2.2862678e-10
410000,416,82,0,1.15571525e-10,1.6177445e-11,1.0337817e-13,3.5978425e-19,3.182057e-17,2.4615338e-10
410000,313,72,0,6.9495876e-10,8.190658e-12,6.413272e-11,2.8625325e-12,3.1591805e-13,1.5791852e-14
410000,451,62,0,9.197297e-11,1.3583569e-10,3.5873844e-15,1.1030847e-23,9.05394e-12,3.1288376e-09
410000,154,163,0,1.09068275e-10,3.2432698e-12,3.603e-42,0.0,2.3666626e-25,2.9887994e-09
410000,490,376,0,-7.1687307e-13,1.4297444e-11,1.0327051e-13,1.7053051e-19,3.972177e-22,3.1601013e-09
410000,247,93,0,1.1727341e-09,3.3072503e-12,2.0460053e-17,6.394696e-27,9.294202e-25,3.02246e-09
410000,247,182,0,1.93807e-10,2.0104751e-12,0.0,0.0,1.03677496e-23,2.9931995e-09
410000,428,30,0,6.9932454e-12,1.4234228e-11,3.6222782e-16,4.9167994e-25,1.9057759e-19,3.0547516e-09
410000,197,122,0,8.809655e-11,2.6301844e-11,2.7819798e-18,2.1667323e-29,1.1540493e-16,3.0076113e-09
410000,480,276,0,-1.1514519e-12,4.0272664e-11,9.489861e-12,9.864936e-15,7.793451e-17,3.0196385e-09
410000,421,367,0,3.220332e-10,3.4710207e-11,9.032223e-14,1.2918657e-19,8.606855e-18,7.847223e-12
410000,434,355,0,1.5234937e-10,1.9152367e-11,5.748716e-13,5.637994e-17,1.3143096e-19,1.1898489e-10
410000,232,242,0,1.2284934e-10,5.1486724e-18,1.1511832e-31,0.0,0.0,4.119828e-12
410000,426,350,0,2.5766897e-10,5.712409e-11,1.4089138e-14,1.2637708e-19,1.1078944e-11,8.733625e-11
410000,357,26,0,-4.525334e-13,3.205997e-11,2.3919201e-18,6.31763e-29,6.3815656e-19,2.083394e-11
410000,319,201,0,5.5352073e-10,1.6683553e-10,8.5495735e-23,1.0492967e-37,8.164351e-11,1.14983435e-14
410000,467,487,0,-1.7700004e-12,2.2098988e-10,5.1038605e-12,7.2065807e-16,3.0227896e-09,1.5684948e-10
410000,135,399,0,8.292446e-11,3.4055838e-11,1.2624927e-11,2.3669323e-14,2.4559937e-16,1.0595274e-12
410000,65,223,0,5.6611305e-10,8.2588957e-11,6.7737943e-13,1.220581e-17,1.43341155e-11,4.9319777e-11
410000,281,380,0,6.60372e-10,1.4636188e-12,6.9198485e-18,6.3862874e-29,1.6145681e-28,1.1489087e-10
410000,328,43,0,3.6274046e-11,6.385097e-12,7.0188536e-11,1.946265e-12,1.7348121e-13,7.576746e-11
410000,57,403,0,4.2082917e-11,2.4766874e-11,3.577958e-11,2.303514e-13,6.414788e-15,1.5444816e-10
410000,361,258,0,6.884866e-10,8.8569777e-14,3.501855e-25,6.1957e-41,1.2417969e-30,2.3233051e-11
410000,317,417,0,4.5868315e-10,6.5531004e-11,1.7052499e-16,5.575432e-26,6.1961303e-13,7.173577e-11
410000,176,441,0,2.0327519e-10,3.587051e-11,2.5484557e-15,1.7229166e-23,2.332581e-10,3.0182685e-09
410000,46,492,0,-2.010695e-12,1.0416197e-10,3.0821693e-14,1.6873591e-20,1.2046725e-12,3.1435599e-09
410000,155,418,0,1.0816879e-10,4.986762e-12,1.6226956e-23,7.494552e-38,6.0482776e-22,1.9464591e-10
410000,15,95,0,-1.1889863e-12,1.4481881e-10,1.6165669e-15,3.9661456e-21,3.5921564e-09,3.0736798e-09
410000,62,315,0,7.6013e-10,2.2842155e-09,1.7458442e-26,4.6e-44,4.1188084e-09,1.42034925e-11
410000,161,41,0,3.14831e-11,1.7532968e-11,1.1000332e-15,1.3321252e-24,2.8444115e-18,1.8941378e-12
410000,270,345,0,1.1932319e-10,1.9326018e-11,4.9968537e-32,0.0,1.8081375e-16,1.0462103e-11
410000,33,80,0,1.3705497e-11,6.809384e-11,2.6767486e-11,5.8630096e-14,2.3372526e-14,3.4419398e-10
410000,142,62,0,3.4306627e-10,3.792613e-12,5.693547e-13,8.2677265e-18,1.6099581e-21,1.665444e-10
410000,40,29,0,-9.053281e-13,6.7138586e-11,3.135289e-11,2.2831877e-13,1.0318632e-11,1.6500237e-10
410000,127,218,0,7.886474e-10,5.4183033e-11,1.0176319e-18,1.6640748e-30,1.03816566e-13,9.206073e-14
410000,465,20,0,-1.3663179e-12,6.7833114e-11,5.2572784e-14,5.2158126e-20,9.2388404e-14,3.690737e-10
410000,407,258,0,1.929246e-10,6.644737e-11,1.2055925e-22,6.517976e-38,7.0926045e-15,1.0948982e-11
410000,147,347,0,4.3448317e-10,2.8338068e-12,4.3346034e-18,1.613689e-29,6.470386e-24,3.2424598e-11
410000,409,320,0,6.395612e-10,1.5943177e-12,8.487948e-30,0.0,1.3982684e-26,2.2251746e-16
410000,203,72,0,2.7838976e-10,7.199183e-13,2.238045e-12,3.905855e-16,7.5774624e-19,3.9849397e-14
410000,268,290,0,2.7769956e-10,8.937595e-13,1.5090471e-17,1.313241e-26,1.4234719e-25,1.805466e-17
410000,345,205,0,4.9393606e-10,1.8842417e-15,2.5614514e-20,1.8497174e-32,1.3325e-41,7.8837534e-11
410000,344,103,0,8.663949e-10,2.7317995e-11,5.956905e-26,1.316e-42,1.173634e-11,3.0107032e-09
410000,10,150,0,-1.2811596e-12,1.1391683e-10,7.501871e-15,1.9157503e-21,9.888118e-13,3.0224352e-09
410000,487,247,0,-9.961635e-13,4.880142e-11,1.2249079e-15,7.003935e-24,3.475185e-13,3.0926492e-09
410000,218,287,0,1.4743606e-10,1.9734526e-18,3.244867e-35,0.0,0.0,2.9887863e-09
410000,303,474,0,1.0265487e-13,6.8251474e-11,8.3226985e-25,2.925e-42,1.8387812e-10,3.1060527e-09
410000,292,427,0,4.2352527e-10,4.065453e-11,6.7142743e-13,7.375114e-18,1.1141149e-14,1.1166703e-10
410000,377,376,0,3.8839001e-10,2.320173e-09,6.75243e-11,2.4052674e-12,4.1190584e-09,7.386785e-11
410000,378,323,0,2.7394792e-10,3.2600019e-13,2.3924363e-13,3.4262671e-19,6.887075e-24,1.621768e-11
410000,445,336,0,3.9773196e-10,1.6742337e-11,1.1605048e-21,2.0449166e-34,1.2488922e-16,3.112057e-11
410000,27,184,0,-5.092641e-13,2.4235043e-11,7.4898237e-16,3.5045357e-23,2.1433224e-20,1.02316204e-10
410000,415,120,0,6.4339856e-10,1.02730935e-10,2.4805732e-10,5.5657687e-11,4.5853245e-11,5.6089786e-11
410000,118,334,0,3.5231104e-10,2.55163e-11,1.1487212e-18,5.8247754e-30,2.8598277e-17,5.6214682e-11
410000,156,153,0,2.1019916e-10,4.9069526e-11,4.540245e-36,0.0,6.759495e-12,9.390642e-17
410000,449,283,0,1.0265212e-10,1.22387205e-11,2.1525854e-11,5.5870388e-14,5.2736557e-16,4.333398e-10
410000,402,234,0,2.5304257e-11,3.4510582e-11,1.7346183e-14,5.0791523e-21,4.4778496e-18,1.0422585e-11
410000,161,493,0,-1.0654887e-12,8.190836e-11,4.0913696e-11,5.1245645e-13,5.154512e-14,1.0560041e-10
410000,400,356,0,5.28135e-10,5.080192e-12,2.0219483e-15,4.8402576e-24,9.015902e-24,1.4511947e-10
410000,91,113,0,2.7537214e-11,2.1069205e-11,9.0030066e-20,3.2636607e-32,5.461959e-19,4.2667578e-11
410000,108,454,0,2.502437e-12,2.0683097e-10,3.1270403e-12,3.658911e-16,3.3965013e-09,2.9967393e-11
410000,208,117,0,6.1475505e-11,1.3792911e-12,2.5977437e-14,3.1808362e-21,8.566861e-26,6.0610954e-11
410000,247,238,0,5.0169513e-10,4.378863e-18,1.6566622e-22,4.82766e-33,1.57338e-40,1.1522701e-12
410000,50,34,0,-1.0314164e-12,5.989986e-11,1.165197e-18,2.955524e-29,1.9401222e-16,3.308324e-09
410000,438,499,0,-1.3017278e-12,6.7084e-11,1.0043884e-12,5.1487034e-18,6.3602276e-13,3.3729146e-09
410000,343,146,0,7.4755924e-10,1.03553194e-10,5.9965345e-29,0.0,1.4235503e-13,2.9957996e-09
410000,162,492,0,-1.0281327e-12,5.1517637e-11,3.272039e-11,3.4531712e-13,2.288477e-14,1.2741641e-10
410000,351,438,0,1.525124e-11,2.0761835e-11,3.9287163e-14,1.00573425e-20,4.283915e-22,3.0401894e-09
410000,433,448,0,9.397919e-11,3.0225145e-11,6.3015222e-12,1.8197525e-15,1.9721839e-17,3.216456e-09
410000,85,315,0,2.3198983e-10,7.577015e-17,2.5163498e-11,5.2583663e-14,9.475189e-16,3.3278624e-09
410000,107,57,0,1.828752e-10,3.345285e-11,2.5976629e-14,3.1808362e-21,1.01375345e-16,3.0550467e-09
410000,484,214,0,-7.00255e-13,4.806788e-11,1.3892059e-13,1.2266758e-19,2.1930576e-14,3.062608e-09
410000,248,476,0,-8.9174474e-13,9.329907e-11,1.1694953e-11,1.5503419e-14,6.24949e-14,2.995195e-09
410000,306,122,0,1.5107661e-10,2.4957678e-11,1.0986092e-28,0.0,4.4690885e-18,3.2682836e-09
410000,236,423,0,6.8721445e-10,2.6923753e-11,9.3048895e-23,2.505599e-36,9.0381096e-18,3.1493663e-09
410000,44,82,0,1.3825134e-10,7.3320135e-11,9.26035e-14,1.3062302e-19,6.739122e-13,2.9958682e-09
410000,280,465,0,2.7983952e-12,1.9075833e-10,4.3741607e-15,3.9745984e-23,3.8278556e-12,3.0629552e-09
410000,33,43,0,-1.0662397e-12,7.953487e-11,1.11817616e-14,1.7490407e-21,1.2388072e-14,3.083704e-09
410000,427,338,0,5.648716e-10,3.7029477e-11,3.1397165e-15,1.8014448e-22,2.2889374e-10,2.9931486e-09
410000,43,89,0,1.1916325e-10,2.625854e-11,1.7703077e-16,3.8497019e-25,1.136842e-17,3.4204473e-09
410000,2,372,0,-3.8326173e-13,3.4573258e-13,2.0679102e-17,9.143628e-28,4.5825664e-30,3.0627132e-09
410000,470,284,0,-2.9674784e-13,9.0544766e-11,1.2213302e-13,3.1789577e-19,5.1874835e-13,3.0680694e-09
410000,199,230,0,3.9918677e-10,1.3144463e-12,5.1992783e-31,0.0,2.0571026e-28,2.9888017e-09
410000,473,283,0,-7.895919e-13,1.1245107e-10,1.657727e-13,3.6891607e-19,1.2472676e-15,3.2115952e-09
410000,242,400,0,9.272338e-10,1.3083886e-11,7.6298306e-32,0.0,3.6576787e-19,3.0202223e-09
410000,374,187,0,1.8329908e-10,8.32724e-12,1.7320776e-20,2.0885655e-33,2.1269474e-20,2.9890603e-09
410000,264,430,0,2.1641902e-10,7.560993e-11,8.998438e-19,2.6875999e-30,3.4756096e-13,2.999119e-09
410000,169,199,0,3.5026426e-10,1.6962265e-11,4.3385093e-37,0.0,6.0934704e-19,2.9907206e-09
410000,370,453,0,1.143806e-11,4.6604956e-11,1.6480606e-12,3.605721e-16,1.031278e-15,3.0905696e-09
410000,10,22,0,-1.3417691e-12,9.047746e-11,1.4200574e-11,9.1426805e-15,2.4565106e-10,1.8576493e-10
410000,440,191,0,3.413474e-10,6.4082545e-11,2.0215627e-15,4.840226e-24,5.1874607e-13,3.0054657e-09
410000,38,243,0,9.569893e-12,2.456881e-10,2.5401226e-16,8.303557e-23,1.1286406e-10,3.000269e-09
410000,456,412,0,8.916736e-11,3.688753e-11,3.336243e-12,8.502158e-16,1.0553902e-12,2.9953446e-09
410000,400,227,0,3.7513482e-11,6.6237736e-12,1.8385942e-16,4.375551e-25,3.0909595e-21,3.8680198e-11
410000,485,203,0,-6.920217e-13,1.38837015e-11,3.2040638e-13,1.4745717e-18,2.041768e-21,3.0545309e-09
410000,189,284,0,4.8818816e-10,1.1441335e-11,2.1349806e-30,0.0,3.0376114e-19,9.439451e-15
410000,201,269,0,4.5607831e-10,2.2719358e-09,1.4487723e-36,0.0,4.1188084e-09,7.449568e-13
410000,339,393,0,8.0113784e-11,4.806286e-11,3.0415794e-12,7.3653813e-16,7.5506745e-15,1.1534019e-12
410000,349,387,0,9.770897e-11,2.6601048e-09,8.30446e-15,2.4018116e-21,4.1606114e-09,3.0305285e-12
410000,432,438,0,2.8150543e-10,5.1159632e-11,3.7729968e-14,1.7372792e-19,3.1692217e-17,6.967673e-11
410000,42,256,0,8.331519e-11,2.3257025e-09,1.0489793e-14,6.564286e-20,4.1188395e-09,4.8771244e-11
410000,261,428,0,3.70624e-10,2.3322355e-09,2.1228854e-20,1.0304313e-33,4.118816e-09,2.1431395e-11
410000,410,346,0,1.1987803e-09,6.8452197e-12,1.1416518e-15,1.31367594e-23,1.6588759e-22,7.559103e-12
410000,262,73,0,1.782531e-10,3.9210975e-11,2.260953e-15,6.8655574e-23,2.8811196e-09,4.4787105e-11
410000,319,137,0,1.04120775e-10,6.6886295e-11,8.3915527e-32,0.0,9.1892334e-15,2.1294315e-13
410000,333,410,0,2.2758652e-10,7.596265e-11,5.1517053e-13,6.837169e-18,8.113526e-12,1.6821712e-10
410000,146,192,0,5.2530363e-10,4.1317463e-11,1.3e-44,0.0,2.1980043e-10,2.8546525e-11
410000,36,10,0,-1.1940387e-12,4.5752006e-11,5.897677e-14,2.584649e-20,1.8431517e-14,2.722324e-10
410000,70,455,0,8.349051e-11,1.406914e-10,1.9226582e-14,2.4322971e-20,1.6423515e-13,3.2039096e-10
410000,44,173,0,1.4426896e-11,1.14000254e-10,1.7166801e-15,9.359711e-24,6.8207406e-12,2.7756616e-10
410000,226,156,0,5.3998417e-10,3.4604071e-18,4.830514e-15,6.7665136e-22,7.186392e-27,1.7996484e-14
410000,25,457,0,-1.3439922e-12,7.008068e-11,2.9084696e-14,1.2180585e-21,1.1487006e-16,1.980817e-10
410000,195,156,0,1.3089363e-10,1.0502057e-11,1.0828519e-33,0.0,2.6917824e-20,3.8623126e-11
410000,147,396,0,1.9678932e-11,6.8536145e-12,1.7044978e-16,1.3215986e-25,1.7057194e-22,5.051719e-13
410000,272,160,0,7.142413e-11,1.0398316e-17,3.1703255e-35,0.0,0.0,1.1645358e-12
410000,275,24,0,-3.46368e-13,2.7713535e-11,4.833442e-13,2.1696737e-17,1.4617746e-14,3.0700724e-09
410000,470,156,0,1.6795425e-12,2.7632474e-11,3.6051193e-21,4.6271795e-36,3.3202804e-18,2.9991003e-09
410000,491,273,0,-1.2735237e-12,6.564168e-11,6.668694e-14,2.0902338e-17,2.1506653e-10,3.1012197e-09
410000,464,442,0,2.2465288e-11,6.418624e-11,5.159296e-12,1.1470683e-15,1.078231e-11,3.1418042e-09
410000,269,43,0,6.4425017e-13,5.4823503e-11,6.173485e-18,5.59435e-28,1.125949e-11,3.03317e-09
410000,474,241,0,4.3218491e-13,3.807745e-11,4.0380813e-15,4.5495002e-21,5.81952e-16,3.0033762e-09
410000,320,45,0,7.688075e-11,2.4810108e-12,5.519797e-16,2.7435608e-24,1.7697551e-25,1.5154054e-10
410000,200,27,0,1.3257163e-12,6.180288e-11,1.9726793e-14,3.415948e-20,1.0972276e-15,3.1043037e-09
410000,403,312,0,7.8839757e-10,2.5322058e-16,2.8469653e-31,0.0,2.7e-44,2.9888318e-09
410000,409,47,0,3.2299104e-11,1.34012385e-11,4.567444e-12,1.4386008e-15,3.5754733e-18,3.3529068e-09
410000,479,304,0,-6.964412e-13,5.1596418e-11,3.1422837e-11,2.463757e-13,2.1980753e-10,3.0446496e-09
410000,237,445,0,3.0327038e-10,1.0667838e-11,5.0163815e-21,2.68173e-35,4.513414e-22,8.1461386e-11
410000,17,139,0,-1.1706978e-12,1.2726237e-10,2.1288674e-11,4.9011962e-14,7.350742e-13,2.8401656e-10
410000,122,39,0,3.2795287e-11,5.4682377e-11,4.7500212e-14,1.5491046e-20,1.6276327e-16,3.1624348e-09
410000,42,65,0,9.487318e-11,4.8393504e-11,8.6678276e-11,1.6810742e-12,1.8667873e-13,3.2892857e-09
410000,449,117,0,2.9826985e-11,6.52531e-11,1.1982521e-14,4.64389e-22,1.8098006e-14,3.000252e-09
410000,241,7,0,-9.406213e-13,7.166759e-11,7.713639e-15,1.6211623e-22,1.8640396e-15,1.3144336e-10
410000,390,133,0,4.684286e-10,2.7312496e-11,2.0820845e-10,2.484942e-10,8.4247237e-10,2.9891403e-09
410000,210,50,0,5.6688065e-10,3.944518e-11,4.109311e-24,1.37711e-40,1.2768488e-17,2.9903833e-09
410000,34,71,0,2.1816505e-11,7.214079e-11,1.8950964e-13,4.7073143e-19,3.3733178e-15,3.040355e-09
410000,440,81,0,1.0689392e-09,1.6259763e-11,4.738517e-13,2.054392e-18,4.1248966e-19,3.2006668e-09
410000,468,366,0,2.5761422e-13,3.2916007e-11,1.5799868e-17,2.0307297e-28,1.8990898e-18,1.5746653e-10
410000,416,1,0,-8.0303613e-13,4.23784e-11,2.3460977e-23,4.575858e-37,6.3698453e-15,3.1148357e-09
410000,2,442,0,-1.8237376e-12,1.3644767e-10,3.7902173e-12,3.9982777e-16,3.2936218e-09,2.9898777e-09
410000,279,53,0,8.927764e-12,2.2313438e-11,6.3209203e-14,1.6977863e-19,4.665161e-19,1.645439e-10
410000,10,498,0,-2.4858555e-12,1.6669338e-10,1.2760461e-16,4.6941094e-26,5.908384e-14,3.815159e-09
410000,60,12,0,-1.833254e-12,2.7717548e-10,1.5746338e-13,7.260335e-19,6.455794e-12,1.6313267e-10
410000,468,404,0,1.214062e-12,5.123058e-11,7.559876e-13,1.6234606e-17,1.6495004e-15,3.1675633e-09
410000,201,144,0,2.8335695e-10,7.6683104e-13,1.1186612e-29,0.0,3.0357916e-28,2.9887905e-09
410000,25,1,0,-3.724082e-13,2.0850238e-11,3.4622905e-09,7.1918743e-10,1.1532664e-09,3.7404715e-11
410000,79,448,0,4.293683e-11,3.9231843e-12,1.9208137e-14,2.4322955e-20,7.6965214e-24,3.0390674e-09
410000,375,70,0,1.1308449e-09,3.294084e-11,2.1512948e-17,1.1242217e-26,4.7288198e-15,8.3678654e-11
410000,415,45,0,5.3507362e-11,2.8497397e-11,7.734709e-11,1.8389311e-12,1.5926302e-13,3.4120373e-09
410000,73,96,0,2.67785e-10,1.8625214e-10,1.3945535e-15,6.80027e-24,1.5956482e-12,3.2487288e-09
410000,308,15,0,-4.5184502e-13,9.549659e-12,4.388799e-12,1.2707003e-15,3.1685807e-18,3.03322e-09
410000,48,454,0,2.790877e-11,3.5100273e-11,6.720462e-14,1.6260923e-20,5.1119217e-16,3.0674763e-09
410000,42,3,0,-4.3495234e-13,6.479828e-11,7.1323905e-11,1.6095241e-12,2.497442e-10,3.0663718e-09
410000,493,275,0,-1.1841784e-12,4.39374e-11,3.462259e-09,7.191878e-10,1.153267e-09,2.776792e-10
410000,195,466,0,3.2965952e-12,2.6423919e-11,2.5304427e-14,1.138641e-21,1.883201e-15,3.0172675e-09
410000,103,461,0,-5.257407e-13,2.2235908e-11,1.1750808e-11,8.108637e-15,4.8973834e-17,3.080572e-09
410000,64,406,0,2.0853666e-10,4.0848283e-11,2.1330114e-12,2.1820581e-16,1.3191324e-15,3.0190161e-09
410000,29,488,0,-1.4325277e-12,7.562823e-11,4.4301797e-12,6.8036386e-16,3.5285777e-13,3.3701282e-09
410000,379,50,0,6.319834e-10,4.9217252e-11,1.3676129e-12,6.294543e-17,1.2039811e-12,3.0179113e-09
410000,266,478,0,-1.0823352e-12,6.698957e-11,1.7461156e-13,5.9403376e-19,1.7289002e-15,4.4058555e-11
410000,30,66,0,5.3355822e-12,1.5837755e-10,1.9338374e-14,1.1461984e-20,3.6623214e-13,3.0995748e-09
410000,484,60,0,-1.1722426e-12,7.114776e-11,9.882542e-11,1.3999097e-12,1.525398e-13,3.2325274e-09
410000,104,1,0,-1.154156e-12,1.9573529e-11,7.370641e-11,1.7211015e-12,1.4523808e-13,3.0124925e-09
410000,236,489,0,-5.628538e-13,8.670962e-12,1.9947747e-11,4.248828e-14,3.6923442e-16,3.0510956e-09
410000,20,452,0,-1.5806225e-12,1.0061356e-10,8.452321e-11,7.953647e-12,2.525252e-12,3.060375e-09
410000,134,367,0,9.941209e-10,2.7714514e-13,3.426519e-10,3.2944772e-10,9.1983904e-10,9.202593e-15
410000,177,467,0,4.118506e-12,4.4777196e-11,1.4582249e-15,3.962028e-22,2.60626e-10,1.3568786e-11
410000,4,21,0,-6.3818465e-13,4.390816e-11,1.9374535e-11,3.850592e-14,2.0919156e-14,3.5176877e-09
410000,158,493,0,-1.1511277e-12,1.4125966e-10,6.322585e-11,2.9751202e-12,2.7180166e-12,3.0798544e-09
410000,493,169,0,-1.3075347e-12,5.5830836e-11,7.542147e-12,5.6313003e-15,2.7666908e-14,3.1148835e-09
410000,16,230,0,-1.187101e-12,3.3704293e-11,1.241057e-19,2.3864156e-32,2.223833e-16,3.052031e-09
410000,64,1,0,-1.102044e-12,7.609867e-11,1.8062918e-13,3.3351284e-19,2.1021905e-10,3.2979168e-09
410000,396,46,0,6.56777e-11,4.41071e-11,8.350905e-16,3.79305e-24,8.708301e-15,3.2189547e-09
410000,471,41,0,-9.644222e-13,6.6751146e-11,1.8323315e-14,1.0417367e-21,1.693342e-11,1.0478253e-10
410000,458,303,0,8.914649e-12,1.4697908e-10,3.6706694e-15,2.9029074e-22,7.2422485e-12,7.1717826e-11
410000,371,65,0,6.118051e-10,1.243213e-11,9.063723e-22,4.6468137e-34,1.7859783e-18,3.0253153e-09
410000,50,335,0,2.4025055e-11,6.3119614e-12,3.4622614e-09,7.191878e-10,1.1532664e-09,1.87269e-11
410000,8,491,0,-2.3678076e-12,1.0389885e-10,2.167318e-14,2.6523245e-21,2.8883015e-15,3.0784102e-09
410000,225,482,0,-8.8328834e-13,4.2709062e-11,3.7470066e-10,2.5434072e-11,2.4551219e-11,1.4723642e-11
410000,493,45,0,-1.4069952e-12,1.3523511e-10,6.752261e-11,2.4052674e-12,1.343151e-10,2.9927125e-09
410000,258,439,0,1.3047073e-10,1.8540218e-11,1.628715e-14,6.143652e-21,1.3942877e-20,9.4767236e-11
410000,45,93,0,1.6819279e-10,1.1845804e-11,7.036638e-18,5.553266e-28,1.746326e-20,3.0896872e-09
410000,301,455,0,1.3255133e-10,1.3156826e-11,8.229522e-16,1.3621312e-24,1.6316228e-19,3.1006335e-09
410000,469,463,0,-1.7501583e-12,1.1704784e-10,9.945834e-13,1.37432245e-17,5.1611567e-12,3.0437155e-09
410000,22,250,0,-1.2090031e-12,1.795803e-10,5.3193176e-11,1.0027105e-12,2.0073986e-12,1.1303137e-11
410000,86,479,0,-1.232771e-12,1.4039764e-10,5.668403e-16,2.3787962e-23,1.652671e-12,1.4394544e-10
410000,192,45,0,1.5406976e-10,4.680168e-11,7.2249213e-14,5.579245e-19,2.4565094e-10,2.2575143e-12
410000,452,46,0,3.572225e-11,6.057636e-11,1.16196375e-11,1.75926e-14,2.857973e-16,3.1795175e-09
410000,0,436,0,-1.4742154e-12,4.822065e-11,1.2504096e-11,4.9954403e-15,4.5185925e-17,3.30656e-09
410000,63,126,0,2.2810745e-10,2.1726804e-11,1.05718526e-16,3.4888122e-26,3.8927384e-16,3.0069984e-09
410000,468,376,0,7.806037e-13,2.3357197e-12,2.4449455e-14,9.490286e-21,8.940491e-25,3.0709835e-09
410000,68,55,0,2.417735e-10,4.736052e-11,6.162149e-17,4.736567e-26,9.176058e-13,3.01834e-09
410000,173,27,0,-7.146785e-13,1.233855e-10,1.0133871e-15,4.642602e-22,1.1272291e-11,3.1026361e-09
410000,482,43,0,-1.5547724e-12,2.598697e-10,1.8169129e-12,3.1406966e-17,3.6336416e-09,3.2229401e-09
410000,26,393,0,-6.815493e-13,3.302539e-11,1.3690502e-10,5.7627434e-11,6.531231e-11,3.092579e-09
410000,146,53,0,4.218228e-10,3.1995552e-12,1.8252077e-11,3.1273585e-14,2.500768e-16,3.0415728e-09
410000,410,406,0,6.53201e-10,1.2440596e-10,1.6203101e-11,2.926183e-14,1.6024165e-10,5.6283576e-12
410000,438,56,0,9.663782e-10,7.108667e-11,3.0641413e-13,3.480253e-18,1.370926e-17,3.0060665e-09
410000,47,444,0,8.220402e-11,9.38046e-11,2.0671036e-11,5.586006e-14,1.5206338e-11,3.0797958e-09
410000,422,191,0,5.5438473e-11,5.2957833e-11,4.3366916e-19,2.953964e-31,6.759495e-12,2.078252e-11
410000,362,411,0,9.56572e-11,3.2827563e-10,2.365217e-14,1.6726972e-18,3.843268e-11,2.6389814e-11
410000,326,225,0,5.0162113e-10,1.0428543e-10,1.1901633e-22,6.7462746e-37,1.27450125e-11,1.5571821e-12
410000,433,304,0,3.0850986e-10,5.0462685e-12,3.208611e-11,3.244545e-13,1.04171974e-14,4.608624e-12
410000,178,45,0,2.491072e-11,5.43196e-12,7.1171393e-16,3.8693197e-24,2.6928587e-24,4.1023795e-11
410000,302,365,0,1.424362e-10,3.2103313e-15,1.7952773e-19,6.3389697e-32,1.4442e-41,9.292596e-13
410000,159,263,0,1.669727e-10,2.3125335e-09,8.309015e-21,1.1391656e-33,4.1188084e-09,4.7178524e-15
410000,280,311,0,5.905927e-10,1.0853275e-12,5.940151e-24,5.654123e-38,4.5414924e-25,1.901542e-12
410000,230,402,0,1.3556968e-10,6.581498e-11,2.1255823e-26,1e-45,4.7271383e-13,7.394428e-12
410000,183,370,0,7.5231196e-11,2.6635067e-11,3.2199127e-32,0.0,9.241026e-17,5.981232e-11
410000,379,72,0,1.2041795e-09,3.2696224e-11,1.0402754e-13,6.8496386e-19,4.72882e-15,5.732778e-11
410000,290,350,0,2.0224135e-10,3.2788558e-16,3.8603272e-26,1.2418e-41,3e-45,2.1897885e-12
410000,146,253,0,3.3433767e-10,1.2123915e-12,1.4293979e-33,0.0,8.6061203e-23,3.9953346e-11
410000,306,216,0,9.9447915e-11,1.8119605e-11,1.7111096e-33,0.0,3.8927384e-16,1.5735634e-15
410000,198,402,0,1.8337083e-10,1.212722e-14,1.5175419e-18,7.284506e-30,7.614452e-38,9.175575e-13
410000,346,239,0,3.9114276e-10,5.693239e-13,2.4366602e-16,8.620615e-24,2.968236e-27,1.2161141e-11
410000,427,252,0,2.3327865e-10,3.1496175e-10,1.989017e-11,3.4850883e-14,6.097535e-11,7.773235e-11
410000,330,171,0,8.823711e-11,3.9028255e-12,0.0,0.0,7.632637e-24,3.4337405e-12
410000,77,115,0,1.2831212e-10,3.181805e-12,1.4095505e-12,2.938255e-17,6.133695e-21,2.0939592e-10
410000,277,357,0,3.4024045e-10,9.968967e-14,3.7610987e-24,2.12953e-39,3.8685277e-33,1.9442125e-13
410000,400,269,0,4.1366433e-10,4.9130876e-11,2.8550736e-19,1.8173182e-30,1.8260082e-15,9.739437e-12
410000,385,420,0,3.7091932e-10,1.1934687e-10,1.6449583e-20,3.660401e-33,1.1079428e-11,1.7907299e-10
410000,205,249,0,9.043103e-10,2.2372099e-11,1.8e-43,0.0,1.8912488e-15,1.6755463e-11
410000,469,124,0,-5.1071154e-13,3.6194697e-11,6.264569e-18,1.0312798e-27,6.503853e-15,1.3309406e-10
410000,227,497,0,-1.2293353e-12,6.2457865e-11,2.0956418e-14,2.0149546e-21,2.7603715e-15,4.244511e-11
410000,481,319,0,-5.6795725e-13,2.3473794e-11,6.8460263e-12,3.4859275e-15,1.7030785e-15,4.9919013e-11
410000,337,39,0,6.370711e-12,1.4031398e-11,5.0503408e-14,2.739922e-20,3.6647067e-20,2.6534175e-10
410000,29,181,0,-2.6360275e-13,3.9726233e-11,1.7090092e-15,3.1769436e-22,9.014859e-16,5.428284e-12
410000,78,489,0,-1.1276831e-12,5.5000126e-11,8.349088e-11,8.152749e-12,2.6298733e-12,6.726118e-11
410000,424,486,0,-1.7304344e-12,1.4578724e-10,7.094357e-11,1.1838457e-12,1.9248275e-11,7.394618e-11
410000,461,172,0,1.2849494e-11,1.7682916e-11,4.0963003e-16,1.6305333e-25,5.2115097e-21,1.9078135e-10
410000,5,40,0,-7.676602e-13,4.354313e-11,2.1177773e-11,6.6011094e-14,1.3593878e-14,2.3483526e-10
410000,90,434,0,4.9273474e-10,3.596121e-11,2.4885308e-26,2.2813e-41,6.6437375e-14,9.943763e-12
410000,222,11,0,-7.160323e-13,4.375518e-11,4.010131e-24,5.29553e-40,2.4955615e-10,4.0294884e-10
410000,489,484,0,-1.761067e-12,6.654378e-11,1.3096801e-10,2.052263e-12,1.7651184e-13,1.8445592e-10
410000,48,452,0,3.7604173e-11,3.26585e-11,2.7077123e-13,1.2588467e-18,5.1105426e-16,9.19336e-11
410000,39,171,0,2.520711e-12,9.9592924e-11,1.7062107e-15,3.1769425e-22,1.5187133e-11,1.33525e-10
410000,110,439,0,6.924554e-11,3.3236264e-11,6.150096e-14,1.5146472e-19,1.890167e-19,1.4268811e-10
410000,381,440,0,5.3720295e-10,5.7465387e-11,6.401667e-13,2.5706515e-17,4.783761e-12,7.2306744e-11
410000,458,67,0,4.802904e-11,7.28239e-11,7.105575e-11,1.7205582e-12,1.0927547e-11,4.366847e-11
410000,401,52,0,5.9758094e-11,2.920751e-11,1.4322751e-17,1.0569421e-27,1.2239002e-18,2.9289382e-10
410000,66,75,0,2.3814278e-10,2.5639447e-11,2.2851067e-14,2.2406069e-20,1.677836e-15,4.7415738e-11
410000,58,421,0,3.514057e-10,9.1117426e-11,4.589572e-17,6.240927e-26,1.2331192e-11,1.916027e-11
410000,419,8,0,-7.819087e-13,6.041148e-11,1.6171834e-18,2.8417187e-29,1.6053228e-11,1.2588343e-10
410000,478,481,0,-2.2116206e-12,1.7057804e-10,1.2446393e-11,7.415129e-15,2.1533348e-14,1.0096372e-10
410000,475,196,0,-2.0913211e-14,1.3253188e-11,1.7770986e-13,2.385802e-19,9.964905e-23,1.581317e-10
410000,109,456,0,9.94789e-13,1.3236043e-10,1.5451496e-11,8.55971e-14,1.6679823e-13,8.856158e-12
410000,467,198,0,8.74967e-12,3.1960212e-11,3.6689054e-15,3.0622612e-23,9.385446e-18,8.8571254e-11
410000,212,470,0,-4.0254448e-13,5.259754e-11,4.180092e-17,1.1722461e-26,6.80977e-16,1.0774504e-10
410000,48,471,0,-9.042172e-13,4.699938e-11,1.6877636e-13,2.3771754e-19,1.9453031e-17,6.684219e-11
410000,450,12,0,-1.6430144e-12,1.0985452e-10,1.4541088e-15,1.5517808e-22,2.4692286e-14,2.8589112e-10
410000,496,468,0,-9.0848623e-13,1.3412536e-10,6.9795156e-11,1.2866676e-12,1.1617388e-12,1.1785788e-10
410000,17,31,0,-1.4607122e-12,5.724959e-11,1.105625e-10,2.5421618e-12,2.0480743e-13,1.0743946e-10
410000,169,443,0,1.2029074e-10,3.5442302e-12,1.3628447e-15,3.12564e-23,4.3631676e-24,1.6080089e-10
410000,80,493,0,-1.110066e-12,5.976092e-11,3.813206e-11,1.1575464e-13,3.5938964e-15,1.16271964e-10
410000,22,374,0,-4.0803838e-13,4.9835476e-11,1.552402e-13,1.9686799e-19,2.0240619e-16,7.886163e-11
410000,128,22,0,-1.231126e-12,5.6780015e-11,9.245828e-18,2.631058e-28,1.7383895e-16,5.4551485e-12
410000,207,10,0,-6.8018914e-13,1.921976e-11,2.1966224e-15,2.0427528e-23,5.378839e-19,1.02532774e-10
410000,457,475,0,-1.5342533e-12,1.4217297e-10,2.1170902e-15,2.7964066e-22,3.359856e-09,4.6151774e-10
410000,488,399,0,-9.243878e-13,2.915475e-11,8.323521e-15,1.8449176e-22,5.8189035e-16,1.003693e-10
410000,413,443,0,4.4501812e-11,5.7519926e-11,9.1492045e-17,2.2651356e-24,2.5020204e-16,1.2998523e-10
410000,16,369,0,-4.884831e-13,1.1381669e-11,3.767857e-11,4.4233698e-13,6.492891e-14,1.3520894e-10
410000,19,205,0,-9.965553e-13,1.673524e-10,1.8589157e-15,1.2872056e-23,1.2614815e-12,6.602399e-11
410000,488,6,0,-1.6752103e-12,2.0521893e-10,3.9167276e-12,1.268355e-15,1.5649648e-11,3.794346e-10
410000,449,497,0,-6.881568e-13,1.1204724e-10,3.3133774e-11,4.5168682e-14,2.9263278e-12,1.3323809e-10
410000,470,134,0,-2.543777e-13,1.3203166e-10,4.0709985e-17,8.262904e-28,1.8308369e-11,4.8751814e-12
410000,471,151,0,1.1083525e-12,3.463578e-11,4.070998e-17,8.262904e-28,1.733172e-13,3.875024e-12
410000,317,64,0,6.165354e-10,2.9570386e-13,1.4685168e-14,2.7382695e-21,1.5235929e-26,2.3714227e-11
410000,60,52,0,4.7295636e-11,1.290893e-10,1.1950207e-11,1.9493721e-14,2.4573037e-12,3.8846987e-10
410000,309,0,0,-8.571502e-13,4.580727e-11,1.9337875e-17,8.267681e-28,9.56845e-19,2.5828019e-11
410000,499,14,0,-1.5547018e-12,2.429847e-11,1.8017807e-10,1.8605355e-11,5.7388855e-12,1.1100157e-09
410000,81,8,0,-1.7241863e-12,2.0367681e-10,1.7617535e-16,1.3589867e-24,1.409099e-12,2.8442606e-11
410000,34,141,0,-5.0220434e-13,9.221886e-11,6.503575e-11,2.7490772e-12,5.605256e-13,1.4225854e-10
410000,474,233,0,-6.184506e-14,8.6517654e-11,2.0802381e-13,6.2315296e-18,8.386163e-14,2.9848522e-12
410000,56,314,0,7.97506e-10,5.9561353e-12,6.986921e-21,9.5296785e-34,9.9758643e-23,1.2857067e-11
410000,78,35,0,2.9073263e-12,2.9848853e-11,1.9603499e-16,1.3771419e-22,3.0459543e-16,1.5645703e-10
410000,155,11,0,-8.784939e-13,6.721994e-11,1.9981164e-11,4.6694782e-14,2.3616214e-14,5.0521868e-11
410000,8,66,0,-8.343477e-13,3.500621e-11,4.4819117e-11,4.536177e-13,1.4498468e-14,1.01042646e-10
410000,489,80,0,-6.786689e-13,3.215195e-11,6.429776e-13,1.7431842e-17,5.822635e-16,3.5488685e-11
410000,1,378,0,-6.3435336e-13,4.9328415e-12,3.197343e-18,3.1845504e-27,1.062821e-24,5.1412974e-10
410000,43,343,0,1.0419353e-12,6.935211e-11,1.1922495e-10,5.607763e-11,8.01839e-11,1.4090172e-10
410000,127,9,0,-6.7806335e-13,1.2913124e-11,5.0348756e-14,2.7396842e-20,1.168705e-16,2.3321844e-11
410000,314,41,0,2.8918729e-11,2.7865325e-11,1.10115896e-13,1.3556654e-19,2.203921e-17,3.622748e-11
410000,5,35,0,-7.902295e-13,8.886586e-11,1.71868e-13,2.378296e-19,2.0843092e-13,2.1117723e-10
410000,157,52,0,2.9903746e-10,1.021699e-10,8.754389e-12,3.651986e-15,2.8609866e-14,1.03360254e-11
410000,458,9,0,-2.0368496e-12,2.440806e-10,5.1041745e-13,8.978705e-18,1.3450675e-10,1.4290596e-10
410000,468,493,0,-1.0616757e-12,5.1111892e-11,8.5221045e-11,1.3464843e-12,9.893166e-14,7.640437e-11
410000,63,4,0,-1.2042319e-12,5.1601716e-11,8.576064e-12,7.548595e-15,1.89818e-13,2.583462e-10
410000,223,437,0,7.7279616e-10,6.027906e-11,1.5619143e-16,1.5629846e-26,3.8656743e-13,1.0134478e-10
410000,46,268,0,3.6179906e-10,2.8154338e-11,3.5043604e-13,1.2395064e-17,3.069669e-13,5.9634526e-11
410000,455,12,0,-1.821258e-12,1.1373975e-10,5.801207e-17,5.3608e-26,7.9059535e-13,2.3608494e-11
410000,333,474,0,2.7158264e-13,1.2675625e-11,4.6574376e-12,7.0220524e-16,1.0466313e-18,4.4062018e-11
410000,348,42,0,1.2968625e-11,3.2879182e-11,4.0805522e-11,3.4615697e-13,1.1390601e-14,1.0619046e-10
410000,8,125,0,-9.555436e-13,6.4925676e-11,3.070121e-11,1.7803575e-13,2.0703305e-11,1.1871722e-10
410000,335,20,0,-1.0736573e-12,5.4821776e-11,2.3301404e-22,9.315702e-36,6.503859e-15,5.2781012e-11
410000,495,492,0,-5.7015314e-13,1.4459572e-10,3.6873138e-10,7.5018144e-11,6.171947e-11,3.697841e-11
410000,43,53,0,1.1533747e-11,3.116521e-11,8.307635e-12,2.7898722e-15,1.5870027e-16,2.5871477e-10
410000,481,117,0,-5.291661e-13,2.8414864e-11,1.7788218e-19,3.5213494e-31,5.162126e-15,1.7160754e-11
410000,467,427,0,1.7136136e-11,1.2670338e-11,8.7496824e-18,1.1042714e-27,1.8781146e-21,8.917112e-11
410000,247,43,0,1.4876825e-11,3.988059e-12,1.214573e-10,5.6078617e-11,6.987573e-11,8.164642e-11
410000,47,86,0,2.511476e-10,8.47943e-11,2.5033214e-16,8.62083e-24,2.9771303e-09,3.9039337e-13
410000,214,495,0,-1.1104021e-12,9.733559e-11,7.0313564e-20,1.06913946e-29,7.077767e-12,2.2754086e-10
410000,252,21,0,-5.206011e-13,3.1339244e-11,1.5057333e-12,2.8406696e-17,2.1074667e-15,9.8066846e-11
410000,457,91,0,8.3359174e-11,5.884182e-11,1.4627842e-12,2.8558555e-16,1.6932856e-11,3.2413386e-10
410000,35,248,0,6.9063904e-12,5.5922777e-11,2.7665515e-15,6.8893785e-23,7.524042e-16,5.1013863e-11
410000,301,30,0,3.6660772e-14,1.0122648e-10,3.6479846e-16,6.945215e-25,3.8067084e-12,3.030689e-10
410000,36,470,0,-1.906513e-12,2.0978344e-10,6.397143e-13,4.2811222e-17,4.8877905e-13,6.392575e-11
410000,484,5,0,-1.517917e-12,1.2356281e-10,4.8665255e-13,2.054873e-18,5.4442713e-13,6.847513e-10
410000,454,483,0,-1.519331e-12,4.979511e-11,3.7922707e-11,1.9978303e-13,5.567054e-14,3.2041256e-10
410000,250,40,0,5.3764207e-12,1.4157176e-12,3.288988e-11,6.5420746e-14,5.8660864e-16,2.5297386e-10
410000,255,494,0,-9.712007e-13,1.07457605e-10,1.2933938e-11,2.594688e-14,1.9482435e-10,3.5702954e-11
410000,43,303,0,3.4040007e-11,4.8202973e-11,2.0968797e-12,1.5250065e-16,2.4955615e-10,1.60199e-11
410000,23,330,0,-1.1469639e-12,6.1912676e-11,1.420393e-13,2.8803295e-19,3.3590769e-15,7.006813e-12
410000,51,374,0,3.8036102e-10,4.4227726e-13,1.640946e-13,8.915089e-20,1.3379242e-24,6.0864404e-11
410000,498,93,0,-7.081311e-13,8.4834535e-12,3.5124484e-14,8.116242e-21,1.3348697e-22,6.500379e-13
410000,65,10,0,-1.5264415e-12,9.075451e-11,7.091131e-13,7.3825415e-18,2.1294354e-14,1.2340597e-10
410000,30,209,0,1.2275914e-12,6.974451e-11,7.7122565e-11,9.916912e-13,8.356127e-14,6.442371e-11
410000,464,54,0,1.8908557e-12,9.163963e-11,6.6578774e-13,2.4973524e-17,1.3118618e-15,6.0990005e-11
410000,492,178,0,-1.7226908e-12,9.0529535e-11,8.064529e-14,5.4520824e-19,3.0600993e-12,1.3512269e-10
410000,61,125,0,1.6460712e-10,2.065527e-11,9.928113e-16,1.8315165e-24,1.3503688e-18,8.582399e-11
410000,483,87,0,-5.5531274e-13,7.508886e-12,1.7877182e-10,2.626949e-11,9.703542e-12,1.1294152e-10
410000,33,48,0,-5.8818353e-13,1.895784e-10,6.945829e-14,1.2418812e-19,4.5983334e-10,1.9037245e-10
410000,89,0,0,-9.702084e-13,2.7947934e-11,2.1141805e-13,1.473097e-17,6.001168e-18,1.0137364e-10
