mcsteps,xCOM,yCOM,zCOM,il8,il1,il6,il10,tnf,tgf
430000,58,260,0,2.8362868e-09,1.348488e-11,2.1104637e-16,7.639741e-26,5.9954e-21,1.7403159e-11
430000,127,278,0,2.231171e-09,1.0128482e-12,1.4126834e-10,5.7930563e-11,6.409025e-11,6.3354846e-16
430000,320,86,0,3.0002933e-09,1.8800666e-12,1.9760842e-16,7.8868775e-25,1.8052715e-24,4.3593414e-11
430000,426,147,0,2.3547964e-09,2.2085632e-12,8.079113e-16,3.602256e-24,2.5268825e-27,9.020304e-11
430000,389,77,0,2.3312685e-09,3.8686745e-12,2.343003e-12,1.2827401e-16,7.8337927e-20,1.7323233e-10
430000,76,141,0,2.0876958e-09,4.0397893e-12,5.15505e-16,1.0315184e-24,3.435565e-24,1.0170647e-13
430000,126,316,0,2.7596232e-09,2.1295184e-11,7.112624e-27,3e-45,2.203821e-17,8.845736e-13
430000,438,319,0,2.6790608e-09,1.8252677e-11,2.4286081e-20,1.898261e-34,8.0353617e-19,3.0212225e-11
430000,395,187,0,2.343479e-09,1.4967957e-10,1.5998162e-15,2.4709534e-22,1.3413257e-10,1.0591351e-10
430000,271,255,0,2.498495e-09,8.126194e-14,0.0,0.0,1.9754699e-27,4.6517474e-15
430000,383,67,0,2.4716662e-09,1.1783014e-11,1.065078e-12,1.3955978e-17,5.2714524e-20,9.507625e-12
430000,137,99,0,2.0138318e-09,7.456857e-11,2.0152595e-17,6.375571e-27,4.431737e-14,3.8476094e-11
430000,392,314,0,2.4894482e-09,6.786454e-17,4.3446935e-22,3.170934e-38,0.0,3.141996e-11
430000,73,326,0,2.2950097e-09,1.4778877e-15,4.359354e-28,0.0,3.0040016e-37,3.8968637e-11
430000,209,54,0,2.140087e-09,1.0313335e-10,9.737811e-21,4.7595573e-34,6.3477977e-12,2.5453912e-12
430000,323,205,0,2.1990552e-09,5.11223e-12,9.910482e-17,6.13657e-26,1.1935205e-21,8.824842e-12
430000,94,376,0,2.245505e-09,1.758189e-11,1.7256535e-16,4.7884695e-26,1.1934137e-17,5.1037913e-11
430000,394,426,0,2.3033266e-09,1.7806288e-11,8.231212e-22,2.0133679e-36,2.1901995e-19,1.4390917e-11
430000,203,425,0,3.2401481e-09,5.496846e-12,2.4431245e-12,2.0821103e-16,1.4790486e-19,6.3425745e-12
430000,261,127,0,2.4553928e-09,7.85406e-12,1.534376e-20,2.5086177e-34,1.5693476e-18,2.3602344e-12
430000,404,107,0,2.835859e-09,1.1856057e-11,5.2424957e-15,2.420301e-22,5.7021646e-18,6.8932004e-12
430000,188,196,0,1.9792699e-09,8.3641115e-12,2.2568434e-18,1.4468117e-29,1.9308643e-21,9.282311e-14
430000,385,429,0,2.6801315e-09,2.9555275e-11,9.496549e-14,5.726195e-20,3.720428e-14,1.2198417e-11
430000,233,290,0,1.9865405e-09,1.3101944e-25,2.0010064e-38,0.0,0.0,3.2248697e-22
430000,201,360,0,2.3433873e-09,2.725314e-13,4.2356034e-27,1e-45,2.025762e-31,1.0706921e-11
430000,349,67,0,2.4573068e-09,2.0842045e-11,3.842914e-11,7.101691e-13,6.308322e-14,2.1050165e-11
430000,66,315,0,2.199768e-09,1.8578031e-11,3.8521753e-28,2.7e-44,4.4652583e-17,2.0091907e-11
430000,205,431,0,3.4915502e-09,2.1211031e-11,4.6744128e-12,4.1555643e-16,1.526897e-16,8.1792434e-11
430000,209,220,0,2.6581728e-09,1.1415755e-11,3.1705972e-19,1.2667526e-28,2.7418084e-18,6.064753e-11
430000,77,278,0,3.1672955e-09,3.423086e-11,4.5515322e-21,6.180273e-35,6.3525097e-18,3.880743e-11
430000,108,363,0,2.1257707e-09,2.5681431e-11,1.5924487e-11,1.9553239e-14,3.0710666e-13,2.1071035e-10
430000,91,389,0,2.359119e-09,1.4712436e-11,4.7652333e-12,7.752732e-16,2.8432836e-18,2.4666245e-11
430000,156,431,0,2.018986e-09,6.0379544e-12,2.3396426e-19,1.6941573e-30,3.0387003e-22,5.9900626e-11
430000,407,267,0,2.1185196e-09,1.5567282e-11,7.393504e-25,7.0588e-40,3.9966584e-21,4.737587e-12
430000,268,393,0,2.1858195e-09,5.7907786e-13,4.6297376e-16,2.0979975e-24,1.2613324e-30,2.7329587e-11
430000,242,397,0,2.360341e-09,3.8086048e-11,1.6758832e-28,0.0,3.803872e-14,2.7257667e-11
430000,440,84,0,2.2803974e-09,2.174111e-11,7.9992e-12,3.980355e-15,5.1724452e-15,1.2576845e-10
430000,446,77,0,2.2206927e-09,9.246393e-12,1.5069631e-12,5.616363e-17,3.0313717e-20,8.7452386e-11
430000,415,128,0,2.9761096e-09,1.4651842e-11,7.0316995e-15,5.65668e-21,1.0443998e-19,8.555829e-11
430000,389,155,0,2.2386868e-09,4.467594e-11,2.002283e-11,4.6694792e-14,1.1736757e-11,6.6494955e-11
430000,307,424,0,2.3958953e-09,1.3682513e-11,2.2735734e-19,5.0678853e-31,3.6416158e-20,2.3678311e-11
430000,335,203,0,2.5187599e-09,3.8148073e-15,2.568613e-14,9.2921205e-21,1.2813384e-25,1.8762525e-10
430000,59,186,0,2.2524516e-09,7.1294468e-12,4.4241734e-13,7.785467e-18,1.8084581e-21,3.9962793e-11
430000,53,272,0,2.2463216e-09,2.9660056e-11,1.2406306e-13,1.3282329e-19,3.186019e-17,2.0729137e-11
430000,309,73,0,2.1290374e-09,6.4630966e-12,1.8360819e-12,4.4883535e-16,1.2004531e-18,4.944034e-13
430000,188,399,0,2.0295008e-09,6.4936863e-13,4.2054834e-15,4.551678e-21,4.4147097e-25,4.2174052e-11
430000,378,108,0,2.0947177e-09,5.4570834e-13,1.115217e-14,1.1792518e-20,6.1970265e-25,9.350057e-12
430000,377,253,0,2.5599958e-09,3.5078596e-11,3.802539e-21,1.3817232e-35,2.2564676e-15,1.2151564e-11
430000,168,209,0,2.0879076e-09,2.2890088e-13,3e-45,0.0,9.4824646e-33,2.8762073e-13
430000,66,90,0,2.2052005e-09,7.3894064e-11,5.9661032e-15,1.389809e-21,2.4163543e-10,1.90447e-11
430000,396,334,0,2.3261033e-09,2.6827165e-11,1.4438889e-16,9.191637e-26,1.883245e-15,1.9516837e-13
430000,189,249,0,2.9533174e-09,2.1684885e-11,1.4251058e-36,0.0,4.3058083e-17,8.822355e-13
430000,279,428,0,2.0202628e-09,8.97375e-12,3.0848798e-14,4.175119e-21,4.232675e-20,9.3444766e-11
430000,346,344,0,2.2434263e-09,5.1379296e-12,7.451684e-25,3.426e-42,4.6544178e-24,4.8162698e-12
430000,432,130,0,2.2688658e-09,1.7831982e-11,2.4333928e-23,2.4446246e-37,2.3309604e-21,8.8058776e-11
430000,442,274,0,2.0099065e-09,1.5396554e-12,1.03050604e-13,3.5946708e-19,4.5904463e-23,1.4271592e-11
430000,438,54,0,2.1084634e-09,9.1792865e-11,9.82945e-13,2.143691e-17,1.6853567e-14,1.1520256e-10
430000,299,337,0,3.8236174e-09,5.701822e-18,5.2236384e-29,0.0,0.0,2.3268372e-13
430000,341,111,0,3.3551828e-09,6.4240854e-13,7.776349e-30,0.0,4.525036e-29,2.4378133e-14
430000,138,267,0,2.5973295e-09,6.836543e-15,1.0099911e-21,7.4787263e-37,3.355e-42,3.3832942e-16
430000,200,246,0,3.4910346e-09,2.9161503e-11,3.01e-43,0.0,9.987568e-15,2.820086e-12
430000,292,108,0,2.3650937e-09,8.917879e-12,4.6282508e-27,2.51e-43,1.771859e-20,1.1876135e-11
430000,246,93,0,1.95961e-09,4.8807625e-12,2.2623263e-16,4.564869e-25,6.8205595e-23,4.5827028e-10
430000,296,339,0,3.5872811e-09,2.900361e-19,6.915195e-31,0.0,0.0,1.199752e-14
430000,194,71,0,2.2815183e-09,2.1589999e-11,2.777048e-15,5.2237766e-23,1.2489689e-16,4.6675455e-11
430000,64,195,0,2.7419833e-09,3.5507937e-11,2.5762266e-17,5.6750136e-26,6.714348e-17,1.0570285e-10
430000,52,71,0,1.9944648e-09,5.008641e-12,2.2173143e-13,2.1158873e-17,2.3497676e-19,4.5543423e-11
430000,402,128,0,2.28266e-09,4.3358503e-12,1.2065135e-15,3.33885e-23,3.8385991e-25,8.426945e-12
430000,355,401,0,1.9800341e-09,6.656628e-12,4.729908e-20,4.1683044e-31,3.286029e-22,3.8398996e-11
430000,439,427,0,2.6174698e-09,3.679544e-11,2.4272227e-16,3.285981e-24,1.3260091e-17,1.2137298e-10
430000,442,258,0,2.2568172e-09,1.9959423e-11,5.5845416e-18,2.7429142e-28,2.2093246e-18,5.1146927e-11
430000,389,397,0,2.0283666e-09,2.073584e-11,2.1018603e-20,4.1733038e-32,1.9424525e-19,1.1020589e-10
430000,244,242,0,2.0014097e-09,2.5266618e-20,6.696128e-24,5.4557385e-35,6.47e-43,6.6419364e-15
430000,71,411,0,2.082139e-09,2.3507122e-11,4.0555215e-12,1.4357026e-15,8.435164e-16,2.1123892e-10
430000,307,376,0,2.2821804e-09,4.9858284e-13,1.9137815e-16,1.9150772e-25,1.873125e-27,2.7324685e-12
430000,305,254,0,2.114686e-09,4.9977942e-14,0.0,0.0,6.16181e-34,1.7978767e-19
430000,245,440,0,2.1546922e-09,5.009879e-13,8.1520055e-13,1.1164071e-17,2.0620684e-21,1.5941646e-11
430000,112,181,0,1.9991881e-09,4.70901e-11,3.23203e-28,0.0,1.3501936e-14,8.032329e-14
430000,162,315,0,2.4277762e-09,5.944381e-11,3.166832e-20,9.40023e-31,3.3817955e-12,1.06634136e-13
430000,354,278,0,2.7111526e-09,4.9938855e-16,6.224463e-19,4.7399035e-29,1.2707185e-36,8.556518e-13
430000,383,172,0,2.7785665e-09,4.615423e-11,9.088222e-14,2.790624e-20,1.7202262e-15,2.9969742e-11
430000,89,263,0,2.4179134e-09,1.1969598e-10,5.0285385e-14,2.7396816e-20,8.069197e-12,1.2043457e-11
430000,444,99,0,2.009739e-09,1.2827026e-10,4.2823496e-15,4.9238293e-23,2.5280697e-10,1.3060804e-10
430000,89,276,0,2.9901337e-09,1.9989798e-11,5.0856633e-15,5.0474577e-22,2.3505944e-15,1.087269e-12
430000,293,246,0,2.3752444e-09,6.5136944e-11,0.0,0.0,6.891211e-14,4.3975335e-14
430000,207,334,0,2.2648519e-09,1.1344031e-12,1.7892292e-25,1.487e-42,1.1613499e-24,1.0013818e-14
430000,280,212,0,2.378837e-09,1.2377877e-11,0.0,0.0,3.3594826e-19,8.1042817e-13
430000,313,59,0,2.1180238e-09,1.5280315e-11,4.995538e-18,2.9605118e-28,1.2946569e-20,1.5202103e-11
430000,238,137,0,2.2064106e-09,3.9492482e-23,3.4495388e-12,9.761858e-16,2.2357197e-18,2.0902632e-13
430000,285,176,0,2.1155668e-09,4.0008955e-13,5.4665824e-29,0.0,3.3924412e-26,7.754222e-11
430000,132,197,0,2.286861e-09,8.0182964e-11,2.1238534e-35,0.0,6.891211e-14,1.5074967e-13
430000,230,143,0,2.2387057e-09,1.6954066e-26,3.1111562e-18,1.5101786e-28,3.413358e-36,5.184376e-12
430000,252,297,0,2.0636313e-09,1.1478206e-14,1.4436019e-29,1e-45,4.586461e-35,2.304063e-15
430000,337,257,0,4.2903947e-09,3.4343673e-16,2.9573407e-29,0.0,8e-45,1.8254408e-12
430000,398,306,0,2.4762594e-09,1.5786443e-13,2.1454697e-32,0.0,2.9664965e-30,2.4248424e-12
430000,429,420,0,2.5094842e-09,2.0588226e-11,9.215516e-15,2.3577422e-22,7.813644e-17,8.6945985e-11
430000,71,218,0,2.2440325e-09,1.0355526e-10,2.86862e-15,4.8689666e-22,2.6160467e-14,7.710728e-11
430000,168,403,0,2.004442e-09,3.3437364e-11,3.964433e-24,9.8923e-41,3.8952134e-16,1.9043152e-12
430000,287,315,0,2.7804654e-09,4.7329163e-12,1.7549199e-32,0.0,6.783216e-20,1.0834138e-10
430000,259,282,0,2.101072e-09,4.6263106e-15,2.0391933e-31,0.0,5.7847975e-36,1.8372568e-21
430000,252,173,0,2.0475235e-09,2.8076287e-12,7.2e-42,0.0,1.31981925e-20,3.0975788e-12
430000,238,428,0,2.5858369e-09,3.3000252e-11,7.4027455e-21,9.5467866e-35,1.184219e-15,2.5564254e-11
430000,229,430,0,2.5408444e-09,3.8367327e-11,9.273033e-17,6.6378695e-26,2.755851e-15,3.7689088e-10
430000,255,271,0,2.082927e-09,2.0585386e-16,1e-45,0.0,4e-45,4.7700596e-29
430000,222,130,0,2.6032831e-09,9.395444e-20,1.00187685e-26,3.3142e-41,0.0,7.82049e-12
430000,289,209,0,2.241436e-09,2.135684e-12,0.0,0.0,3.750382e-26,4.463997e-11
430000,86,240,0,2.1745445e-09,7.3379886e-11,1.0947807e-14,4.755968e-22,4.318144e-14,1.8249522e-11
430000,223,352,0,2.6293903e-09,7.886091e-12,8.180459e-14,9.747738e-20,2.694951e-20,4.6968445e-12
430000,210,268,0,2.1140976e-09,6.922106e-15,0.0,0.0,1.20984105e-32,2.343334e-15
430000,345,144,0,2.0866613e-09,1.5095268e-10,5.8896663e-27,1.8e-44,4.6371663e-13,1.308029e-11
430000,415,172,0,2.1347297e-09,4.94167e-13,2.450924e-19,1.6093352e-29,2.8937731e-30,1.5765175e-13
430000,428,370,0,2.256161e-09,5.0187684e-11,2.4308515e-13,7.362813e-19,2.4482456e-13,5.6455183e-12
430000,396,193,0,2.2898052e-09,6.1971595e-11,1.296029e-18,1.2309301e-30,1.0411634e-16,6.430021e-12
430000,413,337,0,2.967545e-09,8.162862e-11,4.1990584e-14,1.6213062e-20,1.0100421e-13,2.0062906e-11
430000,365,266,0,2.380816e-09,4.765125e-14,8.1156767e-25,1.609126e-39,2.2558914e-31,3.3736985e-12
430000,335,335,0,2.7427074e-09,2.4864194e-11,1.8791609e-28,0.0,7.778439e-16,9.1212905e-12
430000,330,184,0,2.2234328e-09,4.1076295e-13,1.5860882e-31,0.0,1.7091159e-32,1.179815e-10
430000,434,75,0,2.185225e-09,6.1933986e-11,9.12938e-14,2.790873e-20,1.9412617e-15,3.3019133e-11
430000,403,150,0,2.479852e-09,1.9586112e-11,1.6030573e-21,1.3644277e-35,4.267846e-19,3.1415277e-11
430000,355,213,0,2.245864e-09,2.2187645e-15,1.5268413e-15,9.603643e-24,3.9409236e-30,1.5805882e-12
430000,446,196,0,1.9816475e-09,2.6365002e-11,8.072943e-14,5.452083e-19,2.4646622e-20,7.389941e-11
430000,150,282,0,2.0972697e-09,1.1527914e-11,3.7845394e-27,1e-44,3.6549964e-20,4.297709e-12
430000,323,291,0,2.8504348e-09,3.118446e-11,2.2799e-28,0.0,7.548934e-15,3.6246982e-13
430000,63,445,0,2.000564e-09,1.9569239e-11,1.3549502e-11,2.3720937e-14,2.0892466e-16,5.734039e-11
430000,369,298,0,2.0373123e-09,1.2398879e-11,2.0659367e-17,9.143599e-28,6.462105e-20,2.8816638e-13
430000,223,266,0,2.0358308e-09,4.5300443e-14,0.0,0.0,2.0820933e-36,5.1912353e-20
430000,444,434,0,2.5715274e-09,1.2725511e-10,1.083153e-12,1.6953358e-17,1.4206468e-10,2.2248987e-10
430000,402,404,0,2.3580364e-09,7.7702435e-11,4.317683e-16,4.9839604e-23,2.3807206e-10,1.9965387e-11
430000,387,86,0,2.2418296e-09,3.6744146e-11,3.0816163e-14,1.818343e-19,2.9118203e-16,1.7702742e-11
430000,324,310,0,2.9424227e-09,3.9213317e-11,7.4e-44,0.0,4.2808918e-13,8.145817e-12
430000,211,222,0,2.6887574e-09,7.87883e-12,7.836937e-16,2.063971e-22,5.4981015e-19,1.6798804e-11
430000,181,222,0,3.0778564e-09,6.610076e-14,0.0,0.0,3.53566e-39,1.1866527e-15
430000,258,327,0,2.0018804e-09,3.938774e-12,0.0,0.0,3.0385332e-22,9.904637e-13
430000,326,316,0,2.6955567e-09,1.2386648e-11,1.571087e-39,0.0,3.6260217e-17,4.7801373e-14
430000,236,433,0,2.6959643e-09,3.7882614e-11,9.104107e-20,1.1760105e-31,2.5039908e-15,5.648784e-11
430000,111,290,0,2.323867e-09,1.4043094e-11,4.4438187e-24,1.6892874e-37,5.593274e-17,8.091126e-12
430000,313,431,0,2.6954976e-09,1.6309543e-10,3.108939e-15,2.9411638e-23,7.564259e-12,6.6769965e-11
430000,299,294,0,2.2810374e-09,4.4659918e-11,1.7171653e-33,0.0,9.7181645e-17,5.154901e-15
430000,123,315,0,2.7589588e-09,5.8357e-11,9.539657e-26,5.9e-44,1.1943186e-13,1.1315682e-13
430000,193,333,0,2.7444216e-09,2.9408892e-14,2.0642082e-38,0.0,9.4802144e-35,8.5791503e-13
430000,152,89,0,2.070743e-09,4.2582642e-11,1.2651632e-13,4.48996e-19,7.904825e-13,3.0799117e-11
430000,198,176,0,2.2074613e-09,2.0255051e-11,2.338361e-16,7.7865635e-25,9.940487e-18,1.5464916e-14
430000,327,279,0,2.9404477e-09,4.9573585e-11,1.2520427e-19,6.8954815e-30,2.1537947e-13,2.3576119e-14
430000,64,142,0,2.0686002e-09,5.6783793e-11,6.2641364e-11,3.086705e-12,3.9367378e-13,1.21872425e-11
430000,315,110,0,2.5183167e-09,1.1381103e-11,3.902598e-32,0.0,1.2149841e-18,5.6463792e-11
430000,350,366,0,2.1164137e-09,1.0912106e-11,1.6074927e-27,0.0,6.464244e-20,9.2721976e-11
430000,323,306,0,2.8528682e-09,8.9829255e-12,3.072e-41,0.0,2.7720785e-21,3.2782606e-11
430000,417,128,0,2.961445e-09,6.1783295e-12,7.031721e-15,5.65668e-21,2.1903745e-23,1.3509505e-10
430000,154,117,0,2.0760593e-09,2.2143424e-12,7.67867e-14,5.623296e-20,1.6976078e-24,4.5595954e-11
430000,444,151,0,2.0896003e-09,1.9151321e-11,1.15540164e-14,2.2591547e-21,4.2871324e-18,4.488285e-11
430000,186,417,0,2.3825462e-09,4.3389745e-12,3.270777e-13,9.129609e-18,8.723083e-21,1.5617165e-13
430000,192,245,0,3.6541155e-09,2.8672885e-11,8.44e-43,0.0,1.1394572e-14,1.9168226e-11
430000,73,66,0,2.251044e-09,5.1819746e-11,6.731398e-17,1.4329674e-26,2.5909555e-16,9.672751e-11
430000,215,351,0,2.3960198e-09,2.1757186e-12,3.412725e-11,1.2763885e-13,2.7306165e-15,2.3145683e-10
430000,267,216,0,2.352424e-09,1.07363154e-13,0.0,0.0,1.8467277e-31,4.3026862e-16
430000,114,90,0,2.3441857e-09,3.8287633e-11,6.578165e-16,9.955854e-24,1.1470079e-15,1.2436888e-10
430000,204,429,0,3.6199699e-09,1.3669451e-11,8.562983e-12,3.1470425e-15,9.871696e-18,5.463159e-11
430000,365,141,0,2.1555655e-09,7.075772e-13,3.400132e-13,1.3742886e-18,8.2389693e-23,1.1316996e-11
430000,128,63,0,2.827863e-09,6.371478e-11,3.773554e-11,9.171135e-13,9.24538e-14,1.5021363e-11
430000,403,144,0,2.4597875e-09,2.3323756e-12,3.363745e-19,2.4079755e-29,3.5379523e-29,6.566768e-11
430000,412,214,0,2.0216213e-09,2.969501e-11,4.875899e-14,8.979548e-21,1.7331705e-13,1.1626733e-10
430000,309,193,0,2.0765174e-09,5.2146834e-15,3.0412757e-37,0.0,3.412711e-39,1.277258e-15
430000,275,220,0,2.3956257e-09,3.8184053e-13,0.0,0.0,7.204096e-32,6.3562924e-14
430000,263,196,0,2.2767859e-09,4.6703586e-13,0.0,0.0,8.039433e-27,9.959014e-11
430000,145,311,0,2.4331837e-09,9.024414e-18,1.8244486e-17,3.639388e-26,1.2535219e-32,1.8889378e-11
430000,392,111,0,2.4704179e-09,1.3882641e-15,9.910649e-13,1.6424599e-17,3.2120366e-21,2.9730322e-12
430000,243,62,0,1.9574098e-09,1.2060332e-13,3.3005954e-19,8.486407e-31,2.4120923e-36,7.619134e-11
430000,296,390,0,2.2833175e-09,8.485539e-12,2.2735394e-20,4.9859827e-33,4.0572105e-19,1.4893515e-11
430000,220,335,0,2.2942483e-09,6.1238514e-11,1.702543e-20,4.664945e-32,5.942765e-12,3.8428218e-14
430000,84,372,0,2.1484814e-09,2.5440626e-12,1.3140034e-16,4.7492086e-26,5.2108927e-27,7.028787e-11
430000,76,60,0,2.2429558e-09,5.5867127e-11,1.980502e-13,1.984779e-18,1.7083852e-14,3.775101e-11
430000,375,312,0,2.088415e-09,1.5737402e-12,5.4876957e-18,2.0921512e-28,3.1846477e-25,2.6168713e-11
430000,169,241,0,2.0855702e-09,7.8997774e-11,5.301674e-35,0.0,1.6508259e-12,1.3333602e-12
430000,395,101,0,2.6272045e-09,1.9036402e-12,7.111247e-16,1.7411409e-24,3.898191e-24,9.404311e-13
430000,369,385,0,2.2864965e-09,3.9135084e-12,1.2766024e-14,6.0485438e-21,1.0944437e-23,3.8065974e-11
430000,287,324,0,3.507193e-09,2.0697331e-16,1.2501e-41,0.0,1.04806e-39,1.3615224e-11
430000,295,316,0,2.8296263e-09,3.0316488e-14,1.27556e-40,0.0,6.708501e-36,2.9791848e-12
430000,286,268,0,2.2581788e-09,1.4959314e-20,4.96e-43,0.0,0.0,3.794016e-19
430000,342,261,0,3.0206588e-09,7.203467e-13,1.9998941e-24,2.6306683e-38,9.128551e-27,4.7059067e-14
430000,114,391,0,2.3696016e-09,4.9055374e-11,2.7517862e-12,4.6337456e-16,5.9425975e-12,1.36677475e-11
430000,266,179,0,2.1950821e-09,6.0076137e-12,0.0,0.0,2.0097085e-23,3.7823485e-13
430000,197,326,0,2.8456306e-09,6.701888e-14,3.603943e-39,0.0,6.802282e-30,2.476888e-16
430000,226,321,0,2.2998925e-09,2.6650333e-15,1.339569e-26,1.40672e-40,4.743477e-39,1.3631754e-11
430000,321,116,0,2.3882485e-09,2.7097163e-12,2.166169e-33,0.0,2.5297363e-23,4.1534772e-11
430000,436,369,0,2.395673e-09,8.1855765e-11,1.3615647e-14,4.665607e-21,1.0882618e-16,7.037745e-11
430000,184,328,0,2.501278e-09,5.1228103e-16,7.3842724e-29,0.0,3.66128e-40,7.992928e-15
430000,100,332,0,2.160528e-09,8.7926485e-14,8.8593553e-16,3.4776803e-24,1.9027148e-27,6.111145e-11
430000,195,318,0,2.4194047e-09,3.6639154e-16,3.1005822e-31,0.0,1.5e-44,1.1688421e-17
430000,310,292,0,2.5589117e-09,1.4721368e-12,8.028e-42,0.0,1.6179995e-24,1.9776826e-11
430000,155,446,0,2.0610682e-09,1.4532395e-10,1.1330751e-15,1.31630956e-23,1.8731332e-11,1.4706415e-11
430000,354,113,0,2.395741e-09,1.2641864e-10,1.0954665e-36,0.0,1.05208744e-10,4.7735145e-13
430000,319,287,0,2.8828295e-09,7.7399534e-13,1.21205076e-29,0.0,8.177369e-29,1.08002236e-11
430000,280,119,0,2.1157505e-09,1.5233238e-12,2.4052587e-29,0.0,4.5028218e-29,1.3529902e-15
430000,389,139,0,2.1622224e-09,2.3779121e-11,8.4968014e-13,4.3771582e-17,2.1318828e-16,2.4149286e-13
430000,230,204,0,1.972001e-09,1.8097885e-13,2.1661707e-33,0.0,1.315793e-31,3.2950279e-12
430000,136,74,0,2.7021334e-09,3.4458172e-11,1.5642584e-15,3.2518438e-24,5.8171623e-16,2.1626794e-11
430000,383,52,0,2.202193e-09,7.769454e-11,9.942932e-12,1.1182516e-14,2.2736795e-15,3.3969216e-11
430000,331,234,0,3.4141077e-09,7.133724e-11,2.777383e-29,0.0,5.685187e-13,5.646307e-11
430000,366,365,0,2.0855744e-09,1.7965563e-12,1.4005098e-18,9.215091e-31,6.77755e-23,3.6860224e-12
430000,390,344,0,2.6271338e-09,1.5845412e-11,1.6202704e-11,2.926183e-14,5.301554e-16,1.2566314e-11
430000,118,326,0,2.21414e-09,1.8281323e-11,7.991483e-16,4.405544e-23,5.94789e-18,4.3179012e-11
430000,331,445,0,1.9695108e-09,4.189876e-11,7.618001e-12,1.5840667e-15,5.3795823e-18,7.703348e-11
430000,112,414,0,2.0855637e-09,5.1358428e-11,5.4144216e-14,1.294324e-20,1.4299759e-13,1.3403212e-10
430000,337,254,0,3.581962e-09,1.19484445e-17,1.843075e-31,0.0,0.0,1.1388389e-11
430000,225,357,0,2.47461e-09,1.0918693e-11,3.624559e-11,1.615025e-13,3.6559115e-15,1.3914981e-11
430000,292,102,0,2.4164524e-09,1.547456e-11,2.439884e-21,2.4915506e-33,2.3410546e-17,1.5301708e-11
430000,355,76,0,2.3000661e-09,3.815533e-11,1.638727e-11,3.09905e-14,1.5820921e-15,6.0784012e-12
430000,54,431,0,2.070447e-09,5.4188584e-11,3.0841558e-15,2.2743677e-23,2.9512073e-16,8.530003e-11
430000,55,89,0,2.1936302e-09,1.680337e-11,2.3389282e-18,4.0828863e-29,6.236394e-20,2.5879625e-11
430000,208,367,0,2.2910627e-09,2.5907623e-11,4.2088676e-27,1e-45,1.7457833e-16,1.1907161e-12
430000,107,96,0,2.3287203e-09,9.443753e-12,5.6103305e-14,1.1417597e-20,2.102483e-19,1.0999793e-10
430000,439,376,0,2.2650146e-09,3.8216062e-11,1.3808754e-13,1.6214936e-19,8.933008e-12,4.6251666e-11
430000,193,55,0,2.0717184e-09,8.319953e-11,3.409592e-21,3.9330655e-35,5.8235595e-14,4.5619317e-11
430000,250,216,0,2.05927e-09,3.9573123e-11,2.6715193e-28,9.2e-44,1.6053207e-11,2.4886242e-11
430000,335,273,0,2.4086837e-09,8.098079e-13,5.399362e-16,1.5493604e-24,9.678783e-28,1.2046836e-13
430000,316,298,0,2.6790992e-09,7.5341344e-13,2.772e-40,0.0,1.2570176e-28,2.035395e-12
430000,331,365,0,2.3872573e-09,3.475866e-11,5.5205746e-27,5.2e-44,2.755851e-15,3.56991e-12
430000,57,220,0,2.4169273e-09,2.3900737e-10,4.2539063e-12,1.6185032e-15,1.924992e-12,1.4558006e-10
430000,181,414,0,2.3645828e-09,9.513342e-12,4.299719e-13,1.6801548e-18,1.4144029e-20,9.15774e-13
430000,161,126,0,2.1317046e-09,4.7180485e-11,3.0524916e-20,2.5129033e-33,7.912113e-13,6.46879e-11
430000,203,419,0,2.629493e-09,4.382212e-12,3.6763674e-15,2.3364597e-23,3.670834e-24,5.3195007e-11
430000,357,181,0,2.166715e-09,1.030887e-11,9.602776e-34,0.0,2.1269941e-20,9.250172e-15
430000,362,201,0,2.3482927e-09,1.7641754e-11,3.0552006e-25,2.2508e-41,5.110445e-16,1.4687216e-12
430000,207,141,0,1.9987456e-09,1.6734218e-14,7.9619374e-26,1.98e-42,7.405883e-35,1.2637396e-14
430000,112,271,0,2.2862767e-09,2.953456e-14,3.9357192e-22,2.7200939e-37,1.0540368e-38,1.15291476e-14
430000,406,408,0,2.3383808e-09,6.4391006e-11,7.757919e-15,1.2372846e-21,7.6219116e-16,3.8454257e-12
430000,72,250,0,2.2763802e-09,1.6741194e-11,1.08815935e-10,2.2101563e-12,1.8294485e-13,3.7385407e-11
430000,148,262,0,2.3612474e-09,4.373125e-12,3.4071231e-31,0.0,1.5081097e-23,8.234421e-12
430000,118,124,0,2.1357554e-09,8.9054517e-14,6.205064e-22,1.5694537e-37,1.056874e-34,1.3053814e-13
430000,142,199,0,2.4128828e-09,5.0514152e-11,9.0428215e-35,0.0,9.752731e-15,3.0913227e-11
430000,172,134,0,2.046941e-09,6.368054e-11,1.980502e-13,1.984779e-18,8.933011e-12,6.496878e-14
430000,444,440,0,2.364248e-09,6.330391e-11,6.375825e-12,2.0983393e-15,8.39768e-17,1.2152285e-10
430000,103,244,0,2.4008002e-09,1.3017226e-11,5.4160713e-24,2.13369e-40,3.1737944e-18,2.2319885e-13
430000,127,379,0,2.1597586e-09,3.8684435e-15,1.0915186e-14,3.673437e-22,5.2235525e-28,9.338451e-11
430000,195,246,0,3.956474e-09,9.790832e-12,1.5e-44,0.0,1.8305826e-21,5.111017e-12
430000,60,203,0,2.314667e-09,4.3493584e-11,2.1803384e-15,1.9858687e-22,7.9188574e-17,3.8792483e-11
430000,218,436,0,2.4910844e-09,6.130897e-11,2.6380485e-13,4.137076e-19,1.9116852e-15,8.180317e-11
430000,291,129,0,2.401413e-09,1.409669e-11,1.4488667e-15,1.02931524e-22,3.2145806e-20,5.8931318e-15
430000,342,417,0,1.9916186e-09,1.6523474e-11,1.0963039e-10,1.6527838e-11,5.7591323e-12,2.469979e-11
430000,268,359,0,2.1133169e-09,4.0417413e-12,1.02445095e-16,2.7396291e-24,9.648819e-21,8.1662617e-13
430000,91,250,0,2.5327436e-09,2.3787715e-11,1.05828425e-13,3.8205787e-19,6.0964923e-18,2.131957e-11
430000,404,352,0,2.4472322e-09,1.2180796e-11,3.0563114e-16,3.6194224e-24,1.981781e-18,8.34048e-11
430000,296,281,0,2.1692752e-09,2.7315194e-13,6.262613e-39,0.0,6.360183e-30,5.719753e-17
430000,310,434,0,2.737035e-09,1.1545847e-10,2.262013e-15,6.865558e-23,2.615983e-14,2.2029696e-11
430000,416,352,0,2.252507e-09,1.0893872e-12,7.094553e-11,1.1838457e-12,8.705704e-14,6.6533265e-11
430000,413,427,0,2.0320587e-09,6.391525e-11,1.1204317e-24,1.247e-42,1.7174731e-17,7.586916e-14
430000,75,333,0,2.222989e-09,4.9060047e-20,2.3459779e-30,0.0,0.0,5.934676e-11
430000,256,231,0,2.0962074e-09,3.7431313e-13,4.3245863e-25,6.4669776e-37,4.0512756e-30,2.25479e-11
430000,145,354,0,2.0380917e-09,2.5811324e-11,4.3579693e-15,4.0337765e-23,1.7457833e-16,6.119804e-11
430000,223,161,0,2.4421312e-09,2.3121187e-14,8.883316e-18,4.1145102e-26,3.8098692e-32,4.7243632e-14
430000,382,283,0,2.4457996e-09,1.3558571e-11,6.4109446e-22,8.254585e-36,2.3390132e-19,5.765944e-15
430000,366,124,0,2.1185147e-09,1.1706622e-11,9.766462e-27,1.1e-43,1.7636415e-19,3.6971044e-11
430000,373,262,0,2.474036e-09,8.183351e-12,1.5059706e-18,1.3810072e-29,3.464553e-21,2.6240638e-11
430000,440,176,0,2.2801734e-09,6.159961e-12,1.6890155e-12,5.2764465e-17,2.0251619e-20,9.363535e-13
430000,298,201,0,2.128548e-09,1.7600149e-17,8.04e-43,0.0,4.71e-43,5.0595427e-11
430000,394,171,0,2.2723992e-09,1.2894127e-11,7.850777e-13,3.689695e-17,2.806695e-20,5.1253248e-11
430000,242,390,0,2.2744109e-09,4.308194e-11,1.7331362e-22,7.8532196e-38,1.1895941e-18,7.914184e-11
430000,95,408,0,2.1979745e-09,3.817858e-11,5.591709e-12,6.5656548e-15,9.411186e-15,1.7605585e-10
430000,350,259,0,2.483323e-09,2.9466027e-14,3.5200986e-26,3.2e-43,1.2125378e-34,6.6745303e-12
430000,414,307,0,2.9295126e-09,1.9746945e-11,1.2720314e-19,2.7510165e-31,5.7727956e-17,9.7120964e-11
430000,304,336,0,2.9672291e-09,1.4876e-15,6.690672e-25,8.5301e-41,1.5951e-41,2.946669e-14
430000,422,329,0,2.671445e-09,1.7943678e-11,3.0841954e-18,3.1287498e-28,2.341055e-17,4.1404688e-14
430000,211,434,0,2.8626201e-09,2.1764477e-11,4.9508344e-12,7.817945e-16,6.175001e-18,1.744814e-10
430000,302,89,0,2.3261648e-09,4.9007368e-11,6.6184587e-25,3.73e-43,6.7594953e-12,6.47929e-11
430000,97,161,0,1.9690978e-09,4.375061e-11,2.3228304e-17,1.7305008e-27,3.3301674e-15,4.2032648e-11
430000,275,175,0,2.25023e-09,1.5963807e-11,8.485478e-38,0.0,6.4990216e-18,1.4488793e-10
430000,285,302,0,2.4749458e-09,1.4332141e-12,6.497253e-20,5.353647e-31,1.0608829e-24,5.0892e-11
430000,58,284,0,2.1064874e-09,3.943778e-11,7.7722666e-20,2.272564e-33,2.5335228e-10,3.7799572e-11
430000,151,54,0,1.9821298e-09,1.6812647e-11,1.4512067e-12,2.8557633e-17,3.806282e-19,6.8804865e-11
430000,355,192,0,2.2215123e-09,1.0119319e-11,2.9614454e-34,0.0,2.1024775e-19,1.9296583e-11
430000,419,109,0,2.1231623e-09,4.4066547e-12,1.4299065e-11,3.098108e-14,2.955782e-16,8.5290976e-13
430000,218,421,0,2.2884015e-09,2.8323894e-11,2.6405978e-12,5.433067e-16,8.846949e-17,5.3143115e-11
430000,267,256,0,2.4834703e-09,1.3994517e-12,0.0,0.0,2.0131264e-21,3.9733167e-17
430000,356,276,0,2.7459595e-09,6.1594357e-16,1.8462605e-21,2.6654674e-34,5.9e-44,1.01756765e-13
430000,278,382,0,2.0850142e-09,5.427882e-12,4.8518432e-21,1.7948612e-35,1.4529584e-20,2.125298e-11
430000,79,275,0,3.4518621e-09,4.492476e-11,3.0864707e-20,3.1601267e-32,3.9366576e-16,3.2604232e-11
430000,251,402,0,2.2182975e-09,3.6845443e-11,2.8880334e-24,1.1933742e-38,3.3814656e-16,4.799613e-12
430000,244,309,0,2.0405122e-09,3.038456e-11,3.654947e-37,0.0,1.7033923e-16,9.2209965e-17
430000,353,63,0,2.401387e-09,5.6303603e-12,1.1607963e-11,1.7592595e-14,1.4309313e-16,2.9942915e-10
430000,160,296,0,2.0931832e-09,5.6503958e-11,4.3606757e-28,1e-45,3.715516e-12,1.08500575e-14
430000,401,116,0,2.5121796e-09,3.0092094e-13,1.1183471e-10,5.5142398e-11,7.197162e-11,7.0578036e-12
430000,178,102,0,2.3379485e-09,3.776069e-16,1.3340907e-18,2.527858e-29,1.9284916e-37,1.0903297e-11
430000,435,255,0,2.2325597e-09,9.0778435e-12,1.3715442e-12,2.526903e-16,5.986773e-19,1.4063724e-10
430000,118,286,0,2.4031883e-09,1.7464043e-12,4.7784712e-17,2.734647e-27,1.0212476e-23,2.0664705e-12
430000,296,336,0,3.907199e-09,1.5282155e-19,1.0251763e-32,0.0,0.0,5.740868e-13
430000,236,171,0,2.0610749e-09,1.4160316e-19,1.9342569e-35,0.0,0.0,3.392213e-13
430000,100,257,0,2.768724e-09,3.0731105e-11,1.3717803e-22,4.462146e-37,3.6486238e-16,5.8600746e-15
430000,123,431,0,1.9938413e-09,2.3454452e-12,3.929917e-12,1.5395383e-15,8.007266e-18,6.2468893e-12
430000,99,253,0,2.8898695e-09,1.3462588e-11,2.9424243e-20,3.65419e-33,1.128767e-20,1.0158848e-13
430000,141,447,0,2.0268016e-09,4.9455044e-11,7.766753e-11,2.0669688e-12,1.8930909e-13,1.475341e-10
430000,77,210,0,2.3967506e-09,1.8529974e-11,3.255065e-13,2.975896e-18,2.2163459e-18,3.1267103e-11
430000,325,257,0,2.3356845e-09,2.4607796e-12,8.770197e-37,0.0,3.6203534e-23,6.8804465e-15
430000,378,59,0,2.3924462e-09,1.9868558e-11,6.936772e-17,1.4343903e-26,3.7919506e-18,9.1628434e-11
430000,265,128,0,2.4714553e-09,3.3982657e-11,2.336751e-24,1.161e-41,7.9046546e-13,1.8012302e-11
430000,445,242,0,2.024668e-09,1.2833853e-11,1.2565078e-13,9.3157714e-20,5.3544525e-20,9.285661e-12
430000,434,420,0,2.6574476e-09,5.209682e-12,3.118126e-14,5.438197e-20,3.725868e-24,1.039306e-10
430000,397,284,0,2.2941955e-09,6.264017e-11,1.7202702e-26,1e-45,8.824527e-12,1.8776846e-11
430000,72,125,0,2.0174034e-09,1.3032209e-11,2.9003295e-18,4.0353343e-28,1.0262023e-16,9.795485e-11
430000,163,193,0,2.0335367e-09,5.5812435e-11,5.141112e-39,0.0,4.9940427e-15,3.891877e-11
430000,336,341,0,2.578547e-09,1.6305957e-11,1.0014455e-25,5.2123e-41,6.4806105e-20,3.6589964e-13
430000,343,297,0,2.0224902e-09,1.4358728e-13,1.1777837e-22,1.1963814e-35,1.5343039e-30,1.1509149e-14
430000,419,155,0,2.3480313e-09,1.1004249e-11,1.1717692e-16,4.100395e-26,3.6576787e-19,7.379868e-12
430000,135,211,0,2.2675282e-09,4.5883908e-11,2.8661152e-21,4.482015e-33,5.3689526e-15,1.5585852e-16
430000,438,338,0,2.3587958e-09,2.3260493e-12,1.1142731e-24,1.103029e-39,1.0367799e-23,9.925878e-11
430000,181,220,0,3.043275e-09,1.3648902e-13,4e-45,0.0,1.0239619e-35,1.0086966e-14
430000,147,303,0,2.2891788e-09,2.324454e-15,8.1345507e-25,2.608811e-39,1.107e-39,1.9120242e-11
430000,275,325,0,2.2241562e-09,3.0602788e-18,2.0139505e-36,0.0,0.0,5.717083e-12
430000,309,313,0,2.2609354e-09,1.7553011e-16,2.02e-43,0.0,1.4e-44,2.2683942e-12
430000,370,74,0,2.5028577e-09,2.5851615e-12,1.3651914e-18,4.7311287e-25,1.9216728e-28,1.3049452e-10
430000,73,291,0,2.2441156e-09,1.7509792e-11,5.404401e-24,5.10235e-40,1.6896074e-17,3.094306e-12
430000,376,146,0,2.1664155e-09,1.0731699e-12,6.15013e-14,1.5146472e-19,8.943795e-24,9.571268e-11
430000,136,179,0,2.4143127e-09,2.410646e-11,1.1639e-41,0.0,9.940378e-18,3.2940976e-11
430000,411,339,0,3.0379992e-09,3.111059e-11,1.1945076e-14,3.5188615e-21,6.743278e-16,3.8735355e-11
430000,287,442,0,2.0768203e-09,2.142542e-11,4.2721738e-12,1.6187624e-15,5.2401863e-18,1.2597588e-11
430000,85,416,0,2.6560931e-09,1.0640087e-11,2.6645362e-16,9.256976e-26,5.5058543e-19,5.3008e-11
430000,219,315,0,2.1710316e-09,2.8343129e-12,1.6607367e-16,1.4161466e-22,8.391447e-19,4.1312778e-17
430000,136,369,0,2.5319495e-09,1.9240292e-14,7.276492e-11,3.4818687e-13,8.16083e-15,8.7400193e-14
430000,434,138,0,2.3328404e-09,6.227155e-11,7.109949e-21,2.0415175e-31,9.4211305e-12,8.4422476e-11
430000,113,237,0,2.2585454e-09,3.1261972e-11,4.9549955e-29,0.0,6.1110536e-18,3.1218095e-12
430000,428,53,0,2.1104989e-09,1.2007079e-10,4.8653464e-12,4.757738e-16,1.6636954e-10,5.2847303e-11
430000,189,112,0,2.0267124e-09,1.6317698e-13,1.0652839e-18,1.0697766e-28,7.5080987e-34,2.4902745e-11
430000,73,165,0,1.9815127e-09,2.4917311e-11,1.2749591e-23,9.16183e-40,1.895635e-16,8.040797e-11
430000,124,246,0,2.1984354e-09,3.683583e-11,1.0614077e-26,0.0,3.7204574e-14,5.5259608e-12
430000,235,342,0,2.1767308e-09,2.4496656e-11,2.430984e-16,1.6658747e-24,4.6230817e-15,1.8691257e-12
430000,142,319,0,2.2994442e-09,2.1256204e-14,7.912946e-13,9.2026e-18,1.6073291e-21,4.319168e-11
430000,264,203,0,2.3447717e-09,8.825493e-13,0.0,0.0,7.964934e-25,8.7925014e-12
430000,255,352,0,2.0201851e-09,2.4735786e-11,1.17013334e-29,0.0,8.2261904e-18,3.363663e-11
430000,432,157,0,2.2468412e-09,4.1249382e-11,4.717117e-11,4.2391175e-13,1.8628866e-13,6.5338124e-11
430000,203,241,0,2.9098166e-09,1.3475035e-12,3.4425055e-35,0.0,1.7170026e-25,9.9981526e-14
430000,204,289,0,2.2818953e-09,3.6067622e-12,4.365345e-39,0.0,7.713774e-24,7.608921e-15
430000,108,392,0,2.3682125e-09,2.126026e-11,8.340462e-12,4.465907e-15,1.1957742e-17,1.7695666e-11
430000,420,316,0,3.3734584e-09,1.2985498e-12,2.1597845e-19,9.0309866e-33,3.250126e-28,1.0168512e-10
430000,327,191,0,2.331806e-09,1.1288513e-14,1.8335529e-25,8.9e-42,1.2139592e-38,4.991548e-12
430000,178,293,0,2.1191002e-09,1.8961566e-12,4.317649e-16,4.9839604e-23,2.0111195e-26,1.6220797e-11
430000,340,111,0,3.3412384e-09,5.045434e-13,4.2749094e-29,0.0,1.446249e-30,2.2190139e-14
430000,154,75,0,2.097049e-09,4.7483916e-11,1.601586e-13,1.5254728e-19,1.8728623e-11,6.963888e-11
430000,380,166,0,2.5954134e-09,4.7487616e-13,1.9328614e-13,7.2221496e-19,3.818404e-22,2.2686549e-11
430000,368,251,0,2.7777813e-09,2.899166e-12,3.193695e-23,8.929475e-39,8.006448e-25,4.984089e-11
430000,257,424,0,2.014484e-09,5.879439e-11,2.0570101e-20,1.2708934e-33,2.8075276e-14,3.8437507e-11
430000,310,390,0,2.299859e-09,4.6660988e-11,1.0799396e-11,1.4153697e-14,8.5777364e-16,1.4339917e-11
430000,88,281,0,2.8796903e-09,2.224825e-12,2.9102333e-12,2.1460736e-16,1.4077725e-19,5.9476005e-12
430000,345,97,0,2.3162443e-09,3.4504354e-11,2.2781965e-22,1.7880845e-34,5.8000293e-15,1.1085764e-10
430000,145,207,0,2.3239761e-09,6.782572e-12,1.0386014e-28,0.0,1.6716377e-20,5.987763e-12
430000,336,378,0,2.1548894e-09,7.0778314e-11,6.4837746e-15,3.5406516e-22,1.9244495e-14,4.948626e-11
430000,336,130,0,2.0901862e-09,3.791213e-12,3.64e-43,0.0,1.9854686e-23,3.896306e-11
430000,378,174,0,2.6422533e-09,4.05843e-11,9.374461e-16,2.1360517e-24,2.7971628e-14,4.0344596e-11
430000,290,251,0,2.4270235e-09,1.466334e-12,0.0,0.0,3.695166e-25,4.1193993e-12
430000,325,92,0,3.1821223e-09,5.327263e-14,1.1671032e-12,1.1907843e-16,1.9510368e-19,4.714003e-11
430000,363,209,0,2.3648234e-09,2.004765e-12,1.5059706e-18,1.3810072e-29,3.6686992e-25,7.288243e-15
430000,56,262,0,2.824879e-09,9.559351e-12,4.17326e-17,1.17229884e-26,2.297641e-21,1.4373202e-11
430000,211,173,0,2.2157323e-09,1.9189041e-11,2.5132009e-27,0.0,9.102323e-18,1.4755516e-11
430000,296,329,0,3.511828e-09,1.5287328e-20,4.5273518e-38,0.0,0.0,1.12643714e-10
430000,123,224,0,2.699293e-09,1.4470754e-11,7.18278e-18,3.0464747e-28,2.891848e-20,2.1639043e-11
430000,84,390,0,2.2893294e-09,4.8672955e-11,4.8365733e-13,1.6931431e-18,1.2935925e-14,3.11893e-10
430000,165,174,0,1.9887443e-09,5.60357e-12,9.52213e-40,0.0,9.229051e-24,2.1833418e-10
430000,272,234,0,2.102332e-09,1.5449879e-12,0.0,0.0,1.60093745e-27,3.8698947e-11
430000,104,340,0,2.162112e-09,1.8788708e-12,3.3314994e-19,1.7847309e-30,1.708466e-25,5.2814933e-11
430000,179,347,0,2.0805602e-09,3.7245482e-14,5.362487e-19,1.3061523e-30,9.480341e-35,2.77392e-13
430000,156,239,0,2.0422322e-09,2.122988e-12,2.4410703e-29,0.0,6.612507e-26,3.1511538e-12
430000,183,284,0,2.1267073e-09,6.871706e-14,1.8121363e-25,2.4597e-41,1.3605394e-31,4.5812243e-12
430000,373,349,0,2.0637496e-09,7.312983e-12,2.060712e-15,8.0704945e-23,8.978068e-23,2.2989287e-13
430000,415,313,0,3.1208893e-09,3.1392215e-13,4.236394e-21,6.543889e-36,4.5511665e-28,5.329286e-13
430000,152,340,0,2.0234099e-09,3.3531577e-11,4.3688837e-19,8.364721e-32,1.2910841e-13,2.0252424e-13
430000,330,329,0,2.745636e-09,1.0953703e-12,4.592752e-29,0.0,6.2556973e-28,5.667426e-13
430000,321,107,0,2.653882e-09,1.4044501e-11,1.2519809e-24,1.81768e-40,5.593274e-17,3.7207237e-11
430000,297,382,0,2.3479678e-09,2.2131893e-12,9.948093e-18,1.1192791e-28,1.0311059e-25,7.842489e-11
430000,174,224,0,2.483161e-09,4.2878552e-12,3.8e-44,0.0,1.5101568e-24,3.3988262e-15
430000,290,325,0,3.9289065e-09,3.3067597e-17,4e-45,0.0,0.0,3.9519937e-12
430000,191,351,0,2.1688233e-09,1.3452412e-14,4.3806513e-29,0.0,3.1606515e-35,3.0673783e-11
430000,103,226,0,2.2857731e-09,1.650298e-11,6.0841464e-25,3.88645e-40,4.3741014e-20,1.7792664e-12
430000,85,209,0,2.2452171e-09,4.105402e-11,2.2951094e-17,3.2155419e-27,1.0705323e-14,4.2092666e-12
430000,132,332,0,2.099839e-09,8.948009e-12,8.151573e-23,3.209397e-38,1.5048826e-21,6.4119686e-12
430000,197,243,0,3.7868024e-09,4.517421e-12,3.5e-43,0.0,6.216451e-24,1.02523745e-11
430000,187,70,0,2.2623787e-09,2.2507818e-12,1.4292397e-20,1.2856852e-32,1.512491e-26,2.6669961e-11
430000,54,316,0,2.0646405e-09,2.4006884e-12,1.4729274e-19,8.739509e-32,8.457497e-25,3.536877e-11
430000,384,248,0,2.226012e-09,3.628011e-12,3.062026e-22,1.2751234e-35,8.138812e-23,1.5425033e-11
430000,388,319,0,2.3882327e-09,8.0142176e-16,1.9521331e-16,2.561381e-26,3.230242e-34,5.4132716e-11
430000,138,150,0,2.503762e-09,5.860843e-14,6.450456e-16,8.2579096e-22,8.868268e-26,1.2492315e-11
430000,94,432,0,2.0314614e-09,3.8678158e-11,2.6406459e-21,5.2818934e-32,4.8307424e-14,7.27457e-11
430000,336,257,0,4.2240753e-09,2.2116695e-16,1.1609011e-29,0.0,1e-45,5.6499866e-12
430000,68,192,0,2.7053169e-09,4.2738584e-11,4.8717126e-17,3.4912035e-26,1.1470081e-15,6.133764e-11
430000,299,147,0,2.0057394e-09,8.267262e-12,1.3370423e-16,3.0607806e-26,1.7414979e-20,2.0229492e-11
430000,55,225,0,2.3579405e-09,1.8478281e-10,2.9173693e-13,9.1133516e-18,3.3218432e-09,1.9510081e-10
430000,137,373,0,2.549313e-09,4.5804784e-16,1.599718e-11,1.9553335e-14,1.3977799e-16,3.5038587e-12
430000,324,416,0,2.0563429e-09,5.8151723e-11,2.910554e-13,9.113346e-18,6.5066708e-15,5.5177588e-11
430000,191,327,0,3.0140639e-09,1.4654546e-16,4.4886904e-34,0.0,6.4e-44,6.9101985e-15
430000,327,87,0,3.295159e-09,1.9733796e-12,3.881086e-14,3.7391317e-20,1.5165856e-24,2.0684081e-11
430000,271,73,0,1.9786073e-09,3.320392e-11,3.3359976e-17,6.617098e-28,2.28898e-14,3.3534408e-11
430000,325,60,0,2.205185e-09,6.2935104e-14,6.354648e-20,7.3770393e-32,5.189742e-39,2.7609212e-10
430000,87,183,0,2.0551614e-09,8.1472086e-11,4.579611e-12,4.0928336e-15,7.3092026e-13,6.982425e-12
430000,61,100,0,2.3767015e-09,6.841692e-11,1.8218578e-16,1.7662312e-24,1.1681312e-14,2.554253e-11
430000,78,193,0,2.3035558e-09,1.01081435e-10,2.8530832e-17,1.6612227e-26,8.826353e-12,7.890164e-11
430000,198,370,0,2.2322333e-09,1.2555888e-11,5.13915e-38,0.0,1.3117973e-19,2.3800912e-15
430000,365,248,0,2.60208e-09,2.917498e-11,9.875125e-19,4.5117877e-30,9.987568e-15,5.7355882e-12
430000,362,87,0,2.2312547e-09,8.693181e-12,1.499278e-14,6.251689e-22,1.6628013e-21,1.6576517e-10
430000,215,62,0,2.109624e-09,7.934741e-11,3.117046e-19,5.9486014e-31,2.8171562e-15,2.0413653e-15
430000,194,265,0,2.1084203e-09,7.271631e-15,1.1608933e-29,0.0,5.3878365e-33,1.0053229e-15
430000,421,304,0,2.5837934e-09,1.0170273e-11,2.7374617e-14,2.0598133e-20,7.8946546e-21,9.937501e-12
430000,337,208,0,2.4932736e-09,9.594418e-17,1.2275065e-12,5.1610465e-17,2.9241555e-20,1.35479865e-11
430000,298,431,0,2.3108402e-09,3.3388604e-11,6.8487577e-15,2.3416053e-21,2.823532e-17,5.922827e-11
430000,56,375,0,1.9563409e-09,8.401138e-13,3.276127e-11,2.4648442e-13,7.105747e-15,1.9428617e-11
430000,130,263,0,2.4152111e-09,3.7716163e-12,1.0214691e-20,2.9477945e-33,8.3546974e-22,1.028393e-18
430000,123,116,0,2.14387e-09,2.2292179e-13,5.2110754e-23,1.88177e-39,2.5826185e-29,8.022371e-11
430000,322,97,0,2.8157967e-09,1.2296116e-12,3.3899415e-16,2.6092813e-24,1.5683972e-28,5.6283755e-11
430000,277,297,0,2.4860993e-09,5.531426e-17,2.7040424e-11,2.1328082e-13,1.3100567e-14,4.480462e-12
430000,364,170,0,2.1437745e-09,1.1574775e-11,4.6439715e-26,4e-45,1.4763104e-17,1.9023862e-11
430000,163,320,0,2.39752e-09,9.6652165e-12,3.675787e-22,1.4940212e-35,4.0631683e-19,3.4531294e-13
430000,294,266,0,2.302983e-09,3.2728686e-16,0.0,0.0,1.2224e-41,2.1733977e-19
430000,388,286,0,2.5176772e-09,3.6550064e-12,4.465461e-24,6.707929e-39,1.4516178e-24,5.58747e-15
430000,405,345,0,2.7131566e-09,5.0407678e-11,5.817835e-12,1.286266e-15,8.727154e-15,2.9256292e-11
430000,326,282,0,3.045282e-09,8.360493e-12,9.261136e-21,2.5829273e-32,2.1854506e-20,1.6775836e-14
430000,139,75,0,2.6882438e-09,1.201572e-11,2.1889966e-13,2.8230322e-19,1.407819e-22,1.06722596e-10
430000,121,57,0,2.41253e-09,2.1435817e-11,1.0088716e-16,8.036529e-27,3.2932711e-18,5.2640435e-12
430000,420,320,0,3.3193395e-09,8.893223e-12,3.1264532e-22,2.0340287e-38,7.296911e-21,8.57873e-11
430000,99,66,0,2.271746e-09,3.6021672e-11,5.53316e-20,7.377952e-32,2.443676e-13,4.7060817e-11
430000,412,276,0,2.1553639e-09,9.442256e-11,4.108606e-14,1.0501435e-18,2.912445e-09,1.05474745e-13
430000,339,358,0,2.2802251e-09,4.0749997e-11,2.4001639e-32,0.0,3.8656385e-13,1.1291202e-12
430000,387,274,0,2.2877502e-09,4.3530967e-11,5.4374403e-14,1.2369413e-19,6.278808e-14,2.6406035e-11
430000,289,134,0,2.3886106e-09,1.3224082e-11,9.010215e-13,1.3587072e-17,5.0535736e-19,2.9461806e-12
430000,336,222,0,2.3070075e-09,7.499542e-12,1.2043148e-18,2.6627865e-29,4.3727068e-20,9.859844e-12
430000,220,165,0,2.4919822e-09,4.6523224e-12,6.5141983e-22,9.812824e-34,1.6273957e-22,3.9608243e-12
430000,145,269,0,2.5557367e-09,4.882125e-13,7.530716e-26,1.7e-44,1.650148e-27,1.2643814e-13
430000,435,333,0,2.513341e-09,1.6457741e-12,2.6043487e-24,1.52723e-40,8.2222233e-25,2.5783925e-11
430000,426,321,0,3.0007348e-09,9.300639e-13,3.8634343e-20,5.3110918e-33,3.4089352e-28,7.017832e-11
430000,282,294,0,2.5478804e-09,8.71934e-16,4.1456874e-16,1.09091385e-23,3.3432052e-29,2.3460303e-12
430000,325,84,0,3.2253717e-09,3.6625833e-12,3.0460825e-15,7.789239e-23,7.3500823e-25,4.2246766e-12
430000,88,418,0,2.659584e-09,5.522014e-12,6.3211136e-16,2.285991e-22,1.5687483e-25,3.6409223e-11
430000,265,402,0,2.1907978e-09,4.2480407e-12,8.4968014e-13,4.3771582e-17,2.8213534e-20,1.10854256e-10
430000,323,357,0,2.1644224e-09,4.9856576e-14,2.1478443e-20,4.4028038e-32,4.071584e-34,5.4356323e-15
430000,293,324,0,3.7984442e-09,2.8285557e-17,3e-45,0.0,0.0,2.4253436e-12
430000,277,366,0,2.1052322e-09,9.666061e-13,2.2340817e-17,3.1064057e-26,1.0409033e-24,6.428742e-13
430000,223,104,0,1.9935655e-09,3.825758e-12,2.667202e-20,1.0370076e-31,8.152258e-23,5.3474946e-12
430000,294,89,0,2.4164304e-09,6.305611e-11,2.6233736e-19,3.33862e-29,8.721012e-13,5.114878e-12
430000,226,130,0,2.6796867e-09,1.2306131e-20,5.51263e-24,1.29784e-40,0.0,5.9054927e-12
430000,219,387,0,1.9754938e-09,4.072619e-15,1.7331364e-22,7.8532196e-38,3.823e-42,7.026327e-11
430000,104,275,0,2.335033e-09,1.7719064e-12,3.9814522e-22,2.2943812e-37,1.162932e-28,1.0675525e-11
430000,224,227,0,2.0639421e-09,1.0008116e-11,3.4910712e-16,8.8593365e-23,1.2149789e-18,3.2694347e-16
430000,64,251,0,2.3654227e-09,1.8075895e-10,1.2933732e-11,2.594688e-14,2.8904162e-12,2.9675498e-11
430000,91,307,0,2.0116113e-09,1.494918e-13,1.2632591e-11,2.3669323e-14,2.088368e-16,1.2914363e-12
430000,354,132,0,2.1682762e-09,2.4988336e-11,5.880596e-26,3e-45,1.3185173e-15,3.82603e-15
430000,420,225,0,2.0194189e-09,8.17985e-12,8.1520153e-13,1.1164071e-17,2.0968691e-21,2.2238485e-11
430000,324,374,0,2.3633808e-09,4.3907756e-11,4.610693e-19,2.7546335e-30,3.3305723e-15,3.8622966e-11
430000,65,425,0,2.1087077e-09,1.2807763e-10,3.8579436e-22,1.2912106e-37,4.2829398e-13,1.5964981e-10
430000,388,441,0,2.2779434e-09,6.7788296e-11,2.996375e-11,1.7802574e-13,5.6923985e-15,4.1802187e-10
430000,137,418,0,1.9938218e-09,4.6279036e-11,8.539458e-12,7.548579e-15,3.7255823e-14,6.1933944e-11
430000,439,315,0,2.5811424e-09,1.6014751e-12,4.49126e-18,4.792787e-30,4.6214322e-26,3.0365214e-11
430000,73,303,0,2.1562159e-09,1.8509e-12,1.6767511e-22,1.1876019e-35,7.490109e-25,4.38597e-11
430000,355,97,0,2.4143416e-09,5.350717e-12,4.556965e-21,1.1991438e-33,1.8135648e-21,1.1843833e-10
430000,115,98,0,2.394055e-09,2.0323695e-12,1.9600158e-11,4.2479204e-14,3.691848e-16,3.6797154e-12
430000,184,444,0,1.9703204e-09,6.466567e-11,5.961179e-20,2.8403073e-29,3.3346548e-15,2.9895617e-11
430000,376,74,0,2.6103286e-09,9.306362e-12,7.9915065e-16,4.405544e-23,5.011035e-20,8.087844e-11
430000,199,167,0,2.2107307e-09,6.1860277e-13,1.2643438e-24,3.53119e-40,5.5384984e-27,6.359466e-11
430000,98,361,0,2.1684137e-09,5.116239e-12,2.439913e-17,3.7889177e-26,1.5780327e-22,9.16552e-11
430000,326,325,0,2.6659164e-09,2.2445784e-14,5.1337115e-30,0.0,1.07021895e-35,3.5423036e-15
430000,447,421,0,2.2765116e-09,7.748976e-11,3.2400478e-19,2.4644665e-31,2.771642e-14,3.6337532e-12
430000,329,146,0,2.0208764e-09,9.82002e-12,7.38e-43,0.0,4.247131e-20,1.0627593e-12
430000,143,183,0,2.3048747e-09,7.157037e-11,0.0,0.0,2.0008567e-10,3.4254228e-11
430000,202,283,0,2.3236684e-09,2.8229888e-12,6.084e-42,0.0,4.052506e-26,6.1715763e-12
430000,145,148,0,2.3549969e-09,7.30177e-12,9.5103596e-24,6.044218e-36,4.09217e-21,2.267112e-13
430000,317,381,0,2.3715445e-09,2.528356e-11,3.0667502e-14,4.1749336e-21,1.820041e-17,7.186826e-12
430000,371,379,0,2.3133275e-09,2.349013e-12,2.0498085e-13,2.2574516e-19,4.2313004e-24,1.4035056e-10
430000,127,60,0,2.8887106e-09,8.64679e-11,1.2504444e-12,9.456643e-17,3.8677771e-13,3.767133e-11
430000,126,297,0,2.1629016e-09,5.6363697e-14,4.382681e-22,6.0499824e-35,2.2948149e-32,6.473349e-11
430000,386,342,0,2.5697935e-09,4.4924737e-12,1.6203722e-11,2.9261834e-14,5.1124023e-16,5.169474e-11
430000,315,230,0,2.03653e-09,2.0943508e-13,1.6246511e-34,0.0,1.4139743e-24,1.4159507e-17
430000,231,119,0,2.154805e-09,2.7339507e-17,3.1035144e-22,3.9441236e-35,8e-45,1.1188381e-10
430000,121,404,0,2.1147255e-09,3.5895887e-11,4.1258243e-14,5.5821973e-21,9.40998e-17,1.8711624e-10
430000,411,95,0,2.1758777e-09,6.4837706e-12,6.948622e-19,9.557765e-30,8.160307e-23,8.4435646e-11
430000,231,331,0,2.2974966e-09,4.041353e-14,9.9114395e-26,2.086783e-39,4.131886e-32,1.0531202e-15
430000,58,107,0,2.2314313e-09,6.771656e-11,3.4824705e-15,9.223156e-22,2.7449867e-15,2.5074642e-10
430000,194,90,0,2.0100375e-09,4.3756418e-12,6.774041e-24,3.9504e-41,1.6162667e-23,1.8997215e-11
430000,341,233,0,2.3921392e-09,9.368621e-12,5.0771498e-23,6.641252e-38,8.544346e-23,3.5186718e-11
430000,359,106,0,2.4109903e-09,1.694736e-11,1.8781563e-29,0.0,1.9793994e-19,1.1161495e-10
430000,405,304,0,2.5575067e-09,7.5744803e-13,1.9155278e-27,4e-45,1.9481461e-28,8.960096e-14
430000,132,253,0,2.3046756e-09,6.431591e-11,2.7337152e-29,0.0,2.767395e-13,6.886184e-15
430000,126,223,0,2.6717886e-09,1.6562451e-11,4.4187205e-16,5.3205976e-25,8.294197e-20,7.435716e-12
430000,136,144,0,2.4031388e-09,9.317809e-13,2.1368094e-17,6.463568e-26,2.004689e-28,1.2904453e-11
430000,82,276,0,3.505512e-09,4.9868117e-12,1.5453482e-18,2.926505e-30,1.2883873e-23,5.6280597e-12
430000,344,328,0,2.2352193e-09,3.0916977e-12,1.3473085e-26,3e-45,6.9219334e-26,2.0809838e-11
430000,109,221,0,2.3042204e-09,8.030677e-12,2.0281738e-24,3.00493e-40,5.5061225e-21,3.981557e-15
430000,411,66,0,1.9781132e-09,3.8446735e-11,2.2310858e-19,7.043443e-29,9.176051e-13,1.15996664e-10
430000,435,180,0,2.2830076e-09,4.470512e-13,8.696752e-17,6.3067014e-27,8.177925e-29,2.3316164e-14
430000,129,183,0,2.3221767e-09,4.2697672e-11,1.93914e-40,0.0,5.678457e-13,2.9738304e-12
430000,168,152,0,1.99276e-09,3.3012315e-11,4.636675e-26,8e-45,1.8082443e-16,9.382275e-15
430000,401,103,0,2.931282e-09,1.8414305e-11,8.150886e-18,3.2418755e-27,3.3744906e-16,5.5976695e-12
430000,287,82,0,2.1720634e-09,2.1835424e-11,1.0073911e-19,1.2167321e-29,3.2959372e-17,1.3931525e-10
430000,100,131,0,1.977886e-09,1.7878197e-11,2.0795235e-11,5.5860315e-14,5.273792e-16,1.7199691e-11
430000,422,290,0,2.0892714e-09,4.1740646e-11,4.2369536e-21,6.5638345e-36,1.8051953e-17,3.0145213e-11
430000,313,403,0,2.0871667e-09,2.600039e-11,8.065686e-17,4.6392165e-25,6.094346e-18,5.416034e-11
430000,332,234,0,3.44655e-09,7.243848e-11,3.1924648e-29,0.0,4.051313e-14,1.126627e-10
430000,172,101,0,2.3021265e-09,8.713968e-19,1.242963e-13,1.9330337e-19,8.711066e-24,9.348091e-11
430000,386,433,0,2.7622706e-09,5.4110955e-11,7.7620034e-13,3.6896835e-17,6.505667e-15,4.835344e-12
430000,330,69,0,2.222255e-09,3.2023936e-13,6.3425525e-16,7.965727e-25,9.2358327e-32,3.2693709e-12
430000,410,162,0,2.2972924e-09,3.119182e-11,8.12932e-24,4.226416e-39,2.7015183e-09,9.167873e-13
430000,97,72,0,2.271978e-09,3.90031e-11,1.03652574e-19,1.3319891e-32,1.1477692e-17,1.3153054e-10
430000,111,305,0,2.1329525e-09,4.865249e-16,1.0746722e-22,1.11940815e-36,3e-45,4.2532238e-11
430000,303,444,0,2.1883384e-09,6.6002426e-11,4.9969065e-12,4.9934697e-15,3.3465634e-15,4.0820684e-11
430000,227,450,0,8.922528e-11,5.091122e-11,4.5357012e-12,3.6156186e-16,4.0663084e-14,1.4617357e-12
430000,38,25,0,-1.0030492e-12,3.9386452e-11,1.1300124e-10,1.6528688e-11,5.759332e-12,1.8372223e-10
430000,210,87,0,4.7277807e-11,2.2759945e-09,1.0214693e-20,2.9477945e-33,4.1188084e-09,4.222187e-12
430000,247,238,0,5.190208e-10,8.1945185e-18,2.0035534e-21,9.7417766e-32,4.249017e-39,1.5243528e-12
430000,174,257,0,8.736526e-11,2.2782227e-09,2.9678876e-19,5.230232e-30,4.1188084e-09,3.71748e-12
430000,228,480,0,-1.1848198e-11,2.2953979e-09,5.0512363e-12,3.423205e-15,4.1188084e-09,1.2570999e-11
430000,197,414,0,5.3752935e-10,2.2336104e-12,2.8425452e-15,5.2251644e-23,1.9821885e-23,6.269011e-11
430000,425,425,0,5.881779e-10,2.3078597e-09,1.0772713e-17,1.5012975e-26,4.1188084e-09,1.5632657e-11
430000,380,161,0,7.896882e-10,2.273414e-09,4.1033597e-11,3.940582e-13,4.1188204e-09,4.5708923e-12
430000,484,22,0,-1.2720415e-11,2.447081e-09,1.8744797e-11,5.7034415e-14,4.27188e-09,2.7112387e-10
430000,257,236,0,5.2832255e-10,8.442931e-14,1.16223846e-29,1e-45,9.529883e-37,5.111953e-11
430000,371,425,0,9.674877e-11,1.8759962e-11,1.1251835e-18,1.848386e-30,1.689603e-17,7.915472e-12
430000,290,225,0,1.3973105e-10,2.271994e-09,0.0,0.0,4.1188084e-09,5.6793996e-17
430000,24,236,0,-1.206741e-11,2.3514832e-09,1.080524e-12,3.0858995e-17,4.145107e-09,3.0291363e-11
430000,233,28,0,-1.1132586e-11,2.2845692e-09,7.692763e-12,3.5334382e-15,4.1188084e-09,8.390402e-11
430000,335,468,0,5.331364e-12,5.7823402e-11,7.546315e-11,9.021894e-12,3.4743083e-12,1.4999632e-11
430000,101,169,0,2.263735e-10,8.219482e-11,6.5930864e-20,5.2205993e-33,5.18956e-13,4.9591154e-11
430000,187,312,0,2.782669e-10,2.6174915e-17,2.8212055e-20,8.0050105e-30,1.849498e-36,2.4169104e-12
430000,420,391,0,3.155947e-11,5.7746946e-11,6.0335406e-15,6.572651e-22,1.7058753e-15,1.1860771e-10
430000,58,369,0,3.0303104e-10,4.172671e-14,1.232351e-10,5.6509342e-11,6.878226e-11,1.605541e-10
430000,93,83,0,1.5475851e-10,9.490808e-11,1.4474309e-15,1.1849603e-23,5.9270324e-14,2.9410556e-12
430000,75,163,0,6.8001477e-10,2.6214315e-11,1.8529593e-24,2.134e-42,8.526519e-15,2.6584554e-10
430000,246,384,0,3.4398867e-10,1.320933e-10,2.1227244e-21,2.2869102e-35,9.524476e-13,9.155581e-12
430000,488,400,0,-8.778015e-13,2.21868e-11,1.4469049e-14,3.9026163e-22,1.4763182e-17,1.286658e-10
430000,442,467,0,1.0448568e-12,1.3287138e-10,7.2537486e-17,5.1711346e-25,2.962111e-14,1.1012313e-10
430000,112,322,0,4.670308e-10,5.7456556e-14,2.3231772e-13,5.519516e-19,2.7932385e-23,6.7786575e-11
430000,144,496,0,-1.2939954e-12,1.0220917e-10,9.832286e-14,2.0216173e-19,1.6313315e-13,1.6417821e-10
430000,40,230,0,5.466201e-11,7.4098574e-11,2.5484551e-15,1.7229166e-23,4.134111e-15,1.2674689e-11
430000,31,104,0,3.2529203e-12,8.586378e-11,4.6289587e-12,6.8923754e-16,1.130162e-12,3.5321763e-11
430000,221,351,0,1.4423941e-09,9.786702e-12,3.5344093e-12,5.577924e-16,1.006329e-18,1.1006842e-11
430000,168,265,0,4.309985e-11,5.8713342e-12,4.4762542e-13,3.717589e-18,1.3795364e-20,9.602872e-15
430000,129,148,0,4.1609688e-10,6.0477326e-14,4.802971e-11,2.9026133e-13,1.561361e-14,7.29317e-11
430000,243,451,0,1.373528e-10,2.357754e-11,3.1495193e-21,3.7877258e-35,4.46992e-16,1.7285345e-10
430000,224,342,0,6.963522e-10,3.2816028e-11,6.8204774e-17,3.0020293e-26,1.6822713e-17,3.1803096e-10
430000,181,187,0,1.5457645e-10,1.5984648e-11,3.362932e-19,2.4079755e-29,2.2376886e-18,4.7995228e-14
430000,217,309,0,3.7453746e-10,1.03122295e-10,2.394463e-12,1.4277893e-15,1.4237366e-13,2.627041e-12
430000,464,209,0,7.4656895e-12,3.433745e-11,2.2403891e-11,5.125905e-14,3.442291e-14,1.2333659e-10
430000,49,33,0,-9.975384e-13,6.363431e-11,2.5436298e-17,9.991899e-28,1.0169989e-15,4.7190235e-10
430000,353,78,0,9.469169e-10,1.30443885e-11,3.1756417e-11,8.564286e-14,3.825005e-15,1.5124685e-12
430000,330,243,0,6.323235e-10,1.696535e-12,4.8657928e-32,0.0,8.8546284e-24,1.492035e-14
430000,166,43,0,2.1262285e-11,2.8088285e-11,2.5641691e-12,2.4139004e-16,2.5514602e-16,3.7363836e-12
430000,387,149,0,6.57681e-10,3.6278185e-11,1.9576595e-14,2.6483669e-20,4.29295e-16,6.130209e-11
430000,275,435,0,2.8791908e-10,5.935003e-11,6.3027653e-16,1.9021523e-25,1.9238257e-16,2.2825852e-11
430000,327,110,0,8.099141e-10,3.5062618e-13,4.9238426e-24,6.9056964e-38,2.7527333e-32,9.540742e-11
430000,397,14,0,-7.1744954e-13,5.0129432e-11,3.8801244e-14,3.0361895e-21,1.0111435e-14,1.4413077e-11
430000,339,353,0,7.4060236e-10,6.124925e-12,4.9119616e-31,0.0,5.343381e-22,1.8963746e-14
430000,9,413,0,-1.1183519e-12,5.4990502e-11,6.757456e-11,2.4052674e-12,1.2941689e-12,2.0294605e-10
430000,264,249,0,4.6136853e-10,1.3444811e-12,0.0,0.0,2.0024435e-20,4.4952314e-15
430000,52,6,0,-1.1160455e-12,8.5577795e-11,9.296573e-12,8.656837e-15,5.1877307e-13,1.6010389e-10
430000,48,20,0,-1.0053082e-12,7.893564e-11,1.6351625e-11,1.0323685e-13,1.4626717e-14,3.7040623e-10
430000,365,150,0,3.3029818e-10,9.977723e-13,9.1342905e-12,4.1490266e-15,1.0209429e-17,2.3145028e-12
430000,317,69,0,5.401748e-10,2.1563203e-12,9.152681e-12,6.170264e-15,1.786771e-17,1.0235775e-12
430000,187,121,0,1.9956418e-10,4.4621903e-11,1.2031624e-21,3.3441842e-36,1.4630981e-14,3.653975e-12
430000,282,46,0,1.1130032e-12,2.9726763e-11,2.8450072e-11,4.6639433e-14,7.844446e-16,1.4186698e-11
430000,448,224,0,2.560089e-11,1.2494776e-12,5.742917e-16,7.809678e-24,5.2311585e-26,1.9184291e-11
430000,471,418,0,4.974853e-12,7.755455e-11,3.9888682e-13,5.2419362e-17,5.160979e-12,1.08344105e-10
430000,274,161,0,1.0106216e-10,4.2379372e-16,7.857544e-32,0.0,2.102e-42,2.0736303e-11
430000,44,467,0,-4.245967e-13,6.189466e-11,3.214789e-11,4.1063772e-13,1.5598574e-14,5.4846738e-11
430000,247,23,0,-4.84924e-13,4.196523e-11,1.4801749e-10,5.69694e-11,6.7712745e-11,2.4437216e-10
430000,436,391,0,6.3037596e-11,7.169684e-11,3.0557452e-13,1.1260074e-18,2.1020458e-10,2.0570734e-10
430000,365,28,0,8.3739374e-13,9.992368e-12,6.0281515e-12,1.8190511e-15,3.999156e-18,2.9251525e-11
430000,58,462,0,2.4300712e-11,1.5416457e-10,2.336918e-14,7.324229e-20,8.2021985e-12,1.3302265e-10
430000,46,250,0,1.1676628e-10,1.4436026e-11,3.840793e-13,1.436668e-17,1.4514918e-20,8.432594e-11
430000,221,238,0,1.7875797e-10,6.994167e-15,1.0607484e-23,5.6920448e-36,9.968432e-39,1.0214517e-13
430000,380,486,0,-1.090369e-12,4.212581e-11,2.7541342e-16,6.9137076e-26,4.0303275e-13,1.3998383e-10
430000,162,280,0,1.7288994e-10,3.4022302e-11,3.4795886e-20,6.2906426e-33,6.1957535e-13,2.1441818e-12
430000,324,210,0,6.110765e-10,2.2039902e-14,2.3677148e-14,8.9028564e-20,1.3926571e-23,6.956264e-11
430000,152,180,0,3.000732e-10,4.8002175e-12,0.0,0.0,1.3931168e-21,1.0006056e-11
430000,221,397,0,1.6281058e-10,6.6671464e-12,2.0963903e-22,1.1039843e-38,7.965417e-24,1.0578465e-11
430000,465,88,0,1.6989991e-11,7.1129366e-11,7.515887e-11,7.4103896e-13,8.133267e-14,6.359368e-10
430000,441,289,0,7.490329e-11,7.9439094e-11,3.1983728e-11,3.0410751e-13,9.490311e-13,2.7023528e-11
430000,232,0,0,-8.2549825e-13,2.012362e-11,2.2926647e-18,4.0530136e-28,4.0734594e-21,6.634979e-10
430000,483,105,0,-4.819557e-13,5.5002947e-11,4.80496e-12,4.5287603e-15,2.1980047e-10,2.1998525e-11
430000,21,125,0,-8.5419893e-13,1.39537696e-11,7.425591e-12,4.8133566e-15,2.972627e-17,3.6544335e-12
430000,114,30,0,1.46031e-12,2.3724186e-11,7.7729096e-20,2.2725735e-33,3.0492485e-17,1.1530647e-10
430000,314,339,0,3.1957645e-10,1.03769476e-11,8.709989e-15,1.5405262e-21,8.6538964e-20,1.2843784e-17
430000,13,138,0,-1.1065803e-12,7.849143e-11,1.9536974e-11,1.6062921e-14,1.7291236e-14,1.1733516e-10
430000,343,7,0,-9.915939e-13,3.4371565e-11,7.0316715e-15,5.65668e-21,4.7843965e-18,5.5230577e-11
430000,195,34,0,1.5094469e-11,6.9295537e-12,6.397882e-20,1.4808537e-30,1.2896855e-23,5.886784e-11
430000,45,330,0,3.7494886e-11,4.9341954e-12,5.16639e-16,2.7796565e-24,5.1275e-22,1.4073465e-11
430000,238,31,0,3.582617e-13,2.2841954e-12,2.98862e-13,4.103941e-18,8.537119e-22,2.916322e-10
430000,243,401,0,8.2217555e-10,8.310875e-12,3.0935212e-32,0.0,2.9425224e-22,2.1662856e-10
430000,411,42,0,1.9965904e-11,6.8478517e-12,1.2677778e-10,5.6510192e-11,6.8782265e-11,1.5130264e-10
430000,355,333,0,1.8592101e-10,1.4087509e-13,3.0801568e-15,7.802259e-23,1.0686049e-28,2.6595779e-12
430000,81,71,0,3.108877e-10,8.165201e-11,9.221487e-16,1.7705137e-23,2.1021e-10,8.776181e-12
430000,449,107,0,1.6419441e-10,4.372069e-11,4.333665e-14,2.504378e-20,9.989402e-15,1.7615068e-10
430000,134,498,0,-9.485735e-13,6.356166e-11,3.0923035e-18,2.8304162e-30,2.2889948e-10,2.2211163e-10
430000,231,348,0,6.454834e-10,3.3889332e-11,9.9936254e-11,4.6372784e-12,1.0403682e-12,3.9395955e-11
430000,327,287,0,1.3115669e-09,2.0051118e-12,3.8805098e-22,2.598552e-36,2.360881e-25,1.1201389e-14
430000,285,382,0,4.6853343e-10,3.2937349e-12,1.08790364e-16,2.8799447e-26,5.688637e-25,2.1199226e-10
430000,308,129,0,1.0553024e-10,3.3704827e-11,1.4933878e-24,6.573e-42,1.4299751e-13,3.0861588e-11
430000,215,445,0,3.2969927e-10,1.0015675e-10,5.219699e-17,1.1892852e-27,3.4385025e-13,2.1793735e-10
430000,17,349,0,-4.597661e-13,1.6742384e-11,9.578586e-14,3.2093134e-19,7.330115e-18,3.048012e-10
430000,259,259,0,3.6842368e-10,3.401649e-13,0.0,0.0,8.341875e-29,2.9266838e-22
430000,184,46,0,8.781767e-11,4.6538957e-11,2.8837243e-14,5.662575e-20,4.212705e-14,1.0846984e-11
430000,99,163,0,6.662284e-10,5.2856164e-11,3.3058558e-17,1.724452e-27,3.3802792e-15,4.7081835e-11
430000,381,148,0,6.603146e-10,9.727742e-12,6.099497e-16,9.921155e-24,4.4791612e-21,5.2750318e-11
430000,206,198,0,5.007789e-11,2.996846e-11,2.1597682e-11,5.6992686e-14,1.1258253e-11,6.1924105e-11
430000,115,285,0,1.1197432e-09,7.480419e-12,1.1535884e-18,2.4765712e-30,4.0572105e-19,1.8066061e-13
430000,184,56,0,2.5402758e-10,4.330836e-11,1.375606e-22,1.8159486e-36,2.1502883e-11,5.5265016e-12
430000,266,191,0,5.560278e-10,1.2217381e-12,0.0,0.0,5.188123e-28,2.471756e-11
430000,430,90,0,2.1118465e-10,6.123381e-11,1.7529046e-13,1.8838741e-19,8.2527626e-14,2.5918673e-11
430000,220,329,0,7.3256184e-10,8.040804e-11,2.4007669e-26,3.299e-42,1.6508259e-12,1.4372624e-17
430000,152,381,0,5.1478134e-11,4.7619644e-11,4.0381243e-11,3.1394941e-13,2.5352948e-13,1.5936191e-10
430000,36,248,0,1.0952989e-11,6.3060175e-11,7.734994e-16,4.274265e-24,3.3956226e-14,3.9442692e-11
430000,478,53,0,-1.3007834e-12,7.031786e-11,5.3708192e-12,1.8257194e-15,6.2793426e-14,2.0661474e-10
430000,445,247,0,5.8149024e-10,4.888925e-12,8.597889e-17,2.0418646e-26,5.7893146e-25,3.0091044e-11
430000,237,87,0,1.301618e-10,6.925221e-13,2.0422465e-16,1.4056864e-25,6.0187145e-32,3.7861346e-11
430000,304,318,0,7.746863e-10,3.4099528e-19,1.7104e-41,0.0,0.0,8.902755e-13
430000,56,331,0,1.0845465e-10,2.3146285e-12,6.253494e-19,1.3199592e-26,7.7131043e-22,3.529202e-11
430000,222,52,0,1.663654e-10,8.7629765e-12,2.1618663e-17,1.1485414e-25,1.0777977e-23,9.845481e-17
430000,160,238,0,6.628485e-10,2.4999225e-13,1.9751417e-32,0.0,4.000286e-32,4.8576494e-12
430000,330,291,0,7.760246e-10,4.2528884e-12,1.9371771e-22,2.7381433e-37,2.0744205e-23,6.350837e-16
430000,397,73,0,3.21966e-10,1.0532684e-11,1.5444692e-16,4.2179055e-24,3.60707e-21,2.2188825e-11
430000,301,455,0,1.420375e-10,1.3673719e-11,1.1971001e-15,2.4432198e-24,2.47494e-19,1.4973904e-09
430000,316,311,0,9.198366e-10,3.134606e-13,1.048e-42,0.0,3.8347002e-27,1.1955421e-11
430000,372,408,0,5.036902e-11,3.7160885e-11,1.9097681e-15,1.1713253e-22,9.272364e-15,1.3365858e-10
430000,260,117,0,2.4827873e-10,1.04841686e-13,2.9808233e-16,4.384874e-24,5.8415844e-30,1.8753643e-11
430000,277,46,0,1.5006361e-12,6.677683e-11,2.469524e-13,1.2030345e-18,9.848716e-12,2.0370165e-10
430000,91,238,0,6.231887e-10,4.8336744e-11,4.5219975e-18,6.713835e-29,1.9928491e-15,2.6699948e-11
430000,413,374,0,6.565094e-11,6.3634986e-11,2.4941861e-17,1.7708836e-26,1.5186772e-11,6.177754e-11
430000,432,37,0,5.5873403e-11,3.80088e-11,1.2827733e-11,4.614137e-14,3.262036e-15,2.8210887e-11
430000,317,337,0,2.9008432e-10,4.234963e-11,4.3122685e-15,2.8661695e-21,1.6452927e-14,2.6099839e-19
430000,275,191,0,2.430485e-10,1.857556e-12,0.0,0.0,2.6792403e-26,1.6814045e-11
430000,400,211,0,1.14965676e-10,1.1263453e-13,7.3211245e-13,1.1875243e-17,2.4396785e-21,4.191748e-12
430000,371,386,0,1.0529847e-09,2.9066814e-12,3.19408e-13,1.0654932e-17,7.102657e-21,1.1974e-10
430000,285,257,0,5.760429e-10,3.125987e-17,0.0,0.0,0.0,1.4588224e-12
430000,24,256,0,-1.8282127e-13,5.8744336e-11,1.4262119e-12,1.2441882e-16,2.4565094e-10,4.994214e-12
430000,201,254,0,7.8278406e-10,3.8859183e-11,1.29e-43,0.0,1.0941139e-16,9.167697e-11
430000,226,253,0,9.866622e-11,4.150849e-13,3e-44,0.0,3.3704262e-29,5.7154666e-13
430000,28,280,0,3.0676193e-12,2.323678e-11,8.894495e-11,1.4303074e-12,1.3009461e-13,1.3535781e-10
430000,155,200,0,3.5293912e-10,6.323358e-12,2.838e-42,0.0,1.7926666e-21,2.3540804e-14
430000,61,233,0,2.7054545e-10,2.4055638e-10,7.681346e-14,5.623296e-20,1.13063205e-10,9.248189e-12
430000,397,402,0,6.4740585e-10,4.629406e-11,7.0743766e-21,2.041517e-31,1.464955e-14,3.1560882e-11
430000,433,405,0,1.11739035e-10,4.9544154e-11,1.5974628e-12,1.610228e-16,1.8261166e-15,1.1826881e-10
430000,60,235,0,2.2603608e-10,2.3143457e-10,2.6559868e-15,1.7248983e-23,1.3171839e-11,1.1709636e-11
430000,389,107,0,8.982274e-10,3.916178e-15,6.8980516e-11,2.1751342e-12,2.046437e-13,5.167066e-14
430000,156,139,0,2.0473805e-10,1.03157986e-11,6.612349e-23,7.251427e-38,9.538693e-19,3.5302024e-12
430000,185,201,0,3.8958076e-10,7.9253536e-13,2.5327206e-24,3.9346e-41,6.112728e-26,1.7804949e-12
430000,254,448,0,1.05382626e-10,1.6617565e-11,2.7283696e-17,4.5441967e-27,2.4754003e-19,8.137273e-11
430000,85,399,0,4.1765016e-10,6.5720667e-12,7.105779e-11,1.7205582e-12,1.4523693e-13,2.5371477e-10
430000,182,487,0,-6.7038855e-13,2.3725896e-11,9.9473714e-11,4.9333944e-12,1.1370123e-12,5.176463e-11
430000,496,432,0,-1.421836e-12,1.2467677e-10,1.2325895e-11,2.1518745e-14,1.4335251e-11,2.4719304e-10
430000,412,34,0,3.5564355e-12,2.6122995e-10,2.2837508e-10,5.8869826e-11,1.1805538e-10,9.3381435e-11
430000,318,98,0,1.1357896e-09,5.867531e-12,3.466371e-20,8.012178e-32,6.4365993e-21,1.2887847e-11
430000,479,57,0,-1.1593435e-12,3.0026513e-11,3.2374072e-11,4.1064399e-13,1.4683116e-14,3.2570895e-09
430000,38,367,0,1.5223555e-11,5.4955286e-13,2.2410153e-12,2.340424e-16,3.747482e-19,3.0848377e-09
430000,264,130,0,1.2518656e-09,1.7380245e-11,6.7002286e-25,6.8e-43,3.1204614e-17,2.9890035e-09
430000,204,201,0,6.486749e-11,2.3661989e-11,3.8808204e-14,3.7391317e-20,3.5319363e-13,3.0034155e-09
430000,473,292,0,-6.7121834e-13,2.8565423e-11,3.653211e-12,1.115277e-15,1.057589e-15,3.117977e-09
430000,408,355,0,7.922848e-10,3.516403e-12,1.4266695e-16,1.2082787e-24,4.363257e-24,8.035217e-11
430000,455,360,0,2.0651487e-11,4.4965018e-11,1.1791308e-12,1.6990124e-17,1.1627657e-15,8.823126e-11
430000,191,228,0,3.716009e-10,6.7443806e-14,2.398757e-38,0.0,1.8927603e-34,5.065727e-11
430000,425,310,0,1.0619747e-09,1.7167528e-11,3.0458383e-13,4.955651e-19,8.226001e-18,1.0966833e-12
430000,372,469,0,-1.0576351e-12,9.754446e-11,3.1395383e-11,2.2832097e-13,2.245318e-11,8.532226e-11
430000,312,140,0,9.1339755e-11,2.0625964e-12,2.8880334e-24,1.1933742e-38,1.3078336e-22,4.0515452e-11
430000,451,19,0,-1.2549266e-12,4.2853388e-11,7.783757e-14,1.055585e-18,1.4900404e-15,4.581688e-10
430000,144,417,0,2.8791003e-10,5.3596424e-12,1.2157956e-13,2.2275705e-19,3.0312454e-23,4.8392138e-11
430000,67,251,0,1.1690878e-09,1.2332471e-10,1.8627747e-12,4.8547048e-17,1.2518139e-12,1.6420863e-11
430000,272,356,0,5.371178e-10,5.227586e-13,4.2203122e-21,1.9010462e-33,3.059253e-29,3.0615994e-13
430000,330,82,0,1.0710415e-09,1.9846496e-11,1.8635912e-16,3.0105602e-25,2.497938e-16,3.279168e-12
430000,52,403,0,1.8011998e-11,4.0204087e-11,5.793096e-13,1.7389529e-18,1.8976658e-13,1.2690612e-10
430000,402,224,0,8.189492e-11,4.9665996e-12,1.6236822e-16,1.0499903e-25,1.977942e-21,6.4747027e-12
430000,350,428,0,7.106149e-11,4.4328218e-11,9.367467e-12,6.8260276e-15,1.307674e-14,6.587315e-11
430000,1,2,0,-6.4948325e-14,3.076746e-11,6.243431e-17,4.9725745e-26,1.0223931e-12,3.0011862e-09
430000,168,438,0,1.3983216e-10,2.3672542e-12,1.2765743e-12,2.7963585e-17,5.9581165e-21,5.6250987e-11
430000,63,86,0,6.8033135e-10,1.08355915e-10,7.0267177e-12,4.8116787e-15,1.6915181e-12,3.0194904e-09
430000,167,26,0,-2.40389e-13,7.543197e-11,3.4869153e-15,4.3380014e-22,6.8058124e-12,2.2243237e-11
430000,269,347,0,1.7247938e-10,1.1820583e-11,6.223138e-29,1e-45,3.979825e-18,5.902846e-12
430000,43,44,0,2.2333514e-13,1.04104725e-10,3.0825167e-17,4.4513302e-27,5.9886796e-13,2.6547772e-10
430000,136,38,0,2.0645874e-11,9.356893e-11,9.89609e-12,2.4722097e-14,2.533532e-10,3.9970128e-11
430000,33,80,0,1.5822751e-11,6.715626e-11,3.075531e-11,7.7300234e-14,2.9626075e-14,3.6163292e-10
430000,75,244,0,5.037089e-10,3.4213257e-11,4.547151e-12,5.667536e-16,7.761082e-17,1.5923398e-11
430000,487,26,0,-1.6071722e-12,1.2345801e-10,5.6375376e-17,7.188165e-25,3.0976892e-13,1.09588935e-10
430000,434,264,0,3.9861733e-10,3.083069e-11,8.2045946e-16,1.3621248e-24,1.2446437e-17,9.2929674e-12
430000,152,363,0,1.6455794e-10,5.850275e-11,1.621607e-16,4.2962893e-25,9.5563965e-12,2.9259997e-11
430000,391,284,0,1.1827038e-09,1.1594724e-11,3.419577e-23,1.8856676e-38,8.95601e-19,1.2403831e-13
430000,206,44,0,1.7198559e-10,4.857389e-11,6.7427167e-21,1.088535e-35,2.4565094e-10,1.0988637e-10
430000,279,290,0,7.639841e-10,4.6990046e-18,1.8253117e-16,1.0161432e-24,9.0218505e-31,3.52058e-14
430000,383,224,0,1.3348605e-11,6.5111805e-11,6.7615857e-28,1e-45,2.4489503e-13,2.1285772e-11
430000,384,88,0,7.5974854e-10,1.5300561e-10,4.917624e-15,3.4894418e-22,8.9688215e-11,3.0134555e-09
430000,213,301,0,1.2238587e-10,4.9367916e-14,3.3924733e-21,1.6692832e-31,6.1644223e-34,2.989744e-09
430000,325,434,0,2.6091376e-10,9.413091e-11,1.2406314e-13,1.3282329e-19,2.4163463e-10,2.9926517e-09
430000,220,454,0,4.1991872e-11,9.845134e-11,3.9105694e-11,1.0428057e-12,4.1838794e-12,7.640006e-12
430000,358,393,0,2.6761335e-10,2.2849e-09,6.0843706e-23,6.4018197e-38,4.1188084e-09,6.5291054e-12
430000,318,291,0,1.5668795e-09,3.7752024e-12,4.349362e-33,0.0,2.0744183e-23,1.2295992e-11
430000,458,358,0,8.337594e-12,1.8119766e-11,6.962108e-11,2.0604265e-12,1.8869522e-13,5.843913e-11
430000,73,213,0,9.474901e-10,2.783955e-11,2.3669048e-15,1.6016129e-22,2.6621734e-17,7.8682415e-11
430000,434,108,0,1.3582885e-10,3.5102456e-11,1.8806551e-12,4.0336267e-16,4.4825407e-16,2.9398524e-12
430000,70,353,0,2.458251e-11,8.7287414e-15,1.6440652e-12,9.1505935e-17,5.64612e-20,2.9622895e-12
430000,131,125,0,1.9410602e-10,7.578555e-15,5.487161e-20,1.6246554e-31,1.845231e-39,1.4671879e-12
430000,478,248,0,-5.3407924e-13,4.4466864e-11,3.763042e-11,7.9229256e-13,8.533394e-14,1.6128256e-10
430000,440,261,0,8.466156e-10,4.4027396e-11,1.0965206e-17,1.4928641e-28,3.475185e-13,6.99862e-11
430000,160,11,0,-1.2026852e-12,1.3345365e-10,6.44024e-14,6.149169e-20,2.8414456e-12,3.9061435e-11
430000,419,373,0,2.10569e-10,9.4134865e-12,2.4299678e-13,7.3628127e-19,1.8752475e-22,6.7619465e-12
430000,50,108,0,2.9578578e-10,6.125041e-11,4.8858495e-10,3.9631476e-10,9.724962e-10,2.2631843e-11
430000,65,412,0,4.1907686e-10,5.057361e-11,8.213728e-14,2.4664613e-20,1.2935774e-14,1.13637696e-10
430000,225,124,0,8.6761803e-10,1.7701146e-17,1.0514214e-28,0.0,0.0,6.067175e-12
430000,270,216,0,1.1751253e-09,8.152302e-14,0.0,0.0,1.4825971e-35,8.987635e-16
430000,445,487,0,-1.6561262e-12,1.5181982e-10,1.8905407e-13,1.1058417e-18,1.278713e-11,3.1776495e-09
430000,181,461,0,2.8509034e-11,1.37061855e-11,1.5814987e-13,1.370202e-18,3.310007e-21,1.7192998e-10
430000,441,456,0,4.4085506e-11,2.8699874e-11,3.7122428e-12,2.6240064e-15,7.2284226e-14,3.0715488e-09
430000,29,253,0,2.379867e-12,2.6035186e-11,4.42389e-12,6.053855e-16,2.7224913e-18,3.1377394e-09
430000,166,5,0,-1.329153e-12,8.01187e-11,3.089089e-13,8.8195e-19,1.3496221e-11,3.09364e-09
430000,296,94,0,8.784351e-10,2.5053319e-11,5.858503e-20,2.8403067e-29,2.1061985e-18,2.9890639e-09
430000,255,388,0,2.5785687e-10,6.941889e-11,3.7423554e-28,0.0,1.3858279e-17,2.9889031e-09
430000,10,121,0,-1.1324924e-12,3.2841632e-11,2.321424e-13,1.9740267e-19,1.4776048e-17,3.1282255e-09
430000,236,12,0,-8.6838913e-13,8.858627e-12,2.2891784e-14,2.240607e-20,1.9613439e-22,3.0225409e-09
430000,3,46,0,-6.164896e-13,4.977211e-11,9.224289e-13,8.395114e-18,1.6447428e-14,3.5006344e-09
430000,468,317,0,1.5668311e-12,4.6656488e-11,8.661809e-14,6.005425e-20,1.4547897e-15,3.0503886e-09
430000,15,360,0,-7.2244955e-13,7.580313e-11,1.5485132e-13,4.855382e-19,5.269825e-15,3.1296314e-09
430000,490,271,0,-1.1829201e-12,7.284e-11,8.3506194e-16,2.344981e-21,1.782501e-11,3.107721e-09
430000,217,250,0,1.3920312e-10,6.6646506e-12,1.9744899e-36,0.0,3.6889688e-19,2.9887979e-09
430000,472,285,0,-5.6686296e-13,7.994028e-11,1.2892778e-13,9.815039e-20,4.030634e-13,3.1988792e-09
430000,252,406,0,6.6824785e-10,9.638172e-11,9.923559e-24,1.6499103e-38,2.4630092e-13,3.011812e-09
430000,351,226,0,2.4436375e-10,1.2033299e-11,7.226083e-15,2.3022412e-22,1.0491099e-18,2.988901e-09
430000,222,415,0,3.6395664e-10,3.6734924e-11,6.7371856e-17,2.6593244e-26,1.838382e-16,3.0343201e-09
430000,180,177,0,9.8441595e-11,3.9108208e-13,1.176496e-23,9.0927e-40,1.9449142e-28,2.9887892e-09
430000,411,418,0,3.5984588e-10,2.3330006e-11,3.1358924e-20,1.6643063e-32,4.4334087e-14,3.0024416e-09
430000,499,64,0,-8.286413e-13,3.2088367e-11,1.8679662e-14,1.437164e-21,3.0317505e-18,7.130935e-11
430000,496,196,0,-1.3688925e-12,6.18714e-11,3.4514682e-13,2.1381448e-18,1.9756944e-17,3.0746876e-09
430000,10,240,0,-1.0390221e-12,1.4264613e-10,2.9579121e-12,1.9106922e-16,1.9199169e-10,3.1335683e-09
430000,461,398,0,2.4647003e-12,5.3483384e-11,1.7685057e-15,1.1390521e-23,6.757517e-16,3.1216854e-09
430000,401,212,0,1.348791e-10,1.430417e-13,1.2052965e-12,2.3560106e-17,4.8762216e-21,9.532979e-12
430000,484,196,0,-1.0758217e-12,2.2221003e-11,2.1597606e-11,7.7147923e-14,8.1229443e-16,3.0104235e-09
430000,187,275,0,2.949368e-10,3.8982394e-13,7.670427e-23,4.570529e-37,1.0286157e-23,7.860233e-14
430000,221,313,0,8.353078e-10,2.271975e-09,2.4149011e-14,5.470599e-19,4.1188084e-09,6.759956e-17
430000,367,377,0,7.556784e-10,4.2972054e-12,5.9491588e-15,2.2612326e-22,1.7820059e-23,2.2619335e-11
430000,379,365,0,1.5047283e-10,2.2742372e-09,5.9601774e-15,2.261242e-22,4.1188084e-09,6.762115e-11
430000,450,449,0,1.590333e-10,6.581513e-11,2.9320443e-17,1.0403998e-26,6.65201e-14,2.0314135e-10
430000,59,267,0,8.966201e-10,2.2946773e-09,5.583323e-20,1.5756482e-33,4.1188084e-09,4.367664e-11
430000,263,438,0,8.4033405e-11,2.3634585e-09,1.0153324e-13,3.437319e-20,4.129127e-09,1.08597e-10
430000,383,330,0,3.3468503e-10,1.4134338e-12,9.332855e-11,1.8127966e-11,7.36349e-12,2.7658225e-12
430000,352,69,0,1.1374792e-09,1.6754959e-11,1.9277338e-12,3.6222967e-17,3.4335272e-19,3.2516538e-11
430000,308,110,0,4.904807e-10,2.9016585e-12,1.6702767e-38,0.0,1.2086688e-23,3.3478935e-11
430000,376,383,0,5.726759e-10,3.2955444e-11,1.920371e-11,3.850576e-14,1.1033569e-15,9.108712e-11
430000,132,206,0,7.165919e-10,5.893616e-11,2.212596e-26,2.84e-43,9.851709e-13,3.806545e-14
430000,63,47,0,3.2167744e-11,1.0223278e-10,4.0419365e-12,4.6120033e-16,5.3868826e-15,7.716266e-11
430000,104,441,0,7.936875e-11,6.408146e-11,5.5830665e-15,5.369148e-23,1.7364117e-15,2.0169602e-10
430000,104,123,0,2.5143287e-10,1.4957431e-12,8.47368e-15,8.144941e-22,5.7229587e-24,8.022938e-12
430000,290,185,0,2.0358085e-10,1.6594576e-16,1.8884575e-34,0.0,1.775472e-37,7.869136e-13
430000,64,443,0,8.262968e-10,1.1008298e-11,1.4441406e-12,3.306323e-17,7.24792e-21,9.7427844e-11
430000,215,178,0,4.287019e-10,1.88364e-11,1.1322084e-26,5.2e-44,2.2197704e-16,1.5996932e-10
430000,163,331,0,2.3799276e-10,5.19019e-14,1.467031e-23,2.6683651e-38,3.3805036e-34,7.529766e-12
430000,292,182,0,2.2005353e-10,6.670026e-16,5.660322e-30,0.0,5.107772e-39,1.0580635e-12
430000,312,86,0,6.816531e-10,3.228537e-12,1.7008923e-17,1.3580805e-27,9.330938e-24,3.0011178e-09
430000,460,140,0,2.0343121e-11,5.1518668e-11,5.5224827e-22,6.20063e-36,5.5470164e-12,3.034281e-09
430000,480,223,0,-6.513651e-13,1.1242871e-11,4.944142e-19,2.9301384e-29,1.00723256e-19,3.0124874e-09
430000,267,52,0,1.2408524e-11,2.31493e-11,8.497846e-19,3.6758576e-29,2.9823493e-19,3.0023641e-09
430000,497,256,0,-6.791624e-13,8.376167e-12,1.093354e-10,1.87297e-12,1.4887557e-13,3.0332206e-09
430000,313,64,0,6.6635636e-10,1.3904359e-12,1.8889917e-14,4.1854143e-21,2.4634635e-26,1.9863985e-12
430000,217,12,0,-7.220176e-13,3.8005543e-11,3.471308e-20,1.7868593e-32,3.0903872e-14,3.150361e-09
430000,390,272,0,7.8559387e-10,5.748889e-12,1.2260773e-13,9.799507e-20,3.3952985e-22,3.1489253e-09
430000,447,334,0,2.8343042e-10,4.4854096e-11,1.0693509e-19,6.2157654e-31,1.3305971e-15,3.0312808e-09
430000,267,410,0,2.9649233e-10,4.42337e-11,2.2894567e-14,2.9878727e-21,2.3398538e-11,1.1868616e-10
430000,50,128,0,3.2057784e-11,3.2664007e-11,4.0936917e-11,4.817351e-13,2.1981113e-14,3.2924846e-10
430000,150,23,0,-7.782316e-14,4.3055615e-11,4.1598124e-16,1.3618281e-24,9.4249263e-17,3.0057896e-09
430000,41,37,0,-9.099878e-13,3.8246666e-11,4.9590475e-13,2.8964773e-18,4.7173908e-18,3.2407115e-09
430000,444,128,0,1.605942e-10,3.195872e-11,1.0525581e-14,2.4419656e-20,5.818884e-16,2.9916838e-09
430000,233,484,0,-6.9833397e-13,5.1246602e-12,8.646899e-14,2.6823808e-19,2.5331608e-23,2.1714477e-09
430000,396,140,0,6.920406e-10,2.924979e-11,2.2165268e-15,1.2462634e-23,4.260447e-16,3.0117064e-09
430000,195,64,0,6.0703625e-10,4.076155e-11,3.6559934e-14,1.6266717e-20,1.2706682e-11,2.9895635e-09
430000,34,20,0,-1.3949571e-12,4.929842e-11,1.17665105e-11,1.4173292e-14,2.0141247e-16,3.0585632e-09
430000,486,123,0,-5.706848e-13,3.1538612e-11,1.7087044e-15,1.5387887e-23,1.3190453e-15,2.999291e-09
430000,453,316,0,1.12621745e-10,1.2430976e-11,3.023942e-13,3.1015058e-17,1.4475133e-19,3.2118214e-11
430000,379,496,0,-7.1440407e-13,3.3499953e-11,2.0699556e-15,4.345902e-23,1.4243494e-17,3.082299e-09
430000,476,461,0,-2.0651647e-12,9.806413e-11,6.828983e-11,2.2901553e-12,7.059041e-13,3.085825e-09
430000,282,37,0,-1.8987428e-13,9.935291e-12,1.6950101e-11,1.4422033e-13,1.9930695e-14,3.1093066e-09
430000,32,486,0,-1.5719087e-12,1.0336615e-10,1.8010484e-12,7.283889e-17,1.2063893e-11,3.4097358e-09
430000,49,497,0,-2.0604748e-12,2.759709e-10,9.444862e-12,2.1867445e-14,5.5530365e-11,3.1671634e-09
430000,467,381,0,1.2236237e-12,4.0292153e-12,3.714453e-11,1.6615374e-13,4.1018744e-15,3.1655234e-09
430000,183,170,0,1.0350176e-10,7.9465594e-11,1.3873982e-26,1e-45,1.4747921e-10,2.9887888e-09
430000,49,475,0,-1.3152504e-12,9.555448e-11,9.323044e-16,3.0204338e-24,5.188347e-13,3.0620866e-09
430000,51,404,0,1.6529451e-11,6.589821e-11,3.474253e-13,7.7147584e-19,5.6787057e-13,3.0228149e-09
430000,368,68,0,6.8913963e-10,3.4653374e-11,3.462259e-09,7.191878e-10,1.1532814e-09,4.7111273e-11
430000,394,84,0,5.3120086e-10,8.327353e-11,1.5500902e-13,4.6710347e-18,3.7301343e-12,3.0777418e-09
430000,309,18,0,-4.1182674e-13,7.968036e-12,2.0063682e-12,4.6886324e-17,1.0643433e-20,3.0632687e-09
430000,73,423,0,4.162399e-10,6.573195e-11,5.566267e-18,2.7429128e-28,1.6930937e-16,3.0330287e-09
430000,105,480,0,-4.548411e-13,1.2714199e-12,7.762643e-13,3.6896835e-17,2.3126367e-20,3.051725e-09
430000,2,243,0,-7.873428e-13,7.3534887e-11,8.216693e-13,1.1164253e-17,1.4468184e-12,3.0664509e-09
430000,46,405,0,6.35177e-12,1.11525705e-10,1.1743095e-13,4.526328e-19,8.443557e-14,3.0147345e-09
430000,496,17,0,-1.7768234e-12,7.240984e-11,4.3701667e-11,4.227732e-13,1.3992002e-14,3.095819e-09
430000,370,91,0,3.5695435e-10,1.2665634e-11,4.0562826e-22,9.156697e-38,1.2218369e-19,3.0333858e-09
430000,236,38,0,4.5487017e-12,8.3319966e-12,5.5423436e-14,1.14155545e-20,2.1715215e-22,5.9860936e-11
430000,14,104,0,-1.119755e-12,7.6510354e-11,2.0328312e-11,5.115457e-14,6.9381905e-14,3.1077292e-09
430000,491,7,0,-1.7580789e-12,1.6127215e-10,8.1991944e-13,1.6645372e-17,2.1510674e-10,3.218104e-09
430000,157,17,0,-6.7608256e-13,1.09019e-11,6.007593e-15,6.845011e-23,2.6679641e-20,2.992993e-09
430000,224,23,0,-5.019492e-13,3.802082e-11,7.519138e-15,3.173094e-21,1.8431505e-14,3.0420886e-09
430000,129,348,0,9.2366184e-11,2.5248624e-11,1.01483e-22,4.219154e-39,2.5496192e-16,3.2051858e-11
430000,204,469,0,1.0639587e-13,8.9387e-11,8.562966e-17,7.2143327e-26,8.113531e-12,1.1000968e-10
430000,140,437,0,2.3492497e-10,7.2087336e-12,1.2893987e-13,6.4792887e-19,1.7122502e-22,2.9943727e-09
430000,4,152,0,-8.481884e-13,3.023003e-11,1.1612377e-15,2.8196526e-24,9.428244e-16,3.0423692e-09
430000,33,220,0,1.1458922e-11,9.655806e-11,5.9302396e-14,9.602181e-20,2.8811196e-09,3.0049374e-09
430000,88,9,0,-1.2668159e-12,1.1156322e-10,9.890433e-15,1.088238e-21,1.939459e-13,3.0536376e-09
430000,357,50,0,1.00338245e-10,7.502309e-11,4.4269016e-13,4.922329e-19,6.90457e-14,3.0139151e-09
430000,495,70,0,-6.8623866e-13,1.2971053e-11,6.335036e-11,2.9751202e-12,3.3707276e-13,1.3850228e-10
430000,429,302,0,4.5066936e-10,4.8878505e-11,3.2181518e-11,3.6664297e-13,5.173003e-12,2.9932445e-09
430000,376,24,0,1.0534846e-12,1.1920815e-11,3.4106783e-15,4.9946056e-23,2.1212658e-16,3.022555e-09
430000,29,348,0,-3.269147e-13,4.035365e-12,4.073163e-11,3.5030054e-13,1.13991864e-14,4.161217e-09
430000,248,484,0,-9.149131e-13,8.595563e-11,3.6103346e-14,4.3544888e-21,2.643331e-10,3.0919385e-09
430000,433,73,0,9.354798e-10,1.7502454e-11,1.6891486e-12,5.2764465e-17,7.153112e-19,3.0536227e-09
430000,223,431,0,9.463264e-10,3.0237146e-11,2.59693e-13,5.7254976e-19,2.1317428e-16,2.9989333e-09
430000,78,89,0,1.2531323e-10,4.2133286e-11,1.4640952e-10,5.8193048e-11,6.286248e-11,3.162247e-09
430000,326,424,0,3.310257e-10,3.4122122e-11,4.211057e-12,5.295415e-16,5.843242e-16,3.131081e-09
430000,470,426,0,8.532421e-12,4.9728928e-12,3.493656e-19,2.5659312e-28,1.619653e-24,3.011145e-09
430000,44,228,0,1.5088479e-10,1.2750166e-10,3.3434837e-12,2.9610572e-16,4.485015e-12,3.1213259e-09
430000,82,19,0,-1.1333496e-12,4.60844e-11,7.558441e-11,2.068193e-12,1.9016337e-13,8.7159176e-11
430000,176,69,0,1.5543405e-10,6.487546e-12,6.434204e-27,0.0,6.98955e-22,1.16130786e-10
430000,433,81,0,6.293426e-10,6.5653066e-11,1.3770892e-12,3.3018638e-17,4.029778e-15,3.0020553e-09
430000,489,459,0,-1.4762122e-12,6.75186e-11,1.558422e-11,3.0991485e-14,2.0872784e-14,3.100908e-09
430000,44,134,0,1.10770455e-11,7.8187304e-11,1.582847e-14,8.2396807e-22,7.633378e-12,3.109346e-09
430000,437,373,0,1.176862e-09,2.5164282e-11,4.5440717e-15,5.621934e-22,3.7136586e-19,3.1032241e-09
430000,435,13,0,-1.4058436e-12,7.154749e-11,6.914234e-23,8.9631435e-37,2.2889424e-10,3.085959e-09
430000,42,417,0,2.5695219e-11,4.1035123e-11,1.3416097e-11,2.8352973e-14,1.4265442e-15,3.1160545e-09
430000,124,51,0,5.1907756e-10,6.747321e-11,1.3719918e-13,4.9420097e-19,7.30876e-13,3.1057246e-09
430000,450,434,0,6.673795e-10,1.1458266e-10,4.0348124e-12,1.841337e-15,5.2836094e-15,3.4428038e-09
430000,437,47,0,3.7655484e-10,4.0089133e-11,8.73264e-13,2.1328839e-17,1.2873937e-18,3.0392993e-09
430000,4,358,0,-5.0461843e-13,2.4106099e-11,1.2974286e-12,2.4611904e-17,2.181951e-15,3.0722584e-09
430000,424,170,0,3.749446e-10,2.7828594e-12,2.4351166e-12,4.62247e-16,9.221138e-19,1.3845833e-10
430000,348,393,0,1.5689172e-10,1.068068e-10,2.1023557e-15,1.2757648e-23,1.7819687e-10,1.900959e-13
430000,354,172,0,3.1875938e-10,1.2376904e-11,1.8235026e-34,0.0,1.7031156e-17,2.1694825e-12
430000,410,318,0,8.7375257e-10,1.2872992e-12,4.4819943e-28,0.0,6.0340743e-28,1.028115e-15
430000,210,81,0,6.479986e-11,3.563807e-11,3.5600932e-22,6.9390233e-37,6.739115e-13,6.5823983e-12
430000,325,382,0,6.027763e-10,2.728228e-11,7.331731e-13,9.107579e-18,1.0005971e-17,3.4700617e-11
430000,171,216,0,6.4107775e-10,2.2720956e-09,1.5e-44,0.0,4.1188084e-09,9.158091e-14
430000,359,318,0,6.865841e-11,1.3483589e-11,1.9137929e-16,1.9150772e-25,4.275432e-17,3.9748788e-11
430000,206,387,0,1.2015307e-10,4.836041e-12,2.0961348e-27,2e-44,6.783216e-20,3.0203057e-10
430000,177,376,0,1.7920717e-11,6.0487043e-13,6.7092677e-29,0.0,7.4145034e-28,8.621098e-12
430000,421,77,0,1.5733163e-10,4.1490406e-13,6.08036e-15,4.3784855e-21,4.3652067e-25,1.4253118e-11
430000,333,337,0,1.4307923e-09,7.1351436e-12,4.1027374e-25,5.1224e-41,2.1721821e-22,1.1600093e-12
430000,151,240,0,4.3530168e-10,1.1231189e-11,1.0418371e-25,2.1e-44,3.6576787e-19,1.4673984e-11
430000,345,180,0,2.0319912e-10,2.5704314e-11,4.2592e-41,0.0,1.3185172e-15,5.7183e-11
430000,233,398,0,3.111429e-10,4.4101143e-11,1.3346576e-25,8.75e-41,1.07823125e-11,4.831722e-13
430000,349,264,0,9.769411e-10,4.8415248e-12,1.5626081e-24,8.1065e-41,1.371683e-22,5.3527966e-14
430000,409,309,0,1.2640516e-09,5.021727e-13,2.2184486e-24,8.0827e-41,1.6875723e-29,1.4273743e-13
430000,342,202,0,6.2650934e-10,5.579909e-14,2.557251e-19,2.6088788e-31,2.7404488e-32,9.220737e-11
430000,68,71,0,3.863538e-10,2.164988e-11,3.0278996e-18,2.4553428e-28,4.4095427e-19,1.8139516e-11
430000,258,375,0,7.2669586e-11,4.481607e-12,3.2201043e-18,2.0086979e-28,1.8125734e-24,1.7433115e-12
430000,363,252,0,1.0889721e-09,1.16870775e-11,1.9699817e-20,3.4364523e-33,2.7062366e-18,2.5833008e-11
430000,389,411,0,2.0836094e-10,4.670984e-12,3.2553914e-26,1.5e-44,6.4553975e-24,6.3554724e-11
430000,239,186,0,8.860192e-11,8.5672883e-16,5.47e-43,0.0,2.33e-43,1.8508426e-13
430000,20,177,0,-8.6911495e-13,5.2905912e-11,2.0223607e-21,1.3388445e-31,4.728859e-15,9.5220914e-11
430000,252,450,0,9.94991e-11,5.8687608e-12,2.8713023e-18,3.5524466e-28,1.1845728e-20,2.580359e-11
430000,465,322,0,4.8089844e-12,4.9697194e-11,1.35300686e-11,4.8473146e-15,2.357069e-15,9.460871e-11
430000,316,49,0,1.9243541e-10,5.397996e-11,1.174825e-19,1.1333067e-30,2.6589184e-15,2.4650684e-10
430000,95,198,0,1.2428933e-10,5.6326364e-11,3.0485086e-18,7.7787323e-28,4.3125468e-16,7.171195e-11
430000,104,484,0,-5.581471e-13,1.1642284e-11,9.6030836e-15,1.7825418e-22,1.5707118e-18,5.5310975e-11
430000,414,487,0,-1.50646e-12,1.1024453e-10,1.0118945e-14,2.6627114e-21,6.803396e-12,3.653435e-10
430000,453,205,0,1.0485493e-10,1.4364706e-11,3.178681e-13,4.1153993e-18,2.2179399e-20,2.2702099e-11
430000,13,31,0,-1.3471017e-12,8.713498e-11,4.296561e-11,5.440336e-13,6.381892e-13,1.3716317e-10
430000,52,482,0,-1.5247046e-12,9.0138036e-11,1.6067937e-10,9.753394e-12,1.5808667e-11,2.3219009e-10
430000,220,491,0,-1.2720184e-12,1.4896008e-10,3.6547197e-18,5.5024594e-28,2.4057631e-11,1.1818321e-10
430000,472,10,0,-1.4555761e-12,5.403914e-11,1.7241338e-19,1.8106234e-30,7.548946e-15,1.9331281e-10
430000,30,435,0,3.507336e-12,8.059142e-11,2.4809762e-17,2.8498586e-27,2.1506653e-10,5.7774015e-11
430000,39,175,0,6.7962693e-12,8.9428714e-11,1.1936028e-12,1.9533224e-16,4.754999e-13,1.3596674e-10
430000,91,463,0,-1.8487843e-14,6.782967e-11,4.367836e-12,3.6850838e-15,1.4159968e-15,6.359742e-11
430000,344,442,0,7.258559e-11,9.434062e-11,2.2784844e-14,3.1483926e-20,2.2370066e-10,1.2240566e-10
430000,454,41,0,1.2304119e-11,5.6665526e-11,4.2021432e-13,1.1389905e-17,9.176055e-13,1.1904461e-10
430000,399,45,0,3.7757426e-11,4.6826543e-11,4.529662e-16,4.932811e-25,5.911518e-16,2.8918726e-10
430000,47,71,0,4.1877873e-10,1.1993324e-11,7.413764e-12,3.4034658e-15,9.846788e-18,5.985326e-11
430000,52,384,0,1.449179e-10,7.256604e-11,3.3883699e-12,1.7911725e-15,2.2889425e-10,4.258886e-11
430000,393,12,0,-6.5133516e-13,4.549052e-11,3.1278217e-17,2.6732507e-28,9.9985234e-15,2.7092575e-11
430000,443,494,0,-1.327323e-12,6.1843426e-11,6.225068e-11,3.306155e-12,4.0626438e-13,1.8158205e-10
430000,431,250,0,4.002825e-10,2.9880508e-11,2.5642377e-12,2.4139004e-16,1.4617907e-14,7.0839584e-11
430000,82,484,0,-1.0884361e-12,3.8118387e-11,2.6542022e-12,2.414432e-16,4.4241742e-17,2.103125e-10
430000,445,199,0,6.172502e-10,1.1894049e-11,4.0568677e-12,1.4357027e-15,3.568837e-18,1.1038406e-10
430000,178,498,0,-5.241924e-13,6.4456196e-12,7.391963e-16,1.2839141e-23,3.8678793e-24,2.2159226e-10
430000,43,486,0,-1.8174634e-12,1.0750128e-10,3.0968287e-15,2.3096445e-23,2.7015223e-09,1.8632089e-10
430000,414,52,0,1.2051629e-10,1.8625011e-11,6.2304314e-11,3.0866796e-12,3.589734e-13,1.1936543e-10
430000,5,441,0,-1.690521e-12,1.00978906e-10,1.2951941e-11,2.5946882e-14,1.8735388e-11,3.0084346e-09
430000,494,50,0,-1.2829192e-12,2.8715818e-11,3.7735773e-11,9.171135e-13,9.230353e-14,2.9025556e-11
430000,151,475,0,9.894085e-13,7.6541246e-11,3.819695e-18,5.91239e-26,4.735203e-13,1.4382571e-11
430000,96,483,0,-7.602141e-13,7.870536e-11,3.469471e-14,2.1279008e-20,7.424375e-12,2.7009965e-11
430000,38,376,0,2.3063692e-11,1.5033414e-11,3.8003394e-14,2.5198636e-20,6.772083e-17,2.925958e-10
430000,182,28,0,2.5034312e-13,4.317764e-11,9.14496e-19,1.3083681e-30,1.8176836e-16,7.114769e-11
430000,198,34,0,1.6290786e-11,3.0121522e-12,7.39375e-21,1.4538734e-33,5.7871633e-28,2.3379274e-11
430000,484,472,0,-2.2296737e-12,1.0815893e-10,1.192851e-10,1.549029e-11,5.179106e-12,3.24262e-09
430000,451,383,0,7.4787586e-11,1.1490594e-10,1.10598224e-13,2.5445609e-19,3.7195845e-12,6.015565e-11
430000,424,409,0,1.897809e-10,7.657383e-12,3.1143806e-11,2.2831856e-13,6.4091447e-15,2.915044e-10
430000,465,375,0,3.2205779e-12,1.2928729e-11,2.6933176e-14,2.3079929e-20,1.4246427e-20,1.1521955e-10
430000,489,218,0,-9.841487e-13,4.461127e-11,2.262041e-16,1.9804729e-25,3.0427104e-17,5.1735297e-11
430000,435,467,0,1.9375328e-13,1.3296916e-10,1.9639715e-16,2.4399424e-24,2.1020521e-10,4.5943166e-10
430000,432,16,0,-1.7246176e-12,3.0749667e-10,1.3702419e-24,4.829278e-39,5.639768e-11,1.6515314e-10
430000,472,186,0,5.745721e-13,1.0830352e-10,3.5931135e-13,2.56413e-18,3.2306707e-13,8.59365e-11
430000,463,123,0,1.0817292e-12,2.9645043e-11,2.988833e-13,4.103943e-18,3.0459633e-16,2.5445293e-11
430000,319,61,0,7.346924e-10,8.35497e-13,4.5591734e-17,4.3735157e-27,3.859098e-30,1.2267874e-10
430000,52,118,0,1.09605734e-10,6.71628e-11,1.9523763e-16,1.9450918e-24,2.9929943e-14,2.0983765e-11
430000,304,20,0,-2.484682e-13,4.1185414e-13,1.528826e-12,1.418309e-16,1.136021e-19,3.4274045e-11
430000,62,0,0,-1.1126258e-12,7.3672866e-11,8.1937506e-13,7.742303e-18,1.7606767e-11,3.6079797e-09
430000,109,65,0,2.97233e-10,8.351869e-11,2.826808e-14,3.074573e-20,6.7596102e-12,2.992537e-09
430000,54,156,0,4.122904e-11,1.8064915e-10,1.0595265e-16,3.488817e-26,3.5123435e-09,6.036768e-11
430000,496,234,0,-1.3274382e-12,8.8941764e-11,2.0340016e-17,2.5151243e-27,7.399818e-16,2.4814617e-11
430000,26,259,0,1.3343998e-12,2.9707056e-11,2.1680833e-14,1.4008636e-20,5.0887083e-14,1.10331674e-11
430000,68,499,0,-8.619886e-13,4.63964e-11,3.6090744e-09,7.2518813e-10,1.156086e-09,3.3881217e-10
430000,143,3,0,-9.104922e-13,6.671844e-11,3.518656e-15,7.81213e-23,6.684667e-15,9.919991e-13
430000,34,27,0,-1.0764229e-12,1.3956365e-11,3.492921e-11,1.9556534e-13,5.1643912e-15,1.7189074e-10
430000,481,46,0,-1.5726505e-12,1.8119482e-10,4.1004304e-11,4.5173395e-13,9.392946e-12,2.0265667e-10
430000,462,411,0,2.6546815e-11,4.1585922e-11,3.2827428e-12,3.7102928e-16,2.8045215e-17,8.80511e-11
430000,23,370,0,-3.2478293e-13,1.772826e-10,6.6171846e-13,1.0481417e-17,3.026065e-11,3.0380716e-09
430000,121,497,0,-1.2860762e-12,2.538527e-11,1.0298113e-11,1.2109038e-14,3.133423e-16,2.4593094e-10
430000,241,45,0,2.9886902e-11,3.2642587e-11,3.0937565e-13,1.765146e-18,6.739115e-13,2.159088e-11
430000,5,15,0,-7.6154827e-13,6.844118e-11,2.3969653e-11,3.0293056e-14,2.1020469e-10,1.724982e-10
430000,152,73,0,8.194865e-10,2.382811e-11,7.70092e-12,3.5334382e-15,4.0114448e-17,8.0860436e-11
430000,468,460,0,-1.0749462e-12,7.916868e-11,1.6903373e-12,1.9776636e-16,7.3087825e-13,1.10615024e-10
430000,15,496,0,-1.5772277e-12,1.0531668e-11,7.7099666e-13,4.2485907e-18,8.909299e-22,3.2192948e-10
430000,220,472,0,-5.185334e-13,1.440556e-11,1.32225975e-11,2.8352505e-14,2.6486932e-16,1.3213769e-10
430000,33,280,0,1.4010188e-11,1.0555524e-10,8.249377e-11,9.316956e-12,7.900496e-12,1.6038174e-11
430000,455,486,0,-1.4560089e-12,5.2069942e-11,1.3077518e-10,1.4288784e-11,4.252329e-12,2.1614242e-10
430000,320,452,0,1.1395157e-10,4.5024855e-11,2.2936748e-15,3.7708952e-23,1.3062759e-17,2.504532e-11
430000,345,43,0,1.7891652e-11,4.4205993e-11,3.1829973e-12,9.284857e-17,1.0000335e-14,3.125412e-09
430000,492,116,0,-4.6721904e-13,9.49721e-12,1.8818976e-12,5.65404e-17,2.2359845e-20,2.7318174e-11
430000,310,494,0,-9.014366e-13,1.71082e-11,2.4017842e-11,1.6176794e-13,9.403511e-15,5.255077e-13
430000,31,45,0,-1.0411539e-12,1.1601997e-10,1.3290609e-15,1.9060082e-22,1.3523913e-11,3.1872396e-09
430000,2,68,0,-7.010446e-13,7.1577557e-12,2.196834e-12,6.625344e-17,1.5847792e-20,2.600647e-10
430000,463,90,0,2.5960864e-11,3.748493e-11,1.4415426e-12,6.350337e-17,1.0550396e-15,1.7115342e-10
430000,12,430,0,-1.3634322e-12,1.06153177e-10,3.613099e-14,1.6265854e-20,5.0579688e-14,1.1921877e-10
430000,233,16,0,-1.1145196e-12,6.789058e-11,2.3738888e-13,1.2912178e-18,1.4552634e-16,3.1272644e-09
430000,251,34,0,6.771947e-13,1.2142748e-10,1.37630445e-14,1.1741095e-21,3.301361e-12,7.2720795e-11
430000,264,42,0,1.3351158e-12,2.8940175e-11,8.141399e-18,1.2114909e-26,2.923251e-15,8.887056e-11
430000,468,27,0,-2.3106484e-12,1.5226669e-10,2.3852146e-16,3.8886215e-25,2.814509e-13,1.4437374e-10
430000,52,226,0,8.4083e-10,1.2386824e-10,1.1584946e-11,1.7592591e-14,4.276759e-15,9.721609e-11
430000,255,492,0,-1.1201437e-12,1.4771076e-10,1.3509987e-11,3.0886995e-14,2.1132775e-10,7.32581e-11
430000,14,463,0,-1.4215098e-12,1.03768084e-10,1.5928123e-11,1.46099e-14,1.0180327e-12,1.164082e-10
430000,37,13,0,-1.2282183e-12,3.4897536e-11,6.33618e-14,5.6083556e-20,4.6241692e-17,2.4682972e-10
430000,445,453,0,9.390608e-11,3.2005572e-11,2.0708192e-15,4.3459124e-23,1.1874295e-18,1.5181541e-10
430000,223,21,0,-6.078947e-13,5.6866827e-11,7.233709e-16,5.552999e-23,2.1980043e-10,1.1326979e-10
430000,305,487,0,-6.120919e-13,8.288727e-11,4.7679104e-18,2.1373872e-27,2.4236574e-10,3.9203335e-11
430000,28,322,0,1.58175e-12,7.664255e-11,2.6049492e-16,1.8109925e-24,1.1568843e-14,6.704037e-11
430000,12,353,0,-6.6320777e-13,4.6375223e-11,1.5379551e-15,9.604377e-24,6.921453e-16,1.4235463e-10
430000,67,357,0,2.3121682e-11,4.3042867e-14,3.9169522e-11,2.4237147e-13,6.1361066e-15,1.4651865e-11
430000,21,93,0,-8.072533e-13,5.3947485e-11,3.868666e-10,3.282647e-11,1.8244966e-11,8.830978e-11
430000,65,12,0,-1.628666e-12,9.650674e-11,1.0028307e-12,1.0392512e-16,1.6485699e-14,8.897897e-11
430000,91,203,0,2.9525762e-10,2.739568e-11,3.4622591e-09,7.191878e-10,1.1532664e-09,1.2659024e-11
430000,437,30,0,7.739159e-12,1.6343898e-10,1.7650866e-13,1.6290403e-18,4.5854587e-12,6.9038705e-11
430000,490,190,0,-1.7068429e-12,1.743808e-10,4.1240247e-11,1.16845e-13,1.4921704e-12,6.0980908e-12
430000,54,73,0,7.159857e-10,1.8768316e-12,3.4623624e-09,7.191878e-10,1.1532664e-09,5.192112e-11
430000,7,53,0,-1.2373921e-12,8.473114e-11,1.7902193e-13,1.6291188e-18,1.2043232e-12,3.0865808e-09
430000,58,14,0,-1.593988e-12,8.45102e-11,1.6642782e-12,3.6057443e-16,3.752419e-16,1.5003403e-10
