mcsteps,xCOM,yCOM,zCOM,il8,il1,il6,il10,tnf,tgf
440000,58,260,0,2.8532943e-09,1.387494e-11,2.5852298e-16,1.0394835e-25,7.610179e-21,1.8492895e-11
440000,127,278,0,2.2472297e-09,1.1250757e-12,1.3639384e-10,5.7627427e-11,6.531227e-11,8.1548213e-16
440000,320,86,0,3.0249203e-09,1.9595608e-12,2.435116e-16,1.0660537e-24,2.2205442e-24,4.6375286e-11
440000,426,147,0,2.3727067e-09,2.3465205e-12,1.0614905e-15,5.387612e-24,3.310241e-27,8.8612555e-11
440000,389,77,0,2.3470998e-09,4.3274915e-12,2.5824048e-12,1.5495557e-16,9.790342e-20,1.707867e-10
440000,76,141,0,2.09714e-09,4.222364e-12,6.11206e-16,1.3390041e-24,4.3161404e-24,1.3630159e-13
440000,126,316,0,2.7775873e-09,2.2033857e-11,1.1991089e-26,6e-45,2.8597384e-17,9.79969e-13
440000,438,319,0,2.698062e-09,2.141606e-11,3.2332745e-20,2.8252837e-34,1.4561526e-18,3.181484e-11
440000,395,187,0,2.3562894e-09,1.4323032e-10,1.9266182e-15,3.1772142e-22,1.4092237e-10,1.05413234e-10
440000,271,255,0,2.511675e-09,1.4065645e-13,0.0,0.0,1.3009019e-26,6.984018e-15
440000,383,67,0,2.490327e-09,1.23640325e-11,1.1786936e-12,1.6892896e-17,6.7861445e-20,1.021914e-11
440000,137,99,0,2.0224669e-09,7.2900665e-11,2.9178306e-17,1.040399e-26,5.5762893e-14,3.9206378e-11
440000,392,314,0,2.5069014e-09,9.0408604e-17,5.9847416e-22,4.9008945e-38,0.0,3.1471735e-11
440000,73,326,0,2.307379e-09,2.6889878e-15,8.928259e-28,0.0,8.517883e-37,4.1861e-11
440000,209,54,0,2.1502033e-09,1.0142892e-10,1.4251023e-20,7.834e-34,6.7605253e-12,4.153461e-12
440000,323,205,0,2.2130724e-09,5.930964e-12,1.3075036e-16,9.064389e-26,1.9307835e-21,9.442853e-12
440000,94,376,0,2.260175e-09,1.7588526e-11,2.1605546e-16,6.688142e-26,1.4240687e-17,5.149775e-11
440000,394,426,0,2.317778e-09,1.817253e-11,1.2177103e-21,3.3510224e-36,2.7264656e-19,1.570372e-11
440000,203,425,0,3.264597e-09,5.901862e-12,2.606311e-12,2.4139822e-16,1.7634657e-19,7.0152434e-12
440000,261,127,0,2.4661109e-09,7.928036e-12,2.1693699e-20,3.9889285e-34,1.8343115e-18,3.1560217e-12
440000,404,107,0,2.8589633e-09,1.1843041e-11,6.243943e-15,3.2229731e-22,6.765789e-18,7.82545e-12
440000,188,196,0,1.9860988e-09,9.43629e-12,3.1002256e-18,2.2322861e-29,3.0223564e-21,9.101699e-12
440000,385,429,0,2.6954614e-09,2.9685122e-11,1.0961949e-13,7.333153e-20,4.0662528e-14,1.3224167e-11
440000,233,290,0,1.9936408e-09,3.2757037e-25,1.1921342e-37,0.0,0.0,1.5788485e-21
440000,201,360,0,2.3592996e-09,3.1699586e-13,7.797077e-27,3e-45,3.1872e-31,1.16972074e-11
440000,349,67,0,2.4720326e-09,2.1135935e-11,3.869147e-11,7.511291e-13,6.842697e-14,2.3610544e-11
440000,66,315,0,2.2126891e-09,2.2141993e-11,7.364236e-28,5.7e-44,6.790904e-17,2.2781783e-11
440000,205,431,0,3.516309e-09,2.1259787e-11,4.9775557e-12,4.81744e-16,1.8116638e-16,8.073034e-11
440000,209,220,0,2.670869e-09,1.1286996e-11,6.542394e-19,2.9847576e-28,3.1737942e-18,6.680793e-11
440000,77,278,0,3.1915846e-09,3.5590978e-11,6.5299887e-21,9.953967e-35,8.3437386e-18,3.9975228e-11
440000,108,363,0,2.1361344e-09,2.5126127e-11,1.6559684e-11,2.2152917e-14,3.2979216e-13,2.0723306e-10
440000,91,389,0,2.3742217e-09,1.5068119e-11,5.165623e-12,9.275196e-16,3.538397e-18,2.62832e-11
440000,156,431,0,2.0268691e-09,6.526081e-12,3.0512025e-19,2.4199652e-30,3.965963e-22,6.8095585e-11
440000,407,267,0,2.1285786e-09,1.6595446e-11,1.1237519e-24,1.245993e-39,5.483677e-21,5.3999977e-12
440000,268,393,0,2.197416e-09,6.3350003e-13,5.707425e-16,2.8607587e-24,1.7581493e-30,2.7992183e-11
440000,242,397,0,2.3731805e-09,3.7832373e-11,2.8974552e-28,0.0,4.2037307e-14,3.596665e-11
440000,440,84,0,2.2932432e-09,2.1663909e-11,8.295245e-12,4.465899e-15,5.755421e-15,1.3186764e-10
440000,446,77,0,2.2322622e-09,9.597864e-12,1.689172e-12,6.968441e-17,3.8711875e-20,8.6860866e-11
440000,415,128,0,2.9944687e-09,1.5074868e-11,8.794352e-15,7.767146e-21,1.3105918e-19,1.02404994e-10
440000,389,155,0,2.2555302e-09,4.4161827e-11,2.0375927e-11,5.115458e-14,1.2220087e-11,6.7413575e-11
440000,307,424,0,2.412334e-09,1.42554284e-11,2.9473944e-19,7.2394414e-31,4.8603165e-20,2.4804277e-11
440000,335,203,0,2.535708e-09,4.520669e-15,3.0785406e-14,1.2357816e-20,1.7540465e-25,1.7883711e-10
440000,59,186,0,2.265736e-09,8.033627e-12,4.799161e-13,9.031922e-18,2.157693e-21,4.1045042e-11
440000,53,272,0,2.2598734e-09,2.9923283e-11,1.3808602e-13,1.6214936e-19,3.6904034e-17,2.2322044e-11
440000,309,73,0,2.1423432e-09,6.6706527e-12,1.9305308e-12,4.983233e-16,1.3655033e-18,5.8937826e-13
440000,188,399,0,2.0381317e-09,6.96233e-13,6.9517375e-15,8.734164e-21,8.734435e-25,4.2651292e-11
440000,378,108,0,2.106694e-09,6.0492757e-13,1.2918531e-14,1.457344e-20,7.8527815e-25,1.043013e-11
440000,377,253,0,2.578961e-09,3.4594834e-11,5.4106696e-21,2.2109525e-35,2.755851e-15,1.2912617e-11
440000,168,209,0,2.0990485e-09,2.669089e-13,8e-45,0.0,2.825643e-32,3.2870757e-13
440000,66,90,0,2.217322e-09,7.3587386e-11,7.42965e-15,1.9156328e-21,2.4565214e-10,2.0395295e-11
440000,396,334,0,2.3446813e-09,2.6802541e-11,1.9015487e-16,1.3576077e-25,2.1071497e-15,2.2088238e-13
440000,189,249,0,2.9762e-09,2.2192102e-11,3.0826543e-36,0.0,5.051735e-17,1.2593966e-12
440000,279,428,0,2.0284912e-09,9.259066e-12,3.6160013e-14,5.4327898e-21,4.978446e-20,9.3227044e-11
440000,346,344,0,2.2582205e-09,5.403472e-12,1.1529297e-24,5.964e-42,6.0487957e-24,5.0640395e-12
440000,432,130,0,2.282593e-09,1.8476476e-11,4.796155e-23,5.507462e-37,3.0472294e-21,8.7365296e-11
440000,442,274,0,2.0174524e-09,1.7050453e-12,1.2993697e-13,5.0753393e-19,6.670209e-23,1.708427e-11
440000,438,54,0,2.1175193e-09,9.13068e-11,1.1397159e-12,2.778444e-17,1.8965247e-14,1.3453964e-10
440000,299,337,0,3.851941e-09,7.650902e-18,1.0721482e-28,0.0,0.0,3.0112406e-13
440000,341,111,0,3.3747514e-09,6.764969e-13,1.6111629e-29,0.0,5.9280015e-29,3.097855e-14
440000,138,267,0,2.6170883e-09,8.311123e-15,1.4610076e-21,1.2184603e-36,5.304e-42,4.680289e-16
440000,200,246,0,3.517047e-09,2.8450995e-11,1.438e-42,0.0,1.1394572e-14,3.2787694e-12
440000,292,108,0,2.3789153e-09,8.948645e-12,1.0827796e-26,6.82e-43,2.1764909e-20,1.2690343e-11
440000,246,93,0,1.9649766e-09,4.919235e-12,3.0737095e-16,6.9713936e-25,8.31173e-23,4.4015e-10
440000,296,339,0,3.6137684e-09,4.1493605e-19,1.4567052e-30,0.0,0.0,1.716875e-14
440000,194,71,0,2.293659e-09,2.2779272e-11,3.4223297e-15,7.1666713e-23,1.6839022e-16,5.0330455e-11
440000,64,195,0,2.7614726e-09,3.6441725e-11,3.7358087e-17,1.00355267e-25,7.798049e-17,1.0519637e-10
440000,52,71,0,2.001667e-09,5.3002455e-12,4.607469e-13,1.00580894e-16,1.1613573e-18,4.742636e-11
440000,402,128,0,2.2999977e-09,4.546408e-12,1.4001652e-15,4.1785637e-23,5.1072704e-25,8.94338e-12
440000,355,401,0,1.986551e-09,7.18909e-12,7.628297e-20,7.5620445e-31,4.4864915e-22,3.931897e-11
440000,439,427,0,2.6369804e-09,3.7389994e-11,2.9815385e-16,4.385071e-24,1.5919873e-17,1.240005e-10
440000,442,258,0,2.2683972e-09,2.0344693e-11,7.0881115e-18,3.8404545e-28,2.7088914e-18,5.296649e-11
440000,389,397,0,2.036653e-09,2.1031024e-11,3.001875e-20,6.633122e-32,2.3195344e-19,1.1566669e-10
440000,244,242,0,2.0087803e-09,3.6851665e-20,1.9956928e-23,1.94369e-34,2.556e-42,8.745609e-15
440000,71,411,0,2.0925521e-09,2.3765245e-11,4.253381e-12,1.6185032e-15,9.469451e-16,2.0471683e-10
440000,307,376,0,2.2976465e-09,6.3431964e-13,2.4002344e-16,2.6699697e-25,3.2794704e-27,3.0193036e-12
440000,305,254,0,2.1264448e-09,6.165944e-14,0.0,0.0,1.0365612e-33,2.6517358e-19
440000,245,440,0,2.1662234e-09,5.588765e-13,9.010215e-13,1.3587072e-17,2.5823817e-21,1.7361397e-11
440000,112,181,0,2.0066842e-09,5.2510673e-11,5.1745924e-28,0.0,1.5737276e-14,1.2745535e-13
440000,162,315,0,2.4415818e-09,5.6790392e-11,5.4126583e-20,1.8064749e-30,3.715516e-12,1.2687651e-13
440000,354,278,0,2.7268716e-09,7.3278207e-16,8.6626934e-19,7.287232e-29,2.0111084e-36,9.698226e-13
440000,383,172,0,2.7983968e-09,4.5928813e-11,1.0154992e-13,3.4373203e-20,2.1865874e-15,3.05981e-11
440000,89,263,0,2.4399585e-09,1.1798686e-10,5.8303046e-14,3.509349e-20,8.519325e-12,1.2503433e-11
440000,444,99,0,2.0172726e-09,1.2513679e-10,4.9735814e-15,6.307583e-23,2.5781668e-10,1.2736728e-10
440000,89,276,0,3.0153424e-09,1.9695771e-11,6.033555e-15,6.572651e-22,2.6148013e-15,1.1968656e-12
440000,293,246,0,2.3885853e-09,6.2883206e-11,0.0,0.0,8.385261e-14,5.88577e-14
440000,207,334,0,2.2820894e-09,1.2504407e-12,3.1647948e-25,2.986e-42,1.6179993e-24,1.2028928e-14
440000,280,212,0,2.3949647e-09,1.239438e-11,0.0,0.0,4.1231952e-19,1.0031028e-12
440000,313,59,0,2.1285556e-09,1.5781368e-11,6.1636747e-18,3.9858191e-28,1.593211e-20,1.6125159e-11
440000,238,137,0,2.2191327e-09,6.06084e-23,3.653048e-12,1.115277e-15,2.6251563e-18,2.554362e-13
440000,285,176,0,2.124894e-09,5.1682156e-13,1.317934e-28,0.0,6.1016616e-26,7.9733144e-11
440000,132,197,0,2.302819e-09,7.8878286e-11,3.8193772e-35,0.0,8.3852616e-14,1.7442623e-13
440000,230,143,0,2.2526e-09,3.7116097e-26,4.655852e-18,2.5925576e-28,6.049763e-36,5.6436618e-12
440000,252,297,0,2.0732742e-09,1.6386313e-14,2.9624823e-29,4e-45,9.682614e-35,2.8858758e-15
440000,337,257,0,4.3173976e-09,5.163713e-16,5.29525e-29,0.0,1.8e-44,2.5763838e-12
440000,398,306,0,2.4951015e-09,1.857532e-13,3.5549524e-32,0.0,4.5334296e-30,2.6123984e-12
440000,429,420,0,2.52473e-09,2.0912534e-11,1.0873507e-14,3.0875733e-22,8.9739786e-17,8.889275e-11
440000,71,218,0,2.2586955e-09,1.04221604e-10,3.7190883e-15,7.014866e-22,3.4483565e-14,7.690398e-11
440000,168,403,0,2.0119189e-09,3.3416436e-11,5.9633968e-24,1.66987e-40,4.472938e-16,2.1387668e-12
440000,287,315,0,2.8067364e-09,5.074195e-12,4.185686e-32,0.0,8.943171e-20,1.06724955e-10
440000,259,282,0,2.1112256e-09,6.5710885e-15,4.7591774e-31,0.0,1.1495701e-35,2.7700374e-21
440000,252,173,0,2.0564634e-09,3.2091703e-12,1.4604e-41,0.0,1.9072738e-20,3.5942512e-12
440000,238,428,0,2.6028029e-09,3.3802863e-11,1.0730004e-20,1.5581655e-34,1.3940655e-15,2.7417662e-11
440000,229,430,0,2.5601339e-09,3.8315805e-11,1.1978852e-16,9.560673e-26,3.3301661e-15,3.4296002e-10
440000,255,271,0,2.0923525e-09,3.1752489e-16,4e-45,0.0,8e-45,5.4711276e-26
440000,222,130,0,2.6187992e-09,1.3294129e-19,1.8089952e-26,6.5715e-41,0.0,8.516338e-12
440000,289,209,0,2.254425e-09,2.2518706e-12,0.0,0.0,5.1142423e-26,4.6860318e-11
440000,86,240,0,2.1882072e-09,7.20052e-11,1.2672426e-14,5.987178e-22,4.775396e-14,1.9091177e-11
440000,223,352,0,2.6471407e-09,8.488418e-12,9.8792956e-14,1.3031394e-19,3.7305574e-20,5.5953623e-12
440000,210,268,0,2.1256286e-09,1.0930759e-14,1e-45,0.0,6.3837883e-32,3.3082955e-15
440000,345,144,0,2.0973945e-09,1.5546853e-10,9.052961e-27,3e-44,6.876257e-13,2.0431067e-11
440000,415,172,0,2.1466589e-09,5.484694e-13,3.3629457e-19,2.4079755e-29,4.9357195e-30,1.8693399e-13
440000,428,370,0,2.267774e-09,5.0625244e-11,2.734794e-13,9.127967e-19,2.64904e-13,5.9568743e-12
440000,396,193,0,2.3003606e-09,6.2277836e-11,1.7143392e-18,1.8720643e-30,1.2941349e-16,7.249684e-12
440000,413,337,0,2.990764e-09,7.91532e-11,5.01633e-14,2.1558613e-20,1.1982113e-13,2.032139e-11
440000,365,266,0,2.3997764e-09,5.5594218e-14,1.1967846e-24,2.543142e-39,3.2609433e-31,3.6264399e-12
440000,335,335,0,2.76389e-09,2.4512416e-11,3.8481132e-28,0.0,8.93131e-16,9.41154e-12
440000,330,184,0,2.2346052e-09,4.453818e-13,2.8802588e-31,0.0,2.3938873e-32,1.2403234e-10
440000,434,75,0,2.1970867e-09,6.13805e-11,1.02041625e-13,3.4376463e-20,2.3990887e-15,4.9083956e-11
440000,403,150,0,2.497949e-09,1.9861203e-11,2.382158e-21,2.2924984e-35,5.2031227e-19,3.1432777e-11
440000,355,213,0,2.259475e-09,2.7085547e-15,1.8433876e-15,1.2858531e-23,5.4312545e-30,1.9882115e-12
440000,446,196,0,1.9880795e-09,2.6971035e-11,8.998759e-14,6.462911e-19,3.0200364e-20,1.3359007e-10
440000,150,282,0,2.1087245e-09,1.2226919e-11,5.889808e-27,1.8e-44,4.8999992e-20,4.8077037e-12
440000,323,291,0,2.875432e-09,3.0523497e-11,4.1733255e-28,0.0,8.707935e-15,4.0527065e-13
440000,63,445,0,2.0076472e-09,1.9990705e-11,1.3936544e-11,2.6007398e-14,2.3528998e-16,5.9895984e-11
440000,369,298,0,2.0465523e-09,1.2845574e-11,2.6887598e-17,1.3310602e-27,8.252365e-20,3.4437945e-13
440000,223,266,0,2.0438355e-09,5.377723e-14,0.0,0.0,3.3782243e-36,1.6499339e-19
440000,444,434,0,2.5881428e-09,1.2217988e-10,1.1886574e-12,2.0492028e-17,1.4876125e-10,2.2061003e-10
440000,402,404,0,2.3697813e-09,7.549874e-11,5.8553995e-16,7.450184e-23,2.4225394e-10,2.1565631e-11
440000,387,86,0,2.2565436e-09,3.8231168e-11,4.8704628e-14,3.2713096e-19,3.375874e-16,2.0962024e-11
440000,324,310,0,2.9650633e-09,3.7782243e-11,1.63e-43,0.0,4.721262e-13,8.477267e-12
440000,211,222,0,2.7021878e-09,7.885326e-12,1.328124e-15,3.961553e-22,6.3650535e-19,1.9649499e-11
440000,181,222,0,3.094335e-09,7.4255414e-14,0.0,0.0,5.160342e-39,1.649441e-15
440000,258,327,0,2.009583e-09,4.2012865e-12,0.0,0.0,3.9656904e-22,1.3394732e-12
440000,326,316,0,2.717354e-09,1.2444834e-11,3.946368e-39,0.0,4.275432e-17,5.6321135e-14
440000,236,433,0,2.7140712e-09,3.8328177e-11,1.2563372e-19,1.8071899e-31,2.857384e-15,5.7528822e-11
440000,111,290,0,2.3398037e-09,1.38220295e-11,7.667067e-24,3.341903e-37,6.3813245e-17,1.0071862e-11
440000,313,431,0,2.713099e-09,1.5762745e-10,3.6522494e-15,3.818306e-23,8.322205e-12,6.725568e-11
440000,299,294,0,2.298634e-09,4.450742e-11,3.9194133e-33,0.0,1.2135282e-16,6.5615356e-15
440000,123,315,0,2.7765943e-09,5.6103427e-11,1.589876e-25,1.12e-43,1.4022029e-13,1.3357706e-13
440000,193,333,0,2.766119e-09,3.9442028e-14,4.719097e-38,0.0,1.8186843e-34,9.307894e-13
440000,152,89,0,2.0808708e-09,4.1586814e-11,1.593114e-13,6.339024e-19,8.527272e-13,3.163628e-11
440000,198,176,0,2.2188118e-09,2.0569522e-11,2.9651513e-16,1.0952076e-24,1.1934297e-17,2.0444641e-14
440000,327,279,0,2.9622205e-09,4.7618024e-11,1.7636813e-19,1.0610743e-29,2.4489284e-13,2.8119393e-14
440000,64,142,0,2.0772744e-09,5.6318554e-11,6.176003e-11,3.1970912e-12,4.1966398e-13,1.33546585e-11
440000,315,110,0,2.5358229e-09,1.1616666e-11,8.56881e-32,0.0,1.4169557e-18,5.5873434e-11
440000,350,366,0,2.1284428e-09,1.1246537e-11,2.9625223e-27,1e-45,8.255213e-20,9.139301e-11
440000,323,306,0,2.8760627e-09,9.3128665e-12,7.1711e-41,0.0,3.5839333e-21,3.267274e-11
440000,417,128,0,2.9794587e-09,6.57203e-12,8.7943806e-15,7.767146e-21,2.9102792e-23,1.2936222e-10
440000,154,117,0,2.085067e-09,2.376149e-12,8.7296185e-14,7.040453e-20,2.1628702e-24,4.684067e-11
440000,444,151,0,2.100076e-09,1.9522491e-11,1.4845943e-14,3.2532801e-21,4.8765337e-18,4.5140818e-11
440000,186,417,0,2.3966917e-09,4.7311374e-12,3.6244814e-13,1.0676138e-17,1.1011062e-20,1.9091955e-13
440000,192,245,0,3.6805154e-09,2.8004977e-11,2.026e-42,0.0,1.2935703e-14,2.020462e-11
440000,73,66,0,2.2614415e-09,5.516447e-11,8.597862e-17,2.0418646e-26,3.6980892e-16,9.759224e-11
440000,215,351,0,2.4137246e-09,2.2903044e-12,3.5244776e-11,1.440143e-13,3.1693036e-15,2.366892e-10
440000,267,216,0,2.369398e-09,1.2039352e-13,1e-45,0.0,2.567967e-31,6.4163153e-16
440000,114,90,0,2.3573405e-09,3.839323e-11,7.885107e-16,1.2868345e-23,1.4579939e-15,1.2168039e-10
440000,204,429,0,3.64508e-09,1.40715556e-11,8.97893e-12,3.5614034e-15,1.1621939e-17,5.457496e-11
440000,365,141,0,2.1678979e-09,7.6959446e-13,3.7621723e-13,1.6702063e-18,1.0302032e-22,1.1750312e-11
440000,128,63,0,2.844898e-09,6.4061256e-11,3.7691062e-11,9.588647e-13,9.908145e-14,1.6677439e-11
440000,403,144,0,2.477604e-09,2.5329348e-12,4.560859e-19,3.5572383e-29,4.9718216e-29,6.587452e-11
440000,412,214,0,2.0288407e-09,2.8985047e-11,5.5997426e-14,1.1415867e-20,1.8976656e-13,1.1279187e-10
440000,309,193,0,2.0866349e-09,6.418846e-15,6.5260564e-37,0.0,1.518728e-38,1.7096123e-15
440000,275,220,0,2.4120896e-09,4.250399e-13,0.0,0.0,1.0561804e-31,8.6041776e-14
440000,263,196,0,2.2893614e-09,5.823633e-13,0.0,0.0,1.2729283e-26,1.00434355e-10
440000,145,311,0,2.450042e-09,1.4994495e-17,2.3583144e-17,5.1257793e-26,1.8150604e-32,2.017856e-11
440000,392,111,0,2.4900675e-09,1.7286207e-15,1.0837728e-12,1.9728575e-17,3.9696272e-21,3.845482e-12
440000,243,62,0,1.9625954e-09,1.3487983e-13,4.743989e-19,1.3490897e-30,3.5194856e-36,7.807088e-11
440000,296,390,0,2.297126e-09,8.7567766e-12,3.2039775e-20,7.7303976e-33,4.732016e-19,1.5746878e-11
440000,220,335,0,2.3116762e-09,6.044752e-11,2.5518855e-20,7.7930244e-32,6.3471186e-12,6.227114e-14
440000,84,372,0,2.159982e-09,2.696895e-12,1.6043709e-16,6.4120827e-26,6.8691804e-27,7.203895e-11
440000,76,60,0,2.2527866e-09,5.5770027e-11,2.2114819e-13,2.4019807e-18,1.9393888e-14,4.0413187e-11
440000,375,312,0,2.0989204e-09,1.6783364e-12,7.1834515e-18,3.0464747e-28,4.273174e-25,2.632847e-11
440000,169,241,0,2.0962951e-09,7.5357755e-11,1.0390289e-34,0.0,1.9042413e-12,1.5243653e-12
440000,395,101,0,2.6478768e-09,2.3820685e-12,9.110201e-16,2.5062979e-24,7.28228e-24,1.4817652e-12
440000,369,385,0,2.2974518e-09,4.1944937e-12,1.4685706e-14,7.531678e-21,1.5233606e-23,4.0550858e-11
440000,287,324,0,3.5383345e-09,2.937993e-16,3.5695e-41,0.0,1.904812e-39,1.4174926e-11
440000,295,316,0,2.8572498e-09,3.8929658e-14,3.63312e-40,0.0,1.218836e-35,3.2432277e-12
440000,286,268,0,2.2719902e-09,2.7092458e-20,1.443e-42,0.0,0.0,6.4374183e-19
440000,342,261,0,3.0468876e-09,8.485792e-13,3.1739955e-24,4.5571218e-38,1.4668177e-26,5.91677e-14
440000,114,391,0,2.3834168e-09,4.753208e-11,2.9879812e-12,5.4468575e-16,6.346898e-12,1.5049748e-11
440000,266,179,0,2.2073492e-09,6.5937724e-12,0.0,0.0,3.235555e-23,4.712552e-13
440000,197,326,0,2.8675593e-09,7.985497e-14,1.0596832e-38,0.0,1.0091184e-29,3.1142146e-16
440000,226,321,0,2.3143927e-09,3.7992917e-15,4.7473394e-26,6.51496e-40,9.2604e-39,1.9201165e-11
440000,321,116,0,2.4041733e-09,2.8728497e-12,4.7763594e-33,0.0,3.1919228e-23,4.2554984e-11
440000,436,369,0,2.4082463e-09,8.5817325e-11,1.6284483e-14,6.1436077e-21,1.3423286e-16,7.0422355e-11
440000,184,328,0,2.5193614e-09,7.553365e-16,1.7047056e-28,0.0,7.53868e-40,9.467112e-15
440000,100,332,0,2.1708941e-09,1.3849571e-13,1.115341e-15,4.8896956e-24,4.3238984e-27,6.167782e-11
440000,195,318,0,2.4360494e-09,5.0188883e-16,7.3769667e-31,0.0,2.8e-44,1.7400034e-17
440000,310,292,0,2.5808626e-09,1.6263908e-12,1.8538e-41,0.0,2.225762e-24,2.0014466e-11
440000,155,446,0,2.0698085e-09,1.4308565e-10,1.4557158e-15,1.8950627e-23,1.9646387e-11,1.5865406e-11
440000,354,113,0,2.4142262e-09,1.1615562e-10,1.9470392e-36,0.0,1.1269196e-10,5.5799907e-13
440000,319,287,0,2.907356e-09,8.608785e-13,2.2313275e-29,0.0,1.2127746e-28,1.1108835e-11
440000,280,119,0,2.1276982e-09,1.6334163e-12,4.149403e-29,0.0,6.1779174e-29,2.3250438e-15
440000,389,139,0,2.1761102e-09,2.3767228e-11,9.257218e-13,5.1614823e-17,2.4982797e-16,3.406487e-13
440000,230,204,0,1.9782544e-09,2.0137821e-13,4.7763664e-33,0.0,1.8467298e-31,3.721588e-12
440000,136,74,0,2.718043e-09,3.493865e-11,1.8629153e-15,4.2754076e-24,6.7432394e-16,2.3169862e-11
440000,383,52,0,2.2133733e-09,7.739456e-11,1.037973e-11,1.26110475e-14,2.8394656e-15,3.4869368e-11
440000,331,234,0,3.4329917e-09,7.0713164e-11,4.815504e-29,0.0,6.2046256e-13,5.7192643e-11
440000,366,365,0,2.0961302e-09,2.0920475e-12,1.8338013e-18,1.3516908e-30,1.6574147e-22,4.099182e-12
440000,390,344,0,2.645026e-09,2.072182e-11,1.7641631e-11,3.514166e-14,6.692095e-16,1.2927517e-11
440000,118,326,0,2.2282702e-09,1.8240473e-11,9.82788e-16,5.901709e-23,7.350622e-18,4.3917e-11
440000,331,445,0,1.9756259e-09,4.289295e-11,8.192261e-12,1.8626617e-15,6.6419203e-18,8.201916e-11
440000,112,414,0,2.0964628e-09,5.1083547e-11,6.121468e-14,1.6132576e-20,1.5773046e-13,1.3614901e-10
440000,337,254,0,3.6078354e-09,1.9538094e-17,3.601398e-31,0.0,0.0,1.3801059e-11
440000,225,357,0,2.4897036e-09,1.1357479e-11,3.7133532e-11,1.8009597e-13,4.1930337e-15,1.5484405e-11
440000,292,102,0,2.4313866e-09,1.530821e-11,4.7558067e-21,5.5427545e-33,2.7355387e-17,1.5835815e-11
440000,355,76,0,2.316492e-09,3.7973936e-11,1.8730968e-11,4.16547e-14,2.1564313e-15,6.5763324e-12
440000,54,431,0,2.0793045e-09,5.406349e-11,3.651127e-15,2.974185e-23,3.5551362e-16,8.8339745e-11
440000,55,89,0,2.205873e-09,1.8452096e-11,3.3810602e-18,6.6462994e-29,7.314327e-20,3.0408155e-11
440000,208,367,0,2.3056181e-09,2.5600732e-11,7.564698e-27,3e-45,2.1182968e-16,2.059328e-12
440000,107,96,0,2.3412035e-09,9.812459e-12,6.4057504e-14,1.4414832e-20,2.494748e-19,1.06549304e-10
440000,439,376,0,2.275998e-09,3.7380057e-11,1.5299447e-13,1.9685213e-19,9.387178e-12,4.9565876e-11
440000,193,55,0,2.0815096e-09,8.161601e-11,5.100085e-21,6.98039e-35,6.4188455e-14,4.8269114e-11
440000,250,216,0,2.0694497e-09,3.7985844e-11,1.0328083e-27,4.9e-43,1.6932856e-11,2.5981564e-11
440000,335,273,0,2.4296927e-09,9.212505e-13,7.0280844e-16,2.2609485e-24,1.4833311e-27,1.4420949e-13
440000,316,298,0,2.7037346e-09,8.485287e-13,6.37512e-40,0.0,1.8643651e-28,2.217016e-12
440000,331,365,0,2.4048932e-09,3.4213576e-11,8.933485e-27,9.2e-44,3.3301661e-15,4.0375056e-12
440000,57,220,0,2.430348e-09,2.3405344e-10,4.448988e-12,1.8173242e-15,2.2008565e-12,1.429506e-10
440000,181,414,0,2.377549e-09,1.00451e-11,4.7727377e-13,2.0544637e-18,1.9727346e-20,1.034984e-12
440000,161,126,0,2.1421545e-09,4.5878707e-11,4.208422e-20,3.8754866e-33,8.5354754e-13,6.5168024e-11
440000,203,419,0,2.64974e-09,4.680134e-12,4.3988615e-15,3.1023618e-23,4.960087e-24,5.333263e-11
440000,357,181,0,2.1786488e-09,1.0439676e-11,1.57292e-33,0.0,2.583644e-20,1.414762e-14
440000,362,201,0,2.3628228e-09,1.7363062e-11,4.5982554e-25,3.7375e-41,5.818877e-16,1.8009866e-12
440000,207,141,0,2.006429e-09,2.1622296e-14,1.5252628e-25,4.324e-42,1.3037012e-34,2.5567e-14
440000,112,271,0,2.3027702e-09,3.384542e-14,5.7067556e-22,4.432141e-37,1.513698e-38,1.3700476e-14
440000,406,408,0,2.350024e-09,6.4564326e-11,1.03067825e-14,1.8475683e-21,8.845147e-16,4.2175564e-12
440000,72,250,0,2.2909425e-09,1.721255e-11,1.08852725e-10,2.3605714e-12,2.0061828e-13,3.794988e-11
440000,148,262,0,2.376266e-09,4.653266e-12,6.491632e-31,0.0,2.0744207e-23,8.70473e-12
440000,118,124,0,2.1453905e-09,1.0568615e-13,8.661415e-22,2.4586174e-37,1.7275112e-34,1.5421735e-13
440000,142,199,0,2.4300413e-09,4.9677373e-11,1.6458321e-34,0.0,1.1319571e-14,3.0906912e-11
440000,172,134,0,2.0555906e-09,6.3157035e-11,2.2114819e-13,2.4019807e-18,9.387181e-12,7.885449e-14
440000,444,440,0,2.3769593e-09,6.4577316e-11,6.717116e-12,2.4076708e-15,9.702594e-17,1.2640376e-10
440000,103,244,0,2.4198343e-09,1.3031643e-11,7.680778e-24,3.36363e-40,3.6611047e-18,2.977892e-13
440000,127,379,0,2.1716438e-09,4.8357933e-15,1.28811155e-14,4.8110887e-22,7.042261e-28,9.155569e-11
440000,195,246,0,3.9840473e-09,1.0138624e-11,3.9e-44,0.0,2.3480039e-21,5.504377e-12
440000,60,203,0,2.3309832e-09,4.3885572e-11,3.1471316e-15,3.2658382e-22,9.169227e-17,4.1386065e-11
440000,218,436,0,2.5108378e-09,7.3624544e-11,2.8892595e-13,4.969629e-19,3.6079754e-15,8.496947e-11
440000,291,129,0,2.414427e-09,1.4482613e-11,1.7386538e-15,1.3415605e-22,4.058292e-20,9.585978e-15
440000,342,417,0,1.998519e-09,1.6444046e-11,1.06693106e-10,1.6837715e-11,6.0208214e-12,2.6975045e-11
440000,268,359,0,2.1231166e-09,4.18689e-12,1.388601e-16,4.0815036e-24,1.1845718e-20,9.110682e-13
440000,91,250,0,2.5534148e-09,2.6232183e-11,1.1646292e-13,4.526301e-19,9.0415225e-18,2.2194064e-11
440000,404,352,0,2.4648221e-09,1.37862395e-11,3.889081e-16,5.082837e-24,3.0476638e-18,8.509197e-11
440000,296,281,0,2.1833824e-09,3.1950324e-13,1.7182859e-38,0.0,9.8832465e-30,7.554359e-17
440000,310,434,0,2.7555145e-09,1.1658213e-10,2.6530605e-15,8.800788e-23,3.448269e-14,2.4140622e-11
440000,416,352,0,2.267914e-09,1.2051914e-12,7.13014e-11,1.2869348e-12,9.730518e-14,6.596459e-11
440000,413,427,0,2.0413924e-09,6.4435686e-11,1.7414398e-24,2.183e-42,2.0561988e-17,9.576256e-14
440000,75,333,0,2.2331894e-09,9.424538e-20,4.197218e-30,0.0,0.0,5.9710036e-11
440000,256,231,0,2.1075595e-09,4.0722913e-13,1.3531842e-24,2.4585844e-36,5.6327895e-30,2.319958e-11
440000,145,354,0,2.046846e-09,2.5489204e-11,5.137349e-15,5.2735695e-23,2.1182968e-16,6.124622e-11
440000,223,161,0,2.4559343e-09,3.0327564e-14,1.2662549e-17,6.452315e-26,6.148502e-32,6.371332e-14
440000,382,283,0,2.4619402e-09,1.4105273e-11,9.069025e-22,1.2975687e-35,2.9379085e-19,7.425907e-15
440000,366,124,0,2.1309317e-09,1.1956182e-11,1.488148e-26,1.82e-43,2.1029808e-19,3.765396e-11
440000,373,262,0,2.4935392e-09,8.355556e-12,1.9728868e-18,2.0098065e-29,4.479161e-21,2.7279424e-11
440000,440,176,0,2.291166e-09,6.2986352e-12,1.7955439e-12,6.1128025e-17,2.4092766e-20,1.0458886e-12
440000,298,201,0,2.1393767e-09,2.5263451e-17,1.82e-42,0.0,2.315e-42,4.97937e-11
440000,394,171,0,2.2892062e-09,1.3405643e-11,8.6001627e-13,4.3771734e-17,3.415535e-20,5.218502e-11
440000,242,390,0,2.2858484e-09,4.3692692e-11,2.6440886e-22,1.3522121e-37,1.4150228e-18,8.4369164e-11
440000,95,408,0,2.2121718e-09,3.8122245e-11,5.7802855e-12,7.150581e-15,1.0290467e-14,1.7512732e-10
440000,350,259,0,2.5050737e-09,3.875265e-14,6.0113617e-26,6.15e-43,2.2538325e-34,7.1649427e-12
440000,414,307,0,2.9554754e-09,1.9811632e-11,1.6250417e-19,3.8362293e-31,7.1344586e-17,9.736163e-11
440000,304,336,0,2.991783e-09,1.8309096e-15,1.2519809e-24,1.81768e-40,2.525e-41,4.198355e-14
440000,422,329,0,2.6971956e-09,1.8056272e-11,4.2023898e-18,4.738935e-28,2.7355397e-17,5.762407e-14
440000,211,434,0,2.8859402e-09,2.2207118e-11,5.1704166e-12,8.8329946e-16,7.5281914e-18,1.7664264e-10
440000,302,89,0,2.3427138e-09,4.760597e-11,9.741554e-25,9.14e-43,7.179982e-12,6.5029884e-11
440000,97,161,0,1.9751818e-09,4.353358e-11,3.1484546e-17,2.6629849e-27,3.9856957e-15,4.333812e-11
440000,275,175,0,2.262211e-09,1.7021582e-11,2.5287056e-37,0.0,9.102321e-18,1.4206761e-10
440000,285,302,0,2.4942113e-09,1.6120578e-12,1.0724649e-19,9.981731e-31,1.5733037e-24,5.0144482e-11
440000,58,284,0,2.1180226e-09,3.9234265e-11,1.0432149e-19,3.420234e-33,2.5704153e-10,3.8616478e-11
440000,151,54,0,1.9890016e-09,1.742133e-11,1.5715751e-12,3.3740882e-17,4.669351e-19,6.902974e-11
440000,355,192,0,2.2351636e-09,1.0265871e-11,5.3870955e-34,0.0,2.494739e-19,2.1473759e-11
440000,419,109,0,2.1361428e-09,4.5335172e-12,1.463419e-11,3.3660978e-14,3.2977192e-16,1.0359454e-12
440000,218,421,0,2.3062872e-09,2.8549605e-11,2.8437864e-12,6.3449173e-16,1.0733654e-16,5.4541108e-11
440000,267,256,0,2.4959197e-09,1.8644344e-12,0.0,0.0,6.945603e-21,6.945324e-17
440000,356,276,0,2.76249e-09,8.7722914e-16,2.791516e-21,4.505919e-34,1.06e-43,1.2185073e-13
440000,278,382,0,2.0957664e-09,5.8684685e-12,6.899509e-21,2.871952e-35,1.7658534e-20,2.4263034e-11
440000,79,275,0,3.4771623e-09,4.6200578e-11,4.2988912e-20,4.8577713e-32,5.3649103e-16,3.27692e-11
440000,251,402,0,2.2314417e-09,3.7114086e-11,4.2911493e-24,1.9269247e-38,3.9017027e-16,6.1153925e-12
440000,244,309,0,2.0495485e-09,3.3154885e-11,1.7584336e-36,0.0,2.5259692e-16,1.1982325e-16
440000,353,63,0,2.414957e-09,5.955627e-12,1.19770305e-11,1.9493725e-14,1.629294e-16,2.789292e-10
440000,160,296,0,2.1045568e-09,5.399033e-11,8.856865e-28,4e-45,4.060747e-12,1.3716845e-14
440000,401,116,0,2.5333782e-09,3.331829e-13,1.0839498e-10,5.464377e-11,7.297527e-11,7.323707e-12
440000,178,102,0,2.3499345e-09,4.7120633e-16,1.9019906e-18,4.0449943e-29,3.1804392e-37,1.1620881e-11
440000,435,255,0,2.2434896e-09,9.5463915e-12,1.462677e-12,2.8558555e-16,6.9377835e-19,1.4171249e-10
440000,118,286,0,2.4205822e-09,1.8278011e-12,6.0924354e-17,3.898768e-27,1.24324676e-23,2.2509416e-12
440000,296,336,0,3.9374095e-09,2.1836516e-19,2.2866177e-32,0.0,0.0,7.2436696e-13
440000,236,171,0,2.0706978e-09,2.6608369e-19,4.6471872e-35,0.0,0.0,5.0430845e-13
440000,100,257,0,2.790049e-09,3.1392434e-11,1.9679516e-22,7.2868623e-37,4.569677e-16,8.090909e-15
440000,123,431,0,2.0011186e-09,2.62583e-12,4.4312605e-12,1.9142354e-15,1.0245007e-17,6.8064916e-12
440000,99,253,0,2.9118097e-09,1.4237272e-11,3.8647222e-20,5.311093e-33,1.5260784e-20,1.1905026e-13
440000,141,447,0,2.034654e-09,5.0545255e-11,7.752193e-11,2.1826829e-12,2.0539187e-13,1.5352772e-10
440000,77,210,0,2.4132523e-09,1.9110368e-11,3.6868737e-13,3.706938e-18,2.5492925e-18,3.1546387e-11
440000,325,257,0,2.3535163e-09,2.7857447e-12,1.8981055e-36,0.0,5.4881924e-23,1.2453362e-14
440000,378,59,0,2.4083135e-09,2.0057584e-11,8.876913e-17,2.0440314e-26,4.7713817e-18,9.1658986e-11
440000,265,128,0,2.482794e-09,3.334442e-11,3.6061246e-24,2.021e-41,8.527076e-13,4.007734e-11
440000,445,242,0,2.0325168e-09,1.3084596e-11,1.4308316e-13,1.1744759e-19,6.352964e-20,9.922856e-12
440000,434,420,0,2.674696e-09,5.5016204e-12,3.4732142e-14,6.432171e-20,4.5296586e-24,1.0697181e-10
440000,397,284,0,2.3099838e-09,5.981369e-11,2.7492465e-26,1e-45,9.5563965e-12,2.531989e-11
440000,72,125,0,2.025417e-09,1.299906e-11,3.6515987e-18,5.5023645e-28,1.168705e-16,1.0174944e-10
440000,163,193,0,2.0428075e-09,5.5284173e-11,1.0527919e-38,0.0,5.976964e-15,3.8631365e-11
440000,336,341,0,2.5979547e-09,1.669593e-11,1.8491071e-25,1.08365e-40,8.2758057e-20,4.0981796e-13
440000,343,297,0,2.032137e-09,1.8809809e-13,1.8050042e-22,2.0240388e-35,3.3667324e-30,1.3668456e-14
440000,419,155,0,2.3657638e-09,1.1071879e-11,1.4489049e-16,5.629424e-26,4.407518e-19,8.470179e-12
440000,135,211,0,2.2826285e-09,4.538199e-11,3.9550498e-21,6.624608e-33,6.0021047e-15,2.5396112e-16
440000,438,338,0,2.3722113e-09,2.7875616e-12,1.779806e-24,1.957463e-39,1.7706589e-23,9.84489e-11
440000,181,220,0,3.0594312e-09,1.487942e-13,8e-45,0.0,1.4426978e-35,1.2393961e-14
440000,147,303,0,2.3039872e-09,3.2250799e-15,1.2583597e-24,4.394402e-39,2.805087e-39,2.0255487e-11
440000,275,325,0,2.2398778e-09,4.2290804e-18,4.8031087e-36,0.0,0.0,6.1563506e-12
440000,309,313,0,2.2803262e-09,2.2917178e-16,5.47e-43,0.0,2.4e-44,2.4558415e-12
440000,370,74,0,2.5216638e-09,2.853461e-12,8.106918e-18,4.081092e-24,5.0099644e-28,1.3879546e-10
440000,73,291,0,2.2600897e-09,1.7712443e-11,8.21711e-24,8.69535e-40,1.9938924e-17,3.4931183e-12
440000,376,146,0,2.1795221e-09,1.1637891e-12,6.91979e-14,1.8431613e-19,1.1192126e-23,9.4369956e-11
440000,136,179,0,2.4289664e-09,2.4511103e-11,3.8893e-41,0.0,1.1934136e-17,3.2890874e-11
440000,411,339,0,3.0613814e-09,3.1350773e-11,1.4457426e-14,4.682345e-21,7.778538e-16,3.843795e-11
440000,287,442,0,2.0868975e-09,2.1903226e-11,4.479394e-12,1.8178714e-15,6.096688e-18,1.3847313e-11
440000,85,416,0,2.6718463e-09,1.1176817e-11,3.2811457e-16,1.2700087e-25,6.654937e-19,5.4244192e-11
440000,219,315,0,2.1824278e-09,7.1481224e-12,3.3033343e-16,3.1717648e-22,4.1476283e-18,1.0901617e-16
440000,136,369,0,2.544899e-09,2.3784494e-14,7.4468424e-11,3.863858e-13,9.30541e-15,1.0456454e-13
440000,434,138,0,2.3482083e-09,6.0700625e-11,1.13883714e-20,3.59869e-31,9.884211e-12,8.495951e-11
440000,113,237,0,2.2751652e-09,3.1588836e-11,8.3132724e-29,0.0,7.552272e-18,3.3333616e-12
440000,428,53,0,2.1196154e-09,1.1652934e-10,5.167496e-12,5.4684706e-16,1.7235521e-10,5.49087e-11
440000,189,112,0,2.034884e-09,1.8598508e-13,1.3861561e-18,1.5118773e-28,1.1262841e-33,3.083525e-11
440000,73,165,0,1.9884618e-09,2.508614e-11,1.9798994e-23,1.608195e-39,2.1216648e-16,8.299859e-11
440000,124,246,0,2.212292e-09,3.6595477e-11,1.7202702e-26,1e-45,4.0662877e-14,7.2729275e-12
440000,235,342,0,2.1901552e-09,2.4350542e-11,3.3899415e-16,2.6092813e-24,5.1621275e-15,2.0435843e-12
440000,142,319,0,2.315293e-09,2.7377167e-14,8.840719e-13,1.1366039e-17,2.043135e-21,4.8455632e-11
440000,264,203,0,2.3593358e-09,9.523011e-13,0.0,0.0,1.0409033e-24,9.989894e-12
440000,255,352,0,2.0281161e-09,2.556813e-11,2.4226902e-29,0.0,9.940677e-18,3.641601e-11
440000,432,157,0,2.262046e-09,4.1127032e-11,4.7673206e-11,4.5339614e-13,2.0401844e-13,6.5736756e-11
440000,203,241,0,2.9324088e-09,1.4509147e-12,1.2926627e-34,0.0,2.3505052e-25,1.2009851e-13
440000,204,289,0,2.2928153e-09,3.8985247e-12,1.1527284e-38,0.0,1.0151531e-23,1.39106036e-14
440000,108,392,0,2.3825624e-09,2.1838113e-11,8.632412e-12,4.9917e-15,1.37470825e-17,1.8714792e-11
440000,420,316,0,3.4034464e-09,1.4121248e-12,2.8239067e-19,1.3223038e-32,4.544099e-28,1.01289685e-10
440000,327,191,0,2.3463742e-09,1.31822924e-14,3.021696e-25,1.6451e-41,1.8008308e-38,6.1201183e-12
440000,178,293,0,2.1289526e-09,2.0971523e-12,5.855352e-16,7.450184e-23,1.6328709e-23,1.6923862e-11
440000,340,111,0,3.3606673e-09,5.3411084e-13,8.6824316e-29,0.0,1.9303637e-30,2.904602e-14
440000,154,75,0,2.1077424e-09,4.6663062e-11,1.7960613e-13,1.8843694e-19,1.9643313e-11,6.958222e-11
440000,380,166,0,2.6145621e-09,7.059065e-13,2.1416098e-13,8.728727e-19,2.0577701e-21,2.3364513e-11
440000,368,251,0,2.7975626e-09,3.0754065e-12,5.2034875e-23,1.6472157e-38,1.0960036e-24,5.038347e-11
440000,257,424,0,2.0230713e-09,5.889043e-11,2.9306715e-20,2.0336813e-33,3.093978e-14,3.9308036e-11
440000,310,390,0,2.316061e-09,4.7339157e-11,1.12012925e-11,1.5813348e-14,1.1345913e-15,1.5645764e-11
440000,88,281,0,2.9031166e-09,2.2959059e-12,3.1263189e-12,2.528051e-16,1.706145e-19,6.2225706e-12
440000,345,97,0,2.3344606e-09,3.3884326e-11,4.024411e-22,4.1722473e-34,6.4714452e-15,1.1146017e-10
440000,145,207,0,2.3385969e-09,7.087949e-12,1.7400401e-28,0.0,2.1558033e-20,7.558799e-12
440000,336,378,0,2.1676008e-09,7.118732e-11,8.213335e-15,5.025056e-22,2.6159688e-14,5.0114565e-11
440000,336,130,0,2.1019537e-09,3.9952265e-12,7.54e-43,0.0,2.5154364e-23,3.87013e-11
440000,378,174,0,2.6605371e-09,4.0178142e-11,1.1084313e-15,2.788885e-24,3.358344e-14,4.0393165e-11
440000,290,251,0,2.4422864e-09,1.7544241e-12,0.0,0.0,6.1835685e-25,4.642767e-12
440000,325,92,0,3.2081733e-09,6.1667305e-14,1.3279701e-12,1.4877172e-16,2.5076828e-19,5.0449114e-11
440000,363,209,0,2.3783078e-09,2.1411403e-12,1.9728868e-18,2.0098065e-29,4.6971815e-25,9.252843e-15
440000,56,262,0,2.841364e-09,9.969347e-12,5.1548764e-17,1.5958818e-26,2.9210633e-21,1.5277467e-11
440000,211,173,0,2.2290785e-09,2.0342948e-11,4.340233e-27,0.0,1.2460098e-17,1.6372527e-11
440000,296,329,0,3.5462444e-09,2.4196623e-20,1.149229e-37,0.0,0.0,1.0898535e-10
440000,123,224,0,2.7151887e-09,1.522503e-11,9.3100535e-18,4.3890696e-28,3.6636563e-20,2.1930558e-11
440000,84,390,0,2.3023288e-09,4.8253717e-11,5.3810054e-13,2.0706643e-18,1.4618007e-14,2.853562e-10
440000,165,174,0,1.9957955e-09,5.8459682e-12,2.020532e-39,0.0,1.18125405e-23,2.1687535e-10
440000,272,234,0,2.1141353e-09,1.6285597e-12,1e-45,0.0,2.1763228e-27,4.1041854e-11
440000,104,340,0,2.172525e-09,2.1182368e-12,4.610548e-19,2.7546337e-30,2.4613957e-25,5.4833433e-11
440000,179,347,0,2.090721e-09,4.957702e-14,6.969898e-19,1.8820707e-30,1.8187035e-34,3.093537e-13
440000,156,239,0,2.050684e-09,2.220262e-12,4.1498e-29,0.0,8.78483e-26,3.572847e-12
440000,183,284,0,2.1370326e-09,8.355405e-14,3.2230325e-25,5.2665e-41,2.1956542e-31,5.013034e-12
440000,373,349,0,2.0735533e-09,7.669245e-12,2.734367e-15,1.2009428e-22,1.16211e-22,2.8048129e-13
440000,415,313,0,3.1493816e-09,3.6044786e-13,5.7245046e-21,9.8963775e-36,6.744535e-28,7.179512e-13
440000,152,340,0,2.0319095e-09,3.2856006e-11,5.6395396e-19,1.2048561e-31,1.4299751e-13,2.7186616e-13
440000,330,329,0,2.7670646e-09,1.1709339e-12,9.5983835e-29,0.0,8.5789625e-28,6.2235465e-13
440000,321,107,0,2.6750289e-09,1.38242065e-11,2.2799125e-24,3.76358e-40,6.3813245e-17,3.824422e-11
440000,297,382,0,2.3631443e-09,2.579965e-12,1.2939205e-17,1.6283879e-28,1.8475198e-25,7.909899e-11
440000,174,224,0,2.4991391e-09,4.489499e-12,7.8e-44,0.0,2.0251724e-24,8.116397e-15
440000,290,325,0,3.962618e-09,4.9090115e-17,1.4e-44,0.0,1e-45,4.2329165e-12
440000,191,351,0,2.1822744e-09,1.829574e-14,6.804686e-29,0.0,6.0634754e-35,3.2414522e-11
440000,103,226,0,2.2999287e-09,1.777992e-11,1.0898992e-24,7.85593e-40,5.4467006e-20,2.0274854e-12
440000,85,209,0,2.2580884e-09,4.081478e-11,3.0657223e-17,4.814083e-27,1.1883448e-14,4.5547767e-12
440000,132,332,0,2.1114663e-09,9.44704e-12,1.2634524e-22,5.614083e-38,1.961646e-21,6.7881057e-12
440000,197,243,0,3.813951e-09,4.7848422e-12,1.673e-42,0.0,8.235868e-24,1.10678125e-11
440000,187,70,0,2.2735993e-09,2.3425907e-12,2.032955e-20,2.0291674e-32,1.9439667e-26,2.9631398e-11
440000,54,316,0,2.0733044e-09,2.7392006e-12,1.8966431e-19,1.2207388e-31,1.5018815e-24,3.7084103e-11
440000,384,248,0,2.238456e-09,4.021717e-12,4.311099e-22,1.9690328e-35,1.1832936e-22,1.6185704e-11
440000,388,319,0,2.4037121e-09,1.0143361e-15,2.3475952e-16,3.4201477e-26,4.4400515e-34,5.508893e-11
440000,138,150,0,2.5168772e-09,7.250416e-14,9.483512e-16,1.3236525e-21,1.46158e-25,1.4039869e-11
440000,94,432,0,2.0399862e-09,3.8310195e-11,4.8209257e-21,1.0945619e-31,5.243486e-14,7.4631794e-11
440000,336,257,0,4.2508774e-09,3.412604e-16,2.1097836e-29,0.0,3e-45,7.4473145e-12
440000,68,192,0,2.7247302e-09,4.3135197e-11,6.26082e-17,4.9726993e-26,1.4579941e-15,6.33608e-11
440000,299,147,0,2.0130677e-09,8.301776e-12,1.7027746e-16,4.3607615e-26,2.1269474e-20,2.0560238e-11
440000,55,225,0,2.3693945e-09,1.800858e-10,3.2084822e-13,1.0654943e-17,3.2852303e-09,1.9246554e-10
440000,137,373,0,2.562232e-09,6.292221e-16,1.6647005e-11,2.2153047e-14,1.6288e-16,3.820985e-12
440000,324,416,0,2.0664088e-09,6.004614e-11,3.2004605e-13,1.0654936e-17,8.825871e-15,5.5577647e-11
440000,191,327,0,3.036473e-09,2.1668107e-16,1.1895201e-33,0.0,1.3e-43,8.16864e-15
440000,327,87,0,3.3199368e-09,2.1012098e-12,4.8398192e-14,5.2060816e-20,2.172982e-24,2.2998931e-11
440000,271,73,0,1.9848605e-09,3.2936792e-11,4.1573605e-17,9.196867e-28,2.5377373e-14,3.501989e-11
440000,325,60,0,2.2175164e-09,6.947217e-14,8.617317e-20,1.1074841e-31,7.515414e-39,2.6123767e-10
440000,87,183,0,2.0646647e-09,8.14487e-11,4.7900525e-12,4.5287582e-15,7.905231e-13,7.5888115e-12
440000,61,100,0,2.390641e-09,6.740824e-11,2.373854e-16,2.5453388e-24,1.3296755e-14,2.71595e-11
440000,78,193,0,2.3198856e-09,9.8313704e-11,3.7473386e-17,2.4230165e-26,9.5586525e-12,7.987535e-11
440000,198,370,0,2.2445343e-09,1.28530615e-11,1.3565951e-37,0.0,1.6333467e-19,3.4421098e-15
440000,365,248,0,2.619089e-09,2.8461946e-11,1.4139386e-18,7.2763845e-30,1.1394572e-14,6.3103394e-12
440000,362,87,0,2.2468847e-09,9.094659e-12,1.7445225e-14,8.0636746e-22,2.0577535e-21,1.6711646e-10
440000,215,62,0,2.1187416e-09,7.8648935e-11,4.3932007e-19,9.344436e-31,3.2409736e-15,2.6264035e-15
440000,194,265,0,2.1211064e-09,1.3477539e-14,2.1097673e-29,0.0,2.07538e-32,1.4501072e-15
440000,421,304,0,2.6060516e-09,1.073131e-11,3.0588823e-14,2.4786236e-20,1.05359715e-20,1.1120211e-11
440000,337,208,0,2.5100124e-09,1.2381359e-16,1.3616053e-12,6.2945354e-17,3.6694404e-20,1.5786766e-11
440000,298,431,0,2.3271518e-09,3.3595737e-11,8.083056e-15,3.0031772e-21,3.286964e-17,5.941911e-11
440000,56,375,0,1.9614308e-09,8.9625334e-13,3.308106e-11,2.651669e-13,7.852997e-15,2.2089566e-11
440000,130,263,0,2.4334517e-09,3.9056987e-12,1.3993975e-20,4.463255e-33,1.053968e-21,1.5588022e-18
440000,123,116,0,2.154077e-09,2.860134e-13,7.6236786e-23,3.097765e-39,4.7205178e-29,8.737595e-11
440000,322,97,0,2.8407154e-09,1.2874168e-12,4.6405875e-16,4.0079976e-24,2.0741921e-28,5.8681233e-11
440000,277,297,0,2.5014424e-09,8.568415e-17,2.838833e-11,2.4141564e-13,1.5239708e-14,4.769386e-12
440000,364,170,0,2.156043e-09,1.1530566e-11,7.2291595e-26,8e-45,1.7031093e-17,2.0776785e-11
440000,163,320,0,2.4102838e-09,1.008078e-11,6.1187717e-22,2.88131e-35,5.356247e-19,4.4697042e-13
440000,294,266,0,2.3178013e-09,4.490932e-16,0.0,0.0,2.2428e-41,3.2669728e-19
440000,388,286,0,2.5346694e-09,3.9646095e-12,6.5265784e-24,1.0750839e-38,2.0145413e-24,6.8650547e-15
440000,405,345,0,2.7357756e-09,5.192935e-11,6.2563956e-12,1.5211214e-15,1.1504104e-14,3.0669956e-11
440000,326,282,0,3.068122e-09,8.708337e-12,1.353968e-20,4.1701717e-32,2.9168792e-20,2.0395417e-14
440000,139,75,0,2.703865e-09,1.2757189e-11,2.4187282e-13,3.426492e-19,1.8227363e-22,1.0328893e-10
440000,121,57,0,2.4260094e-09,2.2170748e-11,1.2627232e-16,1.122282e-26,3.9798356e-18,5.8220312e-12
440000,420,320,0,3.3490117e-09,9.023171e-12,4.34522e-22,3.1738469e-38,9.2043376e-21,8.92825e-11
440000,99,66,0,2.2821185e-09,3.5741996e-11,7.519232e-20,1.1076649e-31,2.643392e-13,5.046696e-11
440000,412,276,0,2.1668922e-09,9.268595e-11,6.5055356e-14,1.8720522e-18,2.881138e-09,1.252698e-13
440000,339,358,0,2.2965145e-09,3.924538e-11,4.6402437e-32,0.0,4.2808918e-13,1.2539312e-12
440000,387,274,0,2.303413e-09,4.2941758e-11,6.150095e-14,1.5146472e-19,7.188932e-14,2.914574e-11
440000,289,134,0,2.401092e-09,1.3261236e-11,9.903637e-13,1.6424598e-17,6.125484e-19,3.7241083e-12
440000,336,222,0,2.3238798e-09,7.73343e-12,1.6724948e-18,4.1305973e-29,5.444425e-20,1.0331299e-11
440000,220,165,0,2.5065545e-09,5.063763e-12,1.0677895e-21,1.7871281e-33,2.3660115e-22,4.327536e-12
440000,145,269,0,2.5734228e-09,5.2935044e-13,1.1854145e-25,3e-44,2.2106305e-27,1.6832609e-13
440000,435,333,0,2.5316664e-09,1.808079e-12,4.2613e-24,2.82233e-40,1.1613597e-24,2.6389243e-11
440000,426,321,0,3.0293041e-09,1.0553067e-12,5.0346658e-20,7.6541e-33,8.643496e-28,7.4419595e-11
440000,282,294,0,2.5645637e-09,1.1941081e-15,5.844777e-16,1.7250376e-23,5.4457595e-29,2.5287517e-12
440000,325,84,0,3.249616e-09,3.7884778e-12,3.6468517e-15,1.02899427e-22,9.279071e-25,5.1403088e-12
440000,88,418,0,2.6752343e-09,5.9258497e-12,9.247856e-16,3.7158857e-22,2.116099e-25,3.8367916e-11
440000,265,402,0,2.2024271e-09,4.3916884e-12,9.257218e-13,5.1614823e-17,3.4196697e-20,1.13019136e-10
440000,323,357,0,2.1775204e-09,6.2868005e-14,3.4663708e-20,8.0121783e-32,7.167261e-34,7.7938364e-15
440000,293,324,0,3.83277e-09,4.2656788e-17,7e-45,0.0,0.0,2.7466699e-12
440000,277,366,0,2.1151167e-09,1.0377135e-12,3.1646117e-17,4.9217343e-26,1.3489188e-24,7.233455e-13
440000,223,104,0,2.0005162e-09,4.1856943e-12,3.5836262e-20,1.5121354e-31,1.0820433e-22,5.8258853e-12
440000,294,89,0,2.4325328e-09,6.136722e-11,4.627163e-19,6.66256e-29,9.395197e-13,6.307146e-12
440000,226,130,0,2.6965135e-09,1.7878968e-20,8.3831105e-24,2.22034e-40,0.0,6.447431e-12
440000,219,387,0,1.9819895e-09,5.1571127e-15,2.6440888e-22,1.3522121e-37,7.606e-42,7.14882e-11
440000,104,275,0,2.3532298e-09,1.8812874e-12,5.909646e-22,3.837711e-37,1.5430956e-28,1.11849635e-11
440000,224,227,0,2.0735076e-09,9.933259e-12,5.940501e-16,1.7007426e-22,1.4169468e-18,5.008261e-16
440000,64,251,0,2.3805193e-09,1.7257033e-10,1.3224102e-11,2.8352505e-14,3.37217e-12,3.0902128e-11
440000,91,307,0,2.0201776e-09,2.611958e-13,1.2944029e-11,2.5946882e-14,2.3518508e-16,1.436602e-12
440000,354,132,0,2.1819386e-09,2.4659625e-11,9.260154e-26,6e-45,1.4899494e-15,5.72492e-15
440000,420,225,0,2.0264745e-09,8.923342e-12,9.010229e-13,1.3587072e-17,2.6429499e-21,2.3231379e-11
440000,324,374,0,2.3805413e-09,4.3737895e-11,6.302977e-19,4.1963497e-30,3.9862294e-15,3.8917217e-11
440000,65,425,0,2.1194284e-09,1.271e-10,5.3264595e-22,1.9888817e-37,4.7237447e-13,1.5024233e-10
440000,388,441,0,2.2903763e-09,6.821696e-11,3.0413935e-11,1.9412294e-13,6.453236e-15,3.8646855e-10
440000,137,418,0,2.0011555e-09,4.623167e-11,9.02161e-12,8.654861e-15,4.0723376e-14,6.120994e-11
440000,439,315,0,2.5975293e-09,1.7934944e-12,5.770069e-18,6.909096e-30,1.0666194e-25,3.124624e-11
440000,73,303,0,2.1687436e-09,1.9457745e-12,2.3125118e-22,1.7524857e-35,9.794429e-25,4.490035e-11
440000,355,97,0,2.4326021e-09,5.9969412e-12,6.171871e-21,1.7788907e-33,2.758343e-21,1.1626722e-10
440000,115,98,0,2.4078706e-09,2.193557e-12,1.9981164e-11,4.6694782e-14,4.1718578e-16,4.296141e-12
440000,184,444,0,1.9766608e-09,6.484169e-11,1.0308626e-19,5.46085e-29,3.9912442e-15,3.178721e-11
440000,376,74,0,2.6302738e-09,9.550005e-12,9.827914e-16,5.901709e-23,6.462076e-20,8.095639e-11
440000,199,167,0,2.2223126e-09,7.4233176e-13,1.9843155e-24,6.18072e-40,9.128552e-27,8.924665e-11
440000,98,361,0,2.1800113e-09,5.317535e-12,3.289795e-17,5.3809706e-26,1.961453e-22,9.044867e-11
440000,326,325,0,2.6868803e-09,2.7050641e-14,1.0768678e-29,0.0,1.6287582e-35,4.3023798e-15
440000,447,421,0,2.290827e-09,7.684778e-11,4.1368194e-19,3.4672833e-31,3.0948063e-14,3.9838033e-12
440000,329,146,0,2.028777e-09,1.0018136e-11,1.464e-42,0.0,4.996887e-20,1.4857464e-12
440000,143,183,0,2.3194475e-09,6.8986906e-11,0.0,0.0,2.0521213e-10,3.6246704e-11
440000,202,283,0,2.3361943e-09,3.0564657e-12,1.6384e-41,0.0,5.756019e-26,6.674059e-12
440000,145,148,0,2.367639e-09,7.9445435e-12,1.9410565e-23,1.4117933e-35,5.933282e-21,2.767716e-13
440000,317,381,0,2.3885736e-09,2.6227008e-11,3.5926706e-14,5.432522e-21,2.4913754e-17,7.997959e-12
440000,371,379,0,2.324858e-09,2.5866154e-12,2.2832113e-13,2.7712794e-19,5.3458295e-24,1.4646136e-10
440000,127,60,0,2.9050595e-09,8.5241536e-11,1.3356336e-12,1.0870516e-16,4.2833982e-13,3.944772e-11
440000,126,297,0,2.1771402e-09,7.232476e-14,6.123873e-22,9.1759887e-35,4.21624e-32,6.631451e-11
440000,386,342,0,2.5859823e-09,5.1463955e-12,1.764295e-11,3.514166e-14,6.3181193e-16,5.100512e-11
440000,315,230,0,2.045772e-09,3.876038e-13,3.3274347e-34,0.0,4.750775e-24,2.5223311e-17
440000,231,119,0,2.1668265e-09,6.4301494e-17,4.38306e-22,6.0499824e-35,1.7e-44,1.0986323e-10
440000,121,404,0,2.1260378e-09,3.603072e-11,4.858632e-14,7.251227e-21,1.13958e-16,1.7751171e-10
440000,411,95,0,2.18932e-09,7.2996244e-12,1.0450181e-18,1.5809366e-29,1.1870109e-22,8.4506464e-11
440000,231,331,0,2.3128734e-09,5.0029256e-14,1.7736203e-25,4.028789e-39,7.8477413e-32,1.3571611e-15
440000,58,107,0,2.2425526e-09,6.732507e-11,4.6090794e-15,1.3832962e-21,3.3921685e-15,2.3888458e-10
440000,194,90,0,2.018166e-09,4.602386e-12,1.0303646e-23,6.7824e-41,2.0670552e-23,2.002981e-11
440000,341,233,0,2.408752e-09,9.653976e-12,8.1302245e-23,1.1994304e-37,1.1217212e-22,3.9332475e-11
440000,359,106,0,2.428863e-09,1.8002771e-11,2.9727803e-29,0.0,2.8595926e-19,1.0973765e-10
440000,405,304,0,2.578484e-09,8.84277e-13,2.8153673e-27,6e-45,2.985749e-28,1.07052076e-13
440000,132,253,0,2.3201758e-09,6.242573e-11,4.465334e-29,0.0,3.1093696e-13,8.7709804e-15
440000,126,223,0,2.686893e-09,1.7557102e-11,5.4760156e-16,7.344912e-25,1.04990694e-19,7.737958e-12
440000,136,144,0,2.4156284e-09,1.0835912e-12,3.6174636e-17,1.2410461e-25,3.345846e-28,1.4494709e-11
440000,82,276,0,3.532025e-09,5.3763686e-12,2.0888647e-18,4.437552e-30,1.739132e-23,6.0098133e-12
440000,344,328,0,2.250014e-09,3.2927972e-12,2.1556284e-26,6e-45,9.272046e-26,2.1050005e-11
440000,109,221,0,2.3184048e-09,8.49838e-12,3.689906e-24,6.22158e-40,6.924786e-21,4.9862915e-15
440000,411,66,0,1.98482e-09,3.804591e-11,4.2816525e-19,1.6596713e-28,9.851639e-13,1.1961232e-10
440000,435,180,0,2.2940725e-09,5.02287e-13,1.1098615e-16,9.28703e-27,1.1156021e-28,2.8249526e-14
440000,129,183,0,2.3368145e-09,4.1750287e-11,3.99737e-40,0.0,6.1957535e-13,3.3461036e-12
440000,168,152,0,1.9999746e-09,3.335242e-11,7.500606e-26,1.5e-44,2.1317305e-16,3.2550176e-12
440000,401,103,0,2.9540808e-09,1.81515e-11,1.0017217e-17,4.2272414e-27,3.8927384e-16,5.95291e-12
440000,287,82,0,2.1838515e-09,2.2098746e-11,1.7835679e-19,2.4285223e-29,3.7248515e-17,1.6514479e-10
440000,100,131,0,1.9843063e-09,1.874863e-11,2.1104389e-11,6.081247e-14,5.900915e-16,1.7506274e-11
440000,422,290,0,2.1005861e-09,4.1785058e-11,5.7257462e-21,9.969929e-36,2.0831975e-17,3.2651697e-11
440000,313,403,0,2.0979336e-09,2.7845061e-11,1.1519297e-16,7.4237244e-25,9.037289e-18,5.643943e-11
440000,332,234,0,3.4656993e-09,7.1721906e-11,5.523194e-29,0.0,4.7642754e-14,1.0901831e-10
440000,172,101,0,2.313262e-09,1.2088884e-18,1.4736893e-13,2.5524405e-19,1.1841655e-23,9.427523e-11
440000,386,433,0,2.7783305e-09,5.392137e-11,8.4975966e-13,4.3771582e-17,7.551258e-15,5.1719588e-12
440000,330,69,0,2.237124e-09,3.5286398e-13,7.846983e-16,1.0995522e-24,1.3126657e-31,3.8912983e-12
440000,410,162,0,2.3133737e-09,3.345489e-11,1.1625885e-23,6.65753e-39,2.6729086e-09,1.1878119e-12
440000,97,72,0,2.2824072e-09,3.970831e-11,1.3742923e-19,1.9705272e-32,1.33771045e-17,1.2888533e-10
440000,111,305,0,2.1459357e-09,5.9201065e-16,1.4950642e-22,1.7044139e-36,1e-44,4.4540576e-11
440000,303,444,0,2.2015407e-09,6.590269e-11,5.1997135e-12,5.4875275e-15,3.80305e-15,4.0352655e-11
440000,6,495,0,-2.7038844e-12,3.0530736e-10,7.1970695e-15,9.930348e-23,3.434889e-09,2.3730037e-10
440000,233,111,0,3.202451e-10,2.2719386e-09,4.3368826e-19,1.8834429e-30,4.1188084e-09,1.9338703e-11
440000,241,226,0,1.8682214e-10,7.4576975e-14,3.3909605e-12,2.2838719e-15,3.070147e-17,4.2400593e-15
440000,175,296,0,5.8048416e-10,2.2952429e-09,8.709989e-15,1.5405262e-21,4.118809e-09,1.4388408e-11
440000,195,499,0,-1.4677452e-11,2.5247742e-09,1.3977944e-12,2.2039413e-17,4.128751e-09,7.8389774e-11
440000,207,387,0,1.3943156e-10,2.3115045e-12,5.406985e-27,6e-45,7.712044e-22,2.594601e-10
440000,397,396,0,4.1449494e-10,2.311936e-09,1.7192996e-23,5.4435933e-38,4.1193764e-09,4.9252883e-11
440000,388,145,0,6.687019e-10,2.2792412e-09,5.4383532e-17,4.2761826e-26,4.1188084e-09,9.735741e-12
440000,492,21,0,-1.2796e-11,2.4037166e-09,2.3411735e-14,1.2038396e-21,6.969025e-09,2.4605307e-10
440000,282,231,0,2.8368197e-10,3.4248371e-15,0.0,0.0,1.845e-41,2.2303493e-13
440000,388,453,0,1.0461229e-10,2.308898e-09,8.0962696e-15,3.0032418e-21,4.118809e-09,9.800177e-12
440000,320,221,0,2.821062e-10,2.279793e-09,8.3265095e-23,2.9820265e-38,4.1188084e-09,3.173165e-11
440000,3,234,0,-1.1872626e-11,2.3132616e-09,6.3771614e-12,2.0983393e-15,4.1188084e-09,1.9947825e-11
440000,230,29,0,-1.1304566e-11,2.2986368e-09,3.1840548e-11,2.842948e-13,4.118823e-09,9.60443e-11
440000,358,451,0,-8.579179e-12,2.2882083e-09,1.1466481e-12,3.5614073e-17,4.1188084e-09,7.379189e-11
440000,129,156,0,2.187971e-10,2.8911572e-14,4.4787965e-14,4.369963e-19,1.6932518e-22,2.1571028e-11
440000,189,300,0,1.665113e-10,2.4546936e-12,3.88584e-17,2.2385018e-25,3.653665e-26,7.5964555e-13
440000,417,369,0,1.8693286e-10,1.3569655e-11,2.2956453e-14,3.1483968e-20,3.2057762e-22,3.58872e-11
440000,54,382,0,2.5116847e-10,3.6163125e-11,1.9709248e-11,1.9953066e-14,8.5284774e-13,4.0129417e-11
440000,66,77,0,2.5843078e-10,2.4309063e-11,9.763427e-13,3.3814005e-17,4.2930755e-13,5.8473115e-11
440000,54,128,0,6.789557e-11,1.4514093e-11,4.0846545e-11,5.124564e-13,1.7062638e-14,1.08951084e-10
440000,260,389,0,3.4147266e-10,3.7287853e-11,2.0693477e-23,5.32765e-40,6.503853e-15,2.1561813e-12
440000,0,420,0,-1.1868678e-12,1.2739523e-11,2.885997e-16,3.2291264e-25,2.1981714e-22,1.1653326e-10
440000,456,468,0,-4.4337908e-13,2.5631953e-11,7.99624e-13,6.0834498e-18,1.8954279e-16,1.6518131e-10
440000,138,312,0,7.318145e-10,3.064564e-14,1.3233376e-19,3.8108845e-32,6.7113e-36,5.2970883e-12
440000,107,491,0,-7.633167e-13,4.8565246e-11,1.4882613e-14,1.7892708e-20,2.5399411e-14,1.8013624e-10
440000,0,202,0,-6.1268807e-13,2.2356767e-11,3.8514514e-16,8.1301913e-25,4.1870177e-20,2.2618156e-11
440000,9,91,0,-1.1536671e-12,1.12429566e-10,2.0438849e-11,9.059057e-14,1.2175737e-13,3.4860382e-11
440000,228,332,0,1.0597297e-09,7.789121e-13,4.7595597e-25,1.27795e-39,2.6415047e-26,6.6045344e-15
440000,163,246,0,3.9217035e-10,8.847157e-14,6.570778e-32,0.0,1.4978438e-30,7.853163e-11
440000,147,135,0,2.1897618e-10,4.5574978e-11,8.688448e-14,1.2913162e-19,1.1234911e-16,2.8190455e-11
440000,216,453,0,6.012168e-11,3.4880154e-11,4.553353e-13,9.028901e-18,2.8492247e-18,1.5447659e-11
440000,245,371,0,4.3972867e-11,3.157733e-11,7.27808e-20,2.1811268e-32,3.2475943e-19,1.023976e-11
440000,148,215,0,3.2670097e-10,1.3454398e-12,6.7736275e-24,3.9504e-41,3.4915558e-27,1.2941605e-11
440000,208,295,0,3.4315345e-10,8.715861e-12,1.9635735e-31,0.0,2.9168792e-20,1.236168e-15
440000,455,225,0,1.7274918e-11,1.5674765e-13,7.692742e-12,3.5334382e-15,8.909746e-18,5.0517186e-12
440000,41,38,0,-8.585667e-13,3.7744512e-11,2.393192e-13,3.426268e-19,5.6771947e-17,6.744575e-10
440000,380,62,0,1.1719021e-09,8.57737e-12,3.0106397e-14,1.6867187e-20,1.6725544e-20,1.0763296e-10
440000,297,266,0,9.110921e-10,1.4815692e-14,0.0,0.0,9.431492e-35,9.555476e-18
440000,148,43,0,1.1266876e-10,9.373534e-12,1.3097497e-12,4.6878086e-17,1.0618552e-19,1.6853761e-10
440000,383,143,0,6.2639666e-10,2.794011e-12,7.7178424e-18,7.6405974e-29,4.1728284e-27,5.001636e-12
440000,273,418,0,1.667122e-10,1.3301426e-11,1.9576746e-15,8.920331e-22,1.3894725e-21,6.9382985e-11
440000,324,131,0,2.0696596e-10,2.4126645e-11,2.7722574e-38,0.0,3.3953045e-14,4.752871e-13
440000,409,43,0,1.9891757e-11,1.29558395e-11,1.0149217e-10,1.7404782e-11,6.5517552e-12,2.0416555e-10
440000,363,322,0,7.373723e-11,5.3118433e-11,3.00987e-16,3.6908793e-25,1.1644368e-14,8.862487e-12
440000,484,433,0,-1.0815086e-12,8.270688e-11,3.8688875e-11,1.0006176e-12,2.9677084e-11,1.4976133e-10
440000,274,276,0,1.808916e-10,3.1400395e-17,3.6923601e-28,2.45e-43,0.0,1.6381539e-22
440000,70,2,0,-1.1701276e-12,7.5183755e-11,3.9333896e-12,2.9514092e-15,6.196129e-13,2.4260446e-10
440000,78,2,0,-1.4512134e-12,9.9484795e-11,1.7672455e-15,4.932728e-23,5.1988193e-13,8.2271724e-11
440000,377,161,0,6.862619e-10,8.965856e-12,2.7236692e-12,2.7851875e-16,2.2931932e-16,5.4226285e-13
440000,320,51,0,2.7839847e-10,8.5156856e-12,5.9217984e-19,2.7574123e-31,6.3650535e-19,8.043765e-11
440000,183,126,0,1.3252091e-10,5.4634186e-11,1.2547458e-15,7.110169e-24,5.681831e-13,1.4169211e-11
440000,291,66,0,8.1531525e-11,9.2092245e-12,2.137403e-25,2.3301e-41,6.466833e-23,3.186066e-11
440000,460,177,0,2.4659e-11,1.145798e-10,1.6690303e-14,3.395065e-21,1.539348e-10,1.728934e-10
440000,464,429,0,4.4265935e-11,4.540017e-11,1.28971795e-14,4.766193e-22,6.12764e-14,1.8789141e-10
440000,260,172,0,4.4212167e-10,1.1396945e-14,1e-45,0.0,5.0051404e-37,2.2698545e-14
440000,56,482,0,-1.363472e-12,5.6145675e-11,4.3419608e-11,1.215942e-13,4.2517994e-14,1.9246886e-10
440000,262,51,0,1.4401999e-11,1.094782e-10,3.4823864e-19,3.0384161e-30,1.1999529e-10,8.474165e-11
440000,418,386,0,4.0873013e-11,1.6155112e-11,9.074867e-18,4.898224e-28,1.04560424e-19,4.1900195e-11
440000,364,483,0,-1.1514191e-12,4.2269868e-11,1.3333255e-12,4.4828984e-17,8.4014985e-16,6.189621e-11
440000,82,467,0,4.9049566e-13,4.780978e-11,1.1794136e-12,8.189886e-17,2.533523e-10,1.6685503e-10
440000,69,261,0,5.2679694e-10,5.584115e-12,1.13767626e-17,2.8385149e-27,1.4025684e-24,2.2210338e-10
440000,228,257,0,1.6047795e-10,1.1890406e-13,0.0,0.0,2.6956047e-30,5.6582538e-15
440000,395,464,0,4.446734e-12,8.490404e-11,7.11228e-11,9.445656e-12,1.5563053e-11,2.823006e-10
440000,138,302,0,4.5113754e-10,2.202672e-11,3.1921143e-28,0.0,9.037274e-18,1.7587027e-11
440000,333,178,0,3.546933e-10,1.2821888e-12,1.6250797e-37,0.0,1.6368405e-27,8.233102e-13
440000,154,196,0,3.7960898e-10,1.3898902e-11,6e-45,0.0,1.2442873e-21,2.2898938e-13
440000,219,381,0,3.721643e-10,4.694763e-13,6.302738e-19,4.1963497e-30,1.0458238e-29,1.4638768e-10
440000,493,100,0,-6.583694e-13,6.148124e-11,6.591595e-15,1.031594e-21,2.6309576e-11,3.9662315e-11
440000,413,292,0,4.3257542e-10,3.8528885e-11,1.9126576e-25,3.6416e-40,8.665242e-16,2.0972685e-10
440000,205,484,0,-8.395652e-13,2.7645239e-11,1.6144263e-14,6.1435366e-21,1.5405633e-19,2.0988389e-10
440000,4,105,0,-7.501594e-13,4.382942e-11,1.197807e-16,1.5287636e-25,2.5379101e-14,1.9120647e-10
440000,23,127,0,-7.276581e-13,8.909782e-12,9.2183566e-11,1.4040054e-12,1.0374122e-13,7.978977e-12
440000,111,24,0,-6.5419295e-13,6.8746904e-11,2.6430869e-14,1.5311618e-21,1.6313028e-13,2.0120505e-10
440000,337,317,0,4.4597476e-10,3.2285853e-14,8.054668e-33,0.0,6.0916585e-38,1.30222235e-14
440000,3,115,0,-1.0266533e-12,8.9351214e-11,1.5839648e-18,1.3812448e-29,8.388473e-14,2.112426e-12
440000,361,447,0,4.835767e-12,3.3010573e-11,6.292271e-13,4.7968613e-18,4.8225177e-14,6.41728e-11
440000,223,64,0,2.5131838e-10,3.1216058e-11,1.3705627e-12,3.481404e-17,2.9299346e-15,6.310768e-13
440000,55,297,0,1.4682851e-10,6.530274e-11,4.2026586e-19,8.238862e-30,2.375142e-10,1.1809739e-10
440000,203,54,0,5.48973e-10,8.1145035e-11,3.360063e-18,1.3848383e-27,3.8393188e-11,4.564086e-10
440000,219,396,0,1.9788302e-10,4.078716e-12,8.661351e-22,2.4586167e-37,1.1832938e-22,4.1405178e-11
440000,424,52,0,5.684389e-10,5.7967107e-11,2.7653416e-12,2.7852492e-16,5.567964e-15,9.564806e-11
440000,329,318,0,1.2042604e-09,2.2711071e-12,6.89095e-39,0.0,6.264452e-25,1.6492415e-15
440000,105,84,0,3.1887032e-10,8.096179e-11,4.0936917e-11,4.817351e-13,7.440002e-12,1.2391228e-11
440000,459,84,0,8.40684e-11,6.742801e-11,6.374429e-13,2.5706462e-17,2.4565328e-10,2.081171e-10
440000,116,495,0,-1.4083279e-12,9.960682e-11,3.982888e-12,1.0968207e-15,5.577718e-14,1.0407027e-10
440000,251,320,0,2.4816382e-10,1.3773929e-10,1e-45,0.0,9.754205e-11,2.6107903e-13
440000,327,301,0,8.759149e-10,4.6292244e-11,4.7960144e-33,0.0,3.1091799e-13,8.1854006e-13
440000,308,400,0,5.594193e-10,1.257203e-10,3.8377057e-19,2.7034378e-30,7.6075315e-14,1.02447086e-10
440000,325,117,0,8.238639e-10,1.6288016e-12,7.4850667e-32,0.0,2.5150918e-27,3.3262112e-11
440000,227,454,0,3.9769868e-11,4.9151475e-11,1.14704274e-10,5.3215665e-12,2.6564707e-11,2.0339934e-12
440000,490,344,0,-6.303233e-13,1.5611795e-11,1.364449e-10,5.7627427e-11,6.531227e-11,1.06723956e-10
440000,238,252,0,1.2392472e-10,8.2614e-19,2.0852005e-36,0.0,0.0,8.2925775e-16
440000,186,56,0,3.6125766e-10,4.786987e-11,2.2048854e-22,8.785267e-34,3.399556e-14,3.5895618e-12
440000,113,162,0,6.622049e-11,2.4198473e-11,4.2736634e-13,1.6801026e-18,8.22622e-18,2.082915e-10
440000,377,160,0,6.1582506e-10,4.6914903e-12,4.2560105e-12,1.6185034e-15,6.8988096e-18,6.9528134e-13
440000,204,199,0,6.5067715e-11,3.475854e-11,1.0147476e-12,2.7651607e-17,2.4955615e-10,1.2013468e-10
440000,109,298,0,5.797312e-10,2.407339e-13,1.0312923e-21,4.532613e-36,1.6577203e-29,9.5939874e-11
440000,177,43,0,1.8417993e-11,4.4634465e-12,5.5889267e-15,2.5486922e-22,1.00287584e-22,5.2741693e-11
440000,270,177,0,9.0590846e-10,1.016472e-10,3.4e-44,0.0,3.8067084e-12,3.0754607e-11
440000,417,54,0,1.991981e-10,8.62544e-11,9.367864e-12,6.8260276e-15,2.6180169e-14,1.5512089e-10
440000,210,322,0,4.228494e-10,4.1901305e-11,1.4463108e-30,0.0,1.7815747e-16,1.8194762e-20
440000,167,347,0,1.4923857e-10,1.2632171e-12,8.298536e-12,4.465899e-15,1.1904272e-17,4.678758e-12
440000,20,255,0,-1.1827113e-12,1.4077788e-10,3.1055022e-13,4.1581343e-19,1.0308305e-11,5.2199577e-12
440000,475,42,0,-1.1797038e-12,4.321536e-11,1.1452538e-12,8.677575e-18,2.8520448e-13,8.8547294e-11
440000,426,192,0,8.608525e-11,3.6473446e-11,1.0368706e-15,7.041726e-25,6.1957535e-13,1.4255871e-11
440000,273,67,0,3.185927e-10,5.8978156e-11,8.065578e-17,4.6392165e-25,2.707224e-14,1.7223802e-11
440000,286,307,0,9.501432e-10,5.1613328e-11,3.6826547e-24,2.129521e-39,1.8813323e-13,1.0986318e-11
440000,76,315,0,4.0977485e-10,3.051164e-15,6.903685e-18,8.521973e-27,2.3695244e-33,6.925167e-13
440000,216,87,0,3.9023295e-11,1.6630556e-11,2.8960532e-23,7.19323e-40,5.497858e-19,3.191365e-11
440000,159,219,0,1.7941901e-10,3.267023e-11,1.1490454e-30,0.0,7.308704e-13,3.1636748e-12
440000,350,326,0,3.944685e-10,9.691332e-12,2.382457e-22,7.742284e-38,4.0631683e-19,1.3529714e-12
440000,416,75,0,1.8619291e-10,5.8656808e-12,3.634585e-10,4.157429e-11,2.51127e-11,3.2269833e-11
440000,285,452,0,1.6327771e-10,6.0394766e-12,2.7086013e-13,1.2553764e-18,3.2238769e-22,5.748602e-11
440000,360,307,0,1.4462548e-10,3.1146905e-11,3.080467e-11,2.1089383e-13,6.0140817e-15,2.0617762e-15
440000,408,418,0,3.799234e-10,3.3085045e-11,4.2203682e-22,9.756197e-35,2.60626e-10,1.4646624e-10
440000,255,141,0,1.1715094e-10,1.6920517e-16,2.1130258e-17,4.4130127e-27,1.5047297e-34,6.4551264e-12
440000,288,76,0,4.4078613e-10,5.0962224e-11,3.457148e-26,4.9827e-41,6.127536e-14,2.684093e-11
440000,103,241,0,1.0388509e-09,1.8431567e-11,3.7210953e-25,1.65e-43,1.4256218e-14,1.4644167e-12
440000,420,370,0,2.9977026e-10,2.5562105e-11,3.830247e-14,5.5926836e-21,5.6480003e-16,9.815119e-12
440000,445,31,0,5.958267e-12,6.034223e-11,4.4963927e-13,1.8982263e-17,1.1174024e-15,5.307606e-10
440000,312,319,0,6.15874e-10,4.98256e-16,8.353509e-35,0.0,0.0,9.0462035e-15
440000,312,201,0,4.0083703e-10,6.9087043e-13,2.3093487e-28,0.0,2.5307886e-24,5.149064e-15
440000,410,277,0,9.939712e-10,1.066504e-10,1.1197881e-15,5.251507e-21,1.2626711e-12,7.181279e-13
440000,367,377,0,7.6741846e-10,4.6686886e-12,6.927131e-15,2.897191e-22,2.6946413e-23,2.3558044e-11
440000,277,241,0,3.5563008e-10,6.491435e-16,0.0,0.0,0.0,8.21767e-12
440000,22,233,0,-1.2289871e-12,5.222981e-11,5.771557e-15,8.0421996e-23,2.9449284e-15,4.6489337e-11
440000,199,252,0,1.2022348e-09,2.7096247e-11,8.48e-43,0.0,4.260145e-16,5.7725595e-11
440000,258,223,0,5.1844884e-10,1.0613184e-12,2.1006833e-29,1e-45,2.5330195e-29,8.314816e-13
440000,27,284,0,1.507672e-12,3.8098198e-11,3.453877e-11,2.8440168e-13,1.0330846e-14,2.4273607e-11
440000,154,180,0,2.735848e-10,1.5667561e-11,0.0,0.0,1.7502725e-17,2.0474712e-11
440000,68,224,0,5.173239e-10,5.6728452e-11,7.086431e-11,9.862826e-13,7.144345e-14,5.4324687e-11
440000,421,405,0,1.214564e-10,2.2009361e-11,1.1192116e-12,1.9735004e-17,1.1688222e-16,2.5702965e-10
440000,447,417,0,7.1059975e-10,6.885528e-11,3.3745965e-16,2.0615508e-25,2.951844e-13,3.4824019e-12
440000,27,237,0,-1.0302506e-12,2.1244725e-10,5.1935123e-12,2.7866852e-15,2.0574907e-12,7.5456e-12
440000,403,91,0,4.57768e-10,4.4280017e-11,2.0560213e-22,1.6947468e-36,1.7202262e-15,2.3379373e-11
440000,157,126,0,7.026715e-10,2.2928756e-11,4.443881e-17,2.7366376e-27,1.9982032e-18,3.6547283e-11
440000,163,226,0,2.7469457e-10,3.212129e-11,7.0710564e-32,0.0,1.0782307e-11,5.5532917e-14
440000,278,418,0,1.7819567e-10,2.7839144e-11,9.082272e-12,1.9216316e-14,3.7594615e-14,4.7714187e-11
440000,112,391,0,1.4174708e-09,4.2658873e-11,7.5068673e-13,7.395318e-18,1.4974717e-14,9.784975e-12
440000,135,0,0,-1.5923583e-12,1.1236092e-10,1.2496984e-12,6.340681e-17,5.1456537e-16,6.2736123e-13
440000,479,454,0,-1.638902e-12,2.3696697e-10,1.3633877e-10,1.3397058e-11,1.9454052e-10,8.568064e-11
440000,408,37,0,5.469141e-12,8.6761934e-12,8.0684466e-11,3.0981977e-12,3.5904613e-13,3.1262226e-09
440000,309,94,0,5.5190225e-10,3.361614e-11,6.1052204e-25,1.959e-42,2.5335228e-10,3.5237417e-11
440000,488,83,0,-6.300197e-13,3.9087244e-11,7.1180262e-12,9.766928e-16,1.0553882e-12,3.0666825e-09
440000,51,342,0,8.927996e-12,2.2502754e-10,1.4537269e-13,1.4091472e-18,3.7583634e-09,3.1533267e-09
440000,283,132,0,6.110945e-10,3.1578108e-11,3.7128697e-17,1.8987974e-27,7.308704e-13,2.9888099e-09
440000,177,209,0,4.3329848e-10,2.5261564e-12,4.5201776e-37,0.0,8.894168e-24,3.0540248e-09
440000,390,346,0,1.3979443e-09,7.1699153e-12,1.7641624e-11,3.514166e-14,6.318128e-16,1.10694865e-11
440000,449,341,0,1.5472806e-10,1.0387017e-11,1.8063531e-19,2.8883216e-32,2.494595e-18,1.4131993e-10
440000,169,226,0,6.2787536e-10,3.60518e-11,4.4036617e-38,0.0,8.049872e-15,4.6542517e-13
440000,416,298,0,7.3860584e-10,1.7064315e-11,1.04011616e-19,4.379856e-33,9.000745e-19,5.4416065e-11
440000,360,452,0,1.3621158e-12,2.407845e-11,1.3983825e-11,3.634433e-14,5.404253e-16,2.7087227e-10
440000,324,142,0,3.487936e-10,1.6799645e-11,1.9287818e-36,0.0,4.8854313e-17,5.2846457e-14
440000,480,57,0,-1.2000201e-12,4.4932644e-11,6.105465e-11,3.4139983e-12,4.3045203e-13,8.603625e-10
440000,165,418,0,1.3781339e-10,5.300876e-11,1.23516475e-20,2.7780104e-34,2.6349427e-15,3.923538e-11
440000,94,256,0,1.2587144e-09,6.239393e-11,1.6659111e-17,2.6401685e-28,1.1943186e-13,8.734534e-12
440000,245,332,0,2.1417926e-10,3.8647537e-11,3.271737e-32,0.0,1.4579939e-15,1.0083157e-11
440000,330,79,0,8.1802626e-10,1.08786044e-11,7.2261634e-15,2.3022412e-22,7.2970505e-21,9.682904e-11
440000,56,340,0,3.0533298e-11,7.316469e-11,3.5615287e-17,1.3252216e-26,1.9244495e-14,2.7919654e-11
440000,354,202,0,6.3879096e-10,1.5941614e-12,8.0986083e-25,1.8623e-41,2.5150918e-27,2.731416e-11
440000,332,406,0,1.6049022e-10,8.948625e-11,2.5496196e-15,2.3016427e-22,6.8633536e-12,5.6765148e-11
440000,9,2,0,-3.3522715e-13,5.4794724e-11,7.945676e-12,2.7887666e-15,2.4437716e-13,3.1216227e-09
440000,179,437,0,2.2659787e-10,2.8101637e-11,1.1697489e-14,5.055761e-22,5.674872e-17,1.1817361e-10
440000,42,80,0,1.1477135e-10,9.9563344e-11,3.7637966e-12,2.6240265e-15,2.3326657e-10,3.085116e-09
440000,162,32,0,4.2249225e-12,1.7979071e-12,6.3568824e-11,6.3218246e-13,3.926168e-14,6.6695434e-11
440000,318,335,0,3.4480868e-10,3.4046883e-11,1.3150873e-16,1.12726646e-23,7.780179e-16,1.1851616e-18
440000,72,55,0,4.1817194e-10,6.4468396e-11,8.364135e-18,5.976051e-29,8.044921e-12,6.33169e-11
440000,148,19,0,-7.149375e-13,1.0171204e-10,1.6881277e-13,3.825698e-18,6.8196994e-14,6.5676067e-12
440000,25,79,0,1.1088192e-12,5.986249e-11,1.2710037e-12,3.8967624e-16,4.3242546e-18,1.5907091e-10
440000,74,280,0,1.2692588e-09,5.1861973e-11,1.78928e-22,4.562406e-37,7.1799884e-12,6.214695e-11
440000,479,30,0,-1.1814957e-12,6.9272595e-11,1.4151121e-11,5.491876e-14,2.3399834e-11,4.019724e-10
440000,417,281,0,4.574091e-10,8.667567e-11,1.2736548e-12,8.654159e-16,8.5279467e-13,1.1519655e-12
440000,161,366,0,2.8505288e-11,1.1823253e-11,3.5457133e-17,1.19229246e-26,8.3494635e-20,3.6824502e-10
440000,389,279,0,1.036436e-09,4.1472367e-11,4.3496544e-18,1.9412039e-28,5.9768e-15,1.1633894e-12
440000,216,37,0,2.7005082e-11,6.3712195e-11,4.8784685e-13,1.0430076e-17,2.962603e-15,2.7766466e-11
440000,293,320,0,2.0919209e-09,4.2887853e-15,4.357e-42,0.0,5.90724e-40,1.0181156e-11
440000,414,195,0,6.828462e-11,4.275381e-11,3.4116846e-16,2.6092827e-24,7.5233136e-17,2.4529219e-11
440000,395,97,0,9.744847e-10,1.6312432e-11,2.2785273e-14,3.1483926e-20,9.02263e-17,3.0068574e-09
440000,232,312,0,3.1716577e-10,4.5572294e-16,1.8291515e-23,3.7129048e-35,7.1570013e-38,2.9887879e-09
440000,326,438,0,3.0067165e-10,7.083549e-11,6.782381e-16,7.123589e-24,5.0402696e-14,3.0397531e-09
440000,193,443,0,2.6774796e-10,3.6304182e-11,1.0958957e-17,1.4928618e-28,2.5070362e-18,2.2040103e-10
440000,356,391,0,2.1793942e-10,2.29281e-09,1.0245885e-20,2.9478307e-33,4.1188084e-09,7.5485354e-13
440000,346,285,0,3.7386652e-10,4.5902774e-12,4.9357962e-14,1.9438572e-20,4.488954e-22,5.823029e-11
440000,438,379,0,8.129965e-10,4.353827e-11,8.854344e-12,5.5593017e-15,1.8728638e-11,2.6973168e-11
440000,66,215,0,7.24718e-10,5.3191857e-11,9.973654e-14,7.6225557e-19,2.0576924e-14,2.2847547e-11
440000,475,142,0,-4.1142263e-13,5.6615376e-11,1.6114575e-11,1.0323655e-13,3.1152348e-13,1.00095085e-10
440000,89,374,0,8.736194e-10,7.508752e-12,4.49691e-16,7.610927e-24,1.1316366e-22,9.115542e-11
440000,130,129,0,1.839227e-10,1.7064379e-15,1.0505566e-19,1.4588122e-29,1.25524505e-36,7.549804e-14
440000,469,236,0,4.143153e-12,1.197629e-11,9.05342e-11,2.2007363e-12,3.955869e-13,1.2745115e-12
440000,437,270,0,4.3120982e-10,7.817707e-12,4.8726386e-20,9.233983e-32,1.0759392e-20,1.2886094e-12
440000,131,1,0,-1.5574553e-12,2.2264773e-10,1.1067188e-12,1.9732309e-17,9.754309e-11,1.0454899e-12
440000,432,390,0,6.949491e-11,6.5639064e-11,6.915881e-14,1.9987566e-20,2.0572414e-11,1.2187275e-10
440000,47,84,0,2.525496e-10,7.2715015e-11,1.9355995e-14,2.4323091e-20,9.388022e-12,8.603888e-12
440000,74,399,0,2.0464762e-10,7.1747316e-11,6.1864093e-15,1.8128146e-21,1.2800571e-14,7.652839e-11
440000,235,115,0,4.4412024e-10,6.0379036e-14,5.6256476e-19,3.987896e-30,1.22254855e-23,5.0073126e-11
440000,268,205,0,8.2572216e-10,1.01368e-11,0.0,0.0,2.0164714e-19,7.455011e-11
440000,448,446,0,3.508435e-10,7.1794536e-11,8.6122684e-17,7.865415e-26,2.621586e-10,3.0245346e-09
440000,444,443,0,8.594839e-10,6.738356e-11,3.830101e-13,1.3649345e-18,1.2229032e-16,3.0483165e-09
440000,62,258,0,1.0832143e-09,2.1526175e-11,9.134729e-16,2.0943154e-23,8.0080555e-19,3.0822858e-09
440000,126,471,0,4.3313871e-13,5.0348208e-11,1.1995783e-16,1.0684117e-26,7.4644013e-19,2.9910832e-09
440000,222,398,0,1.4363866e-10,1.5383599e-11,3.4221877e-22,2.0491612e-38,3.6426656e-20,3.0044094e-09
440000,248,495,0,-6.6939103e-13,2.3769839e-11,2.1178231e-11,6.6011094e-14,3.272968e-15,3.1490424e-09
440000,487,67,0,-8.545577e-13,1.08841124e-10,4.015676e-11,6.4167595e-13,2.2944778e-12,3.2425105e-09
440000,466,292,0,3.5972196e-13,2.2758e-11,6.809174e-11,2.4052758e-12,2.387591e-13,3.0814378e-09
440000,36,357,0,1.9861994e-12,4.5212296e-11,1.1898618e-10,1.549029e-11,5.4630987e-12,3.0384952e-09
440000,28,296,0,3.3274547e-13,5.7405854e-11,1.2314724e-15,9.0626494e-24,6.1957704e-13,3.049876e-09
440000,239,266,0,8.791533e-11,1.1522662e-20,0.0,0.0,0.0,2.9887863e-09
440000,451,292,0,2.0253391e-11,2.5557386e-11,6.0271157e-13,1.0457185e-17,2.6580041e-17,3.1593759e-09
440000,265,425,0,2.8880656e-10,6.1866026e-11,3.2083667e-22,1.4113881e-36,1.2706692e-11,3.0240679e-09
440000,214,416,0,5.8520094e-10,1.5001712e-11,7.4057253e-13,5.1431485e-18,1.4329858e-18,3.070151e-09
440000,187,194,0,7.951207e-10,1.1612193e-11,1.8240064e-17,6.688806e-28,3.8450767e-20,2.9889364e-09
440000,412,412,0,4.1792755e-10,5.3218468e-11,6.0023386e-16,7.4522036e-23,3.9857707e-15,3.0267298e-09
440000,472,69,0,1.6734215e-12,3.9905648e-11,1.0475205e-11,1.0305525e-14,8.974426e-16,2.3405014e-10
440000,11,208,0,-5.1896784e-13,1.5690796e-11,2.5846143e-11,9.645809e-14,2.1154298e-15,3.0187788e-09
440000,475,390,0,-5.203238e-13,2.087713e-11,6.3525784e-14,1.4412498e-20,7.396326e-19,3.0543637e-09
440000,402,214,0,1.6629033e-10,1.3016903e-13,5.255377e-13,2.496447e-18,1.5448393e-22,2.4396405e-11
440000,444,201,0,3.8017026e-10,9.434976e-12,1.9986032e-11,4.6694782e-14,4.171858e-16,3.0970753e-09
440000,189,262,0,5.301146e-10,7.3711805e-13,3.9531123e-26,8.8e-44,2.6542305e-25,1.4509811e-13
440000,204,328,0,8.3306273e-10,2.288064e-09,6.5653784e-33,0.0,4.1188084e-09,1.5710808e-17
440000,362,405,0,2.3417882e-10,3.6768947e-12,2.7468543e-19,5.955435e-28,4.666674e-24,1.4576093e-10
440000,395,339,0,1.0346168e-09,2.2939466e-09,3.0791247e-14,1.2357817e-20,4.1188084e-09,1.2245845e-12
440000,473,429,0,3.3632617e-12,8.985855e-12,3.012737e-17,9.0197054e-27,7.4917344e-23,3.1020294e-11
440000,63,307,0,4.245931e-10,2.3885727e-09,1.8086432e-25,3.6474e-41,4.119437e-09,8.880543e-12
440000,279,437,0,3.498145e-10,2.2944073e-09,4.5414275e-13,2.4240445e-18,4.1188084e-09,6.496401e-11
440000,405,337,0,1.0638178e-09,3.5022627e-11,5.814792e-13,5.9210324e-18,4.4469306e-17,4.8175547e-11
440000,364,100,0,5.7258287e-10,4.7405287e-12,2.3818358e-25,3.17e-43,4.359989e-24,1.2567275e-10
440000,261,105,0,4.2348024e-11,2.1596937e-13,1.1692754e-18,7.598553e-31,3.1275538e-34,7.1412546e-12
440000,393,379,0,4.1331227e-11,2.0388212e-11,1.4172884e-18,5.5100115e-29,4.885432e-17,6.1631174e-13
440000,133,173,0,4.8670945e-10,8.7484034e-11,8.564226e-33,0.0,5.928574e-15,9.96321e-13
440000,76,57,0,8.0472295e-10,7.6336895e-11,2.6868761e-14,3.888246e-21,5.433602e-13,2.2308172e-10
440000,96,452,0,1.4413459e-11,5.247006e-11,2.9704738e-13,1.6129029e-18,1.1541727e-16,8.194324e-11
440000,106,155,0,1.2953219e-10,2.1522477e-11,9.2388756e-11,2.3260066e-12,2.2161836e-13,1.0984904e-10
440000,311,194,0,9.09861e-10,5.5431484e-15,2.7153116e-34,0.0,8.8292e-40,1.8663225e-15
440000,58,460,0,4.0906053e-11,1.3160138e-10,5.235279e-15,8.820117e-22,2.2078474e-11,2.0230435e-10
440000,210,198,0,4.5031825e-11,8.163771e-12,3.6582868e-12,4.916069e-16,4.115129e-18,5.0096646e-12
440000,189,292,0,3.5234093e-10,2.8285471e-11,3.2846267e-22,5.5920388e-36,3.3901843e-16,2.0481238e-14
440000,326,195,0,8.7713464e-10,1.2468239e-14,4.615673e-22,3.728557e-36,1.2194302e-35,8.6448107e-13
440000,300,60,0,1.2798916e-10,2.0570722e-11,1.1378652e-21,6.79623e-35,3.6856084e-17,2.9979927e-09
440000,476,111,0,-2.5579975e-13,4.0779286e-11,1.1033579e-14,4.8246266e-21,9.847006e-12,2.9993283e-09
440000,447,195,0,1.0052201e-09,3.622089e-11,1.6804407e-14,9.3183245e-21,1.7042953e-17,3.046216e-09
440000,258,27,0,-2.6585846e-13,9.437682e-12,2.8225105e-16,4.496734e-25,1.0342261e-21,3.0339158e-09
440000,488,225,0,-1.0321612e-12,7.4248115e-11,1.1682959e-16,1.0083436e-25,5.317597e-13,3.0017833e-09
440000,311,46,0,9.2442665e-11,1.2366387e-10,3.4622623e-09,7.191878e-10,1.1540264e-09,1.180546e-10
440000,204,13,0,-6.759116e-13,1.9302242e-11,2.5753212e-12,2.413927e-16,2.6423442e-19,3.1958918e-09
440000,405,263,0,5.2713117e-10,6.453838e-11,3.132633e-23,7.0417624e-38,1.1605253e-13,3.1121024e-09
440000,445,377,0,4.350085e-10,3.3798096e-11,1.0518563e-15,2.1710418e-24,2.1072422e-15,3.018494e-09
440000,254,390,0,3.4248845e-10,7.104731e-11,3.0430254e-27,0.0,1.581534e-16,2.4154914e-11
440000,56,124,0,9.299455e-11,3.906203e-11,2.3924358e-13,3.4262671e-19,6.7645904e-16,3.5021677e-10
440000,127,7,0,-8.92165e-13,1.31697596e-11,2.4974415e-13,2.888549e-18,8.833041e-19,3.0971519e-09
440000,424,135,0,6.8025074e-10,2.4177478e-11,7.995021e-17,1.4590095e-26,4.0662525e-14,3.0023004e-09
440000,203,480,0,-6.939915e-13,3.8875913e-11,5.1657436e-14,3.6175946e-20,5.678457e-13,3.7460063e-10
440000,418,136,0,6.6105305e-10,4.8548027e-11,1.561357e-13,1.327537e-18,7.1799827e-12,2.9898861e-09
440000,202,91,0,2.397625e-10,5.961417e-13,4.57404e-18,5.1988824e-29,3.767555e-31,3.045253e-09
440000,60,4,0,-1.2344718e-12,6.065233e-11,1.2908748e-10,1.42887134e-11,4.252419e-12,3.1449114e-09
440000,475,132,0,-7.047468e-13,1.064803e-10,1.3029368e-15,3.61734e-24,1.9565008e-13,3.0171807e-09
440000,455,328,0,6.155032e-11,3.710154e-12,1.6111748e-13,2.5942992e-18,2.0031536e-21,1.2782299e-11
440000,360,13,0,-1.0605923e-12,7.882093e-11,1.9370148e-11,3.4797347e-14,8.824813e-12,2.9946636e-09
440000,473,485,0,-1.8643576e-12,1.7888631e-10,2.1470907e-10,9.014845e-12,2.0760687e-11,3.0750333e-09
440000,302,34,0,1.9460369e-12,2.9492454e-11,1.0370747e-13,7.6330805e-19,4.406274e-17,3.1589056e-09
440000,35,490,0,-1.6747e-12,1.0846285e-10,4.2368508e-11,2.2094783e-13,8.289098e-13,3.3340253e-09
440000,49,20,0,-1.0102249e-12,6.233676e-11,6.685362e-12,8.417348e-15,5.113864e-16,3.231331e-09
440000,471,390,0,-2.493817e-13,1.80708e-11,2.7482096e-12,2.785219e-16,5.6875424e-17,3.0187712e-09
440000,168,155,0,6.733143e-10,1.5886832e-11,1.9104994e-28,0.0,4.487781e-21,2.9890164e-09
440000,64,453,0,2.1934994e-10,5.63871e-11,2.1131612e-14,1.0358109e-21,5.1192654e-16,3.0706078e-09
440000,88,397,0,5.5037913e-10,1.1403834e-11,3.98512e-12,4.028378e-16,6.5561663e-19,3.4446483e-09
440000,342,76,0,3.6350037e-10,4.626296e-11,3.7749103e-13,1.6702135e-18,2.0774695e-13,4.527408e-09
440000,363,114,0,5.827878e-10,4.4402676e-11,3.6001135e-29,0.0,8.5273943e-13,3.1988152e-09
440000,321,495,0,-8.4512264e-13,6.8124936e-11,4.3417068e-13,2.0187529e-18,2.8125853e-14,3.0845284e-09
440000,95,402,0,5.549874e-10,3.73275e-11,1.01923536e-13,3.4375807e-20,1.22196185e-11,3.0484286e-09
440000,486,258,0,-7.835095e-13,1.18290985e-11,1.5037467e-14,2.7384214e-21,4.965357e-21,3.2037963e-09
440000,21,21,0,-1.9966255e-12,1.15057054e-10,8.101317e-12,3.5401213e-15,1.05852433e-13,3.157672e-09
440000,228,101,0,3.7773448e-10,2.921973e-13,1.903549e-17,3.210544e-26,1.5837482e-24,2.706744e-11
440000,26,102,0,8.003962e-14,1.11954945e-10,9.5828054e-11,1.7903455e-11,2.8098819e-09,3.0216734e-09
440000,489,17,0,-1.998801e-12,1.2345894e-10,1.2935956e-14,2.1954894e-21,2.2889658e-10,3.2337535e-09
440000,131,12,0,-6.376705e-13,2.3547293e-11,3.0636932e-13,1.1237895e-18,3.3953045e-14,3.108054e-09
440000,231,7,0,-7.9469303e-13,9.551076e-12,7.066251e-21,6.415104e-34,2.208894e-22,3.3385956e-09
440000,117,338,0,2.4659455e-10,5.573984e-11,2.9248e-20,1.6935939e-33,4.060747e-12,2.541138e-11
440000,194,483,0,-9.826868e-13,1.6228368e-11,3.4854812e-09,7.193054e-10,1.1532704e-09,1.4510942e-10
440000,150,435,0,4.0627526e-10,2.2565332e-10,1.8074646e-21,6.543856e-36,7.3668474e-11,3.0242016e-09
440000,467,157,0,5.828263e-12,5.5408657e-11,4.306348e-23,1.2059618e-36,2.7672358e-13,3.0741822e-09
440000,47,244,0,7.388083e-11,7.767753e-11,1.6232733e-10,4.3828595e-12,7.9303887e-13,3.1463312e-09
440000,81,479,0,-1.0291351e-12,4.8670352e-11,2.866921e-12,6.34494e-16,6.6501834e-17,3.2259333e-09
440000,363,71,0,6.7829786e-10,3.9945717e-11,3.432603e-16,8.2864434e-24,1.8431508e-14,3.1833471e-09
440000,498,75,0,-5.823761e-13,1.8431555e-11,5.0028957e-12,7.8186017e-16,1.1617339e-17,3.2351988e-09
440000,409,293,0,4.0193754e-10,2.9702112e-11,4.466919e-28,0.0,2.557403e-17,3.0467833e-09
440000,396,38,0,2.1453277e-11,5.186257e-11,1.1585968e-11,1.7592591e-14,3.541466e-14,3.1974856e-09
440000,47,349,0,2.7230536e-12,5.349201e-12,1.7716372e-12,1.8217655e-16,1.5394751e-19,3.068612e-09
440000,229,487,0,-9.26516e-13,3.9602446e-11,2.5549037e-13,3.427692e-19,8.3565163e-16,3.0109792e-09
440000,408,47,0,3.550342e-11,1.9671863e-11,3.2296776e-12,3.6610627e-16,8.823268e-19,3.6677048e-09
440000,258,438,0,1.5920378e-10,1.7415536e-11,4.1978282e-14,8.084799e-20,3.8290666e-20,3.0679237e-09
440000,80,101,0,6.022171e-11,9.6718515e-11,3.733318e-12,1.1155265e-15,1.6933607e-11,3.0784355e-09
440000,338,431,0,1.15851086e-10,2.6323487e-11,1.8827701e-17,6.5021105e-27,4.5460424e-18,3.0455911e-09
440000,468,449,0,3.9232623e-12,5.1418224e-11,1.016404e-11,5.0370343e-15,3.5465996e-13,3.2837977e-09
440000,67,245,0,6.170409e-10,9.196515e-11,1.258794e-11,5.4528805e-15,8.773935e-12,3.0332286e-09
440000,67,19,0,-1.4922291e-12,1.7226826e-10,4.0936938e-11,4.817351e-13,1.8814006e-11,4.111412e-11
440000,174,93,0,3.878846e-10,8.247847e-17,3.4622663e-09,7.191878e-10,1.1532664e-09,9.399179e-11
440000,469,448,0,3.2669679e-12,3.8938013e-11,1.0731971e-11,6.625826e-15,8.600873e-16,3.208467e-09
440000,35,137,0,2.544647e-13,9.633341e-11,5.0117102e-12,2.5168879e-15,2.3850975e-11,3.0700702e-09
440000,436,375,0,1.09339e-09,2.4533046e-11,1.2160204e-13,1.0454449e-18,3.120496e-17,3.099293e-09
440000,458,34,0,8.220079e-13,5.199948e-11,3.1238829e-12,5.2854866e-16,4.8972507e-14,3.1386915e-09
440000,71,456,0,6.750764e-11,1.4587358e-10,1.8967064e-13,4.609422e-18,1.6027787e-10,3.213964e-09
440000,463,448,0,1.8626798e-11,8.8527935e-11,9.705006e-13,2.287954e-17,2.5018752e-12,3.178769e-09
440000,462,52,0,4.9042333e-12,2.604699e-10,1.0441203e-11,5.0979847e-15,1.4407062e-11,3.15773e-09
440000,499,369,0,-7.109081e-13,4.98739e-12,6.385252e-19,8.0405215e-31,1.18703056e-23,3.2904754e-09
440000,410,165,0,9.85343e-10,2.2947484e-09,1.6089825e-24,9.66e-42,4.119238e-09,1.2444991e-11
440000,332,357,0,7.646117e-10,1.1553526e-12,5.9424738e-27,7e-45,4.97068e-27,1.7548868e-14
440000,401,307,0,1.3182067e-09,9.3442405e-14,3.4191656e-31,0.0,8.253149e-31,6.0589516e-13
440000,149,79,0,6.279233e-10,4.202684e-11,1.5762712e-11,9.1320275e-14,3.083462e-15,3.3610604e-11
440000,300,399,0,3.3010647e-10,2.3679654e-11,1.4777082e-18,4.400549e-29,1.4526954e-15,5.684755e-12
440000,385,350,0,5.889785e-10,3.694329e-11,3.2231075e-13,5.3984516e-18,2.537742e-14,1.1231102e-10
440000,218,412,0,2.784525e-10,2.7020714e-11,1.0582864e-13,3.8205787e-19,3.173697e-18,9.31498e-12
440000,166,356,0,6.8489624e-11,8.0581875e-11,4.6337417e-12,1.8176099e-15,6.1156856e-12,9.5655144e-11
440000,409,59,0,2.752042e-10,8.177224e-11,8.3435795e-16,5.485086e-25,8.479542e-14,1.1764437e-10
440000,353,355,0,3.0977668e-10,2.0100354e-11,2.3856754e-27,0.0,1.0597328e-16,2.085676e-12
440000,138,252,0,5.782701e-10,1.5594201e-11,4.0768205e-28,0.0,1.4326486e-18,1.5279996e-13
440000,365,165,0,5.484945e-10,7.5885045e-13,6.2458795e-22,4.7626025e-36,7.5412385e-26,7.767763e-12
440000,226,399,0,1.3638515e-10,4.83966e-11,2.0797073e-24,9.7e-43,4.002725e-15,2.9590852e-12
440000,319,266,0,3.2058461e-10,1.2760644e-11,5.6472094e-34,0.0,3.6824242e-20,1.2739054e-12
440000,413,322,0,9.826562e-10,2.2863461e-11,1.0097853e-25,1.16e-42,6.7432097e-16,1.9600181e-14
440000,344,213,0,5.372277e-10,3.8345893e-15,4.202537e-18,4.738935e-28,1.3581343e-35,1.592774e-10
440000,89,37,0,3.3482212e-12,4.966222e-11,1.39868065e-11,1.5831456e-14,1.7830448e-15,9.3730934e-12
440000,246,375,0,6.644993e-11,4.2680363e-11,4.0154462e-19,9.5405785e-30,7.9046546e-13,1.297197e-11
440000,370,236,0,1.7870118e-10,1.349904e-11,2.213203e-20,1.8406433e-32,5.840664e-17,5.535215e-11
440000,373,432,0,2.0013896e-10,1.6612456e-11,1.2160914e-13,3.1789383e-19,6.7754658e-18,1.8979908e-11
440000,233,154,0,2.9598105e-10,7.7250384e-22,9.571619e-19,5.497675e-29,1.2835212e-36,1.6655884e-13
440000,36,210,0,1.5644135e-11,1.4117409e-10,1.048154e-11,2.4728016e-14,2.880887e-12,1.1098163e-10
440000,265,435,0,1.318178e-10,1.1574285e-10,1.2047638e-14,7.321297e-22,4.1418003e-13,1.6740753e-11
440000,461,301,0,3.8915416e-12,9.4238825e-11,2.2116112e-13,2.4019807e-18,7.9192376e-13,1.7465147e-11
440000,313,29,0,8.872928e-13,2.5245592e-11,3.4040815e-13,2.9768855e-18,4.0662525e-14,4.047569e-12
440000,81,177,0,3.2147493e-10,1.0890272e-10,1.166632e-12,8.189281e-17,8.3534606e-14,7.564636e-11
440000,124,473,0,-4.0959038e-13,7.4009014e-11,5.2556978e-17,4.1409778e-27,2.7672463e-13,8.207981e-12
440000,398,469,0,-5.8442866e-13,1.0734119e-10,1.1395189e-11,9.0546865e-15,1.4860257e-13,1.7084338e-10
440000,451,169,0,1.2080652e-10,6.9997515e-11,7.985008e-14,9.0233075e-20,5.678467e-13,2.4116878e-10
440000,462,55,0,6.4635237e-12,1.8260418e-10,3.4708163e-09,7.191914e-10,1.1536699e-09,3.2285966e-11
440000,74,488,0,-1.0380896e-12,7.172647e-11,6.658536e-12,3.1704354e-15,7.9136193e-13,3.112583e-09
440000,209,481,0,-9.971492e-13,7.9241315e-11,2.4319677e-18,2.7943718e-29,6.8912114e-14,1.5855427e-10
440000,473,29,0,-1.2000686e-12,3.720744e-11,3.9753584e-14,5.446396e-21,1.9746855e-16,2.0150609e-10
440000,39,419,0,2.028825e-11,5.7185624e-11,9.849429e-11,1.7662505e-11,2.7388536e-11,3.1261607e-09
440000,45,193,0,9.325827e-11,1.4046447e-10,2.2043658e-12,2.9072868e-16,2.4570673e-10,1.7910615e-10
440000,108,447,0,2.1981675e-11,1.1764023e-10,3.7693394e-11,9.588647e-13,3.3206172e-13,9.454726e-11
440000,362,436,0,1.5350436e-11,2.6960571e-11,3.829681e-15,1.387378e-23,5.441109e-20,3.394899e-11
440000,455,24,0,-8.5985613e-13,9.407047e-11,9.061981e-11,8.158379e-12,2.956067e-12,1.9397682e-10
440000,20,89,0,-8.2046533e-13,3.3777366e-11,6.505929e-14,1.8720522e-18,1.6902336e-17,6.6989046e-11
440000,20,372,0,-4.3589915e-13,6.303077e-11,7.7753255e-13,1.047062e-16,2.6545483e-15,1.5141552e-10
440000,363,495,0,-7.8216947e-13,7.463209e-11,5.934499e-15,1.3897843e-21,7.908087e-13,2.3417514e-12
440000,461,478,0,-1.7724513e-12,1.5935103e-10,3.4625813e-09,7.191878e-10,1.1633415e-09,3.0702776e-10
440000,394,230,0,2.2652515e-11,6.060161e-11,3.0358844e-20,3.7683608e-31,1.2055779e-14,5.5330282e-11
440000,105,15,0,-1.10147e-12,9.7429204e-11,3.7612035e-11,1.0005868e-12,2.291627e-13,1.5467418e-10
440000,435,189,0,3.1744696e-10,4.0937944e-11,3.4622658e-09,7.191878e-10,1.1613094e-09,9.806404e-12
440000,181,48,0,7.4813725e-11,2.0829142e-11,2.6408595e-17,3.9357078e-26,1.4986673e-16,2.328671e-10
440000,11,479,0,-1.7006369e-12,1.3784388e-10,1.7326936e-13,5.940243e-19,1.1021619e-12,1.93153e-10
440000,435,46,0,3.3994738e-10,3.899733e-11,1.3534382e-12,1.4878404e-16,1.6157194e-18,3.1371832e-09
440000,485,442,0,-1.6666406e-12,5.1662938e-11,4.0734954e-12,1.4357073e-15,3.207346e-16,3.1201624e-09
440000,490,44,0,-1.40601e-12,7.5849604e-11,4.2086846e-12,5.295415e-16,5.5623646e-15,2.6467085e-11
440000,155,456,0,1.8081363e-10,4.895127e-11,3.9892856e-11,4.1198344e-13,1.502261e-14,1.2956674e-11
440000,91,468,0,-5.377534e-13,1.761406e-11,1.6546171e-10,2.1012167e-10,7.980596e-10,1.3782127e-10
440000,40,368,0,2.7701438e-11,3.4126486e-13,6.8529855e-11,8.9194694e-13,6.030625e-14,1.9255372e-10
440000,192,43,0,1.1210963e-10,3.4246928e-11,2.1176689e-12,5.4991216e-16,1.2820503e-12,3.4777023e-12
440000,219,40,0,3.8549698e-11,2.3566071e-11,1.3032632e-15,3.6173947e-24,2.3671225e-16,8.6993164e-12
440000,472,455,0,-9.225449e-13,6.40163e-11,1.856205e-11,8.5814954e-14,2.6584013e-15,3.355755e-09
440000,457,380,0,2.7804285e-11,1.0270097e-10,1.0348733e-11,2.9416506e-15,2.4964228e-10,8.990429e-11
440000,402,379,0,2.0235737e-11,1.6402745e-11,5.724507e-21,9.8963775e-36,1.0377322e-18,1.3958749e-11
440000,452,380,0,8.648476e-11,8.5207674e-11,8.4087045e-13,3.049212e-18,1.6542498e-14,5.8144118e-11
440000,22,213,0,-5.3479855e-13,4.1783167e-11,4.9073667e-15,3.6549343e-21,1.2706679e-11,3.4258384e-11
440000,441,439,0,1.0749877e-09,6.1643045e-11,1.1898031e-10,1.549029e-11,5.0694032e-12,2.4543825e-10
440000,454,12,0,-1.7373446e-12,9.8816816e-11,3.4622591e-09,7.191878e-10,1.1747714e-09,3.672641e-11
440000,490,198,0,-1.1122176e-12,5.2293572e-11,3.4624539e-09,7.191878e-10,1.1537851e-09,3.092708e-11
440000,451,138,0,1.0093803e-10,3.4828446e-11,5.1730405e-21,1.1219724e-34,1.4906834e-15,1.1228505e-11
440000,295,77,0,3.887039e-10,5.6435415e-11,2.3272853e-23,4.882473e-39,2.0711323e-13,1.861836e-11
440000,33,107,0,5.888388e-12,7.934796e-11,3.431393e-14,2.431145e-21,2.713738e-09,1.6248278e-12
440000,265,45,0,2.8612987e-12,3.8534693e-11,8.943276e-19,7.288346e-29,2.6748903e-10,8.923854e-11
440000,57,11,0,-1.5296937e-12,9.2900486e-11,2.7416903e-12,8.3051614e-17,2.911086e-15,3.3084007e-09
440000,102,50,0,6.420046e-11,3.911122e-11,1.4126834e-10,5.7930563e-11,6.409027e-11,3.093804e-09
440000,49,127,0,2.8446039e-11,4.775831e-11,1.0823081e-11,7.377453e-15,2.8109515e-14,3.1699374e-10
440000,7,232,0,-1.0017933e-12,4.865442e-11,5.151074e-13,6.8371685e-18,4.0304132e-13,1.7603645e-10
440000,11,261,0,-1.2491521e-12,1.2461815e-10,1.638685e-10,1.1945358e-11,1.6438849e-10,5.4270012e-11
440000,73,480,0,-8.762882e-13,5.73472e-11,7.38067e-11,1.7954881e-12,5.116112e-13,3.2843945e-09
440000,123,0,0,-1.1657149e-12,4.130271e-12,3.129925e-10,7.214495e-11,5.980279e-11,3.0832045e-11
440000,13,39,0,-1.2954956e-12,1.12353016e-10,3.4655276e-09,7.19188e-10,1.415471e-09,2.2004983e-10
440000,12,489,0,-1.8376145e-12,1.0324826e-10,2.5881223e-13,1.2540016e-18,2.3491698e-11,1.1391256e-10
440000,452,427,0,4.934333e-10,3.4393228e-11,4.4272142e-14,1.6497174e-20,1.0549642e-15,1.08989054e-10
440000,478,404,0,-4.926358e-13,1.9883371e-11,1.05266726e-10,3.6729764e-12,4.2341486e-13,3.2826608e-09
440000,99,12,0,-1.003416e-12,1.24763325e-11,1.9607612e-13,1.4352994e-18,7.031763e-22,4.362999e-11
440000,239,72,0,1.3472472e-10,1.7958266e-12,2.0029054e-12,1.2943994e-16,8.450274e-20,6.6150926e-12
440000,476,499,0,-6.989992e-14,3.5030824e-12,2.825043e-14,3.5810697e-20,2.8110623e-18,4.4238512e-11
440000,124,64,0,1.1915225e-09,1.34067e-11,8.297708e-12,4.465899e-15,1.1904315e-17,1.2750676e-10
440000,474,459,0,-1.7507988e-12,8.781753e-11,1.3650989e-10,5.7627427e-11,6.684491e-11,1.6325179e-10
440000,1,493,0,-2.7069304e-12,1.6855992e-10,3.4695014e-09,7.1919015e-10,1.153275e-09,3.8322162e-10
440000,240,483,0,-6.8081136e-13,8.863002e-12,4.868091e-16,2.3316275e-25,1.4025764e-23,1.1155128e-10
440000,41,232,0,5.831689e-11,5.1292873e-11,1.0832461e-15,1.7175456e-24,4.6235535e-17,1.1823083e-11
440000,493,484,0,-1.1759273e-12,4.5337234e-11,1.3124601e-10,1.5497973e-11,4.991096e-12,3.2173413e-09
440000,318,439,0,4.5601695e-10,1.4717941e-10,2.8633695e-16,1.0630397e-25,2.2461522e-11,8.159827e-11
440000,334,45,0,4.1854253e-11,4.7848097e-11,3.3434965e-12,2.9610572e-16,5.1605894e-12,3.0989562e-09
440000,498,152,0,-6.2341153e-13,5.851425e-11,4.1483273e-21,8.487542e-33,8.2477677e-13,2.3840982e-10
440000,286,479,0,-9.966007e-13,5.5843576e-11,2.84986e-17,1.3350306e-27,1.9087992e-17,1.156362e-10
440000,37,27,0,-9.817368e-13,3.332359e-11,6.930179e-11,2.6351796e-12,2.7584854e-13,3.302689e-09
440000,59,77,0,3.3999006e-10,3.3721032e-12,3.3689783e-14,1.0630446e-20,9.123228e-25,1.1412394e-10
440000,450,96,0,3.426933e-10,1.2476824e-10,4.202807e-13,7.783066e-18,1.3031697e-12,6.360299e-11
440000,16,439,0,-1.598093e-12,6.130985e-11,7.1066396e-11,1.7205582e-12,1.452539e-13,1.235319e-10
440000,240,35,0,2.1763862e-12,2.939298e-12,6.2498923e-15,2.2616433e-22,2.0620969e-22,3.1368839e-09
440000,249,10,0,-1.1370083e-12,4.644465e-11,1.7638553e-15,6.136114e-24,2.2889834e-14,1.487668e-10
440000,277,22,0,-3.8021872e-13,3.061725e-11,2.3876388e-14,6.2591364e-21,2.0576744e-14,3.8073183e-11
440000,453,31,0,1.3873592e-12,4.9793943e-11,4.9576968e-11,2.180336e-13,1.10441255e-14,1.8021981e-10
440000,47,213,0,1.9236232e-10,4.825185e-11,3.4622714e-09,7.191878e-10,1.1532671e-09,9.062027e-11
440000,0,477,0,-1.3409686e-12,1.8403907e-11,1.884902e-11,6.84932e-14,1.8160336e-15,1.3076548e-10
440000,32,10,0,-1.4039145e-12,8.2086775e-11,4.4260275e-16,2.9213373e-25,1.9643313e-11,7.7321045e-11
440000,469,438,0,8.840357e-12,1.2259282e-10,2.1312879e-13,5.516178e-18,5.2791034e-14,2.7900252e-10
440000,189,28,0,1.7720257e-12,7.016367e-11,1.2659381e-16,1.1512702e-24,2.1984109e-10,2.1164195e-11
440000,285,15,0,-3.2242823e-13,2.5523732e-12,8.340241e-18,1.5717447e-28,1.2806671e-24,1.2575013e-10
440000,56,305,0,2.2545359e-10,1.2731923e-11,1.3195024e-19,2.4162648e-31,5.1072127e-22,9.316309e-12
440000,482,382,0,-7.4300055e-13,9.415448e-11,1.5924496e-11,1.9553239e-14,2.1737058e-13,8.549778e-11
440000,74,373,0,2.056356e-10,1.4169308e-11,1.079884e-16,1.0305811e-26,1.2745222e-17,2.137191e-10
440000,12,63,0,-1.0489432e-12,6.403547e-11,4.5130865e-12,3.7563029e-16,1.1284029e-12,2.2127034e-10
440000,60,28,0,-7.6609395e-13,5.8011044e-11,5.509293e-19,8.5410056e-32,3.0165185e-13,8.1181555e-11
440000,90,225,0,2.1727121e-10,2.1732744e-11,3.3717833e-21,1.1078603e-35,2.2409042e-17,2.9895109e-09
440000,469,23,0,-1.7166864e-12,8.7283285e-11,4.5008403e-16,4.5029903e-23,1.781915e-10,1.1334494e-10
440000,4,193,0,-4.610711e-13,7.6933624e-12,3.1421733e-11,2.463757e-13,7.1057535e-15,6.929188e-12
440000,58,70,0,4.0590786e-10,2.3325763e-11,2.0279078e-16,5.432784e-22,2.8560456e-15,3.2222696e-09
440000,29,72,0,6.4620796e-12,1.1629408e-10,4.8367882e-14,1.1157744e-19,1.8731502e-11,3.2395355e-09
440000,79,10,0,-1.4409973e-12,1.0588859e-10,4.38132e-15,1.9260848e-22,2.375231e-10,3.0971035e-11
