mcsteps,xCOM,yCOM,zCOM,il8,il1,il6,il10,tnf,tgf
290000,58,260,0,2.5658529e-09,5.2614592e-12,4.3698893e-18,3.3370682e-28,6.4296234e-23,4.4181906e-12
290000,127,278,0,2.000274e-09,3.154107e-14,2.4805727e-10,5.5657687e-11,4.31017e-11,2.8971432e-18
290000,320,86,0,2.6161744e-09,7.8578463e-13,3.2497573e-18,3.1848065e-27,5.229996e-26,4.470945e-12
290000,426,147,0,2.0896895e-09,5.457509e-13,4.3140372e-18,2.9884622e-27,2.4236867e-29,1.2444823e-10
290000,389,77,0,2.0917847e-09,3.468358e-13,2.5723553e-13,3.2086756e-18,1.2870557e-21,1.858768e-10
290000,76,141,0,1.9396402e-09,1.5872485e-12,2.1986181e-17,1.1273278e-26,6.3596604e-26,8.3045896e-17
290000,126,316,0,2.4842173e-09,7.3708016e-13,3.9499375e-31,0.0,1.0012552e-20,8.891176e-14
290000,438,319,0,2.3903737e-09,1.1253279e-12,1.4661466e-22,2.2464054e-37,5.478514e-25,4.521835e-12
290000,395,187,0,2.1416289e-09,3.8526352e-10,3.8693266e-17,2.1416735e-24,1.9668836e-11,2.5173492e-12
290000,271,255,0,2.2930124e-09,9.199319e-19,0.0,0.0,0.0,3.74686e-21
290000,383,67,0,2.183509e-09,2.5390564e-12,1.10149886e-13,3.6290637e-19,2.8814105e-22,3.9339946e-12
290000,137,99,0,1.8876367e-09,2.7084183e-12,2.9771733e-21,1.4948027e-31,2.3617707e-25,1.5670045e-11
290000,392,314,0,2.2249327e-09,1.7046967e-19,1.5482877e-24,2.1277e-41,0.0,2.4888768e-11
290000,73,326,0,2.0986752e-09,2.042659e-20,6.2794277e-35,0.0,0.0,3.2176117e-12
290000,209,54,0,1.979089e-09,1.327379e-10,5.6218165e-24,4.828617e-38,1.6508994e-12,3.8998417e-14
290000,323,205,0,1.9918573e-09,4.6357496e-20,2.771341e-19,3.205757e-29,1.9918707e-36,6.208272e-13
290000,94,376,0,2.024719e-09,1.3403132e-11,2.1217083e-18,1.169503e-28,4.034488e-19,3.8492206e-11
290000,394,426,0,2.0794269e-09,8.373153e-12,4.8447927e-25,2.08439e-40,3.0511357e-21,4.0909084e-13
290000,203,425,0,2.8484488e-09,1.1502611e-12,5.576208e-13,1.2830884e-17,6.119285e-21,6.2463966e-13
290000,261,127,0,2.2785307e-09,5.1004114e-12,2.2498176e-23,6.5974976e-38,8.943171e-20,2.4980717e-16
290000,404,107,0,2.4763285e-09,8.668907e-12,1.8667976e-16,1.1693533e-24,2.234494e-19,2.3866675e-13
290000,188,196,0,1.8747832e-09,5.844917e-14,3.836472e-21,4.4446143e-33,2.4164926e-29,1.9103708e-15
290000,385,429,0,2.4275117e-09,3.1426122e-11,4.1353457e-15,5.20322e-22,7.548934e-15,2.261157e-13
290000,233,290,0,1.8778836e-09,1.3582554e-31,0.0,0.0,0.0,3.8339974e-32
290000,201,360,0,2.1000626e-09,4.4180984e-15,2.0686247e-32,0.0,1.8062217e-35,5.570412e-14
290000,349,67,0,2.2273046e-09,1.0283777e-11,2.725915e-11,2.1328513e-13,1.3100649e-14,5.663026e-12
290000,66,315,0,2.001854e-09,1.1727453e-12,4.7469537e-33,0.0,1.9166705e-26,6.4512037e-12
290000,205,431,0,3.0927205e-09,1.4470269e-11,1.0924884e-12,2.5638488e-17,4.53171e-18,9.979655e-11
290000,209,220,0,2.455794e-09,1.2216384e-11,1.0172994e-38,0.0,2.183434e-19,1.4355298e-14
290000,77,278,0,2.7873652e-09,1.7097409e-11,4.8944192e-24,1.2138222e-38,2.7365e-19,2.1458281e-11
290000,108,363,0,1.9671e-09,3.5772846e-11,4.7123442e-12,1.4580771e-15,8.175676e-14,2.541639e-12
290000,91,389,0,2.1287854e-09,8.659433e-12,7.721135e-13,1.9346547e-17,2.103988e-20,9.697394e-12
290000,156,431,0,1.8965565e-09,8.473874e-13,1.7107117e-21,3.178391e-33,1.4818064e-24,1.655667e-11
290000,407,267,0,1.9632678e-09,2.4702304e-12,6.035858e-28,1.63e-43,2.0053724e-24,1.0130643e-14
290000,268,393,0,2.0062692e-09,8.610251e-14,6.875608e-18,6.8561935e-27,3.5005318e-33,1.38772336e-11
290000,242,397,0,2.1532474e-09,4.2367283e-11,6.743393e-33,0.0,5.9768e-15,6.497825e-13
290000,440,84,0,2.0749835e-09,2.199786e-11,3.1902601e-12,4.5618754e-16,6.906729e-16,1.1391748e-10
290000,446,77,0,2.0361886e-09,3.1796683e-12,7.224923e-14,5.579245e-19,2.005739e-22,1.0281726e-10
290000,415,128,0,2.6994522e-09,5.519593e-12,2.6759872e-17,4.964633e-24,1.1586271e-21,2.379595e-11
290000,389,155,0,1.9974313e-09,5.3166933e-11,1.14310636e-11,8.107772e-15,5.5470654e-12,3.7474805e-11
290000,307,424,0,2.1412678e-09,1.9902827e-12,1.9663923e-21,1.0385106e-33,5.1420516e-23,8.7618185e-12
290000,335,203,0,2.2594142e-09,1.0859889e-16,4.2304671e-16,3.1556992e-23,2.8802225e-28,8.28722e-15
290000,59,186,0,2.0464175e-09,5.860279e-13,8.9996736e-14,5.397195e-19,8.508362e-23,1.6995336e-11
290000,53,272,0,2.0369506e-09,2.6902007e-11,1.401667e-14,3.6861684e-21,2.2392151e-18,7.544141e-12
290000,309,73,0,1.9399036e-09,2.221647e-12,6.409333e-13,6.7351785e-17,1.2666177e-19,2.7435603e-15
290000,188,399,0,1.8984487e-09,1.6340783e-13,5.8155156e-18,8.2870924e-27,5.7114494e-30,1.4914637e-11
290000,378,108,0,1.924912e-09,3.571261e-14,5.7624964e-16,2.265881e-22,8.274616e-27,5.257095e-13
290000,377,253,0,2.261573e-09,8.342611e-12,5.381486e-24,3.51768e-39,8.200455e-18,1.875604e-12
290000,168,209,0,1.9241442e-09,4.0535024e-15,0.0,0.0,8.517963e-37,1.1905915e-14
290000,66,90,0,2.0159738e-09,8.166948e-11,3.4069584e-17,1.6635635e-24,1.7235532e-10,2.06307e-12
290000,396,334,0,2.0565598e-09,2.7563792e-11,4.205421e-19,4.8059045e-29,2.5496253e-16,1.8141379e-14
290000,189,249,0,2.5901963e-09,7.9483425e-12,6.92e-43,0.0,1.8222905e-18,1.2841164e-14
290000,279,428,0,1.89463e-09,4.1700567e-12,1.0827512e-15,3.0457658e-23,2.3942894e-21,1.031565e-10
290000,346,344,0,2.0234134e-09,1.475649e-12,2.4938328e-28,0.0,4.040784e-26,1.2804119e-12
290000,432,130,0,2.060083e-09,5.214557e-12,4.962403e-30,0.0,1.4034156e-23,5.163011e-11
290000,442,274,0,1.891674e-09,1.2285381e-13,6.334772e-17,3.9131275e-23,3.857904e-27,6.378305e-13
290000,438,54,0,1.9632294e-09,9.335096e-11,2.0956008e-14,4.819517e-20,1.7199072e-15,8.845895e-12
290000,299,337,0,3.3666692e-09,1.5882162e-20,7.218116e-36,0.0,0.0,2.5779926e-22
290000,341,111,0,3.0614418e-09,1.9746037e-13,1.545573e-36,0.0,4.5226463e-31,2.0421856e-16
290000,138,267,0,2.289937e-09,8.9565356e-17,1.0848759e-24,1.41385e-40,1e-45,1.9136764e-19
290000,200,246,0,3.0653209e-09,3.5007816e-11,0.0,0.0,6.7304454e-16,4.777182e-15
290000,292,108,0,2.1539077e-09,6.161698e-12,1.2276985e-36,0.0,4.2230766e-22,2.9223076e-12
290000,246,93,0,1.8697006e-09,3.6100764e-12,1.9082422e-19,6.6950465e-29,2.3905639e-24,1.5868569e-11
290000,296,339,0,3.1634022e-09,2.4471924e-22,5.8723643e-38,0.0,0.0,2.1618002e-20
290000,194,71,0,2.090363e-09,3.3274444e-12,3.256711e-17,1.2289908e-25,3.965666e-22,6.15505e-14
290000,64,195,0,2.4336149e-09,2.2247586e-11,1.4357289e-19,7.217979e-30,3.927219e-18,1.2167141e-10
290000,52,71,0,1.8823678e-09,1.4744121e-12,3.9502195e-15,1.1268078e-21,1.2237037e-25,1.1185088e-11
290000,402,128,0,2.0320714e-09,1.2975691e-12,7.5843807e-17,6.6880495e-25,2.4619806e-27,1.8878026e-12
290000,355,401,0,1.8763744e-09,5.3933897e-13,3.8847352e-25,3.82967e-37,3.7113063e-25,2.0531533e-11
290000,439,427,0,2.3051485e-09,2.23796e-11,4.109899e-18,1.566934e-26,3.8102136e-19,5.6877416e-11
290000,442,258,0,2.0703277e-09,7.298304e-12,6.284206e-20,7.1469234e-31,3.492054e-20,5.14332e-11
290000,389,397,0,1.9005744e-09,1.219791e-11,2.249354e-23,6.070556e-36,7.917549e-21,1.4664143e-11
290000,244,242,0,1.8871125e-09,1.6835772e-23,0.0,0.0,0.0,5.5615207e-18
290000,71,411,0,1.9259239e-09,2.0757505e-11,1.3279705e-12,1.4877172e-16,1.0622405e-16,1.1964349e-12
290000,307,376,0,2.0490931e-09,5.770719e-16,2.0670877e-18,4.2787533e-28,3.1558057e-35,3.8047134e-13
290000,305,254,0,1.9414579e-09,1.176038e-16,0.0,0.0,7.587925e-39,1.165687e-22
290000,245,440,0,1.9768958e-09,2.9227936e-14,8.023716e-14,2.4961925e-19,3.072749e-23,2.3317895e-12
290000,112,181,0,1.8847726e-09,3.735719e-11,6.8417215e-32,0.0,1.1470079e-15,1.552893e-17
290000,162,315,0,2.2143203e-09,8.686003e-11,1.0659934e-27,1.3e-44,2.3187723e-13,2.300517e-15
290000,354,278,0,2.4741247e-09,6.6238097e-20,6.3871096e-22,1.07224165e-32,1.80396e-40,4.5777272e-14
290000,383,172,0,2.467088e-09,1.5898975e-13,9.902094e-15,7.0309413e-22,2.7363665e-27,8.59825e-12
290000,89,263,0,2.1013042e-09,7.294321e-11,2.0695427e-15,2.4827616e-22,2.7509436e-12,6.1726926e-12
290000,444,99,0,1.891424e-09,1.9650616e-10,2.4384088e-16,6.477391e-25,1.7128785e-10,2.08794e-10
290000,89,276,0,2.5985265e-09,2.48395e-11,1.520268e-16,3.651252e-24,3.6138396e-16,1.2742695e-13
290000,293,246,0,2.167918e-09,4.2861143e-26,0.0,0.0,0.0,2.1185454e-18
290000,207,334,0,2.0183841e-09,5.134301e-14,1.7466338e-30,0.0,1.0808141e-27,3.060644e-16
290000,280,212,0,2.1302922e-09,8.172644e-12,0.0,0.0,6.816388e-21,3.5941733e-21
290000,313,59,0,1.9553494e-09,7.7704345e-12,1.1067494e-19,1.7829022e-30,5.5113725e-22,4.08103e-12
290000,238,137,0,2.0116457e-09,1.352509e-26,8.731086e-13,7.350883e-17,1.1376872e-19,1.0267746e-15
290000,285,176,0,1.967183e-09,6.7449694e-16,0.0,0.0,3e-45,9.222419e-11
290000,132,197,0,2.0488704e-09,3.7156537e-12,6.61301e-40,0.0,8.019276e-24,6.295944e-15
290000,230,143,0,2.028013e-09,3.973013e-33,1.6012938e-21,1.3502462e-33,8.363e-42,6.9223213e-13
290000,252,297,0,1.9176687e-09,1.9399226e-29,4.7119654e-37,0.0,0.0,1.9225636e-17
290000,337,257,0,3.8584917e-09,1.1527508e-21,3.8475473e-34,0.0,0.0,4.92392e-18
290000,398,306,0,2.1959865e-09,1.8379124e-15,4.093645e-36,0.0,4.6478e-34,3.7199966e-13
290000,429,420,0,2.270086e-09,1.24929555e-11,3.4220324e-16,1.7272784e-24,5.727343e-18,6.328254e-11
290000,71,218,0,2.026313e-09,5.400091e-12,4.107091e-18,1.2876789e-25,4.993927e-22,6.5201164e-11
290000,168,403,0,1.887583e-09,2.7686981e-11,2.2838407e-27,1e-44,2.8603313e-17,1.1027808e-13
290000,287,315,0,2.3839997e-09,1.631746e-13,9.295e-42,0.0,6.615755e-23,9.83487e-11
290000,259,282,0,1.9458306e-09,4.6356e-41,1.93686e-40,0.0,0.0,7.173281e-25
290000,252,173,0,1.9104516e-09,5.32349e-22,0.0,0.0,0.0,1.5423458e-22
290000,238,428,0,2.3189777e-09,1.3057272e-11,6.090426e-24,1.3735277e-38,2.7421517e-17,5.106381e-12
290000,229,430,0,2.243884e-09,1.3184137e-11,4.8784864e-19,6.7412555e-29,1.8915501e-17,9.764788e-13
290000,255,271,0,1.9371678e-09,8.9898e-23,0.0,0.0,0.0,7.97629e-34
290000,222,130,0,2.3588471e-09,1.2394899e-22,2.3432845e-31,0.0,0.0,3.246006e-13
290000,289,209,0,2.040896e-09,4.3035662e-13,0.0,0.0,1.1677897e-28,1.02310586e-14
290000,86,240,0,1.9763688e-09,6.93854e-11,7.037301e-16,8.4542555e-24,7.648763e-15,5.581896e-12
290000,223,352,0,2.352549e-09,1.4078856e-12,8.4186546e-16,2.0720747e-22,8.612441e-25,2.2320767e-13
290000,210,268,0,1.9432609e-09,1.7711755e-17,0.0,0.0,0.0,6.573363e-19
290000,345,144,0,1.9285165e-09,9.043959e-14,2.690794e-30,0.0,6.164587e-34,1.3445056e-13
290000,415,172,0,1.959635e-09,7.960182e-14,4.3439816e-22,7.62417e-33,1.5957451e-34,3.5730785e-15
290000,428,370,0,2.0691775e-09,3.9452004e-11,1.8189496e-14,1.249615e-20,5.442822e-14,1.46881e-12
290000,396,193,0,2.1197222e-09,3.3159104e-11,7.7843916e-21,1.0144546e-33,7.9957604e-19,9.586059e-13
290000,413,337,0,2.6196527e-09,2.8387381e-11,7.198371e-16,5.51624e-23,1.9585032e-16,1.1924753e-11
290000,365,266,0,2.1034603e-09,1.1179753e-15,7.1577417e-28,5.16e-43,1.8990713e-34,5.9297646e-13
290000,335,335,0,2.4109768e-09,2.7374193e-11,2.7123924e-35,0.0,5.71751e-17,3.7179665e-12
290000,330,184,0,2.0488797e-09,6.6212125e-14,2.0337107e-36,0.0,4.9397676e-35,1.9884783e-17
290000,434,75,0,2.0010633e-09,1.5023439e-11,9.91566e-15,7.0311513e-22,3.568321e-18,8.92484e-12
290000,403,150,0,2.2109503e-09,1.1267816e-11,8.799823e-25,9.79166e-40,1.02859635e-20,3.03141e-11
290000,355,213,0,2.0398658e-09,4.0021688e-17,3.5677312e-17,4.7880597e-26,1.3024375e-32,2.4180798e-14
290000,446,196,0,1.8778743e-09,1.3544244e-11,9.1314e-15,2.4029763e-20,6.848993e-22,7.0365665e-11
290000,150,282,0,1.930045e-09,1.4076259e-12,1.3178625e-30,0.0,5.142052e-23,2.3026196e-13
290000,323,291,0,2.4667974e-09,3.2858726e-11,1.921666e-33,0.0,3.607066e-16,2.8401884e-14
290000,63,445,0,1.8874413e-09,1.1223661e-11,6.6581627e-12,4.0810954e-15,2.4457395e-17,1.1872654e-11
290000,369,298,0,1.900979e-09,3.1771686e-12,1.1544436e-19,9.807844e-31,4.2613095e-22,2.2467375e-15
290000,223,266,0,1.9102615e-09,5.824463e-16,0.0,0.0,1.87094e-40,1.0870844e-27
290000,444,434,0,2.3036728e-09,3.6789352e-10,1.2648457e-13,4.4899596e-19,2.9535485e-11,2.3223233e-10
290000,402,404,0,2.1680289e-09,1.2959152e-10,1.1854177e-19,2.9061936e-27,1.6647017e-10,3.4320552e-12
290000,387,86,0,2.0272055e-09,1.8619738e-11,5.9759155e-18,2.6961848e-25,1.6718248e-17,3.57159e-13
290000,324,310,0,2.5959601e-09,6.723995e-11,0.0,0.0,5.5762893e-14,2.476554e-12
290000,211,222,0,2.4743618e-09,6.7492123e-12,3.879e-42,0.0,4.3727065e-20,2.1414756e-16
290000,181,222,0,2.8140759e-09,6.720637e-15,0.0,0.0,6.082e-42,5.0642235e-18
290000,258,327,0,1.8853052e-09,5.748665e-13,0.0,0.0,1.481788e-24,6.0342675e-16
290000,326,316,0,2.3626783e-09,6.892499e-12,0.0,0.0,1.3008856e-18,1.2293032e-15
290000,236,433,0,2.407305e-09,1.9283389e-11,1.7882538e-22,4.6832507e-35,1.6838212e-16,5.000785e-11
290000,111,290,0,2.0869655e-09,1.6208987e-11,3.5695872e-28,2.1e-44,5.5140286e-18,4.074762e-14
290000,313,431,0,2.416279e-09,2.0237859e-10,1.3694007e-16,2.9115757e-25,7.804902e-13,5.958979e-12
290000,299,294,0,2.0300137e-09,1.6658121e-11,3.64e-42,0.0,4.5087676e-19,4.2657195e-17
290000,123,315,0,2.4869962e-09,2.2724468e-11,6.166161e-30,0.0,6.872802e-16,3.9504363e-15
290000,193,333,0,2.4055666e-09,2.530313e-19,2.2e-44,0.0,0.0,1.3700055e-13
290000,152,89,0,1.919446e-09,6.285705e-11,7.937903e-17,4.8907158e-23,1.8813466e-13,4.5528243e-12
290000,198,176,0,2.0274384e-09,1.2485445e-11,1.6912607e-18,1.1870749e-27,2.85665e-19,9.804902e-18
290000,327,279,0,2.607498e-09,6.500137e-11,1.0873112e-22,1.5436632e-33,9.1892334e-15,5.084009e-16
290000,64,142,0,1.9305297e-09,6.457811e-11,7.147891e-11,1.500058e-12,1.2645625e-13,1.6641769e-12
290000,315,110,0,2.2511009e-09,9.660989e-12,2.519528e-39,0.0,8.2523234e-20,6.20656e-11
290000,350,366,0,1.9408284e-09,3.0644799e-12,8.549943e-33,0.0,4.2618643e-22,1.0891917e-10
290000,323,306,0,2.5016134e-09,2.49945e-12,0.0,0.0,1.7706581e-23,2.7964995e-11
290000,417,128,0,2.6897895e-09,1.1371727e-12,2.6759925e-17,4.964633e-24,8.7563234e-26,4.049702e-10
290000,154,117,0,1.9360171e-09,5.591334e-13,5.2146787e-15,8.820123e-22,2.3807782e-26,1.3083782e-11
290000,444,151,0,1.9317132e-09,1.1237349e-11,1.8588969e-17,6.051206e-25,4.523628e-19,3.391162e-11
290000,186,417,0,2.1660913e-09,7.6776706e-14,4.0754692e-14,4.7916407e-19,2.164095e-22,1.983245e-15
290000,192,245,0,3.2220917e-09,3.551546e-11,0.0,0.0,8.8719644e-16,6.7808246e-12
290000,73,66,0,2.0844326e-09,6.1259266e-13,5.2369244e-19,2.2086262e-29,2.7412606e-28,7.356759e-11
290000,215,351,0,2.1318816e-09,5.969933e-13,8.500451e-12,7.432669e-15,1.0608117e-16,1.42941995e-11
290000,267,216,0,2.09674e-09,8.469189e-15,0.0,0.0,4.9704006e-34,2.5439764e-21
290000,114,90,0,2.1348932e-09,7.2613427e-13,2.0750704e-17,9.9479816e-26,1.7011127e-29,2.126379e-12
290000,204,429,0,3.2146412e-09,5.4077784e-12,2.7293307e-12,2.9673727e-16,5.2253956e-19,4.499443e-11
290000,365,141,0,1.9709194e-09,8.372669e-14,3.8808204e-14,3.7391323e-20,1.4971295e-24,4.303327e-12
290000,128,63,0,2.5535014e-09,3.6837814e-11,3.271893e-11,3.679005e-13,2.5872914e-14,2.0352684e-12
290000,403,144,0,2.1965558e-09,3.0096547e-13,8.1261125e-22,1.5803306e-32,7.4318585e-32,7.265087e-11
290000,412,214,0,1.9039001e-09,4.0432484e-11,2.8255187e-15,1.128686e-22,2.7971628e-14,2.2823247e-10
290000,309,193,0,1.9242952e-09,8.5277305e-17,2.1e-43,0.0,1e-45,2.5673962e-18
290000,275,220,0,2.142664e-09,2.6934718e-14,0.0,0.0,6.3206113e-35,1.4818135e-25
290000,263,196,0,2.0843063e-09,1.0842674e-15,0.0,0.0,2.4844e-41,6.382264e-17
290000,145,311,0,2.176657e-09,2.9242882e-22,1.01595415e-19,5.4626415e-29,1.2539814e-35,2.8621333e-12
290000,392,111,0,2.172221e-09,1.323817e-17,1.2996035e-13,5.075339e-19,6.624832e-23,2.207916e-17
290000,243,62,0,1.8692314e-09,1.2146033e-14,3.1202377e-22,2.1713686e-34,3.666881e-39,6.7038727e-12
290000,296,390,0,2.0722453e-09,6.2984826e-12,3.5522274e-23,1.8648837e-36,2.7531915e-20,3.8186195e-12
290000,220,335,0,2.0401467e-09,8.255141e-11,3.19942e-24,1.649942e-36,1.4128089e-12,6.358584e-17
290000,84,372,0,1.9730628e-09,7.130254e-13,3.0366797e-18,2.4556517e-28,4.149133e-29,4.3809675e-11
290000,76,60,0,2.0815674e-09,5.1807163e-11,1.8230428e-14,5.1836097e-20,1.3306011e-15,2.4943617e-11
290000,375,312,0,1.9303397e-09,2.5820562e-13,2.8496136e-20,2.2365374e-31,1.2252426e-27,1.786571e-11
290000,169,241,0,1.9281374e-09,8.90413e-15,1.56452e-40,0.0,8.610545e-33,1.6694677e-14
290000,395,101,0,2.3100852e-09,5.3437865e-14,4.0699147e-18,1.4713812e-27,4.7740625e-30,3.8819988e-14
290000,369,385,0,2.1106699e-09,3.445507e-13,7.8030327e-16,1.0928339e-22,1.1455408e-26,3.4827482e-12
290000,287,324,0,3.018782e-09,1.4619566e-20,0.0,0.0,0.0,5.1730772e-12
290000,295,316,0,2.415765e-09,1.1401498e-17,0.0,0.0,4.165e-42,4.6116637e-13
290000,286,268,0,2.0513713e-09,2.831995e-26,0.0,0.0,0.0,1.7843812e-25
290000,342,261,0,2.612456e-09,4.855226e-16,2.1811843e-28,7.24e-43,1.316884e-32,9.7698865e-17
290000,114,391,0,2.1566353e-09,8.4646304e-11,3.5877386e-13,1.6553492e-17,1.4128089e-12,1.7027756e-12
290000,266,179,0,2.0061315e-09,9.899003e-13,0.0,0.0,1.1629022e-26,1.0881776e-15
290000,197,326,0,2.4965723e-09,6.218883e-16,0.0,0.0,1.8931967e-33,2.7495556e-18
290000,226,321,0,2.0773598e-09,1.609181e-18,3e-44,0.0,3.2e-44,4.5941455e-25
290000,321,116,0,2.1457798e-09,8.436804e-13,1.31875e-40,0.0,3.9360996e-25,1.36376336e-11
290000,436,369,0,2.1875075e-09,2.5702785e-11,2.680204e-16,2.0879454e-23,2.2984663e-18,7.203392e-11
290000,184,328,0,2.2225541e-09,7.0310297e-22,2.2424e-40,0.0,0.0,2.5770517e-16
290000,100,332,0,1.99879e-09,1.8732601e-19,7.015074e-18,5.3242025e-27,1.2398384e-33,5.6230444e-11
290000,195,318,0,2.1622513e-09,1.7845934e-19,2.6961e-41,0.0,0.0,1.4270906e-21
290000,310,292,0,2.2315925e-09,8.0009865e-14,0.0,0.0,2.2778465e-27,1.1662008e-11
290000,155,446,0,1.9220385e-09,1.7248128e-10,5.480829e-18,8.831538e-27,7.424652e-12,1.5872768e-12
290000,354,113,0,2.1212574e-09,8.0662555e-13,5.3139e-41,0.0,3.9360996e-25,1.06957645e-14
290000,319,287,0,2.502917e-09,3.3746934e-14,9.499243e-35,0.0,3.288753e-32,4.6218723e-12
290000,280,119,0,1.9390989e-09,2.8391224e-13,1.2393733e-33,0.0,1.6678587e-31,1.8070694e-19
290000,389,139,0,1.9617157e-09,1.7842514e-11,1.2264911e-13,1.8101872e-18,9.103108e-18,5.057666e-15
290000,230,204,0,1.872966e-09,1.7179185e-14,1.31875e-40,0.0,2.8450625e-34,2.4999566e-14
290000,136,74,0,2.4553566e-09,2.8659724e-11,5.694669e-17,2.7012758e-26,3.3426934e-17,3.5122401e-13
290000,383,52,0,2.0258413e-09,2.1847708e-11,2.9765673e-12,9.532706e-16,5.7579484e-18,2.5041219e-11
290000,331,234,0,3.1193976e-09,6.068787e-11,7.940128e-34,0.0,1.0066676e-13,3.1568533e-18
290000,366,365,0,1.927191e-09,1.00148066e-13,9.303424e-21,1.1658558e-33,2.2778465e-27,2.7066346e-13
290000,390,344,0,2.3520597e-09,3.8272304e-13,1.8719291e-13,6.6846914e-17,7.7423976e-19,6.9028117e-12
290000,118,326,0,2.0029585e-09,1.01487195e-11,1.0777766e-17,1.5902986e-25,7.355369e-20,2.7087166e-11
290000,331,445,0,1.8716204e-09,1.5074646e-11,1.1052405e-12,5.615408e-17,8.632924e-20,2.9063276e-11
290000,112,414,0,1.9255697e-09,4.8449935e-11,4.5955595e-15,2.5303656e-22,1.8598462e-14,1.0777825e-10
290000,337,254,0,3.1727199e-09,1.988185e-22,5.310069e-37,0.0,0.0,2.6655614e-17
290000,225,357,0,2.2398177e-09,4.4673297e-12,1.25409474e-11,1.3850418e-14,2.0966145e-16,1.492172e-12
290000,292,102,0,2.1862367e-09,1.5348587e-11,2.0208827e-32,0.0,1.338386e-18,4.7084715e-12
290000,355,76,0,2.0559923e-09,3.130739e-11,2.8622584e-12,3.693505e-16,1.7630453e-17,9.0410947e-13
290000,54,431,0,1.9295152e-09,3.2333358e-11,1.172677e-16,1.9266625e-25,5.984788e-18,4.5536047e-11
290000,55,89,0,2.0035622e-09,6.6943265e-12,7.9021345e-22,2.3102933e-33,4.0730717e-21,1.1794613e-12
290000,208,367,0,2.068369e-09,1.6084379e-11,4.745749e-32,0.0,2.4669268e-18,2.5880815e-17
290000,107,96,0,2.126226e-09,5.324476e-12,3.745728e-15,1.679513e-22,9.729501e-21,7.753726e-14
290000,439,376,0,2.0832716e-09,6.063908e-11,1.7346191e-14,5.079154e-21,3.3817955e-12,2.1320034e-11
290000,193,55,0,1.921351e-09,1.0810056e-10,1.4230483e-24,2.445056e-39,9.814904e-15,4.632827e-12
290000,250,216,0,1.9099193e-09,8.029898e-11,0.0,0.0,5.4982364e-12,6.3649915e-13
290000,335,273,0,2.105827e-09,1.0052213e-14,1.6777229e-18,8.812937e-28,8.2720713e-32,1.2284274e-15
290000,316,298,0,2.308627e-09,2.5902911e-14,0.0,0.0,4.135965e-32,2.56776e-13
290000,331,365,0,2.119078e-09,1.2984236e-11,7.168397e-31,0.0,1.8915501e-17,9.239134e-14
290000,57,220,0,2.2048774e-09,1.4790211e-10,1.4970427e-12,1.8384358e-16,6.331877e-14,2.325455e-10
290000,181,414,0,2.1613762e-09,2.3180513e-13,4.442174e-14,3.957943e-20,3.897742e-24,4.530998e-14
290000,161,126,0,1.9683306e-09,7.141603e-11,7.4245316e-23,1.1780995e-36,1.8822056e-13,5.8348666e-11
290000,203,419,0,2.3179394e-09,9.967873e-13,1.065148e-16,1.4093484e-25,2.3113922e-26,1.3913981e-11
290000,357,181,0,1.9852866e-09,6.6794105e-12,2.125159e-37,0.0,6.5699673e-22,1.3693767e-19
290000,362,201,0,2.1206763e-09,1.9604466e-11,1.8598709e-28,3e-45,4.6223974e-17,1.7576494e-14
290000,207,141,0,1.8827497e-09,6.953294e-18,4.141536e-32,0.0,1.02177e-40,5.3547176e-17
290000,112,271,0,2.0492084e-09,1.9439677e-15,4.1027384e-25,5.1356e-41,2.2159e-41,3.1840567e-16
290000,406,408,0,2.1531927e-09,4.2930395e-11,2.7104386e-18,7.297596e-26,4.529719e-17,3.0580435e-13
290000,72,250,0,2.0611028e-09,8.350112e-12,7.507114e-11,5.0354214e-13,2.8714176e-14,2.3791196e-11
290000,148,262,0,2.1292381e-09,5.1334436e-13,1.5251858e-36,0.0,2.125087e-26,1.2401551e-12
290000,118,124,0,1.9824935e-09,8.264091e-16,1.5860713e-24,7.4934e-41,5.67815e-39,4.4939142e-15
290000,142,199,0,2.150057e-09,5.048947e-11,2.223826e-39,0.0,3.7888316e-16,2.363858e-11
290000,172,134,0,1.9125408e-09,6.908084e-11,1.8230428e-14,5.1836097e-20,3.3817955e-12,7.7493017e-16
290000,444,440,0,2.161296e-09,3.4108428e-11,1.6507539e-12,1.4065768e-16,6.000656e-18,7.262237e-11
290000,103,244,0,2.117989e-09,1.2469408e-11,1.1542656e-26,9.7e-44,2.7183644e-19,2.2518725e-15
290000,127,379,0,1.9783226e-09,2.4608595e-17,3.7667643e-16,2.6618985e-24,2.510062e-30,9.015906e-12
290000,195,246,0,3.4993897e-09,2.7139129e-12,0.0,0.0,1.4733252e-23,6.220746e-13
290000,60,203,0,2.0714659e-09,3.7747812e-11,1.8786198e-18,7.1436873e-28,5.7833793e-18,7.6998095e-12
290000,218,436,0,2.1954474e-09,1.8178592e-11,4.1998696e-14,1.6213223e-20,9.102327e-18,4.6516773e-11
290000,291,129,0,2.1959212e-09,5.3012226e-12,3.6860965e-17,7.367308e-25,3.2018385e-22,1.2020573e-20
290000,342,417,0,1.8823734e-09,1.3362267e-11,1.5730331e-10,1.0317997e-11,2.470868e-12,1.2486703e-11
290000,268,359,0,1.9581665e-09,1.3328659e-12,6.26026e-20,3.8039986e-28,1.9514148e-22,5.0634495e-14
290000,91,250,0,2.2200775e-09,5.367567e-13,1.6040602e-14,1.8600964e-20,8.480736e-25,1.1000109e-11
290000,404,352,0,2.1795634e-09,2.5739417e-14,1.7580756e-18,4.6452517e-27,1.22959244e-32,1.30420605e-11
290000,296,281,0,1.9665416e-09,2.657692e-15,0.0,0.0,5.5822734e-34,2.1595146e-19
290000,310,434,0,2.443659e-09,1.4370291e-11,1.03028025e-16,8.1379507e-25,6.2267187e-22,4.322804e-13
290000,416,352,0,2.0243593e-09,9.2486647e-14,3.42277e-11,1.4861953e-13,7.324712e-15,8.395846e-11
290000,413,427,0,1.8952295e-09,3.8843474e-11,3.817162e-28,0.0,5.8768256e-19,5.154412e-16
290000,75,333,0,2.0585744e-09,4.716768e-25,5.4572876e-35,0.0,0.0,3.8409505e-11
290000,256,231,0,1.9290962e-09,4.8945084e-14,0.0,0.0,1.0920097e-32,4.470941e-12
290000,145,354,0,1.9039021e-09,1.6083405e-11,1.7269523e-16,3.4245744e-25,2.4669268e-18,4.8526308e-11
290000,223,161,0,2.2269124e-09,2.952391e-18,1.4431266e-21,1.4436411e-30,7.332571e-37,5.4745602e-17
290000,382,283,0,2.1974207e-09,3.4988507e-12,1.0441389e-24,2.826502e-39,1.8959654e-21,1.5862363e-17
290000,366,124,0,1.9390973e-09,5.914554e-12,5.2300994e-30,0.0,7.289561e-21,2.634966e-11
290000,373,262,0,2.1803626e-09,2.8379573e-12,8.790673e-21,1.6984925e-32,2.2132253e-23,6.768554e-12
290000,440,176,0,2.1046553e-09,3.742449e-12,4.4762542e-13,3.717589e-18,9.91306e-22,6.395585e-14
290000,298,201,0,1.9619735e-09,4.727312e-20,0.0,0.0,0.0,5.7182464e-11
290000,394,171,0,2.0279471e-09,5.9390917e-12,9.8772946e-14,1.3107694e-18,7.401638e-22,2.3261032e-11
290000,242,390,0,2.0911253e-09,2.8017911e-11,5.4803646e-26,4.131e-42,5.2242042e-20,1.6616491e-11
290000,95,408,0,1.989797e-09,3.2483842e-11,2.617315e-12,1.347562e-15,1.8999377e-15,6.484898e-11
290000,350,259,0,2.1662867e-09,1.6964077e-18,9.873067e-31,0.0,0.0,5.0929123e-13
290000,414,307,0,2.529765e-09,6.29152e-12,1.5920193e-21,9.363261e-34,4.0162553e-19,5.992439e-15
290000,304,336,0,2.5857219e-09,1.889167e-17,5.442431e-31,0.0,4e-45,2.162734e-24
290000,422,329,0,2.2899629e-09,1.5805055e-11,5.085568e-21,1.0540956e-31,1.338386e-18,3.0414592e-16
290000,211,434,0,2.4944131e-09,1.1998222e-11,1.8859291e-12,8.568593e-17,1.3598274e-19,1.498593e-10
290000,302,89,0,2.0840794e-09,8.063691e-11,7.940192e-28,0.0,1.9042413e-12,4.8227342e-11
290000,97,161,0,1.8715576e-09,2.0092487e-11,6.610569e-20,6.298778e-31,3.7398556e-17,1.4610674e-11
290000,275,175,0,2.0586932e-09,4.1474992e-14,0.0,0.0,4.705899e-33,7.16742e-11
290000,285,302,0,2.1863205e-09,1.24389685e-14,1.6238242e-25,9.815461e-38,7.902591e-29,5.7183844e-11
290000,58,284,0,1.9377593e-09,5.8115613e-11,3.5915143e-22,1.9816086e-36,1.8942123e-10,1.7968778e-11
290000,151,54,0,1.8759807e-09,5.9709217e-12,2.5559836e-13,1.307306e-18,6.066658e-21,8.954179e-11
290000,355,192,0,2.016569e-09,6.178134e-12,1.0630138e-38,0.0,9.729502e-21,4.780629e-12
290000,419,109,0,1.9378197e-09,2.0125802e-12,8.137193e-12,6.546046e-15,4.2675694e-17,2.3148633e-14
290000,218,421,0,2.0278592e-09,1.36954545e-11,4.1385363e-13,2.319901e-17,1.2663922e-18,1.9131627e-11
290000,267,256,0,2.287277e-09,4.5175713e-16,0.0,0.0,0.0,5.961834e-25
290000,356,276,0,2.4959017e-09,2.5042658e-19,4.224743e-25,1.1200001e-38,0.0,1.5645027e-15
290000,278,382,0,1.9253628e-09,1.7569297e-12,6.920819e-24,4.571036e-39,4.0225684e-22,5.932888e-14
290000,79,275,0,3.0536524e-09,1.19544565e-11,5.4061786e-23,1.2536544e-35,3.979825e-18,2.50003e-11
290000,251,402,0,2.0165014e-09,2.4588623e-11,1.9193254e-27,2.272e-42,2.2040358e-17,3.9651613e-13
290000,244,309,0,1.9054422e-09,7.238245e-22,0.0,0.0,0.0,4.594518e-19
290000,353,63,0,2.1892819e-09,1.2862448e-12,4.944276e-12,2.350302e-15,1.2942719e-17,3.308754e-11
290000,160,296,0,1.926479e-09,9.2913226e-11,3.691702e-35,0.0,3.4385025e-13,6.2126485e-17
290000,401,116,0,2.1943853e-09,4.5066425e-14,1.8403741e-10,5.867325e-11,5.4550347e-11,3.2498416e-12
290000,178,102,0,2.1457494e-09,3.7837487e-18,7.03873e-22,2.3697145e-33,1.0737e-41,2.5897346e-12
290000,435,255,0,2.0568784e-09,1.7395957e-12,3.42797e-13,2.5412085e-17,4.1887518e-20,3.0420165e-12
290000,118,286,0,2.1403253e-09,6.7836465e-13,4.2781494e-19,4.733138e-30,3.373554e-25,2.2629526e-13
290000,296,336,0,3.4201595e-09,1.4802683e-22,2.65178e-40,0.0,0.0,1.0572057e-20
290000,236,171,0,1.9151039e-09,6.657294e-24,1.74e-43,0.0,0.0,2.1371995e-16
290000,100,257,0,2.4464448e-09,6.513912e-12,2.291517e-25,6.4844e-41,1.3989204e-19,3.0272097e-17
290000,123,431,0,1.8815574e-09,1.3191499e-13,3.5243374e-14,2.809645e-18,9.700033e-21,6.138432e-13
290000,99,253,0,2.5509956e-09,2.9523944e-12,2.1903757e-22,6.117452e-36,1.729565e-22,2.8682816e-15
290000,141,447,0,1.9026278e-09,1.3526493e-11,6.4955076e-11,6.324719e-13,3.9265222e-14,3.3130353e-11
290000,77,210,0,2.1458226e-09,1.23469915e-11,1.735442e-14,3.6320512e-20,2.0221278e-19,1.7119563e-11
290000,325,257,0,2.0746804e-09,1.369309e-15,4.23e-43,0.0,0.0,8.6051866e-21
290000,378,59,0,2.146059e-09,7.534225e-12,5.283913e-19,2.2092293e-29,2.5804398e-20,1.038974e-10
290000,265,128,0,2.2860018e-09,5.241253e-11,8.080412e-28,0.0,1.8813323e-13,8.6456165e-18
290000,445,242,0,1.9002142e-09,8.621816e-12,7.7578545e-15,1.2372881e-21,2.772002e-21,2.2273626e-12
290000,434,420,0,2.3815394e-09,1.6405807e-12,3.9864826e-15,2.8170403e-21,1.3082973e-25,4.1896094e-11
290000,397,284,0,2.0592634e-09,1.4619357e-10,3.6411146e-30,0.0,1.2544413e-12,6.1964813e-12
290000,72,125,0,1.8936848e-09,1.1101488e-11,4.0878465e-20,1.7174522e-30,9.259871e-18,9.012298e-12
290000,163,193,0,1.89679e-09,2.9869957e-11,1.1e-44,0.0,5.6097186e-17,3.4905783e-11
290000,336,341,0,2.2812325e-09,5.7690302e-12,1.1196338e-31,0.0,4.2861087e-22,3.0774828e-14
290000,343,297,0,1.887333e-09,5.455016e-16,2.2584416e-26,4.97999e-40,2.4385237e-36,3.1840564e-16
290000,419,155,0,2.0854412e-09,7.631307e-12,2.1509204e-18,1.5816245e-28,1.1764506e-20,2.3626803e-14
290000,135,211,0,2.0390125e-09,4.7841654e-11,7.173932e-24,4.0848748e-36,6.521349e-16,1.428012e-19
290000,438,338,0,2.154262e-09,5.3637392e-14,1.2025679e-28,2.4e-44,3.4744693e-31,1.1144174e-10
290000,181,220,0,2.783846e-09,2.2339938e-14,0.0,0.0,3.107603e-38,1.0438185e-16
290000,147,303,0,2.0679396e-09,4.578599e-19,2.0682588e-28,1.81e-43,0.0,3.0897062e-12
290000,275,325,0,1.9978426e-09,4.513946e-21,1e-45,0.0,0.0,4.4640474e-13
290000,309,313,0,1.9966675e-09,4.9589783e-19,0.0,0.0,0.0,2.9456868e-13
290000,370,74,0,2.2217954e-09,2.442174e-13,1.811382e-21,1.9166702e-34,1.7014843e-31,4.3383165e-11
290000,73,291,0,2.0113196e-09,1.4627114e-11,2.2459496e-27,3.9e-44,7.590774e-19,3.2519124e-13
290000,376,146,0,1.9737183e-09,1.415814e-13,5.54726e-15,4.0591203e-21,1.6104603e-25,1.11559186e-10
290000,136,179,0,2.1826982e-09,1.4159255e-11,0.0,0.0,2.8566502e-19,2.7964995e-11
290000,411,339,0,2.682423e-09,2.6256655e-11,1.7379626e-16,1.1878196e-23,4.406258e-17,3.6168634e-11
290000,287,442,0,1.923611e-09,1.17989715e-11,1.4972803e-12,1.8384358e-16,3.5400171e-19,1.0641874e-12
290000,85,416,0,2.4082523e-09,3.1479838e-12,4.796765e-18,3.3748244e-28,1.31981925e-20,4.230217e-11
290000,219,315,0,1.9964952e-09,1.8933661e-14,0.0,0.0,2.400982e-31,1.5565176e-29
290000,136,369,0,2.320915e-09,8.044272e-17,2.741153e-11,3.6582865e-14,5.877445e-16,1.6149688e-15
290000,434,138,0,2.0987356e-09,9.281158e-11,8.6508416e-26,3.589845e-37,3.72202e-12,7.057193e-11
290000,113,237,0,2.0169695e-09,1.5754049e-11,4.4437683e-33,0.0,7.631203e-20,5.87206e-13
290000,428,53,0,1.9639468e-09,2.5369057e-10,1.3000971e-12,3.6057256e-17,6.496621e-11,1.40980535e-11
290000,189,112,0,1.9001847e-09,7.565181e-15,7.074034e-21,2.0420279e-31,4.4301484e-37,1.1408224e-12
290000,73,165,0,1.8750554e-09,1.9410544e-11,3.388996e-27,3.5e-44,2.557274e-17,2.6659277e-11
290000,124,246,0,1.9958664e-09,3.9144837e-11,1.649942e-30,0.0,7.548951e-15,2.5366978e-13
290000,235,342,0,1.9784971e-09,2.2467365e-11,5.1636963e-20,5.9235195e-29,5.6480003e-16,1.6918934e-13
290000,142,319,0,2.0651936e-09,5.7272914e-18,5.6210218e-14,1.4044246e-19,1.630841e-23,1.059396e-12
290000,264,203,0,2.1219924e-09,1.1518924e-13,0.0,0.0,4.9191367e-27,2.2273085e-14
290000,255,352,0,1.8975521e-09,1.1600666e-11,2.3333066e-36,0.0,1.977061e-19,1.0720358e-11
290000,432,157,0,2.0215014e-09,4.352953e-11,3.3839827e-11,1.12436956e-13,3.030864e-14,5.1962126e-11
290000,203,241,0,2.5528544e-09,1.5336052e-13,0.0,0.0,3.8582222e-28,1.6285698e-15
290000,204,289,0,2.10811e-09,5.0255806e-13,0.0,0.0,4.4394648e-26,4.1749447e-18
290000,108,392,0,2.1508306e-09,7.708753e-12,3.5370188e-12,5.5779253e-16,1.0026418e-18,4.109815e-12
290000,420,316,0,2.90713e-09,1.4501134e-13,1.7253025e-21,1.3896312e-35,6.538867e-31,3.1285416e-19
290000,327,191,0,2.1065494e-09,4.682385e-16,1.1238523e-29,0.0,1.223e-41,6.915338e-17
290000,178,293,0,1.9647093e-09,2.6762495e-13,1.1853591e-19,2.9061936e-27,3.6172443e-29,2.8114481e-12
290000,340,111,0,3.0508323e-09,1.3940676e-13,1.2429168e-35,0.0,1.063415e-32,9.347403e-17
290000,154,75,0,1.935572e-09,7.2066395e-11,1.4806836e-14,3.251239e-21,7.424375e-12,6.555503e-11
290000,380,166,0,2.298557e-09,9.059611e-15,2.2859934e-14,2.2406072e-20,9.201217e-25,4.472976e-12
290000,368,251,0,2.4675753e-09,4.5264272e-13,1.9291586e-27,7.8e-44,1.7999703e-27,2.5863226e-11
290000,257,424,0,1.887105e-09,4.5253853e-11,2.2795688e-23,2.5517472e-37,4.7288744e-15,2.8447822e-11
290000,310,390,0,2.0553619e-09,1.5289587e-12,3.929917e-12,1.5395383e-15,8.00727e-18,1.354967e-12
290000,88,281,0,2.5171174e-09,1.038945e-12,5.1041723e-13,8.978705e-18,3.932841e-21,1.8707427e-12
290000,345,97,0,2.0549846e-09,4.0275807e-11,2.0426263e-27,2.155e-41,7.4561383e-16,1.2742474e-10
290000,145,207,0,2.0993398e-09,1.2786998e-12,9.486162e-33,0.0,8.0834905e-23,1.6048285e-15
290000,336,378,0,1.9673714e-09,1.746409e-16,2.6715176e-17,2.4585747e-25,5.816455e-31,3.3049282e-11
290000,336,130,0,1.9212196e-09,1.1024957e-12,0.0,0.0,2.6577155e-25,3.490578e-11
290000,378,174,0,2.357743e-09,1.1976204e-14,3.945107e-17,2.0540246e-26,1.9540435e-33,2.4343782e-11
290000,290,251,0,2.1919835e-09,6.0686503e-27,0.0,0.0,0.0,1.3060333e-14
290000,325,92,0,2.7722007e-09,2.7370483e-15,2.4149011e-14,5.4705983e-19,5.972402e-22,2.6823723e-12
290000,363,209,0,2.148752e-09,4.158591e-13,8.790673e-21,1.6984925e-32,4.4650298e-27,3.509325e-17
290000,56,262,0,2.5612634e-09,3.146278e-12,7.7331554e-19,5.090271e-29,2.3302978e-23,3.3304132e-12
290000,211,173,0,2.0106152e-09,1.4028877e-14,9.075664e-32,0.0,6.0792725e-29,7.76901e-13
290000,296,329,0,2.964323e-09,4.7430077e-24,0.0,0.0,0.0,8.758673e-17
290000,123,224,0,2.4527256e-09,3.5510898e-12,4.7169467e-20,4.1699167e-31,2.4765027e-22,1.38510045e-11
290000,84,390,0,2.0900366e-09,4.5391187e-11,4.8996035e-14,3.9832508e-20,1.1470109e-15,1.6337801e-11
290000,165,174,0,1.8795838e-09,2.078539e-12,1e-45,0.0,1.1252062e-25,3.885114e-12
290000,272,234,0,1.9314432e-09,3.5987625e-13,0.0,0.0,6.34389e-30,5.242657e-22
290000,104,340,0,1.9992974e-09,1.12025284e-13,5.162143e-22,5.45983e-34,1.3097638e-28,5.3128357e-12
290000,179,347,0,1.9287374e-09,1.777574e-17,4.178936e-21,2.2180331e-33,1.319e-42,2.7192776e-14
290000,156,239,0,1.9119666e-09,5.9722957e-13,1.7561276e-33,0.0,3.8891197e-28,5.823098e-14
290000,183,284,0,1.9671382e-09,7.384208e-16,2.8548643e-30,0.0,2.6187774e-36,1.8526627e-13
290000,373,349,0,1.9165047e-09,2.0294313e-12,1.6344884e-18,1.1349928e-26,7.1380296e-25,4.048076e-15
290000,415,313,0,2.681399e-09,1.2889937e-14,1.995942e-23,5.990498e-39,9.0217887e-32,8.155518e-19
290000,152,340,0,1.8954216e-09,4.031084e-11,4.3482183e-21,1.6766636e-34,1.4779986e-14,9.101454e-15
290000,330,329,0,2.414082e-09,1.9503226e-13,4.3478784e-36,0.0,2.0140044e-30,6.922861e-14
290000,321,107,0,2.3315239e-09,1.6208703e-11,2.7555265e-30,0.0,5.5140286e-18,1.5882188e-11
290000,297,382,0,2.1143585e-09,3.2542296e-13,6.369896e-20,1.3817811e-31,1.422274e-32,6.627207e-11
290000,174,224,0,2.2316975e-09,1.0496063e-12,0.0,0.0,5.9630404e-27,1.3469273e-19
290000,290,325,0,3.3944223e-09,8.888554e-22,0.0,0.0,0.0,8.2596647e-13
290000,191,351,0,1.972466e-09,1.0060526e-18,1.9847326e-32,0.0,0.0,1.286893e-12
290000,103,226,0,2.073242e-09,4.505278e-12,1.8812623e-30,0.0,6.047676e-22,2.0336583e-14
290000,85,209,0,2.049995e-09,4.2818384e-11,5.8474735e-20,1.50490755e-30,1.5490803e-15,4.5516e-13
290000,132,332,0,1.9301127e-09,1.5786721e-12,1.7740853e-26,1.146e-42,8.874857e-24,1.5189808e-12
290000,197,243,0,3.338755e-09,7.2212093e-13,0.0,0.0,2.8212957e-26,1.9342752e-12
290000,187,70,0,2.0827426e-09,1.0145544e-12,1.4181242e-23,2.686538e-36,2.0702981e-28,4.214471e-12
290000,54,316,0,1.9279942e-09,1.8990739e-13,1.8356727e-21,3.0887175e-34,1.1006044e-30,9.051239e-12
290000,384,248,0,2.0342166e-09,9.4318664e-14,5.6125185e-25,5.885224e-39,5.203832e-27,5.511932e-12
290000,388,319,0,2.154688e-09,5.0153226e-18,6.440125e-18,1.8072716e-28,1.5115046e-36,2.1635907e-11
290000,138,150,0,2.284496e-09,1.0838939e-15,5.2140117e-34,0.0,7.5918074e-38,1.205467e-14
290000,94,432,0,1.9010749e-09,4.6017294e-11,2.4061387e-25,2.029e-42,1.1404512e-14,6.7332567e-12
290000,336,257,0,3.7958374e-09,3.267335e-22,1.1568571e-34,0.0,0.0,9.162948e-19
290000,68,192,0,2.4002225e-09,1.7506872e-12,3.044762e-19,4.6678448e-29,2.914447e-24,1.6767372e-11
290000,299,147,0,1.8898638e-09,5.7935813e-12,1.0791754e-18,4.7253398e-29,4.7467374e-22,1.1729835e-11
290000,55,225,0,2.173557e-09,4.8164633e-10,3.980398e-14,4.7906987e-19,3.889002e-09,2.5533353e-10
290000,137,373,0,2.336934e-09,4.6307344e-19,4.7131357e-12,1.4580773e-15,6.975851e-18,3.361768e-13
290000,324,416,0,1.908322e-09,1.7679056e-11,3.977933e-14,4.790698e-19,7.330669e-18,1.38917315e-11
290000,191,327,0,2.6515208e-09,2.9889283e-20,0.0,0.0,0.0,2.3997192e-16
290000,327,87,0,2.9038516e-09,3.3345223e-13,1.0698476e-16,1.9233256e-23,5.4404107e-28,1.5117048e-15
290000,271,73,0,1.8772035e-09,3.701173e-11,5.507221e-19,2.2024568e-30,3.3301661e-15,7.35153e-12
290000,325,60,0,2.0153246e-09,8.218879e-15,2.1200565e-22,5.074784e-35,1.0448e-41,7.613224e-11
290000,87,183,0,1.913296e-09,8.3550916e-11,1.604506e-12,5.8256163e-16,1.6310357e-13,5.843793e-13
290000,61,100,0,2.151109e-09,7.6289024e-11,5.2386113e-19,1.0942119e-27,8.854121e-16,2.0889336e-12
290000,78,193,0,2.0588724e-09,1.507575e-10,1.00739186e-19,1.2177654e-29,1.254444e-12,1.2834615e-11
290000,198,370,0,2.039234e-09,5.04805e-12,4e-45,0.0,1.81379e-21,1.9119122e-19
290000,365,248,0,2.3413576e-09,3.5009613e-11,5.571879e-22,4.3507544e-34,6.7304454e-16,5.3709635e-13
290000,362,87,0,2.0051714e-09,2.3907076e-12,7.1579684e-16,6.4031654e-24,3.3871052e-23,8.590199e-11
290000,215,62,0,1.9637125e-09,7.369471e-11,3.4172086e-22,1.264763e-34,1.6568642e-16,1.1824216e-17
290000,194,265,0,1.9281763e-09,2.7018526e-19,1.1568565e-34,0.0,0.0,9.7501537e-20
290000,421,304,0,2.2499338e-09,1.1648313e-12,3.258265e-15,7.904777e-22,1.185585e-23,1.3654654e-12
290000,337,208,0,2.2398834e-09,7.0804427e-19,9.000862e-14,8.5892563e-19,3.2440752e-22,5.1730216e-15
290000,298,431,0,2.0627895e-09,2.7774446e-11,2.2109291e-16,2.0917065e-23,1.7774641e-18,5.240208e-11
290000,56,375,0,1.869044e-09,1.7176501e-13,2.1945336e-11,5.7001767e-14,1.1159989e-15,9.858643e-13
290000,130,263,0,2.1411601e-09,1.2115482e-12,2.8799977e-23,1.8800532e-36,1.0348812e-23,1.5063784e-22
290000,123,116,0,1.984588e-09,8.7530167e-16,5.331133e-26,3.43e-43,0.0,5.775138e-11
290000,322,97,0,2.435451e-09,4.139088e-13,1.4778012e-19,1.9842218e-28,1.3534719e-30,8.430587e-12
290000,277,297,0,2.2476527e-09,6.210926e-22,1.9068332e-12,3.8473926e-15,1.5854514e-16,7.509688e-13
290000,364,170,0,1.960602e-09,1.101849e-11,1.7288697e-29,0.0,1.1384821e-18,3.3466847e-18
290000,163,320,0,2.2001585e-09,6.232564e-13,1.0286004e-25,7.16376e-40,3.9682925e-22,5.2693192e-17
290000,294,266,0,2.0783675e-09,1.0197464e-19,0.0,0.0,0.0,1.4187102e-22
290000,388,286,0,2.2531423e-09,4.2359502e-13,4.417283e-27,1.675e-42,2.342023e-27,1.1799215e-16
290000,405,345,0,2.3636268e-09,3.887917e-12,7.6805104e-13,3.8092484e-17,6.3166265e-20,6.0215304e-13
290000,326,282,0,2.6915936e-09,8.9450355e-13,4.0117273e-24,2.4587704e-36,3.0853906e-23,2.518495e-16
290000,139,75,0,2.4460647e-09,3.6555294e-12,2.860959e-14,8.865111e-21,1.1604399e-24,3.1215877e-11
290000,121,57,0,2.1951727e-09,9.312097e-12,1.5362542e-18,2.448037e-29,7.910586e-20,4.34348e-13
290000,420,320,0,2.861947e-09,4.3836957e-12,9.298026e-25,1.1287e-41,9.048669e-23,3.951727e-18
290000,99,66,0,2.1043363e-09,4.1754707e-11,1.6851546e-22,5.0736184e-35,5.442753e-14,1.5296335e-11
290000,412,276,0,1.9800517e-09,1.3604455e-10,5.0995134e-37,0.0,3.3964762e-09,4.2953634e-15
290000,339,358,0,2.0395121e-09,6.906391e-11,7.8745384e-38,0.0,4.431737e-14,8.99361e-14
290000,387,274,0,2.0538145e-09,2.688913e-11,4.3122685e-15,2.8661703e-21,1.9368825e-15,9.81026e-13
290000,289,134,0,2.1896644e-09,9.570437e-12,1.0304783e-13,3.5946705e-19,1.409141e-20,3.2838402e-21
290000,336,222,0,2.0557842e-09,2.5964528e-12,1.3895716e-21,5.8960662e-33,6.047328e-22,1.9342809e-12
290000,220,165,0,2.2620472e-09,4.7764303e-14,7.202891e-27,1.604728e-39,1.0407301e-26,2.117682e-13
290000,145,269,0,2.2780522e-09,6.7890694e-14,2.0429156e-29,0.0,7.968633e-30,2.7721772e-17
290000,435,333,0,2.2367372e-09,1.5474503e-13,1.747401e-28,1e-45,4.754833e-28,1.39728455e-11
290000,426,321,0,2.56332e-09,6.422793e-14,3.3875732e-22,1.05774446e-35,8.4611184e-32,8.303166e-15
290000,282,294,0,2.289033e-09,1.9964288e-19,2.4906189e-20,9.859851e-29,1.3003507e-34,3.3551997e-13
290000,325,84,0,2.8437883e-09,1.6908613e-12,8.065937e-17,4.639367e-25,1.4255532e-26,1.3160845e-15
290000,88,418,0,2.4124176e-09,9.800703e-13,9.405044e-22,8.91755e-35,7.9546193e-28,1.4301315e-11
290000,265,402,0,2.0103403e-09,1.963436e-12,1.2264911e-13,1.8101872e-18,7.8733347e-22,4.6582453e-11
290000,323,357,0,1.9734727e-09,2.9263986e-17,2.8819263e-25,7.269827e-38,5.61926e-40,2.1946596e-19
290000,293,324,0,3.255097e-09,4.9636597e-22,0.0,0.0,0.0,2.5619342e-13
290000,277,366,0,1.9514064e-09,1.480215e-13,5.8151064e-21,1.2976082e-30,7.9922295e-27,3.2418475e-14
290000,223,104,0,1.883639e-09,1.4293276e-12,1.0946782e-22,1.2455395e-34,1.0608829e-24,7.5614054e-13
290000,294,89,0,2.1663813e-09,9.394904e-11,6.601839e-33,0.0,2.170997e-13,1.2319854e-13
290000,226,130,0,2.4116165e-09,9.5271394e-24,2.446507e-27,1e-44,0.0,3.2088216e-13
290000,219,387,0,1.8739936e-09,7.6989306e-17,5.480365e-26,4.131e-42,0.0,2.9910085e-11
290000,104,275,0,2.0732713e-09,4.6861175e-13,2.4129921e-25,2.3964e-41,8.877858e-31,3.9103586e-12
290000,224,227,0,1.9190505e-09,9.653535e-12,0.0,0.0,8.2523234e-20,8.925969e-25
290000,64,251,0,2.132124e-09,7.014994e-11,7.0267485e-12,4.8116787e-15,1.3650876e-14,9.132596e-12
290000,91,307,0,1.8866015e-09,2.8938453e-15,6.5075085e-12,4.07864e-15,2.4453524e-17,1.0064103e-13
290000,354,132,0,1.968273e-09,2.8118593e-11,1.6932633e-29,0.0,1.4262113e-16,2.96288e-17
290000,420,225,0,1.9033934e-09,1.7906308e-12,8.023716e-14,2.4961925e-19,3.08219e-23,1.02010345e-11
290000,324,374,0,2.1034774e-09,1.8236638e-11,9.72342e-22,1.16349e-33,3.7398943e-17,2.7185528e-11
290000,65,425,0,1.9448414e-09,1.2211405e-10,1.3204072e-24,8.602e-41,5.5766196e-14,3.0189892e-10
290000,388,441,0,2.0778221e-09,2.8991705e-11,1.6202699e-11,2.926183e-14,5.2913767e-16,8.542996e-12
290000,137,418,0,1.8808965e-09,4.1409768e-11,1.7341122e-12,4.042078e-16,7.550759e-15,4.710184e-11
290000,439,315,0,2.3324112e-09,1.6006989e-13,5.279502e-20,1.0790044e-32,6.627147e-31,6.5711837e-12
290000,73,303,0,1.97052e-09,4.7015386e-13,5.2838756e-25,1.3942136e-38,5.5022455e-27,5.798096e-12
290000,355,97,0,2.1404263e-09,8.067659e-14,1.7798881e-23,1.206503e-36,2.0596702e-34,6.571365e-11
290000,115,98,0,2.1726219e-09,5.645886e-13,1.0590312e-11,6.8161038e-15,3.9933918e-17,1.8501185e-14
290000,184,444,0,1.8710398e-09,2.7346387e-11,1.0025843e-24,9.72748e-40,3.7453736e-17,6.0042145e-12
290000,376,74,0,2.3046025e-09,2.3768806e-12,1.0777768e-17,1.5902986e-25,2.4245005e-22,5.632428e-11
290000,199,167,0,2.028212e-09,4.074004e-16,2.3471985e-28,1.3e-44,1.98792e-40,3.4258887e-19
290000,98,361,0,1.989825e-09,2.0745192e-12,1.0176108e-19,5.4631663e-29,3.286149e-24,1.4429394e-10
290000,326,325,0,2.347961e-09,3.6963732e-16,4.621677e-37,0.0,3.564529e-39,6.5451956e-17
290000,447,421,0,2.0541808e-09,7.1589165e-11,4.2015104e-21,7.502305e-34,3.3885153e-15,6.0344844e-13
290000,329,146,0,1.8972224e-09,5.0571014e-12,0.0,0.0,2.395925e-21,2.5761529e-15
290000,143,183,0,2.0826245e-09,1.3893518e-10,0.0,0.0,1.1269199e-10,1.0682767e-11
290000,202,283,0,2.12722e-09,3.614636e-13,0.0,0.0,6.716207e-29,3.238886e-13
290000,145,148,0,2.1497726e-09,2.4201645e-13,2.9786333e-29,7.6e-44,1.9539761e-26,4.1353324e-16
290000,317,381,0,2.1138333e-09,3.4362475e-15,1.0814389e-15,3.0457418e-23,9.3871487e-29,4.6810407e-13
290000,371,379,0,2.1272726e-09,2.8111544e-13,2.1874993e-14,5.525033e-21,6.8993917e-26,1.4529343e-10
290000,127,60,0,2.6218756e-09,1.0096634e-10,3.005259e-13,7.164235e-18,4.4326505e-14,6.4491724e-12
290000,126,297,0,1.9596282e-09,2.0080087e-16,9.323221e-25,3.7785733e-38,6.651598e-37,5.5645093e-11
290000,386,342,0,2.318992e-09,9.0839044e-13,1.8719481e-13,6.6846914e-17,7.742397e-19,6.874003e-11
290000,315,230,0,1.900115e-09,2.9383888e-15,2.47483e-40,0.0,1.048e-41,2.7503773e-22
290000,231,119,0,1.971891e-09,2.0571725e-19,5.1783897e-25,1.9088963e-38,0.0,1.4303972e-10
290000,121,404,0,1.9448463e-09,2.0350048e-11,1.7279868e-15,5.4306144e-23,1.5373771e-18,3.1607817e-12
290000,411,95,0,1.9776083e-09,2.1687638e-13,4.2676794e-22,1.9064733e-33,5.204791e-27,6.862545e-11
290000,231,331,0,2.0646884e-09,4.076169e-16,2.3912334e-31,1e-45,1.535214e-39,5.064212e-18
290000,58,107,0,2.0539523e-09,1.8743104e-11,5.7246453e-18,2.4073453e-26,4.2809513e-18,2.8324819e-12
290000,194,90,0,1.88729e-09,9.844483e-13,3.1893704e-27,3e-45,1.7737381e-25,2.8948757e-12
290000,341,233,0,2.1396998e-09,3.4251892e-12,4.1877475e-27,8.59e-43,5.0824484e-25,1.5941714e-20
290000,359,106,0,2.143376e-09,2.581628e-12,5.806497e-33,0.0,3.6699064e-24,1.4706143e-10
290000,405,304,0,2.244988e-09,7.619821e-15,2.5256137e-30,0.0,1.6756584e-32,1.9087923e-15
290000,132,253,0,2.0709598e-09,8.645536e-11,4.0310258e-33,0.0,1.9245034e-14,6.1115214e-17
290000,126,223,0,2.4376976e-09,4.6232688e-12,6.154644e-18,1.4955042e-27,7.187144e-22,2.5356965e-12
290000,136,144,0,2.197112e-09,3.88168e-14,8.5553e-29,3e-45,3.1726058e-34,5.3910117e-14
290000,82,276,0,3.0815352e-09,2.015948e-12,4.4849474e-21,1.5797527e-33,3.185141e-25,1.1838404e-12
290000,344,328,0,2.0144055e-09,6.998605e-13,2.6268394e-30,0.0,3.3469287e-28,1.35265054e-11
290000,109,221,0,2.086953e-09,1.678022e-12,4.5166153e-30,0.0,5.941811e-23,4.0352822e-17
290000,411,66,0,1.874595e-09,5.2510742e-11,3.6480859e-22,1.07133726e-35,2.4489284e-13,2.418049e-12
290000,435,180,0,2.1061834e-09,4.2134583e-14,1.0829218e-18,7.010635e-30,2.5356772e-31,7.014104e-16
290000,129,183,0,2.095653e-09,6.3633356e-11,0.0,0.0,1.0066676e-13,4.2413325e-14
290000,168,152,0,1.8811774e-09,2.1025948e-11,6.797111e-30,0.0,6.4993504e-18,1.8073294e-16
290000,401,103,0,2.5726443e-09,1.8624687e-11,2.0942821e-19,3.3490167e-29,2.2038209e-17,1.8873072e-12
290000,287,82,0,1.9916726e-09,1.6022527e-11,1.0054759e-28,1e-45,3.9798294e-18,7.748166e-11
290000,100,131,0,1.8760304e-09,6.2682966e-12,1.3046021e-11,1.1184088e-14,7.139007e-17,1.0090084e-11
290000,422,290,0,1.925561e-09,3.392651e-11,1.9959823e-23,5.990505e-39,1.4134253e-18,5.9555915e-12
290000,313,403,0,1.9286992e-09,2.6839512e-12,6.95393e-21,6.454158e-30,2.0253858e-25,1.7753875e-11
290000,332,234,0,3.146753e-09,4.3563216e-11,9.689923e-34,0.0,2.1865874e-15,2.883691e-18
290000,172,101,0,2.1248117e-09,1.507656e-21,1.9579423e-15,5.9383934e-22,1.7677524e-26,8.665773e-11
290000,386,433,0,2.4945437e-09,3.764359e-11,9.8233514e-14,1.3107679e-18,2.526055e-16,1.5330687e-12
290000,330,69,0,2.0059716e-09,4.557319e-14,9.0246695e-18,2.2411702e-27,1.7110126e-34,4.4066297e-13
290000,410,162,0,2.0544892e-09,5.6235704e-11,1.3612216e-26,1.677e-42,3.1433658e-09,3.7546853e-15
290000,97,72,0,2.1042734e-09,2.6865803e-11,5.953956e-22,1.5371157e-35,7.1165145e-19,8.299271e-12
290000,111,305,0,1.9453212e-09,1.407563e-17,2.8424746e-25,7.745e-40,0.0,1.4924144e-11
290000,303,444,0,1.988206e-09,5.3769447e-11,1.9926376e-12,8.356043e-16,2.63524e-16,4.8796894e-11
290000,158,11,0,-1.1548264e-11,2.2953741e-09,2.137498e-13,1.4577752e-18,4.1188084e-09,1.5881406e-11
290000,300,31,0,-1.1070512e-11,2.2750948e-09,1.8584053e-17,2.28991e-26,4.1188084e-09,1.04068164e-10
290000,385,54,0,7.318435e-10,2.2797904e-09,7.7260335e-14,9.303428e-19,4.1188084e-09,4.342175e-12
290000,30,142,0,-1.2031655e-11,2.3118831e-09,2.1248229e-12,3.250252e-16,4.1188115e-09,1.8722594e-13
290000,33,145,0,-1.1059873e-12,7.569286e-11,5.5680434e-12,1.106743e-15,5.160599e-12,4.840919e-13
290000,304,24,0,-1.547823e-13,8.391647e-13,9.902493e-15,7.0309423e-22,2.8315113e-27,1.5328724e-11
290000,135,89,0,1.4828548e-10,2.2728914e-09,1.6833283e-17,5.997328e-25,4.1188084e-09,1.3280269e-10
290000,15,271,0,-5.701986e-13,4.000172e-11,1.1331916e-15,1.2591766e-23,2.550266e-16,3.1395667e-11
290000,235,407,0,7.136891e-11,2.2843802e-09,1.3497005e-31,0.0,4.1188084e-09,5.2319708e-11
290000,50,57,0,1.9990374e-11,2.2957694e-09,1.2532738e-15,1.3196357e-23,4.1188084e-09,5.6782974e-11
290000,494,498,0,-1.1323586e-11,2.3889293e-09,2.8246658e-11,2.4140325e-13,4.1231067e-09,6.1616344e-11
290000,3,72,0,-3.3936962e-13,2.547799e-13,5.1518967e-13,3.1833143e-17,4.520248e-20,8.1941266e-11
290000,104,110,0,4.884475e-11,2.3578757e-09,3.0283054e-13,1.0454232e-17,4.118853e-09,1.0164236e-10
290000,425,37,0,7.393077e-12,2.2880355e-09,1.0449663e-11,2.7782467e-14,4.1188093e-09,1.7842718e-10
290000,281,170,0,3.567067e-10,2.6335931e-15,1.7e-44,0.0,1.5486e-41,2.6269376e-10
290000,100,186,0,7.0724e-11,2.3053393e-09,5.1772326e-23,1.9300853e-37,4.118809e-09,6.082045e-11
290000,477,175,0,-1.2543497e-11,2.3391833e-09,1.1079042e-15,1.3249279e-23,4.11881e-09,1.0421567e-11
290000,218,490,0,-1.7235985e-12,2.1528347e-10,4.5272624e-22,1.9656906e-34,4.2860973e-13,1.0704301e-10
290000,22,252,0,-1.1861596e-11,2.3044597e-09,1.3683451e-11,1.12514385e-14,4.1188084e-09,1.011696e-12
290000,100,92,0,2.0221126e-10,6.192522e-14,7.233295e-14,9.664231e-20,4.2227026e-24,4.1496897e-12
290000,92,39,0,-1.0558718e-11,2.284613e-09,1.6634651e-14,1.8771043e-20,4.1188084e-09,7.2838185e-12
290000,285,474,0,-7.115309e-13,4.4309775e-11,1.0102979e-24,4.63138e-40,1.3602917e-17,1.0905756e-11
290000,127,192,0,3.5969333e-10,5.075626e-13,0.0,0.0,1.2956213e-24,1.3083477e-14
290000,40,470,0,-1.3278964e-11,2.4341782e-09,1.8181332e-14,1.7953048e-21,4.1243613e-09,2.7356645e-11
290000,31,355,0,-1.1156632e-11,2.2728996e-09,4.2139384e-14,3.159925e-20,4.1188084e-09,6.240961e-11
290000,460,419,0,3.3665872e-11,2.3687283e-09,2.276733e-19,1.07057864e-29,4.1188106e-09,1.7306776e-11
290000,461,49,0,-1.0601909e-11,2.3666271e-09,2.2622401e-13,5.3136847e-19,4.1298875e-09,1.7597855e-10
290000,208,333,0,1.0336447e-09,2.4891078e-13,1.103883e-30,0.0,6.233183e-24,1.2531845e-16
290000,352,5,0,-1.1479566e-11,2.3026328e-09,1.260503e-10,2.1875104e-12,4.1191672e-09,6.481785e-11
290000,190,261,0,3.8461095e-10,4.687975e-15,6.968877e-33,0.0,1.7370371e-29,3.2706027e-17
290000,141,498,0,-1.3096777e-11,2.4318636e-09,2.5796599e-17,1.3373686e-24,4.1192725e-09,1.9443251e-10
290000,15,95,0,-1.1670557e-11,2.2770947e-09,2.6790208e-17,1.4269665e-26,4.1188084e-09,3.405238e-11
290000,364,0,0,-1.5341546e-11,2.694844e-09,7.711004e-16,5.700533e-23,4.131307e-09,4.195963e-12
290000,118,9,0,-3.8664707e-13,2.8975171e-11,1.8498525e-14,1.0914205e-19,2.861702e-17,1.6697892e-10
290000,265,8,0,-1.1574806e-11,2.2773645e-09,6.852851e-11,8.9194694e-13,4.118869e-09,7.497754e-11
290000,463,338,0,-9.998754e-12,2.2745974e-09,3.4295466e-11,4.3828526e-13,4.118841e-09,5.061009e-11
290000,54,156,0,4.512011e-12,2.3169524e-09,2.1027403e-18,1.5206143e-28,4.118812e-09,2.9008858e-11
290000,103,490,0,-1.1427418e-11,2.3462041e-09,1.0152386e-12,9.4176505e-17,4.272743e-09,2.3441382e-10
290000,35,391,0,-1.1621957e-11,2.5364253e-09,1.2335007e-16,8.310396e-25,7.838499e-09,1.260856e-10
290000,437,198,0,1.1263496e-10,2.5542655e-09,2.7506927e-11,1.2070554e-13,4.1905355e-09,1.775438e-11
290000,484,53,0,-1.2858167e-11,2.4166174e-09,1.5279231e-12,7.6179496e-17,4.1190247e-09,1.377315e-10
290000,403,334,0,4.9350396e-10,2.2881084e-09,4.1838973e-16,1.360088e-22,4.1188084e-09,4.725345e-12
290000,104,17,0,-1.16067165e-11,2.276895e-09,1.5050151e-10,1.1406851e-11,4.121695e-09,2.442505e-13
290000,428,166,0,2.0957337e-10,1.6530698e-10,3.5588925e-13,1.6557762e-17,9.516886e-13,1.8321146e-10
290000,116,495,0,-2.2826933e-13,3.86162e-13,4.6342347e-18,1.0563052e-28,1.0286156e-23,4.9092615e-11
290000,290,431,0,2.9252384e-10,2.3462303e-09,1.693883e-10,7.3941174e-12,4.124765e-09,3.5159504e-11
290000,109,429,0,7.534448e-11,1.0261198e-10,3.027892e-18,2.455482e-28,5.200437e-12,1.0771434e-11
290000,476,315,0,-5.471643e-13,5.934055e-11,1.6700628e-10,8.590613e-12,1.9023218e-12,1.5610004e-12
290000,451,51,0,2.7410577e-11,2.3653328e-09,7.2283714e-11,9.883892e-13,4.118878e-09,9.409416e-11
290000,60,264,0,8.6763985e-10,7.1898654e-11,1.1357446e-22,8.7608875e-37,2.1724536e-12,2.2604823e-11
290000,37,186,0,2.3827073e-12,9.9219286e-11,4.3546868e-12,6.8548534e-16,1.2712226e-10,5.0832884e-13
290000,59,42,0,-1.148944e-11,2.3227384e-09,5.4207845e-14,2.479189e-19,4.118809e-09,1.7911787e-10
290000,281,464,0,-9.832453e-12,2.3126265e-09,1.7617351e-16,4.3941633e-25,4.1188084e-09,6.32203e-11
290000,294,9,0,-3.08978e-13,3.467312e-13,9.777471e-16,4.2571302e-23,1.7797774e-26,2.1675222e-11
290000,323,263,0,3.4111367e-10,2.2719089e-09,6.605394e-39,0.0,4.1188084e-09,1.4847265e-16
290000,115,382,0,2.3116419e-10,2.4096305e-14,3.5904435e-12,3.912895e-15,6.215357e-17,2.3614105e-12
290000,393,210,0,2.018922e-11,1.2359704e-15,3.270015e-19,3.1003882e-29,2.4212337e-36,7.676493e-13
290000,73,441,0,7.956184e-11,2.276126e-09,1.3287156e-21,1.4750962e-34,4.1188084e-09,1.37285495e-11
290000,333,311,0,3.6968734e-10,7.7436424e-13,3.612546e-39,0.0,5.5247615e-23,3.4238776e-17
290000,55,488,0,-1.2189199e-11,2.4003006e-09,6.78514e-15,2.7359994e-20,7.592001e-09,7.054229e-11
290000,43,38,0,-1.0695611e-12,3.9648444e-11,1.0810554e-15,1.31094325e-23,5.5660225e-15,1.4223744e-10
290000,491,25,0,-1.2856295e-11,2.3551878e-09,4.0559566e-19,5.189091e-29,4.118812e-09,8.383265e-11
290000,414,182,0,9.922663e-11,2.3666564e-09,3.7169191e-28,6e-45,4.11904e-09,5.3732485e-13
290000,465,170,0,5.3900314e-13,2.7105632e-13,1.8385941e-16,4.3755994e-25,5.7285658e-27,3.561623e-11
290000,130,5,0,-3.5297126e-13,1.7461324e-11,4.4312635e-12,1.9142354e-15,1.308956e-17,4.781003e-13
290000,379,85,0,3.1485556e-10,3.7068134e-14,6.9020735e-23,2.8766244e-36,4.75482e-28,4.3581472e-11
290000,57,41,0,-1.21043306e-11,2.2927664e-09,9.070629e-16,3.5508652e-23,4.118809e-09,2.5723904e-10
290000,223,346,0,5.448414e-10,2.2734528e-09,7.8374535e-16,2.0640965e-22,4.1188084e-09,8.9180096e-12
290000,76,99,0,6.683982e-11,8.30354e-11,4.3573217e-16,4.9843006e-23,1.7235517e-10,2.551412e-10
290000,20,67,0,-1.1137392e-12,2.8202413e-11,6.9084742e-12,2.4455815e-15,1.29421895e-17,1.03788644e-10
290000,415,336,0,1.184281e-09,2.2860247e-09,4.859199e-15,1.889268e-21,4.1188084e-09,1.4685711e-12
290000,480,17,0,-1.2347348e-11,2.2923883e-09,6.76893e-24,6.208e-37,4.1188084e-09,2.0557976e-10
290000,14,497,0,-1.0515138e-12,1.9309107e-12,1.2205153e-14,5.051009e-21,5.495494e-25,2.667363e-10
290000,198,365,0,6.9622125e-10,2.9051841e-12,3.46757e-40,0.0,2.9177144e-23,1.07673717e-16
290000,187,341,0,3.2785083e-10,2.2719089e-09,2.2661969e-32,0.0,4.1188084e-09,7.8456186e-11
290000,101,336,0,7.3322165e-10,6.66353e-17,3.0166395e-20,1.7822452e-31,9.78234e-40,7.70753e-11
290000,377,339,0,2.2116001e-10,3.4127296e-14,6.6613156e-12,1.9061059e-14,8.5784924e-16,1.8660967e-12
290000,8,3,0,-8.691492e-13,1.00569275e-10,1.3935374e-12,1.06526946e-16,1.403203e-13,8.262727e-11
290000,147,143,0,4.206564e-10,2.2865532e-09,3.1994248e-24,1.649942e-36,4.1188084e-09,2.8460452e-12
290000,193,424,0,3.6563189e-10,3.0353067e-11,2.0153142e-17,6.3760376e-27,7.3151234e-17,1.230335e-11
290000,71,207,0,4.414285e-10,2.307646e-09,1.959222e-13,2.1727398e-18,4.118811e-09,1.1088187e-11
290000,157,18,0,-3.8495896e-13,2.658654e-12,5.4707472e-17,2.6954326e-26,6.7883974e-23,4.859045e-13
290000,288,143,0,2.0625607e-10,5.0117705e-12,1.2648297e-13,4.4899596e-19,7.3463736e-21,3.3638968e-18
290000,302,151,0,3.2559283e-10,5.0370193e-14,1.8992724e-24,9.64836e-40,2.1602907e-35,4.1091665e-11
290000,418,378,0,5.22093e-11,1.0710764e-11,8.406783e-15,5.3725914e-21,2.2345028e-19,1.0719378e-11
290000,93,402,0,3.4101563e-10,4.013604e-11,5.463976e-16,1.6103489e-24,1.1318941e-14,2.6378613e-11
290000,99,496,0,-4.1495247e-13,3.631768e-12,1.2728058e-12,9.9767e-17,1.5269921e-19,8.304412e-11
290000,47,79,0,1.4169949e-10,2.2836517e-09,8.647278e-12,9.246442e-15,4.118809e-09,2.4580583e-14
290000,20,230,0,-1.1457743e-11,2.276232e-09,1.1672511e-19,1.118992e-31,4.1188084e-09,3.1356542e-11
290000,491,381,0,-9.9499e-13,7.973459e-11,2.3348484e-15,9.122568e-22,1.7536632e-15,1.5052933e-11
290000,453,64,0,3.7250324e-11,7.361738e-11,1.9900478e-14,1.2481251e-20,1.8813328e-13,8.2242026e-11
290000,262,388,0,2.1863975e-10,2.5090858e-11,1.9777663e-26,3.77e-43,2.5053775e-18,2.0167802e-12
290000,36,440,0,4.0094013e-12,3.7929812e-11,1.254097e-11,1.3850418e-14,1.3145387e-14,2.8709718e-10
290000,110,445,0,-8.6505033e-13,2.2850735e-09,7.0379334e-11,1.0834568e-12,4.118886e-09,7.362024e-11
290000,309,175,0,1.41887465e-11,5.835257e-11,0.0,0.0,1.4022029e-13,1.3708212e-15
290000,35,228,0,-5.5730663e-12,2.3446667e-09,2.5679016e-20,2.3364958e-31,4.1283648e-09,1.434374e-12
290000,491,446,0,-1.2066169e-11,2.3229834e-09,1.0442532e-13,5.683226e-18,4.1188306e-09,6.071985e-11
290000,41,229,0,3.3643012e-11,1.766519e-10,1.5262427e-15,5.32432e-23,4.6372243e-13,1.188262e-11
290000,103,8,0,-1.1290687e-11,2.2737026e-09,9.314057e-13,2.4784118e-16,4.1188084e-09,1.5684792e-10
290000,77,381,0,1.5680894e-10,3.030808e-11,1.2247177e-11,9.560684e-15,1.7471726e-16,1.0692426e-10
290000,444,16,0,-1.3010389e-11,2.3379854e-09,2.2329225e-23,1.3261178e-34,4.1188204e-09,8.9120815e-11
290000,70,48,0,3.410434e-11,2.3159126e-09,8.558803e-14,1.0693445e-19,4.118814e-09,6.853894e-12
290000,379,434,0,4.2895218e-10,1.1003301e-12,2.8391559e-10,5.2574122e-11,3.7541366e-11,5.6894745e-12
290000,32,317,0,1.2548728e-12,2.1670196e-10,5.9372165e-14,2.837305e-20,2.4852267e-12,1.335909e-10
290000,282,383,0,4.71537e-10,1.6484406e-13,1.6960628e-21,1.4493937e-34,4.9330743e-32,2.614085e-12
290000,119,431,0,4.3139425e-10,7.770318e-12,7.4586556e-16,2.3451196e-21,5.3344157e-20,2.1819509e-13
290000,113,466,0,-1.2310811e-11,2.3321154e-09,1.1078669e-13,3.9248227e-18,4.118812e-09,5.6105846e-11
290000,355,89,0,4.4263154e-10,3.232811e-14,5.4722945e-16,2.017502e-23,6.923285e-29,1.6871624e-10
290000,192,164,0,1.9896736e-10,2.2719089e-09,2.9933294e-31,0.0,4.1188084e-09,1.5096357e-16
290000,373,360,0,2.1496305e-10,6.665834e-11,1.11554216e-20,2.740362e-32,8.385261e-14,1.8871612e-13
290000,135,439,0,1.2760931e-10,2.5415366e-11,3.868642e-10,3.282647e-11,1.8190826e-11,3.990136e-11
290000,115,127,0,4.4430185e-10,5.268762e-13,5.2511942e-20,3.9992807e-32,3.1874618e-26,4.1376405e-17
290000,338,426,0,1.0217617e-10,2.278276e-09,1.4557767e-15,6.020638e-23,4.1188084e-09,1.952726e-10
290000,112,209,0,6.157319e-11,2.3249282e-09,1.6684649e-24,5.0867475e-35,4.1188084e-09,5.230602e-17
290000,266,263,0,3.3318945e-10,2.2719089e-09,0.0,0.0,4.1188084e-09,5.3914166e-31
290000,498,283,0,-1.1657311e-11,2.2765176e-09,4.1515253e-27,1.019e-42,4.1188084e-09,7.344422e-11
290000,346,262,0,9.866005e-10,1.7967024e-14,5.4217745e-29,1e-45,9.545541e-26,1.4434957e-15
290000,135,171,0,2.2121034e-10,7.882319e-11,6.7454e-41,0.0,6.892136e-14,6.2739195e-14
290000,105,135,0,2.2882912e-10,2.3093312e-09,3.524723e-11,1.440143e-13,4.118812e-09,1.0419141e-14
290000,391,253,0,1.6522933e-10,2.2726618e-09,2.5442014e-21,1.0167352e-33,4.1188084e-09,2.8190182e-12
290000,492,242,0,-1.1724842e-11,2.3619786e-09,4.1191943e-16,3.831704e-24,4.2596695e-09,3.670518e-14
290000,254,196,0,1.720475e-10,2.2719562e-09,0.0,0.0,4.1188084e-09,4.786448e-18
290000,385,210,0,9.387658e-12,5.5554525e-13,6.387184e-22,1.07224165e-32,6.101665e-26,1.5652611e-10
290000,184,336,0,4.1153445e-10,2.5782203e-15,2.8401617e-33,0.0,0.0,1.1540544e-12
290000,229,474,0,-1.1779764e-11,2.3144382e-09,1.856343e-12,2.7260895e-16,4.1188133e-09,1.6190543e-12
290000,493,469,0,-1.8021672e-12,4.0919806e-10,3.891306e-13,3.1875898e-17,3.6008583e-09,3.4016925e-10
290000,25,252,0,-9.287895e-13,1.5704944e-11,9.591854e-11,6.0602847e-12,1.553224e-12,7.27838e-12
290000,207,49,0,3.3632483e-10,3.5131658e-11,5.4539805e-27,4.9e-44,1.0598736e-16,2.8667665e-12
290000,473,152,0,-4.556279e-13,8.153792e-11,4.662705e-18,1.1653664e-28,5.4982364e-12,2.9431942e-13
290000,197,321,0,1.0075601e-09,5.472113e-17,0.0,0.0,4.173e-42,3.1661826e-21
290000,4,417,0,-8.786801e-13,1.8329378e-11,7.599365e-16,5.1892272e-24,2.910528e-19,2.1745697e-10
290000,443,325,0,3.4884826e-10,1.2641722e-11,3.4434808e-26,5.825e-42,2.8566814e-19,1.0816466e-10
290000,115,351,0,6.0572235e-11,1.12408624e-10,8.945876e-19,1.3314611e-28,2.8246194e-12,1.8692067e-11
290000,185,21,0,-1.1343169e-12,5.2402988e-11,6.973948e-14,7.795941e-20,8.175317e-14,1.069983e-10
290000,116,323,0,6.180863e-10,1.0287313e-13,3.256711e-17,1.2289908e-25,4.699113e-30,6.5521435e-11
290000,479,84,0,-4.0338647e-13,7.962802e-12,1.6321121e-12,5.5074387e-17,3.1361622e-20,1.0143851e-10
290000,138,243,0,1.07279005e-10,5.3049846e-11,1.6757038e-22,5.073389e-35,2.7672366e-13,9.26569e-11
290000,181,395,0,1.8104061e-10,5.4074046e-12,3.1290875e-23,4.7223534e-37,9.975852e-23,3.0283987e-12
290000,236,298,0,1.8823672e-10,1.928382e-32,0.0,0.0,0.0,1.159846e-26
290000,236,424,0,6.242143e-10,1.820073e-12,2.492141e-25,7.913212e-39,4.0225689e-22,9.8252254e-11
290000,219,222,0,4.3768356e-10,3.171715e-11,0.0,0.0,1.2910841e-13,3.2460677e-20
290000,188,131,0,2.6759891e-11,3.1277942e-13,1.6129092e-17,1.7095328e-26,4.7214272e-29,7.8718896e-16
290000,322,446,0,1.4821064e-10,5.5667155e-11,1.7354443e-14,3.6320512e-20,2.2985872e-14,2.0511074e-13
290000,445,159,0,2.063535e-10,8.720609e-11,5.5002743e-12,1.9000776e-15,9.468019e-13,3.851101e-11
290000,80,32,0,-5.432208e-13,1.5128657e-10,3.6024522e-18,7.797259e-26,3.5921564e-09,9.229496e-11
290000,266,155,0,7.0209e-12,4.4037367e-24,2.48726e-40,0.0,0.0,7.9250567e-22
290000,291,147,0,2.0313762e-10,1.7919445e-11,2.4782579e-15,1.3531444e-21,2.3210808e-18,1.0790083e-15
290000,42,52,0,1.8164513e-12,2.8323746e-11,2.2526512e-12,2.34061e-16,1.8575171e-17,2.1996142e-10
290000,466,143,0,1.17513e-12,2.752949e-12,1.3977329e-18,4.4414323e-28,3.6699533e-24,7.7300265e-13
290000,104,402,0,2.2753174e-10,9.081321e-13,4.8798212e-14,5.4035816e-20,6.2332677e-24,6.656725e-11
290000,333,497,0,-1.1089976e-12,2.6351083e-11,2.7191758e-13,5.5937386e-18,1.1195489e-15,1.114678e-11
290000,239,50,0,4.6026342e-11,1.6022956e-12,1.6048636e-13,1.9282968e-18,7.9560295e-22,1.8846646e-11
290000,359,321,0,2.5590018e-11,3.4303701e-12,4.0955877e-21,4.8054756e-33,2.923816e-23,1.2275249e-10
290000,179,291,0,8.3674523e-10,1.5177889e-14,7.840757e-22,2.9979234e-30,2.794914e-35,2.9804978e-11
290000,190,314,0,3.310667e-10,9.223359e-21,1.3573908e-31,0.0,0.0,2.1022736e-16
290000,63,128,0,1.4748627e-10,1.0729831e-11,2.5854933e-17,4.8278337e-26,2.6917826e-20,8.622993e-12
290000,77,35,0,4.3370253e-13,1.4755511e-11,8.104871e-21,1.2908678e-33,2.635887e-19,2.7960048e-10
290000,323,174,0,6.414904e-11,5.7193465e-11,0.0,0.0,9.5563965e-12,7.0383834e-15
290000,289,92,0,4.859033e-10,4.7360872e-11,1.507077e-26,7.044e-42,1.1470443e-15,1.8133711e-12
290000,245,120,0,5.895376e-11,6.864072e-19,1.9274998e-12,1.8275773e-16,2.8428928e-19,6.1328796e-13
290000,373,80,0,5.287902e-10,5.3047644e-12,3.6136665e-22,1.3688975e-33,1.0541912e-20,5.5191116e-11
290000,35,308,0,2.9985088e-12,1.4139873e-10,9.500506e-13,2.7678509e-17,9.861306e-13,6.259441e-13
290000,459,433,0,5.346778e-11,3.3868058e-10,3.5095767e-11,8.982447e-14,1.8609823e-10,1.04526963e-10
290000,248,224,0,2.3747854e-10,1.4041688e-12,0.0,0.0,1.56887e-23,5.560797e-14
290000,418,471,0,-9.303309e-13,1.7874612e-11,1.2957518e-19,1.1501943e-31,9.940377e-18,2.701247e-11
290000,256,98,0,6.8052744e-11,3.9078695e-15,2.2532628e-20,5.491879e-32,2.51321e-37,2.0187695e-13
290000,47,375,0,1.192135e-10,4.5096817e-14,4.4569827e-14,3.3511095e-19,1.193166e-22,9.556485e-12
290000,404,441,0,4.8388144e-11,3.0060114e-11,1.8907506e-11,2.91502e-14,4.817934e-16,1.9059196e-12
290000,41,475,0,-1.9897428e-12,1.0221342e-10,1.4925629e-17,2.112197e-27,3.865841e-13,2.4270103e-11
290000,62,220,0,5.904143e-10,1.0659554e-10,8.5588356e-14,1.0693445e-19,2.774264e-15,1.704879e-11
290000,167,302,0,1.8967962e-10,1.6616113e-11,4.329257e-23,2.9684412e-32,6.4990216e-18,9.278708e-16
290000,33,413,0,-1.4486712e-12,3.3724655e-11,3.3612354e-14,1.0629627e-20,3.7398854e-17,6.4930686e-11
290000,140,307,0,4.684612e-10,8.745263e-23,2.6145667e-26,8.158e-42,0.0,1.7779683e-10
290000,355,203,0,4.5447993e-10,4.2796978e-13,9.3345056e-27,9.36e-43,1.0458233e-29,1.6274745e-12
290000,303,313,0,4.868023e-10,5.4142026e-22,0.0,0.0,0.0,2.3638588e-11
290000,279,329,0,5.172779e-10,4.6304645e-19,0.0,0.0,0.0,4.6328642e-11
290000,418,128,0,1.7192465e-09,5.8980566e-13,8.55264e-18,3.3012771e-25,1.0883725e-27,1.012641e-09
290000,325,217,0,1.7697958e-10,7.701674e-13,4.654679e-19,5.491151e-29,1.7672532e-25,1.172397e-12
290000,203,16,0,-6.020071e-13,2.6431355e-11,5.465297e-12,2.852966e-15,1.4372017e-16,1.6083619e-11
290000,489,23,0,-2.0846328e-12,5.8201492e-11,3.0539666e-19,9.685002e-31,9.516621e-17,1.7955337e-10
290000,37,204,0,2.7606318e-12,5.4867732e-11,2.573183e-13,5.590488e-18,2.1537947e-13,1.8072186e-11
290000,128,441,0,9.641084e-11,2.5473687e-10,1.0877967e-15,1.1073479e-21,9.775419e-11,1.945514e-11
290000,429,397,0,6.377915e-12,1.7021367e-11,1.5740989e-18,2.9236608e-28,1.1424725e-20,1.1608806e-11
290000,103,101,0,2.965034e-10,4.444463e-11,3.234678e-16,2.4026603e-23,4.7292263e-15,1.6741357e-11
290000,354,18,0,-8.6491784e-13,3.1282848e-11,2.9883642e-19,2.9363625e-30,7.567039e-18,2.6176268e-11
290000,178,91,0,1.5283003e-10,7.232021e-18,1.2717793e-22,8.449854e-35,1.08e-43,3.99509e-14
290000,161,207,0,2.4146873e-10,8.8937457e-14,0.0,0.0,2.9389864e-27,8.93035e-19
290000,275,5,0,-6.891696e-13,2.6137833e-11,8.240868e-19,1.9571742e-28,8.734807e-17,3.9506166e-11
290000,158,364,0,2.0708936e-11,1.2319854e-12,7.583688e-17,6.6880495e-25,1.2974659e-21,5.7109647e-12
290000,264,480,0,-1.0249849e-12,8.2609156e-11,9.9434404e-14,1.212321e-19,2.7854943e-13,1.3981151e-10
290000,338,191,0,2.3255524e-10,1.5641717e-11,2.7456563e-30,0.0,1.7410479e-18,3.3835088e-10
290000,497,187,0,-1.7283531e-12,1.4679115e-10,1.6737842e-12,2.2490914e-16,1.2712235e-10,1.321581e-10
290000,485,96,0,-4.1915367e-13,2.4534454e-12,2.9180746e-12,3.6942365e-16,6.2655664e-19,4.7630675e-12
290000,441,103,0,3.3027206e-10,2.7356947e-11,2.0448357e-12,3.276065e-16,3.605302e-18,2.7284707e-11
290000,323,317,0,9.900407e-10,8.9375957e-13,7e-45,0.0,1.423472e-25,3.4862673e-15
290000,253,385,0,9.7627684e-11,2.1547047e-10,1.6307473e-32,0.0,8.968937e-11,2.325355e-15
290000,284,439,0,4.6456092e-10,2.8922762e-11,3.1903829e-12,4.5618754e-16,1.1988327e-18,8.624491e-12
290000,423,47,0,1.7580712e-10,5.0160084e-11,3.2043156e-11,3.3436215e-13,2.2997419e-14,2.5517003e-11
290000,225,396,0,9.7539976e-11,4.895629e-12,4.9187134e-29,0.0,6.1214213e-22,6.552785e-14
290000,368,366,0,7.4333484e-10,3.582177e-14,1.7146207e-18,2.7512935e-29,1.0937105e-30,2.2553543e-12
290000,260,202,0,6.523174e-10,6.1005685e-16,0.0,0.0,2.2273684e-37,6.0236194e-18
290000,158,23,0,-4.2360047e-13,1.1430688e-12,7.2380656e-20,1.0872916e-27,1.29823344e-23,1.1220323e-12
290000,80,136,0,2.7792119e-10,2.7517783e-11,3.683421e-15,7.0148056e-22,2.1182968e-16,2.1366194e-14
290000,71,45,0,2.1160176e-11,1.2036803e-11,7.5124217e-13,2.1309197e-17,5.7133127e-19,5.4898087e-12
290000,182,105,0,4.9718046e-10,1.1122891e-16,2.61401e-28,8e-45,0.0,2.2553426e-12
290000,114,343,0,1.1200717e-10,3.865965e-11,6.048179e-26,5.8279e-41,8.7231985e-15,4.9774653e-11
290000,92,131,0,1.6472411e-10,5.4984326e-11,5.912076e-15,1.2028954e-21,3.8656564e-13,9.781697e-11
290000,176,387,0,2.3531307e-11,2.5650421e-14,3.1034115e-30,0.0,3.8553556e-34,3.6177214e-11
290000,393,181,0,4.3076193e-10,1.0983348e-10,1.84114e-12,1.1024454e-16,1.0937505e-13,2.2669568e-11
290000,146,386,0,2.8821643e-11,2.1253643e-12,5.8502686e-16,1.7250695e-23,9.680783e-25,5.3846982e-11
290000,237,309,0,2.3497507e-10,7.8960046e-25,0.0,0.0,0.0,5.7889532e-24
290000,429,237,0,4.498996e-11,2.1518575e-11,3.183615e-17,1.3267414e-25,1.3940651e-15,4.8269175e-12
290000,47,411,0,5.748789e-12,3.1116918e-11,5.832576e-13,2.567904e-17,4.0173065e-18,1.2631371e-10
290000,289,265,0,7.6465884e-10,1.8289806e-23,0.0,0.0,0.0,7.878262e-24
290000,266,183,0,5.3217364e-10,8.08994e-12,0.0,0.0,1.6143742e-19,1.2464987e-14
290000,145,373,0,2.6315317e-10,8.2705615e-16,1.1320718e-18,3.3439734e-28,7.531089e-35,7.524775e-13
290000,28,280,0,3.37195e-13,2.3624457e-12,7.101629e-11,6.047595e-13,4.1900314e-14,1.0838045e-10
290000,236,180,0,1.368603e-10,1.9073976e-19,0.0,0.0,0.0,6.60145e-17
290000,486,230,0,-8.254796e-13,1.3651472e-11,9.324603e-24,2.16993e-38,4.8603307e-20,5.440241e-13
290000,292,380,0,4.281165e-10,7.3915015e-12,2.1554062e-15,3.3214215e-22,2.7719664e-21,7.123615e-11
290000,303,153,0,1.8795993e-10,1.9708749e-14,4.5740986e-27,1.7e-44,7.202889e-39,1.4846764e-11
290000,317,39,0,5.926601e-12,1.8410124e-11,1.3887971e-12,2.894001e-16,2.9637713e-17,4.250713e-11
290000,321,296,0,9.207377e-10,2.1252474e-11,5.67379e-40,0.0,6.094335e-18,3.7934035e-14
290000,443,371,0,4.3222076e-10,3.2792533e-11,7.0602957e-15,5.702886e-22,7.145225e-17,2.6393193e-10
290000,261,122,0,5.1687177e-10,8.971207e-13,4.7169467e-20,4.1699167e-31,8.673853e-28,9.285403e-14
290000,188,5,0,-2.2455453e-13,4.632434e-12,8.513317e-11,1.9083838e-12,3.3342624e-13,2.922761e-10
290000,86,253,0,4.9737653e-10,7.77233e-14,1.6897194e-12,6.968442e-17,3.8499002e-20,7.1376433e-13
290000,391,405,0,2.4049515e-10,1.6422856e-11,4.0832816e-28,1.8e-44,3.5791406e-18,3.8851288e-12
290000,410,77,0,8.6797645e-11,5.0247397e-11,1.0029609e-25,9.1554e-41,2.4489284e-13,1.31278e-11
290000,292,397,0,1.8418381e-10,2.4517168e-11,2.9153953e-15,3.2526515e-22,1.820041e-17,7.195581e-15
290000,253,229,0,5.301352e-10,4.1688277e-15,0.0,0.0,2.8549975e-36,5.093065e-13
290000,463,234,0,5.386095e-12,2.528288e-13,6.9562764e-14,2.5450329e-19,3.313222e-23,4.0411405e-13
290000,271,457,0,2.1912216e-12,2.2857934e-11,3.1608365e-11,9.823406e-14,1.9890576e-15,1.2323394e-10
290000,266,285,0,2.1285937e-10,1.3685515e-30,1.7081381e-29,7e-45,0.0,7.164173e-23
290000,51,343,0,1.2416642e-12,6.243965e-13,1.9203665e-14,2.4322955e-20,2.6210965e-24,2.0182563e-10
290000,257,276,0,5.316409e-10,6.806808e-25,0.0,0.0,0.0,1.2614596e-29
290000,329,244,0,3.2273637e-10,3.3363014e-15,7.479991e-39,0.0,8.5672244e-35,1.2670318e-25
290000,40,258,0,3.1382362e-11,8.247386e-11,1.6104794e-22,7.3303824e-37,1.10791576e-11,9.359755e-11
290000,93,199,0,8.036393e-11,1.0912745e-11,1.704195e-22,1.6013475e-33,4.585154e-23,1.5331996e-12
290000,40,213,0,1.6733021e-11,4.9847605e-11,1.5281814e-15,7.564277e-23,4.732399e-15,5.4625006e-11
290000,434,419,0,1.5684958e-09,1.6431835e-12,2.3677576e-14,8.9028564e-20,1.3931583e-23,6.867458e-11
290000,482,482,0,-2.3102735e-12,4.506768e-10,2.10235e-11,3.4597525e-14,1.8709656e-10,1.4413037e-10
290000,70,198,0,6.794954e-10,4.4108495e-11,2.1518958e-16,3.7222595e-24,3.3839426e-15,1.70208e-10
290000,424,78,0,1.12315796e-10,2.612188e-14,1.3929524e-15,1.888129e-23,5.7477754e-27,5.454258e-13
290000,259,162,0,5.4586842e-11,3.2454903e-24,1.77466e-40,0.0,0.0,7.9229206e-22
290000,201,214,0,1.4580465e-10,1.1082605e-12,1.5648462e-33,0.0,4.5372947e-25,4.553093e-13
290000,204,489,0,-5.5306654e-13,1.3681729e-11,6.6960316e-16,5.587297e-23,4.0358258e-19,2.6047605e-11
290000,481,420,0,-1.0291802e-12,2.1404425e-10,2.1307885e-15,3.015284e-23,2.1880458e-12,2.0229672e-10
290000,137,31,0,-3.6466083e-13,1.1713e-10,1.05890456e-10,3.4251575e-12,2.3383884e-12,1.2427678e-12
290000,45,350,0,1.3935423e-13,1.960921e-12,2.249127e-12,3.9058902e-16,7.577463e-19,5.6559306e-11
290000,33,112,0,-8.521264e-14,3.4760236e-11,5.2648805e-19,2.3014716e-30,3.2925286e-17,1.3116629e-11
290000,171,18,0,-8.0333185e-13,2.2745477e-11,4.7444588e-24,1.1620651e-36,8.961715e-19,2.6295173e-12
290000,175,443,0,1.2484802e-10,3.200542e-11,1.0518759e-17,3.479403e-27,5.5660216e-15,4.34653e-14
290000,391,272,0,4.86689e-10,8.384823e-14,2.0852962e-15,7.446603e-23,1.1814741e-27,2.9888108e-09
290000,193,495,0,-1.9958522e-13,2.0284755e-13,3.8961777e-12,7.446775e-16,4.2405327e-18,3.8534704e-09
290000,305,153,0,1.3696552e-10,7.554327e-14,9.3860725e-29,0.0,6.3522085e-35,2.4149118e-11
290000,105,198,0,1.4640742e-11,1.4045227e-11,2.9109813e-25,1.8066168e-38,3.3477023e-18,4.528146e-12
290000,327,179,0,3.193611e-10,1.14054035e-11,1.56e-43,0.0,6.4068143e-20,1.9165012e-15
290000,174,312,0,1.0677861e-10,1.0542249e-14,3.462259e-09,7.191878e-10,1.1532664e-09,1.7185357e-16
290000,274,177,0,8.9787366e-10,6.0026593e-13,0.0,0.0,5.5385e-27,2.9995075e-09
290000,378,36,0,1.5726916e-11,1.1942633e-12,4.198844e-14,1.6213065e-20,2.3117184e-25,3.0018823e-09
290000,465,212,0,2.9785164e-13,1.1033456e-11,2.06399e-11,1.1707014e-13,6.436283e-15,2.9839856e-10
290000,67,324,0,4.2772288e-10,1.06184454e-16,4.8450976e-38,0.0,7.385746e-35,3.0409668e-09
290000,194,481,0,-5.1345484e-13,3.5095921e-12,9.054803e-11,7.072503e-12,2.0103949e-12,5.1594284e-12
290000,404,47,0,8.572737e-12,2.234305e-11,6.2617114e-15,3.5381007e-22,1.8912488e-15,2.033442e-10
290000,3,250,0,-3.4655262e-13,1.0532976e-12,4.642018e-16,4.0080646e-24,3.2499482e-27,1.9519901e-11
290000,65,426,0,1.1723136e-09,1.753399e-10,1.9633444e-25,8.0778e-41,3.3005697e-12,2.9890384e-09
290000,168,376,0,9.629903e-13,9.03687e-17,9.262846e-24,2.6141285e-38,7.651e-42,2.9894849e-09
290000,269,200,0,4.915663e-10,7.471237e-12,0.0,0.0,4.59662e-21,2.9928902e-09
290000,49,190,0,1.1271814e-10,3.0252478e-11,1.1045327e-11,6.8198235e-15,4.3827672e-17,3.4486023e-09
290000,387,91,0,4.274504e-10,8.751484e-13,4.302684e-13,8.164301e-17,3.6424797e-19,2.9888891e-09
290000,460,484,0,-1.9921378e-12,9.204379e-11,2.9848515e-12,9.532842e-16,1.1943812e-13,3.2042917e-09
290000,68,423,0,5.391292e-10,1.7014641e-10,9.092827e-23,3.804006e-37,1.2712253e-10,9.937659e-12
290000,76,369,0,1.4803514e-10,2.6107078e-11,6.511178e-21,3.8732572e-33,1.7457833e-16,2.9941847e-09
290000,403,460,0,-2.657287e-13,5.182005e-11,3.67888e-11,1.6150713e-13,3.6707075e-15,3.2226426e-09
290000,5,294,0,-8.980712e-13,1.0320613e-10,3.0459776e-18,3.550153e-27,3.3829426e-12,3.0051237e-09
290000,473,455,0,-1.5816762e-12,5.915032e-11,8.142826e-12,4.9067246e-15,6.513402e-17,3.2297711e-09
290000,27,55,0,-9.222911e-13,2.8328105e-11,4.7094507e-12,6.0832094e-15,6.013683e-16,2.9939977e-09
290000,35,123,0,-4.454182e-13,5.4743682e-11,7.448584e-20,2.8299058e-29,2.2985975e-14,9.663714e-14
290000,307,430,0,9.688559e-10,2.1126137e-11,4.2844876e-20,1.7184907e-30,8.037526e-19,2.9896468e-09
290000,418,117,0,3.2840078e-10,5.2892756e-11,7.7305236e-13,1.04706176e-16,1.8813363e-13,3.0399132e-09
290000,202,252,0,6.203315e-10,3.6338935e-11,0.0,0.0,6.730455e-16,2.9887863e-09
290000,26,31,0,-1.421528e-12,2.991229e-11,3.9140167e-11,1.9025218e-13,9.697777e-15,3.2902003e-09
290000,375,88,0,1.7297729e-10,9.0059275e-13,1.8636521e-24,1.2281177e-38,9.277222e-25,3.1193754e-09
290000,125,447,0,3.356457e-11,4.204491e-11,6.8443806e-20,1.2727917e-29,2.4045878e-18,3.4040323e-12
290000,428,39,0,3.9927735e-11,3.104263e-11,1.3815076e-11,1.2986847e-14,1.0833079e-15,2.9938234e-09
290000,56,416,0,8.502846e-11,4.1522008e-11,1.9423728e-14,1.7198654e-20,3.048966e-18,3.0002485e-09
290000,353,151,0,1.1012112e-10,2.3595947e-12,1.7636522e-22,1.4387995e-35,1.5889718e-24,2.0947847e-15
290000,139,77,0,1.1876464e-09,9.265891e-13,2.1375458e-13,1.4577752e-18,2.2567028e-22,2.988857e-09
290000,81,193,0,6.932135e-10,1.48695e-11,1.2877397e-21,1.2732793e-33,7.48086e-19,3.00138e-09
290000,223,385,0,3.7783152e-10,4.897828e-16,8.901462e-21,1.1832195e-32,3.0305933e-36,2.992208e-09
290000,205,114,0,2.4705066e-11,1.0817542e-12,8.016475e-12,3.8114484e-15,2.0482329e-17,6.397598e-11
290000,130,486,0,-4.553221e-13,1.7144636e-11,1.0989087e-12,4.196357e-17,2.2608294e-18,3.1905194e-09
290000,447,54,0,1.2700907e-10,2.4012284e-10,1.6766756e-11,7.964311e-14,5.605473e-12,3.1542116e-09
290000,236,117,0,3.297741e-10,1.7469861e-17,7.029314e-20,1.0692935e-29,7.987135e-37,3.193504e-11
290000,60,496,0,-8.48158e-13,6.8467156e-11,1.0354584e-15,1.2528023e-21,1.7819038e-10,3.0370648e-09
290000,226,468,0,-9.175268e-13,1.5969146e-11,9.763427e-13,3.3814005e-17,4.1824394e-18,2.995679e-09
290000,495,107,0,-4.742131e-13,1.6593928e-11,7.3481044e-19,1.9444557e-28,6.4990216e-18,3.0460368e-09
290000,123,411,0,2.7510932e-10,3.7580442e-11,3.1680192e-10,1.6569107e-11,8.161764e-12,3.049145e-09
290000,454,85,0,1.0923846e-10,3.3593732e-11,2.5000502e-18,8.448688e-27,2.8401243e-17,3.0599958e-09
290000,412,454,0,-7.8130053e-13,1.7706811e-10,7.328519e-15,5.029299e-22,5.506059e-12,3.153336e-09
290000,410,430,0,4.1232817e-10,8.30378e-11,9.974786e-25,1.693542e-39,3.4482552e-14,4.8106114e-15
290000,135,47,0,5.6444273e-11,3.8048874e-12,8.1373846e-17,1.3341334e-24,4.6625644e-24,3.0910972e-09
290000,113,463,0,-1.2365645e-12,1.7609756e-11,4.3694963e-13,9.745104e-18,5.796546e-17,3.0518057e-09
290000,421,271,0,1.2625839e-10,9.664714e-12,1.6416687e-25,5.175e-42,2.5833628e-21,2.9887883e-09
290000,172,47,0,4.926651e-12,2.6904363e-14,5.9851278e-12,3.4273848e-15,1.9976483e-17,2.9887954e-09
290000,147,170,0,8.119113e-11,8.286953e-14,0.0,0.0,1.5745788e-29,3.839681e-15
290000,385,82,0,6.9081135e-10,1.5998835e-12,1.02901725e-16,7.932336e-24,6.700395e-25,7.1275803e-13
290000,22,246,0,-2.1486777e-12,1.4617978e-10,2.458836e-10,2.7565641e-10,8.706823e-10,5.8100746e-12
290000,77,394,0,1.9059548e-10,1.8555739e-11,6.736785e-17,2.3232193e-25,1.6838112e-16,3.086522e-09
290000,71,122,0,5.3696425e-10,1.03767194e-11,1.3804692e-17,2.1007312e-26,2.6917824e-20,3.0794913e-09
290000,267,86,0,4.239069e-11,2.1745331e-12,4.943378e-12,8.990352e-16,1.6654095e-18,3.166641e-09
290000,295,367,0,6.151153e-11,2.6518805e-13,1.0306693e-14,1.8475717e-21,2.0827373e-26,2.9994767e-09
290000,45,233,0,5.322037e-11,7.268545e-11,8.070015e-16,2.6683706e-23,5.566103e-17,3.886045e-11
290000,90,172,0,1.152761e-10,2.933154e-11,3.8808204e-14,3.7391323e-20,3.0459604e-16,2.9974583e-09
290000,8,387,0,-1.171677e-12,9.777226e-11,4.8680413e-17,1.1932873e-25,8.38589e-14,2.9984215e-09
290000,476,377,0,-3.6673022e-13,1.1758987e-11,2.6998288e-16,2.0879668e-23,1.1634298e-19,4.218584e-11
290000,19,3,0,-1.2151074e-12,1.836779e-10,8.0227e-12,3.8114518e-15,1.2017383e-12,3.2107228e-09
290000,405,349,0,1.1265138e-09,2.0563144e-13,4.2304671e-16,3.1556992e-23,5.6304803e-28,2.991358e-09
290000,55,460,0,1.17889734e-11,4.1158917e-11,9.1469586e-17,6.6281375e-26,3.708326e-17,2.9957616e-09
290000,316,375,0,5.58438e-10,5.3249753e-12,6.4972536e-20,5.3564833e-31,1.8263855e-19,2.9889224e-09
290000,20,191,0,-4.189745e-13,4.324418e-12,3.4625474e-09,7.191878e-10,1.1532664e-09,8.6368655e-11
290000,383,219,0,2.8072616e-12,1.3851145e-10,1.9057968e-31,0.0,9.754205e-11,3.0298861e-09
290000,337,437,0,9.7609455e-11,7.829663e-12,4.4787965e-14,4.3699636e-19,5.0897118e-20,3.013813e-09
290000,280,248,0,2.3084105e-10,6.320273e-23,0.0,0.0,0.0,2.9889988e-09
290000,29,58,0,-6.857988e-13,3.340499e-11,5.5000652e-12,1.9000774e-15,2.970341e-16,3.0086142e-09
290000,376,453,0,1.4649039e-11,2.7410677e-10,1.26678674e-17,5.853189e-26,6.4981e-11,1.4715706e-10
290000,450,459,0,4.4765784e-12,6.5586044e-11,3.9451575e-17,2.0540248e-26,3.0406908e-17,3.056218e-11
290000,263,108,0,1.869832e-11,1.8842033e-14,2.2039766e-22,4.4684767e-36,1.1976656e-37,5.027588e-12
290000,351,350,0,2.270407e-10,1.3788452e-10,2.0506373e-28,0.0,1.5944766e-12,3.7213304e-15
290000,393,108,0,9.778323e-10,4.9141485e-16,2.1119364e-13,1.2493767e-17,1.8993006e-20,4.3632517e-17
290000,323,135,0,8.85273e-11,1.1538959e-11,1.15921e-40,0.0,6.4068143e-20,1.0537351e-17
290000,449,294,0,5.405849e-12,1.08449335e-11,7.1138655e-15,3.658415e-22,3.039032e-19,4.2318062e-11
290000,98,435,0,3.2949463e-10,4.6691196e-11,4.138628e-25,1.1273e-41,1.2769568e-16,4.1002982e-11
290000,101,263,0,5.124855e-10,3.9066958e-11,3.1274325e-27,1.015e-42,6.503853e-15,3.729083e-14
290000,2,349,0,-2.2305875e-13,6.0438167e-13,6.406426e-22,5.213535e-35,2.269132e-28,5.3540478e-11
290000,308,119,0,1.2718435e-10,9.370526e-13,5.6707984e-37,0.0,5.5247615e-23,2.1916878e-12
290000,14,336,0,-7.8116317e-13,1.2787398e-11,6.5046795e-20,5.3565806e-31,1.2336161e-18,1.518174e-10
290000,413,266,0,3.4123662e-10,7.290302e-11,1.163331e-27,0.0,2.1724536e-12,3.7627162e-16
290000,319,493,0,-6.736889e-13,2.5037313e-11,1.2590179e-16,2.2034835e-25,4.4621977e-18,6.7695655e-11
290000,465,297,0,-6.517445e-13,1.4485997e-10,1.3370842e-13,3.8589222e-19,4.9116423e-12,3.0129412e-09
290000,204,432,0,1.893254e-09,3.6998104e-12,1.6608676e-12,5.8261764e-16,3.239195e-18,2.1410183e-10
290000,85,98,0,8.197504e-12,3.292543e-11,3.5624004e-09,7.2352463e-10,1.1542138e-09,1.5309082e-11
290000,310,497,0,-4.7188306e-13,4.293422e-12,3.4622596e-09,7.191878e-10,1.1532664e-09,8.914069e-15
290000,311,147,0,6.5348414e-11,7.754618e-14,1.1246359e-29,0.0,8.252208e-31,3.970649e-11
290000,126,68,0,5.8236266e-10,2.585932e-11,3.2889937e-11,1.1237907e-13,4.8399086e-15,4.4181757e-14
290000,448,481,0,-1.425634e-12,6.150281e-11,5.551035e-11,4.1196284e-13,3.0020965e-13,3.0480776e-09
290000,192,355,0,5.386269e-10,3.9170462e-16,2.4837179e-34,0.0,1.0772285e-37,3.0011045e-09
290000,71,454,0,5.2504143e-11,1.10209446e-10,3.2341382e-15,1.4777042e-21,2.127814e-15,8.5328847e-13
290000,14,102,0,-6.049087e-13,5.7539134e-12,8.603049e-13,2.698409e-17,1.4204103e-20,2.0901486e-12
290000,99,335,0,7.1974054e-10,1.6019849e-18,4.7558067e-21,5.5539507e-33,8.695e-42,1.196378e-10
290000,51,358,0,1.0331633e-11,3.6349618e-11,5.122367e-13,4.713582e-18,5.187033e-13,5.9878344e-12
290000,306,62,0,2.4063024e-10,8.301756e-12,8.975484e-21,3.625646e-34,6.948685e-20,1.2919244e-12
290000,277,243,0,1.7932847e-10,5.4170244e-19,0.0,0.0,0.0,1.6822585e-15
290000,202,316,0,3.0272024e-10,6.355408e-16,0.0,0.0,2.4385314e-36,3.893048e-25
290000,0,161,0,-3.1083637e-13,2.0505592e-13,2.246153e-14,2.5113433e-20,1.1500057e-24,3.2447534e-13
290000,86,57,0,1.2589459e-10,1.0242569e-10,5.1041723e-13,8.978705e-18,7.2591e-14,1.6693437e-14
290000,91,382,0,5.462493e-10,6.06491e-11,2.8606893e-12,3.1157787e-16,1.0066726e-13,6.7030825e-12
290000,225,221,0,3.0708258e-10,2.9754928e-11,0.0,0.0,8.707935e-15,4.1847597e-23
290000,466,28,0,-6.65745e-13,5.784219e-12,2.7115268e-17,3.4788775e-26,4.2294572e-24,4.1713247e-11
290000,454,317,0,4.1034478e-11,2.2597336e-12,5.2146855e-15,8.820123e-22,1.1021951e-22,4.574701e-11
290000,124,362,0,7.7296045e-11,3.102199e-11,4.296403e-21,5.307819e-32,2.5259653e-16,4.272399e-10
290000,327,269,0,3.8114925e-10,1.8013575e-14,2.2510396e-29,0.0,1.9016981e-28,5.0563457e-16
290000,125,123,0,3.7985368e-10,4.562564e-18,1.6014693e-29,0.0,0.0,1.4443788e-12
290000,365,172,0,8.009637e-10,3.440796e-11,7.847151e-30,0.0,9.238666e-14,9.589579e-17
290000,432,260,0,3.6444026e-10,6.169647e-12,2.3735896e-13,1.2912178e-18,4.2347106e-22,5.1484164e-11
290000,62,162,0,7.035082e-11,1.2934041e-11,1.1695095e-23,2.5697326e-36,7.91266e-20,2.994655e-09
290000,317,50,0,1.4151831e-10,2.5290527e-11,2.8285835e-23,2.2247346e-35,4.2601464e-16,3.024871e-09
290000,63,276,0,2.813668e-10,5.30801e-12,7.592889e-23,2.357446e-35,1.890889e-23,2.9898652e-09
290000,405,184,0,1.6158806e-10,3.6304376e-11,1.2975091e-20,1.9421022e-32,2.8718313e-16,3.072844e-09
290000,496,423,0,-9.901883e-13,5.5287174e-11,1.3281343e-12,1.4877172e-16,2.0196482e-15,2.9895908e-09
290000,345,462,0,1.8427165e-12,3.277771e-11,1.04023784e-13,6.8496386e-19,1.3940874e-15,3.204595e-09
290000,94,354,0,1.8564753e-10,8.4604356e-16,9.3473155e-12,2.2120863e-14,9.402907e-16,2.9889273e-09
290000,297,40,0,7.200874e-13,1.7581132e-12,7.5124217e-13,2.1309197e-17,1.076619e-20,8.82569e-12
290000,95,10,0,-7.329218e-13,4.3907642e-12,2.1792195e-13,4.3089633e-18,2.6180143e-21,2.989494e-09
290000,354,48,0,2.9744186e-11,9.4828506e-11,2.6588598e-11,1.984177e-14,1.18703805e-11,7.2127387e-12
290000,42,440,0,2.5376408e-11,1.5361809e-10,5.497005e-13,1.9957923e-17,2.3809871e-12,3.3377296e-09
290000,313,442,0,3.1506955e-10,2.9620548e-10,7.5124217e-13,2.1309197e-17,4.7478854e-11,2.9930871e-09
290000,425,430,0,1.9934095e-10,2.3408962e-11,1.2339497e-24,1.2821847e-37,2.5572692e-17,3.070855e-09
290000,171,473,0,-1.1655414e-12,1.06297006e-10,4.8563092e-14,6.310745e-19,1.4086085e-10,3.1132321e-09
290000,60,460,0,2.001621e-11,2.5774446e-10,1.95031e-16,1.376473e-22,3.110035e-09,3.0078255e-09
290000,52,327,0,8.0944924e-11,8.478261e-13,4.565185e-24,2.76598e-40,2.1636279e-23,3.117212e-09
290000,59,51,0,1.1706562e-11,1.6440951e-10,3.2718942e-11,3.679005e-13,3.0737408e-13,8.5752724e-11
290000,283,30,0,-1.4054244e-13,2.3308853e-13,3.4622818e-09,7.191878e-10,1.1532664e-09,3.7017964e-13
290000,281,459,0,9.280535e-12,1.0066972e-10,3.3893976e-13,4.6443884e-18,1.7241795e-10,3.1349388e-09
290000,375,364,0,1.6595611e-10,2.9155363e-12,1.8528038e-16,5.9783745e-24,9.198011e-22,3.0226928e-09
290000,126,80,0,1.3673018e-10,5.1158845e-11,2.4276722e-20,2.6125108e-31,8.72333e-15,3.065124e-09
290000,340,76,0,1.6553352e-10,1.0772334e-10,1.0941452e-15,4.0453128e-23,1.2712226e-10,3.0156093e-09
290000,365,149,0,2.347552e-10,2.642923e-13,9.738263e-12,5.6760995e-15,3.231338e-17,1.0035308e-12
290000,301,425,0,5.5173793e-10,1.7954581e-12,2.197484e-22,1.6254045e-35,5.7676056e-25,1.6849246e-10
290000,76,104,0,4.451238e-11,7.8047666e-11,1.12101024e-14,2.6390345e-21,4.177962e-15,2.9959626e-09
290000,442,33,0,2.6930712e-12,1.1601792e-10,3.3624405e-13,2.2429346e-18,7.046518e-15,3.0368474e-09
290000,282,444,0,3.16433e-10,8.576364e-11,2.1742748e-10,5.755854e-11,3.4071301e-09,2.988837e-09
290000,195,371,0,6.086224e-10,2.443734e-11,0.0,0.0,1.820041e-17,8.814693e-19
290000,480,432,0,-9.210618e-13,1.0718406e-10,7.438266e-14,3.2566158e-19,1.7254494e-10,3.0633713e-09
290000,94,116,0,2.0579812e-11,4.5549432e-12,9.836357e-19,2.312978e-27,2.8110628e-21,3.0346234e-09
290000,336,485,0,-5.03792e-13,5.5898623e-12,1.9945177e-18,1.15530286e-29,2.263046e-23,2.771704e-12
290000,172,460,0,6.6319836e-12,3.3856088e-11,1.699202e-14,2.8446806e-20,9.981832e-17,2.993478e-09
290000,222,448,0,6.938744e-11,7.697384e-11,4.5305301e-13,1.4133914e-17,1.21723005e-14,6.0393395e-13
290000,326,200,0,5.442436e-10,4.5747234e-19,5.754099e-21,2.5880565e-32,1.30352e-40,4.4219677e-15
290000,79,163,0,2.4738261e-10,8.478324e-12,7.6848197e-25,1.09383e-40,1.511405e-21,1.2167337e-10
290000,251,348,0,2.8200778e-10,2.3470934e-09,4.108409e-33,0.0,4.1207127e-09,2.0367885e-12
290000,386,372,0,2.3163856e-11,1.02022266e-10,1.1025447e-16,8.139821e-25,3.473192e-09,7.0597384e-17
290000,379,343,0,4.0756468e-10,2.5790997e-12,1.8744796e-11,5.7034415e-14,2.5729854e-15,5.4321417e-12
290000,86,219,0,1.6254532e-10,2.286861e-09,1.14394245e-26,2.16e-43,4.1188084e-09,1.1117868e-12
290000,96,257,0,1.0211856e-09,2.2753501e-09,1.2054178e-21,6.889145e-34,4.1188084e-09,5.1361844e-16
290000,351,288,0,1.8676803e-10,2.8557443e-16,6.6062664e-23,1.00398525e-35,3.0462864e-35,7.104685e-13
290000,436,183,0,6.8892336e-10,4.551452e-13,2.1316855e-20,4.374479e-33,7.18079e-26,1.3527811e-14
290000,105,122,0,1.3304487e-10,2.7045955e-14,2.6576317e-17,4.864603e-26,5.803543e-27,6.8843466e-13
290000,448,193,0,4.7442e-10,6.308046e-11,9.850763e-18,1.3507161e-26,7.1889414e-14,2.6504396e-11
290000,107,402,0,2.4645286e-10,3.5639892e-12,7.2566966e-14,2.5463173e-19,3.5588207e-23,8.0023904e-11
290000,110,260,0,2.4115993e-10,2.325973e-12,5.8499053e-36,0.0,2.9115683e-25,3.4825546e-14
290000,87,370,0,6.1405936e-10,1.1570241e-12,2.274897e-21,6.847231e-33,2.9126912e-24,6.7484143e-12
290000,263,351,0,2.6284763e-10,1.2971498e-14,5.4430485e-31,0.0,4.9555655e-34,4.6806e-16
290000,123,121,0,5.8897565e-10,7.715362e-18,1.655321e-30,0.0,0.0,4.7255095e-12
290000,248,297,0,4.883748e-10,1.3374487e-29,1.413e-42,0.0,0.0,1.6923266e-19
290000,220,2,0,-5.741323e-13,4.4222574e-11,1.320346e-33,0.0,8.346189e-15,2.6077997e-11
290000,144,444,0,4.667612e-10,5.551218e-11,3.2184411e-13,5.3984466e-18,2.7464349e-15,3.7985526e-12
290000,265,60,0,3.0910764e-11,2.1448177e-12,2.9822334e-23,3.4529327e-33,2.0246731e-25,1.5041479e-12
290000,20,239,0,-4.2960318e-13,7.394017e-12,1.8062121e-13,3.187702e-19,9.5488066e-23,3.0439324e-09
290000,288,11,0,-2.4708255e-13,3.0531992e-12,1.8266994e-19,3.5251576e-31,3.7117487e-24,3.0761564e-09
290000,25,71,0,-1.1077044e-12,1.554544e-10,1.6811847e-12,2.249253e-16,1.5734001e-11,3.0083127e-09
290000,487,57,0,-1.3294709e-12,1.6848567e-10,2.651136e-12,5.4331277e-16,1.4752352e-10,3.0647906e-09
290000,125,380,0,7.5650497e-10,9.857147e-17,3.5689353e-17,4.7880652e-26,1.3024375e-32,2.9888938e-09
290000,351,214,0,5.0562254e-10,2.411353e-16,4.7838703e-19,5.323488e-30,3.4836005e-38,5.5746436e-12
290000,405,361,0,1.7010636e-10,2.655997e-11,2.1465358e-17,1.12434735e-26,7.551611e-19,3.0964982e-09
290000,102,343,0,5.414282e-10,2.1589279e-14,4.9603195e-26,7.43257e-40,2.5333589e-28,2.9895022e-09
290000,460,157,0,1.2610473e-11,4.7292626e-12,2.1074218e-20,2.6523976e-29,7.1093056e-21,3.0210214e-09
290000,453,490,0,-1.3517994e-12,1.5756076e-10,3.982872e-13,5.855983e-17,1.2770742e-11,2.991847e-09
290000,51,110,0,2.0195191e-10,9.652921e-11,2.641995e-12,4.8068082e-15,8.593699e-14,2.2136173e-12
290000,471,402,0,-4.7002994e-13,3.8238323e-12,7.1139844e-13,7.987351e-17,1.5520721e-19,3.013481e-09
290000,67,420,0,4.1285997e-10,1.1065349e-10,7.21132e-21,6.489329e-34,1.9305342e-13,9.705721e-12
290000,383,421,0,2.5170685e-10,2.3341798e-10,5.5628813e-21,3.5933205e-32,1.08602044e-10,6.9956133e-16
290000,375,19,0,-3.1014725e-13,5.6293876e-11,2.8665584e-18,7.779432e-28,1.8942123e-10,2.1713568e-10
290000,432,3,0,-1.3064217e-12,1.9087523e-10,2.507642e-28,2.2693e-41,2.5051753e-12,2.727349e-13
290000,22,469,0,-1.4109718e-12,1.0161442e-10,1.1395646e-16,1.9803186e-23,9.5564555e-12,3.089004e-09
290000,180,453,0,9.5910085e-11,4.4072567e-12,3.3621185e-19,1.0818777e-27,4.2621e-22,1.6064987e-17
290000,482,104,0,-5.49917e-13,6.084211e-11,5.996199e-12,3.4273926e-15,1.4024026e-13,7.794136e-12
290000,303,439,0,6.4075273e-10,1.745643e-10,2.1852147e-14,5.5250257e-21,1.1269539e-10,2.011682e-11
290000,195,37,0,1.1446718e-11,2.002497e-12,2.000002e-27,1e-45,5.7359166e-25,2.9888414e-09
290000,328,469,0,5.958753e-13,1.5072565e-10,2.0049394e-12,2.757613e-16,8.9688215e-11,9.233278e-14
290000,17,158,0,-9.684923e-13,7.2905744e-11,3.180052e-16,9.453495e-25,4.784011e-12,2.989344e-09
290000,405,419,0,2.0296363e-10,3.6282588e-11,2.198244e-29,0.0,1.4299751e-13,3.6042247e-09
290000,11,373,0,-1.9349329e-13,6.521243e-14,1.6799167e-16,1.4160789e-22,1.2820186e-26,1.1737475e-10
290000,265,20,0,-3.3247664e-13,3.0717907e-11,9.637642e-20,4.2745447e-30,7.548934e-15,3.014743e-09
290000,66,372,0,9.289467e-11,4.4709635e-14,4.01448e-16,4.00147e-24,4.2289227e-30,2.2189715e-09
290000,68,336,0,2.4045846e-10,2.5457008e-21,1.4779677e-27,4.25e-43,0.0,6.807875e-13
290000,453,259,0,9.325336e-11,7.632e-11,5.0159607e-14,2.1558614e-20,1.6023036e-10,2.992432e-09
290000,163,33,0,9.430992e-13,1.5256607e-13,2.3650857e-14,1.6726971e-18,5.606842e-21,6.8915257e-13
290000,62,254,0,8.179742e-10,6.178774e-11,6.4565174e-14,3.2495842e-19,2.1090748e-16,6.5820654e-11
290000,485,10,0,-1.6232333e-12,1.3509263e-10,1.007196e-16,1.9062212e-25,5.60803e-14,3.0045435e-09
290000,264,34,0,-1.9332956e-13,9.97189e-13,2.8530677e-17,1.6612405e-26,1.215473e-28,3.302845e-11
290000,496,471,0,-1.1657216e-12,1.5957347e-10,5.829641e-13,2.8590108e-17,1.1869345e-11,8.523096e-11
290000,305,69,0,3.3142367e-10,3.427222e-13,5.287988e-17,3.0767954e-26,5.4407788e-30,3.416783e-11
290000,182,49,0,5.0696024e-11,2.7153542e-11,2.7195996e-20,1.0419513e-30,7.135741e-17,2.0048715e-15
290000,67,480,0,-1.0843304e-12,2.616149e-11,1.6569259e-13,3.3546798e-19,8.229646e-18,3.0190566e-09
290000,94,419,0,4.731149e-10,1.0591841e-12,3.358426e-17,2.2271723e-25,2.5312562e-24,2.0567345e-10
290000,15,44,0,-1.5546932e-12,7.500176e-11,8.074103e-14,1.5911332e-19,6.5699132e-15,2.3635167e-11
290000,393,417,0,2.005413e-10,7.0000923e-12,6.53522e-32,0.0,1.0628175e-21,1.0354922e-14
290000,38,335,0,6.6202686e-13,3.9611463e-11,7.641412e-12,5.631612e-15,4.721619e-13,3.02222e-09
290000,430,412,0,2.9263333e-10,4.7182706e-11,9.961179e-12,8.027746e-15,1.2673885e-11,3.2644902e-09
290000,33,44,0,-1.3060738e-12,1.4075814e-10,1.8302278e-16,1.7668415e-24,1.1582816e-13,1.0947527e-10
290000,13,275,0,-6.882778e-13,9.6033195e-11,3.5422858e-12,5.5780333e-16,1.7235519e-10,3.1266207e-12
290000,474,452,0,-1.5536159e-12,5.5089235e-11,7.268438e-11,1.18425e-12,8.805691e-14,1.4400854e-10
290000,450,32,0,1.5651412e-13,3.7416174e-11,4.3478873e-13,1.6722219e-17,3.3301867e-15,2.994696e-09
290000,19,197,0,-3.4397143e-13,1.5105848e-12,6.5148976e-12,4.078642e-15,2.4453524e-17,2.3891087e-11
290000,249,473,0,-7.787154e-13,2.150729e-11,3.4622598e-09,7.191878e-10,1.1532664e-09,6.349715e-12
290000,146,48,0,1.6455068e-10,3.3381975e-13,1.0020213e-14,6.147789e-21,2.3586103e-25,6.1493345e-11
290000,43,470,0,-2.032085e-12,4.5508864e-11,3.6868737e-13,3.706938e-18,3.129064e-16,7.615966e-11
290000,17,205,0,-3.6324147e-13,4.738625e-11,1.0068967e-17,2.983983e-26,5.1605894e-12,1.1819737e-10
290000,97,248,0,8.7344637e-10,3.279159e-12,1.2520427e-19,6.895726e-30,2.852383e-23,1.5774783e-12
290000,443,121,0,3.8727507e-11,2.7926052e-11,3.462259e-09,7.191878e-10,1.1532664e-09,9.7050115e-14
290000,498,459,0,-2.5604646e-13,4.6254986e-11,2.030508e-12,3.2758883e-16,2.454845e-12,3.0077676e-09
290000,473,101,0,-3.287294e-13,7.879959e-11,6.554698e-11,7.147268e-13,1.539803e-10,1.1664693e-14
290000,430,197,0,3.049899e-11,1.402544e-12,4.599785e-12,9.670482e-16,1.8928178e-18,1.0296933e-10
290000,464,403,0,-3.021409e-14,2.4497152e-10,9.374954e-13,5.733264e-16,2.577733e-10,2.9925418e-09
290000,175,120,0,8.6006945e-11,9.32637e-13,3.2509718e-23,1.858962e-36,3.936239e-25,3.1221858e-09
290000,211,396,0,5.773141e-11,2.2075958e-16,1.00681314e-20,9.592339e-32,5.8449688e-36,5.4070274e-13
290000,23,288,0,-6.4290457e-13,1.3801273e-10,7.7359726e-16,1.4655343e-23,4.6193375e-12,1.4248771e-12
290000,448,323,0,1.5661177e-10,3.8752758e-11,2.5742467e-20,2.3367544e-31,2.636942e-17,2.9904004e-09
290000,283,414,0,3.346795e-11,6.481774e-11,1.8443644e-10,5.8673295e-11,5.4651013e-11,2.2160956e-13
290000,484,392,0,-1.0830459e-12,2.299274e-11,5.5488887e-15,4.0591203e-21,1.8916515e-17,3.4746404e-09
290000,304,34,0,3.0373024e-13,2.6434332e-12,8.5629635e-15,7.508739e-21,1.1337861e-24,9.9398656e-11
290000,142,389,0,2.8189347e-11,3.8611808e-11,6.1722053e-17,8.604482e-26,5.442753e-14,5.9098136e-11
290000,211,409,0,9.519858e-11,8.357847e-12,7.129898e-11,1.2869348e-12,9.732182e-14,2.9890022e-09
290000,367,118,0,3.4212405e-10,5.477187e-11,9.7448505e-32,0.0,4.060747e-12,2.9896199e-09
290000,240,63,0,5.2251886e-10,4.2447406e-14,3.060222e-19,1.6927826e-28,1.005696e-33,2.9929188e-09
290000,296,497,0,-6.029584e-13,8.1075306e-11,1.209929e-16,6.440395e-25,6.115681e-12,5.0177045e-13
290000,432,59,0,3.65825e-10,1.1065346e-10,7.48844e-11,1.084199e-12,1.3789821e-13,2.9920073e-09
290000,46,94,0,1.1765049e-10,5.279436e-12,6.5424046e-19,2.9903688e-28,4.488918e-22,7.05154e-11
290000,161,409,0,1.1923947e-10,1.4217964e-11,1.1442869e-27,8e-44,2.236342e-19,2.4372894e-11
290000,30,38,0,-1.1871127e-12,4.6106716e-11,1.2460936e-13,1.9332219e-19,4.7212624e-13,3.0454932e-09
290000,426,165,0,2.3260421e-10,3.4432367e-11,2.3442826e-14,6.7247336e-21,3.0637535e-15,6.0897676e-11
290000,469,406,0,-2.8738687e-13,2.6107876e-11,4.3329405e-14,1.0501813e-18,2.3229858e-18,3.0373535e-09
290000,81,45,0,2.066929e-11,4.1550284e-11,2.704402e-21,5.5317673e-33,3.358344e-14,1.4730137e-10
290000,475,294,0,-7.324569e-13,1.5459202e-11,5.216214e-15,8.820123e-22,4.6236282e-21,1.05036584e-10
290000,473,398,0,-4.0919877e-13,5.512752e-12,7.033804e-13,7.390541e-18,1.2581196e-21,2.3094224e-10
290000,474,234,0,-8.1563776e-13,1.456699e-11,3.6793987e-22,2.6388298e-35,2.7697394e-18,1.1562215e-12
290000,413,485,0,-1.5392985e-12,5.8425174e-11,2.219717e-16,1.0544151e-23,3.0173418e-16,3.3552119e-09
290000,236,1,0,-1.7776541e-12,1.4100007e-10,7.9907335e-17,1.3058842e-24,2.3224104e-13,3.0053655e-09
290000,6,241,0,-1.3004185e-12,9.736517e-11,1.621997e-11,2.9261837e-14,1.4671283e-13,1.12620066e-10
290000,48,23,0,-1.3039953e-12,2.4166538e-10,2.0759993e-12,1.04478616e-16,6.496621e-11,3.1139593e-09
