mcsteps,xCOM,yCOM,zCOM,il8,il1,il6,il10,tnf,tgf
420000,58,260,0,2.8190215e-09,1.307062e-11,1.7099454e-16,5.5682745e-26,4.6853768e-21,1.6360637e-11
420000,127,278,0,2.215056e-09,9.027456e-13,1.4640952e-10,5.8193048e-11,6.2834425e-11,4.8620665e-16
420000,320,86,0,2.9753566e-09,1.8000778e-12,1.5904097e-16,5.781322e-25,1.4605111e-24,4.0595974e-11
420000,426,147,0,2.3367606e-09,2.0709983e-12,6.081604e-16,2.3786854e-24,1.9163627e-27,9.189631e-11
420000,389,77,0,2.3152937e-09,3.4291658e-12,2.116684e-12,1.0552876e-16,6.235149e-20,1.7571938e-10
420000,76,141,0,2.0781272e-09,3.8580207e-12,4.3229856e-16,7.8943845e-25,2.7186363e-24,7.402602e-14
420000,126,316,0,2.7414664e-09,2.0429138e-11,4.1459232e-27,1e-45,1.6718237e-17,7.939536e-13
420000,438,319,0,2.6598703e-09,1.502206e-11,1.808962e-20,1.2639368e-34,4.064939e-19,2.8478931e-11
420000,395,187,0,2.3305102e-09,1.5690589e-10,1.3182822e-15,1.9055142e-22,1.2717356e-10,1.0584028e-10
420000,271,255,0,2.4851667e-09,5.0256996e-14,0.0,0.0,4.4279913e-33,2.9919417e-15
420000,383,67,0,2.452776e-09,1.1186715e-11,9.570092e-13,1.1452102e-17,4.052913e-20,8.878556e-12
420000,137,99,0,2.0051596e-09,7.5771445e-11,1.3635711e-17,3.82409e-27,3.4482508e-14,3.767097e-11
420000,392,314,0,2.4718447e-09,5.025536e-17,3.1261303e-22,2.0323899e-38,0.0,3.1342925e-11
420000,73,326,0,2.2824607e-09,7.5105845e-16,2.0623826e-28,0.0,9.496251e-38,3.59087e-11
420000,209,54,0,2.129817e-09,1.0488554e-10,6.557184e-21,2.847654e-34,5.943381e-12,1.4151862e-12
420000,323,205,0,2.1849431e-09,4.2835596e-12,7.414787e-17,4.097219e-26,7.101547e-22,8.185295e-12
420000,94,376,0,2.2307005e-09,1.7554505e-11,1.3660918e-16,3.3953264e-26,9.940378e-18,5.054472e-11
420000,394,426,0,2.288697e-09,1.7407758e-11,5.4873553e-22,1.192233e-36,1.745624e-19,1.3110355e-11
420000,203,425,0,3.2153067e-09,5.097923e-12,2.2814615e-12,1.7867433e-16,1.2341253e-19,5.7013426e-12
420000,261,127,0,2.4444802e-09,7.76843e-12,1.0722128e-20,1.5577383e-34,1.3362509e-18,1.779782e-12
420000,404,107,0,2.8124558e-09,1.18490755e-11,4.3711804e-15,1.800082e-22,4.7783238e-18,5.9976434e-12
420000,188,196,0,1.9723858e-09,7.2697104e-12,1.6214323e-18,9.2479695e-30,1.193575e-21,7.788161e-14
420000,385,429,0,2.6645075e-09,2.9448322e-11,8.165659e-14,4.4333682e-20,3.3953045e-14,1.1136026e-11
420000,233,290,0,1.9793829e-09,5.0811548e-26,2.61051e-39,0.0,0.0,4.6280384e-23
420000,201,360,0,2.327307e-09,2.316016e-13,2.246856e-27,0.0,1.2650648e-31,9.676784e-12
420000,349,67,0,2.442405e-09,2.0499802e-11,3.8113526e-11,6.69581e-13,5.7987096e-14,1.8684151e-11
420000,66,315,0,2.186737e-09,1.5194401e-11,1.9595786e-28,1.3e-44,2.8112878e-17,1.7788304e-11
420000,205,431,0,3.466377e-09,2.114166e-11,4.3730315e-12,3.5664113e-16,1.2780311e-16,8.2935075e-11
420000,209,220,0,2.645301e-09,1.1540376e-11,1.4322794e-19,4.9887102e-29,2.3600284e-18,5.3436457e-11
420000,77,278,0,3.1426926e-09,3.269066e-11,3.1324041e-21,3.7862303e-35,4.8280237e-18,3.7723713e-11
420000,108,363,0,2.1153108e-09,2.6258162e-11,1.525362e-11,1.7163708e-14,2.8532374e-13,2.1436743e-10
420000,91,389,0,2.3438664e-09,1.4342945e-11,4.3739396e-12,6.4248005e-16,2.2602326e-18,2.3087678e-11
420000,156,431,0,2.011018e-09,5.568597e-12,1.7783641e-19,1.1748012e-30,2.3049796e-22,5.135277e-11
420000,407,267,0,2.1083564e-09,1.4523127e-11,4.8738967e-25,4.15929e-40,2.8662024e-21,4.1286688e-12
420000,268,393,0,2.17409e-09,5.269941e-13,3.7225433e-16,1.5236762e-24,8.967389e-31,2.665312e-11
420000,242,397,0,2.3472924e-09,3.8338704e-11,9.524852e-29,0.0,3.4311306e-14,1.8791383e-11
420000,440,84,0,2.267345e-09,2.1825843e-11,7.692742e-12,3.5334382e-15,4.6319904e-15,1.2003075e-10
420000,446,77,0,2.2089435e-09,8.881955e-12,1.3332822e-12,4.4828984e-17,2.3507072e-20,8.811403e-11
420000,415,128,0,2.9576033e-09,1.4199279e-11,5.547278e-15,4.0591195e-21,8.252762e-20,7.0410025e-11
420000,389,155,0,2.2217845e-09,4.5192954e-11,1.9636391e-11,4.247921e-14,1.1257506e-11,6.547093e-11
420000,307,424,0,2.3792566e-09,1.30649155e-11,1.739334e-19,3.5158916e-31,2.6917826e-20,2.2541956e-11
420000,335,203,0,2.5016393e-09,3.1930072e-15,2.1220896e-14,6.9105334e-21,9.257381e-26,1.9567686e-10
420000,59,186,0,2.239007e-09,6.275267e-12,4.0653727e-13,6.681681e-18,1.5094188e-21,3.882582e-11
420000,53,272,0,2.2326365e-09,2.958542e-11,1.1092582e-13,1.08167417e-19,2.7388149e-17,1.9175153e-11
420000,309,73,0,2.1157067e-09,6.240668e-12,1.7418549e-12,4.0296835e-16,1.05185e-18,4.091941e-13
420000,188,399,0,2.0207944e-09,6.0380206e-13,2.4135545e-15,2.2142858e-21,2.0811134e-25,4.1583157e-11
420000,378,108,0,2.082736e-09,4.8860465e-13,9.5672295e-15,9.476415e-21,4.8560616e-25,8.307567e-12
420000,377,253,0,2.5407618e-09,3.544969e-11,2.640942e-21,8.528313e-36,1.8258566e-15,1.137441e-11
420000,168,209,0,2.0767e-09,1.9432956e-13,1e-45,0.0,5.8582565e-33,2.497789e-13
420000,66,90,0,2.1929158e-09,7.3987136e-11,4.731888e-15,9.946799e-22,2.3750515e-10,1.7728386e-11
420000,396,334,0,2.3074e-09,2.6875863e-11,1.0822311e-16,6.1374377e-26,1.6778709e-15,1.7164762e-13
420000,189,249,0,2.9300904e-09,2.1095693e-11,6.425551e-37,0.0,3.6483668e-17,6.0482923e-13
420000,279,428,0,2.0119597e-09,8.6796135e-12,2.61176e-14,3.1809628e-21,3.582834e-20,9.370932e-11
420000,346,344,0,2.2285245e-09,4.86795e-12,4.750175e-25,1.94e-42,3.5542586e-24,4.563539e-12
420000,432,130,0,2.2550084e-09,1.7142732e-11,1.1870117e-23,1.0402076e-37,1.765899e-21,8.861284e-11
420000,442,274,0,2.0022668e-09,1.3806609e-12,8.0239336e-14,2.496193e-19,3.0975605e-23,1.1534804e-11
420000,438,54,0,2.0992652e-09,9.22549e-11,8.3841343e-13,1.6318766e-17,1.4914246e-14,8.795512e-11
420000,299,337,0,3.7948253e-09,4.197519e-18,2.4657162e-29,0.0,0.0,1.7489504e-13
420000,341,111,0,3.335465e-09,6.0821286e-13,3.6411075e-30,0.0,3.4325272e-29,1.9139136e-14
420000,138,267,0,2.5773168e-09,5.565463e-15,6.897437e-22,4.53205e-37,2.102e-42,2.4028935e-16
420000,200,246,0,3.4645462e-09,2.9881122e-11,5.5e-44,0.0,8.707935e-15,2.384012e-12
420000,292,108,0,2.3511417e-09,8.87164e-12,1.8785457e-27,8.7e-44,1.4337168e-20,1.1085954e-11
420000,246,93,0,1.954139e-09,4.8366853e-12,1.6377406e-16,2.937221e-25,5.571904e-23,4.3995307e-10
420000,296,339,0,3.5603764e-09,1.9979329e-19,3.1789404e-31,0.0,0.0,8.105498e-15
420000,194,71,0,2.269206e-09,2.02029e-11,2.2309158e-15,3.7659226e-23,9.023273e-17,4.2222472e-11
420000,64,195,0,2.7222102e-09,3.4543316e-11,1.7611486e-17,3.1100444e-26,5.75183e-17,1.0618584e-10
420000,52,71,0,1.9871815e-09,4.718619e-12,1.3107065e-13,1.943603e-19,1.22065355e-23,4.357163e-11
420000,402,128,0,2.2652513e-09,4.120125e-12,1.0343871e-15,2.6523902e-23,2.861834e-25,7.907914e-12
420000,355,401,0,1.9734292e-09,6.138817e-12,2.8564566e-20,2.2353581e-31,2.374083e-22,3.744708e-11
420000,439,427,0,2.5976299e-09,3.6160627e-11,1.9598533e-16,2.4399418e-24,1.0973039e-17,1.1814484e-10
420000,442,258,0,2.2450408e-09,1.9511589e-11,4.3633674e-18,1.9412049e-28,1.7874895e-18,4.957133e-11
420000,389,397,0,2.019991e-09,2.0404813e-11,1.452161e-20,2.5848845e-32,1.6183714e-19,1.0429707e-10
420000,244,242,0,1.9939648e-09,1.7073867e-20,1.9656432e-24,1.2754208e-35,1.32e-43,4.953351e-15
420000,71,411,0,2.0716433e-09,2.3249257e-11,3.8552403e-12,1.2682035e-15,7.489142e-16,2.1618157e-10
420000,307,376,0,2.2665734e-09,3.810564e-13,1.5116228e-16,1.3595734e-25,1.0320938e-27,2.4658994e-12
420000,305,254,0,2.102863e-09,3.987388e-14,0.0,0.0,3.5841922e-34,1.204964e-19
420000,245,440,0,2.143027e-09,4.4576102e-13,7.33173e-13,9.107579e-18,1.6347311e-21,1.4542948e-11
420000,112,181,0,1.9916786e-09,4.1456154e-11,1.9911008e-28,0.0,1.16236815e-14,4.746996e-14
420000,162,315,0,2.4138236e-09,6.227091e-11,1.7908535e-20,4.7210505e-31,3.060096e-12,8.882182e-14
420000,354,278,0,2.6953206e-09,3.3140063e-16,4.408145e-19,3.0357218e-29,7.904639e-37,7.489758e-13
420000,383,172,0,2.7584668e-09,4.6131113e-11,8.094525e-14,2.2526522e-20,1.330597e-15,2.925208e-11
420000,89,263,0,2.3957647e-09,1.2042531e-10,4.3048268e-14,2.1206462e-20,7.627203e-12,1.1621229e-11
420000,444,99,0,2.0021118e-09,1.3155574e-10,3.6663677e-15,3.818679e-23,2.4769603e-10,1.3405188e-10
420000,89,276,0,2.9646157e-09,2.0292386e-11,4.2541976e-15,3.842868e-22,2.107095e-15,9.827304e-13
420000,293,246,0,2.361744e-09,6.7239554e-11,0.0,0.0,5.5762893e-14,3.2071347e-14
420000,207,334,0,2.2475577e-09,1.0203458e-12,9.8867906e-26,7.23e-43,8.222169e-25,8.3062e-15
420000,280,212,0,2.362523e-09,1.2338009e-11,0.0,0.0,2.7183644e-19,6.3871646e-13
420000,313,59,0,2.1073714e-09,1.4753927e-11,4.0224346e-18,2.1830767e-28,1.0497813e-20,1.4286134e-11
420000,238,137,0,2.193554e-09,2.5360064e-23,3.2453129e-12,8.501879e-16,1.894421e-18,1.6865418e-13
420000,285,176,0,2.1061068e-09,2.9929396e-13,2.1589329e-29,0.0,1.8041898e-26,7.5771965e-11
420000,132,197,0,2.2707636e-09,8.128199e-11,1.16233246e-35,0.0,5.5762896e-14,1.2940453e-13
420000,230,143,0,2.224677e-09,7.463775e-27,2.0385167e-18,8.587385e-29,1.8787754e-36,4.7351138e-12
420000,252,297,0,2.053906e-09,7.780813e-15,6.798539e-30,1e-45,2.0692982e-35,1.8193876e-15
420000,337,257,0,4.2629815e-09,2.2143801e-16,1.6177332e-29,0.0,4e-45,1.2049558e-12
420000,398,306,0,2.4572895e-09,1.3258727e-13,1.2796959e-32,0.0,1.9089784e-30,2.240093e-12
420000,429,420,0,2.494023e-09,2.0235655e-11,7.755998e-15,1.7856985e-22,6.772081e-17,8.5157166e-11
420000,71,218,0,2.2292512e-09,1.0171192e-10,2.177553e-15,3.3214487e-22,1.9245061e-14,7.7249936e-11
420000,168,403,0,1.996874e-09,3.3424503e-11,2.6020208e-24,5.782e-41,3.3765073e-16,1.6827959e-12
420000,287,315,0,2.753947e-09,4.372824e-12,7.070178e-33,0.0,5.0704365e-20,1.09896495e-10
420000,259,282,0,2.0908222e-09,3.1539638e-15,8.4009995e-32,0.0,2.797948e-36,1.2005325e-21
420000,252,173,0,2.0384916e-09,2.4086035e-12,3.485e-42,0.0,8.8989876e-21,2.6204614e-12
420000,238,428,0,2.5686384e-09,3.2129025e-11,5.038846e-21,5.767237e-35,9.979905e-16,2.3740563e-11
420000,229,430,0,2.5213305e-09,3.835706e-11,7.0980534e-17,4.552653e-26,2.2564676e-15,4.0847728e-10
420000,255,271,0,2.0733995e-09,1.289169e-16,0.0,0.0,1e-45,2.5511386e-29
420000,222,130,0,2.5875488e-09,6.5571706e-20,5.42003e-27,1.6244e-41,0.0,7.119462e-12
420000,289,209,0,2.2283009e-09,2.0154288e-12,0.0,0.0,2.723485e-26,4.187797e-11
420000,86,240,0,2.1608382e-09,7.476852e-11,9.408863e-15,3.7551064e-22,3.8947256e-14,1.7387338e-11
420000,223,352,0,2.6114175e-09,7.274665e-12,6.697629e-14,7.199966e-20,1.9079265e-20,3.878902e-12
420000,210,268,0,2.1024944e-09,4.5367385e-15,0.0,0.0,1.1338406e-33,1.655367e-15
420000,345,144,0,2.075752e-09,1.3527854e-10,3.784467e-27,1e-44,2.8144972e-13,6.8631598e-12
420000,415,172,0,2.1227444e-09,4.4398252e-13,1.7636871e-19,1.0610743e-29,1.6491889e-30,1.3187037e-13
420000,428,370,0,2.2443607e-09,4.974483e-11,2.1471609e-13,5.895111e-19,2.2565012e-13,5.3314232e-12
420000,396,193,0,2.2790883e-09,6.1534236e-11,9.710616e-19,8.01192e-31,8.287411e-17,5.668112e-12
420000,413,337,0,2.9441423e-09,8.408699e-11,3.4802676e-14,1.2059548e-20,8.41437e-14,1.977228e-11
420000,365,266,0,2.3617492e-09,4.0445196e-14,5.439514e-25,1.006006e-39,1.5411298e-31,3.1249085e-12
420000,335,335,0,2.7212408e-09,2.5212304e-11,8.890313e-29,0.0,6.74321e-16,8.816287e-12
420000,330,184,0,2.2121267e-09,3.7708785e-13,8.562316e-32,0.0,1.21004455e-32,1.0695485e-10
420000,434,75,0,2.173219e-09,6.226724e-11,8.128747e-14,2.2528413e-20,1.5504041e-15,2.3045708e-11
420000,403,150,0,2.4616342e-09,1.9278091e-11,1.0633734e-21,7.9935374e-36,3.4780667e-19,3.140467e-11
420000,355,213,0,2.2321305e-09,1.8020097e-15,1.2547458e-15,7.110169e-24,2.8344955e-30,1.2371218e-12
420000,446,196,0,1.9751123e-09,2.5721095e-11,7.2086705e-14,4.574926e-19,2.0002588e-20,7.386893e-11
420000,150,282,0,2.0857833e-09,1.0896295e-11,2.400316e-27,6e-45,2.6951662e-20,3.8087302e-12
420000,323,291,0,2.8251579e-09,3.184502e-11,1.2188074e-28,0.0,6.503853e-15,3.2214197e-13
420000,63,445,0,1.9933744e-09,1.912285e-11,1.3145975e-11,2.1562506e-14,1.8487123e-16,5.4660207e-11
420000,369,298,0,2.0280302e-09,1.1917701e-11,1.5708057e-17,6.210816e-28,5.0110553e-20,2.380335e-13
420000,223,266,0,2.0277322e-09,3.7716205e-14,0.0,0.0,1.2625085e-36,1.422976e-20
420000,444,434,0,2.5546314e-09,1.3301475e-10,9.815428e-13,1.3931283e-17,1.3520458e-10,2.2436909e-10
420000,402,404,0,2.3460967e-09,8.004567e-11,3.1228845e-16,3.2657876e-23,2.337768e-10,1.842394e-11
420000,387,86,0,2.2270474e-09,3.5100735e-11,1.8355941e-14,9.476781e-20,2.4985023e-16,1.5256596e-11
420000,324,310,0,2.919554e-09,4.072278e-11,3.4e-44,0.0,3.8656385e-13,7.799262e-12
420000,211,222,0,2.6751348e-09,7.865416e-12,4.3584176e-16,1.0120664e-22,4.732016e-19,1.3895296e-11
420000,181,222,0,3.0611382e-09,5.855599e-14,0.0,0.0,2.402721e-39,8.644157e-16
420000,258,327,0,1.9941278e-09,3.6730115e-12,0.0,0.0,2.3048754e-22,7.0393886e-13
420000,326,316,0,2.6735403e-09,1.2297794e-11,6.02907e-40,0.0,3.0555807e-17,4.0209752e-14
420000,236,433,0,2.6775813e-09,3.7343455e-11,6.5183176e-20,7.5552437e-32,2.182705e-15,5.5455668e-11
420000,111,290,0,2.3078215e-09,1.4262082e-11,2.520906e-24,8.2838527e-38,4.885431e-17,6.214523e-12
420000,313,431,0,2.6776463e-09,1.69121e-10,2.6298495e-15,2.2493668e-23,6.837609e-12,6.603188e-11
420000,299,294,0,2.2634012e-09,4.4664578e-11,7.243826e-34,0.0,7.694312e-17,4.007715e-15
420000,123,315,0,2.7411298e-09,6.0651976e-11,5.624572e-26,3.1e-44,1.0066676e-13,9.540385e-14
420000,193,333,0,2.722437e-09,2.1319369e-14,8.806725e-39,0.0,4.7707125e-35,7.871253e-13
420000,152,89,0,2.0605426e-09,4.3630134e-11,9.863965e-14,3.1180752e-19,7.3088513e-13,2.9834257e-11
420000,198,176,0,2.195944e-09,1.9901377e-11,1.8244936e-16,5.4719835e-25,8.226063e-18,1.15109745e-14
420000,327,279,0,2.918462e-09,5.1621422e-11,8.7601574e-20,4.412428e-30,1.8813323e-13,1.9589682e-14
420000,64,142,0,2.0597979e-09,5.7274196e-11,6.351657e-11,2.9751405e-12,3.686365e-13,1.1066852e-11
420000,315,110,0,2.500647e-09,1.1163446e-11,1.7218209e-32,0.0,1.0376526e-18,5.7077898e-11
420000,350,366,0,2.1043296e-09,1.0546237e-11,8.518799e-28,0.0,5.0126428e-20,9.407195e-11
420000,323,306,0,2.8294584e-09,8.6292935e-12,1.2816e-41,0.0,2.1241485e-21,3.2861155e-11
420000,417,128,0,2.943285e-09,5.7802764e-12,5.5472937e-15,4.0591195e-21,1.632061e-23,1.4202378e-10
420000,154,117,0,2.0669528e-09,2.0561651e-12,6.712874e-14,4.4592205e-20,1.3238316e-24,4.4215447e-11
420000,444,151,0,2.079036e-09,1.8755438e-11,8.848457e-15,1.541848e-21,3.7564567e-18,4.45981e-11
420000,186,417,0,2.368258e-09,3.9358165e-12,2.9383248e-13,7.765818e-18,6.882713e-21,1.2645413e-13
420000,192,245,0,3.6272347e-09,2.9355084e-11,3.42e-43,0.0,9.987568e-15,1.8242133e-11
420000,73,66,0,2.2404771e-09,4.77309e-11,5.2178295e-17,9.948675e-27,1.7485845e-16,9.571558e-11
420000,215,351,0,2.3781792e-09,2.0606206e-12,3.2889937e-11,1.1237907e-13,2.3369328e-15,2.1683771e-10
420000,267,216,0,2.3352904e-09,9.515434e-14,0.0,0.0,1.3157916e-31,2.8054626e-16
420000,114,90,0,2.3308377e-09,3.794366e-11,5.4516396e-16,7.6457724e-24,8.8719644e-16,1.2705377e-10
420000,204,429,0,3.5944354e-09,1.32481725e-11,8.140702e-12,2.7685346e-15,8.344901e-18,5.4671167e-11
420000,365,141,0,2.1431394e-09,6.4676584e-13,3.0570726e-13,1.123734e-18,6.547553e-23,1.08702145e-11
420000,128,63,0,2.8105482e-09,6.323394e-11,3.7742413e-11,8.7539237e-13,8.608249e-14,1.3495614e-11
420000,403,144,0,2.4418627e-09,2.1357332e-12,2.4514462e-19,1.6093352e-29,2.4928649e-29,6.548154e-11
420000,412,214,0,2.0142736e-09,3.043854e-11,4.2187072e-14,7.011543e-21,1.5773037e-13,1.2003595e-10
420000,309,193,0,2.066319e-09,4.2305044e-15,1.3838753e-37,0.0,5.66523e-40,9.411992e-16
420000,275,220,0,2.3789783e-09,3.4057956e-13,0.0,0.0,4.857235e-32,4.5566473e-14
420000,263,196,0,2.2640907e-09,3.6611746e-13,0.0,0.0,4.9449623e-27,9.7643296e-11
420000,145,311,0,2.4161637e-09,5.294011e-18,1.3964496e-17,2.554226e-26,8.556503e-33,1.7587348e-11
420000,392,111,0,2.4505729e-09,1.1040316e-15,9.0160724e-13,1.3587073e-17,2.5823817e-21,2.1875236e-12
420000,243,62,0,1.952113e-09,1.0743959e-13,2.2648262e-19,5.2678364e-31,1.6397036e-36,7.395373e-11
420000,296,390,0,2.269368e-09,8.245318e-12,1.594316e-20,3.1757916e-33,3.464786e-19,1.4039876e-11
420000,220,335,0,2.2767215e-09,6.195441e-11,1.1153889e-20,2.7394855e-32,5.5471413e-12,2.250558e-14
420000,84,372,0,2.1368642e-09,2.392397e-12,1.06855344e-16,3.4897512e-26,3.924908e-27,6.84891e-11
420000,76,60,0,2.232949e-09,5.591567e-11,1.7637546e-13,1.6290403e-18,1.4974768e-14,3.5466706e-11
420000,375,312,0,2.0778255e-09,1.467961e-12,4.1487033e-18,1.4207024e-28,2.3505052e-25,2.5974386e-11
420000,169,241,0,2.0747872e-09,8.2692096e-11,2.6456857e-35,0.0,1.4128089e-12,1.1522756e-12
420000,395,101,0,2.6063014e-09,1.4755775e-12,5.4872457e-16,1.1938143e-24,1.9699764e-24,7.667253e-13
420000,369,385,0,2.275371e-09,3.6250445e-12,1.10326024e-14,4.8246266e-21,7.7568874e-24,3.5466262e-11
420000,287,324,0,3.4756191e-09,1.4238923e-16,4.183e-42,0.0,5.6124e-40,1.3042797e-11
420000,295,316,0,2.8017701e-09,2.3114912e-14,4.279e-41,0.0,3.593598e-36,2.7249503e-12
420000,286,268,0,2.2442659e-09,7.980981e-21,1.63e-43,0.0,0.0,2.1630306e-19
420000,342,261,0,2.9941034e-09,6.0026604e-13,1.2381921e-24,1.4909147e-38,5.538498e-27,3.6829013e-14
420000,114,391,0,2.3556408e-09,5.0680432e-11,2.5207423e-12,3.9150133e-16,5.5470173e-12,1.2379288e-11
420000,266,179,0,2.1826725e-09,5.427146e-12,0.0,0.0,1.2149443e-23,2.9768963e-13
420000,197,326,0,2.8233627e-09,5.5681913e-14,1.163926e-39,0.0,4.513584e-30,1.9517939e-16
420000,226,321,0,2.285237e-09,1.8375459e-15,3.2371997e-27,2.3742e-41,2.527711e-39,8.417645e-12
420000,321,116,0,2.372177e-09,2.552303e-12,9.517241e-34,0.0,1.9925976e-23,4.0403358e-11
420000,436,369,0,2.3828453e-09,7.761331e-11,1.12811516e-14,3.506938e-21,8.757903e-17,7.065521e-11
420000,184,328,0,2.482985e-09,3.367197e-16,3.060174e-29,0.0,1.7107e-40,6.6980723e-15
420000,100,332,0,2.1500455e-09,5.1523296e-14,6.9619396e-16,2.4448002e-24,7.613715e-28,6.05714e-11
420000,195,318,0,2.4025655e-09,2.6242023e-16,1.2461617e-31,0.0,8e-45,7.684952e-18
420000,310,292,0,2.5367926e-09,1.3215761e-12,3.387e-42,0.0,1.16135e-24,1.950494e-11
420000,155,446,0,2.0521942e-09,1.4755079e-10,8.70767e-16,9.013608e-24,1.7827281e-11,1.3505019e-11
420000,354,113,0,2.3771096e-09,1.3837043e-10,6.0762396e-37,0.0,9.754205e-11,4.0438708e-13
420000,319,287,0,2.8580094e-09,6.8974183e-13,6.443112e-30,0.0,5.4348347e-29,1.04727555e-11
420000,280,119,0,2.10372e-09,1.4143917e-12,1.3716142e-29,0.0,3.2541238e-29,7.4880984e-16
420000,389,139,0,2.1482727e-09,2.3764372e-11,7.7613783e-13,3.6896835e-17,1.8083689e-16,1.7710056e-13
420000,230,204,0,1.9656727e-09,1.6168452e-13,9.517245e-34,0.0,9.283548e-32,2.8789685e-12
420000,136,74,0,2.6860363e-09,3.396488e-11,1.3051493e-15,2.4555637e-24,4.9920834e-16,1.9966077e-11
420000,383,52,0,2.1908577e-09,7.773098e-11,9.489866e-12,9.864936e-15,1.7947663e-15,3.3305074e-11
420000,331,234,0,3.3949856e-09,7.1662815e-11,1.5721052e-29,0.0,5.192026e-13,5.5345867e-11
420000,366,365,0,2.0749436e-09,1.5496073e-12,1.0598369e-18,6.221076e-31,2.3467143e-23,3.2906611e-12
420000,390,344,0,2.6090554e-09,1.0970689e-11,1.4719394e-11,2.4047697e-14,4.1643875e-16,1.2200675e-11
420000,118,326,0,2.1998958e-09,1.8279652e-11,6.43814e-16,3.2549354e-23,4.7713817e-18,4.2423606e-11
420000,331,445,0,1.9633124e-09,4.0795308e-11,7.0453413e-12,1.3378765e-15,4.322542e-18,7.19049e-11
420000,112,414,0,2.07461e-09,5.1603073e-11,4.7634646e-14,1.0319198e-20,1.2910849e-13,1.3192752e-10
420000,337,254,0,3.5557257e-09,7.067733e-18,9.219533e-32,0.0,0.0,8.965405e-12
420000,225,357,0,2.4593372e-09,1.0460995e-11,3.524483e-11,1.440143e-13,3.1694044e-15,1.2399187e-11
420000,292,102,0,2.4013564e-09,1.5632003e-11,1.196189e-21,1.0672224e-33,1.9938843e-17,1.4735834e-11
420000,355,76,0,2.2835238e-09,3.8292237e-11,1.4114515e-11,2.2184601e-14,1.1235285e-15,5.5922775e-12
420000,54,431,0,2.0614543e-09,5.4218737e-11,2.5882206e-15,1.7262153e-23,2.4305282e-16,8.246153e-11
420000,55,89,0,2.181232e-09,1.5279488e-11,1.5896962e-18,2.4622357e-29,5.3011983e-20,2.1531759e-11
420000,208,367,0,2.2763529e-09,2.6167114e-11,2.2918873e-27,1e-45,1.4262113e-16,5.808294e-13
420000,107,96,0,2.3160234e-09,9.077179e-12,4.88436e-14,8.980799e-21,1.7632664e-19,1.1349727e-10
420000,439,376,0,2.2538118e-09,3.912714e-11,1.240642e-13,1.3282329e-19,8.484842e-12,4.468011e-11
420000,193,55,0,2.061816e-09,8.482336e-11,2.2471747e-21,2.2058302e-35,5.2677518e-14,4.2715855e-11
420000,250,216,0,2.049042e-09,4.1266504e-11,5.83898e-29,1.3e-44,1.5186704e-11,2.3640902e-11
420000,335,273,0,2.387585e-09,7.031536e-13,4.0935747e-16,1.046845e-24,6.1993797e-28,9.944098e-14
420000,316,298,0,2.6542424e-09,6.626293e-13,1.17415e-40,0.0,8.3472356e-29,1.858593e-12
420000,331,365,0,2.3694415e-09,3.5220358e-11,3.3588784e-27,2.8e-44,2.2564676e-15,3.1206968e-12
420000,57,220,0,2.4033162e-09,2.4389982e-10,4.0559452e-12,1.4357026e-15,1.6655882e-12,1.4843674e-10
420000,181,414,0,2.3514504e-09,8.920803e-12,3.8524083e-13,1.3649721e-18,9.961037e-21,8.0384256e-13
420000,161,126,0,2.121124e-09,4.853319e-11,2.1897783e-20,1.610425e-33,7.3153034e-13,6.444589e-11
420000,203,419,0,2.609011e-09,4.083558e-12,3.050085e-15,1.7451e-23,2.6975716e-24,5.289298e-11
420000,357,181,0,2.1546713e-09,1.01643746e-11,5.794493e-34,0.0,1.7415344e-20,5.805088e-15
420000,362,201,0,2.3335702e-09,1.7916621e-11,2.0052e-25,1.3378e-41,4.46992e-16,1.1802062e-12
420000,207,141,0,1.99101e-09,1.2691612e-14,4.03333e-26,8.77e-43,4.0994367e-35,6.470432e-15
420000,112,271,0,2.2697388e-09,2.5621352e-14,2.681491e-22,1.6481843e-37,7.27894e-39,9.625305e-15
420000,406,408,0,2.326573e-09,6.4093154e-11,5.725917e-15,8.1157566e-22,6.5346564e-16,3.4880597e-12
420000,72,250,0,2.261736e-09,1.6257815e-11,1.0857758e-10,2.0619548e-12,1.6622223e-13,3.6782487e-11
420000,148,262,0,2.3460545e-09,4.084002e-12,1.7488083e-31,0.0,1.0825626e-23,7.746161e-12
420000,118,124,0,2.1259825e-09,7.40783e-14,4.4017313e-22,9.914836e-38,6.350706e-35,1.1012199e-13
420000,142,199,0,2.3955362e-09,5.1349577e-11,4.887262e-35,0.0,8.34663e-15,3.0880496e-11
420000,172,134,0,2.0381912e-09,6.417972e-11,1.7637546e-13,1.6290403e-18,8.484845e-12,5.2954315e-14
420000,444,440,0,2.3513385e-09,6.190485e-11,6.0281545e-12,1.8190511e-15,7.235492e-17,1.1970641e-10
420000,103,244,0,2.3816245e-09,1.3000455e-11,3.7825498e-24,1.33971e-40,2.7418084e-18,1.6383406e-13
420000,127,379,0,2.147752e-09,3.0565862e-15,9.181984e-15,2.7817326e-22,3.8425155e-28,9.506397e-11
420000,195,246,0,3.928358e-09,9.4153825e-12,6e-45,0.0,1.4147527e-21,4.7262125e-12
420000,60,203,0,2.2982216e-09,4.311953e-11,1.4698626e-15,1.1702613e-22,6.810722e-17,3.61538e-11
420000,218,436,0,2.4711915e-09,4.6924947e-11,2.3988933e-13,3.4265926e-19,8.680942e-16,7.868601e-11
420000,291,129,0,2.3882216e-09,1.3675352e-11,1.1981615e-15,7.82971e-23,2.524219e-20,3.4478489e-15
420000,342,417,0,1.9846267e-09,1.6585098e-11,1.126583e-10,1.6200088e-11,5.5001372e-12,2.2791002e-11
420000,268,359,0,2.1033773e-09,3.8881238e-12,7.4293286e-17,1.8053498e-24,7.805254e-21,7.2658465e-13
420000,91,250,0,2.511879e-09,2.1121303e-11,9.5785386e-14,3.2093134e-19,3.963998e-18,2.0522476e-11
420000,404,352,0,2.429458e-09,1.044282e-11,2.3745587e-16,2.5453406e-24,1.233616e-18,8.135494e-11
420000,296,281,0,2.1551279e-09,2.30581e-13,2.183722e-39,0.0,4.019614e-30,4.2802345e-17
420000,310,434,0,2.7182618e-09,1.1315502e-10,1.916772e-15,5.318192e-23,1.9244604e-14,1.9864659e-11
420000,416,352,0,2.2369968e-09,9.781672e-13,7.038087e-11,1.0834568e-12,7.74826e-14,6.717518e-11
420000,413,427,0,2.0226862e-09,6.327306e-11,7.1130153e-25,7.02e-43,1.4259674e-17,5.943969e-14
420000,75,333,0,2.212628e-09,2.533238e-20,1.2878937e-30,0.0,0.0,5.8916726e-11
420000,256,231,0,2.0847895e-09,3.421778e-13,1.2037762e-25,1.3975044e-37,2.8868864e-30,2.1808076e-11
420000,145,354,0,2.0292483e-09,2.6085122e-11,3.6722923e-15,3.062359e-23,1.4262113e-16,6.107311e-11
420000,223,161,0,2.428161e-09,1.7216978e-14,6.108801e-18,2.5686807e-26,2.3107573e-32,3.4293894e-14
420000,382,283,0,2.4294893e-09,1.29771185e-11,4.4807375e-22,5.1882234e-36,1.8442364e-19,4.413124e-15
420000,366,124,0,2.1060569e-09,1.14337975e-11,6.332356e-27,6.4e-44,1.4714588e-19,3.6290547e-11
420000,373,262,0,2.454358e-09,7.984503e-12,1.1383861e-18,9.389924e-30,2.6547972e-21,2.5141318e-11
420000,440,176,0,2.2690203e-09,6.018022e-12,1.583546e-12,4.5344714e-17,1.6948448e-20,8.326116e-13
420000,298,201,0,2.1176043e-09,1.2450794e-17,3.46e-43,0.0,6.9e-44,5.1399583e-11
420000,394,171,0,2.2555051e-09,1.2375114e-11,7.129952e-13,3.0903018e-17,2.292143e-20,5.0223582e-11
420000,242,390,0,2.262796e-09,4.24119e-11,1.1190002e-22,4.4895818e-38,9.950952e-19,7.314721e-11
420000,95,408,0,2.1836972e-09,3.8199315e-11,5.3980783e-12,6.0114377e-15,8.585101e-15,1.7666905e-10
420000,350,259,0,2.4614546e-09,2.1851964e-14,2.0204725e-26,1.63e-43,6.32054e-35,6.1719267e-12
420000,414,307,0,2.9032539e-09,1.9608164e-11,9.8855424e-20,1.9573189e-31,4.6223974e-17,9.5715914e-11
420000,304,336,0,2.9423766e-09,1.1968062e-15,3.471941e-25,3.8799e-41,9.948e-42,1.9958814e-14
420000,422,329,0,2.6455103e-09,1.7864293e-11,2.2330173e-18,2.0359509e-28,1.9938845e-17,2.8997946e-14
420000,211,434,0,2.8389753e-09,2.1399518e-11,4.7291207e-12,6.8936703e-16,5.028413e-18,1.7156086e-10
420000,302,89,0,2.309531e-09,5.049032e-11,4.452172e-25,1.5e-43,6.346897e-12,6.4501404e-11
420000,97,161,0,1.962932e-09,4.3884486e-11,1.6924852e-17,1.1083259e-27,2.755852e-15,4.068899e-11
420000,275,175,0,2.2380582e-09,1.4738809e-11,2.688708e-38,0.0,4.519472e-18,1.4757433e-10
420000,285,302,0,2.4555278e-09,1.2577529e-12,3.8237248e-20,2.7862002e-31,7.015922e-25,5.1646243e-11
420000,58,284,0,2.0949131e-09,3.9849003e-11,5.736393e-20,1.4949837e-33,2.4955615e-10,3.693439e-11
420000,151,54,0,1.9751936e-09,1.6193713e-11,1.3343872e-12,2.4040473e-17,3.0781404e-19,6.8885724e-11
420000,355,192,0,2.2077522e-09,9.956923e-12,1.6052456e-34,0.0,1.7632632e-19,1.7433003e-11
420000,419,109,0,2.1101538e-09,4.2755777e-12,1.3949766e-11,2.8432382e-14,2.6414262e-16,6.9471073e-13
420000,218,421,0,2.2704094e-09,2.8034318e-11,2.4397136e-12,4.6224706e-16,7.2284223e-17,5.1604845e-11
420000,267,256,0,2.4708815e-09,1.0723308e-12,0.0,0.0,3.4427223e-22,2.1699823e-17
420000,356,276,0,2.729301e-09,4.2328357e-16,1.2004711e-21,1.5488148e-34,3.2e-44,8.407605e-14
420000,278,382,0,2.07419e-09,5.0121725e-12,3.3717554e-21,1.10785995e-35,1.1889321e-20,1.8294312e-11
420000,79,275,0,3.4262175e-09,4.31296e-11,2.1897038e-20,2.0295728e-32,2.8167207e-16,3.2418707e-11
420000,251,402,0,2.2050055e-09,3.6511263e-11,1.9191797e-24,7.29281e-39,2.9162844e-16,3.930501e-12
420000,244,309,0,2.031406e-09,2.6993907e-11,6.206625e-38,0.0,1.0964825e-16,7.01677e-17
420000,353,63,0,2.3876536e-09,5.301341e-12,1.122076e-11,1.581335e-14,1.2515826e-16,3.2337336e-10
420000,160,296,0,2.0817528e-09,5.918354e-11,2.0771231e-28,0.0,3.3817955e-12,8.473062e-15
420000,401,116,0,2.4907971e-09,2.7195325e-13,1.1544091e-10,5.5621136e-11,7.0938644e-11,6.794992e-12
420000,178,102,0,2.3257767e-09,2.9950053e-16,9.205336e-19,1.5527533e-29,1.1491275e-37,1.019725e-11
420000,435,255,0,2.2214532e-09,8.589288e-12,1.2817661e-12,2.2265672e-16,5.144134e-19,1.3717683e-10
420000,118,286,0,2.3856381e-09,1.6651374e-12,3.7128697e-17,1.8987974e-27,8.347823e-24,1.8864832e-12
420000,296,336,0,3.8764814e-09,1.0548851e-19,4.4437463e-33,0.0,0.0,4.4289198e-13
420000,236,171,0,2.0513642e-09,7.227207e-20,7.768019e-36,0.0,0.0,2.2354379e-13
420000,100,257,0,2.7472107e-09,2.9912593e-11,9.4614286e-23,2.694283e-37,2.870097e-16,4.228014e-15
420000,123,431,0,1.9864919e-09,2.077111e-12,3.4435929e-12,1.2209618e-15,6.1706987e-18,5.697433e-12
420000,99,253,0,2.867684e-09,1.2629226e-11,2.2219887e-20,2.4920381e-33,8.2963235e-21,8.60312e-14
420000,141,447,0,2.0188382e-09,4.8183606e-11,7.77298e-11,1.9518963e-12,1.7397909e-13,1.3898864e-10
420000,77,210,0,2.3800901e-09,1.7959594e-11,2.8526305e-13,2.368358e-18,1.920495e-18,3.0929526e-11
420000,325,257,0,2.3177564e-09,2.1372823e-12,3.9522262e-37,0.0,2.3302953e-23,3.4736082e-15
420000,378,59,0,2.376382e-09,1.9626516e-11,5.3671267e-17,9.957895e-27,2.9831468e-18,9.1826415e-11
420000,265,128,0,2.459918e-09,3.4690223e-11,1.4933951e-24,6.573e-42,7.308704e-13,3.2504659e-12
420000,445,242,0,2.0167057e-09,1.2581172e-11,1.0961948e-13,7.333153e-20,4.4936997e-20,8.6604985e-12
420000,434,420,0,2.6399227e-09,4.9191506e-12,2.7880482e-14,4.576841e-20,3.050602e-24,1.0066172e-10
420000,397,284,0,2.2782933e-09,6.57447e-11,1.0614077e-26,0.0,8.113526e-12,1.4189686e-11
420000,72,125,0,2.0093043e-09,1.3053224e-11,2.2861705e-18,2.934993e-28,8.9739746e-17,9.351341e-11
420000,163,193,0,2.024221e-09,5.6262387e-11,2.458386e-39,0.0,4.132866e-15,3.9175375e-11
420000,336,341,0,2.558928e-09,1.5868022e-11,5.270705e-26,2.432e-41,5.025562e-20,3.2476718e-13
420000,343,297,0,2.0128665e-09,1.0797711e-13,7.556014e-23,6.9464585e-36,6.547785e-31,9.613195e-15
420000,419,155,0,2.3301774e-09,1.0921339e-11,9.4053863e-17,2.96151e-26,3.0179514e-19,6.2992e-12
420000,135,211,0,2.2522824e-09,4.637198e-11,2.0550157e-21,2.9991741e-33,4.784683e-15,9.466322e-17
420000,438,338,0,2.3452609e-09,1.8907484e-12,6.8558545e-25,6.10288e-40,5.824733e-24,1.0007626e-10
420000,181,220,0,3.0268754e-09,1.2468531e-13,1e-45,0.0,7.2123846e-36,8.127702e-15
420000,147,303,0,2.2742612e-09,1.6422875e-15,5.1800734e-25,1.524555e-39,4.05251e-40,1.7951326e-11
420000,275,325,0,2.2083795e-09,2.1858794e-18,8.124493e-37,0.0,0.0,5.2703965e-12
420000,309,313,0,2.241597e-09,1.326041e-16,7.3e-44,0.0,8e-45,2.0837284e-12
420000,370,74,0,2.4838989e-09,2.3266228e-12,2.6410535e-19,1.3112776e-31,1.3034663e-28,1.2169636e-10
420000,73,291,0,2.2280595e-09,1.7333395e-11,3.505713e-24,2.9509e-40,1.4240707e-17,2.7335551e-12
420000,376,146,0,2.1532394e-09,9.841742e-13,5.4374667e-14,1.2369413e-19,7.1022086e-24,9.709575e-11
420000,136,179,0,2.3994546e-09,2.3672616e-11,3.28e-42,0.0,8.225991e-18,3.2972222e-11
420000,411,339,0,3.0143907e-09,3.0817442e-11,9.773102e-15,2.615596e-21,5.817189e-16,3.9008883e-11
420000,287,442,0,2.0666477e-09,2.0930651e-11,4.0665735e-12,1.4358106e-15,4.4851255e-18,1.1358086e-11
420000,85,416,0,2.6401263e-09,1.0094408e-11,2.1466921e-16,6.688634e-26,4.5236057e-19,5.183605e-11
420000,219,315,0,2.1597013e-09,8.000393e-13,7.5083925e-17,5.6751594e-23,5.9073695e-27,1.3287631e-17
420000,136,369,0,2.5187703e-09,1.5339296e-14,7.0844795e-11,3.121621e-13,7.12035e-15,7.235197e-14
420000,434,138,0,2.317317e-09,6.3905e-11,4.328621e-21,1.1279221e-31,8.96391e-12,8.3830935e-11
420000,113,237,0,2.241841e-09,3.0868374e-11,2.9085854e-29,0.0,4.902434e-18,2.9105464e-12
420000,428,53,0,2.1012376e-09,1.2390998e-10,4.5663057e-12,4.1205363e-16,1.6023038e-10,5.067112e-11
420000,189,112,0,2.0184505e-09,1.4205981e-13,8.110207e-19,7.4929514e-29,4.9447404e-34,1.8916238e-11
420000,73,165,0,1.9745103e-09,2.4729926e-11,8.088041e-24,5.13581e-40,1.6884028e-16,7.7573836e-11
420000,124,246,0,2.1845181e-09,3.7067606e-11,6.4530174e-27,0.0,3.3953295e-14,4.017628e-12
420000,235,342,0,2.1632205e-09,2.4619407e-11,1.7084115e-16,1.0412082e-24,4.1246693e-15,1.6981744e-12
420000,142,319,0,2.283491e-09,1.6161279e-14,7.033777e-13,7.390541e-18,1.254165e-21,3.7602962e-11
420000,264,203,0,2.3300601e-09,8.132234e-13,0.0,0.0,6.0403785e-25,7.626446e-12
420000,255,352,0,2.0121695e-09,2.3846031e-11,5.4825967e-30,0.0,6.7601786e-18,3.0871014e-11
420000,432,157,0,2.2315283e-09,4.136697e-11,4.6623625e-11,3.9525845e-13,1.6950319e-13,6.490896e-11
420000,203,241,0,2.8869007e-09,1.2434696e-12,8.224638e-36,0.0,1.2404595e-25,8.2558e-14
420000,204,289,0,2.2708249e-09,3.317535e-12,1.588139e-39,0.0,5.8097026e-24,4.632301e-15
420000,108,392,0,2.353739e-09,2.0623439e-11,8.038294e-12,3.9803616e-15,1.0361453e-17,1.666806e-11
420000,420,316,0,3.3430945e-09,1.1867457e-12,1.6383729e-19,6.114069e-33,2.3005671e-28,1.01722304e-10
420000,327,191,0,2.3170637e-09,9.601559e-15,1.092366e-25,4.722e-42,8.10132e-39,3.9568583e-12
420000,178,293,0,2.1090534e-09,1.7684614e-12,3.1228607e-16,3.2657876e-23,1.4254495e-26,1.547032e-11
420000,340,111,0,3.3216707e-09,4.7506926e-13,2.0429123e-29,0.0,1.0763903e-30,1.6887016e-14
420000,154,75,0,2.0862612e-09,4.8363116e-11,1.4204526e-13,1.2269712e-19,1.7824903e-11,6.9719244e-11
420000,380,166,0,2.5760258e-09,3.4954873e-13,1.7360173e-13,5.940244e-19,3.5361753e-23,2.1923338e-11
420000,368,251,0,2.757735e-09,2.718333e-12,1.9228846e-23,4.744659e-39,5.7845464e-25,4.9207333e-11
420000,257,424,0,2.0058613e-09,5.865105e-11,1.4251026e-20,7.833999e-34,2.5399914e-14,3.753781e-11
420000,310,390,0,2.283495e-09,4.5431412e-11,1.0379721e-11,1.26110475e-14,6.3549055e-16,1.3040122e-11
420000,88,281,0,2.8559883e-09,2.1515131e-12,2.6962072e-12,1.8108057e-16,1.1544968e-19,5.6683573e-12
420000,345,97,0,2.2979723e-09,3.5120396e-11,1.2628638e-22,7.263314e-35,5.179632e-15,1.1039162e-10
420000,145,207,0,2.3091997e-09,6.4571807e-12,6.105191e-29,0.0,1.2826154e-20,4.5165365e-12
420000,336,378,0,2.142083e-09,6.890324e-11,5.050592e-15,2.4587005e-22,1.3626536e-14,4.881238e-11
420000,336,130,0,2.0783881e-09,3.5884828e-12,1.74e-43,0.0,1.556151e-23,3.9202638e-11
420000,378,174,0,2.6237408e-09,4.0794763e-11,7.880337e-16,1.6248071e-24,2.2985869e-14,4.0230836e-11
420000,290,251,0,2.4115885e-09,1.1947009e-12,0.0,0.0,2.1350582e-25,3.6049557e-12
420000,325,92,0,3.1557224e-09,4.568959e-14,1.0152355e-12,9.4176505e-17,1.4997491e-19,4.3767757e-11
420000,363,209,0,2.3511288e-09,1.86882e-12,1.1383861e-18,9.389924e-30,2.8458862e-25,5.6712735e-15
420000,56,262,0,2.8081302e-09,9.164062e-12,3.3533194e-17,8.540122e-27,1.792669e-21,1.3481946e-11
420000,211,173,0,2.2022246e-09,1.7870289e-11,1.4290599e-27,0.0,6.4990232e-18,1.3135658e-11
420000,296,329,0,3.4768697e-09,9.534278e-21,1.7182617e-38,0.0,0.0,1.1624906e-10
420000,123,224,0,2.6832168e-09,1.37239655e-11,5.4872027e-18,2.0921512e-28,2.2620488e-20,2.1321458e-11
420000,84,390,0,2.2762006e-09,4.9050437e-11,4.323919e-13,1.3753206e-18,1.1394748e-14,3.4556494e-10
420000,165,174,0,1.9816242e-09,5.3565013e-12,4.39058e-40,0.0,7.16127e-24,2.1421732e-10
420000,272,234,0,2.0904873e-09,1.4592548e-12,0.0,0.0,1.1674035e-27,3.6087792e-11
420000,104,340,0,2.1515767e-09,1.6628448e-12,2.3760474e-19,1.14039945e-30,1.1749288e-25,5.0501818e-11
420000,179,347,0,2.070333e-09,2.7287143e-14,4.089966e-19,8.979447e-31,4.7707963e-35,2.474235e-13
420000,156,239,0,2.0337005e-09,2.022192e-12,1.413756e-29,0.0,4.9366302e-26,2.7482786e-12
420000,183,284,0,2.1162683e-09,5.579267e-14,9.971581e-26,1.1115e-41,8.252038e-32,4.1481146e-12
420000,373,349,0,2.0538728e-09,6.9492944e-12,1.5262446e-15,5.3242785e-23,6.878563e-23,1.8592636e-13
420000,415,313,0,3.0920664e-09,2.7094264e-13,3.1078401e-21,4.2870087e-36,3.0186872e-28,3.809499e-13
420000,152,340,0,2.01485e-09,3.42241e-11,3.3580286e-19,5.758134e-32,1.1605194e-13,1.5121086e-13
420000,330,329,0,2.7239544e-09,1.0198044e-12,2.127873e-29,0.0,4.5195447e-28,5.134158e-13
420000,321,107,0,2.632525e-09,1.4262898e-11,6.6906715e-25,8.5301e-41,4.885431e-17,3.6126144e-11
420000,297,382,0,2.33262e-09,1.8853205e-12,7.573644e-18,7.612728e-29,5.517689e-26,7.769359e-11
420000,174,224,0,2.4669653e-09,4.077227e-12,1.8e-44,0.0,1.1153164e-24,1.1748192e-15
420000,290,325,0,3.894684e-09,2.1706142e-17,1e-45,0.0,0.0,3.677788e-12
420000,191,351,0,2.1553082e-09,9.618656e-15,2.787652e-29,0.0,1.5905084e-35,2.8776884e-11
420000,103,226,0,2.271508e-09,1.5278195e-11,3.3076023e-25,1.86967e-40,3.4852354e-20,1.5426e-12
420000,85,209,0,2.232237e-09,4.132404e-11,1.696481e-17,2.118758e-27,9.611831e-15,3.866244e-12
420000,132,332,0,2.0881565e-09,8.423944e-12,5.1758574e-23,1.804364e-38,1.1438358e-21,6.0335643e-12
420000,197,243,0,3.7591357e-09,4.240843e-12,6.4e-44,0.0,4.647411e-24,9.539243e-12
420000,187,70,0,2.2509858e-09,2.161746e-12,9.912943e-21,8.029909e-33,1.1698659e-26,2.3688856e-11
420000,54,316,0,2.0558566e-09,2.0902889e-12,1.1364521e-19,6.2101014e-32,4.5419495e-25,3.3577426e-11
420000,384,248,0,2.2134274e-09,3.235981e-12,2.1511215e-22,8.1615956e-36,5.4881924e-23,1.4657699e-11
420000,388,319,0,2.3726288e-09,6.2577873e-16,1.613183e-16,1.904936e-26,2.3336892e-34,5.303013e-11
420000,138,150,0,2.490377e-09,4.6902613e-14,4.2421475e-16,4.9718604e-22,5.191814e-26,1.0886685e-11
420000,94,432,0,2.0228563e-09,3.9069224e-11,1.394268e-21,2.4374924e-32,4.440665e-14,7.0224306e-11
420000,336,257,0,4.1968686e-09,1.3867724e-16,6.25402e-30,0.0,0.0,4.0206193e-12
420000,68,192,0,2.68563e-09,4.210445e-11,3.7508693e-17,2.4230174e-26,8.8719655e-16,5.9119876e-11
420000,299,147,0,1.9983117e-09,8.219219e-12,1.0394134e-16,2.1253004e-26,1.417724e-20,1.987032e-11
420000,55,225,0,2.346317e-09,1.9000099e-10,2.6406665e-13,7.753467e-18,3.3589433e-09,1.980185e-10
420000,137,373,0,2.5361526e-09,3.275869e-16,1.5313445e-11,1.7163781e-14,1.1928406e-16,3.19372e-12
420000,324,416,0,2.0462125e-09,5.551069e-11,2.6349216e-13,7.7534625e-18,4.6215642e-15,5.4625957e-11
420000,191,327,0,2.9912737e-09,9.677171e-17,1.6128984e-34,0.0,3.1e-44,5.8037973e-15
420000,327,87,0,3.2700456e-09,1.8435052e-12,3.0662583e-14,2.642517e-20,1.0415563e-24,1.8290307e-11
420000,271,73,0,1.9722541e-09,3.347357e-11,2.6566416e-17,4.7216604e-28,2.0576733e-14,3.193083e-11
420000,325,60,0,2.19272e-09,5.6751285e-14,4.637428e-20,4.8576613e-32,3.555564e-39,2.9302885e-10
420000,87,183,0,2.0455981e-09,8.149658e-11,4.3660383e-12,3.6850838e-15,6.7395454e-13,6.3792253e-12
420000,61,100,0,2.3625164e-09,6.944201e-11,1.3798292e-16,1.2081622e-24,1.02111355e-14,2.3900812e-11
420000,78,193,0,2.2870896e-09,1.0402777e-10,2.1461689e-17,1.1242203e-26,8.114984e-12,7.7656596e-11
420000,198,370,0,2.2197701e-09,1.2226772e-11,1.982236e-38,0.0,1.0452809e-19,1.6032712e-15
420000,365,248,0,2.5848959e-09,2.9896176e-11,6.787552e-19,2.7511625e-30,8.707935e-15,5.178564e-12
420000,362,87,0,2.2155653e-09,8.275595e-12,1.28010895e-14,4.810943e-22,1.3351181e-21,1.6394108e-10
420000,215,62,0,2.1003677e-09,7.997871e-11,2.1815472e-19,3.732111e-31,2.4352034e-15,1.5694856e-15
420000,194,265,0,2.0957125e-09,3.850687e-15,6.253984e-30,0.0,1.1302995e-33,6.805436e-16
420000,421,304,0,2.5613407e-09,9.574206e-12,2.4394986e-14,1.7031691e-20,5.8367665e-21,8.812758e-12
420000,337,208,0,2.4763878e-09,7.360953e-17,1.0989087e-12,4.196357e-17,2.3106505e-20,1.1259373e-11
420000,298,431,0,2.2943505e-09,3.3172593e-11,5.7597313e-15,1.810312e-21,2.4144785e-17,5.9024216e-11
420000,56,375,0,1.9511353e-09,7.8432215e-13,3.2393237e-11,2.2841313e-13,6.409214e-15,1.6882997e-11
420000,130,263,0,2.396813e-09,3.6288247e-12,7.3776425e-21,1.9249765e-33,6.5719823e-22,6.651346e-19
420000,123,116,0,2.1335411e-09,1.6896562e-13,3.520926e-23,1.12924e-39,1.3600212e-29,7.2805414e-11
420000,322,97,0,2.7906149e-09,1.1709418e-12,2.430984e-16,1.6658745e-24,1.1786099e-28,5.4134593e-11
420000,277,297,0,2.4705862e-09,3.468608e-17,2.5582788e-11,1.8670636e-13,1.11572535e-14,4.187284e-12
420000,364,170,0,2.1314164e-09,1.1637225e-11,2.945432e-26,3e-45,1.2745223e-17,1.7124371e-11
420000,163,320,0,2.3846254e-09,9.19571e-12,2.1923563e-22,7.69311e-36,3.0376114e-19,2.592e-13
420000,294,266,0,2.288028e-09,2.3375716e-16,0.0,0.0,6.499e-42,1.4322457e-19
420000,388,286,0,2.5004834e-09,3.3486514e-12,3.0196702e-24,4.133773e-39,1.033057e-24,4.519637e-15
420000,405,345,0,2.6902536e-09,4.8234524e-11,5.3781367e-12,1.0796493e-15,6.420084e-15,2.7682792e-11
420000,326,282,0,3.0221827e-09,7.972694e-12,6.23543e-21,1.5733138e-32,1.6153997e-20,1.36640534e-14
420000,139,75,0,2.6724403e-09,1.12876175e-11,1.9720979e-13,2.312939e-19,1.0785744e-22,1.1024022e-10
420000,121,57,0,2.3988314e-09,2.0682586e-11,8.0003235e-17,5.708019e-27,2.7062428e-18,4.728993e-12
420000,420,320,0,3.2893266e-09,8.742878e-12,2.2287378e-22,1.2908305e-38,5.740461e-21,8.145646e-11
420000,99,66,0,2.2612139e-09,3.6319666e-11,4.0283896e-20,4.8580842e-32,2.2528526e-13,4.3604672e-11
420000,412,276,0,2.143731e-09,9.625515e-11,2.4149011e-14,5.470599e-19,2.9441607e-09,8.834593e-14
420000,339,358,0,2.2638238e-09,4.2337658e-11,1.2127253e-32,0.0,3.475185e-13,1.0100715e-12
420000,387,274,0,2.271969e-09,4.4055978e-11,4.7806367e-14,1.0035143e-19,5.442753e-14,2.4139109e-11
420000,289,134,0,2.3759439e-09,1.3169501e-11,8.1520055e-13,1.1164071e-17,4.143816e-19,2.2654973e-12
420000,336,222,0,2.2900029e-09,7.2493673e-12,8.549226e-19,1.6908375e-29,3.4843875e-20,9.36371e-12
420000,220,165,0,2.4772082e-09,4.2228183e-12,3.8765036e-22,5.2494083e-34,1.0974103e-22,3.595364e-12
420000,145,269,0,2.5378086e-09,4.479033e-13,4.7187983e-26,8e-45,1.2211149e-27,9.235385e-14
420000,435,333,0,2.4948528e-09,1.4881561e-12,1.5626087e-24,8.1065e-41,5.7351756e-25,2.5155236e-11
420000,426,321,0,2.9718479e-09,8.1884407e-13,2.9415867e-20,3.654189e-33,1.2932894e-28,6.5263704e-11
420000,282,294,0,2.5310098e-09,6.234787e-16,2.87351e-16,6.733888e-24,2.0029616e-29,2.1648985e-12
420000,325,84,0,3.200805e-09,3.5331024e-12,2.524937e-15,5.845138e-23,5.791499e-25,3.3752677e-12
420000,88,418,0,2.6437161e-09,5.120653e-12,4.185479e-16,1.3600762e-22,1.1548683e-25,3.4466735e-11
420000,265,402,0,2.1790316e-09,4.1008113e-12,7.7613783e-13,3.6896835e-17,2.313533e-20,1.0813646e-10
420000,323,357,0,2.1512718e-09,3.875728e-14,1.29790955e-20,2.3571004e-32,2.2538334e-34,3.6863153e-15
420000,293,324,0,3.7636054e-09,1.8253552e-17,1e-45,0.0,0.0,2.1306813e-12
420000,277,366,0,2.0952309e-09,8.9555593e-13,1.5469674e-17,1.9208772e-26,7.964934e-25,5.669163e-13
420000,223,104,0,1.986545e-09,3.5694403e-12,1.9657808e-20,7.037409e-32,6.253159e-23,4.884434e-12
420000,294,89,0,2.400134e-09,6.481994e-11,1.4271538e-19,1.602721e-29,8.0754907e-13,4.118439e-12
420000,226,130,0,2.6625981e-09,8.3531194e-21,3.576501e-24,7.4799e-41,0.0,5.3666277e-12
420000,219,387,0,1.9689321e-09,3.1953759e-15,1.1190003e-22,4.4895818e-38,1.861e-42,6.886556e-11
420000,104,275,0,2.3167757e-09,1.6633244e-12,2.6465135e-22,1.3524507e-37,8.7043126e-29,1.016609e-11
420000,224,227,0,2.0542958e-09,1.00753e-11,1.9339454e-16,4.3434473e-23,1.0376496e-18,2.0632889e-16
420000,64,251,0,2.3501476e-09,1.8949402e-10,1.2624784e-11,2.3669323e-14,2.4409862e-12,2.8409802e-11
420000,91,307,0,2.003035e-09,7.832893e-14,1.2302911e-11,2.1518735e-14,1.8479799e-16,1.1562785e-12
420000,354,132,0,2.154539e-09,2.5312167e-11,3.684732e-26,1e-45,1.1625438e-15,2.633711e-15
420000,420,225,0,2.0122415e-09,7.514115e-12,7.331737e-13,9.107579e-18,1.6553408e-21,2.1254628e-11
420000,324,374,0,2.3460525e-09,4.396601e-11,3.3315935e-19,1.7847307e-30,2.7561546e-15,3.8294232e-11
420000,65,425,0,2.0978748e-09,1.289536e-10,2.769609e-22,8.301264e-38,3.8673134e-13,1.70332e-10
420000,388,441,0,2.2652982e-09,6.715709e-11,2.9451032e-11,1.626203e-13,4.9994976e-15,4.367597e-10
420000,137,418,0,1.9864177e-09,4.6275764e-11,8.044983e-12,6.542126e-15,3.399643e-14,6.260987e-11
420000,439,315,0,2.5646099e-09,1.428899e-12,3.4709413e-18,3.2997086e-30,1.7942487e-26,2.9395195e-11
420000,73,303,0,2.1436086e-09,1.7537331e-12,1.2044621e-22,7.9701674e-36,5.6817544e-25,4.2626205e-11
420000,355,97,0,2.395932e-09,4.6880256e-12,3.3326511e-21,8.00095e-34,1.1585983e-21,1.2072805e-10
420000,115,98,0,2.3800226e-09,1.8796158e-12,1.9184303e-11,3.850573e-14,3.2551225e-16,3.0970818e-12
420000,184,444,0,1.9639155e-09,6.433708e-11,3.317718e-20,1.4178019e-29,2.7594495e-15,2.7957288e-11
420000,376,74,0,2.5901643e-09,9.0289816e-12,6.438156e-16,3.2549354e-23,3.8450625e-20,8.0727786e-11
420000,199,167,0,2.1989883e-09,5.0486834e-13,7.9293187e-25,1.98411e-40,3.2665247e-27,3.0992285e-11
420000,98,361,0,2.1566875e-09,4.9098776e-12,1.7932753e-17,2.639642e-26,1.2619769e-22,9.30756e-11
420000,326,325,0,2.6447575e-09,1.8439363e-14,2.3698574e-30,0.0,6.934754e-36,2.8909736e-15
420000,447,421,0,2.2620075e-09,7.804251e-11,2.5200616e-19,1.7380064e-31,2.4728502e-14,3.3040003e-12
420000,329,146,0,2.0128783e-09,9.603701e-12,3.67e-43,0.0,3.5940817e-20,7.2054813e-13
420000,143,183,0,2.2901543e-09,7.432104e-11,0.0,0.0,1.9482309e-10,3.2185903e-11
420000,202,283,0,2.3109807e-09,2.5915533e-12,2.192e-42,0.0,2.8214048e-26,5.6596667e-12
420000,145,148,0,2.3421365e-09,6.628888e-12,4.459799e-24,2.4491802e-36,2.759692e-21,1.8276561e-13
420000,317,381,0,2.3543476e-09,2.4090318e-11,2.5978114e-14,3.1808362e-21,1.299534e-17,6.3948144e-12
420000,371,379,0,2.3016116e-09,2.1258318e-12,1.8308735e-13,1.8276267e-19,3.3285446e-24,1.3399169e-10
420000,127,60,0,2.8720721e-09,8.771095e-11,1.166632e-12,8.189281e-17,3.476999e-13,3.5823552e-11
420000,126,297,0,2.1486302e-09,4.3388738e-14,3.103299e-22,3.9441233e-35,1.2370476e-32,6.3202735e-11
420000,386,342,0,2.5534328e-09,3.9594456e-12,1.4720168e-11,2.4047697e-14,4.082384e-16,5.244338e-11
420000,315,230,0,2.0272615e-09,1.0705774e-13,7.7521356e-35,0.0,2.863508e-25,7.608196e-18
420000,231,119,0,2.1426592e-09,2.0793823e-17,2.1729559e-22,2.5408767e-35,6e-45,1.1397068e-10
420000,121,404,0,2.1033213e-09,3.568688e-11,3.4822914e-14,4.2687225e-21,7.7046746e-17,1.9821345e-10
420000,411,95,0,2.1623525e-09,5.6894853e-12,4.5446146e-19,5.701888e-30,5.500157e-23,8.4283844e-11
420000,231,331,0,2.2819775e-09,3.2322303e-14,5.392672e-26,1.0513e-39,2.0825531e-32,8.104233e-16
420000,58,107,0,2.2201396e-09,6.792891e-11,2.5866504e-15,6.0074825e-22,2.1921016e-15,2.649605e-10
420000,194,90,0,2.0018454e-09,4.1406475e-12,4.395247e-24,2.2694e-41,1.25442476e-23,1.792766e-11
420000,341,233,0,2.375375e-09,9.06196e-12,3.1119127e-23,3.6062422e-38,6.4496056e-23,3.044416e-11
420000,359,106,0,2.3929703e-09,1.5783274e-11,1.17196546e-29,0.0,1.3350752e-19,1.1359785e-10
420000,405,304,0,2.5363744e-09,6.405746e-13,1.2908701e-27,3e-45,1.2477909e-28,7.4670264e-14
420000,132,253,0,2.2890427e-09,6.6279995e-11,1.6498453e-29,0.0,2.449061e-13,5.349838e-15
420000,126,223,0,2.6565181e-09,1.560556e-11,3.5339747e-16,3.8168673e-25,6.493496e-20,7.123708e-12
420000,136,144,0,2.3904105e-09,7.9175777e-13,1.2085554e-17,3.219094e-26,1.169167e-28,1.1258227e-11
420000,82,276,0,3.4785979e-09,4.622414e-12,1.1302124e-18,1.906731e-30,9.666047e-24,5.2524695e-12
420000,344,328,0,2.2203062e-09,2.89213e-12,8.300716e-27,1e-45,5.1227798e-26,2.0543385e-11
420000,109,221,0,2.2898896e-09,7.55872e-12,1.0848757e-24,1.41022e-40,4.341356e-21,3.1487016e-15
420000,411,66,0,1.9713478e-09,3.8888878e-11,1.1399987e-19,2.7737932e-29,8.527076e-13,1.1106484e-10
420000,435,180,0,2.271779e-09,3.957285e-13,6.759712e-17,4.233581e-27,5.9365773e-29,1.9107694e-14
420000,129,183,0,2.3073603e-09,4.370269e-11,9.2327e-41,0.0,5.187033e-13,2.612566e-12
420000,168,152,0,1.9854722e-09,3.2634118e-11,2.8229982e-26,4e-45,1.524027e-16,7.7114125e-15
420000,401,103,0,2.9081662e-09,1.8666962e-11,6.5944513e-18,2.4700695e-27,2.9109227e-16,5.25486e-12
420000,287,82,0,2.1601532e-09,2.1551367e-11,5.460279e-20,5.840027e-30,2.9075703e-17,1.0667305e-10
420000,100,131,0,1.9713842e-09,1.7007453e-11,2.045713e-11,5.1154763e-14,4.6985897e-16,1.6873145e-11
420000,422,290,0,2.0779243e-09,4.164812e-11,3.1081156e-21,4.2916213e-36,1.5581151e-17,2.758728e-11
420000,313,403,0,2.07634e-09,2.3832283e-11,5.523994e-17,2.832577e-25,3.963006e-18,5.1790166e-11
420000,332,234,0,3.427153e-09,7.28564e-11,1.8113416e-29,0.0,3.4173605e-14,1.162587e-10
420000,172,101,0,2.290835e-09,6.20232e-19,1.0373498e-13,1.446858e-19,6.3330333e-24,9.269187e-11
420000,386,433,0,2.7458793e-09,5.4229825e-11,7.0535553e-13,3.0902925e-17,5.567421e-15,4.514795e-12
420000,330,69,0,2.2073177e-09,2.8930192e-13,5.081047e-16,5.714879e-25,6.435029e-32,2.7564882e-12
420000,410,162,0,2.2807558e-09,3.2253013e-11,5.6261256e-24,2.65355e-39,2.7304974e-09,6.844617e-13
420000,97,72,0,2.2613924e-09,3.82897e-11,7.7474764e-20,8.9169446e-33,9.803535e-18,1.3413144e-10
420000,111,305,0,2.1199207e-09,3.9898762e-16,7.649737e-23,7.2756318e-37,0.0,4.048393e-11
420000,303,444,0,2.1750033e-09,6.602358e-11,4.7900663e-12,4.5287582e-15,2.9306753e-15,4.1308467e-11
420000,242,467,0,1.2681373e-12,5.784836e-11,2.2780346e-17,2.7287417e-26,5.630336e-16,5.958621e-11
420000,18,44,0,-1.4568522e-12,6.792337e-11,6.6357564e-14,1.6980457e-19,6.7927346e-14,6.015675e-11
420000,218,79,0,2.8323269e-11,2.318468e-09,1.1356621e-18,1.1913442e-29,4.119085e-09,1.4001807e-10
420000,104,212,0,2.085911e-10,2.3321938e-09,3.0660584e-14,2.642517e-20,4.3432173e-09,1.1509164e-14
420000,254,257,0,1.859872e-10,2.0725026e-16,0.0,0.0,9.7e-44,8.782093e-21
420000,157,268,0,2.567183e-10,2.3136764e-09,5.3546823e-20,7.0637002e-31,4.1268517e-09,4.577355e-13
420000,247,468,0,-1.0329952e-11,2.2955904e-09,2.2197375e-13,2.0797604e-18,4.1188084e-09,4.432512e-11
420000,370,225,0,4.642896e-11,2.2887248e-09,1.0027119e-16,9.770698e-26,4.1188084e-09,3.3973605e-11
420000,187,404,0,5.8126587e-10,1.6193727e-12,1.2512283e-12,5.4590718e-17,3.4685034e-20,9.657341e-11
420000,413,397,0,1.3914637e-10,2.2752373e-09,9.55938e-13,1.3767289e-17,4.1188084e-09,1.08408296e-10
420000,366,385,0,8.7942315e-10,1.8192212e-11,5.995618e-17,1.8191324e-25,2.9831468e-18,4.2600302e-11
420000,358,170,0,4.515387e-10,2.2749405e-09,2.7436142e-30,0.0,4.1188084e-09,9.72182e-11
420000,464,28,0,-1.1921159e-11,2.2995545e-09,4.474677e-14,8.512895e-21,4.1188084e-09,5.86939e-11
420000,210,252,0,3.3332745e-10,2.8718848e-12,2.173e-42,0.0,3.0540993e-26,4.2107366e-13
420000,378,397,0,1.8274751e-10,9.8951534e-11,4.2414505e-12,8.1158975e-16,4.759107e-13,3.005592e-11
420000,267,251,0,7.7487e-10,2.2719113e-09,0.0,0.0,4.1188084e-09,1.3148514e-14
420000,12,253,0,-1.2070832e-11,2.2780393e-09,3.7741034e-13,3.8348254e-18,4.1188084e-09,1.3442508e-10
420000,212,3,0,-1.1749024e-11,2.3242832e-09,3.685818e-23,1.451409e-39,4.11884e-09,1.7758416e-10
420000,330,496,0,-1.0124956e-12,5.0160133e-11,2.0369286e-11,3.8529323e-14,3.8760905e-16,3.5996754e-11
420000,92,184,0,4.4296997e-10,5.8165125e-11,4.178198e-14,7.01137e-21,8.2139055e-14,9.284325e-12
420000,193,344,0,5.4018245e-10,1.3332626e-12,1.5746636e-31,0.0,4.122725e-25,2.6240426e-11
420000,431,394,0,2.940817e-11,4.1353414e-11,6.8147003e-16,1.2808344e-23,2.643392e-13,1.44227495e-11
420000,25,366,0,-1.6765093e-13,5.3244863e-11,6.717345e-12,2.4076708e-15,1.398801e-16,4.7721396e-11
420000,108,37,0,6.2045256e-12,1.0046025e-11,3.8295086e-20,2.778518e-33,4.436399e-22,6.6577e-11
420000,82,157,0,1.6458389e-10,4.51156e-11,2.5365294e-24,6.2007e-41,2.5261077e-16,7.913619e-12
420000,241,382,0,2.6823466e-10,5.331038e-11,1.7041685e-16,1.3215985e-25,2.8811196e-09,3.7518703e-11
420000,484,411,0,-7.283378e-13,6.5583164e-11,1.2323716e-11,1.5830944e-14,9.556521e-12,2.996378e-11
420000,412,464,0,-9.317655e-13,5.3821538e-11,5.4057657e-12,6.0114377e-15,3.0803232e-16,1.6329232e-10
420000,103,318,0,1.8923728e-10,1.2382702e-14,1.3075286e-16,9.064394e-26,2.885188e-30,5.8382184e-12
420000,184,8,0,-7.176656e-13,4.744696e-11,9.425704e-12,6.2394683e-15,1.1257208e-11,8.8818994e-11
420000,13,220,0,-5.087835e-13,3.6186887e-11,1.4676106e-14,2.7382691e-21,5.678457e-13,8.831649e-11
420000,21,70,0,-6.149812e-13,7.8368805e-11,1.01909245e-10,3.1857121e-12,9.416928e-13,1.178896e-10
420000,182,362,0,1.4089767e-10,4.118573e-12,2.9211551e-25,8.3e-44,2.3740366e-22,2.924653e-12
420000,170,308,0,2.6577116e-10,1.6800901e-11,5.6211068e-14,1.4044251e-19,5.514045e-18,1.827026e-13
420000,101,178,0,1.7800285e-10,4.968343e-11,1.5910165e-18,4.1381267e-28,9.953798e-13,6.575714e-12
420000,219,439,0,9.408737e-10,1.7892035e-11,1.6903968e-15,4.2537467e-24,1.7404449e-19,1.0868957e-10
420000,209,300,0,1.4500133e-10,2.5803483e-12,8.8385424e-27,6.6098e-41,3.669906e-24,1.5056391e-15
420000,169,151,0,1.0035222e-09,3.460943e-11,9.406057e-25,3.666e-42,3.063787e-17,2.181487e-15
420000,223,320,0,1.0166437e-09,4.429432e-14,8.059513e-24,5.5163786e-35,2.1956596e-31,6.0242e-14
420000,487,197,0,-1.0796552e-12,2.2521048e-11,8.776748e-13,7.166194e-18,1.7537366e-19,5.101105e-12
420000,49,1,0,-3.9300903e-13,3.2755087e-11,4.806731e-15,1.7021888e-22,2.1391923e-11,4.897179e-11
420000,302,59,0,1.6074074e-10,3.0117363e-11,7.324086e-21,1.4032527e-32,1.1483117e-18,1.8448673e-11
420000,310,237,0,2.519322e-10,1.3448919e-12,1e-45,0.0,2.0024435e-20,9.140034e-16
420000,185,45,0,8.2525806e-11,5.366975e-11,5.8323214e-13,2.567904e-17,2.576996e-14,3.798863e-12
420000,392,155,0,9.221133e-10,3.3948403e-11,1.2769421e-12,2.7963585e-17,1.6895012e-16,6.135744e-11
420000,239,452,0,9.319432e-11,4.4718115e-11,8.265392e-20,1.8851649e-31,3.6872202e-16,4.9000082e-11
420000,296,122,0,3.5421982e-10,2.7932696e-11,2.1101471e-22,1.9716503e-36,1.2756554e-16,2.1770838e-12
420000,398,499,0,-7.337495e-13,3.638571e-12,1.3053357e-10,7.662409e-12,2.0589238e-12,3.040548e-10
420000,360,352,0,1.985091e-10,5.3246157e-11,2.3860907e-21,1.2856903e-34,4.41699e-12,3.3853614e-15
420000,18,419,0,-1.2904045e-12,9.107378e-11,6.408754e-11,3.1973382e-12,6.928475e-13,4.829956e-11
420000,243,250,0,2.2621456e-10,2.1634204e-22,4.6699934e-34,0.0,0.0,2.4436688e-18
420000,59,493,0,-1.2356778e-12,4.9142027e-11,1.8545544e-14,4.607436e-21,3.296718e-13,3.2701253e-10
420000,38,49,0,1.2903988e-12,1.0156951e-10,1.4825366e-13,3.9807522e-19,1.7290597e-14,1.5049594e-10
420000,365,195,0,5.107777e-10,1.5497504e-11,7.910352e-24,1.3854128e-37,1.9938843e-17,3.7503065e-10
420000,317,91,0,1.1122488e-09,1.5516029e-12,6.357883e-20,2.4861254e-30,3.6808415e-27,3.407207e-10
420000,206,121,0,6.768575e-11,5.322962e-12,4.629741e-16,2.0979975e-24,9.729501e-21,8.407529e-12
420000,323,2,0,-9.730622e-13,3.5784892e-11,7.175641e-11,1.5000602e-12,1.2448805e-13,1.726217e-11
420000,437,248,0,4.8856e-10,1.4589576e-11,3.4815968e-16,1.5595384e-25,3.84818e-20,1.2576304e-10
420000,489,456,0,-1.389011e-12,8.039037e-11,2.9388703e-11,1.2076208e-13,2.1980608e-10,1.7890092e-10
420000,266,141,0,1.2937217e-10,1.6785188e-14,1.5032036e-27,3e-45,1.2237457e-35,1.2748284e-13
420000,33,469,0,-1.7612204e-12,1.2490399e-10,2.6270845e-11,5.2652595e-14,2.2440984e-10,1.06514186e-10
420000,265,11,0,-8.4416583e-13,4.817339e-11,7.050957e-12,2.748805e-15,2.7978184e-14,1.1934449e-10
420000,445,378,0,3.8927445e-10,3.067087e-11,1.338842e-15,2.5630694e-24,4.36473e-17,2.0845922e-11
420000,379,15,0,-4.5338576e-13,2.3731796e-11,8.834611e-16,1.2558511e-24,1.7918988e-18,1.3387501e-10
420000,44,468,0,-8.470478e-13,6.2451405e-11,1.3983767e-11,3.634433e-14,8.893436e-15,6.013201e-11
420000,50,226,0,5.5664096e-10,2.2878581e-10,6.898047e-11,2.1751342e-12,1.1654771e-12,1.27442e-10
420000,225,249,0,6.5624825e-11,1.05605134e-13,1.644761e-39,0.0,1.7275112e-34,1.7863036e-11
420000,399,475,0,-1.6054616e-12,1.1667743e-10,2.0350725e-11,4.898908e-14,1.6637122e-10,1.5867259e-10
420000,151,308,0,7.7175555e-10,1.9579046e-15,1.4821552e-21,5.724518e-35,2.05783e-40,1.6049982e-10
420000,304,219,0,9.5340666e-11,2.4792926e-11,7.481002e-37,0.0,2.0576733e-14,2.913916e-16
420000,163,202,0,3.981921e-10,1.6373427e-11,7e-45,0.0,6.760048e-18,4.9091465e-14
420000,200,412,0,4.3973844e-10,1.3762884e-12,3.9737102e-15,4.504141e-22,3.780899e-26,1.1225425e-11
420000,453,95,0,1.8667533e-10,9.0741574e-11,8.295336e-12,4.465899e-15,1.8615397e-11,1.3723805e-10
420000,412,263,0,3.728627e-10,6.2051884e-11,6.164777e-23,5.5154466e-37,1.34962284e-11,4.1779958e-13
420000,234,16,0,-1.0460344e-12,3.2929545e-11,8.7144024e-13,2.1328733e-17,1.0078544e-18,1.12173965e-10
420000,462,104,0,1.9836296e-11,1.6074561e-12,2.6553378e-12,5.4330763e-16,1.1143509e-18,3.727871e-13
420000,6,120,0,-1.0829167e-12,1.038434e-10,4.2065994e-14,8.0848045e-20,2.4548876e-12,3.9358655e-11
420000,106,496,0,-7.9561536e-13,2.9793158e-11,2.1120042e-15,1.2764987e-23,8.3375174e-16,1.5643281e-10
420000,279,350,0,1.3203325e-10,5.2114446e-12,3.0938505e-30,0.0,7.567783e-23,1.977657e-11
420000,487,124,0,-5.7914253e-13,3.534409e-11,3.111333e-15,2.9411732e-23,8.527076e-13,1.40107145e-11
420000,335,483,0,-6.3556105e-13,1.2156247e-11,3.1585484e-15,9.481997e-24,2.5840211e-20,1.0518887e-11
420000,141,24,0,-1.6213997e-13,9.678634e-11,3.0655196e-12,1.5583993e-15,2.5494893e-11,1.05379774e-10
420000,59,362,0,6.908782e-11,1.4185557e-12,1.6903455e-10,5.576066e-12,1.0658784e-12,1.1987104e-10
420000,239,4,0,-1.0211811e-12,1.2611041e-10,3.052493e-14,3.1966881e-21,2.7300304e-10,1.0091927e-10
420000,231,393,0,2.7164582e-10,1.3566468e-11,5.1972974e-21,1.3278079e-32,1.325863e-16,3.9445977e-12
420000,380,28,0,4.655201e-12,8.119553e-12,1.25158046e-14,4.2849203e-22,3.0222393e-21,1.1058933e-11
420000,339,306,0,2.884865e-10,4.812128e-15,1.6139322e-28,0.0,7.2677e-41,5.9472197e-18
420000,84,63,0,3.6814835e-10,5.802752e-11,7.018833e-11,1.946265e-12,1.7461254e-13,7.4950273e-13
420000,439,94,0,4.275957e-10,8.999492e-11,2.3399963e-14,4.1085156e-21,3.1974983e-09,1.09837785e-10
420000,114,475,0,-8.9846555e-13,2.426813e-11,2.4851338e-12,1.5181058e-16,3.613731e-19,7.129099e-11
420000,246,343,0,2.2821335e-10,1.9636849e-12,1.0271918e-24,5.62872e-40,7.036217e-27,1.948983e-14
420000,320,324,0,7.302776e-10,1.4482288e-14,1.9143929e-28,1.3e-44,3.6303886e-35,7.234774e-17
420000,281,373,0,4.1042492e-10,2.4809818e-12,9.473179e-15,3.8209064e-21,5.3394007e-24,4.1679098e-13
420000,313,107,0,9.638738e-10,1.6522459e-11,1.2273207e-31,0.0,4.885431e-17,7.978351e-12
420000,212,422,0,9.960869e-10,6.426045e-11,1.7583305e-12,3.9143065e-16,1.4022235e-13,1.0117557e-10
420000,17,310,0,-3.9005447e-13,1.8043304e-12,8.018556e-14,9.024066e-20,1.8360523e-24,1.0091216e-10
420000,285,232,0,1.86889e-10,3.7680544e-16,0.0,0.0,7.22e-43,1.2598819e-15
420000,186,67,0,8.347563e-10,3.7918575e-12,4.2188558e-21,2.506358e-32,1.406169e-23,3.4418173e-11
420000,74,157,0,2.7020133e-10,2.9787883e-10,3.0421028e-20,5.362847e-34,5.7984863e-11,1.9284126e-11
420000,395,160,0,5.6591387e-10,2.605156e-11,4.5138616e-14,3.315714e-20,7.758787e-15,1.0067783e-11
420000,197,179,0,7.4612305e-10,8.8408066e-11,6.930183e-14,1.2418808e-19,1.3498404e-11,8.183138e-14
420000,110,307,0,9.067602e-10,1.4900638e-16,1.7131488e-22,5.2408083e-37,1.702662e-39,2.4587861e-11
420000,158,60,0,2.111114e-10,2.176451e-11,2.0756623e-12,1.04478616e-16,5.578253e-18,2.3645547e-11
420000,274,222,0,1.1432302e-09,4.9361627e-13,0.0,0.0,2.2970373e-31,7.4265084e-13
420000,411,89,0,4.027886e-10,2.0917847e-11,1.6070246e-15,2.223304e-22,1.4769202e-17,1.890682e-11
420000,211,351,0,7.9906437e-10,2.6423514e-13,1.542363e-13,8.594649e-19,1.2561538e-22,7.844763e-11
420000,163,415,0,1.2920225e-10,9.641156e-12,1.761079e-24,1.0242e-41,6.255668e-22,3.8304193e-11
420000,50,239,0,9.480784e-11,2.8134167e-10,8.247938e-15,1.09100615e-20,2.5050483e-12,1.09374544e-10
420000,487,54,0,-1.4883257e-12,1.6018166e-10,8.6406023e-13,7.16231e-18,1.1099034e-11,1.14150245e-10
420000,415,263,0,2.5284336e-10,6.066394e-11,1.966602e-20,2.4256213e-32,4.7212684e-13,4.983438e-13
420000,259,62,0,7.026835e-11,3.5348674e-13,4.215262e-24,9.05016e-40,1.0807394e-31,8.399229e-12
420000,296,352,0,1.9643451e-10,1.6466498e-18,1.2757203e-25,5.09e-43,0.0,7.703968e-11
420000,59,320,0,5.3610894e-10,1.0418997e-11,2.298536e-25,1.02e-43,1.9603906e-20,2.355301e-10
420000,220,49,0,1.4956249e-10,1.4767293e-11,7.8005006e-20,3.2785177e-31,1.4986649e-16,2.738052e-15
420000,170,243,0,8.606355e-10,6.90844e-11,5.5142047e-33,0.0,4.431737e-14,8.0393136e-13
420000,350,288,0,3.1896952e-10,3.743751e-12,6.787552e-19,2.7511625e-30,2.4684525e-19,5.3352214e-12
420000,370,97,0,2.855063e-10,5.8038293e-11,1.8347733e-22,6.804689e-35,2.1980043e-10,1.220656e-10
420000,292,466,0,7.096801e-12,1.1141206e-10,7.1012254e-20,7.839583e-31,8.6403817e-13,4.458573e-12
420000,315,325,0,4.2690426e-10,1.0502845e-14,1.0908767e-27,8.5e-44,5.55922e-40,1.1261488e-17
420000,372,438,0,1.2193152e-10,7.057241e-12,3.4223329e-15,7.1666713e-23,1.3032842e-22,7.2534076e-11
420000,268,113,0,1.5708679e-10,1.6837113e-12,7.791101e-23,2.1421139e-36,2.4692528e-26,7.876242e-13
420000,285,15,0,-3.11734e-13,2.240619e-12,5.3219593e-18,8.194192e-29,7.534716e-25,1.2486147e-10
420000,90,259,0,1.0267981e-09,4.725901e-11,3.133774e-14,5.130201e-20,1.7067496e-16,1.1988861e-10
420000,387,350,0,6.104404e-10,4.988536e-11,7.876367e-13,1.9324537e-16,1.1878846e-16,6.9830364e-11
420000,420,58,0,2.7073052e-10,9.898478e-12,1.0160633e-14,1.2064777e-22,1.0738031e-20,7.995911e-11
420000,344,347,0,8.5939883e-10,7.1404688e-12,1.1242806e-28,0.0,1.6716383e-20,2.2789575e-13
420000,256,201,0,4.4968296e-10,5.5496727e-12,0.0,0.0,2.758346e-21,1.5061214e-11
420000,403,211,0,1.7997177e-10,1.2114644e-12,1.9031512e-11,3.4775744e-14,2.8589802e-16,1.5488829e-11
420000,355,413,0,1.5345676e-10,2.5288632e-11,5.8782246e-12,8.9119725e-15,4.0793808e-16,8.6520346e-11
420000,265,265,0,3.9014078e-10,6.2883206e-11,8e-45,0.0,8.385261e-14,1.0892036e-23
420000,26,285,0,4.6034113e-13,5.12859e-11,7.7312835e-12,3.1241199e-15,9.17613e-13,1.5486145e-11
420000,202,253,0,8.0060747e-10,4.5893442e-11,1e-45,0.0,2.0956905e-16,1.6826486e-10
420000,234,269,0,1.3053288e-10,1.560618e-19,0.0,0.0,0.0,2.6685902e-24
420000,54,266,0,1.0484923e-09,2.1896243e-11,2.5702249e-17,4.1738426e-28,1.7455936e-16,3.2837816e-11
420000,159,197,0,4.610677e-10,4.4469064e-11,1e-45,0.0,4.2808918e-13,7.0366613e-13
420000,59,207,0,7.36163e-10,5.927212e-11,6.9204625e-14,1.8431615e-19,6.195758e-13,1.5996791e-10
420000,382,379,0,1.9144837e-10,5.976016e-11,8.6711264e-14,1.6434308e-20,2.375042e-10,3.844392e-12
420000,449,393,0,1.8516267e-11,2.6747679e-11,2.137918e-13,8.728728e-19,7.022888e-19,1.2524078e-10
420000,71,244,0,5.3214777e-10,4.6063514e-11,3.197729e-11,2.4637947e-13,2.355335e-14,5.572825e-12
420000,389,106,0,8.4286916e-10,8.9395815e-15,4.0059556e-11,2.890996e-13,7.736503e-15,9.342309e-14
420000,193,120,0,1.8625704e-10,3.662769e-12,3.1397879e-19,1.1598271e-31,1.3931006e-21,1.0099022e-11
420000,179,188,0,1.4679917e-10,5.5436736e-12,2.347358e-21,1.5227814e-33,7.289418e-21,2.2444668e-13
420000,258,452,0,2.7519747e-11,5.710607e-11,1.0564454e-16,4.298306e-24,5.678556e-13,4.0688803e-11
420000,33,392,0,1.3326822e-13,1.7929705e-10,7.10742e-14,1.8432381e-19,8.677917e-13,1.3407961e-10
420000,195,461,0,1.36100116e-11,2.9512618e-11,7.0587844e-13,3.0902925e-17,3.660089e-19,8.058398e-11
420000,492,447,0,-1.8198396e-12,1.636914e-10,5.643896e-12,1.9237177e-15,4.3432337e-12,8.251346e-11
420000,405,67,0,3.4897757e-10,6.8512617e-12,2.3394698e-18,4.625858e-29,2.4934507e-21,5.2280884e-11
420000,297,90,0,1.1737995e-09,5.4128205e-11,4.5454337e-22,1.8134034e-33,7.904714e-13,7.2089635e-12
420000,479,51,0,-1.4751464e-12,1.2826101e-10,3.7920972e-11,9.171137e-13,6.851399e-12,3.2100536e-09
420000,16,340,0,-8.028436e-13,1.47544e-11,1.845252e-18,1.3521692e-30,4.4643445e-20,3.0152945e-09
420000,268,128,0,9.416816e-10,6.5768696e-11,3.8532774e-27,0.0,1.7824908e-11,2.9887866e-09
420000,213,202,0,6.813348e-11,1.1989766e-12,8.0830256e-17,1.1463718e-25,3.600787e-29,2.9888703e-09
420000,488,274,0,-1.0206187e-12,5.9836726e-11,7.785757e-16,9.775126e-21,2.3667676e-14,3.1288834e-09
420000,434,368,0,1.210721e-09,7.574106e-11,1.2934985e-13,2.57743e-18,8.2222854e-16,3.0969623e-11
420000,446,360,0,1.0805341e-10,2.521259e-11,4.050701e-11,2.3514459e-13,6.429475e-15,1.5257225e-10
420000,217,228,0,5.735794e-10,3.0965998e-12,1.0633093e-11,3.7674257e-14,1.7967284e-15,5.0682855e-17
420000,412,329,0,7.787709e-10,1.2259028e-11,1.9727069e-20,3.4364593e-33,5.8388026e-21,1.0579131e-12
420000,360,16,0,-1.0040462e-12,8.271962e-11,5.183504e-13,6.837959e-18,1.9836396e-13,4.5462544e-12
420000,313,160,0,2.8702029e-11,3.5631782e-11,1.4814313e-24,2.1915947e-37,2.0568288e-11,2.7572478e-12
420000,476,14,0,-1.7315868e-12,2.3716104e-10,9.792495e-21,2.0879016e-30,3.5617047e-09,6.787625e-11
420000,129,425,0,3.3202047e-10,3.8990134e-11,5.673113e-18,7.081e-28,7.469359e-16,4.00072e-12
420000,81,230,0,2.0244578e-10,4.1418056e-11,8.152091e-13,1.1164071e-17,7.5489414e-15,2.6901582e-12
420000,262,358,0,5.0382687e-10,9.545956e-13,1.7240571e-19,1.810623e-30,1.6579302e-27,6.7204793e-14
420000,340,61,0,3.206041e-10,8.149692e-12,7.824865e-15,2.0126675e-22,4.3727074e-20,1.2085899e-11
420000,69,404,0,2.8745017e-10,3.9015808e-11,4.4314816e-15,3.222025e-23,7.7854123e-16,8.939628e-12
420000,350,220,0,3.5718606e-10,8.8850455e-13,6.0335334e-15,6.572651e-22,3.7886705e-27,1.2779984e-10
420000,343,459,0,1.9284902e-11,2.2435132e-11,5.200944e-15,6.9776173e-22,1.9939003e-17,1.5685186e-10
420000,35,11,0,-1.3016916e-12,4.7940072e-11,4.9556514e-15,9.735747e-23,3.084518e-14,3.1865148e-09
420000,198,437,0,5.1728044e-10,7.839665e-11,3.653048e-12,1.115277e-15,1.6023036e-10,5.7197937e-11
420000,41,85,0,8.1414826e-11,3.3079248e-11,2.551072e-13,5.8343556e-19,4.470928e-16,3.0229488e-09
420000,49,321,0,2.6891744e-10,2.2736653e-09,4.159715e-18,4.6853738e-30,4.1188084e-09,5.7287546e-11
420000,170,32,0,7.5426395e-13,2.2988738e-11,1.014818e-12,2.7651609e-17,3.5226466e-19,1.6716887e-12
420000,272,362,0,7.0732115e-10,8.515274e-12,3.7645514e-16,2.6618326e-24,5.740461e-21,3.234836e-12
420000,39,71,0,7.613908e-11,4.074364e-11,3.4090352e-11,3.8882986e-13,5.0711693e-14,3.1382282e-11
420000,146,38,0,3.2142785e-11,1.0749529e-11,1.08395e-10,5.464377e-11,7.297528e-11,2.3757377e-10
420000,42,40,0,-7.958607e-13,5.065225e-11,6.573048e-15,7.0188905e-23,9.176091e-13,1.4448806e-10
420000,89,243,0,8.901713e-10,4.127584e-11,2.6431058e-14,1.5311618e-21,1.1257138e-11,5.6692318e-11
420000,482,17,0,-1.8572364e-12,1.413447e-10,4.2054543e-13,2.0722394e-16,2.1741582e-12,1.8297182e-10
420000,436,277,0,3.1695074e-10,3.313581e-11,1.05919055e-16,2.2531408e-24,7.548934e-15,1.1941823e-11
420000,178,355,0,2.8395122e-10,3.318865e-12,2.5610424e-18,2.8957603e-29,1.0825614e-23,2.402958e-13
420000,423,306,0,1.2568567e-09,8.764028e-12,4.202589e-13,7.783066e-18,2.923351e-21,1.7483346e-12
420000,198,54,0,5.548456e-10,5.23476e-11,2.3760445e-19,1.14039945e-30,5.1261523e-16,3.2529138e-10
420000,284,284,0,3.621623e-10,7.696189e-18,1.1720639e-25,1.0103e-41,0.0,3.3999366e-17
420000,355,218,0,5.512753e-10,2.7924608e-14,1.188446e-12,2.0492025e-17,4.014407e-21,1.6826533e-11
420000,355,85,0,6.0853506e-10,2.4158698e-12,2.406558e-12,2.082046e-16,1.4790221e-19,3.0101965e-09
420000,211,288,0,4.1143652e-10,1.0620897e-14,6.6338394e-38,0.0,1.0858757e-37,2.988788e-09
420000,318,451,0,1.1700603e-10,4.4654808e-11,1.5827172e-16,3.8005314e-25,4.484999e-18,2.9918943e-09
420000,255,457,0,1.530402e-11,2.5231239e-11,3.0175e-15,7.273304e-22,8.93131e-16,2.252003e-10
420000,367,395,0,2.2747526e-10,2.3031654e-09,7.316355e-15,5.0292803e-22,4.118815e-09,6.293837e-11
420000,344,315,0,1.7398888e-10,5.2648375e-13,1.334142e-25,4.57e-43,2.002509e-28,1.703867e-15
420000,444,357,0,9.616686e-11,2.9850247e-11,1.0899843e-12,6.054849e-17,3.102737e-17,4.042584e-11
420000,46,203,0,1.03489876e-10,8.0945424e-11,2.2039866e-11,3.8875082e-14,9.515719e-15,8.869444e-11
420000,437,126,0,4.0673964e-10,1.11467786e-10,3.3699103e-16,6.5947963e-24,1.7917556e-10,5.2956897e-12
420000,94,353,0,2.5674107e-10,8.550064e-15,1.679034e-10,7.99551e-12,1.7123906e-12,3.6700692e-10
420000,166,119,0,3.384641e-10,6.087639e-12,3.7068053e-23,8.857891e-37,2.7682651e-22,1.9041654e-11
420000,467,272,0,3.7212178e-12,4.6529003e-11,1.1584983e-11,1.7592591e-14,1.1980675e-15,1.2747017e-11
420000,413,257,0,1.2384818e-10,8.329523e-11,4.999485e-18,3.9533194e-27,2.332583e-10,9.491863e-13
420000,154,4,0,-7.956595e-13,1.6945757e-11,2.880321e-12,3.1989237e-16,2.4725475e-19,1.9310578e-10
420000,416,356,0,6.821834e-10,4.3089165e-12,1.2528926e-11,8.149735e-15,4.8905042e-17,5.698568e-11
420000,59,105,0,1.1852999e-09,9.702988e-11,2.4879918e-15,1.2699302e-22,4.2014745e-13,1.2594915e-10
420000,74,440,0,1.3549452e-10,9.750274e-11,9.5411366e-21,1.9879908e-34,4.342614e-12,3.517593e-11
420000,208,108,0,7.0631216e-11,4.5430323e-11,4.3505603e-12,9.897729e-16,2.1020444e-10,8.06508e-12
420000,253,211,0,4.853291e-10,3.2960733e-12,2.243932e-37,0.0,1.9923088e-24,9.2330935e-14
420000,433,485,0,-2.1638763e-12,2.0556624e-10,4.0109948e-16,2.3803341e-24,2.8114205e-10,3.0598737e-09
420000,213,469,0,-1.6102979e-13,3.3303953e-11,1.3006634e-16,4.7478284e-26,2.4993129e-16,1.5946096e-10
420000,453,450,0,8.664094e-11,1.00003006e-10,5.4365836e-16,4.170142e-24,8.742484e-15,3.0298146e-09
420000,14,225,0,-6.79934e-13,8.1946784e-12,3.33608e-17,6.617098e-28,8.720503e-23,3.0399319e-09
420000,209,1,0,-8.200832e-13,6.3946584e-11,1.4658367e-22,2.1317296e-38,5.9454403e-15,3.008432e-09
420000,297,117,0,3.0570754e-10,2.6206095e-12,1.7773887e-27,1e-45,7.403047e-27,2.9906277e-09
420000,238,408,0,2.0259755e-10,6.1528345e-11,3.3232168e-31,0.0,2.465525e-15,3.088138e-09
420000,39,120,0,6.2765726e-12,4.7236156e-11,3.9103223e-21,1.2535861e-35,9.987608e-15,3.032628e-09
420000,259,4,0,-8.134526e-13,3.507301e-11,3.343494e-12,2.9610572e-16,1.1627512e-15,3.0464267e-09
420000,4,34,0,-6.574251e-13,9.476765e-11,2.4197805e-14,1.6612388e-21,6.753508e-13,3.2664453e-09
420000,440,304,0,2.0219422e-10,1.9828158e-12,1.8565375e-14,5.363299e-21,8.2529094e-23,3.0831668e-09
420000,13,381,0,-5.5776396e-13,1.6742933e-11,1.6332317e-10,9.177045e-12,2.0788297e-12,3.0022453e-09
420000,477,264,0,-8.615458e-13,1.198298e-10,1.5345038e-15,9.607535e-24,1.2674215e-11,2.9972427e-09
420000,211,259,0,3.2596992e-10,5.051581e-12,0.0,0.0,6.9506735e-21,3.0081306e-09
420000,469,265,0,2.1102317e-12,3.13721e-11,3.114022e-11,2.2831856e-13,6.409273e-15,3.1651157e-09
420000,255,405,0,6.1518496e-10,7.9597814e-11,6.9256545e-21,6.00071e-33,1.7920117e-11,3.2278265e-09
420000,377,222,0,2.9285623e-11,1.9737377e-11,3.527084e-22,1.0239362e-34,1.2746833e-17,2.9908047e-09
420000,225,436,0,7.70918e-10,5.8505145e-11,3.432378e-17,7.673079e-28,1.024253e-14,3.0592353e-09
420000,166,178,0,5.317403e-10,2.171229e-12,1.081775e-36,0.0,2.2922846e-24,2.990087e-09
420000,395,419,0,4.3825896e-10,3.563318e-11,7.9761204e-28,0.0,3.6143086e-16,3.0398757e-09
420000,25,45,0,-1.478513e-12,1.1079727e-10,2.469741e-15,2.7118776e-22,1.0255071e-13,2.5786523e-10
420000,0,175,0,-3.1982912e-13,7.942895e-11,1.2635075e-19,3.7310327e-33,1.4852815e-11,3.3098093e-09
420000,492,256,0,-1.8259628e-12,3.283831e-10,4.182511e-12,4.62099e-16,2.914892e-11,3.0362681e-09
420000,471,406,0,6.819088e-13,1.9693204e-11,3.1092766e-13,5.642881e-19,1.4352687e-20,3.3305834e-09
420000,385,218,0,1.1571012e-11,3.4690487e-11,8.380816e-27,9.18e-43,7.548934e-15,1.5708734e-10
420000,450,170,0,1.4183339e-10,5.2084864e-11,3.8815153e-13,6.6798855e-18,4.262527e-16,3.0429679e-09
420000,187,255,0,6.735271e-10,8.0402074e-11,5.6006494e-30,0.0,5.4982364e-12,4.994754e-14
420000,218,308,0,3.1078612e-10,2.2719147e-09,4.8197828e-11,6.368962e-13,4.1189048e-09,1.1850188e-12
420000,339,406,0,1.5866423e-10,6.2600494e-11,5.104688e-13,8.9787056e-18,1.1943186e-13,8.687252e-11
420000,351,397,0,3.5217682e-10,2.3284004e-09,6.002075e-20,4.526958e-33,4.1188146e-09,4.134694e-12
420000,435,466,0,5.926209e-13,1.1951141e-10,9.830308e-16,5.901709e-23,1.4334152e-11,3.0601172e-10
420000,55,268,0,9.908758e-10,2.2846414e-09,9.647548e-17,7.702772e-27,4.1188084e-09,1.6426341e-11
420000,263,423,0,3.547429e-10,2.3595534e-09,9.417639e-25,1.3059e-41,4.1215595e-09,6.733836e-11
420000,399,339,0,9.403792e-10,3.5742242e-11,5.3781367e-12,1.0796493e-15,3.5319683e-13,9.292662e-13
420000,318,60,0,7.339523e-10,1.9314257e-12,1.3806245e-17,1.002043e-27,8.105909e-27,8.320568e-11
420000,298,101,0,6.72676e-10,2.271189e-11,1.9494462e-26,4.72e-42,8.93131e-16,6.4527598e-12
420000,361,394,0,2.7594774e-10,2.6370538e-11,3.834343e-20,3.1083174e-32,2.1182968e-16,5.1641785e-11
420000,127,212,0,4.8143894e-10,8.5200985e-11,2.5921233e-23,2.772919e-39,3.868159e-16,2.7994712e-14
420000,43,31,0,-9.556073e-13,6.258686e-11,5.0570377e-13,2.060935e-18,3.2963524e-13,2.3276887e-10
420000,103,465,0,-7.343876e-13,1.25176276e-11,1.8115669e-11,1.7309818e-14,1.1950297e-16,4.2718787e-11
420000,87,159,0,1.9148498e-10,2.8549682e-11,6.3762144e-23,3.4813685e-36,4.2667577e-18,3.694981e-12
420000,240,180,0,2.1473523e-10,1.0288513e-15,0.0,0.0,1.0876334e-35,6.0443077e-15
420000,51,435,0,4.5669116e-10,3.2481975e-11,1.0084292e-12,2.6626436e-17,1.1140627e-16,8.639357e-11
420000,204,173,0,7.7798135e-10,1.7408727e-13,3.4887862e-22,6.1865946e-37,2.9604004e-33,3.6443382e-14
420000,181,367,0,7.068186e-11,6.359904e-11,4.91541e-28,0.0,8.113526e-12,2.134556e-11
420000,293,176,0,2.4323935e-10,1.312089e-13,2.4203027e-23,4.3463448e-36,3.2070706e-30,8.094197e-13
420000,275,78,0,3.7774608e-10,4.6512964e-11,5.1314755e-17,4.099579e-27,2.1506653e-10,3.0488962e-09
420000,459,130,0,6.926327e-12,4.504225e-12,2.0262742e-14,3.2306496e-21,4.294186e-25,3.0501812e-09
420000,477,270,0,-8.9161366e-13,7.648312e-11,7.717124e-15,8.586016e-22,6.6960096e-14,3.0773415e-09
420000,285,82,0,9.946453e-10,2.8423928e-11,3.7148666e-19,8.498367e-28,4.8225197e-14,3.1004088e-09
420000,477,252,0,-5.961342e-13,6.932396e-11,1.1898257e-10,1.549029e-11,1.0537989e-11,3.012993e-09
420000,310,63,0,5.907118e-10,8.032759e-12,3.7628504e-16,1.8796014e-25,1.2380272e-22,2.5774005e-12
420000,232,1,0,-8.178189e-13,1.9270044e-11,1.3491815e-18,8.8990223e-29,5.1563202e-20,3.1982825e-09
420000,399,286,0,8.9766755e-10,4.405505e-11,8.4673036e-30,0.0,3.985695e-15,3.0250165e-09
420000,453,312,0,8.949511e-11,3.7084072e-11,9.3623555e-12,2.2120865e-14,8.2690074e-14,3.0020992e-09
420000,234,443,0,3.640069e-10,1.4549016e-10,2.7888407e-20,1.8873003e-34,1.413693e-12,4.3864936e-11
420000,25,136,0,-9.434934e-13,2.1202746e-11,5.4023306e-13,3.4438385e-18,8.1991967e-19,9.1449265e-11
420000,130,43,0,7.624928e-11,2.8026304e-11,2.9728824e-11,1.2093958e-13,2.798527e-15,3.0283396e-09
420000,61,62,0,1.9964151e-10,2.403025e-10,3.2701394e-17,2.1116732e-27,3.7171801e-09,3.0069476e-09
420000,443,123,0,1.07942245e-10,4.5181765e-11,9.7317154e-11,3.1102263e-12,6.084344e-13,2.997989e-09
420000,236,11,0,-8.2927133e-13,1.2057039e-11,2.848436e-15,4.8689187e-22,9.0774905e-21,4.8707108e-11
420000,413,129,0,1.451446e-09,2.2741637e-11,1.6126777e-16,1.16298805e-24,7.350625e-18,3.0060539e-09
420000,203,53,0,5.0689875e-10,8.7882285e-11,2.4509152e-19,1.6093352e-29,4.4396026e-10,3.044251e-09
420000,28,45,0,-1.2877995e-12,7.817714e-11,2.5586406e-16,7.944737e-25,1.8153472e-16,3.2776275e-09
420000,454,100,0,1.4972719e-10,3.2973638e-11,1.0847074e-11,5.9362e-15,1.0369351e-15,3.0021023e-09
420000,468,339,0,4.619585e-13,4.0030528e-11,9.505744e-12,4.6815257e-15,2.0711299e-13,1.6417542e-10
420000,380,6,0,-5.396475e-13,1.934099e-11,7.072201e-22,2.2092246e-36,1.1934134e-17,3.2849197e-09
420000,489,433,0,-1.3817491e-12,1.1073355e-10,7.8947154e-11,8.699207e-12,1.9072256e-11,3.0704062e-09
420000,282,39,0,-1.429974e-13,1.962078e-11,3.4826064e-09,7.1923684e-10,1.1532674e-09,7.839633e-11
420000,15,477,0,-1.8276836e-12,2.2294276e-10,4.79733e-16,2.4245121e-23,2.1067956e-10,3.1411356e-09
420000,63,10,0,-1.6218947e-12,1.4309999e-10,3.4625092e-09,7.191878e-10,1.1685538e-09,1.3036837e-10
420000,467,399,0,3.7288158e-13,3.446017e-11,3.4352575e-15,6.588482e-23,3.1416472e-17,3.1228522e-09
420000,197,167,0,1.0488292e-09,3.346229e-12,3.315757e-24,1.48512e-38,4.6597742e-23,2.9887866e-09
420000,38,442,0,1.826401e-11,7.818207e-11,2.7366545e-10,2.9578265e-10,8.898752e-10,3.4796959e-09
420000,76,418,0,5.257343e-10,1.5341017e-11,7.200973e-14,4.574926e-19,1.1188308e-20,3.0702578e-09
420000,367,92,0,4.50508e-10,7.697643e-12,6.899005e-21,2.87195e-35,2.186182e-22,1.0841772e-11
420000,389,82,0,9.545899e-10,4.980722e-11,3.868653e-10,3.282647e-11,1.819111e-11,3.0133693e-09
420000,291,37,0,1.8288317e-13,1.5584364e-11,3.4238306e-17,2.1885567e-27,6.381693e-17,3.1677916e-09
420000,68,408,0,5.2262983e-10,1.6599163e-11,4.7198116e-14,2.8535886e-20,3.734596e-20,3.093972e-09
420000,74,490,0,-1.1115803e-12,1.5926137e-10,1.7776476e-12,7.994919e-17,2.2262504e-10,3.067995e-09
420000,9,266,0,-8.8893346e-13,1.3573941e-11,2.7944572e-12,4.0624635e-16,2.1130868e-18,3.1973193e-09
420000,59,397,0,3.1952798e-11,5.4379907e-11,1.4013617e-14,6.077474e-21,6.195757e-13,3.0738299e-09
420000,483,10,0,-1.6621598e-12,7.602045e-11,2.683857e-16,9.2564396e-26,9.944942e-16,3.6710417e-09
420000,342,76,0,3.3721181e-10,4.8205582e-11,3.0653903e-13,1.1237377e-18,1.7382809e-13,3.1426628e-09
420000,253,496,0,-8.4842994e-13,5.14867e-11,2.0645747e-11,5.5860058e-14,9.555584e-16,2.9638188e-11
420000,493,97,0,-8.2378494e-13,1.2322643e-10,1.538489e-13,1.968573e-19,2.1892887e-12,2.9966116e-09
420000,496,40,0,-1.3172162e-12,1.0183825e-10,1.929949e-13,7.2221486e-19,1.0423485e-14,3.0365102e-09
420000,124,17,0,-1.310089e-12,1.802924e-10,1.3373894e-20,3.8932377e-34,1.5950609e-12,3.0016276e-09
420000,233,484,0,-6.7743353e-13,4.8738418e-12,7.754629e-14,2.2297783e-19,2.0495471e-23,3.1767755e-09
420000,133,356,0,1.952082e-10,1.4448127e-12,4.7355626e-15,4.0914097e-23,3.25543e-27,1.5514833e-12
420000,188,489,0,-9.638454e-13,5.6467636e-11,2.7062783e-12,2.407246e-16,3.863695e-13,1.3926685e-10
420000,138,486,0,-7.552069e-13,2.8074675e-11,1.9477958e-17,5.049884e-27,2.7366915e-17,3.1577365e-09
420000,479,172,0,-1.4207795e-12,1.2374476e-10,3.319978e-17,8.552557e-27,2.650932e-10,3.0325884e-09
420000,29,230,0,1.5225979e-12,1.03558995e-10,7.6982424e-17,2.8886173e-26,1.8380419e-12,3.0924117e-09
420000,77,499,0,-9.311947e-13,8.494017e-11,4.5786975e-11,3.7619593e-13,6.9289067e-12,3.614628e-09
420000,407,41,0,1.0031803e-11,2.190245e-11,3.2813786e-11,2.8431776e-13,1.0330529e-14,3.1057883e-09
420000,479,77,0,-4.466556e-13,2.7419487e-11,1.9326138e-12,5.900101e-17,9.497788e-18,2.4904354e-10
420000,448,299,0,3.498632e-11,1.7215564e-11,3.462407e-09,7.191878e-10,1.1532665e-09,2.9238947e-10
420000,367,31,0,3.068988e-12,3.575577e-13,7.067103e-11,1.832892e-12,1.5899678e-13,3.0337337e-09
420000,61,347,0,2.099568e-11,1.1944746e-13,2.7770513e-15,5.2237766e-23,6.409941e-29,3.2139102e-09
420000,250,1,0,-9.587409e-13,2.0946637e-11,1.7175216e-11,1.6252036e-14,1.1373248e-16,3.2605925e-09
420000,454,71,0,1.7164603e-10,1.6621457e-10,1.7892965e-11,2.2197747e-14,1.6464761e-10,3.0079803e-09
420000,234,465,0,1.8821411e-12,4.5175752e-11,3.462259e-09,7.191878e-10,1.1532697e-09,6.196834e-11
420000,53,110,0,4.2069462e-10,5.880006e-11,5.505898e-12,1.900079e-15,4.7213844e-13,2.9973575e-09
420000,320,440,0,3.3051462e-10,1.4347663e-10,3.5113645e-17,3.814991e-27,4.4946104e-12,2.9971843e-09
420000,449,450,0,1.4024805e-10,6.0058736e-11,7.442829e-19,8.3835264e-30,4.0759242e-14,3.1059704e-09
420000,28,218,0,1.3144391e-12,9.4909365e-11,4.4824997e-13,3.7175953e-18,4.8550434e-15,3.0834189e-09
420000,99,481,0,-5.971275e-13,1.5183152e-11,1.7542652e-15,1.3416487e-22,1.9704085e-20,4.30721e-11
420000,183,74,0,4.6971443e-10,9.234806e-13,2.9899582e-26,7.1e-44,1.4668177e-26,2.9728654e-11
420000,435,84,0,6.62036e-10,1.23111295e-11,6.672306e-11,2.520258e-12,2.5692954e-13,3.022193e-09
420000,482,463,0,-2.1925623e-12,1.9942152e-10,1.6816169e-14,2.0573373e-21,3.321771e-09,3.1230647e-09
420000,56,127,0,8.245346e-11,1.3275782e-11,4.2085085e-12,5.295415e-16,4.1412606e-19,3.1682463e-09
420000,415,378,0,5.9483404e-11,6.8795684e-11,7.533209e-16,1.3158744e-23,5.678616e-13,3.0534117e-09
420000,450,15,0,-1.5331326e-12,9.8809655e-11,3.4979906e-17,2.366806e-25,4.3322596e-13,3.1081562e-09
420000,44,403,0,2.434347e-12,6.1263314e-11,6.419092e-13,3.6138772e-18,6.1708574e-17,3.0160818e-09
420000,121,29,0,1.3146109e-12,2.8535696e-11,6.597921e-21,3.8511017e-32,2.1070967e-15,3.016259e-09
420000,435,434,0,6.191056e-10,1.7123936e-10,3.4625613e-09,7.191878e-10,4.4961137e-09,6.034853e-11
420000,446,61,0,1.9399508e-10,2.0360329e-10,3.3012005e-16,1.2251555e-23,2.3699426e-11,3.1919583e-09
420000,494,393,0,-1.6478235e-12,2.1990872e-10,4.091455e-11,3.3974998e-13,2.7887109e-12,3.1435547e-09
420000,453,173,0,9.37972e-11,1.1659947e-10,3.091851e-15,1.1205928e-22,5.700798e-13,1.9895859e-10
420000,348,386,0,1.1676653e-10,2.8072145e-10,5.4244342e-14,4.4014717e-20,7.612387e-12,5.3503877e-12
420000,375,195,0,1.3141972e-10,6.5393728e-12,7.389866e-15,1.9155986e-21,6.8577504e-22,6.441057e-12
420000,435,307,0,4.1520004e-10,2.0555816e-12,3.1946995e-12,4.1661967e-16,3.401941e-19,1.8011051e-11
420000,193,69,0,1.1502269e-09,1.3683644e-11,2.3665853e-15,1.6016129e-22,2.1212672e-16,4.139679e-11
420000,306,354,0,1.2158916e-10,1.5011307e-18,2.2498173e-23,6.5840053e-38,0.0,3.3292117e-12
420000,162,255,0,1.0954035e-10,2.3213795e-09,1.5860704e-24,7.485e-41,4.118809e-09,3.1653624e-13
420000,329,305,0,8.4824225e-10,7.031072e-12,4.560055e-36,0.0,3.5864498e-23,4.3242306e-13
420000,198,385,0,9.909056e-11,4.1984534e-11,1.0935089e-22,2.3295447e-34,3.3839426e-15,5.6021845e-12
420000,196,363,0,7.351893e-10,7.44162e-12,2.4346178e-34,0.0,2.7719628e-21,1.1802879e-12
420000,390,81,0,9.2262203e-10,4.536681e-11,3.8686643e-10,3.282647e-11,1.8190862e-11,1.0748832e-10
420000,291,332,0,1.727008e-09,2.2445158e-19,3.5705e-41,0.0,0.0,2.5829775e-13
420000,142,257,0,6.1856015e-10,7.516736e-11,5.3800396e-33,0.0,1.4073306e-13,7.1651205e-12
420000,325,203,0,9.856715e-10,1.4259423e-12,1.2169365e-16,7.0111424e-26,1.4207964e-22,4.8124256e-12
420000,221,401,0,9.006092e-11,3.885768e-11,9.1849353e-20,2.7253418e-33,5.862752e-17,2.0452198e-10
420000,371,264,0,1.1884334e-09,5.259651e-12,9.988763e-20,5.4793727e-31,1.0624478e-21,1.4760599e-11
420000,400,274,0,4.692891e-10,4.724395e-11,1.7525586e-21,5.489661e-36,2.0708699e-13,9.773208e-11
420000,333,208,0,1.0793829e-09,1.9859213e-16,7.146786e-11,1.3924342e-12,1.08237875e-13,8.829616e-12
420000,68,72,0,3.373984e-10,2.2590839e-11,1.5006059e-17,5.567337e-27,1.9572867e-17,9.553709e-12
420000,272,372,0,3.9037068e-10,3.64378e-12,1.6114909e-13,7.038918e-19,9.609007e-23,1.1874132e-11
420000,394,265,0,2.5209584e-10,7.6762225e-12,4.7806367e-14,1.0035143e-19,7.699585e-23,9.2140816e-11
420000,388,417,0,2.821839e-10,2.7484286e-11,1.4414095e-24,2.3741e-41,1.9555757e-17,3.1562915e-11
420000,218,225,0,6.6748806e-10,1.1802017e-11,3.8260956e-10,3.6032302e-11,2.055316e-11,8.158462e-16
420000,475,144,0,-5.074024e-13,4.6576274e-11,8.854342e-12,5.5593017e-15,1.037352e-15,1.0933225e-10
420000,257,471,0,-4.688238e-13,3.897495e-11,9.9461194e-12,3.364877e-15,7.308782e-13,9.275451e-11
420000,485,343,0,-4.4520277e-13,2.9329737e-12,3.234738e-11,2.4642734e-13,7.105698e-15,9.0937834e-11
420000,336,59,0,2.87799e-10,2.8490318e-13,1.6408264e-16,2.935295e-25,7.557757e-31,3.3077045e-11
420000,60,178,0,2.9665653e-10,1.0338953e-10,6.5579643e-13,7.373396e-18,2.6165923e-14,1.9658239e-10
420000,90,484,0,-9.936396e-13,3.026147e-11,4.8239093e-16,2.8200286e-25,8.5438435e-18,8.9168437e-11
420000,429,461,0,2.5942662e-12,6.3050204e-11,5.3724064e-14,2.143113e-19,2.258899e-14,1.7559096e-10
420000,438,173,0,8.087366e-10,1.007907e-11,3.0398683e-12,3.658206e-16,6.370206e-19,9.089924e-12
420000,481,23,0,-1.5428699e-12,1.0818226e-10,1.3822878e-11,3.7145258e-14,4.6369137e-13,2.0836972e-10
420000,79,465,0,2.117075e-12,6.7477184e-11,7.0549486e-12,2.7488061e-15,6.018053e-13,3.202544e-10
420000,226,492,0,-1.2678357e-12,1.7838123e-10,9.0397836e-14,6.4629694e-19,1.05209e-10,7.98313e-11
420000,497,0,0,-1.6605831e-12,7.0563104e-11,1.1434958e-13,2.1747328e-19,2.7924404e-15,1.9232117e-10
420000,55,434,0,7.2536827e-10,6.975527e-11,8.996261e-15,1.1745731e-22,2.1683211e-13,7.234655e-11
420000,12,178,0,-4.952937e-13,1.2363949e-11,9.4895336e-20,2.643686e-32,2.2908473e-20,1.3057211e-10
420000,99,453,0,8.04273e-12,4.7431992e-11,2.0693895e-11,4.8998156e-14,9.327882e-16,4.4744035e-11
420000,357,454,0,1.3528767e-12,2.1127272e-11,4.2118105e-13,7.783083e-18,2.8842854e-20,4.4434995e-10
420000,451,44,0,3.5441778e-11,7.428772e-11,7.113299e-13,1.1866266e-17,2.186839e-15,1.6090297e-10
420000,390,48,0,2.551879e-10,1.3104008e-11,7.8514934e-13,9.40791e-17,1.9266558e-19,5.174967e-11
420000,68,64,0,5.612874e-10,1.5060918e-10,2.863251e-20,3.159452e-32,2.8248968e-12,3.2930278e-10
420000,72,372,0,1.441483e-10,6.9040424e-12,1.3452896e-18,1.1061949e-30,2.3384508e-22,3.1549216e-10
420000,387,16,0,-4.324308e-13,3.88372e-11,1.004044e-12,6.051832e-17,1.0182702e-16,2.8477304e-10
420000,466,494,0,-9.088233e-13,6.8442835e-11,2.4528764e-11,3.9585644e-14,1.3871812e-14,1.1001408e-10
420000,446,228,0,6.139466e-11,2.0401933e-12,2.1508476e-16,3.4137124e-26,6.19276e-26,6.111851e-11
420000,79,2,0,-1.513889e-12,1.0529301e-10,3.844416e-16,5.695883e-22,6.3562484e-12,6.508254e-11
420000,469,212,0,7.882408e-13,2.8931439e-11,1.8404307e-10,5.867325e-11,5.4550347e-11,1.9968095e-10
420000,205,472,0,-4.9087893e-13,9.453448e-11,1.9807958e-16,4.376353e-25,3.7176985e-12,2.9411062e-10
420000,34,464,0,-1.4082268e-12,9.114491e-11,9.753487e-11,1.0188343e-12,5.6424043e-14,9.2924037e-11
420000,423,40,0,7.029532e-11,1.1413903e-10,7.400652e-11,2.8682087e-12,6.2586637e-12,1.1040923e-10
420000,491,472,0,-1.9195262e-12,2.7244998e-10,3.4653707e-09,7.1918815e-10,1.3714504e-09,2.5045716e-10
420000,11,58,0,-1.180114e-12,7.588745e-11,1.6640616e-11,2.215294e-14,1.806386e-15,1.732742e-10
420000,166,429,0,1.6895718e-10,1.29418e-11,4.738514e-13,2.054392e-18,1.3761999e-19,6.533094e-11
420000,95,493,0,-9.791313e-13,1.7962917e-10,5.922844e-11,3.977373e-13,1.1290424e-10,1.8445839e-10
420000,16,382,0,-5.077481e-13,3.7834985e-11,2.758018e-12,2.3559636e-16,7.6079585e-12,1.5235844e-11
420000,153,22,0,-2.8990528e-13,5.0424626e-11,2.5865585e-17,1.8367317e-26,5.4427545e-14,3.718474e-12
420000,231,19,0,-9.060463e-13,1.4186614e-10,4.8580294e-14,6.3107455e-19,3.5250274e-09,2.4198657e-10
420000,464,491,0,-1.31233e-12,1.2178804e-10,3.4654142e-09,7.191892e-10,1.1535902e-09,3.7210895e-10
420000,451,380,0,9.9234766e-11,6.848142e-11,2.0977396e-13,1.3070789e-19,2.9563305e-16,7.221637e-11
420000,411,443,0,5.0040798e-11,3.2166558e-11,4.8267156e-15,3.6547586e-21,7.479556e-20,1.3514306e-10
420000,470,364,0,-2.0120376e-13,3.8025895e-11,4.7113264e-15,4.0764195e-23,2.350822e-15,1.324058e-10
420000,11,216,0,-4.795561e-13,2.9226795e-11,2.5897592e-13,1.2540038e-18,1.8976656e-13,2.2967685e-11
420000,467,479,0,-1.9961133e-12,1.7352932e-10,4.8805997e-11,2.7909166e-13,4.4967705e-10,1.8019208e-10
420000,466,39,0,-5.163841e-13,4.0144266e-11,2.9455534e-17,9.017505e-27,9.847006e-12,1.09734534e-10
420000,490,162,0,-9.548203e-13,1.62637e-11,5.400146e-16,1.5493605e-24,7.988395e-18,4.9556907e-11
420000,450,136,0,9.1758406e-11,1.8185129e-11,4.204639e-20,3.8746663e-33,2.6637786e-20,7.315276e-12
420000,317,69,0,5.249765e-10,2.0587835e-12,8.885007e-12,5.559306e-15,1.5661168e-17,8.989424e-13
420000,30,80,0,6.239082e-12,8.185043e-11,2.8422528e-10,5.2574126e-11,3.816129e-11,3.8638365e-10
420000,283,15,0,-3.7442594e-13,4.664179e-12,1.4527803e-19,8.485923e-32,2.3361004e-22,7.090959e-11
420000,56,491,0,-1.5042176e-12,9.0413926e-11,6.058024e-14,7.1445205e-20,1.5765108e-14,3.2501672e-09
420000,96,8,0,-8.7588655e-13,1.6025622e-11,1.39294565e-11,5.954963e-14,1.6085506e-15,1.1893873e-10
420000,44,171,0,1.0727551e-11,9.802548e-11,8.599692e-17,2.0418646e-26,1.9822351e-14,2.3466998e-10
420000,483,232,0,-9.0548386e-13,4.878629e-11,1.3654598e-22,3.699489e-34,1.9643313e-11,7.7841414e-11
420000,39,288,0,2.6541963e-11,5.6210495e-11,8.7758366e-14,1.2913264e-19,1.3638147e-12,7.516887e-11
420000,65,20,0,-1.3859944e-12,1.0192792e-10,3.9943084e-12,4.6119e-16,1.2911959e-13,1.9273937e-11
420000,149,31,0,5.7110297e-12,2.647668e-11,6.2923885e-13,4.7968613e-18,6.7432134e-16,1.5611766e-10
420000,31,65,0,7.3561695e-12,1.2056595e-10,1.1172201e-13,8.949147e-19,2.1547465e-11,2.2099356e-10
420000,496,49,0,-1.2751121e-12,4.6680246e-11,4.093234e-11,3.940581e-13,1.1779431e-14,3.211138e-11
420000,473,387,0,-3.8377854e-13,5.1410963e-12,7.412995e-12,3.1235026e-15,7.659509e-18,2.5352187e-11
420000,36,346,0,-4.4749694e-13,2.1579562e-10,1.32917e-11,2.8352525e-14,9.872921e-11,3.0512672e-09
420000,111,13,0,-1.0195852e-12,6.7688e-11,1.9211523e-13,6.623409e-19,1.8452079e-14,3.426114e-10
420000,287,59,0,2.1466386e-11,6.733127e-11,3.003324e-18,9.3638275e-27,2.1506655e-10,1.245638e-10
420000,2,44,0,-4.1154482e-13,3.8337795e-11,1.1456525e-12,3.5614066e-17,5.678457e-13,1.14330635e-10
420000,168,56,0,4.2491982e-11,5.5360664e-11,7.200974e-14,4.574926e-19,5.16059e-12,6.3540735e-11
420000,481,486,0,-1.8199715e-12,1.4532801e-10,5.6551153e-12,5.1508063e-16,7.4313775e-15,2.1358622e-10
420000,68,4,0,-1.1592285e-12,5.425797e-11,1.6563691e-11,2.2152919e-14,2.6934274e-16,2.2904517e-10
420000,208,457,0,1.7401337e-11,2.4319364e-11,3.2179592e-11,3.884288e-13,1.3508753e-14,4.225216e-12
420000,42,272,0,1.6585995e-10,9.819865e-12,3.9943114e-12,4.6119e-16,3.4856928e-19,3.1293974e-11
420000,455,483,0,-1.5466982e-12,5.3894396e-11,7.107415e-11,1.7205582e-12,1.273514e-12,2.2342164e-10
420000,312,444,0,4.214624e-10,7.3772946e-11,1.4592435e-11,6.943513e-14,6.1528605e-15,1.2346225e-10
420000,331,42,0,2.4388411e-11,3.3569713e-11,1.5183665e-10,5.841096e-11,6.154885e-11,1.1106791e-10
420000,22,137,0,-1.0236672e-12,3.9360987e-11,4.8469818e-12,6.935465e-16,1.883774e-15,3.0464573e-10
420000,321,18,0,-8.6268953e-13,6.364273e-11,6.381057e-12,2.1684158e-15,9.388077e-12,2.5770074e-11
420000,19,492,0,-1.2299423e-12,2.4922647e-11,1.2823641e-10,5.6913547e-11,6.7658136e-11,2.2490894e-10
420000,32,55,0,1.6961609e-12,1.2010948e-10,1.7044753e-10,5.875362e-11,5.7508436e-11,7.454508e-11
420000,473,98,0,6.832729e-13,6.0888544e-11,6.3774363e-12,2.0983393e-15,2.2260637e-14,1.1873884e-12
420000,483,419,0,-7.5857056e-13,7.2891984e-11,3.484602e-14,8.116037e-21,9.846763e-14,8.410572e-11
420000,225,21,0,-6.6467464e-13,5.7619097e-11,3.0083348e-17,5.552642e-26,6.1959715e-13,3.0580007e-09
420000,50,75,0,5.007583e-10,9.065147e-12,7.1308306e-11,1.2869348e-12,9.730519e-14,1.3016225e-11
420000,229,16,0,-1.2085393e-12,8.624277e-11,1.6127542e-16,1.16298805e-24,1.4850044e-15,2.0857747e-10
420000,252,18,0,-8.8956614e-13,2.657009e-11,2.910063e-13,1.0604451e-18,9.493749e-18,1.4671141e-11
420000,450,34,0,5.572919e-12,4.4754048e-11,2.6057271e-11,8.555221e-14,1.7826723e-11,1.3924292e-10
420000,58,239,0,1.8018036e-10,8.1347325e-11,4.4337813e-15,4.0385286e-23,2.4360781e-16,1.0846597e-10
420000,273,495,0,-9.591198e-13,7.0758836e-11,9.550717e-12,9.864993e-15,2.4984145e-10,8.0002026e-11
420000,38,3,0,-4.857159e-13,5.429954e-11,1.5923124e-11,1.9553239e-14,6.2132774e-14,1.5714315e-10
420000,19,497,0,-1.1618505e-12,1.1159069e-11,1.843831e-11,1.035293e-13,3.394755e-15,8.013973e-10
420000,467,457,0,-1.2640094e-13,1.00837214e-10,2.0119203e-11,4.6694843e-14,7.5818556e-13,1.5340755e-10
420000,234,75,0,5.3544617e-11,3.6852983e-13,6.598024e-11,2.6349255e-12,2.758459e-13,1.7333288e-11
420000,267,459,0,3.2550434e-12,3.9235063e-11,1.9082457e-12,2.3095195e-16,2.7895843e-09,1.9697152e-11
420000,49,312,0,3.2192315e-10,4.7265584e-11,8.623583e-15,2.7200974e-22,4.50969e-16,1.8081802e-11
420000,22,374,0,-3.714529e-13,5.0328765e-11,1.7156101e-13,2.3774523e-19,2.2793376e-16,8.096086e-11
420000,41,366,0,2.510818e-11,2.2373933e-13,1.9034113e-11,4.1710813e-14,7.7163823e-16,1.8270528e-10
420000,492,79,0,-6.091762e-13,2.5758125e-11,2.642696e-13,1.254194e-18,8.614619e-18,3.4421e-11
420000,54,12,0,-1.4041368e-12,3.5115078e-11,5.5588346e-11,4.667116e-13,1.4350107e-14,1.4051403e-10
420000,89,235,0,4.742923e-10,2.477738e-10,2.3097175e-16,7.531098e-24,5.632579e-11,1.96099e-11
420000,459,42,0,3.4190886e-12,9.221331e-11,1.4429159e-15,2.5248215e-24,2.0008635e-10,1.0023141e-10
420000,3,180,0,-2.836787e-13,8.4819625e-12,7.183752e-18,3.0464747e-28,2.297569e-21,9.375237e-11
420000,89,137,0,1.5965375e-10,2.3305174e-11,1.1265631e-10,1.6200088e-11,5.500128e-12,1.4550361e-10
420000,16,71,0,-8.518039e-13,4.1114872e-11,8.3984104e-11,1.6331936e-12,1.3248953e-13,1.2877216e-10
420000,16,44,0,-1.4026536e-12,8.38874e-11,9.2130425e-14,1.0881812e-19,3.2973854e-13,4.970794e-11
420000,67,9,0,-1.359304e-12,7.811633e-11,1.6615353e-11,2.2153103e-14,1.7819055e-10,1.3884108e-10
