mcsteps,xCOM,yCOM,zCOM,il8,il1,il6,il10,tnf,tgf
750000,58,260,0,3.2954866e-09,2.4164887e-11,1.3068399e-14,9.463471e-23,1.1370926e-18,7.239129e-11
750000,127,278,0,2.7160134e-09,5.1597927e-12,5.728567e-11,4.060088e-11,8.964413e-11,1.7906198e-13
750000,320,86,0,3.676987e-09,3.7006656e-12,1.33121265e-14,6.7226055e-22,2.6351796e-22,2.1021791e-10
750000,426,147,0,2.8731384e-09,5.5881758e-12,7.031784e-11,1.946265e-12,1.734811e-13,6.705805e-11
750000,389,77,0,2.7841498e-09,1.4329201e-11,1.2793938e-11,7.767088e-15,1.495484e-17,1.4726266e-10
750000,76,141,0,2.3442601e-09,1.5384942e-11,1.8668433e-14,4.768778e-22,1.0911037e-21,6.657758e-11
750000,126,316,0,3.2621055e-09,1.9850904e-11,5.517296e-20,5.8326296e-30,2.5757768e-15,5.3349603e-12
750000,438,319,0,3.210805e-09,3.0464464e-11,1.8304144e-17,1.5670784e-26,1.8833998e-15,1.08875305e-10
750000,395,187,0,2.7002718e-09,6.7240394e-11,6.193792e-14,5.969837e-20,2.8338917e-10,1.14808295e-10
750000,271,255,0,2.8730462e-09,1.0452295e-11,1.557e-42,0.0,2.176478e-20,1.36754e-12
750000,383,67,0,2.9791662e-09,1.929396e-11,5.639609e-12,8.072027e-16,1.0112993e-17,3.5511444e-10
750000,137,99,0,2.280997e-09,3.0902784e-11,1.3469025e-14,1.3021454e-22,1.5326101e-12,9.1584726e-11
750000,392,314,0,2.9970686e-09,1.3563905e-14,5.932238e-19,1.3507555e-33,0.0,3.2020858e-11
750000,73,326,0,2.6271842e-09,9.017682e-13,6.978388e-22,6.377556e-39,4.9531924e-30,1.4679341e-10
750000,209,54,0,2.4075264e-09,6.277025e-11,6.2475056e-12,5.0068416e-14,2.1861589e-11,1.1693092e-10
750000,323,205,0,2.6080467e-09,1.10664386e-11,1.7585978e-14,2.7111082e-22,3.661104e-18,5.7512405e-11
750000,94,376,0,2.6589055e-09,1.40770295e-11,1.5043453e-14,9.535187e-23,5.623934e-16,1.7595535e-10
750000,394,426,0,2.696201e-09,2.354947e-11,3.088642e-18,2.4455986e-31,2.4823655e-17,7.991884e-11
750000,203,425,0,3.8803694e-09,1.5384619e-11,6.7798818e-12,4.8358856e-15,8.15673e-18,3.1714492e-11
750000,261,127,0,2.737475e-09,7.9515205e-12,1.0434358e-13,9.102783e-19,5.268435e-17,5.9518064e-11
750000,404,107,0,3.4616754e-09,8.360381e-12,1.5728457e-13,1.1930997e-19,2.4523118e-16,5.962164e-11
750000,188,196,0,2.185443e-09,1.919154e-11,1.1802519e-15,2.213601e-25,4.209434e-18,6.102425e-11
750000,385,429,0,3.0683713e-09,3.6357445e-11,1.1249432e-12,1.1707044e-17,2.806283e-13,5.858601e-11
750000,233,290,0,2.1994722e-09,6.663925e-17,7.8645534e-27,0.0,0.0,2.4164424e-13
750000,201,360,0,2.789225e-09,2.169007e-12,1.2252604e-21,1.7596752e-38,3.1052774e-27,3.6257396e-11
750000,349,67,0,2.871599e-09,1.9479286e-11,3.4149714e-11,1.917171e-12,3.5712955e-13,9.089638e-11
750000,66,315,0,2.5559317e-09,4.266465e-11,1.6356361e-22,2.2258682e-37,1.8181096e-14,7.8921605e-11
750000,205,431,0,4.135083e-09,2.0311891e-11,1.2280733e-11,9.609847e-15,5.351648e-15,9.8788956e-11
750000,209,220,0,3.0100262e-09,7.293876e-12,9.325495e-15,1.4386739e-22,8.82026e-17,7.2314495e-11
750000,77,278,0,3.8323136e-09,3.49e-11,8.9518636e-18,5.460514e-30,1.5631154e-15,2.7550262e-10
750000,108,363,0,2.4271636e-09,1.4603601e-11,2.1737733e-11,2.1775511e-13,1.4693681e-12,1.7151677e-10
750000,91,389,0,2.7864666e-09,1.9196618e-11,1.5618975e-11,2.3093865e-14,2.0355447e-16,9.3517236e-11
750000,156,431,0,2.2420927e-09,1.8574265e-11,6.996119e-17,6.812394e-27,9.017897e-20,1.3648685e-10
750000,407,267,0,2.407522e-09,3.372549e-11,8.435232e-19,4.2084974e-31,1.8629801e-18,4.6243565e-11
750000,268,393,0,2.5103601e-09,2.8540228e-12,2.7108808e-14,2.0595935e-21,2.8617364e-27,9.174015e-11
750000,242,397,0,2.701051e-09,5.0263103e-11,2.6753385e-23,5.4e-42,3.4861626e-13,1.08329914e-10
750000,440,84,0,2.6168807e-09,2.135368e-11,1.2188351e-11,4.4763204e-14,5.367926e-14,2.4931351e-10
750000,446,77,0,2.5255544e-09,1.6109683e-11,7.38775e-12,3.8621276e-15,5.113376e-18,1.2071813e-10
750000,415,128,0,3.5096075e-09,1.9079627e-11,3.0464436e-13,2.8714386e-18,1.3434142e-17,1.8028239e-10
750000,389,155,0,2.7444187e-09,3.070483e-11,2.1135323e-11,2.9799026e-13,2.7949964e-11,7.541355e-11
750000,307,424,0,2.8451967e-09,3.0224514e-11,6.2886684e-17,2.2792096e-27,1.2029383e-17,4.704953e-11
750000,335,203,0,2.9974263e-09,9.0280275e-14,5.7673126e-13,3.5462503e-18,1.203988e-22,7.155151e-11
750000,59,186,0,2.6165508e-09,3.0757567e-11,2.1759584e-12,2.1587952e-16,1.5891943e-19,9.02849e-11
750000,53,272,0,2.6259899e-09,3.886914e-11,8.848434e-13,1.17938245e-17,9.348815e-16,1.08329304e-10
750000,309,73,0,2.5373803e-09,8.305836e-12,4.229141e-12,4.5054953e-15,2.4810215e-17,1.5503519e-10
750000,188,399,0,2.2797524e-09,6.271141e-12,1.820388e-12,6.1130077e-17,1.631124e-20,1.4783876e-10
750000,378,108,0,2.4774347e-09,2.5710469e-12,1.8825841e-13,1.2280365e-18,1.3634804e-22,4.3478714e-11
750000,377,253,0,3.0685439e-09,1.6459126e-11,6.982853e-18,8.230113e-31,8.797153e-14,2.6722543e-11
750000,168,209,0,2.4192806e-09,4.974528e-12,1.2690701e-36,0.0,3.386719e-24,2.8207148e-11
750000,66,90,0,2.532836e-09,4.3681312e-11,2.6081193e-13,9.310638e-19,3.246645e-10,2.281331e-10
750000,396,334,0,2.8814553e-09,3.528459e-11,9.6546476e-14,9.704711e-20,2.495574e-14,2.6866675e-12
750000,189,249,0,3.5609335e-09,1.9128438e-11,3.4171513e-29,0.0,1.3203524e-15,6.938341e-11
750000,279,428,0,2.2597708e-09,4.413915e-11,5.516648e-13,1.3200677e-18,2.1367565e-16,9.162929e-11
750000,346,344,0,2.673213e-09,9.559658e-12,1.0346017e-20,1.588654e-36,1.8795397e-21,9.6678785e-12
750000,432,130,0,2.660854e-09,2.3808459e-11,4.4321925e-18,1.9782432e-30,7.3088324e-19,3.0525313e-09
750000,442,274,0,2.219748e-09,7.018508e-12,2.7568598e-12,1.9410001e-16,6.1357466e-20,5.4148276e-11
750000,438,54,0,2.348468e-09,7.216717e-11,7.813351e-12,2.7639577e-15,2.1408068e-13,2.0322348e-10
750000,299,337,0,4.5677995e-09,1.8866905e-15,8.7785906e-23,6.75394e-40,1e-45,5.142094e-12
750000,341,111,0,3.9249457e-09,1.7372955e-12,2.0609037e-23,8.3e-42,3.1092148e-26,1.2857421e-11
750000,138,267,0,3.1350185e-09,3.0703378e-13,2.7551903e-18,7.029546e-32,4.7918264e-35,1.398558e-13
750000,200,246,0,4.1602553e-09,1.4609794e-11,1.8547267e-31,0.0,1.5349557e-13,1.628435e-11
750000,292,108,0,2.7626474e-09,6.9531303e-12,2.5686147e-14,9.292118e-21,1.9203749e-18,4.9077117e-11
750000,246,93,0,2.101364e-09,4.790001e-12,4.990051e-14,2.7692828e-21,8.29015e-21,1.6241615e-10
750000,296,339,0,4.2878447e-09,3.3273903e-16,2.3076365e-24,2.696e-42,0.0,1.5049464e-12
750000,194,71,0,2.607231e-09,2.0648672e-11,1.1419944e-12,2.7699476e-17,1.4256678e-14,8.396764e-11
750000,64,195,0,3.260941e-09,4.3670196e-11,2.3075427e-14,2.0624278e-21,1.762339e-15,1.08882584e-10
750000,52,71,0,2.1971378e-09,1.2449799e-11,4.269127e-11,3.3980826e-13,9.607173e-15,1.0999203e-10
750000,402,128,0,2.8041434e-09,8.048297e-12,2.7571912e-14,6.2561487e-21,2.5867698e-22,1.6292741e-10
750000,355,401,0,2.165656e-09,2.5721791e-11,2.5992786e-16,6.391488e-26,2.1006474e-19,6.432984e-11
750000,439,427,0,3.1166132e-09,4.0837726e-11,5.08156e-14,8.38915e-21,6.8999955e-16,1.2017876e-10
750000,442,258,0,2.5556035e-09,1.8523637e-11,8.2772705e-16,6.6246685e-25,1.6034351e-16,1.998395e-10
750000,389,397,0,2.2641797e-09,2.5273087e-11,3.2602414e-17,1.0807929e-27,1.13565e-17,1.4819934e-10
750000,244,242,0,2.2171949e-09,5.0616363e-17,1.9477951e-17,5.0498526e-27,1.9575783e-34,5.3440694e-13
750000,71,411,0,2.383359e-09,2.7094863e-11,7.994943e-12,1.787076e-14,1.1904292e-14,1.9537114e-10
750000,307,376,0,2.7205072e-09,6.5082627e-12,1.6047646e-14,3.2090554e-22,4.8707018e-23,1.7429804e-11
750000,305,254,0,2.4692437e-09,1.1865248e-12,0.0,0.0,3.2014496e-29,8.610874e-12
750000,245,440,0,2.472703e-09,2.9597887e-12,3.9362402e-12,6.92256e-16,3.1096506e-19,1.185615e-10
750000,112,181,0,2.2178905e-09,5.193908e-11,1.2937904e-23,9.4208e-41,4.783535e-13,9.21932e-12
750000,162,315,0,2.820216e-09,2.0217225e-11,3.0281057e-16,2.375172e-25,1.772747e-11,2.432112e-12
750000,354,278,0,3.1796474e-09,1.677089e-13,3.9926293e-16,4.9380676e-25,3.2283457e-32,1.9897056e-11
750000,383,172,0,3.3182264e-09,2.7571195e-11,7.2130534e-13,3.2941202e-18,1.06645175e-13,4.0602556e-11
750000,89,263,0,3.0697833e-09,5.3692197e-11,6.876553e-13,5.6585077e-18,2.525291e-11,1.3818162e-10
750000,444,99,0,2.220251e-09,6.786646e-11,8.6083e-14,1.551123e-20,3.7057676e-10,8.847975e-11
750000,89,276,0,3.6846823e-09,1.3732875e-11,1.2958781e-13,1.645436e-19,2.7980566e-14,7.136592e-12
750000,293,246,0,2.7493614e-09,2.1433237e-11,0.0,0.0,1.7128206e-12,4.3384445e-12
750000,207,334,0,2.7874472e-09,8.644432e-12,1.9705584e-20,6.884612e-36,1.3339621e-21,1.1181843e-12
750000,280,212,0,2.8247635e-09,9.128616e-12,0.0,0.0,3.026263e-17,8.914541e-12
750000,313,59,0,2.4123046e-09,1.9551555e-11,4.893613e-16,3.4704119e-25,2.2120117e-18,9.773294e-11
750000,238,137,0,2.5626405e-09,6.394518e-17,7.848288e-12,1.526601e-14,8.0681225e-17,4.8923665e-12
750000,285,176,0,2.370736e-09,4.635953e-12,6.4065724e-22,1.7206576e-38,7.7764323e-22,8.80583e-11
750000,132,197,0,2.7385272e-09,4.382693e-11,1.6249795e-29,0.0,1.7128263e-12,6.66299e-11
750000,230,143,0,2.6300697e-09,4.2240525e-16,4.5826943e-15,8.217043e-24,4.777436e-31,1.8541982e-11
750000,252,297,0,2.3433642e-09,2.534395e-12,1.9562037e-23,2.1184798e-38,8.776828e-28,7.3746356e-11
750000,337,257,0,5.0142663e-09,1.376311e-13,7.3471965e-24,5.0681e-41,5.8808315e-38,2.1429334e-11
750000,398,306,0,3.0307825e-09,1.7194138e-12,3.5931667e-27,0.0,2.3457557e-26,2.2083776e-11
750000,429,420,0,2.9217968e-09,2.8108333e-11,2.3669247e-13,9.962651e-20,1.6417883e-15,1.8652989e-10
750000,71,218,0,2.6671645e-09,6.7196936e-11,2.1727089e-13,6.218151e-19,1.3631448e-12,8.7911345e-11
750000,168,403,0,2.2122477e-09,2.5898676e-11,3.4429613e-20,1.2887357e-30,8.126004e-15,1.3455545e-11
750000,287,315,0,3.5201735e-09,7.303249e-12,5.462592e-25,7e-45,1.3682857e-17,8.92395e-11
750000,259,282,0,2.3941789e-09,6.0328115e-13,3.7489557e-24,2.3e-43,2.9872082e-30,1.348892e-16
750000,252,173,0,2.3018862e-09,7.5925915e-12,1.136247e-34,0.0,7.9188415e-18,1.5320686e-11
750000,238,428,0,3.044903e-09,1.9571776e-10,1.6547154e-17,2.1273703e-29,7.164151e-13,1.7443809e-10
750000,229,430,0,3.070415e-09,3.1885015e-11,1.2616875e-14,1.9425406e-22,9.41021e-14,1.0636934e-10
750000,255,271,0,2.351659e-09,7.2643913e-12,2.937565e-35,0.0,6.654922e-19,2.3156411e-15
750000,222,130,0,3.0184046e-09,7.2161296e-12,1.5603463e-21,5.2863783e-35,1.1210153e-21,2.2828232e-11
750000,289,209,0,2.6059925e-09,3.6057299e-12,2.1451e-41,0.0,3.982134e-23,4.1434158e-11
750000,86,240,0,2.5938451e-09,4.718072e-11,2.1498122e-13,1.00471425e-19,4.4119916e-13,3.6378248e-11
750000,223,352,0,3.1182674e-09,1.6197915e-11,1.8653657e-12,3.2938203e-17,9.932131e-18,4.9760265e-11
750000,210,268,0,2.4564808e-09,4.1596956e-12,8.549661e-38,0.0,4.7236883e-25,2.393017e-12
750000,345,144,0,2.3927724e-09,4.0326308e-11,9.646817e-23,5.175491e-39,2.1502883e-11,1.838859e-10
750000,415,172,0,2.4975588e-09,4.852777e-12,1.4678378e-16,1.1022835e-25,8.259476e-26,2.6579301e-11
750000,428,370,0,2.560752e-09,4.3698697e-11,1.8010016e-12,7.391324e-17,1.3420751e-12,1.891245e-11
750000,396,193,0,2.5782005e-09,5.1071893e-11,5.144733e-16,2.0943464e-26,7.251506e-15,9.874121e-11
750000,413,337,0,3.6371295e-09,3.499826e-11,8.4658203e-13,6.14244e-18,1.9110334e-12,2.495419e-11
750000,365,266,0,2.9389025e-09,5.2684674e-13,4.68052e-21,7.573279e-35,7.5771717e-28,1.2223113e-11
750000,335,335,0,3.3178014e-09,1.5420576e-11,2.8887506e-22,2.550742e-39,1.6160542e-14,1.6121363e-11
750000,330,184,0,2.5363864e-09,1.5325757e-12,1.2264911e-13,1.8101872e-18,7.870051e-22,6.144877e-11
750000,434,75,0,2.5112916e-09,3.3826806e-11,7.361804e-13,3.2953035e-18,8.933772e-14,1.4015349e-10
750000,403,150,0,3.0123242e-09,1.987506e-11,5.9720955e-18,1.6920848e-30,3.4432716e-17,5.83867e-11
750000,355,213,0,2.6356504e-09,9.93627e-14,5.888974e-14,6.800563e-21,6.8977466e-27,3.4351588e-11
750000,446,196,0,2.1522313e-09,3.2813523e-11,6.2970646e-13,2.3534248e-17,2.6846678e-18,1.982059e-10
750000,150,282,0,2.4465732e-09,2.629849e-11,7.795963e-23,3.842115e-39,2.4322204e-17,1.8326889e-11
750000,323,291,0,3.5437506e-09,1.6269684e-11,2.7662097e-21,5.5241325e-33,1.3685677e-13,2.4669435e-12
750000,63,445,0,2.1900768e-09,2.439081e-11,1.8948175e-11,1.5670152e-13,3.1176505e-15,1.5908376e-10
750000,369,298,0,2.3226638e-09,1.5876755e-11,3.915676e-15,4.3867963e-24,1.0874583e-17,7.7330586e-11
750000,223,266,0,2.266042e-09,5.7882605e-13,3.4e-44,0.0,9.503198e-32,5.7951324e-14
750000,444,434,0,2.9987828e-09,6.893028e-11,4.6178087e-12,9.350165e-16,2.907135e-10,3.0063885e-10
750000,402,404,0,2.6687808e-09,4.2159738e-11,7.0815986e-14,1.0801164e-19,3.267275e-10,5.4079432e-11
750000,387,86,0,2.6859197e-09,3.3695366e-11,4.8739385e-12,7.81659e-16,7.203817e-15,1.7416164e-10
750000,324,310,0,3.5852747e-09,1.5445563e-11,1.1689582e-12,3.540852e-17,3.1313441e-12,1.4289631e-11
750000,211,222,0,3.0569511e-09,6.4864134e-12,6.2922703e-13,4.7968613e-18,1.7769049e-17,4.5812503e-11
750000,181,222,0,3.5287244e-09,7.028264e-13,4.056998e-38,0.0,1.0728614e-34,9.941267e-13
750000,258,327,0,2.2392919e-09,9.680245e-12,1.1392486e-36,0.0,8.931007e-20,2.1308868e-11
750000,326,316,0,3.3139749e-09,8.8673235e-12,4.353205e-18,3.3363595e-28,1.1604341e-15,7.986814e-13
750000,236,433,0,3.1767766e-09,3.575691e-11,3.925231e-15,6.5140873e-21,3.8968096e-14,1.5691462e-10
750000,111,290,0,2.793126e-09,7.971439e-12,2.1062014e-19,1.8835402e-31,1.2107136e-15,3.5298806e-11
750000,313,431,0,3.164678e-09,8.9808314e-11,7.5711884e-14,1.1891589e-20,4.230321e-11,7.946003e-11
750000,299,294,0,2.823429e-09,2.5659884e-11,2.419946e-26,1.1e-44,7.096145e-15,4.4157646e-13
750000,123,315,0,3.2524226e-09,2.12503e-11,1.6836334e-16,1.18615374e-23,2.0026311e-12,4.3460405e-12
750000,193,333,0,3.331749e-09,1.197786e-12,1.8054271e-30,0.0,2.8883867e-29,3.5388106e-11
750000,152,89,0,2.3678552e-09,2.5203449e-11,3.2214496e-12,2.4171194e-16,4.060692e-12,4.6503787e-11
750000,198,176,0,2.5119227e-09,1.8052086e-11,2.1512236e-14,1.2955978e-21,5.1719223e-16,1.6518932e-11
750000,327,279,0,3.562158e-09,1.762078e-11,1.137982e-16,7.46129e-26,2.4247037e-12,7.9137147e-13
750000,64,142,0,2.2991093e-09,4.621304e-11,3.9168207e-11,5.597542e-12,1.7049447e-12,6.9024e-11
750000,315,110,0,3.0227232e-09,1.5493851e-11,4.189198e-25,1e-45,4.5019225e-17,9.5234126e-11
750000,350,366,0,2.4784228e-09,1.31392805e-11,4.9557353e-22,6.356926e-39,1.0882926e-17,6.417469e-11
750000,323,306,0,3.5133174e-09,1.1420422e-11,9.793615e-11,5.5095325e-12,1.3394538e-12,2.6480127e-11
750000,417,128,0,3.4840892e-09,1.3836167e-11,3.0465428e-13,2.8714386e-18,1.0561405e-20,2.203547e-10
750000,154,117,0,2.3344002e-09,6.2084513e-12,7.721424e-13,7.845886e-18,4.84509e-22,1.9767711e-10
750000,444,151,0,2.3910731e-09,2.2969699e-11,6.482236e-13,2.8261089e-18,8.852699e-17,8.53969e-11
750000,186,417,0,2.7820422e-09,9.437513e-12,2.2046139e-12,2.6881888e-16,1.983693e-18,2.1465901e-10
750000,192,245,0,4.334149e-09,1.5440758e-11,2.96801e-34,0.0,1.6228219e-13,5.1344467e-11
750000,73,66,0,2.5280502e-09,5.220578e-11,9.71456e-15,4.36911e-22,4.9999647e-14,2.2412681e-10
750000,215,351,0,2.906492e-09,4.9107593e-12,3.5917772e-11,1.0661063e-12,5.408576e-14,1.1684621e-10
750000,267,216,0,2.8279554e-09,7.5809714e-13,8.105222e-33,0.0,3.8016733e-28,1.9768271e-12
750000,114,90,0,2.7020768e-09,2.3699225e-11,2.7240907e-14,3.408636e-21,7.11846e-14,1.06660014e-10
750000,204,429,0,4.271562e-09,1.9573811e-11,1.6685396e-11,4.1498353e-14,3.9490322e-16,6.2353615e-11
750000,365,141,0,2.517251e-09,2.439999e-12,1.934145e-12,9.780879e-17,1.4223736e-20,2.0940905e-11
750000,128,63,0,3.274761e-09,5.1697993e-11,2.8403977e-11,2.0510748e-12,4.3005015e-13,1.2191531e-10
750000,403,144,0,2.9873852e-09,7.699569e-12,1.6647284e-16,1.3328485e-25,8.737436e-26,7.4649203e-11
750000,412,214,0,2.209207e-09,1.8953823e-11,6.1999743e-13,1.8894143e-18,1.1395407e-12,8.497725e-11
750000,309,193,0,2.3706843e-09,7.919983e-13,7.253034e-30,0.0,1.1664726e-30,1.9040627e-11
750000,275,220,0,2.852819e-09,1.8576093e-12,3.8708337e-38,0.0,4.319719e-28,3.1981683e-12
750000,263,196,0,2.638275e-09,5.9203068e-12,1e-45,0.0,4.563005e-23,7.497084e-11
750000,145,311,0,2.9120564e-09,4.1691667e-11,2.956147e-15,6.4085735e-23,6.3468965e-12,4.580966e-11
750000,392,111,0,3.024011e-09,1.2041212e-13,4.1061113e-12,8.161712e-16,3.8688527e-19,9.430403e-11
750000,243,62,0,2.0895718e-09,3.5624156e-12,4.891617e-16,2.896192e-26,7.48926e-25,8.5373306e-11
750000,296,390,0,2.6718896e-09,1.8149942e-11,3.230769e-17,1.1627848e-28,1.5068435e-17,3.6727142e-11
750000,220,335,0,2.8052487e-09,3.1157105e-11,4.4603544e-17,2.6562035e-27,2.1338358e-11,5.7715746e-12
750000,84,372,0,2.4719256e-09,6.398776e-12,8.201644e-15,5.118629e-23,3.554957e-24,1.1839457e-10
750000,76,60,0,2.4989004e-09,4.594029e-11,1.3702619e-12,1.1532474e-16,2.4297583e-13,2.1412791e-10
750000,375,312,0,2.3966802e-09,3.5898626e-12,1.2686274e-15,1.0158133e-24,2.165977e-22,6.386636e-11
750000,169,241,0,2.4100049e-09,2.3272982e-11,1.3830364e-28,0.0,1.4687262e-11,2.3428105e-11
750000,395,101,0,3.1995193e-09,1.1346606e-11,7.131851e-14,4.2288377e-21,7.9385964e-20,8.6625894e-11
750000,369,385,0,2.5803166e-09,4.0696172e-11,1.9267704e-13,7.9188383e-19,1.2910842e-13,7.783729e-11
750000,287,324,0,4.340213e-09,4.9985278e-14,2.9804263e-32,0.0,2.1055827e-34,2.512196e-11
750000,295,316,0,3.6173982e-09,8.3007326e-13,2.7760404e-31,0.0,1.3274396e-30,6.65161e-11
750000,286,268,0,2.6631808e-09,3.7296107e-16,1.922726e-33,0.0,0.0,6.068445e-15
750000,342,261,0,3.741197e-09,3.8423175e-12,3.0259362e-20,4.886106e-33,8.383013e-23,1.7974711e-12
750000,114,391,0,2.7618678e-09,2.4547806e-11,9.6179575e-12,1.1527785e-14,2.1322999e-11,1.2152908e-10
750000,266,179,0,2.5327704e-09,1.2815853e-11,6.70954e-39,0.0,1.05005874e-19,7.871719e-12
750000,197,326,0,3.4291048e-09,4.408591e-12,7.392379e-30,0.0,7.919094e-23,3.3815802e-12
750000,226,321,0,2.7091445e-09,1.3724813e-12,7.9250386e-19,5.7997316e-31,2.53156e-29,4.284758e-11
750000,321,116,0,2.8480738e-09,7.578228e-12,2.733742e-26,0.0,6.4635586e-21,4.947961e-11
750000,436,369,0,2.7105e-09,7.806037e-11,3.395331e-13,1.5344991e-18,9.054006e-15,1.1922814e-10
750000,184,328,0,3.0004446e-09,1.3287532e-13,4.989063e-22,1.4254873e-38,4.953625e-34,2.0019815e-13
750000,100,332,0,2.4556095e-09,4.2192205e-12,6.388873e-14,5.6959802e-21,3.6442254e-22,9.56893e-11
750000,195,318,0,2.881665e-09,8.594799e-14,4.8026605e-24,1.8204e-41,7.635025e-39,5.397353e-12
750000,310,292,0,3.1943739e-09,5.2051874e-12,1.3302899e-25,9.81e-43,1.326105e-21,1.9664836e-11
750000,155,446,0,2.2921587e-09,8.6295075e-11,1.0045852e-13,2.6312257e-20,5.044635e-11,1.377568e-10
750000,354,113,0,2.9280591e-09,2.9119377e-11,8.829188e-31,0.0,2.707717e-10,1.0059721e-11
750000,319,287,0,3.5610102e-09,3.2783153e-12,5.7201227e-24,7.75606e-40,4.0831201e-25,4.059693e-11
750000,280,119,0,2.460963e-09,4.6812367e-12,4.5858374e-24,5.5e-44,7.3278836e-26,6.973821e-11
750000,389,139,0,2.5887692e-09,2.6205864e-11,3.4434725e-12,1.3830996e-15,6.167942e-15,8.8118755e-11
750000,230,204,0,2.1531843e-09,1.031205e-12,2.74415e-26,0.0,3.1864434e-28,1.3031365e-11
750000,136,74,0,3.1421117e-09,3.716383e-11,5.5731075e-14,1.8879658e-21,1.4135287e-14,2.9529132e-10
750000,383,52,0,2.5065345e-09,4.775687e-11,1.5737961e-11,1.1759648e-13,1.170043e-13,7.718299e-11
750000,331,234,0,3.9368158e-09,3.655832e-11,4.1802173e-24,1.68893e-40,3.5774886e-12,4.8838825e-11
750000,366,365,0,2.3930387e-09,1.3392499e-11,4.088516e-16,7.539501e-27,2.4741526e-18,1.9111207e-11
750000,390,344,0,3.1236893e-09,3.6317394e-11,3.278822e-11,5.5119895e-13,5.389383e-14,6.407655e-11
750000,118,326,0,2.6198912e-09,1.2731793e-11,4.1412176e-14,2.3644187e-20,4.842101e-16,6.3816806e-11
750000,331,445,0,2.1409523e-09,5.021249e-11,1.9707468e-11,3.9328783e-14,4.5733935e-16,1.5463936e-10
750000,112,414,0,2.4119815e-09,4.3295006e-11,5.3837994e-13,1.9080677e-18,1.0533236e-12,1.8430504e-10
750000,337,254,0,4.2829766e-09,2.7389512e-14,3.5277404e-25,1e-45,4.204408e-37,3.2334888e-11
750000,225,357,0,2.8951133e-09,1.5488525e-11,3.5127613e-11,1.1386273e-12,6.0806144e-14,4.5917943e-11
750000,292,102,0,2.8381135e-09,1.0243927e-11,2.7507083e-11,1.2070554e-13,3.572709e-15,2.72244e-11
750000,355,76,0,2.7805713e-09,2.6637494e-11,5.0492603e-11,1.0848572e-12,1.2070675e-13,7.536125e-11
750000,54,431,0,2.3046376e-09,4.085199e-11,8.981107e-14,1.0555442e-20,1.3170844e-14,2.314528e-10
750000,55,89,0,2.5218332e-09,4.021713e-11,1.6347946e-13,7.038931e-19,6.1613156e-18,2.3532884e-10
750000,208,367,0,2.6974587e-09,1.4727863e-11,9.156524e-22,1.251977e-38,8.476126e-15,3.63237e-11
750000,107,96,0,2.6571214e-09,1.4526406e-11,6.545275e-13,2.1220431e-18,1.0673406e-17,2.9551878e-10
750000,439,376,0,2.5391818e-09,3.020243e-11,9.132569e-13,1.2998273e-17,2.4911437e-11,1.8747502e-10
750000,193,55,0,2.3401063e-09,4.81366e-11,2.0520771e-17,5.8449476e-29,5.152547e-13,6.57466e-11
750000,250,216,0,2.3663198e-09,1.4378126e-11,7.463761e-20,2.370855e-33,4.7400077e-11,8.2753665e-11
750000,335,273,0,3.0328364e-09,3.8591773e-12,6.330089e-14,4.644137e-21,6.2582915e-24,5.3141373e-11
750000,316,298,0,3.3784229e-09,3.615709e-12,1.7251887e-16,3.424301e-25,5.554874e-25,7.853954e-12
750000,331,365,0,2.8812293e-09,1.7193117e-11,2.2335055e-22,3.5685408e-38,9.4102094e-14,1.7339108e-11
750000,57,220,0,2.7817901e-09,1.3171164e-10,8.064208e-12,1.8789615e-14,1.6264443e-11,1.3988985e-10
750000,181,414,0,2.7215539e-09,1.8900343e-11,2.551382e-12,1.3261878e-16,8.117196e-18,7.5097515e-12
750000,161,126,0,2.4216193e-09,2.228659e-11,2.728472e-17,5.9304517e-29,4.0713856e-12,1.305708e-10
750000,203,419,0,3.1847096e-09,1.0059803e-11,1.2214113e-13,1.4268806e-20,3.5222825e-21,5.5591365e-11
750000,357,181,0,2.5114717e-09,1.0935704e-11,1.2330822e-28,0.0,1.8927305e-18,2.963619e-12
750000,362,201,0,2.7453189e-09,1.2759499e-11,2.8534201e-21,3.5256694e-36,9.227372e-15,1.9562045e-11
750000,207,141,0,2.2308104e-09,6.3595266e-13,2.5116063e-20,2.7299375e-35,7.307198e-30,9.356363e-12
750000,112,271,0,2.7948668e-09,3.8080937e-13,1.1704001e-18,2.567666e-32,6.963306e-35,3.51122e-13
750000,406,408,0,2.6556621e-09,4.8614616e-11,6.3947946e-13,2.5483681e-18,1.946012e-14,5.250337e-11
750000,72,250,0,2.713498e-09,2.3952961e-11,7.686365e-11,6.7066712e-12,1.233713e-12,1.8606554e-10
750000,148,262,0,2.7788865e-09,1.1247874e-11,3.5694477e-25,7e-45,1.23118895e-20,1.5447367e-11
750000,118,124,0,2.3991233e-09,1.0332681e-12,1.0058349e-18,7.8901216e-33,4.4566504e-30,8.4716574e-11
750000,142,199,0,2.8882976e-09,3.0589715e-11,8.4437686e-29,0.0,1.9319256e-13,4.7717386e-11
750000,172,134,0,2.2898292e-09,4.423674e-11,1.3702618e-12,1.1532474e-16,2.4911804e-11,2.6712322e-12
750000,444,440,0,2.6986622e-09,6.661064e-11,1.2133829e-11,3.462527e-14,2.0968328e-15,2.9992192e-10
750000,103,244,0,2.9513991e-09,1.2507878e-11,1.817168e-20,1.3578984e-35,9.558848e-17,3.3200026e-11
750000,127,379,0,2.4942146e-09,2.6357985e-11,2.4898868e-13,1.5154028e-19,4.406258e-17,5.864586e-11
750000,195,246,0,4.6561657e-09,1.2312491e-11,3.8016368e-35,0.0,4.1375667e-19,2.4114434e-11
750000,60,203,0,2.7768192e-09,5.327468e-11,5.1839365e-13,1.392225e-18,2.2804884e-15,1.0560795e-10
750000,218,436,0,3.038044e-09,5.4348644e-11,1.4045742e-12,2.7106841e-17,9.237709e-13,1.8156386e-10
750000,291,129,0,2.7566631e-09,1.5926219e-11,5.0707282e-14,3.485257e-20,4.6673348e-18,4.8199354e-11
750000,342,417,0,2.1833306e-09,1.3159073e-11,5.0642997e-11,1.9515155e-11,1.4667585e-11,8.37131e-11
750000,268,359,0,2.380518e-09,5.6566292e-12,2.1949932e-14,7.459858e-21,8.806054e-19,8.6744015e-12
750000,91,250,0,3.1197311e-09,3.5434728e-11,6.6139525e-13,1.7701223e-17,2.9204165e-15,5.148076e-11
750000,404,352,0,2.938375e-09,1.9874605e-11,2.7780131e-14,4.937162e-21,1.3093194e-15,8.5959906e-11
750000,296,281,0,2.6039404e-09,2.2796613e-12,5.6013626e-30,0.0,6.435826e-26,1.2940422e-14
750000,310,434,0,3.2223069e-09,8.1187154e-11,5.521679e-14,1.964103e-20,1.362948e-12,5.8142297e-11
750000,416,352,0,2.7038605e-09,5.258468e-12,4.8692498e-11,4.556253e-12,7.748317e-13,7.505951e-11
750000,413,427,0,2.3170272e-09,5.4655218e-11,1.9149974e-20,7.630066e-37,8.8744457e-16,1.0648396e-10
750000,75,333,0,2.4972149e-09,3.97238e-15,1.0571519e-24,7e-45,0.0,8.782919e-11
750000,256,231,0,2.4322573e-09,1.3093571e-12,3.2167875e-18,1.5976332e-28,8.295205e-27,2.4543863e-11
750000,145,354,0,2.2866686e-09,1.4269443e-11,1.078103e-13,1.8494767e-20,8.476126e-15,5.038367e-11
750000,223,161,0,2.8246614e-09,8.2492953e-13,4.8867414e-15,3.002603e-22,6.6594835e-28,3.4499031e-12
750000,382,283,0,2.9049056e-09,3.5804384e-11,1.1469435e-18,3.1649607e-31,3.210725e-17,4.97321e-13
750000,366,124,0,2.5000673e-09,1.2741661e-11,1.3292956e-22,2.1350672e-38,9.7712836e-18,1.1617681e-10
750000,373,262,0,3.027229e-09,7.602028e-12,4.0752756e-16,7.6551796e-26,8.761795e-19,4.170688e-11
750000,440,176,0,2.5783398e-09,9.127882e-12,4.5107555e-12,1.379892e-15,1.2343092e-18,5.065853e-11
750000,298,201,0,2.4365923e-09,7.1232964e-14,8.2551926e-35,0.0,5.030404e-34,3.50799e-11
750000,394,171,0,2.7673732e-09,2.0606449e-11,3.5342484e-12,1.2886214e-15,2.2681245e-18,6.371338e-11
750000,242,390,0,2.5803168e-09,4.49937e-11,1.2102167e-18,1.9968857e-32,6.336242e-17,9.07682e-11
750000,95,408,0,2.6161031e-09,2.9694226e-11,8.769679e-12,4.0551492e-14,7.2360907e-14,3.0603328e-10
750000,350,259,0,3.1221115e-09,9.745998e-13,2.5082115e-21,7.372919e-37,2.4716326e-29,1.423316e-11
750000,414,307,0,3.6487815e-09,1.2644086e-11,2.9318504e-17,7.9017925e-28,3.6209773e-15,9.571381e-11
750000,304,336,0,3.645473e-09,8.7969325e-14,1.2103181e-19,6.6347248e-34,6.7452867e-37,3.435936e-12
750000,422,329,0,3.4100183e-09,2.2412041e-11,1.2621997e-15,2.529716e-24,7.7648495e-16,7.8393424e-11
750000,211,434,0,3.4811665e-09,3.0250524e-11,1.0123947e-11,1.1378087e-14,4.3341784e-16,1.935882e-10
750000,302,89,0,2.8178575e-09,2.4830915e-11,8.025146e-21,2.9874124e-35,2.235135e-11,7.127454e-11
750000,97,161,0,2.1411395e-09,3.7050706e-11,8.438489e-15,1.9499561e-23,1.0050919e-13,8.2446064e-11
750000,275,175,0,2.5674647e-09,1.6820378e-11,1.3316652e-28,0.0,1.7744698e-15,9.095253e-11
750000,285,302,0,3.0340506e-09,4.7547313e-12,4.4294754e-16,1.1935268e-25,2.5153567e-21,3.505525e-11
750000,58,284,0,2.4547249e-09,7.627442e-11,4.4247793e-17,3.8131857e-29,3.2861042e-10,9.1985725e-11
750000,151,54,0,2.1819802e-09,2.4458985e-11,5.5276547e-12,1.0746941e-15,2.8550774e-17,1.479732e-10
750000,355,192,0,2.6167641e-09,1.1453092e-11,4.1468482e-22,1.885162e-33,1.0668861e-17,5.2722673e-11
750000,419,109,0,2.5223297e-09,8.553361e-12,2.0118138e-11,1.7460126e-13,3.724916e-15,3.6318195e-11
750000,218,421,0,2.8058778e-09,2.5794885e-11,7.791022e-12,1.2151974e-14,4.307635e-15,2.2450884e-10
750000,267,256,0,2.835553e-09,1.71153e-11,1.642e-42,0.0,1.1689396e-16,1.6420045e-13
750000,356,276,0,3.2345497e-09,1.5183346e-13,7.393825e-18,2.6570906e-29,7.13324e-38,1.586645e-11
750000,278,382,0,2.3996585e-09,1.2899565e-11,8.763713e-18,1.0679541e-30,1.6192233e-18,9.898787e-11
750000,79,275,0,4.1424926e-09,3.0189625e-11,3.5155e-17,2.7368225e-27,5.2940504e-14,9.4589975e-11
750000,251,402,0,2.5818407e-09,3.845346e-11,1.6759112e-20,7.780102e-34,7.683889e-15,9.67747e-11
750000,244,309,0,2.3074513e-09,5.1840185e-11,7.6379924e-27,6.9e-44,4.47241e-14,1.2435353e-13
750000,353,63,0,2.7821583e-09,1.2200263e-11,1.602887e-11,1.3867417e-13,2.5837914e-15,1.639153e-10
750000,160,296,0,2.4338926e-09,1.942284e-11,4.5195505e-22,6.51053e-38,1.8239313e-11,2.64867e-12
750000,401,116,0,3.1128626e-09,3.5457236e-12,4.8951777e-11,3.6696556e-11,9.234944e-11,2.4061324e-11
750000,178,102,0,2.6583507e-09,2.4851067e-14,2.3867392e-15,7.701991e-24,2.8437892e-30,3.8695616e-11
750000,435,255,0,2.5199574e-09,1.5961255e-11,3.9848285e-12,3.4795963e-15,1.7520307e-17,2.018593e-10
750000,118,286,0,2.9029548e-09,4.501821e-12,6.2487204e-15,9.0384756e-24,1.0956262e-21,2.0640859e-11
750000,296,336,0,4.694566e-09,2.0693015e-16,1.2809675e-25,1e-45,0.0,7.788434e-12
750000,236,171,0,2.3369773e-09,2.7854102e-15,1.4195976e-27,0.0,0.0,1.9241544e-11
750000,100,257,0,3.381806e-09,2.6726238e-11,3.9964373e-19,3.4394057e-32,1.9262266e-14,4.4127917e-12
750000,123,431,0,2.2035904e-09,1.4453862e-11,1.5288442e-11,6.3295974e-14,7.875232e-16,3.9557156e-11
750000,99,253,0,3.5061056e-09,1.977405e-11,1.2156027e-17,2.84696e-29,6.612442e-18,5.284123e-12
750000,141,447,0,2.2383873e-09,7.817514e-11,6.608754e-11,5.2379906e-12,1.1054548e-12,1.5508206e-10
750000,77,210,0,2.8624123e-09,5.0131316e-11,2.4292064e-12,2.7160225e-16,3.1332498e-16,8.5300995e-11
750000,325,257,0,2.866038e-09,6.6433066e-12,2.1457678e-29,0.0,8.1912374e-20,4.169029e-12
750000,378,59,0,2.825868e-09,1.856847e-11,9.314964e-15,4.0941487e-23,4.0183958e-16,1.2479262e-10
750000,265,128,0,2.7697922e-09,2.228912e-11,1.0448384e-17,2.7581378e-26,4.0602703e-12,1.0654067e-10
750000,445,242,0,2.234079e-09,1.9515611e-11,1.2070251e-12,1.4576024e-17,3.0999348e-18,4.612314e-11
750000,434,420,0,3.1079193e-09,1.3066944e-11,5.9462053e-12,1.5706295e-15,3.3419764e-18,1.8805012e-10
750000,397,284,0,2.7543026e-09,3.141183e-11,1.4622838e-14,3.2507942e-21,3.830329e-11,7.148822e-11
750000,72,125,0,2.242962e-09,3.6241028e-11,4.0227736e-16,5.448085e-25,1.895198e-15,3.4978873e-10
750000,163,193,0,2.3156252e-09,3.511632e-11,5.8915154e-32,0.0,1.5055387e-13,3.03132e-11
750000,336,341,0,3.1188443e-09,1.6505035e-11,1.5403328e-20,2.3127165e-34,1.0914446e-17,2.0409263e-10
750000,343,297,0,2.3452258e-09,3.8609164e-12,7.2944364e-19,1.2323809e-30,6.650132e-25,3.7127067e-13
750000,419,155,0,2.865025e-09,1.0043249e-11,1.5850978e-14,2.1731338e-22,2.4237775e-17,2.5499646e-11
750000,135,211,0,2.6937073e-09,3.1608455e-11,2.993397e-18,3.6421707e-29,6.1872335e-14,7.19045e-11
750000,438,338,0,2.7484033e-09,1.2956332e-11,9.042491e-18,2.239916e-27,8.835477e-20,8.4926594e-11
750000,181,220,0,3.4826302e-09,9.598459e-13,8.761087e-37,0.0,2.0063422e-31,9.5052e-13
750000,147,303,0,2.7217026e-09,5.8422065e-12,9.481931e-21,3.570661e-34,1.3865074e-21,3.7514224e-11
750000,275,325,0,2.699955e-09,2.423852e-15,9.107544e-29,0.0,0.0,2.215263e-11
750000,309,313,0,2.8861675e-09,2.0987638e-14,5.242988e-21,6.360774e-34,2.636896e-39,7.52956e-12
750000,370,74,0,3.0399827e-09,1.0461812e-11,6.2582833e-13,9.934166e-18,1.9866932e-21,1.607084e-10
750000,73,291,0,2.7164546e-09,2.1425896e-11,4.5963305e-20,1.2471749e-34,6.630192e-16,3.1075413e-11
750000,376,146,0,2.5604112e-09,7.054909e-12,5.5768384e-13,1.1375141e-17,1.6528419e-21,6.7908346e-11
750000,136,179,0,2.8125913e-09,2.6994513e-11,1.1644844e-31,0.0,5.1700387e-16,9.3406054e-11
750000,411,339,0,3.7004022e-09,2.5743161e-11,3.6688198e-13,1.3755193e-18,1.5127942e-14,2.9353145e-11
750000,287,442,0,2.3610134e-09,3.2072872e-11,1.2632054e-11,2.0606968e-14,1.7600271e-16,8.808124e-11
750000,85,416,0,3.0836018e-09,1.9823452e-11,1.8261685e-14,1.3662463e-22,3.2120525e-17,9.808288e-11
750000,219,315,0,2.5148714e-09,3.4059575e-11,3.880907e-13,6.6798855e-18,3.431131e-14,1.0233257e-12
750000,136,369,0,2.8675065e-09,5.0257975e-13,7.0257904e-11,2.3128274e-12,1.2592322e-13,8.0622314e-11
750000,434,138,0,2.7644436e-09,3.141485e-11,4.2296802e-17,1.6858973e-26,2.5688634e-11,8.596362e-11
750000,113,237,0,2.749684e-09,2.7775879e-11,1.7825605e-17,4.2481412e-23,5.006788e-16,8.721335e-12
750000,428,53,0,2.3517208e-09,6.24587e-11,1.33794165e-11,9.632105e-15,2.961985e-10,1.7448668e-10
750000,189,112,0,2.258095e-09,1.3781382e-12,2.636478e-16,2.7590026e-25,7.84145e-30,7.100255e-11
750000,73,165,0,2.1901503e-09,2.877036e-11,5.3781367e-12,1.0796493e-15,2.54685e-15,1.15533284e-10
750000,124,246,0,2.6205624e-09,2.8473007e-11,4.6041815e-22,6.94004e-40,2.8064104e-13,3.3715645e-11
750000,235,342,0,2.5696887e-09,1.6578176e-11,6.519548e-14,1.15035135e-20,5.075516e-14,6.9520912e-12
750000,142,319,0,2.760981e-09,8.8156755e-13,4.3413233e-12,7.2477094e-16,3.0996202e-19,8.1871336e-11
750000,264,203,0,2.7566e-09,2.6413333e-12,3.13979e-40,0.0,2.9420846e-22,4.504941e-11
750000,255,352,0,2.2487605e-09,2.6902246e-11,3.025052e-23,1.6957e-41,4.7494276e-16,6.295711e-11
750000,432,157,0,2.6871578e-09,3.2338073e-11,4.9065033e-11,1.5602008e-12,1.246979e-12,7.662141e-11
750000,203,241,0,3.515498e-09,3.266668e-12,2.0204737e-25,4e-45,1.6155408e-22,3.967374e-12
750000,204,289,0,2.5844076e-09,9.862607e-12,1.1584326e-29,0.0,3.4689637e-21,7.2508193e-12
750000,108,392,0,2.7826346e-09,2.298794e-11,1.2867214e-11,4.695627e-14,3.022556e-16,1.016001e-10
750000,420,316,0,4.191603e-09,2.219518e-11,8.6416175e-16,2.1773643e-23,2.720533e-19,1.7956542e-10
750000,327,191,0,2.7325946e-09,2.6159242e-13,9.794902e-21,4.8892465e-33,1.3960785e-34,4.703918e-11
750000,178,293,0,2.4031195e-09,2.1130582e-11,7.0811365e-14,1.0801164e-19,2.6577515e-17,2.5150293e-11
750000,340,111,0,3.909532e-09,1.4811509e-12,7.049611e-23,1.37131e-40,1.59407e-27,1.510802e-11
750000,154,75,0,2.4035214e-09,3.1528266e-11,1.2758272e-12,1.6693785e-17,5.039896e-11,1.5484757e-10
750000,380,166,0,3.1271792e-09,2.8557814e-11,1.2327336e-12,4.704555e-17,1.03039745e-16,1.2287034e-10
750000,368,251,0,3.315806e-09,5.8033704e-12,6.644462e-19,7.3527634e-33,7.5195206e-22,5.081827e-11
750000,257,424,0,2.2778415e-09,6.07696e-11,3.0994223e-17,5.793582e-29,2.471416e-13,1.6352025e-10
750000,310,390,0,2.7516582e-09,4.074496e-11,1.5679041e-11,1.2798146e-13,8.721254e-14,4.9403714e-11
750000,88,281,0,3.529354e-09,3.6614804e-12,8.049751e-12,6.4908143e-15,1.0279355e-17,4.541485e-11
750000,345,97,0,2.8703122e-09,1.8459819e-11,1.2366314e-17,7.1494877e-28,6.480195e-14,1.2836283e-10
750000,145,207,0,2.736361e-09,9.805152e-12,1.0660974e-23,5.84e-43,3.2622572e-18,2.7365943e-11
750000,336,378,0,2.527662e-09,2.7099274e-11,3.6451875e-13,4.5449635e-19,1.2820478e-12,5.6998326e-11
750000,336,130,0,2.4513884e-09,1.0062116e-11,1.168296e-35,0.0,4.3294456e-21,4.5318523e-11
750000,378,174,0,3.1454974e-09,2.390813e-11,2.8738568e-14,1.0851466e-21,6.0585104e-13,3.5838204e-11
750000,290,251,0,2.8514324e-09,6.409606e-12,0.0,0.0,3.8700154e-21,1.5129701e-11
750000,325,92,0,3.893562e-09,6.6614623e-13,6.8234125e-12,7.154188e-15,2.7894817e-17,1.4750708e-10
750000,363,209,0,2.725939e-09,5.0789078e-12,4.0752756e-16,7.6551796e-26,1.1376186e-22,7.0762737e-13
750000,56,262,0,3.2691465e-09,3.0527348e-11,3.43709e-15,1.5024129e-23,6.3423e-19,6.192941e-11
750000,211,173,0,2.5792894e-09,2.041257e-11,3.3690793e-22,6.26778e-40,1.9541743e-15,3.6980134e-11
750000,296,329,0,4.4129442e-09,2.5224694e-16,1.2709845e-29,0.0,4e-45,8.703354e-11
750000,123,224,0,3.1424263e-09,3.0329295e-11,1.4056119e-15,1.2248694e-24,4.3987327e-18,2.4364065e-11
750000,84,390,0,2.6597304e-09,3.1863095e-11,3.2087514e-12,1.3468079e-16,1.7141133e-13,1.4524437e-10
750000,165,174,0,2.196312e-09,9.383412e-12,2.53862e-32,0.0,2.8030138e-21,1.12139895e-10
750000,272,234,0,2.4618803e-09,2.7741685e-12,1.6081251e-33,0.0,1.8949604e-24,5.21735e-11
750000,104,340,0,2.4549016e-09,9.531855e-12,2.2662568e-16,2.7717078e-26,1.1212256e-21,6.471405e-11
750000,179,347,0,2.3841722e-09,1.5858164e-12,1.439762e-16,6.862193e-27,2.8883888e-29,1.1957399e-11
750000,156,239,0,2.2933266e-09,3.706914e-12,3.6064342e-24,4.2e-44,4.490577e-23,4.9333256e-11
750000,183,284,0,2.4189533e-09,1.5524037e-12,2.3485184e-20,1.6813902e-34,2.3899196e-27,1.2423917e-11
750000,373,349,0,2.3539166e-09,1.37882e-11,2.2158661e-13,2.0822041e-19,2.8153183e-20,2.266726e-11
750000,415,313,0,3.9074703e-09,5.9739553e-12,3.4299638e-18,1.493923e-31,2.9955444e-23,7.0828905e-11
750000,152,340,0,2.2780322e-09,1.905921e-11,1.0379835e-11,1.26110475e-14,1.0115032e-12,1.3831608e-11
750000,330,329,0,3.3398035e-09,2.8872937e-12,1.1345958e-22,8.06435e-40,8.6316825e-25,2.7292662e-12
750000,321,107,0,3.2523069e-09,8.3151515e-12,1.513914e-19,9.244996e-34,1.2107136e-15,8.3594555e-11
750000,297,382,0,2.7685925e-09,1.2724008e-11,2.1145608e-15,6.1200056e-25,2.439595e-21,7.668175e-11
750000,174,224,0,2.9208966e-09,8.226512e-12,7.523572e-37,0.0,1.0194816e-21,4.780917e-12
750000,290,325,0,4.8176974e-09,1.8578063e-14,6.206542e-35,0.0,1.42834e-39,1.72112e-11
750000,191,351,0,2.571026e-09,9.210412e-13,1.2110228e-24,5.291e-42,1.1631163e-29,5.671953e-11
750000,103,226,0,2.6983766e-09,3.61122e-11,5.52303e-20,1.1322216e-33,5.12076e-18,5.4942648e-11
750000,85,209,0,2.6190867e-09,5.462574e-11,1.8473927e-14,4.492714e-22,1.1083761e-13,1.4550058e-10
750000,132,332,0,2.4491404e-09,1.38473755e-11,7.5681174e-19,1.07577246e-32,4.769268e-19,1.6112625e-11
750000,197,243,0,4.4808997e-09,7.921607e-12,2.1460342e-31,0.0,3.043472e-21,3.846085e-11
750000,187,70,0,2.5620916e-09,5.896469e-12,1.0590331e-11,6.8161038e-15,3.993392e-17,1.0020248e-10
750000,54,316,0,2.3030098e-09,1.9216394e-11,4.8679698e-17,2.9297487e-28,1.0858197e-20,7.975673e-11
750000,384,248,0,2.5730358e-09,1.1381911e-11,5.301151e-19,3.163677e-31,1.0933999e-19,3.2026867e-11
750000,388,319,0,2.841697e-09,5.666599e-14,9.2812864e-15,2.4879516e-23,7.805116e-31,5.580986e-11
750000,138,150,0,2.8360985e-09,3.3698504e-12,1.8589367e-13,2.1416562e-18,5.239531e-22,2.7410402e-11
750000,94,432,0,2.2763909e-09,3.6550263e-11,4.2642153e-14,1.2511935e-19,3.21621e-13,1.1535385e-10
750000,336,257,0,4.9430735e-09,1.2881649e-13,4.0132845e-24,7.002e-42,1.6219087e-38,2.8923778e-11
750000,68,192,0,3.224741e-09,3.5322977e-11,6.653449e-15,8.512435e-23,7.118463e-14,1.6029779e-10
750000,299,147,0,2.2079116e-09,6.6093554e-12,1.503321e-14,8.656754e-23,1.7070309e-18,5.6837972e-11
750000,55,225,0,2.6690699e-09,1.1480104e-10,1.6113935e-12,2.6432227e-16,2.3574116e-09,1.8471381e-10
750000,137,373,0,2.8810918e-09,1.5389099e-13,2.3119723e-11,2.1778708e-13,3.6935515e-15,6.5075854e-11
750000,324,416,0,2.3546696e-09,4.3772104e-11,1.604339e-12,2.6432073e-16,4.3106377e-13,6.437905e-11
750000,191,327,0,3.5995884e-09,1.0970049e-13,7.460509e-26,0.0,1.5413903e-33,8.2656543e-13
750000,327,87,0,3.9739905e-09,4.174489e-12,1.198227e-12,2.2431042e-17,2.2517215e-21,1.0046352e-10
750000,271,73,0,2.1478037e-09,2.4957406e-11,2.5129305e-13,1.8674006e-18,2.2178598e-13,5.875145e-11
750000,325,60,0,2.5524143e-09,3.98057e-13,4.093026e-17,8.277393e-28,4.7957607e-35,1.6854115e-10
750000,87,183,0,2.3384812e-09,6.8883045e-11,8.627893e-12,3.332043e-14,3.9224145e-12,3.6037128e-11
750000,61,100,0,2.7337659e-09,4.6348467e-11,2.3544665e-14,3.6253836e-21,1.7776086e-13,1.2095874e-10
750000,78,193,0,2.764853e-09,7.930698e-11,5.451524e-15,6.0284946e-23,3.838907e-11,2.033278e-10
750000,198,370,0,2.5696827e-09,1.3087344e-11,3.3724974e-28,0.0,1.4946393e-17,1.7272598e-11
750000,365,248,0,3.083694e-09,1.4143762e-11,9.860152e-16,1.4398178e-25,1.5349557e-13,2.4687936e-11
750000,362,87,0,2.7060372e-09,1.3890118e-11,2.6257956e-13,1.9614986e-19,2.1281519e-19,1.5171842e-10
750000,215,62,0,2.3536872e-09,5.128217e-11,3.1415912e-16,1.3551637e-26,5.272908e-14,3.0923764e-11
750000,194,265,0,2.4994444e-09,5.6170437e-12,4.0124542e-24,7.002e-42,1.9875007e-25,1.5809835e-12
750000,421,304,0,3.2152554e-09,1.6058748e-11,2.4993026e-13,1.4465509e-18,2.5679336e-18,1.3205029e-10
750000,337,208,0,2.9736094e-09,1.4533261e-14,5.6355957e-12,2.751214e-15,3.760805e-18,3.9943163e-11
750000,298,431,0,2.757059e-09,6.746435e-11,1.5631038e-13,5.0998947e-19,9.594865e-15,8.654935e-11
750000,56,375,0,2.0837179e-09,2.6786115e-12,3.071459e-11,9.99918e-13,6.520625e-14,1.381856e-10
750000,130,263,0,2.93633e-09,5.6284036e-12,8.616102e-18,4.420313e-29,1.426763e-19,2.9752537e-11
750000,123,116,0,2.429621e-09,3.1632052e-12,2.322929e-19,2.7611784e-34,1.5940893e-24,5.5836197e-10
750000,322,97,0,3.5109795e-09,2.4092325e-12,7.0955896e-14,1.3660293e-20,1.5246808e-25,1.4083833e-10
750000,277,297,0,2.9240947e-09,1.8837071e-13,3.515762e-11,1.4434981e-12,1.9771703e-13,9.9509324e-12
750000,364,170,0,2.5040339e-09,1.518595e-11,9.602819e-22,2.827031e-39,3.9337804e-16,3.321008e-11
750000,163,320,0,2.7653209e-09,9.882609e-12,1.5800204e-17,3.294751e-29,8.137857e-17,6.8423912e-12
750000,294,266,0,2.727971e-09,5.476637e-14,3.30963e-40,0.0,4.523517e-36,1.2658823e-15
750000,388,286,0,2.9941758e-09,5.0567536e-11,1.9691254e-20,4.2639473e-34,6.759495e-12,7.558345e-13
750000,405,345,0,3.3310108e-09,3.2951503e-11,1.3938233e-11,3.42184e-14,4.5678066e-13,4.031679e-11
750000,326,282,0,3.6860939e-09,9.438514e-12,1.877048e-17,8.637106e-28,6.953312e-18,1.1328997e-12
750000,139,75,0,3.120096e-09,2.596507e-11,1.3559182e-12,2.2437914e-17,4.8067278e-20,8.986284e-11
750000,121,57,0,2.768537e-09,3.2495805e-11,2.6255136e-14,8.1495514e-21,1.9045794e-16,4.035686e-11
750000,420,320,0,4.138241e-09,3.8668943e-11,2.5574556e-14,2.6377745e-19,1.7331828e-13,1.05648434e-10
750000,99,66,0,2.553622e-09,3.0806746e-11,9.7464495e-17,1.0725646e-26,1.3213796e-12,4.083983e-10
750000,412,276,0,2.4894573e-09,6.0056314e-11,4.827857e-12,2.2658345e-15,2.0846562e-09,3.2721855e-12
750000,339,358,0,2.7524723e-09,1.6303943e-11,3.6352076e-26,1.4e-44,3.0076339e-12,6.1220165e-12
750000,387,274,0,2.743085e-09,2.3757465e-11,5.369496e-13,1.0359233e-17,7.7735203e-13,9.6700335e-11
750000,289,134,0,2.7240101e-09,1.1355592e-11,4.009778e-12,7.523254e-16,3.705891e-17,5.8041617e-11
750000,336,222,0,2.791972e-09,1.1416382e-11,7.2724756e-16,3.7894223e-25,4.979877e-18,1.6720673e-11
750000,220,165,0,2.8865923e-09,8.6377485e-12,7.246301e-18,2.0738113e-28,2.184297e-19,1.278675e-11
750000,145,269,0,3.0348495e-09,2.1475462e-12,1.7337641e-21,1.3774838e-38,1.2999146e-24,4.6140778e-12
750000,435,333,0,3.035443e-09,7.938906e-12,7.1595855e-20,1.5273913e-34,9.938017e-22,5.0366544e-11
750000,426,321,0,3.786249e-09,1.0241055e-11,1.6790341e-10,7.99551e-12,1.7123906e-12,9.758387e-11
750000,282,294,0,3.0212772e-09,1.7422058e-13,1.0564059e-13,6.5113596e-20,4.9921785e-25,6.90905e-12
750000,325,84,0,3.889627e-09,5.647303e-12,1.0279594e-13,3.7803728e-20,2.0516407e-22,1.4349177e-10
750000,88,418,0,3.0829284e-09,1.6192499e-11,1.7845492e-13,9.895851e-19,1.8717325e-22,8.7078074e-11
750000,265,402,0,2.5145774e-09,1.315595e-11,3.4434723e-12,1.3830996e-15,2.0910623e-18,1.1048512e-10
750000,323,357,0,2.5650984e-09,1.0669475e-12,1.3886135e-16,8.987411e-27,4.0124824e-29,1.6387997e-12
750000,293,324,0,4.7064295e-09,1.924414e-14,2.322972e-35,0.0,5.339e-42,4.0890617e-11
750000,277,366,0,2.383674e-09,2.487127e-12,1.0686427e-14,3.2807867e-22,3.3474269e-22,5.4157324e-11
750000,223,104,0,2.1899005e-09,1.6616054e-11,1.5729046e-17,6.2212944e-28,1.066291e-18,1.3179047e-10
750000,294,89,0,2.8632214e-09,3.1730077e-11,2.361296e-15,9.637441e-24,4.45815e-12,6.271883e-11
750000,226,130,0,3.1222565e-09,4.518263e-13,4.983816e-20,3.8738563e-35,2.2173556e-29,2.2915331e-11
750000,219,387,0,2.1680946e-09,5.068048e-13,1.2102176e-18,1.9968857e-32,1.6643619e-33,1.1481578e-10
750000,104,275,0,2.8874114e-09,4.621608e-12,1.8435904e-18,3.5441484e-32,1.0165916e-25,2.1699665e-11
750000,224,227,0,2.3429965e-09,6.5709924e-12,3.3437998e-13,2.0794547e-18,4.497516e-17,1.8906022e-13
750000,64,251,0,2.7896558e-09,7.350582e-11,1.544814e-11,1.6085462e-13,2.875545e-11,9.6147805e-11
750000,91,307,0,2.2889637e-09,8.4757245e-12,1.6085461e-11,1.5522176e-13,3.112495e-15,2.180125e-11
750000,354,132,0,2.5730702e-09,1.5238304e-11,1.4638783e-21,3.002579e-39,2.0840854e-14,5.257021e-11
750000,420,225,0,2.2011328e-09,2.623869e-11,3.936329e-12,6.922552e-16,1.2109563e-18,4.6687505e-11
750000,324,374,0,2.844875e-09,2.8369102e-11,2.5635e-16,3.4199342e-26,1.00590204e-13,4.2239694e-11
750000,65,425,0,2.4076015e-09,8.465057e-11,5.9483835e-19,4.5757267e-33,3.141389e-12,1.2033982e-10
750000,388,441,0,2.5975226e-09,6.5485534e-11,2.7991253e-11,9.000074e-13,8.4775184e-14,9.1890065e-11
750000,137,418,0,2.2062667e-09,3.8361835e-11,1.575173e-11,1.0265888e-13,2.8234668e-13,7.2457235e-11
750000,439,315,0,3.0486187e-09,9.964873e-12,1.1121085e-15,3.8102576e-26,5.378218e-21,2.0173258e-10
750000,73,303,0,2.5275673e-09,6.952138e-12,2.5752074e-19,1.2213719e-31,4.960048e-22,4.509775e-11
750000,355,97,0,2.943749e-09,1.1460011e-11,3.5160697e-18,1.2508395e-29,2.8967466e-18,1.2488753e-10
750000,115,98,0,2.761649e-09,7.26791e-12,2.0796209e-11,2.8757636e-13,5.8354294e-15,2.5285721e-11
750000,184,444,0,2.1586324e-09,5.0077754e-11,5.0503196e-16,3.861545e-24,1.0088255e-13,8.2498446e-11
750000,376,74,0,3.1635516e-09,9.956383e-12,4.220297e-14,2.3645286e-20,9.7551205e-18,8.187098e-11
750000,199,167,0,2.5244618e-09,6.879805e-12,1.8257217e-20,1.2131802e-34,7.357785e-23,6.064848e-11
750000,98,361,0,2.4934432e-09,8.110546e-12,1.0743487e-14,1.2193119e-22,2.4518443e-20,1.1028566e-10
750000,326,325,0,3.2648653e-09,5.788394e-13,1.4713053e-23,2.96694e-40,1.2081297e-31,1.3769345e-13
750000,447,421,0,2.658122e-09,4.9939164e-11,8.6039476e-13,2.698409e-17,3.045245e-13,7.68526e-11
750000,329,146,0,2.2424296e-09,1.1482448e-11,9.768995e-36,0.0,1.881284e-18,2.2079972e-11
750000,143,183,0,2.7143567e-09,3.0088865e-11,9.263653e-39,0.0,3.0946734e-10,6.364636e-11
750000,202,283,0,2.6685787e-09,7.7017845e-12,1.2646083e-32,0.0,8.716966e-23,1.4818972e-11
750000,145,148,0,2.6866414e-09,1.4153505e-11,1.9705535e-18,3.1233877e-29,3.771247e-18,4.1017766e-12
750000,317,381,0,2.8489613e-09,2.2133809e-11,5.261021e-13,1.3194016e-18,3.9015824e-15,2.6848454e-11
750000,371,379,0,2.620995e-09,1.58687e-11,1.4176702e-12,2.2046175e-17,1.3848271e-21,1.3671281e-10
750000,127,60,0,3.313188e-09,5.5004674e-11,3.7325997e-12,1.9274199e-15,3.0138357e-12,7.945212e-11
750000,126,297,0,2.6006686e-09,4.040839e-12,6.5381105e-19,9.711974e-31,9.334415e-24,8.621753e-11
750000,386,342,0,3.0224547e-09,2.0096385e-11,3.1579517e-11,5.511545e-13,2.3006113e-14,4.2632026e-11
750000,315,230,0,2.3254627e-09,1.2315267e-11,1.1701242e-27,0.0,6.297967e-19,3.1296282e-13
750000,231,119,0,2.490811e-09,2.0116111e-12,5.6239286e-19,7.764487e-31,9.793506e-25,1.948629e-10
750000,121,404,0,2.441346e-09,2.8740418e-11,1.0145335e-12,2.3513705e-18,4.5142456e-15,1.0502323e-10
750000,411,95,0,2.5733629e-09,2.1042218e-11,9.832202e-14,1.6796038e-18,1.1346297e-19,8.456506e-11
750000,231,331,0,2.7350873e-09,1.4250464e-12,9.414305e-21,1.7962665e-33,3.9620158e-27,5.0621584e-13
750000,58,107,0,2.5258773e-09,4.6531713e-11,3.596053e-13,1.553061e-18,1.2343867e-13,2.558086e-10
750000,194,90,0,2.2476467e-09,8.153474e-12,6.4333985e-20,1.4116439e-35,4.3170136e-21,4.3289775e-11
750000,341,233,0,2.8708786e-09,2.0511402e-11,7.297893e-19,3.2705344e-32,4.407184e-19,5.1288584e-11
750000,359,106,0,2.925852e-09,2.1653481e-11,7.374113e-25,8.58e-43,1.1772012e-16,2.0450915e-10
750000,405,304,0,3.1671135e-09,5.8479896e-12,1.6128058e-23,3.30514e-40,1.2656129e-24,3.082052e-11
750000,132,253,0,2.7527884e-09,3.0984073e-11,1.7704563e-24,2.714e-42,2.651393e-12,9.0604873e-13
750000,126,223,0,3.095883e-09,3.5414786e-11,2.8840513e-14,7.4669287e-22,1.260624e-17,1.310459e-11
750000,136,144,0,2.724214e-09,6.32852e-12,5.457303e-14,5.723828e-21,4.116153e-24,3.3928305e-11
750000,82,276,0,4.2175197e-09,1.3356951e-11,7.0210487e-16,3.8494385e-26,3.8890782e-20,7.730692e-11
750000,344,328,0,2.6604223e-09,7.375169e-12,3.6699673e-21,4.8184104e-32,5.43427e-23,2.2453301e-11
750000,109,221,0,2.7065117e-09,2.0055816e-11,2.362365e-19,1.5257599e-33,7.6293494e-19,5.305094e-13
750000,411,66,0,2.1803623e-09,2.728975e-11,5.7337435e-15,8.0291437e-23,4.34496e-12,1.3958214e-10
750000,435,180,0,2.582636e-09,3.2958727e-12,2.399269e-14,1.1827443e-20,7.079491e-25,9.905618e-11
750000,129,183,0,2.7228817e-09,2.6578078e-11,4.4743506e-33,0.0,3.5162134e-12,2.4644895e-11
750000,168,152,0,2.201014e-09,6.853646e-11,1.72149e-21,1.1736686e-38,8.496325e-15,4.7972876e-11
750000,401,103,0,3.5445558e-09,1.1353959e-11,9.045198e-16,1.7831094e-24,7.584169e-15,8.977648e-11
750000,287,82,0,2.5038605e-09,2.3038198e-11,1.0530889e-15,3.540875e-24,5.9862095e-16,1.6154801e-10
750000,100,131,0,2.1590603e-09,3.28312e-11,2.2325797e-11,3.1912063e-13,6.9960746e-15,5.3552524e-11
750000,422,290,0,2.4408011e-09,3.3386734e-11,6.222816e-18,1.0733623e-29,4.962418e-16,6.405664e-11
750000,313,403,0,2.4109037e-09,2.880696e-11,3.2341243e-14,4.3341938e-21,2.9008452e-15,2.1398387e-10
750000,332,234,0,3.975124e-09,3.66826e-11,4.747646e-24,2.99987e-40,8.140736e-13,5.3261406e-11
750000,172,101,0,2.6077822e-09,1.8402475e-15,1.8901111e-12,5.3283153e-17,5.9460416e-21,1.14883485e-10
750000,386,433,0,3.1610667e-09,4.259993e-11,3.3868444e-12,1.2885849e-15,1.2924854e-13,1.5724771e-10
750000,330,69,0,2.665937e-09,1.7321377e-12,3.909726e-14,1.1140419e-21,3.2334508e-28,6.624631e-11
750000,410,162,0,2.7813374e-09,4.2245114e-11,2.6602906e-20,2.1666328e-34,1.943663e-09,8.207076e-11
750000,97,72,0,2.5568039e-09,4.326355e-11,4.5644233e-17,1.4452415e-28,3.7483913e-16,1.0202159e-10
750000,111,305,0,2.5269635e-09,2.942083e-13,1.19247614e-17,3.46496e-26,2.608631e-32,6.724736e-11
750000,303,444,0,2.5547202e-09,4.9960935e-11,8.6981915e-12,3.6141544e-14,5.0364233e-14,3.68566e-11
750000,342,428,0,2.7948738e-10,2.612234e-11,7.250046e-14,5.6806674e-20,1.4772955e-16,2.354226e-10
750000,90,297,0,6.223675e-10,5.618561e-12,2.9802235e-12,5.690866e-16,4.4321247e-19,2.0485025e-10
750000,156,127,0,8.3783064e-10,1.7127853e-11,7.6099126e-15,1.6486473e-23,5.794682e-17,5.3189127e-11
750000,34,236,0,3.960755e-11,8.002835e-11,6.6113646e-14,3.679096e-21,1.1745685e-11,8.668589e-11
750000,429,479,0,-9.359804e-13,7.763055e-11,8.484315e-14,1.6759154e-20,1.2156562e-15,2.085683e-10
750000,177,356,0,4.2507706e-10,9.866394e-12,1.1393988e-15,3.4722704e-25,9.7551205e-18,1.0531915e-11
750000,56,461,0,7.140564e-11,6.783826e-11,7.038061e-14,2.6716494e-20,8.284299e-13,1.6655594e-10
750000,55,421,0,4.874908e-10,5.3265396e-11,1.8960056e-13,5.636893e-20,3.27715e-10,2.2075843e-10
750000,499,448,0,-6.3958604e-13,3.466496e-11,1.0507737e-10,5.3725926e-12,2.8964733e-11,1.4734172e-10
750000,61,440,0,7.433998e-10,1.9422578e-11,4.0368524e-12,5.8127684e-16,3.5485185e-19,2.2756735e-10
750000,118,486,0,-8.741343e-13,4.485633e-11,1.3834714e-12,6.640168e-17,2.0612753e-16,3.8524583e-11
750000,310,157,0,1.5140693e-10,1.1803493e-11,1.25122905e-17,9.739004e-29,9.746717e-16,2.0541978e-10
750000,277,276,0,5.097878e-10,6.5916734e-14,6.4288384e-23,2.1834995e-38,7.176804e-36,4.313933e-13
750000,95,57,0,4.1194617e-10,3.3312863e-11,1.0505599e-13,1.392109e-20,1.7139015e-13,2.7919034e-10
750000,420,404,0,2.9874875e-10,2.4483849e-11,1.2316054e-11,3.654147e-14,9.4297484e-15,3.421684e-10
750000,151,368,0,3.1901032e-10,2.6946192e-11,1.966686e-15,6.89253e-25,3.0630416e-14,6.972372e-11
750000,241,114,0,3.581644e-10,1.7091354e-12,2.657862e-13,1.1418125e-19,4.0339351e-25,1.0782484e-10
750000,279,243,0,6.678875e-10,2.4884317e-14,7e-45,0.0,1.3852e-41,3.8325412e-11
750000,434,55,0,1.0654161e-09,7.424554e-11,3.8247357e-11,4.7595657e-13,6.3458787e-12,1.5343485e-10
750000,140,382,0,5.242791e-10,2.9397249e-12,2.796922e-12,4.516004e-16,2.1559868e-19,1.4258893e-10
750000,493,87,0,-4.3960563e-13,3.0021527e-11,1.4184415e-11,7.082388e-14,3.9228234e-12,1.3424727e-10
750000,294,251,0,1.4879875e-09,1.4105075e-11,0.0,0.0,1.9541668e-15,1.8141845e-12
750000,204,131,0,3.438651e-10,4.9441623e-12,2.0114102e-20,1.00051265e-33,1.5076418e-23,1.2761709e-11
750000,323,443,0,5.494863e-10,6.086058e-11,1.001802e-12,8.285538e-18,1.1383639e-13,8.348047e-11
750000,116,248,0,9.471041e-10,9.07716e-12,1.2505525e-21,0.0,2.5550393e-18,5.683495e-12
750000,303,287,0,1.2012598e-09,2.5416039e-11,2.0557895e-32,0.0,1.2422878e-14,2.829893e-12
750000,363,66,0,9.469963e-10,2.550813e-11,2.2505199e-12,1.786693e-16,1.0533495e-12,2.2814044e-10
750000,330,346,0,1.0117336e-09,5.144698e-12,1.1161458e-15,1.31888345e-23,9.992705e-21,3.555925e-14
750000,303,445,0,1.7240083e-09,4.7039272e-11,8.0373225e-12,1.8789613e-14,5.7016166e-14,3.6696996e-11
750000,199,152,0,3.1476352e-10,1.8961322e-11,3.4994785e-24,1.70856e-40,2.961974e-10,1.7259926e-11
750000,7,321,0,-6.130764e-13,5.295222e-11,1.2534438e-11,3.4626758e-14,2.107204e-12,1.3537824e-10
750000,108,12,0,-8.403783e-13,5.777193e-11,3.2951103e-12,1.4316943e-16,2.7153245e-14,2.6483304e-10
750000,185,458,0,1.2882569e-10,3.710754e-11,5.167919e-11,7.422321e-13,4.0407532e-13,1.5190492e-10
750000,331,114,0,1.1417937e-09,2.7962428e-13,2.6721549e-22,1.06632455e-36,1.2360673e-38,2.962579e-11
750000,121,278,0,1.2540416e-09,1.4350321e-12,3.5651098e-12,1.5862043e-15,2.492602e-18,1.8742993e-12
750000,379,373,0,4.562094e-10,5.029323e-11,2.6201472e-11,1.0456641e-12,3.075037e-10,1.4409722e-10
750000,391,89,0,1.0869409e-09,2.8661604e-11,7.7565255e-13,9.525052e-18,4.5798645e-14,1.8018648e-10
750000,10,227,0,-5.8365205e-13,3.0624458e-11,7.8847146e-14,2.4828131e-20,2.4942744e-14,1.43395e-10
750000,170,262,0,1.956076e-10,5.475676e-11,3.7784026e-13,4.566369e-18,1.2077328e-12,2.0122841e-11
750000,52,423,0,4.7162024e-10,4.73272e-11,2.01177e-12,1.9862e-16,4.303417e-13,2.8502725e-10
750000,129,93,0,5.8621685e-10,2.3514508e-11,8.842949e-11,1.2082323e-10,6.598532e-10,7.616549e-11
750000,395,170,0,1.7489722e-09,1.7596334e-11,1.476373e-12,2.1237623e-16,7.161556e-17,6.2021006e-11
750000,456,422,0,4.5858467e-10,7.1802723e-11,4.378499e-15,6.5673585e-23,2.085794e-09,2.5648306e-10
750000,318,440,0,7.3633366e-10,1.035492e-10,2.4427124e-14,7.0065853e-22,3.2934266e-10,2.682113e-10
750000,437,462,0,3.4276845e-11,6.026709e-11,4.194624e-12,1.4231369e-15,5.0309125e-16,3.688199e-10
750000,87,235,0,8.8030255e-10,4.132593e-11,1.7915605e-13,1.110019e-18,4.0303383e-13,2.2897531e-11
750000,322,473,0,9.635411e-12,4.7888412e-11,2.3025154e-12,1.7703517e-16,5.7533475e-12,1.5282273e-10
750000,118,265,0,9.1609703e-10,2.2431827e-13,1.798e-18,4.2633987e-32,5.708061e-38,1.4385056e-11
750000,357,314,0,2.2424394e-10,7.351527e-12,2.3812815e-13,1.3488361e-19,9.86347e-22,4.5065316e-11
750000,276,477,0,9.596938e-13,4.7242318e-11,1.3446576e-14,1.7040143e-21,1.7204369e-12,7.092812e-11
750000,307,365,0,4.8998083e-10,9.0848085e-14,1.4682217e-19,5.9313847e-34,1.542415e-39,4.0666946e-11
750000,435,94,0,5.4150184e-10,4.833723e-11,5.991071e-13,1.3643661e-17,3.6785467e-13,1.6585185e-10
750000,417,185,0,3.189424e-10,5.3086594e-11,7.092842e-20,2.9328026e-32,9.434292e-14,1.1885067e-10
750000,267,26,0,2.7262442e-14,6.020751e-12,1.3990419e-13,3.567554e-20,5.535485e-24,1.7293594e-10
750000,79,110,0,1.9323784e-10,1.5613094e-11,4.2669453e-12,1.9592607e-15,3.3919817e-18,1.0361916e-10
750000,9,154,0,-8.4832976e-13,6.452811e-11,6.8433556e-13,1.9245886e-17,8.403339e-12,3.6240594e-10
750000,127,59,0,2.4220574e-09,5.821727e-11,1.5660675e-12,1.7209989e-16,2.1486143e-11,9.3416906e-11
750000,307,237,0,4.4942464e-10,1.04241225e-11,1.6857747e-38,0.0,1.0645848e-20,1.09583505e-11
750000,485,108,0,-4.0877683e-15,3.013558e-11,4.635322e-13,3.7238083e-18,4.4022225e-12,3.4636116e-10
750000,351,39,0,4.1611686e-11,2.1417838e-11,4.749542e-11,1.0623992e-11,3.4676647e-11,2.857147e-10
750000,147,31,0,2.7541787e-11,2.1444e-11,4.051477e-12,2.7493173e-15,2.7451774e-17,1.744036e-10
750000,5,204,0,-4.7425204e-13,2.975708e-11,1.37526535e-11,2.8247314e-14,2.8543292e-13,3.0327282e-10
750000,208,145,0,7.7551393e-10,5.0062325e-13,6.444604e-18,1.6135047e-29,1.0554022e-33,1.8905875e-11
750000,325,284,0,2.4466773e-09,5.5308366e-12,1.5078965e-18,1.0539495e-30,1.677392e-22,2.5760605e-12
750000,91,202,0,5.461482e-10,3.0543946e-11,1.4128335e-10,5.7930563e-11,6.409025e-11,1.456548e-10
750000,364,354,0,5.6201327e-10,2.4414918e-11,6.1599034e-19,1.3788578e-30,1.8185852e-13,1.8560587e-13
750000,372,128,0,7.182416e-10,2.3547246e-11,1.4812505e-19,1.6823784e-33,3.074307e-10,1.565688e-10
750000,31,145,0,2.7634245e-12,6.6283014e-11,3.767552e-11,1.6627976e-12,4.0607237e-13,6.677102e-11
750000,328,479,0,2.290095e-12,3.229146e-11,2.6630849e-11,2.1684514e-12,5.8837093e-13,8.1703685e-11
750000,203,256,0,1.0401308e-09,4.5790937e-11,1.2972959e-35,0.0,2.8850713e-10,3.1078456e-11
750000,320,349,0,6.463698e-10,3.7626564e-12,1.1231553e-11,1.6122613e-14,6.293308e-17,2.3735222e-12
750000,210,364,0,1.3159556e-09,6.0824037e-12,6.5084975e-19,2.3302355e-32,4.863585e-22,1.832535e-11
750000,360,404,0,5.1999355e-10,1.0949834e-11,4.0105773e-15,9.992089e-22,2.975311e-21,1.0721786e-10
750000,284,479,0,1.1260116e-12,4.6240442e-11,5.359447e-15,5.1982794e-24,7.69046e-16,1.3123166e-10
750000,42,77,0,2.535628e-10,5.3366474e-11,8.8100265e-12,1.9922723e-15,4.260707e-12,6.904093e-10
750000,1,346,0,-5.524316e-13,1.3267643e-11,1.5946327e-17,5.5677884e-27,3.9519826e-19,2.707546e-10
750000,187,126,0,2.4785543e-10,2.4473503e-11,4.0613904e-15,7.499492e-21,1.3221505e-14,2.0895117e-11
750000,301,255,0,1.1594834e-09,1.448584e-12,0.0,0.0,1.7279954e-29,2.2535295e-13
750000,446,34,0,4.477073e-11,5.2860303e-11,1.6614847e-11,1.6091623e-13,3.634539e-15,4.4387258e-10
750000,222,174,0,7.3746453e-10,6.794131e-12,6.715365e-25,2.8647e-41,1.3932414e-19,3.3424135e-11
750000,107,336,0,9.757675e-10,2.972292e-11,1.397201e-13,4.0400576e-19,1.2219617e-11,7.013808e-11
750000,96,398,0,8.6869056e-10,3.1402665e-11,1.7606554e-12,2.969976e-17,4.202812e-12,1.5671502e-10
750000,343,345,0,1.4900063e-09,1.4709378e-11,2.950247e-23,8.199e-42,1.4601174e-16,3.9870256e-12
750000,409,395,0,3.6639503e-10,4.058277e-11,2.1553434e-13,4.686214e-19,1.3332869e-16,1.0008589e-10
750000,334,56,0,5.0645427e-10,9.633462e-13,8.34358e-14,1.9056721e-20,4.9122168e-26,7.5605855e-11
750000,192,317,0,1.4277268e-09,7.159391e-15,2.9685786e-21,6.9219075e-36,0.0,7.626774e-13
750000,103,207,0,2.8951014e-10,4.558495e-11,5.008108e-12,1.6719181e-15,9.333221e-15,2.9589598e-11
750000,292,54,0,7.169178e-11,3.7496502e-11,8.574742e-15,5.6391785e-23,2.542047e-11,1.4711368e-10
750000,436,262,0,8.722115e-10,2.2463791e-11,5.5617616e-14,1.4739817e-19,2.0808421e-11,1.8840748e-10
750000,414,247,0,1.1764623e-10,7.151212e-11,1.5644512e-11,1.3329088e-13,9.9431275e-15,7.059194e-11
750000,479,375,0,4.2911914e-13,1.4935324e-11,2.2870605e-12,8.145017e-17,1.0783747e-15,3.4266456e-10
750000,469,452,0,1.5585422e-11,5.1705584e-11,3.8314806e-11,1.1161764e-12,7.554299e-14,3.982661e-10
750000,177,118,0,4.3832316e-10,6.6306253e-12,1.9314202e-18,5.178569e-30,2.8491267e-23,2.14269e-10
750000,33,167,0,5.075286e-12,5.119593e-11,3.943044e-13,8.664891e-18,8.906087e-13,3.709724e-10
750000,281,342,0,5.724379e-10,3.2696768e-12,4.9504344e-30,0.0,2.4321756e-23,2.4274492e-11
750000,400,498,0,-9.612526e-13,2.083687e-11,1.04667136e-10,5.623206e-12,1.0083721e-12,2.1176466e-10
750000,245,4,0,-8.905314e-13,6.312662e-11,2.349184e-11,1.485569e-13,6.1701984e-11,1.9177532e-10
750000,321,296,0,2.0055095e-09,1.9948277e-11,2.3282704e-16,2.3153893e-23,9.880192e-15,3.9384255e-12
750000,466,212,0,1.6299576e-11,3.0037438e-11,5.1107424e-11,1.0705882e-11,6.258548e-12,1.7163782e-10
750000,144,143,0,1.0998081e-09,4.293598e-11,9.524125e-17,9.984214e-26,6.465178e-13,2.5220662e-11
750000,244,210,0,4.999465e-10,6.9442525e-12,2.0605173e-22,2.5691054e-36,1.5204333e-20,5.1974126e-11
750000,34,206,0,4.3660273e-11,4.1700154e-11,8.377968e-11,1.6308951e-12,1.4039651e-13,1.4457845e-10
750000,437,311,0,1.2613561e-09,4.654451e-12,1.7281302e-13,1.04990726e-19,2.3158985e-21,4.0498843e-10
750000,345,39,0,3.925124e-11,2.5247877e-11,1.6581986e-11,3.405087e-13,4.339125e-11,3.4616993e-10
750000,341,384,0,5.2854676e-10,3.7232287e-11,9.680514e-11,1.11105555e-10,6.397088e-10,1.2987359e-11
750000,304,266,0,6.8259987e-10,1.0726414e-11,4.54221e-40,0.0,6.953348e-18,3.3816038e-13
750000,165,22,0,1.7633235e-12,3.1539743e-11,4.965227e-14,6.712724e-21,1.3389953e-15,8.438214e-11
750000,305,16,0,-1.3286747e-13,4.3292336e-12,7.8351605e-12,5.84616e-15,1.0628474e-17,2.3893676e-10
750000,356,292,0,4.9853754e-10,9.78982e-12,4.6987214e-19,7.536121e-33,5.498103e-19,9.826832e-12
750000,41,256,0,2.2183128e-10,7.408815e-11,1.2904064e-12,4.6877146e-17,2.391207e-10,2.948299e-10
750000,252,237,0,7.2744916e-10,3.9061778e-14,9.317967e-18,3.7886587e-29,3.6681386e-38,3.5300294e-11
750000,348,198,0,8.4013607e-10,1.8049328e-12,2.4492945e-16,4.7135697e-24,2.364437e-28,6.9410644e-11
750000,33,196,0,3.014818e-11,2.658656e-11,3.9197976e-12,2.18036e-15,1.4548269e-17,1.5978413e-10
750000,267,192,0,9.176055e-10,3.4610901e-12,0.0,0.0,6.2416287e-25,5.673527e-11
750000,491,178,0,-1.227814e-12,7.811882e-11,6.606866e-13,1.490783e-17,2.3225133e-12,1.6686727e-10
750000,398,297,0,1.008057e-09,3.2023023e-11,8.05202e-26,4.6317e-41,2.6506507e-12,3.8268205e-11
750000,348,433,0,1.2231682e-10,2.6001128e-11,5.0280072e-11,2.9043833e-13,1.0270339e-12,2.5994676e-10
750000,177,138,0,5.362816e-10,5.3679092e-11,2.1371134e-11,2.4694125e-13,2.778478e-12,4.160256e-12
750000,435,79,0,1.1989555e-09,4.3641923e-11,1.576311e-12,1.7209992e-16,2.8306335e-10,1.4939103e-10
750000,433,374,0,1.2347818e-09,4.2645602e-11,5.1854273e-13,2.5129592e-18,3.783788e-13,1.3696397e-10
750000,361,328,0,2.1818632e-10,1.6906582e-11,1.3440111e-12,1.2733612e-17,4.3311542e-14,9.55042e-12
750000,297,397,0,7.108251e-10,1.9905274e-11,6.9836753e-15,2.851033e-23,5.534487e-20,1.4765614e-11
750000,6,462,0,-1.4208755e-12,5.0203744e-11,2.0855652e-11,2.4693935e-13,3.4998768e-14,2.0632468e-10
750000,214,131,0,7.293275e-10,1.1786057e-11,1.0662254e-22,6.76505e-40,6.406738e-20,3.127244e-11
750000,74,399,0,4.4210388e-10,5.9867285e-11,1.5528941e-13,4.05043e-19,1.8280631e-13,9.998536e-11
750000,408,357,0,9.706507e-10,1.6684787e-11,1.8189274e-14,2.1552743e-22,1.7070386e-18,3.1333238e-09
750000,473,382,0,2.8228943e-12,1.1419887e-11,9.285846e-12,8.4559934e-15,1.5158735e-17,1.1287052e-10
750000,114,164,0,1.9638613e-10,2.7641242e-11,2.2568252e-13,1.3265935e-19,2.0300101e-16,2.9013622e-10
750000,154,20,0,2.0546234e-12,3.1646137e-11,2.0050454e-14,1.5687639e-21,1.3865802e-16,6.3536836e-11
750000,447,468,0,1.0850289e-11,6.2459475e-11,6.3954892e-15,6.7610214e-23,3.260661e-10,5.9539534e-10
750000,333,205,0,1.7666841e-09,6.136699e-14,7.430315e-12,1.0749593e-14,4.8864874e-17,5.6204607e-11
750000,99,388,0,9.778687e-10,2.03866e-11,4.9718823e-12,1.0343452e-15,4.818969e-14,6.858686e-11
750000,144,453,0,5.3018245e-10,6.524708e-11,1.3658673e-11,3.464829e-14,3.5267334e-11,1.1560304e-10
750000,75,163,0,8.8731794e-10,3.764667e-11,1.4335327e-10,1.2435168e-11,3.3909809e-12,2.1404731e-10
750000,172,165,0,3.4361192e-10,9.556706e-12,8.881089e-30,0.0,2.0669207e-18,4.2367963e-11
750000,387,93,0,9.540353e-10,2.3538794e-11,3.2063283e-11,1.7618753e-12,2.9493172e-13,1.5102866e-10
750000,483,428,0,1.924455e-12,5.0091244e-11,2.7954541e-11,1.1157655e-12,4.2321706e-12,2.919216e-10
750000,298,153,0,4.9145865e-10,2.3500795e-12,5.0381554e-14,5.8414487e-20,1.3901038e-24,1.1396577e-11
750000,126,2,0,-9.897755e-13,3.4591788e-11,1.9666036e-11,3.0423838e-14,1.2867779e-16,3.831771e-10
750000,144,27,0,1.2220826e-11,3.0017374e-11,1.2922189e-12,2.6931942e-17,3.6482368e-16,1.3115507e-10
750000,413,294,0,9.373616e-10,2.5254774e-11,1.5190472e-20,1.0608195e-34,5.9141435e-17,1.410308e-10
750000,41,333,0,4.390741e-11,2.5608904e-11,2.8893962e-12,2.2968108e-16,1.4162099e-15,1.5649088e-10
750000,87,449,0,8.862667e-11,4.0573763e-11,4.2870917e-15,3.5243674e-24,4.7687606e-16,1.6478507e-10
750000,14,393,0,-5.725353e-13,2.8296643e-11,7.918978e-11,1.937879e-11,3.170229e-10,1.1650308e-10
750000,102,335,0,1.2396799e-09,1.1667967e-11,2.8551017e-14,5.7436955e-22,2.2409037e-17,6.35925e-11
750000,231,43,0,6.277531e-11,1.5086328e-11,9.2923804e-14,2.7740287e-20,8.5779657e-16,1.9040783e-10
750000,58,414,0,3.541116e-10,3.875952e-11,5.2675585e-12,4.5386084e-15,3.8171285e-17,9.2045246e-11
750000,10,287,0,-3.8794348e-13,2.2888105e-11,4.4843726e-10,4.022831e-11,5.140072e-11,1.4104999e-10
750000,420,296,0,1.1591043e-09,2.0475798e-11,6.2990807e-16,1.6905502e-26,2.2181528e-18,1.3890761e-10
750000,181,52,0,2.4441713e-10,2.0727736e-11,6.1862e-16,1.1657475e-25,2.2149405e-14,4.2804295e-11
750000,401,361,0,5.0466487e-10,5.21033e-11,9.685065e-13,1.5706362e-17,2.0288677e-14,1.221838e-10
750000,450,277,0,3.3583591e-10,4.5888182e-11,5.2933803e-12,1.2716241e-15,2.2715159e-13,1.2886521e-10
750000,76,264,0,1.0526836e-09,2.3632266e-11,2.9796543e-10,5.1232817e-11,3.7596863e-11,1.551774e-10
750000,296,470,0,2.0411851e-11,6.6199726e-11,5.0934212e-20,3.3562582e-34,2.7395824e-10,1.3508522e-10
750000,103,100,0,7.4398737e-10,2.7918442e-11,3.3512592e-13,3.82511e-19,2.0848949e-14,1.2527601e-10
750000,449,80,0,9.380725e-10,1.8328889e-11,2.9574713e-12,8.13598e-16,1.0787334e-18,1.603418e-10
750000,159,384,0,7.782636e-11,7.7717145e-11,7.848288e-12,1.526601e-14,6.1157615e-12,2.5362299e-11
750000,474,249,0,1.0109102e-11,3.79667e-11,1.2461484e-11,3.851403e-14,1.0097747e-14,1.251366e-10
750000,106,332,0,9.26808e-10,2.5615282e-11,5.811452e-12,3.1988043e-15,1.2038359e-12,9.062757e-11
750000,336,355,0,1.2960499e-09,8.154261e-12,5.297932e-23,9.2191e-41,2.4372946e-20,7.159421e-13
750000,90,385,0,1.3613932e-09,1.8704408e-11,4.4585644e-11,1.0752315e-11,7.1177487e-12,2.4100474e-10
750000,86,200,0,7.7968954e-10,4.7571305e-11,1.0860949e-12,1.9728584e-17,1.9327239e-13,7.4541213e-11
750000,30,489,0,-1.4445753e-12,6.191478e-11,1.7742493e-11,3.6846645e-14,3.2543107e-11,5.7430416e-10
750000,468,205,0,2.1809849e-11,5.224203e-11,5.1584457e-12,2.2195486e-15,1.7732501e-12,1.6411092e-10
750000,169,32,0,1.202874e-11,2.4160025e-11,3.9301834e-12,4.1286546e-16,3.4139574e-17,5.2290616e-11
750000,351,271,0,1.3585318e-09,5.643204e-12,9.803665e-17,6.1527896e-28,4.2652756e-21,5.5590796e-11
750000,429,35,0,9.569839e-11,4.1882282e-11,2.4033494e-12,5.4072535e-17,1.4742201e-16,2.5096877e-10
750000,415,151,0,1.2803022e-09,2.2736457e-11,3.392476e-13,1.7276343e-18,3.9217037e-12,4.021343e-12
750000,117,436,0,3.9447115e-10,2.4904016e-11,1.6976448e-10,9.182735e-12,2.0788464e-12,1.453596e-10
750000,38,325,0,6.571593e-11,1.5891538e-11,1.0860783e-12,9.803673e-18,4.45653e-19,5.7975436e-10
750000,111,272,0,1.8736435e-09,5.943483e-13,6.5772077e-19,1.2909351e-32,2.906969e-32,6.732032e-13
750000,9,371,0,-3.860761e-13,7.1055904e-12,2.36086e-13,7.2045405e-19,3.441291e-21,1.4875691e-10
750000,121,200,0,4.6965554e-10,2.2548526e-11,2.7337876e-26,0.0,8.5137906e-19,4.0257263e-11
750000,331,40,0,6.6046696e-11,1.6067833e-11,4.1549812e-11,5.1946494e-12,1.0982933e-12,2.8830036e-10
750000,85,497,0,-8.7795564e-13,2.7578585e-11,8.3080154e-11,1.9763436e-11,1.4962202e-11,6.347623e-10
750000,326,485,0,1.847719e-14,3.0294742e-11,2.1152342e-12,7.1032745e-17,1.6394243e-17,1.3864038e-10
750000,139,174,0,8.9072044e-10,2.2696458e-11,2.0325663e-28,0.0,4.7467626e-16,7.946466e-11
750000,323,345,0,6.878036e-10,2.9175745e-11,7.471176e-12,1.567549e-14,4.0182107e-16,3.125464e-13
750000,385,469,0,1.011235e-11,1.01912354e-10,4.911948e-14,7.2038e-21,2.2050746e-13,6.8274456e-11
750000,322,436,0,6.6453826e-10,7.7105385e-11,2.375153e-13,1.9815145e-18,7.3956255e-13,1.4926643e-10
750000,175,212,0,9.577714e-10,1.0422404e-11,8.640214e-34,0.0,1.7720765e-20,5.978909e-11
750000,440,319,0,1.9662012e-09,3.5394104e-11,1.0808687e-17,9.062076e-30,3.7767765e-13,1.0918142e-10
750000,198,363,0,1.3355672e-09,6.6296417e-12,1.763719e-25,0.0,1.0455931e-21,7.7072945e-11
750000,299,122,0,5.690229e-10,1.818342e-11,1.0012974e-19,3.1810741e-34,1.725054e-14,2.1340586e-10
750000,491,257,0,-6.1308966e-13,3.5182513e-11,9.816346e-12,9.535437e-15,9.851816e-13,2.4346944e-10
750000,425,284,0,6.311144e-10,2.7249591e-11,7.2957875e-16,4.0099644e-25,7.91602e-19,3.652551e-11
750000,63,35,0,1.28213525e-11,5.942772e-11,3.2983547e-13,8.668454e-19,4.201617e-12,3.1056108e-10
750000,276,379,0,9.84787e-10,2.108822e-11,5.6250704e-17,1.7249062e-28,7.3801716e-17,8.254063e-11
750000,375,111,0,9.700769e-10,3.3128585e-12,2.3310933e-15,7.5748325e-24,1.0491332e-27,1.8895645e-10
750000,471,300,0,3.4398855e-12,2.7236708e-11,6.070832e-13,2.9398315e-18,2.0859027e-14,1.7940648e-10
750000,218,311,0,8.783151e-10,4.6880312e-11,2.0642649e-11,5.5860058e-14,2.867528e-13,1.0393465e-11
750000,349,137,0,9.485458e-10,1.5559632e-11,4.4752183e-22,7.81203e-40,2.0840824e-14,3.1260596e-09
750000,288,478,0,2.2196624e-12,6.2278814e-11,4.7029357e-15,1.8737635e-23,3.9639063e-13,3.097848e-09
750000,417,325,0,2.0007591e-09,3.40951e-11,4.9566126e-18,6.437579e-29,4.639522e-11,3.001085e-09
750000,480,305,0,8.6729625e-16,3.3573658e-11,3.0713893e-11,1.5248276e-12,3.202649e-10,3.2303549e-09
750000,452,477,0,-1.7340879e-13,8.909587e-11,1.8205207e-12,5.4949684e-17,1.5257887e-11,3.3272254e-09
750000,384,67,0,2.1574837e-09,2.1753665e-11,1.0509987e-11,6.7878057e-15,1.0839726e-17,3.0452476e-09
750000,472,327,0,6.9115638e-12,3.259283e-11,2.2729031e-13,5.942234e-19,5.1436906e-15,3.0740441e-09
750000,441,29,0,2.604849e-11,7.500956e-11,1.50828e-13,1.9666436e-20,3.285623e-10,3.6062768e-09
750000,264,43,0,1.37214086e-11,2.2273778e-11,2.4646634e-15,8.318588e-23,4.995807e-13,3.1128382e-09
750000,249,253,0,3.436575e-10,9.451793e-16,1.3892261e-28,0.0,4e-45,2.5224578e-14
750000,411,269,0,1.0185618e-09,2.632083e-11,2.3926269e-15,6.3614765e-24,1.6664407e-17,1.3285765e-11
750000,36,202,0,5.7541645e-11,3.181084e-11,1.131271e-12,1.0109762e-17,2.5928192e-11,8.533372e-11
750000,135,421,0,8.277539e-10,5.4069794e-11,5.7831864e-13,3.5462507e-18,5.620975e-12,4.4450274e-10
750000,262,132,0,1.0662877e-09,5.4593283e-12,7.4787405e-19,3.668362e-28,2.4142227e-21,5.6067713e-11
750000,367,32,0,2.7250426e-11,2.1028812e-12,3.2981326e-11,1.3179275e-12,7.9863816e-14,2.0881454e-10
750000,376,337,0,5.515717e-10,9.2543915e-12,6.9265444e-12,7.154193e-15,2.80831e-17,5.8120782e-12
750000,444,104,0,5.887213e-10,4.4988402e-11,5.1061603e-12,1.7126897e-15,2.9170262e-13,2.2553522e-10
750000,144,388,0,1.963623e-10,1.31980555e-11,2.7941015e-14,4.9060666e-22,7.176059e-16,7.963519e-11
750000,336,351,0,1.1174094e-09,9.942997e-12,3.4535045e-21,2.8469992e-36,1.0874108e-17,7.333801e-14
750000,18,69,0,2.00995e-12,4.682166e-11,8.539166e-11,4.3847783e-11,8.720106e-11,2.9460384e-10
750000,430,376,0,9.177109e-10,2.128704e-11,8.638286e-12,2.9279683e-14,4.678475e-16,5.214474e-11
750000,466,345,0,1.3935031e-11,4.224157e-11,7.6757956e-14,6.991833e-21,2.680433e-14,1.4026195e-10
750000,430,362,0,7.343029e-10,3.2413048e-11,1.9708377e-11,1.0824024e-13,1.728153e-15,2.803232e-11
750000,219,475,0,1.4192165e-12,2.894433e-11,6.4545027e-12,6.185975e-15,2.8368724e-15,3.1594378e-09
750000,264,453,0,5.8271894e-11,5.768078e-11,1.4123828e-11,3.6344364e-14,1.4628903e-14,3.1150533e-09
750000,48,447,0,1.7455115e-10,4.601591e-11,5.161416e-12,2.4703928e-15,2.4409896e-11,3.2429621e-09
750000,439,186,0,7.3570877e-10,2.5914798e-11,3.126761e-12,2.528051e-16,4.0264035e-19,3.0185863e-09
750000,82,409,0,9.633944e-10,4.4992152e-11,3.8184083e-12,1.8090955e-15,1.6316664e-13,3.2842322e-09
750000,287,463,0,5.831265e-11,8.6625915e-11,1.798339e-15,3.0161895e-25,3.539326e-11,3.0603935e-09
750000,448,460,0,5.5046998e-11,4.4626216e-11,5.439214e-15,2.465963e-23,6.4785275e-17,3.7038885e-09
750000,232,173,0,8.548289e-10,1.1478309e-14,6.3817826e-27,0.0,6.45158e-40,3.038426e-09
750000,166,394,0,3.0336808e-10,8.954975e-12,2.3382555e-18,5.383625e-32,6.072266e-21,3.0522826e-09
750000,440,354,0,3.158423e-10,4.889874e-11,1.1003169e-13,7.490648e-21,1.2793347e-15,3.2254464e-09
750000,391,355,0,6.424761e-10,6.211953e-11,7.419891e-12,3.5599825e-15,2.5076014e-11,3.0296137e-09
750000,90,6,0,-1.0256471e-12,4.2218912e-11,1.5123632e-11,1.3156146e-14,8.750117e-15,3.3578147e-09
750000,431,367,0,1.2514272e-09,5.2930407e-11,1.6228185e-12,4.9483182e-17,1.3214293e-12,3.0108944e-09
750000,243,113,0,2.8943797e-10,9.79542e-13,1.40312e-12,1.8955277e-17,1.9718615e-21,3.089263e-09
750000,386,156,0,1.4139455e-09,2.8207922e-11,4.698831e-11,5.422907e-12,5.6591946e-11,3.0569929e-09
750000,161,392,0,1.6625494e-10,7.290512e-12,5.695293e-15,7.523601e-24,2.3803042e-18,3.0796816e-09
750000,49,315,0,5.9792915e-10,4.28657e-11,4.3985628e-14,2.7756938e-21,1.3691039e-11,3.0610336e-09
750000,19,385,0,3.814216e-13,1.6729076e-11,2.3549604e-10,6.4334e-11,5.7373075e-11,3.2969076e-09
750000,475,54,0,1.9324533e-12,3.7390886e-11,1.903323e-12,2.3592563e-17,5.2730443e-16,3.386879e-09
750000,484,72,0,5.6633523e-13,4.33778e-11,3.2289407e-11,1.7940044e-12,3.2466678e-13,3.3146197e-09
750000,19,357,0,4.5483027e-14,1.9613405e-11,1.4988499e-13,3.2135453e-20,7.9298023e-16,3.1785934e-09
750000,78,462,0,2.956466e-11,4.13502e-11,3.034827e-11,1.0001739e-12,7.28028e-14,3.2893959e-09
750000,407,203,0,3.249997e-10,4.3879362e-11,2.9828553e-11,1.0473591e-12,5.8897695e-13,3.4566374e-09
750000,246,480,0,-3.4703208e-14,6.1087996e-11,4.9176386e-13,2.0096525e-18,6.0800627e-12,3.153176e-09
750000,137,453,0,4.1183343e-10,3.8468326e-11,2.5700704e-11,1.8859431e-13,3.8350975e-15,3.1480496e-09
750000,109,93,0,1.4498671e-09,2.2137327e-11,3.2908935e-13,1.5174275e-19,1.06645175e-13,3.12018e-09
750000,445,457,0,1.0224607e-10,3.1196806e-11,1.5635959e-13,5.0998947e-19,2.1012544e-18,3.5389691e-09
750000,121,475,0,1.7916765e-12,4.9767655e-11,3.2595464e-14,4.5900488e-20,3.8303354e-11,3.127349e-09
750000,460,51,0,4.077603e-11,1.4476574e-10,5.926153e-11,1.0702675e-12,2.8378105e-10,3.3707894e-09
750000,378,476,0,5.7795766e-13,8.6868304e-11,1.5604218e-11,1.3867323e-13,1.544646e-14,3.233307e-09
750000,346,490,0,-8.2226055e-13,3.9703362e-11,7.8993325e-18,8.317252e-29,1.2113542e-15,3.0647869e-09
750000,200,407,0,5.226567e-10,1.1073213e-11,3.3024578e-14,1.0118505e-21,3.8257905e-20,3.2013612e-09
750000,25,449,0,2.2042886e-12,6.569663e-11,2.6654325e-11,9.646681e-14,1.6917101e-12,3.2689074e-09
750000,15,21,0,-1.2198308e-12,8.7872515e-11,3.746375e-12,2.1073259e-16,3.151376e-10,3.4166725e-09
750000,203,471,0,6.105647e-12,4.1865393e-11,1.5322558e-13,4.8684478e-20,2.42471e-12,3.4007885e-09
750000,5,224,0,-6.817924e-13,2.8387436e-11,6.9915957e-12,2.405717e-15,8.840623e-16,3.1067056e-09
750000,54,11,0,-9.779171e-13,6.53618e-11,1.4769311e-10,6.9327374e-12,1.5044844e-12,3.2560181e-09
750000,395,63,0,5.2885063e-10,3.9350308e-11,5.3196468e-11,1.0656386e-11,5.973845e-12,3.1039205e-09
750000,497,109,0,-4.591221e-13,1.1021096e-11,2.606845e-14,4.908757e-21,1.8621807e-20,3.161928e-09
750000,492,383,0,-8.8024656e-13,5.861293e-11,7.522425e-13,2.1718274e-17,3.5780193e-10,3.6610903e-10
750000,429,179,0,7.717128e-10,1.1952144e-12,4.5501244e-13,1.1634876e-17,4.017977e-21,3.0125966e-09
750000,210,77,0,2.563494e-10,3.3018536e-11,1.9383553e-13,7.515174e-18,1.6174792e-14,3.02214e-09
750000,8,93,0,-6.6738135e-13,6.0574906e-11,3.2669773e-11,3.511117e-13,3.125143e-11,3.3493481e-09
750000,57,73,0,6.990121e-10,1.0691236e-11,3.7709995e-11,7.922926e-13,7.401568e-14,3.2165506e-09
750000,152,489,0,-3.3228086e-13,4.6691224e-11,7.863553e-12,1.97141e-15,2.4401663e-11,3.0654854e-09
750000,459,175,0,9.851609e-11,5.972165e-11,2.6883011e-14,9.400794e-22,2.385433e-13,3.2774605e-09
750000,396,346,0,1.4352365e-09,2.6252093e-11,9.775503e-13,6.3190854e-18,3.313745e-16,3.0178822e-09
750000,40,86,0,1.8101484e-10,2.482804e-11,3.046034e-12,2.428742e-16,2.8004663e-17,3.2623517e-09
750000,194,133,0,1.8470289e-10,2.3966532e-11,4.282397e-17,3.1081087e-27,1.6637845e-14,2.9988847e-09
750000,125,44,0,2.720693e-10,4.310272e-11,1.2057773e-10,3.0330672e-11,1.6700214e-11,3.1620875e-09
750000,400,5,0,-6.5559363e-13,5.4531133e-11,9.832019e-17,4.854745e-27,1.0634462e-12,3.397978e-09
750000,274,41,0,5.553649e-12,3.2039975e-11,2.4945655e-11,8.2149965e-14,4.6446e-12,2.1289086e-10
750000,283,487,0,-5.9771947e-13,2.7745188e-11,3.9028936e-12,1.289274e-15,5.246372e-12,3.0946956e-09
750000,214,445,0,6.4667266e-10,4.864606e-11,2.046878e-15,2.7482166e-25,2.4565094e-10,3.252866e-09
750000,89,201,0,6.332728e-10,3.553089e-11,4.062937e-11,3.3974866e-13,9.612353e-15,3.1034613e-09
750000,374,51,0,6.5634376e-10,2.3435413e-11,2.917619e-13,2.5906453e-18,3.273459e-10,3.124264e-09
750000,183,84,0,4.4079695e-10,1.1990961e-11,2.0725258e-18,4.307981e-30,5.063511e-21,3.0190173e-09
750000,75,374,0,4.522589e-10,1.277451e-11,4.101416e-14,1.6063168e-21,5.8970956e-14,3.1726952e-09
750000,66,230,0,5.7944016e-10,7.823614e-11,5.1352318e-11,1.0755068e-11,7.1205927e-12,3.055159e-09
750000,97,421,0,8.0122026e-10,6.271247e-11,5.7940416e-11,3.6241195e-12,1.0787768e-11,3.0914178e-09
750000,213,142,0,7.381896e-10,2.8295367e-13,4.3498482e-16,3.4938175e-26,3.63154e-31,3.0047105e-09
750000,179,379,0,1.0447172e-10,1.240616e-12,1.8320531e-23,4.6321e-41,3.5309626e-27,3.0272511e-09
750000,279,51,0,3.1747802e-11,2.5087852e-11,3.0616633e-12,1.740724e-16,1.9589199e-14,3.1326681e-09
750000,340,269,0,1.5605771e-09,1.0125892e-11,8.8150465e-15,8.105666e-22,6.589791e-17,2.9939085e-09
750000,59,41,0,2.7763552e-11,9.5351387e-11,1.2829197e-12,5.1409407e-17,2.962568e-10,3.3764085e-09
750000,44,467,0,7.446342e-12,6.906965e-11,2.4414703e-11,1.1830078e-12,1.0605219e-13,3.09803e-09
750000,31,0,0,-5.2857302e-14,7.8070085e-12,4.274724e-13,6.780232e-17,3.6648618e-17,2.73314e-09
750000,432,130,0,2.660854e-09,2.3808459e-11,4.4321925e-18,1.9782432e-30,7.3088324e-19,3.0525313e-09
750000,446,351,0,2.1381598e-10,2.910726e-11,3.9893563e-13,7.319074e-18,5.9208076e-11,3.1509075e-09
750000,3,295,0,-6.639595e-13,6.3314604e-11,2.8883468e-15,8.9407217e-23,3.2193914e-10,3.1447227e-09
750000,50,272,0,1.1759311e-09,2.4708579e-11,8.342232e-12,9.5253115e-15,1.1819991e-14,3.047243e-09
750000,303,235,0,3.8159828e-10,4.8134144e-12,4.49926e-40,0.0,1.3200685e-21,3.0091074e-09
750000,437,454,0,1.4096574e-10,2.9875682e-11,4.6232705e-11,5.0704775e-12,3.0458334e-11,3.4752339e-09
750000,77,394,0,5.7981964e-10,4.050036e-11,2.1304663e-13,8.8841996e-20,3.8769674e-14,3.1620082e-09
750000,366,109,0,9.374963e-10,1.1821321e-11,3.6149412e-21,3.3944403e-35,4.4249947e-17,3.1620249e-09
750000,209,107,0,2.223206e-10,1.9267468e-11,1.324238e-11,3.8525965e-14,3.1510555e-10,3.0205325e-09
750000,109,77,0,5.1600935e-10,4.9192875e-11,2.056689e-14,1.8383896e-22,9.703631e-13,3.0775271e-09
750000,486,45,0,-1.0920929e-12,9.9663326e-11,1.3954025e-12,1.5916323e-17,8.368911e-11,3.155174e-09
750000,392,483,0,-7.5311415e-13,8.610688e-11,3.1952677e-11,4.795141e-13,9.11845e-11,3.127121e-09
750000,167,123,0,7.2031175e-10,1.2348405e-11,5.885966e-19,2.5496485e-33,3.117052e-16,3.055169e-09
750000,281,120,0,1.5079905e-09,4.250636e-12,7.459125e-23,1.9988e-41,2.9284415e-26,2.9967626e-09
750000,375,271,0,9.862268e-10,1.0511652e-11,2.9832316e-15,3.4906468e-24,1.3431448e-17,5.3557825e-11
750000,240,38,0,1.2280808e-11,2.3000948e-09,1.5062987e-13,3.155178e-20,4.11881e-09,4.0538303e-10
750000,171,369,0,7.104689e-11,3.178106e-12,1.2684113e-19,4.9235723e-34,1.652949e-23,1.1735828e-10
750000,217,454,0,1.4544083e-10,2.3129578e-09,4.509023e-12,4.293174e-15,4.1188093e-09,8.348186e-11
750000,434,107,0,3.4248143e-10,3.746631e-11,5.324102e-12,2.4398377e-15,3.158804e-16,2.1059196e-11
750000,155,364,0,2.3261663e-10,1.8794947e-11,9.884796e-15,8.14516e-23,3.063029e-14,7.829828e-11
750000,64,286,0,9.797356e-10,8.225596e-11,1.3688985e-21,3.506155e-39,1.2055742e-12,1.3987869e-10
750000,187,450,0,4.2623077e-10,6.058522e-11,4.3596103e-13,9.965489e-19,3.5273867e-11,1.0102985e-10
750000,379,322,0,6.747301e-10,1.5481129e-12,9.956037e-13,1.7221669e-17,8.77407e-22,2.6247247e-11
750000,387,214,0,9.103481e-11,1.5886134e-11,3.4024278e-19,3.996186e-32,2.5716389e-21,1.6722035e-10
750000,39,296,0,6.328654e-11,3.6024572e-11,2.2034678e-11,1.8990995e-13,4.539109e-11,1.7583435e-10
750000,462,313,0,4.9799484e-11,1.4422825e-11,1.8706306e-12,1.5256174e-16,8.18728e-18,1.2372481e-10
750000,326,177,0,4.770177e-10,1.1450883e-11,7.4138276e-13,5.6550454e-17,3.8310867e-13,5.0475627e-11
750000,263,391,0,8.7904173e-10,1.2032572e-11,5.3314186e-17,1.1915517e-28,2.2911628e-20,5.3380227e-11
750000,171,468,0,2.3063296e-11,5.1839342e-11,2.937668e-12,1.3667435e-16,1.1550976e-14,1.8785563e-10
750000,79,305,0,8.3734425e-10,9.286501e-12,2.7244798e-15,4.1084878e-24,2.494736e-19,3.382721e-11
750000,309,270,0,5.448557e-10,1.9350145e-11,1.2639534e-33,0.0,1.6937397e-17,9.562129e-12
750000,266,184,0,9.612382e-10,1.004308e-11,2.134e-42,0.0,1.4344373e-15,3.0004668e-09
750000,452,7,0,-1.4659025e-12,8.6713636e-11,6.7911254e-12,1.4180604e-15,2.8125897e-11,3.41292e-09
750000,63,167,0,3.2561687e-10,2.551714e-11,1.4818337e-16,4.7952932e-26,4.367747e-17,2.771256e-10
750000,49,283,0,5.1343196e-10,2.1728983e-11,3.4434405e-13,9.692727e-19,5.0111068e-17,1.3135044e-10
750000,43,340,0,2.272057e-11,7.202084e-11,3.9055325e-11,1.0646878e-11,1.1273435e-11,3.152767e-09
750000,413,479,0,-1.1354792e-12,7.089243e-11,3.542918e-12,5.577924e-16,3.0945416e-10,3.2674525e-09
750000,22,436,0,2.7786712e-12,9.48329e-11,3.4628331e-09,7.191879e-10,1.4617432e-09,2.1833887e-10
750000,301,109,0,8.0541224e-10,6.9748686e-12,6.8496944e-21,2.7194933e-34,2.4142575e-21,3.0579728e-09
750000,4,110,0,-8.729933e-13,2.8666585e-11,1.0295389e-12,5.838633e-16,1.1254956e-15,3.119849e-09
750000,444,218,0,7.229734e-11,2.9919442e-11,2.3781948e-13,2.0210743e-19,2.8862691e-12,3.1684524e-09
750000,60,124,0,3.3024786e-10,2.4981179e-11,5.8571576e-14,2.7698963e-21,1.41325965e-14,3.30455e-09
750000,153,44,0,2.353595e-10,1.9914235e-11,8.074844e-12,1.7870767e-14,6.614e-16,3.1690366e-09
750000,280,49,0,2.2219521e-11,2.5978867e-11,1.6107343e-11,5.9530045e-14,2.3358827e-13,3.5049812e-09
750000,160,471,0,2.2065435e-11,4.9373478e-11,5.217726e-14,7.209589e-21,3.1511788e-10,3.3630498e-09
750000,22,304,0,2.8491554e-12,2.5099702e-11,2.53718e-12,1.588288e-16,5.8208193e-15,3.0602219e-09
750000,229,452,0,2.0005934e-10,5.866897e-11,1.446539e-11,1.8055571e-14,5.6302116e-11,2.9984866e-09
750000,210,61,0,9.773926e-10,5.154517e-11,2.8551058e-14,5.7436955e-22,5.239105e-11,2.9918834e-09
750000,30,236,0,1.9000258e-11,1.1145755e-10,1.361009e-12,2.708319e-17,2.7305007e-09,3.0288294e-09
750000,481,44,0,-8.5926746e-13,9.471169e-11,1.36350636e-11,4.7032883e-14,3.5927872e-11,3.3860545e-09
750000,258,457,0,4.7105937e-11,2.607779e-11,1.3243795e-10,2.1952776e-12,5.7310347e-13,3.1506895e-09
750000,96,9,0,-9.615959e-13,2.9385046e-11,3.4788727e-09,7.1922324e-10,1.1532669e-09,5.102613e-10
750000,459,17,0,-1.1922835e-12,9.7353264e-11,2.7397121e-11,4.547217e-14,6.036403e-10,3.2428544e-09
750000,387,6,0,-4.2190844e-13,1.1716131e-11,1.7276418e-17,7.568703e-28,3.3674713e-16,3.1860867e-09
750000,131,33,0,3.8533534e-11,7.077202e-11,8.21063e-12,9.4586865e-15,3.1862163e-10,3.1290428e-09
750000,469,98,0,2.5482082e-11,2.6187368e-11,1.0782153e-12,1.219083e-17,2.5976493e-14,3.0898997e-09
750000,110,41,0,8.511027e-11,3.164169e-11,7.16996e-16,4.2307717e-26,8.421587e-15,3.151594e-09
750000,341,17,0,-4.9767433e-13,9.256058e-11,4.1559345e-18,7.2406295e-31,3.5643755e-10,3.0771303e-09
750000,35,220,0,7.618635e-11,8.2954914e-11,3.3629956e-13,4.9687307e-19,2.5493047e-11,3.1222374e-09
750000,114,44,0,1.7987294e-10,5.8239066e-11,2.3086954e-15,2.4904083e-23,2.2607893e-11,3.244456e-09
750000,225,4,0,-7.812693e-13,2.8783979e-11,2.4024241e-14,5.632848e-20,1.3366376e-16,3.2614915e-09
750000,405,366,0,2.8688404e-10,8.196352e-11,2.1946175e-14,2.0385444e-21,3.3243258e-10,3.1009946e-09
750000,187,153,0,1.797298e-10,9.7078e-12,8.441316e-21,1.1706486e-36,3.1349712e-20,3.0038347e-09
750000,21,438,0,1.7252816e-12,1.0411699e-10,2.0810206e-11,9.8846536e-14,2.178226e-11,3.2061858e-09
750000,406,469,0,3.02066e-12,1.10979635e-10,8.172655e-12,2.1695089e-14,3.0281092e-12,3.1094176e-09
750000,97,44,0,6.91704e-11,2.7793852e-11,4.874429e-12,2.0330038e-15,3.0076393e-12,3.3031715e-09
750000,492,172,0,-1.1534786e-12,6.6702054e-11,3.4642618e-09,7.1918793e-10,1.1535061e-09,2.3669047e-10
750000,478,97,0,3.8301645e-12,3.9573907e-11,8.491791e-12,1.8478903e-15,3.7290244e-11,3.4167884e-09
750000,48,43,0,1.3884366e-11,7.326712e-11,8.9418016e-15,1.7292573e-23,1.3785124e-13,3.3685734e-09
750000,217,491,0,-1.1900628e-12,8.822242e-11,1.4375673e-15,2.4707538e-22,3.9688235e-11,3.3621637e-09
750000,122,74,0,6.431873e-10,9.861099e-11,1.0093756e-13,4.8331642e-21,6.1812944e-10,3.0732323e-09
750000,29,479,0,-1.4136123e-12,7.717041e-11,5.832275e-12,2.7516837e-15,5.926232e-13,3.4023673e-09
750000,434,90,0,6.1859473e-10,4.147103e-11,1.218833e-11,4.4763204e-14,3.784222e-12,3.1313392e-09
750000,432,261,0,7.165546e-10,1.975868e-11,3.4642422e-09,7.1918793e-10,1.1532664e-09,1.4355234e-10
750000,425,251,0,3.3066516e-10,6.1966404e-11,2.7165466e-11,1.2496597e-13,2.5543446e-11,3.0596017e-09
750000,354,449,0,3.059073e-11,8.154367e-11,3.3332586e-14,1.2925547e-21,2.3874823e-13,9.9980996e-11
750000,184,364,0,3.5967818e-10,1.619702e-11,2.3470437e-23,4.7e-43,4.706417e-19,3.0918939e-09
750000,279,356,0,4.9775206e-10,1.016793e-12,7.227947e-20,3.870723e-34,6.335655e-30,2.991715e-09
750000,52,456,0,1.0781433e-10,4.1893992e-11,9.3962746e-12,2.2120865e-14,1.4666685e-12,3.1940894e-09
750000,63,365,0,1.963081e-10,3.8490765e-13,2.3414047e-11,1.0235473e-13,1.2002725e-15,3.1680936e-09
750000,68,55,0,4.3120998e-10,4.6867236e-11,6.8432025e-15,6.976512e-23,4.6377754e-12,3.4035035e-09
750000,133,408,0,4.2298284e-10,2.4415959e-11,1.2253251e-12,5.834497e-18,8.128466e-14,2.9976082e-09
750000,257,486,0,-7.811417e-13,5.7553563e-11,6.0081337e-12,1.0757065e-15,4.8404027e-11,3.1186231e-09
750000,54,261,0,1.845935e-09,2.3543566e-11,2.268131e-14,3.883002e-21,8.8060814e-20,3.0548128e-09
750000,257,14,0,-6.3649086e-13,4.3783605e-11,1.181335e-13,1.857758e-20,4.2017223e-12,3.0896572e-09
750000,318,306,0,1.8370121e-09,2.9490594e-12,3.271893e-11,3.679005e-13,2.5868264e-14,3.0514107e-09
750000,128,78,0,7.6985796e-10,7.0558094e-11,6.3882386e-15,3.845474e-22,4.5573215e-12,5.0904114e-10
750000,417,57,0,4.228855e-10,4.173461e-11,1.3810281e-12,7.2087434e-17,2.532488e-11,3.1197382e-09
750000,28,275,0,2.889543e-11,4.1824058e-11,4.3089633e-11,5.4648933e-12,1.2986076e-12,3.2307437e-09
750000,465,330,0,2.956271e-11,3.1496885e-11,4.0674426e-11,2.307212e-13,3.4206485e-15,3.1117784e-09
750000,98,411,0,1.1121996e-09,2.7555515e-11,2.033648e-11,3.2970507e-13,1.060891e-12,3.160469e-09
750000,24,343,0,3.4426005e-13,1.6643752e-11,1.8782122e-12,2.0002216e-16,3.6210807e-15,3.0878895e-09
750000,94,149,0,2.727566e-10,2.731174e-11,6.375684e-13,9.415543e-19,4.8583436e-18,3.0057654e-09
750000,300,331,0,2.7217777e-09,7.331644e-15,2.5463119e-25,1e-45,4.475578e-39,5.3271047e-11
750000,250,355,0,5.863524e-10,3.565978e-11,1.3071409e-21,9.0661195e-37,2.4567037e-09,9.7995854e-11
750000,487,494,0,-5.178416e-13,2.6482863e-11,5.1132414e-11,9.43532e-13,5.1046566e-14,3.1683018e-09
750000,319,302,0,1.928968e-09,6.3661585e-12,3.1902601e-12,4.5618754e-16,7.9666757e-19,3.014248e-09
750000,103,397,0,9.352348e-10,1.6873034e-11,2.5951172e-11,1.0692212e-12,7.508665e-14,3.1598013e-09
750000,479,472,0,-1.6080131e-12,8.9058975e-11,2.5548697e-11,1.4026684e-13,3.48912e-13,3.4077927e-09
750000,474,72,0,1.1309208e-11,2.7720553e-11,1.08415325e-10,5.464377e-11,7.297528e-11,3.3705738e-09
750000,158,52,0,3.8898074e-10,3.920709e-11,8.278538e-12,8.429193e-15,8.547135e-14,3.0257317e-09
750000,492,461,0,-8.6289325e-13,5.6292034e-11,5.6643298e-11,1.921955e-11,1.5765445e-11,3.237533e-09
750000,35,15,0,-1.0709717e-12,5.775348e-11,4.5664293e-12,2.462753e-15,2.3154716e-12,3.3993324e-09
750000,223,324,0,1.3247083e-09,4.6425546e-12,4.4805204e-20,2.1164597e-32,3.9607652e-23,6.0899814e-12
750000,58,175,0,3.5622086e-10,4.345963e-11,9.303094e-14,8.86781e-21,3.2580994e-14,3.0919676e-09
750000,16,495,0,-1.5686959e-12,2.7289152e-11,9.867612e-12,9.609901e-15,1.7860484e-17,3.3725167e-09
750000,110,343,0,6.3598493e-10,2.1879313e-11,7.6579074e-18,8.2650266e-29,3.0092015e-10,3.028524e-09
750000,385,499,0,-7.804433e-13,3.7353214e-11,2.4225955e-12,7.27241e-17,3.934292e-12,3.3970466e-09
750000,67,275,0,1.0430475e-09,2.7641148e-11,9.977083e-21,2.095086e-34,2.262934e-16,6.2196547e-11
750000,11,78,0,-1.8021325e-13,2.9274857e-11,7.0058434e-13,5.076639e-18,3.1307384e-15,3.3638767e-09
750000,128,206,0,8.565353e-10,6.433669e-11,3.186483e-23,3.1929e-41,3.4278764e-11,3.0002427e-09
750000,418,12,0,-3.958835e-13,5.058776e-11,7.252347e-13,5.899291e-17,3.2324746e-10,3.3140322e-09
750000,32,80,0,5.2055044e-11,5.2742286e-11,6.549984e-11,4.0505693e-12,4.421785e-12,3.4495546e-09
750000,397,451,0,2.005188e-10,8.8150875e-11,2.2420446e-11,1.390288e-13,8.486882e-12,3.0199576e-09
750000,475,438,0,1.3373922e-11,5.948641e-11,1.2913065e-12,1.7996446e-17,5.4361793e-11,3.328912e-09
750000,459,271,0,1.11690435e-10,4.36305e-11,3.3046727e-12,8.122937e-16,3.4593236e-17,3.218995e-09
750000,456,315,0,1.5559873e-10,1.4541066e-11,6.627046e-11,2.7490935e-12,2.9550846e-13,3.1517542e-09
750000,404,388,0,2.0639426e-10,2.0822606e-11,2.2433828e-19,3.814835e-33,8.913506e-19,3.4079195e-09
750000,209,52,0,1.2200795e-09,5.25147e-11,3.462259e-09,7.191878e-10,1.1533055e-09,1.3849591e-10
750000,440,69,0,7.4622986e-10,4.31372e-11,1.2769075e-14,3.3443742e-22,1.8753119e-11,3.2652598e-09
750000,499,26,0,-1.5411487e-12,7.99233e-11,3.3045552e-11,2.7689903e-13,1.8608113e-13,3.8681884e-09
750000,323,276,0,1.5288536e-09,2.284892e-09,5.503615e-20,1.4430502e-33,4.1188084e-09,6.6879267e-12
750000,164,274,0,2.7243802e-10,2.283565e-09,3.0430573e-13,4.3262288e-19,4.1188084e-09,3.977658e-12
750000,453,315,0,2.5559588e-10,1.735195e-11,4.1093216e-11,4.5173395e-13,1.4268939e-14,1.5998304e-10
750000,249,335,0,4.2217804e-10,3.3982966e-11,5.823902e-26,0.0,1.8068626e-12,2.3879794e-11
750000,450,449,0,2.930271e-10,2.3309314e-09,1.5069043e-14,1.5881354e-22,4.1192685e-09,3.245059e-10
750000,243,337,0,5.745948e-10,8.225055e-12,1.14533916e-20,2.7055381e-36,4.591652e-21,8.193276e-12
750000,404,230,0,1.5141835e-10,3.4115554e-11,5.118609e-11,2.4823573e-13,1.2707522e-14,1.1730973e-10
750000,37,323,0,6.432815e-11,2.6735324e-11,3.557831e-13,5.4692774e-19,1.3393949e-15,2.1829161e-10
750000,401,49,0,1.4303908e-10,2.3009732e-09,9.6229524e-15,1.931134e-23,4.1188497e-09,2.769606e-10
750000,288,188,0,4.1704054e-10,1.9222234e-13,8.109399e-30,0.0,7.516002e-30,2.0068684e-12
750000,433,171,0,8.0520296e-10,1.7892838e-11,1.738887e-11,2.3097916e-13,1.157764e-14,5.9175415e-11
750000,241,332,0,6.1738475e-10,9.074028e-12,5.29793e-23,9.2191e-41,2.0217498e-20,1.1053839e-10
750000,392,281,0,1.462451e-09,2.625525e-11,2.279925e-16,1.786702e-24,6.112206e-19,1.18396265e-11
750000,258,291,0,6.962882e-10,1.2484625e-11,6.816844e-20,1.2022068e-33,1.3187268e-16,5.52481e-13
750000,263,131,0,1.2791032e-09,8.878084e-12,1.2864064e-18,6.597004e-28,1.9203747e-18,8.250819e-11
750000,301,370,0,6.3396066e-10,4.9442655e-13,1.3580039e-14,7.789769e-22,7.556907e-28,3.030529e-11
750000,154,342,0,9.539022e-10,1.2453396e-11,2.2027628e-13,5.8952273e-19,1.2097189e-17,7.268244e-12
750000,161,70,0,4.3271078e-10,1.6353247e-11,3.3099947e-14,6.649549e-22,2.8814724e-16,4.0127544e-11
750000,186,56,0,5.728878e-10,3.3399852e-11,1.1371226e-17,9.363738e-28,2.5702883e-13,2.2970086e-11
750000,215,237,0,6.1560007e-10,1.0815815e-13,1.922141e-16,3.3724198e-25,4.922539e-32,1.0753973e-13
750000,66,336,0,4.588621e-10,4.0591017e-13,1.117697e-19,2.3198863e-31,9.370428e-30,8.8177486e-11
750000,473,122,0,2.1312715e-12,2.752802e-11,6.4016145e-18,6.7090107e-29,5.6239774e-16,1.0857112e-10
750000,495,307,0,-8.3227175e-13,8.277299e-11,1.6911523e-11,2.19598e-14,1.6727404e-11,3.0558196e-09
750000,14,446,0,-1.1435931e-12,7.92408e-11,3.947471e-11,5.5542467e-12,1.402695e-12,1.0362049e-10
750000,18,295,0,7.5615924e-13,2.0314918e-11,2.184233e-11,2.9529807e-13,1.7330687e-14,1.9305375e-11
750000,391,32,0,4.1075705e-11,3.4165518e-11,1.0819359e-11,1.5508345e-14,3.320778e-10,2.228293e-10
750000,479,67,0,2.4320353e-12,4.817279e-11,1.3217496e-12,7.5746815e-18,3.9773051e-13,5.7851335e-10
750000,113,18,0,1.3699147e-13,4.855658e-11,7.519273e-13,2.8038862e-17,2.886276e-12,3.2492287e-09
750000,168,474,0,7.959577e-12,5.394443e-11,6.004382e-12,9.059664e-16,4.5023823e-14,1.1220821e-10
750000,495,180,0,-1.3383504e-12,6.499295e-11,2.0795483e-12,1.2735782e-16,7.774698e-13,1.0305954e-10
750000,14,436,0,-8.896862e-13,6.874259e-11,4.986727e-11,1.07058615e-11,6.546265e-12,3.997664e-10
750000,479,289,0,9.310368e-14,4.696283e-11,3.462507e-09,7.191878e-10,3.2588905e-09,3.2294414e-10
750000,249,411,0,6.082523e-10,4.308416e-11,1.0891831e-23,2.661e-42,4.074681e-15,3.0516798e-09
750000,111,242,0,1.2594011e-09,2.0132198e-11,3.462259e-09,7.191878e-10,1.1561526e-09,1.0428888e-12
750000,380,455,0,1.2213934e-10,8.426486e-11,8.911126e-17,9.149419e-28,2.1831395e-14,9.367551e-11
750000,57,371,0,6.05893e-10,4.178348e-13,4.2939156e-11,1.0710598e-11,7.6838666e-12,3.1910672e-09
750000,3,390,0,-7.7176113e-13,6.131544e-11,2.9904421e-16,5.260429e-26,5.2712365e-13,4.4240717e-10
750000,1,356,0,-4.759043e-13,1.08397e-11,1.1517442e-13,1.6108037e-20,1.6258762e-20,1.9475202e-10
750000,471,480,0,-1.5117362e-12,1.114064e-10,2.5487415e-10,5.875809e-11,1.0278687e-10,3.306017e-09
750000,16,459,0,-1.2704299e-12,6.811722e-11,4.0778713e-12,1.7102452e-15,4.353255e-12,3.8821032e-10
750000,490,308,0,-7.3310845e-13,4.7497808e-11,3.4939518e-13,5.3769433e-19,3.0076358e-12,1.303876e-10
750000,311,467,0,3.3472555e-11,1.9522703e-11,3.050489e-14,1.01658074e-19,7.4547065e-17,3.1597482e-09
750000,480,436,0,4.1269956e-12,4.5601373e-11,2.5212087e-12,2.9528993e-16,1.12324065e-14,3.3848218e-09
750000,19,233,0,1.1680343e-12,6.6553915e-11,1.2591429e-14,3.1656297e-23,7.6576915e-14,4.1195353e-10
750000,468,87,0,4.1718205e-11,5.455057e-11,1.2696308e-10,5.4335758e-11,3.600773e-10,3.1531404e-09
750000,17,239,0,6.907092e-14,6.409672e-11,6.003676e-13,4.844208e-19,3.610025e-14,3.1480998e-09
750000,457,10,0,-1.4588486e-12,1.11375e-10,1.9769141e-11,3.1303126e-14,2.8965488e-10,2.4783323e-10
750000,7,459,0,-1.4711892e-12,6.484352e-11,1.4416382e-11,4.0868787e-14,9.5268565e-15,2.4801833e-10
750000,53,238,0,3.5186679e-10,1.2752692e-10,4.5489054e-14,3.620475e-21,1.6417083e-12,1.5530996e-10
750000,2,300,0,-6.8448204e-13,4.9237992e-11,1.7976137e-12,1.0917656e-16,2.9134826e-14,2.4746166e-10
750000,138,325,0,9.849649e-10,2.8267488e-12,3.4625962e-09,7.191878e-10,1.1532664e-09,6.56161e-11
750000,466,96,0,4.7266746e-11,1.8255194e-11,2.8858483e-13,1.2226261e-18,4.5307326e-16,3.0404768e-09
750000,472,427,0,3.1166018e-11,1.6991578e-11,9.855057e-16,1.7184495e-24,1.2600047e-23,3.22571e-10
750000,58,78,0,6.300565e-10,6.5166583e-12,1.1873093e-12,5.902337e-18,2.3165235e-22,3.388162e-10
750000,433,53,0,1.0516392e-09,7.3824745e-11,6.35684e-11,4.344531e-12,3.1496875e-11,1.4515014e-10
750000,497,250,0,-7.4770057e-13,2.6383817e-11,1.0734063e-10,7.568342e-12,2.527212e-12,3.9211235e-11
750000,461,436,0,1.9876434e-10,8.373979e-11,8.252119e-11,7.0955923e-12,1.8639354e-12,1.7646148e-10
750000,412,119,0,1.1901121e-09,7.4923734e-11,3.4779244e-09,7.1926753e-10,1.1934027e-09,6.4626e-11
750000,426,479,0,-1.0212325e-12,6.929685e-11,8.092182e-13,5.4335207e-18,1.1990199e-12,2.051614e-10
750000,105,491,0,-7.868303e-13,4.2932543e-11,1.5763484e-12,2.6431814e-16,5.2302357e-11,2.6305313e-10
750000,118,427,0,6.004384e-10,1.4494918e-10,5.46558e-14,8.072818e-21,1.0520877e-10,7.3422116e-11
750000,241,418,0,6.0015115e-10,9.988208e-11,5.1483663e-22,2.725716e-39,9.300053e-15,3.0814593e-09
750000,96,6,0,-9.752156e-13,2.5400496e-11,1.1482245e-10,1.2693466e-11,7.451784e-12,5.792424e-10
750000,41,189,0,1.16125665e-10,6.2712835e-11,5.1605224e-11,3.7783415e-11,9.166358e-11,3.1684055e-09
750000,42,471,0,1.9588517e-12,9.807003e-11,1.0281741e-12,1.885312e-17,1.9302303e-12,3.169392e-09
750000,412,346,0,1.7157606e-09,1.3615245e-11,2.2170411e-13,6.0089256e-20,2.0044153e-17,2.7831147e-11
750000,112,459,0,1.3737008e-11,1.11872255e-10,2.6097187e-11,1.1383574e-12,4.707435e-13,1.13255426e-10
750000,15,145,0,-9.418036e-13,8.6375844e-11,8.1490874e-13,3.774298e-18,5.507994e-11,3.683949e-10
750000,419,170,0,1.0247857e-09,2.2303327e-12,3.857139e-14,2.0672092e-20,1.9499845e-25,1.07940906e-10
750000,492,358,0,-6.0647906e-13,4.1706662e-11,7.539745e-11,1.721283e-12,4.5198353e-13,3.2082126e-10
750000,445,188,0,5.817253e-10,6.0117245e-11,1.7893236e-15,1.3415695e-22,3.1689906e-10,6.7327206e-11
750000,497,408,0,-7.399466e-13,1.2916387e-11,5.7278998e-11,4.8921483e-12,9.122239e-13,3.3888228e-09
750000,172,62,0,1.860357e-10,2.3474821e-11,1.2858896e-16,5.624822e-27,3.5241206e-15,6.871298e-11
750000,458,374,0,8.168326e-11,6.312298e-11,8.379344e-11,1.0328233e-11,2.792076e-10,9.2974864e-11
750000,482,363,0,-1.5304556e-13,7.676974e-12,4.61439e-12,1.1351811e-15,1.5440085e-18,3.2477372e-09
750000,62,412,0,4.704999e-10,3.9402585e-11,6.3389597e-12,1.8516301e-15,2.5027908e-14,1.1788721e-10
750000,476,96,0,6.4206453e-12,5.1230853e-11,4.0806854e-12,1.4838263e-15,2.9371852e-10,6.5542466e-10
750000,40,47,0,1.2814088e-11,6.804172e-11,2.1663346e-13,1.3586621e-18,3.517224e-12,3.3330607e-09
750000,497,475,0,-3.9691555e-13,1.1686214e-10,1.8979096e-12,1.5050205e-17,9.718946e-12,2.4844354e-10
750000,273,16,0,-5.00457e-13,4.565384e-11,4.597809e-16,2.5166025e-26,3.2769774e-12,5.306029e-10
750000,333,46,0,1.5667805e-10,1.575359e-11,8.087931e-12,6.9443306e-15,1.2144703e-13,2.1183731e-10
750000,40,216,0,1.6387454e-10,6.8498866e-11,1.611786e-13,6.110143e-20,4.703888e-12,3.0544005e-09
750000,74,107,0,3.1848776e-10,3.918654e-11,1.5443216e-11,1.5521925e-13,3.1854117e-10,1.8776866e-10
750000,11,481,0,-1.5351374e-12,9.308317e-11,5.170422e-12,1.4592845e-15,1.8409888e-14,3.29524e-09
750000,416,63,0,5.976946e-10,2.2023026e-11,4.6020236e-15,3.4527738e-23,1.3972159e-15,3.2964331e-09
750000,80,479,0,1.863479e-13,4.181102e-11,1.6433525e-11,1.12531376e-13,1.01225325e-14,3.3061465e-09
750000,442,76,0,1.2452324e-09,1.6333448e-11,2.789885e-13,1.0590718e-18,2.2595165e-21,1.9290727e-10
750000,416,417,0,6.213406e-10,2.088215e-11,3.1077107e-14,8.749533e-22,5.572746e-19,1.5037e-10
750000,279,21,0,-3.0454914e-13,1.7227443e-11,4.4869968e-14,1.7401081e-21,1.6421488e-15,1.5756733e-10
750000,100,461,0,8.1069e-12,3.5789496e-11,6.0747594e-11,1.0640981e-11,5.826563e-12,3.3616002e-10
750000,449,451,0,2.4139774e-10,6.4673586e-11,7.6210725e-16,6.2624136e-26,1.4357773e-14,3.4186451e-09
750000,335,82,0,1.0572849e-09,2.2822504e-11,1.0990314e-15,2.7119693e-24,4.5388058e-11,5.249619e-11
750000,75,53,0,5.102542e-10,6.0179396e-11,6.0909263e-15,7.0224224e-24,3.5194942e-12,3.4116898e-09
750000,372,162,0,8.922622e-10,2.0945254e-11,3.591698e-14,3.680148e-21,3.3744909e-16,1.6652653e-11
750000,90,350,0,3.3284805e-10,1.6319384e-14,2.2312858e-11,1.3124888e-13,1.7129784e-15,9.616332e-11
750000,438,81,0,1.3294927e-09,2.7574098e-11,6.3541416e-12,5.4831776e-15,2.2882029e-16,1.9658579e-10
750000,273,0,0,-7.804343e-13,8.880515e-11,3.1426386e-15,8.026714e-25,2.524177e-10,2.3412525e-10
750000,188,6,0,-5.5376374e-13,1.240354e-11,7.928583e-11,4.5950528e-11,8.488627e-11,1.8271333e-10
750000,80,470,0,5.7904376e-12,3.8370276e-11,2.1793629e-13,7.9285665e-19,1.5208075e-14,3.2342644e-09
750000,86,403,0,8.0397833e-10,2.508897e-11,1.4027786e-11,3.857597e-14,1.9977602e-16,1.7117492e-10
750000,30,9,0,-8.9838277e-13,8.1436725e-11,1.7722164e-13,5.8464893e-19,1.3792233e-12,4.75004e-10
750000,168,75,0,2.6325145e-10,9.209247e-12,4.860019e-19,1.0328705e-32,2.5261301e-20,4.2487375e-11
750000,86,62,0,5.671379e-10,4.824949e-11,2.7685167e-11,9.247102e-13,4.8458727e-11,3.0555711e-09
750000,442,340,0,9.0816815e-10,2.0040377e-11,6.956181e-14,2.5450303e-19,5.7022324e-18,1.3282775e-10
750000,14,490,0,-1.6095742e-12,5.810169e-11,8.082089e-12,1.9733445e-14,4.6385517e-12,7.19766e-10
750000,81,405,0,7.3335255e-10,4.044425e-11,7.1396834e-12,3.2187413e-15,4.437907e-11,2.5843286e-10
750000,460,489,0,-1.0143549e-12,7.3517685e-11,5.8831454e-11,4.7192306e-12,4.7237332e-11,6.162331e-10
