mcsteps,xCOM,yCOM,zCOM,il8,il1,il6,il10,tnf,tgf
760000,58,260,0,3.307774e-09,2.4343506e-11,1.4124344e-14,1.1106688e-22,1.2742371e-18,7.363841e-11
760000,127,278,0,2.7302018e-09,5.280557e-12,5.5979426e-11,4.0026663e-11,9.008021e-11,2.3229102e-13
760000,320,86,0,3.6953118e-09,3.728116e-12,1.4421908e-14,7.788117e-22,2.9634122e-22,2.0892661e-10
760000,426,147,0,2.887696e-09,5.647112e-12,6.976141e-11,2.0604267e-12,1.8869522e-13,6.68013e-11
760000,389,77,0,2.7968827e-09,1.4414115e-11,1.3057289e-11,8.430777e-15,1.6754467e-17,1.4721895e-10
760000,76,141,0,2.3511117e-09,1.5882967e-11,2.0035673e-14,5.485788e-22,1.3281938e-21,6.9555396e-11
760000,126,316,0,3.275895e-09,1.9584395e-11,1.01460093e-19,1.2157046e-29,2.8125915e-15,5.5015367e-12
760000,438,319,0,3.2253236e-09,3.0001883e-11,2.2369599e-17,2.568975e-26,2.1073212e-15,1.12415945e-10
760000,395,187,0,2.7101559e-09,6.615444e-11,6.619631e-14,6.7105835e-20,2.862283e-10,1.1692597e-10
760000,271,255,0,2.8835785e-09,1.0504466e-11,2.63e-42,0.0,2.6581832e-20,1.4660586e-12
760000,383,67,0,2.9926515e-09,1.9251548e-11,5.763629e-12,8.769004e-16,1.12732955e-17,4.625126e-10
760000,137,99,0,2.289114e-09,3.0306126e-11,1.4952147e-14,1.5881338e-22,1.621406e-12,9.627926e-11
760000,392,314,0,3.0116725e-09,1.4831633e-14,6.9243646e-19,1.7420387e-33,1e-45,3.2327148e-11
760000,73,326,0,2.635989e-09,9.468179e-13,9.186207e-22,9.383889e-39,6.611351e-30,1.4567862e-10
760000,209,54,0,2.4144484e-09,6.184076e-11,1.5760613e-11,1.4410123e-13,2.2390003e-11,1.173176e-10
760000,323,205,0,2.6196803e-09,1.0924324e-11,1.9215081e-14,3.2350741e-22,4.209228e-18,5.8186015e-11
760000,94,376,0,2.6702442e-09,1.3936615e-11,1.6327986e-14,1.1281133e-22,6.1085946e-16,1.7444338e-10
760000,394,426,0,2.7065916e-09,2.3588877e-11,3.639548e-18,3.1832041e-31,2.7458745e-17,8.1584725e-11
760000,203,425,0,3.8968024e-09,1.5578554e-11,6.8634096e-12,5.1537106e-15,8.9219e-18,3.2486843e-11
760000,261,127,0,2.7449658e-09,7.920961e-12,1.4524928e-13,1.4296545e-18,5.69393e-17,6.0435525e-11
760000,404,107,0,3.478281e-09,8.2519104e-12,1.6696494e-13,1.3590271e-19,2.6600985e-16,6.133361e-11
760000,188,196,0,2.1916984e-09,1.909762e-11,1.3238376e-15,2.7297016e-25,4.8242844e-18,5.975826e-11
760000,385,429,0,3.0780425e-09,3.6390224e-11,1.1660819e-12,1.3077132e-17,2.934416e-13,6.191987e-11
760000,233,290,0,2.205859e-09,8.732035e-17,1.215311e-26,0.0,0.0,2.7828372e-13
760000,201,360,0,2.8014904e-09,2.2127905e-12,1.5712208e-21,2.5192552e-38,3.8094347e-27,3.7094175e-11
760000,349,67,0,2.8832314e-09,1.9309011e-11,3.3853257e-11,1.9458606e-12,3.701978e-13,9.3195535e-11
760000,66,315,0,2.5655083e-09,4.219989e-11,2.1041685e-22,3.10818e-37,1.9880368e-14,7.9591056e-11
760000,205,431,0,4.1514823e-09,2.0308819e-11,1.241349e-11,1.0239682e-14,5.7573414e-15,1.006236e-10
760000,209,220,0,3.019804e-09,7.188715e-12,1.0683404e-14,1.8203494e-22,9.5588475e-17,7.1532114e-11
760000,77,278,0,3.8502823e-09,3.4546272e-11,1.0417438e-17,8.047007e-30,1.727432e-15,2.6817912e-10
760000,108,363,0,2.4358806e-09,1.439162e-11,2.1622861e-11,2.2734508e-13,1.5191846e-12,1.712931e-10
760000,91,389,0,2.798332e-09,1.91588e-11,1.5792966e-11,2.4555214e-14,2.2126111e-16,9.585587e-11
760000,156,431,0,2.2483533e-09,1.8677287e-11,7.8577863e-17,8.2250844e-27,1.0177778e-19,1.3925722e-10
760000,407,267,0,2.4158284e-09,3.3829203e-11,1.119536e-18,6.9226047e-31,2.1006283e-18,4.7093298e-11
760000,268,393,0,2.5193492e-09,2.9283871e-12,2.9157002e-14,2.3904722e-21,3.4150054e-27,9.2348115e-11
760000,242,397,0,2.7100948e-09,4.995242e-11,3.4418298e-23,7.738e-42,3.6571145e-13,1.0827949e-10
760000,440,84,0,2.6255513e-09,2.1334191e-11,1.21824035e-11,4.695473e-14,5.6438463e-14,2.6660235e-10
760000,446,77,0,2.533432e-09,1.6214e-11,7.495393e-12,4.1818457e-15,5.6891303e-18,1.2327359e-10
760000,415,128,0,3.5247987e-09,1.9049075e-11,3.224243e-13,3.236919e-18,1.4888042e-17,1.79634e-10
760000,389,155,0,2.759075e-09,3.0382283e-11,2.0995611e-11,3.0848804e-13,2.8449843e-11,7.8425946e-11
760000,307,424,0,2.8572151e-09,3.057098e-11,7.058599e-17,2.7653444e-27,1.35389705e-17,4.7511325e-11
760000,335,203,0,3.0106966e-09,9.543655e-14,6.041322e-13,4.0000192e-18,1.3957473e-22,7.0872044e-11
760000,59,186,0,2.6263298e-09,3.103882e-11,2.2366154e-12,2.3186532e-16,1.7831203e-19,1.01723914e-10
760000,53,272,0,2.6364138e-09,3.8534308e-11,9.127909e-13,1.2998273e-17,1.0097647e-15,1.3189683e-10
760000,309,73,0,2.549423e-09,8.277113e-12,4.27168e-12,4.7299256e-15,2.6598545e-17,1.5404572e-10
760000,188,399,0,2.2869318e-09,6.423876e-12,1.9297003e-12,7.0522335e-17,1.9428695e-20,1.5871653e-10
760000,378,108,0,2.4893263e-09,2.6239846e-12,1.9773967e-13,1.3560836e-18,1.5387722e-22,4.497251e-11
760000,377,253,0,3.0819791e-09,1.6095599e-11,8.124579e-18,1.05823785e-30,9.4102094e-14,2.6941718e-11
760000,168,209,0,2.4288989e-09,5.119872e-12,1.9787949e-36,0.0,4.3631033e-24,3.0239578e-11
760000,66,90,0,2.5415186e-09,4.2960576e-11,2.764302e-13,1.0591032e-18,3.2604341e-10,2.359757e-10
760000,396,334,0,2.8974927e-09,3.506897e-11,1.13295387e-13,1.296146e-19,2.6445361e-14,3.0338921e-12
760000,189,249,0,3.5768097e-09,1.886037e-11,4.912285e-29,0.0,1.4197014e-15,7.093387e-11
760000,279,428,0,2.2667244e-09,4.412601e-11,5.779332e-13,1.4912714e-18,2.5697378e-16,9.167976e-11
760000,346,344,0,2.6854121e-09,9.57237e-12,1.2627451e-20,2.1461227e-36,2.1514895e-21,9.7358874e-12
760000,432,130,0,2.6718827e-09,2.3723901e-11,5.4475394e-18,2.7081564e-30,8.2540497e-19,2.05951e-09
760000,442,274,0,2.2255484e-09,7.140761e-12,2.859548e-12,2.1717906e-16,7.0572517e-20,5.5445593e-11
760000,438,54,0,2.3547368e-09,7.1530455e-11,7.9788355e-12,3.0177397e-15,2.2588387e-13,2.0695931e-10
760000,299,337,0,4.5871658e-09,2.1158898e-15,1.1611542e-22,9.92055e-40,1e-45,5.3005543e-12
760000,341,111,0,3.941178e-09,1.7724777e-12,2.754889e-23,1.2416e-41,3.6298824e-26,1.3708849e-11
760000,138,267,0,3.1494098e-09,3.3021543e-13,3.2349237e-18,9.141539e-32,6.842939e-35,1.6666174e-13
760000,200,246,0,4.177273e-09,1.4366364e-11,3.035076e-31,0.0,1.6228219e-13,1.6574093e-11
760000,292,108,0,2.773945e-09,6.8717454e-12,3.078543e-14,1.2357813e-20,2.132642e-18,5.0378878e-11
760000,246,93,0,2.1052218e-09,4.7774996e-12,5.4370557e-14,3.3022446e-21,9.2904726e-21,1.6377141e-10
760000,296,339,0,4.3061616e-09,3.7892964e-16,3.0979568e-24,4.013e-42,0.0,1.5975149e-12
760000,194,71,0,2.6158027e-09,2.0338236e-11,1.3044552e-12,3.546376e-17,1.541384e-14,8.510417e-11
760000,64,195,0,3.2744634e-09,4.349476e-11,2.5630753e-14,2.4999557e-21,1.8904708e-15,1.1008577e-10
760000,52,71,0,2.20276e-09,1.2583672e-11,4.294831e-11,3.665299e-13,1.0650851e-14,1.1228138e-10
760000,402,128,0,2.8193616e-09,8.088398e-12,2.9319673e-14,7.042681e-21,2.990943e-22,1.6041476e-10
760000,355,401,0,2.1709792e-09,2.5908442e-11,3.0115947e-16,8.108813e-26,2.4088464e-19,6.616595e-11
760000,439,427,0,3.1289824e-09,4.063814e-11,5.740783e-14,1.0424203e-20,7.505904e-16,1.1979831e-10
760000,442,258,0,2.5631397e-09,1.8331737e-11,9.135923e-16,7.896525e-25,1.7529446e-16,1.986578e-10
760000,389,397,0,2.2708404e-09,2.5398315e-11,3.7645645e-17,1.3453364e-27,1.2446345e-17,1.4761226e-10
760000,244,242,0,2.223572e-09,5.837605e-17,2.391004e-17,6.772355e-27,2.6999705e-34,5.9635445e-13
760000,71,411,0,2.3918825e-09,2.7044781e-11,8.034796e-12,1.8789613e-14,1.26294205e-14,1.9547865e-10
760000,307,376,0,2.732657e-09,6.605861e-12,1.738074e-14,3.7718118e-22,5.8877883e-23,1.788971e-11
760000,305,254,0,2.4797993e-09,1.2385162e-12,0.0,0.0,4.017581e-29,9.6695004e-12
760000,245,440,0,2.4812965e-09,3.042795e-12,4.0107266e-12,7.523267e-16,3.4716856e-19,1.2941763e-10
760000,112,181,0,2.2242892e-09,5.1142326e-11,1.6290208e-23,1.28894e-40,5.1044027e-13,9.679318e-12
760000,162,315,0,2.8312863e-09,1.972176e-11,3.5136237e-16,3.0122084e-25,1.8239313e-11,2.5592642e-12
760000,354,278,0,3.1934615e-09,1.8084178e-13,4.499319e-16,6.003782e-25,4.032411e-32,2.1498013e-11
760000,383,172,0,3.3327436e-09,2.7211565e-11,7.4596595e-13,3.6601563e-18,1.1462994e-13,4.1024364e-11
760000,89,263,0,3.0883747e-09,5.2646068e-11,7.1577455e-13,6.3232813e-18,2.584768e-11,1.4385496e-10
760000,444,99,0,2.22612e-09,6.674652e-11,9.095404e-14,1.7654689e-20,3.7305917e-10,8.872159e-11
760000,89,276,0,3.7035464e-09,1.3609695e-11,1.3701024e-13,1.8610508e-19,2.959493e-14,7.699624e-12
760000,293,246,0,2.7598144e-09,2.0882981e-11,0.0,0.0,1.8068402e-12,4.781436e-12
760000,207,334,0,2.8026739e-09,8.779017e-12,2.4703785e-20,9.616695e-36,1.559935e-21,1.2470258e-12
760000,280,212,0,2.8368723e-09,9.007801e-12,0.0,0.0,3.335919e-17,9.099339e-12
760000,313,59,0,2.4204463e-09,1.9454754e-11,5.385478e-16,4.087511e-25,2.4821833e-18,9.9351034e-11
760000,238,137,0,2.572428e-09,9.193387e-17,7.901105e-12,1.6108796e-14,8.7277454e-17,5.144857e-12
760000,285,176,0,2.3777358e-09,4.682049e-12,8.587781e-22,2.585839e-38,9.298464e-22,8.7373137e-11
760000,132,197,0,2.7509426e-09,4.3123203e-11,2.2013721e-29,0.0,1.8068466e-12,6.512015e-11
760000,230,143,0,2.64083e-09,5.744773e-16,5.168618e-15,1.0216461e-23,6.112679e-31,1.8895798e-11
760000,252,297,0,2.3514002e-09,2.6774201e-12,2.5676458e-23,2.969537e-38,1.2116009e-27,7.1769264e-11
760000,337,257,0,5.0335114e-09,1.4820376e-13,9.495768e-24,7.1805e-41,8.117352e-38,2.1545557e-11
760000,398,306,0,3.0467695e-09,1.7678843e-12,4.734348e-27,0.0,2.8349837e-26,2.3555592e-11
760000,429,420,0,2.9326928e-09,2.8098463e-11,2.5227363e-13,1.1386065e-19,1.7533214e-15,1.8833701e-10
760000,71,218,0,2.6791012e-09,6.637388e-11,2.3177803e-13,7.134778e-19,1.4466937e-12,8.8424296e-11
760000,168,403,0,2.2179818e-09,2.560997e-11,4.5224475e-20,3.043355e-30,8.67551e-15,1.508018e-11
760000,287,315,0,3.540468e-09,7.2370686e-12,7.62592e-25,1e-44,1.5159843e-17,8.931625e-11
760000,259,282,0,2.402592e-09,6.442207e-13,5.1678167e-24,3.56e-43,3.8949883e-30,1.7721823e-16
760000,252,173,0,2.3090638e-09,7.544187e-12,1.6704001e-34,0.0,8.877506e-18,1.6002885e-11
760000,238,428,0,3.0573222e-09,1.9306948e-10,1.9267573e-17,3.752804e-29,9.823158e-13,1.7210615e-10
760000,229,430,0,3.0846008e-09,3.1735847e-11,1.3763046e-14,2.3036642e-22,1.00508835e-13,1.0657742e-10
760000,255,271,0,2.359316e-09,7.399928e-12,4.788966e-35,0.0,7.991687e-19,2.8982814e-15
760000,222,130,0,3.0292922e-09,7.504197e-12,1.9699326e-21,7.119699e-35,1.5113135e-21,2.3160784e-11
760000,289,209,0,2.6161355e-09,3.5984226e-12,3.3823e-41,0.0,4.6473544e-23,4.1098607e-11
760000,86,240,0,2.6064049e-09,4.6658052e-11,2.2708152e-13,1.1336493e-19,4.6445026e-13,3.6785793e-11
760000,223,352,0,3.131558e-09,1.6179983e-11,1.951279e-12,3.6902195e-17,1.1079244e-17,5.059814e-11
760000,210,268,0,2.4664044e-09,4.3497337e-12,1.3067631e-37,0.0,6.007671e-25,2.603103e-12
760000,345,144,0,2.4014692e-09,3.9472026e-11,1.1914223e-22,6.941682e-39,2.2446453e-11,1.7734887e-10
760000,415,172,0,2.5083706e-09,5.0224976e-12,1.6594924e-16,1.3328485e-25,1.0098012e-25,2.750774e-11
760000,428,370,0,2.568676e-09,4.3172854e-11,1.8529971e-12,8.130034e-17,1.3909203e-12,2.022223e-11
760000,396,193,0,2.586159e-09,5.0567255e-11,5.797133e-16,2.6017172e-26,7.875299e-15,9.940507e-11
760000,413,337,0,3.6559586e-09,3.4303654e-11,8.8404517e-13,6.9263638e-18,2.010737e-12,2.5700643e-11
760000,365,266,0,2.9548384e-09,5.431683e-13,5.6361817e-21,9.705867e-35,9.0475865e-28,1.2698353e-11
760000,335,335,0,3.3332168e-09,1.5204792e-11,3.7965932e-22,3.746527e-39,1.7250451e-14,1.7052743e-11
760000,330,184,0,2.545102e-09,1.5592676e-12,1.5066092e-13,2.4553535e-18,1.0985204e-21,6.0613126e-11
760000,434,75,0,2.5200757e-09,3.3259527e-11,7.6185824e-13,3.6615133e-18,9.5803994e-14,1.4129306e-10
760000,403,150,0,3.0276568e-09,1.9750345e-11,7.018487e-18,2.1946557e-30,3.789203e-17,5.992612e-11
760000,355,213,0,2.6466231e-09,1.0605477e-13,6.28122e-14,7.848908e-21,8.184303e-27,3.5483363e-11
760000,446,196,0,2.1567184e-09,3.2736362e-11,6.5172206e-13,2.55127e-17,2.984146e-18,1.9676784e-10
760000,150,282,0,2.456961e-09,2.6206492e-11,9.667654e-23,5.175491e-39,2.7751436e-17,1.8544551e-11
760000,323,291,0,3.5626375e-09,1.5982026e-11,4.2352277e-21,9.411526e-33,1.450218e-13,2.559106e-12
760000,63,445,0,2.1950854e-09,2.4361022e-11,1.8944797e-11,1.6244081e-13,3.3105584e-15,1.6013822e-10
760000,369,298,0,2.3313842e-09,1.5796163e-11,4.3132718e-15,5.287147e-24,1.2097638e-17,8.2870676e-11
760000,223,266,0,2.2727602e-09,5.958622e-13,6.2e-44,0.0,1.2033338e-31,6.7360675e-14
760000,444,434,0,3.0094547e-09,6.8150666e-11,4.696995e-12,1.0142087e-15,2.935985e-10,3.0437594e-10
760000,402,404,0,2.6769829e-09,4.162367e-11,7.658174e-14,1.248705e-19,3.2829667e-10,5.4508162e-11
760000,387,86,0,2.6989928e-09,3.314401e-11,5.078071e-12,8.8311454e-16,7.715756e-15,1.8324078e-10
760000,324,310,0,3.6032828e-09,1.5101682e-11,1.333281e-12,4.4828984e-17,3.257364e-12,1.4985227e-11
760000,211,222,0,3.0670528e-09,6.422636e-12,6.765293e-13,5.6235464e-18,1.9260492e-17,4.5692002e-11
760000,181,222,0,3.541054e-09,7.3701776e-13,6.7307437e-38,0.0,1.4911577e-34,1.0813964e-12
760000,258,327,0,2.2466653e-09,9.759955e-12,1.8803164e-36,0.0,1.00721266e-19,2.2104924e-11
760000,326,316,0,3.3312935e-09,8.725191e-12,6.25363e-18,5.3870663e-28,1.2470393e-15,8.337553e-13
760000,236,433,0,3.1893492e-09,3.5562022e-11,5.6216497e-15,1.04268645e-20,4.1222244e-14,1.5678235e-10
760000,111,290,0,2.8067189e-09,7.832383e-12,2.5770347e-19,2.5010895e-31,1.2985442e-15,3.5477427e-11
760000,313,431,0,3.1769094e-09,8.861396e-11,8.0210313e-14,1.3594353e-20,4.360387e-11,8.0175935e-11
760000,299,294,0,2.8396243e-09,2.5155584e-11,3.3417384e-26,1.7e-44,7.709964e-15,5.0092265e-13
760000,123,315,0,3.2660037e-09,2.07977e-11,2.639091e-16,2.0877977e-23,2.1043677e-12,4.5984115e-12
760000,193,333,0,3.347368e-09,1.24407e-12,2.6720813e-30,0.0,3.7063824e-29,3.576089e-11
760000,152,89,0,2.3764177e-09,2.4907356e-11,3.336421e-12,2.7041712e-16,4.2020406e-12,4.7961773e-11
760000,198,176,0,2.5200089e-09,1.7835882e-11,2.3287082e-14,1.5163915e-21,5.626103e-16,1.8447584e-11
760000,327,279,0,3.57961e-09,1.7248359e-11,1.2943722e-16,9.0849e-26,2.5364513e-12,8.8683905e-13
760000,64,142,0,2.3051416e-09,4.5936605e-11,3.8635414e-11,5.637279e-12,1.7614884e-12,7.216637e-11
760000,315,110,0,3.037093e-09,1.545141e-11,5.7865225e-25,3e-45,4.891482e-17,1.0178256e-10
760000,350,366,0,2.4890319e-09,1.3077053e-11,6.3705403e-22,9.102043e-39,1.2107076e-17,6.365974e-11
760000,323,306,0,3.531782e-09,1.134878e-11,9.692779e-11,5.788333e-12,1.4449658e-12,2.7133854e-11
760000,417,128,0,3.4989553e-09,1.3918953e-11,3.2243544e-13,3.236919e-18,1.2062643e-20,2.165029e-10
760000,154,117,0,2.341825e-09,6.25921e-12,8.003899e-13,8.712754e-18,5.5142544e-22,1.9853373e-10
760000,444,151,0,2.399576e-09,2.292141e-11,6.8553805e-13,3.2399732e-18,9.490271e-17,8.6398215e-11
760000,186,417,0,2.7930966e-09,9.4469285e-12,2.2728616e-12,2.885482e-16,2.2295855e-18,2.1246789e-10
760000,192,245,0,4.351461e-09,1.520786e-11,4.566424e-34,0.0,1.7138566e-13,5.1658018e-11
760000,73,66,0,2.535386e-09,5.1613176e-11,1.1297723e-14,7.708891e-22,5.4296082e-14,2.2436422e-10
760000,215,351,0,2.9208298e-09,4.94857e-12,3.5504554e-11,1.1023891e-12,5.7378235e-14,1.1537328e-10
760000,267,216,0,2.8408917e-09,7.798409e-13,1.3783105e-32,0.0,4.523616e-28,3.0365532e-10
760000,114,90,0,2.7118043e-09,2.335487e-11,2.9250863e-14,3.878471e-21,7.651812e-14,1.0716641e-10
760000,204,429,0,4.288148e-09,1.9652866e-11,1.6772271e-11,4.3657792e-14,4.2832667e-16,6.392737e-11
760000,365,141,0,2.5277425e-09,2.4768898e-12,1.982174e-12,1.06989764e-16,1.598287e-20,2.1317585e-11
760000,128,63,0,3.2863225e-09,5.1150757e-11,2.8043541e-11,2.0760052e-12,4.4457184e-13,1.3649078e-10
760000,403,144,0,3.0026592e-09,7.791382e-12,1.8770348e-16,1.6063052e-25,1.0426513e-25,7.499313e-11
760000,412,214,0,2.2140625e-09,1.881452e-11,6.460092e-13,2.1202585e-18,1.1838407e-12,8.611302e-11
760000,309,193,0,2.3790918e-09,8.425889e-13,1.0463672e-29,0.0,1.5897641e-30,2.0874628e-11
760000,275,220,0,2.865274e-09,1.8896432e-12,6.9711e-38,0.0,5.2512714e-28,3.3389524e-12
760000,263,196,0,2.6485287e-09,6.028625e-12,1e-45,0.0,5.3872226e-23,7.459727e-11
760000,145,311,0,2.9254152e-09,4.005822e-11,3.2495993e-15,7.5172253e-23,6.759495e-12,4.623279e-11
760000,392,111,0,3.0393283e-09,1.3043596e-13,4.1767896e-12,8.8392573e-16,4.303891e-19,9.699308e-11
760000,243,62,0,2.0929913e-09,3.7314774e-12,5.6081644e-16,3.6343182e-26,9.793508e-25,8.55697e-11
760000,296,390,0,2.6826397e-09,1.8268293e-11,3.735975e-17,1.4574421e-28,1.63732e-17,3.718098e-11
760000,220,335,0,2.8197555e-09,3.0498777e-11,5.1584995e-17,3.344057e-27,2.1853937e-11,5.9937723e-12
760000,84,372,0,2.480848e-09,6.4613844e-12,8.883743e-15,5.99392e-23,4.1355437e-24,1.1933278e-10
760000,76,60,0,2.5055262e-09,4.560762e-11,1.4103267e-12,1.2534722e-16,2.565916e-13,2.180649e-10
760000,375,312,0,2.405678e-09,3.6115431e-12,1.4062364e-15,1.2248694e-24,2.4988084e-22,6.713703e-11
760000,169,241,0,2.4196596e-09,2.263769e-11,1.8974994e-28,0.0,1.5189187e-11,2.3823164e-11
760000,395,101,0,3.2150607e-09,1.134778e-11,7.708813e-14,4.9774095e-21,9.380585e-20,9.2174594e-11
760000,369,385,0,2.5881766e-09,3.9910134e-11,2.0209438e-13,8.795371e-19,1.4299753e-13,7.810359e-11
760000,287,324,0,4.362e-09,5.3809984e-14,4.6209432e-32,0.0,2.7080164e-34,2.5446622e-11
760000,295,316,0,3.6392647e-09,8.5666923e-13,4.2899224e-31,0.0,1.7061665e-30,6.7072535e-11
760000,286,268,0,2.674857e-09,4.3659458e-16,3.0179835e-33,0.0,0.0,7.2224695e-15
760000,342,261,0,3.7606833e-09,3.8617993e-12,3.6715723e-20,6.363499e-33,1.00154866e-22,1.896267e-12
760000,114,391,0,2.772884e-09,2.4164927e-11,9.756007e-12,1.2250461e-14,2.1837364e-11,1.2181553e-10
760000,266,179,0,2.5418834e-09,1.2736672e-11,1.1649832e-38,0.0,1.2267657e-19,8.336983e-12
760000,197,326,0,3.4444525e-09,4.5365846e-12,1.126356e-29,0.0,1.00316715e-22,3.697897e-12
760000,226,321,0,2.720565e-09,1.4623826e-12,1.0241194e-18,8.354507e-31,3.489186e-29,4.2321355e-11
760000,321,116,0,2.8612313e-09,7.649669e-12,3.7981332e-26,0.0,7.353001e-21,4.9469085e-11
760000,436,369,0,2.7183211e-09,7.683437e-11,3.5768537e-13,1.7277268e-18,9.89925e-15,1.196025e-10
760000,184,328,0,3.0139677e-09,1.4199355e-13,6.6484985e-22,2.1259427e-38,6.5655327e-34,2.1215888e-13
760000,100,332,0,2.464013e-09,4.2773237e-12,6.864729e-14,6.662518e-21,4.434747e-22,9.623889e-11
760000,195,318,0,2.8943512e-09,9.4369906e-14,6.549007e-24,2.7534e-41,1.0157249e-38,5.7427904e-12
760000,310,292,0,3.2123877e-09,5.2519634e-12,2.4061325e-25,2.02e-42,1.5260493e-21,1.9724963e-11
760000,155,446,0,2.2981699e-09,8.50701e-11,1.0804787e-13,3.07314e-20,5.144286e-11,1.3463172e-10
760000,354,113,0,2.9430463e-09,2.8358165e-11,1.2071335e-30,0.0,2.7395783e-10,1.1329211e-11
760000,319,287,0,3.5795225e-09,3.3293856e-12,7.58893e-24,1.457691e-39,4.9021715e-25,4.1556213e-11
760000,280,119,0,2.4706326e-09,4.7507397e-12,5.954293e-24,8.1e-44,8.6852014e-26,1.3020622e-10
760000,389,139,0,2.6015625e-09,2.6118486e-11,3.5052926e-12,1.4822744e-15,6.6172154e-15,9.244061e-11
760000,230,204,0,2.158542e-09,1.0543571e-12,3.8143468e-26,0.0,3.8016901e-28,1.3182431e-11
760000,136,74,0,3.1540435e-09,3.697776e-11,5.962558e-14,2.17958e-21,1.512499e-14,2.8044908e-10
760000,383,52,0,2.5147426e-09,4.695639e-11,1.5717093e-11,1.2274874e-13,1.2555442e-13,7.81434e-11
760000,331,234,0,3.951148e-09,3.585519e-11,5.3712415e-24,2.33077e-40,3.715085e-12,4.94755e-11
760000,366,365,0,2.4018365e-09,1.3469839e-11,4.572483e-16,9.268877e-27,2.8549142e-18,1.953588e-11
760000,390,344,0,3.13725e-09,3.5981697e-11,3.2779668e-11,5.7556943e-13,5.85851e-14,6.748395e-11
760000,118,326,0,2.6312743e-09,1.25827595e-11,4.4389297e-14,2.6974709e-20,5.3011435e-16,6.536746e-11
760000,331,445,0,2.1458038e-09,5.0233658e-11,1.9827919e-11,4.1774777e-14,5.014478e-16,1.5561377e-10
760000,112,414,0,2.4215194e-09,4.4148303e-11,5.591149e-13,2.1285061e-18,1.0960379e-12,1.8421766e-10
760000,337,254,0,4.301758e-09,3.049568e-14,4.7686395e-25,3e-45,2.2574462e-36,3.2290462e-11
760000,225,357,0,2.9067093e-09,1.5443565e-11,3.471203e-11,1.1747848e-12,6.435559e-14,4.6389018e-11
760000,292,102,0,2.8498979e-09,1.0123927e-11,2.8225674e-11,1.3394728e-13,4.0289355e-15,2.7674345e-11
760000,355,76,0,2.794361e-09,2.628843e-11,5.0380693e-11,1.1284935e-12,1.2862559e-13,7.743788e-11
760000,54,431,0,2.3107092e-09,4.0454307e-11,9.5563795e-14,1.2097414e-20,1.4218917e-14,2.3083276e-10
760000,55,89,0,2.5303755e-09,4.0035746e-11,1.9953211e-13,9.604659e-19,6.979555e-18,2.364354e-10
760000,208,367,0,2.7085827e-09,1.4495231e-11,1.1722882e-21,1.7825408e-38,9.158099e-15,3.6967304e-11
760000,107,96,0,2.665761e-09,1.4502238e-11,6.814333e-13,2.3764018e-18,1.1659802e-17,2.9222538e-10
760000,439,376,0,2.5459013e-09,3.0132175e-11,9.411079e-13,1.4300538e-17,2.5420466e-11,1.8723258e-10
760000,193,55,0,2.3472437e-09,4.740586e-11,2.44963e-17,7.912086e-29,5.403741e-13,6.588266e-11
760000,250,216,0,2.3753521e-09,1.4021523e-11,9.9385964e-20,3.534446e-33,4.8402525e-11,8.181418e-11
760000,335,273,0,3.0504628e-09,5.22547e-12,6.840322e-14,5.481953e-21,5.5944546e-19,5.362565e-11
760000,316,298,0,3.3978476e-09,3.6636106e-12,2.3464321e-16,5.2298954e-25,6.638573e-25,8.040142e-12
760000,331,365,0,2.8947844e-09,1.6864402e-11,2.804501e-22,4.84011e-38,1.0050883e-13,1.7781903e-11
760000,57,220,0,2.7916391e-09,1.2963955e-10,8.102104e-12,1.9733447e-14,1.682761e-11,1.4001832e-10
760000,181,414,0,2.7312783e-09,1.9157446e-11,2.6167794e-12,1.4529263e-16,9.176288e-18,8.075657e-12
760000,161,126,0,2.4296176e-09,2.1868084e-11,3.126375e-17,7.4539405e-29,4.2133896e-12,1.3112732e-10
760000,203,419,0,3.1995524e-09,1.0140373e-11,1.3001565e-13,1.6428112e-20,4.0861373e-21,6.091234e-11
760000,357,181,0,2.521344e-09,1.0906261e-11,1.6188136e-28,0.0,2.0951199e-18,3.2095774e-12
760000,362,201,0,2.7560856e-09,1.2943457e-11,3.4755633e-21,4.6482364e-36,9.8284765e-15,2.0047913e-11
760000,207,141,0,2.2377742e-09,6.639421e-13,3.182224e-20,3.8553164e-35,9.2480485e-30,9.754216e-12
760000,112,271,0,2.810101e-09,3.9726463e-13,1.3782212e-18,3.339653e-32,8.588862e-35,3.92407e-13
760000,406,408,0,2.6642575e-09,4.7987277e-11,6.778811e-13,2.9398789e-18,2.0850675e-14,5.611133e-11
760000,72,250,0,2.7263725e-09,2.3968863e-11,7.5742246e-11,6.8086678e-12,1.2820496e-12,1.8468341e-10
760000,148,262,0,2.790314e-09,1.143294e-11,4.761531e-25,1.1e-44,1.4165895e-20,1.5518607e-11
760000,118,124,0,2.40632e-09,1.0642726e-12,1.1751161e-18,1.0179029e-32,5.607998e-30,9.150157e-11
760000,142,199,0,2.9011666e-09,3.0163583e-11,1.146059e-28,0.0,2.0495414e-13,4.8212958e-11
760000,172,134,0,2.2966116e-09,4.3676365e-11,1.4103266e-12,1.2534722e-16,2.5420869e-11,2.8425138e-12
760000,444,440,0,2.707258e-09,6.612115e-11,1.2157763e-11,3.654135e-14,2.249359e-15,3.0034028e-10
760000,103,244,0,2.9669567e-09,1.246702e-11,4.5395914e-20,4.0794817e-28,1.03470885e-16,3.726978e-11
760000,127,379,0,2.5034799e-09,2.6576765e-11,2.6260382e-13,1.7264056e-19,5.7175095e-17,5.8335906e-11
760000,195,246,0,4.673747e-09,1.22459334e-11,6.4094375e-35,0.0,4.6498573e-19,2.4659894e-11
760000,60,203,0,2.7894413e-09,5.3467068e-11,5.5587116e-13,1.6291084e-18,2.4586031e-15,1.0761351e-10
760000,218,436,0,3.052733e-09,5.3777677e-11,1.4425508e-12,2.9712748e-17,9.917787e-13,1.8352532e-10
760000,291,129,0,2.7662697e-09,1.581116e-11,5.4046736e-14,3.947705e-20,5.1852255e-18,4.877971e-11
760000,342,417,0,2.188685e-09,1.30974e-11,4.9603113e-11,1.9447294e-11,1.4943753e-11,8.476267e-11
760000,268,359,0,2.387848e-09,5.646375e-12,2.3966292e-14,8.708414e-21,9.712288e-19,9.131124e-12
760000,91,250,0,3.1361354e-09,3.5056673e-11,6.821332e-13,1.924584e-17,3.232279e-15,5.207532e-11
760000,404,352,0,2.951824e-09,1.9702063e-11,3.0031363e-14,5.7358263e-21,1.452642e-15,8.6013176e-11
760000,296,281,0,2.6170024e-09,2.3272174e-12,8.473154e-30,0.0,7.804278e-26,1.4275219e-14
760000,310,434,0,3.234783e-09,8.02436e-11,5.856958e-14,2.22553e-20,1.4464746e-12,5.8845616e-11
760000,416,352,0,2.7167744e-09,5.3684266e-12,4.7861083e-11,4.636996e-12,8.081533e-13,7.593686e-11
760000,413,427,0,2.3255082e-09,5.408496e-11,2.351819e-20,1.0404881e-36,9.659601e-16,1.1178057e-10
760000,75,333,0,2.504588e-09,4.6046617e-15,1.406317e-24,1.1e-44,0.0,8.8526596e-11
760000,256,231,0,2.4419602e-09,1.3267386e-12,4.022428e-18,2.1830553e-28,9.868379e-27,2.4409148e-11
760000,145,354,0,2.2936526e-09,1.4031047e-11,1.1408699e-13,2.1186341e-20,9.158099e-15,5.0240954e-11
760000,223,161,0,2.8351061e-09,8.5455666e-13,5.4304765e-15,3.5736336e-22,8.136022e-28,3.8299594e-12
760000,382,283,0,2.9178862e-09,3.575128e-11,1.3382466e-18,4.0266554e-31,3.612328e-17,5.363631e-13
760000,366,124,0,2.5115214e-09,1.2662282e-11,1.6357473e-22,2.8351914e-38,1.0690049e-17,1.2050666e-10
760000,373,262,0,3.0425353e-09,7.517177e-12,4.5457685e-16,9.286809e-26,9.858647e-19,4.1872904e-11
760000,440,176,0,2.5863771e-09,9.17469e-12,4.5616948e-12,1.4786517e-15,1.3575144e-18,5.1135488e-11
760000,298,201,0,2.4453193e-09,7.8775304e-14,1.2392365e-34,0.0,6.9913514e-34,3.4993744e-11
760000,394,171,0,2.7814657e-09,2.059843e-11,3.606033e-12,1.3831413e-15,2.4983493e-18,6.4098636e-11
760000,242,390,0,2.5884843e-09,4.4779215e-11,1.4429852e-18,2.6411806e-32,6.9280817e-17,8.994924e-11
760000,95,408,0,2.628032e-09,2.937328e-11,8.785901e-12,4.206636e-14,7.572332e-14,3.0420297e-10
760000,350,259,0,3.1402492e-09,1.0063458e-12,3.13865e-21,1.01908155e-36,3.1564665e-29,1.42779686e-11
760000,414,307,0,3.668338e-09,1.2436766e-11,3.28886e-17,9.514405e-28,3.9253205e-15,9.729681e-11
760000,304,336,0,3.663963e-09,9.6250685e-14,1.5139277e-19,9.244996e-34,8.612978e-37,3.7211805e-12
760000,422,329,0,3.4305119e-09,2.234454e-11,1.4100194e-15,3.0629428e-24,8.3880196e-16,8.489942e-11
760000,211,434,0,3.4971501e-09,3.006802e-11,1.0219037e-11,1.2029987e-14,4.743689e-16,1.9535108e-10
760000,302,89,0,2.8320202e-09,2.4434286e-11,1.0032951e-20,4.274129e-35,2.286491e-11,7.173625e-11
760000,97,161,0,2.1460962e-09,3.7134528e-11,9.368844e-15,2.3738514e-23,1.0719716e-13,8.363361e-11
760000,275,175,0,2.5758005e-09,1.6594674e-11,2.0004674e-28,0.0,1.9541668e-15,9.022186e-11
760000,285,302,0,3.0499931e-09,4.7695368e-12,5.125315e-16,1.5212641e-25,2.9349012e-21,3.4795056e-11
760000,58,284,0,2.4649776e-09,7.554204e-11,5.033383e-17,4.7787417e-29,3.2981975e-10,9.540237e-11
760000,151,54,0,2.1877522e-09,2.435005e-11,5.628535e-12,1.159036e-15,3.125691e-17,1.4828554e-10
760000,355,192,0,2.6279787e-09,1.150486e-11,7.641776e-22,3.889223e-33,1.165443e-17,5.272927e-11
760000,419,109,0,2.5341778e-09,8.655328e-12,2.0189883e-11,1.8053621e-13,3.9441136e-15,3.7943163e-11
760000,218,421,0,2.8202982e-09,2.5723545e-11,7.877446e-12,1.2891826e-14,4.655044e-15,2.4229363e-10
760000,267,256,0,2.8454452e-09,1.7025872e-11,2.856e-42,0.0,1.3261346e-16,1.8462165e-13
760000,356,276,0,3.248833e-09,1.6300161e-13,8.6625505e-18,3.4057962e-29,9.767204e-38,1.7401726e-11
760000,278,382,0,2.4086553e-09,1.2866716e-11,1.01941375e-17,1.3731374e-30,1.8121476e-18,9.9925956e-11
760000,79,275,0,4.161139e-09,2.9690497e-11,4.164405e-17,4.608405e-27,5.733042e-14,9.960097e-11
760000,251,402,0,2.5917148e-09,3.849789e-11,2.0113268e-20,1.00051265e-33,8.215951e-15,9.760266e-11
760000,244,309,0,2.3152822e-09,5.114411e-11,1.12679436e-26,1.1e-43,4.8673017e-14,1.4602177e-13
760000,353,63,0,2.7928082e-09,1.2274815e-11,1.6001814e-11,1.4412572e-13,2.7521161e-15,1.6546055e-10
760000,160,296,0,2.4438644e-09,1.8973018e-11,5.8760494e-22,9.381395e-38,1.875207e-11,2.8629544e-12
760000,401,116,0,3.1294225e-09,3.653141e-12,4.790098e-11,3.6162316e-11,9.267297e-11,2.5101515e-11
760000,178,102,0,2.666866e-09,2.6975489e-14,2.80261e-15,1.03349456e-23,3.952936e-30,3.981015e-11
760000,435,255,0,2.5273987e-09,1.5999655e-11,4.038138e-12,3.6720047e-15,1.8903428e-17,2.0318049e-10
760000,118,286,0,2.9171494e-09,4.592671e-12,6.8392557e-15,1.0825295e-23,1.2218026e-21,2.2563814e-11
760000,296,336,0,4.714803e-09,2.3846188e-16,1.77082e-25,3e-45,0.0,7.968055e-12
760000,236,171,0,2.3447801e-09,3.1948852e-15,2.0448917e-27,0.0,0.0,2.0460281e-11
760000,100,257,0,3.3991312e-09,2.644269e-11,4.724762e-19,4.4296844e-32,2.0675996e-14,4.717899e-12
760000,123,431,0,2.2096251e-09,1.5247907e-11,1.5386654e-11,6.7222486e-14,8.5827863e-16,4.068601e-11
760000,99,253,0,3.5232244e-09,1.9701157e-11,1.37972585e-17,3.509524e-29,7.501235e-18,5.84997e-12
760000,141,447,0,2.2439983e-09,7.689658e-11,6.5865126e-11,5.304857e-12,1.1482901e-12,1.6266215e-10
760000,77,210,0,2.87527e-09,4.998467e-11,2.4937166e-12,2.9699233e-16,3.5981332e-16,9.058035e-11
760000,325,257,0,2.8814273e-09,6.6145206e-12,3.086849e-29,0.0,9.4781146e-20,4.63849e-12
760000,378,59,0,2.8374638e-09,1.8466003e-11,1.0197132e-14,4.873743e-23,4.4150658e-16,1.2588855e-10
760000,265,128,0,2.7776583e-09,2.1973529e-11,1.8466099e-17,5.539456e-26,4.2015874e-12,1.0475982e-10
760000,445,242,0,2.2395532e-09,1.9591887e-11,1.2477381e-12,1.621268e-17,3.406177e-18,4.8874252e-11
760000,434,420,0,3.1194132e-09,1.32352775e-11,6.3099257e-12,1.8218732e-15,3.9878597e-18,1.8884971e-10
760000,397,284,0,2.7674394e-09,3.122639e-11,1.8517279e-14,4.6073956e-21,3.9316824e-11,7.085694e-11
760000,72,125,0,2.2492355e-09,3.676212e-11,4.445204e-16,6.4147773e-25,2.0262991e-15,3.5842057e-10
760000,163,193,0,2.3240487e-09,3.4582264e-11,8.4310046e-32,0.0,1.6056377e-13,3.0232376e-11
760000,336,341,0,3.133612e-09,1.634397e-11,1.9284234e-20,3.1817218e-34,1.2142586e-17,1.9777723e-10
760000,343,297,0,2.3556799e-09,3.943154e-12,8.657835e-19,1.581654e-30,8.338758e-25,5.5185647e-13
760000,419,155,0,2.8797191e-09,9.980183e-12,1.8006108e-14,2.8184458e-22,2.6590457e-17,2.5693433e-11
760000,135,211,0,2.705504e-09,3.1277383e-11,3.4549144e-18,4.4637998e-29,6.521119e-14,7.2703406e-11
760000,438,338,0,2.7595943e-09,1.3102949e-11,1.3660937e-17,3.822884e-27,1.0361319e-19,8.5124165e-11
760000,181,220,0,3.4945908e-09,1.0037092e-12,1.35148165e-36,0.0,2.7427655e-31,1.0369421e-12
760000,147,303,0,2.734099e-09,6.0465383e-12,1.1508188e-20,4.6483547e-34,1.7926195e-21,3.7667338e-11
760000,275,325,0,2.7138973e-09,2.7583736e-15,1.2963437e-28,0.0,0.0,2.3299342e-11
760000,309,313,0,2.9053244e-09,2.282388e-14,8.309015e-21,1.13859035e-33,3.461897e-39,6.728182e-11
760000,370,74,0,3.054892e-09,1.05930915e-11,6.8464646e-13,1.1864924e-17,2.4404554e-21,1.601436e-10
760000,73,291,0,2.7300027e-09,2.1392004e-11,5.5408454e-20,1.6550517e-34,7.1815577e-16,3.2861974e-11
760000,376,146,0,2.5720444e-09,7.221039e-12,5.7837036e-13,1.2468584e-17,1.8685568e-21,6.7371816e-11
760000,136,179,0,2.8233142e-09,2.686878e-11,1.8063732e-31,0.0,5.6239303e-16,9.311659e-11
760000,411,339,0,3.7187888e-09,2.5475398e-11,3.8777578e-13,1.5530194e-18,1.6167675e-14,2.924978e-11
760000,287,442,0,2.3688207e-09,3.2174905e-11,1.28682846e-11,2.1766351e-14,1.9071189e-16,9.211164e-11
760000,85,416,0,3.0950333e-09,1.988152e-11,1.9795477e-14,1.6104373e-22,3.501039e-17,9.951165e-11
760000,219,315,0,2.5249436e-09,3.3399578e-11,4.202589e-13,7.783066e-18,3.8038725e-14,1.1199401e-12
760000,136,369,0,2.8761353e-09,5.275707e-13,6.9441904e-11,2.384821e-12,1.3316118e-13,7.863344e-11
760000,434,138,0,2.7763174e-09,3.085988e-11,4.934187e-17,2.1116039e-26,2.6208822e-11,8.5858466e-11
760000,113,237,0,2.7637477e-09,2.7500741e-11,1.1956254e-16,3.260593e-22,5.483001e-16,8.854417e-12
760000,428,53,0,2.35802e-09,6.1489265e-11,1.3556284e-11,1.0247574e-14,2.9859928e-10,1.7612214e-10
760000,189,112,0,2.2646105e-09,1.4183275e-12,2.9407475e-16,3.2843778e-25,9.659372e-30,7.133957e-11
760000,73,165,0,2.1963618e-09,2.8789193e-11,5.817835e-12,1.286266e-15,2.7005496e-15,1.1699373e-10
760000,124,246,0,2.633147e-09,2.8229771e-11,5.7722717e-22,9.76369e-40,2.9345547e-13,3.3673595e-11
760000,235,342,0,2.5808862e-09,1.6351065e-11,7.0955916e-14,1.3660293e-20,5.340675e-14,7.0894905e-12
760000,142,319,0,2.774033e-09,9.335117e-13,4.426277e-12,7.9045427e-16,3.4735894e-19,8.154181e-11
760000,264,203,0,2.7680414e-09,2.6759918e-12,6.01367e-40,0.0,3.3474246e-22,4.5989976e-11
760000,255,352,0,2.2553885e-09,2.6604921e-11,4.0404443e-23,2.517e-41,5.1745793e-16,6.3039594e-11
760000,432,157,0,2.6995477e-09,3.197937e-11,4.8826554e-11,1.5956599e-12,1.2963605e-12,7.766099e-11
760000,203,241,0,3.5314573e-09,3.2826177e-12,2.981474e-25,8e-45,1.8729523e-22,4.1960628e-12
760000,204,289,0,2.5928295e-09,9.922712e-12,1.8605747e-29,0.0,3.9648617e-21,7.585946e-12
760000,108,392,0,2.794387e-09,2.2792329e-11,1.288989e-11,4.9200834e-14,3.2523328e-16,1.1944154e-10
760000,420,316,0,4.2134656e-09,2.238058e-11,1.1936201e-15,3.4425344e-23,3.3622509e-19,1.7877654e-10
760000,327,191,0,2.7434284e-09,2.770288e-13,1.3664146e-20,9.427208e-33,1.7362193e-34,4.7727728e-11
760000,178,293,0,2.4112838e-09,2.0932986e-11,7.657639e-14,1.248705e-19,3.1204654e-17,2.5213713e-11
760000,340,111,0,3.9257713e-09,1.5125006e-12,9.320922e-23,2.02589e-40,1.8830734e-27,1.6003176e-11
760000,154,75,0,2.412153e-09,3.1177e-11,1.3185228e-12,1.8460802e-17,5.139238e-11,1.5322298e-10
760000,380,166,0,3.1416756e-09,2.8526233e-11,1.2689549e-12,5.1405417e-17,1.1738136e-16,1.2322166e-10
760000,368,251,0,3.3302656e-09,5.820194e-12,8.054049e-19,9.910903e-33,8.716993e-22,5.0681022e-11
760000,257,424,0,2.2856996e-09,6.040852e-11,3.5748043e-17,7.3622945e-29,2.591639e-13,1.7343667e-10
760000,310,390,0,2.763949e-09,4.0462585e-11,1.5643521e-11,1.3329088e-13,9.423319e-14,5.0227007e-11
760000,88,281,0,3.547117e-09,3.689608e-12,8.1203854e-12,6.9443323e-15,1.12942596e-17,5.0341026e-11
760000,345,97,0,2.8866198e-09,1.8118156e-11,1.4937158e-17,9.434666e-28,6.826551e-14,1.285577e-10
760000,145,207,0,2.747841e-09,9.781311e-12,1.366059e-23,8.32e-43,3.636842e-18,2.7428075e-11
760000,336,378,0,2.5383906e-09,2.6487762e-11,3.8720072e-13,5.243575e-19,1.3629214e-12,5.698932e-11
760000,336,130,0,2.4621292e-09,1.0180852e-11,1.7407494e-35,0.0,4.884286e-21,4.6117908e-11
760000,378,174,0,3.1591685e-09,2.366922e-11,3.06512e-14,1.2497082e-21,6.3839797e-13,3.5797972e-11
760000,290,251,0,2.863054e-09,6.3943625e-12,0.0,0.0,4.591652e-21,1.5271813e-11
760000,325,92,0,3.912767e-09,6.911178e-13,6.9384112e-12,7.690687e-15,3.0769435e-17,1.4891932e-10
760000,363,209,0,2.735615e-09,5.1249434e-12,4.5457685e-16,9.286809e-26,1.2967932e-22,7.8336496e-13
760000,56,262,0,3.2809764e-09,3.065193e-11,3.7505556e-15,1.766393e-23,7.249552e-19,7.992295e-11
760000,211,173,0,2.5889593e-09,2.0115375e-11,4.3024206e-22,8.97775e-40,2.1472076e-15,3.7092048e-11
760000,296,329,0,4.4360657e-09,3.0845586e-16,2.0031138e-18,9.444351e-25,7e-45,8.636086e-11
760000,123,224,0,3.154626e-09,3.039442e-11,1.5541014e-15,1.4723309e-24,4.8898004e-18,2.4389412e-11
760000,84,390,0,2.6701341e-09,3.142535e-11,3.3045415e-12,1.476011e-16,1.8083825e-13,1.4625812e-10
760000,165,174,0,2.2024764e-09,9.381943e-12,3.702385e-32,0.0,3.1922748e-21,1.10642176e-10
760000,272,234,0,2.4725126e-09,2.7734009e-12,2.6720932e-33,0.0,2.2249392e-24,5.190254e-11
760000,104,340,0,2.4631268e-09,9.574456e-12,2.5638192e-16,3.4199342e-26,1.3512673e-21,6.472441e-11
760000,179,347,0,2.3931268e-09,1.6470873e-12,1.6114826e-16,8.3464496e-27,3.7063842e-29,1.2416543e-11
760000,156,239,0,2.3008906e-09,3.7289993e-12,4.6617428e-24,6e-44,5.203329e-23,4.9548872e-11
760000,183,284,0,2.4272035e-09,1.6253062e-12,2.9505516e-20,2.3271888e-34,2.9218358e-27,1.2491048e-11
760000,373,349,0,2.3624467e-09,1.3831574e-11,2.3721547e-13,2.4253437e-19,3.1941977e-20,2.4880167e-11
760000,415,313,0,3.9287507e-09,6.2033573e-12,3.950729e-18,1.8943412e-31,3.8955255e-23,7.352557e-11
760000,152,340,0,2.285609e-09,1.8762965e-11,1.0799524e-11,1.4153697e-14,1.0534249e-12,1.4925857e-11
760000,330,329,0,3.356073e-09,2.918946e-12,1.5090862e-22,2.255861e-39,1.0160356e-24,2.79182e-12
760000,321,107,0,3.2689447e-09,8.198732e-12,1.8833684e-19,1.2805486e-33,1.2985442e-15,8.563324e-11
760000,297,382,0,2.7800466e-09,1.2794773e-11,2.341164e-15,7.4204063e-25,2.9200718e-21,7.6314934e-11
760000,174,224,0,2.9328096e-09,8.285291e-12,1.10678e-36,0.0,1.1760204e-21,4.9834824e-12
760000,290,325,0,4.840632e-09,2.0299963e-14,1.3766669e-24,0.0,1.949178e-39,1.795464e-11
760000,191,351,0,2.5827063e-09,9.92777e-13,1.524314e-24,7.09e-42,1.5739604e-29,5.90577e-11
760000,103,226,0,2.710215e-09,3.6004196e-11,6.847206e-20,1.5482004e-33,5.6754036e-18,5.4466955e-11
760000,85,209,0,2.6298208e-09,5.40539e-11,2.1324874e-14,5.861964e-22,1.167452e-13,1.4712834e-10
760000,132,332,0,2.4593698e-09,1.3794154e-11,9.069845e-19,1.99524e-32,5.394013e-19,1.6359034e-11
760000,197,243,0,4.4984687e-09,7.908534e-12,3.5110751e-31,0.0,3.4836477e-21,3.8703162e-11
760000,187,70,0,2.570027e-09,5.977853e-12,1.1428352e-11,8.107772e-15,4.888194e-17,1.0182803e-10
760000,54,316,0,2.3094817e-09,1.9532527e-11,5.517636e-17,3.5512444e-28,1.2786229e-20,8.110009e-11
760000,384,248,0,2.5825841e-09,1.1467083e-11,6.193569e-19,3.9838613e-31,1.2576803e-19,3.2311667e-11
760000,388,319,0,2.8548401e-09,6.076674e-14,1.00028865e-14,2.9163244e-23,9.408649e-31,5.566643e-11
760000,138,150,0,2.844562e-09,3.59429e-12,2.0056896e-13,2.4449108e-18,6.1253946e-22,2.7365386e-11
760000,94,432,0,2.2833726e-09,3.7150834e-11,5.5002142e-14,1.8021659e-19,3.35606e-13,1.1538636e-10
760000,336,257,0,4.9622004e-09,1.3930616e-13,5.2228067e-24,1.0036e-41,2.253473e-38,2.890707e-11
760000,68,192,0,3.2383254e-09,3.5127786e-11,7.279627e-15,1.00683876e-22,7.6518144e-14,1.6010528e-10
760000,299,147,0,2.2135067e-09,6.533166e-12,1.6360025e-14,1.0301355e-22,1.8926048e-18,5.727959e-11
760000,55,225,0,2.6775417e-09,1.134535e-10,1.6543512e-12,2.8350068e-16,2.3331896e-09,1.8485292e-10
760000,137,373,0,2.8895626e-09,1.7145573e-13,2.3060873e-11,2.2738086e-13,3.957069e-15,6.528052e-11
760000,324,416,0,2.3633226e-09,4.3292543e-11,1.6474204e-12,2.83499e-16,4.58359e-13,6.51032e-11
760000,191,327,0,3.614751e-09,1.2109411e-13,1.0700949e-25,0.0,2.1914859e-33,9.402491e-13
760000,327,87,0,3.9924357e-09,4.1889925e-12,1.2528334e-12,2.5310435e-17,2.61203e-21,1.029712e-10
760000,271,73,0,2.1524247e-09,2.4708605e-11,2.888594e-13,2.36836e-18,2.3286676e-13,6.0696816e-11
760000,325,60,0,2.5620683e-09,4.1128345e-13,4.6639556e-17,1.020323e-27,5.9791394e-35,1.6765962e-10
760000,87,183,0,2.3467772e-09,6.824021e-11,8.66416e-12,3.471867e-14,4.0617505e-12,3.8092498e-11
760000,61,100,0,2.7427163e-09,4.587941e-11,2.5569023e-14,4.2371584e-21,1.8803852e-13,1.2388071e-10
760000,78,193,0,2.7774745e-09,7.833301e-11,5.98963e-15,7.1748906e-23,3.940892e-11,2.0333372e-10
760000,198,370,0,2.5788698e-09,1.2970397e-11,5.141446e-28,0.0,1.653551e-17,1.8693214e-11
760000,365,248,0,3.0971528e-09,1.388176e-11,1.1157007e-15,1.7958937e-25,1.6228219e-13,2.5165866e-11
760000,362,87,0,2.720089e-09,1.3874532e-11,2.7550878e-13,2.224357e-19,2.372838e-19,1.5371003e-10
760000,215,62,0,2.3601552e-09,5.054072e-11,3.5830515e-16,1.6864524e-26,5.601664e-14,3.150773e-11
760000,194,265,0,2.5109912e-09,5.8420152e-12,5.2216364e-24,1.0036e-41,2.5755835e-25,1.8430877e-12
760000,421,304,0,3.2327123e-09,1.6048551e-11,2.6006755e-13,1.5897315e-18,2.8839584e-18,1.3112014e-10
760000,337,208,0,2.987102e-09,1.5919915e-14,5.725598e-12,2.969192e-15,4.1677892e-18,4.0176466e-11
760000,298,431,0,2.76889e-09,6.677481e-11,1.6490683e-13,5.710826e-19,1.0945149e-14,1.0357746e-10
760000,56,375,0,2.0869602e-09,2.7273609e-12,3.0474148e-11,1.0240545e-12,6.840466e-14,1.398921e-10
760000,130,263,0,2.950916e-09,5.7541315e-12,9.884009e-18,5.495928e-29,1.5961162e-19,3.1935916e-11
760000,123,116,0,2.4375693e-09,3.2094306e-12,2.7738628e-19,3.645287e-34,1.9613565e-24,5.278807e-10
760000,322,97,0,3.5299637e-09,2.424738e-12,7.700587e-14,1.6162717e-20,1.7992543e-25,1.4141852e-10
760000,277,297,0,2.936601e-09,2.1091803e-13,3.484074e-11,1.4812683e-12,2.0756656e-13,1.0012742e-11
760000,364,170,0,2.5144085e-09,1.5111724e-11,1.1889163e-21,3.869981e-39,4.2356677e-16,3.32741e-11
760000,163,320,0,2.7758777e-09,9.746577e-12,1.913561e-17,4.4398114e-29,9.0134854e-17,7.029854e-12
760000,294,266,0,2.7400233e-09,5.8933917e-14,5.73389e-40,0.0,5.935496e-36,1.477737e-15
760000,388,286,0,3.0074925e-09,4.9112072e-11,2.357473e-20,5.4983234e-34,7.1799814e-12,8.2868456e-13
760000,405,345,0,3.3476037e-09,3.235852e-11,1.3981921e-11,3.635959e-14,4.848878e-13,4.0310588e-11
760000,326,282,0,3.7038694e-09,9.356211e-12,2.1712161e-17,1.079296e-27,7.80126e-18,1.2781521e-12
760000,139,75,0,3.1317968e-09,2.602606e-11,1.3955255e-12,2.4677941e-17,5.4757004e-20,9.2642116e-11
760000,121,57,0,2.777852e-09,3.2491433e-11,3.2693432e-14,1.2508468e-20,2.0751832e-16,4.176758e-11
760000,420,320,0,4.1603294e-09,3.7866474e-11,3.2123772e-14,3.5837143e-19,1.8976796e-13,1.06426194e-10
760000,99,66,0,2.5613083e-09,3.0664665e-11,1.2174755e-16,1.5613098e-26,1.3687405e-12,4.2048737e-10
760000,412,276,0,2.4990714e-09,5.93134e-11,5.0117016e-12,2.5168879e-15,2.0637676e-09,3.5055548e-12
760000,339,358,0,2.7657827e-09,1.5970161e-11,4.9197446e-26,2e-44,3.1313441e-12,6.2722765e-12
760000,387,274,0,2.7560578e-09,2.3338347e-11,5.5754235e-13,1.1375141e-17,8.1425383e-13,9.765626e-11
760000,289,134,0,2.732941e-09,1.12672935e-11,4.0813555e-12,8.1617093e-16,4.072325e-17,6.47573e-11
760000,336,222,0,2.8055704e-09,1.1452236e-11,8.1752534e-16,4.6481957e-25,5.5093538e-18,1.6825064e-11
760000,220,165,0,2.897125e-09,8.596804e-12,8.577361e-18,2.6606583e-28,2.512381e-19,1.3089798e-11
760000,145,269,0,3.0476788e-09,2.2235185e-12,2.144742e-21,1.892942e-38,1.510089e-24,4.785206e-12
760000,435,333,0,3.0499667e-09,8.095254e-12,8.767618e-20,2.0743857e-34,1.1497131e-21,5.2691657e-11
760000,426,321,0,3.8072585e-09,1.0515334e-11,1.6583919e-10,8.590493e-12,1.8922628e-12,9.862661e-11
760000,282,294,0,3.0346863e-09,1.9073584e-13,1.1445929e-13,7.666736e-20,6.044084e-25,6.9906654e-12
760000,325,84,0,3.9076453e-09,5.653148e-12,1.0959114e-13,4.320234e-20,2.342156e-22,1.4739861e-10
760000,88,418,0,3.0942349e-09,1.6456843e-11,1.9252404e-13,1.1436142e-18,2.1927617e-22,8.983848e-11
760000,265,402,0,2.5235045e-09,1.3456133e-11,3.5052924e-12,1.4822744e-15,2.3017903e-18,1.1107246e-10
760000,323,357,0,2.5771003e-09,1.1000558e-12,1.6159058e-16,1.1514543e-26,5.077975e-29,2.2195115e-12
760000,293,324,0,4.7299533e-09,2.1053805e-14,2.9518855e-21,0.0,7.498e-42,4.2713614e-11
760000,277,366,0,2.3915356e-09,2.5068723e-12,1.1831859e-14,3.9438936e-22,3.8005153e-22,5.5802373e-11
760000,223,104,0,2.1954354e-09,1.6513528e-11,1.7976663e-17,7.569931e-28,1.2641028e-18,1.3406289e-10
760000,294,89,0,2.8754852e-09,3.119176e-11,2.7071086e-15,1.2142638e-23,4.615612e-12,6.355519e-11
760000,226,130,0,3.1336735e-09,5.1415285e-13,6.021196e-20,5.1769087e-35,3.390198e-29,2.357329e-11
760000,219,387,0,2.1739055e-09,5.4897786e-13,1.4429862e-18,2.6411806e-32,2.4421485e-33,1.1664432e-10
760000,104,275,0,2.9036615e-09,4.672886e-12,2.1908865e-18,4.6531297e-32,1.1918404e-25,2.1892082e-11
760000,224,227,0,2.3510578e-09,6.4694938e-12,3.6164753e-13,2.4389216e-18,4.8863144e-17,2.0596205e-13
760000,64,251,0,2.8015243e-09,7.218652e-11,1.5385675e-11,1.6654346e-13,2.9767754e-11,9.872541e-11
760000,91,307,0,2.2978108e-09,8.548e-12,1.6061739e-11,1.6085749e-13,3.304917e-15,2.3228116e-11
760000,354,132,0,2.584753e-09,1.4998681e-11,1.8162788e-21,4.15041e-39,2.2149361e-14,5.3326656e-11
760000,420,225,0,2.2057816e-09,2.6314853e-11,4.010608e-12,7.523254e-16,1.4049732e-18,4.7142304e-11
760000,324,374,0,2.8580678e-09,2.7961895e-11,2.8913274e-16,4.2046446e-26,1.07286894e-13,4.226795e-11
760000,65,425,0,2.4157227e-09,8.3411854e-11,6.982393e-19,5.8624173e-33,3.2682244e-12,1.4065382e-10
760000,388,441,0,2.6055609e-09,6.508816e-11,2.7700345e-11,9.247102e-13,8.9719444e-14,9.092959e-11
760000,137,418,0,2.212402e-09,3.8367455e-11,1.5753508e-11,1.07547977e-13,2.9529054e-13,8.1511e-11
760000,439,315,0,3.0616443e-09,1.0091166e-11,1.2451701e-15,4.8043315e-26,6.437739e-21,2.0269127e-10
760000,73,303,0,2.5383502e-09,7.157279e-12,3.0398926e-19,1.5139173e-31,5.8464615e-22,4.492315e-11
760000,355,97,0,2.9588796e-09,1.13912916e-11,4.046478e-18,1.5462223e-29,3.3098484e-18,1.3008745e-10
760000,115,98,0,2.771363e-09,7.360728e-12,2.0640243e-11,2.979887e-13,6.2018096e-15,2.6217164e-11
760000,184,444,0,2.1642916e-09,4.952263e-11,5.8279975e-16,4.793309e-24,1.0760623e-13,8.489035e-11
760000,376,74,0,3.178564e-09,9.905478e-12,4.535909e-14,2.6976211e-20,1.0874108e-17,8.210239e-11
760000,199,167,0,2.5328732e-09,7.1769994e-12,2.2197103e-20,1.6135102e-34,8.9174686e-23,5.955093e-11
760000,98,361,0,2.5024474e-09,8.1057e-12,1.1970746e-14,1.4632384e-22,2.75032e-20,1.11166056e-10
760000,326,325,0,3.2817182e-09,6.107727e-13,1.9751127e-23,9.29607e-40,1.484041e-31,1.4687229e-13
760000,447,421,0,2.6679536e-09,4.9235966e-11,9.764482e-13,3.3814005e-17,3.2043798e-13,7.778182e-11
760000,329,146,0,2.2486664e-09,1.1462867e-11,1.4294097e-35,0.0,2.051754e-18,2.2736774e-11
760000,143,183,0,2.7256182e-09,2.949795e-11,1.6147102e-38,0.0,3.1142092e-10,6.397594e-11
760000,202,283,0,2.6780058e-09,7.748424e-12,1.9776972e-32,0.0,1.0266358e-22,1.4948754e-11
760000,145,148,0,2.6953217e-09,1.4135439e-11,2.414084e-18,4.1651034e-29,4.2844246e-18,4.253042e-12
760000,317,381,0,2.8620106e-09,2.1891286e-11,5.500168e-13,1.4904788e-18,4.286684e-15,2.7179132e-11
760000,371,379,0,2.629174e-09,1.6203065e-11,1.4604345e-12,2.4331222e-17,1.6109479e-21,1.3543472e-10
760000,127,60,0,3.3240892e-09,5.4260523e-11,3.7843418e-12,2.0512453e-15,3.1379983e-12,8.073838e-11
760000,126,297,0,2.6137104e-09,4.22789e-12,7.617931e-19,1.2105912e-30,1.2093887e-23,8.665547e-11
760000,386,342,0,3.0349483e-09,2.0100777e-11,3.141107e-11,5.755137e-13,2.4649059e-14,4.26205e-11
760000,315,230,0,2.3343842e-09,1.2378614e-11,1.6380876e-27,0.0,7.472453e-19,3.963214e-13
760000,231,119,0,2.4999744e-09,2.1098824e-12,6.576221e-19,9.711974e-31,1.2709107e-24,1.9593284e-10
760000,121,404,0,2.4505964e-09,2.8443102e-11,1.0709843e-12,2.6813386e-18,4.8785595e-15,1.0512005e-10
760000,411,95,0,2.5848779e-09,2.1073707e-11,1.1409442e-13,2.0899506e-18,1.3075309e-19,8.699069e-11
760000,231,331,0,2.7472997e-09,1.4920851e-12,1.1723892e-20,2.3849664e-33,4.898984e-27,5.6317017e-13
760000,58,107,0,2.5335225e-09,4.6033392e-11,3.8504166e-13,1.7774966e-18,1.3224922e-13,2.5202282e-10
760000,194,90,0,2.2544786e-09,8.22687e-12,7.783073e-20,1.8980834e-35,4.8924845e-21,4.4110927e-11
760000,341,233,0,2.8845548e-09,2.3329429e-11,8.783249e-19,4.3544972e-32,8.424686e-19,5.102626e-11
760000,359,106,0,2.9404275e-09,2.1446409e-11,9.332944e-25,1.171e-42,1.3192349e-16,2.0269157e-10
760000,405,304,0,3.184426e-09,5.9554132e-12,1.9788344e-23,4.34208e-40,1.5164082e-24,3.3022054e-11
760000,132,253,0,2.7655631e-09,3.0607097e-11,2.2549542e-24,3.754e-42,2.7680698e-12,1.0093326e-12
760000,126,223,0,3.1076606e-09,3.541466e-11,3.1069287e-14,8.749532e-22,1.4021246e-17,1.31992715e-11
760000,136,144,0,2.7324791e-09,6.4283956e-12,6.0629656e-14,6.999472e-21,5.0028095e-24,3.4881053e-11
760000,82,276,0,4.236503e-09,1.3399317e-11,7.8844114e-16,4.754375e-26,4.5706353e-20,8.272759e-11
760000,344,328,0,2.6723939e-09,7.40795e-12,7.817756e-21,1.2507173e-31,6.3122485e-23,2.241855e-11
760000,109,221,0,2.7178038e-09,2.0301004e-11,2.934891e-19,2.1132279e-33,8.475236e-19,5.8589575e-13
760000,411,66,0,2.186525e-09,2.6952867e-11,6.5876145e-15,1.0160948e-22,4.4903512e-12,1.4069078e-10
760000,435,180,0,2.5907163e-09,3.3871831e-12,2.70046e-14,1.4615504e-20,8.883371e-25,9.5914575e-11
760000,129,183,0,2.7336455e-09,2.6295936e-11,6.585615e-33,0.0,3.648981e-12,2.5863487e-11
760000,168,152,0,2.2070388e-09,6.779021e-11,2.1454953e-21,1.6281192e-38,9.496989e-15,4.7244084e-11
760000,401,103,0,3.5607797e-09,1.1213961e-11,1.0020695e-15,2.0643192e-24,8.105953e-15,9.114592e-11
760000,287,82,0,2.5130547e-09,2.292752e-11,1.213416e-15,4.462843e-24,6.401124e-16,1.6326054e-10
760000,100,131,0,2.164223e-09,3.2826956e-11,2.222907e-11,3.297712e-13,7.413964e-15,5.544696e-11
760000,422,290,0,2.4514681e-09,3.3040296e-11,7.4809875e-18,1.5047683e-29,5.3493725e-16,6.430152e-11
760000,313,403,0,2.420451e-09,2.85631e-11,3.546037e-14,5.167899e-21,3.2098703e-15,2.1124855e-10
760000,332,234,0,3.9895873e-09,3.596771e-11,6.1046904e-24,4.1067e-40,8.5941833e-13,5.3036367e-11
760000,172,101,0,2.6161509e-09,2.2507404e-15,1.960946e-12,5.949076e-17,6.82419e-21,1.1547233e-10
760000,386,433,0,3.17079e-09,4.22137e-11,3.4512987e-12,1.3830998e-15,1.3713505e-13,1.6551217e-10
760000,330,69,0,2.678764e-09,1.7742076e-12,4.2044517e-14,1.3052256e-21,3.8965073e-28,6.736649e-11
760000,410,162,0,2.7952956e-09,4.13128e-11,3.1755512e-20,2.7901573e-34,1.9245008e-09,8.3120115e-11
760000,97,72,0,2.5646192e-09,4.2978027e-11,5.168045e-17,1.791747e-28,4.052024e-16,1.03153416e-10
760000,111,305,0,2.5386224e-09,3.294488e-13,2.0141299e-17,6.6544756e-26,5.191471e-32,6.7218765e-11
760000,303,444,0,2.5645608e-09,4.941475e-11,8.726092e-12,3.758841e-14,5.3298965e-14,3.7034664e-11
760000,353,427,0,1.397015e-10,2.7751098e-11,2.4413738e-11,1.1830078e-12,9.394625e-14,1.4084334e-10
760000,89,301,0,7.261138e-10,7.897711e-12,2.0480308e-11,3.0848634e-13,6.5845076e-15,1.5354126e-11
760000,145,105,0,4.613205e-10,1.17453105e-11,6.2131236e-17,5.6253733e-27,3.066084e-13,2.1247014e-10
760000,48,240,0,2.3093555e-10,1.2847715e-10,2.177919e-11,8.308353e-14,5.8325025e-11,2.8127078e-10
760000,410,462,0,1.0575805e-11,7.03418e-11,2.2774687e-11,3.4065193e-13,1.4426384e-14,2.5698182e-10
760000,178,364,0,2.0906532e-10,1.3899429e-11,1.353049e-19,4.497693e-35,3.0159347e-16,1.7923053e-10
760000,51,471,0,7.891926e-12,5.7307586e-11,2.1164505e-13,6.1312e-20,1.5247786e-12,2.706858e-10
760000,29,440,0,1.4809275e-11,7.9333796e-11,9.6174194e-14,8.593481e-20,5.041955e-11,2.2058529e-10
760000,473,455,0,4.6170225e-12,7.0511465e-11,2.963549e-11,1.8650599e-13,1.3985875e-14,4.4019136e-10
760000,69,426,0,9.2915614e-10,8.6285507e-11,1.0730641e-18,2.808422e-32,6.905492e-11,1.0109111e-10
760000,92,446,0,1.4440804e-10,5.1348217e-11,1.7183269e-16,3.327657e-27,4.5388106e-11,2.7455802e-10
760000,319,154,0,2.0549708e-10,7.077848e-12,9.7287115e-26,4e-45,5.309281e-23,1.01922235e-10
760000,279,301,0,1.5650223e-09,5.82788e-13,1.4532839e-12,2.6034107e-17,2.460401e-21,2.999385e-11
760000,70,24,0,1.0385252e-12,3.815083e-11,1.6578157e-12,1.9982051e-16,3.31487e-16,3.544392e-10
760000,413,414,0,6.456213e-10,2.4596056e-11,7.757704e-15,1.2518222e-22,6.970919e-18,2.0735547e-10
760000,150,371,0,3.4117437e-10,4.530908e-11,2.0221038e-15,1.4821098e-24,5.187034e-13,4.466899e-11
760000,228,168,0,9.55787e-10,2.5786488e-13,4.4039362e-21,4.022019e-36,1.8798186e-30,3.451406e-11
760000,272,223,0,1.3423453e-09,3.672389e-12,1.1887447e-33,0.0,7.280823e-23,1.7564577e-11
760000,435,70,0,8.972954e-10,2.6063178e-11,1.9015677e-12,4.1991727e-16,1.163558e-18,2.3623953e-10
760000,140,403,0,2.0164848e-10,1.9152709e-11,3.2699253e-11,1.3531816e-12,1.452822e-12,1.3634655e-10
760000,7,81,0,-5.2580157e-13,1.8651575e-11,1.316448e-12,3.546861e-17,1.2985622e-15,2.877122e-10
760000,321,262,0,9.632378e-10,2.1675968e-11,2.5624592e-28,0.0,2.0026311e-12,4.2418925e-13
760000,192,106,0,6.1981287e-10,2.801998e-12,3.0270004e-15,3.4918995e-24,2.2479778e-23,1.02055496e-10
760000,342,435,0,1.9181406e-10,2.4805715e-11,2.1482072e-12,5.4991274e-16,3.5172493e-18,2.8027403e-10
760000,87,256,0,1.4119247e-09,1.8251933e-11,2.9050631e-12,1.1247217e-16,1.0907992e-18,1.2709492e-10
760000,303,261,0,8.6254043e-10,6.0929924e-12,1.23e-43,0.0,9.2270454e-21,8.38064e-13
760000,374,46,0,3.8367423e-10,1.9070452e-11,1.6282909e-11,3.4050865e-13,9.7210915e-14,1.1920019e-10
760000,332,357,0,1.2406525e-09,4.4100444e-12,3.3521407e-21,1.7749012e-37,8.8235126e-24,7.559433e-13
760000,325,455,0,2.1969153e-10,6.500076e-11,1.0201423e-12,6.9326946e-18,3.6426585e-13,1.3271495e-10
760000,248,145,0,3.0503935e-10,8.668196e-12,2.3737647e-13,1.5148986e-19,2.9168224e-20,3.887086e-12
760000,461,341,0,4.587881e-11,3.8833124e-11,3.1155085e-12,7.074633e-16,5.179398e-15,1.3984376e-10
760000,76,72,0,6.7054107e-10,5.536485e-11,3.8024863e-15,1.4777357e-21,2.4948759e-14,1.1134509e-10
760000,164,447,0,3.8890213e-10,3.1292958e-11,2.5194045e-13,5.557367e-20,2.5541222e-15,1.7621364e-10
760000,324,136,0,4.380606e-10,1.6295887e-11,2.2015736e-30,0.0,6.315267e-17,1.11648295e-10
760000,134,290,0,6.911314e-10,7.366912e-12,6.90914e-16,4.6448395e-26,4.0545378e-22,1.3245897e-12
760000,373,388,0,8.6875124e-10,1.4530937e-11,6.31046e-12,5.1521516e-15,8.960711e-18,8.189116e-11
760000,373,93,0,6.6703715e-10,1.7129102e-11,7.81343e-17,6.510836e-27,7.769873e-16,2.129465e-10
760000,471,214,0,6.0544486e-12,2.8734626e-11,2.1763523e-11,2.1775511e-13,3.7689214e-15,1.8095234e-10
760000,172,254,0,3.588085e-10,3.332072e-11,5.6207344e-18,1.4339168e-28,1.1626164e-15,3.949945e-11
760000,54,422,0,5.030725e-10,5.1350695e-11,3.0909533e-13,5.4723886e-19,3.2886666e-10,2.7478125e-10
760000,123,93,0,7.5840945e-10,2.073828e-11,3.0168556e-12,1.4262517e-15,6.014795e-11,2.847698e-10
760000,429,202,0,1.586207e-10,1.9353734e-11,4.6980926e-12,1.5823432e-15,2.5992314e-18,2.2015138e-10
760000,447,443,0,9.2570085e-10,6.679819e-11,2.3732695e-13,1.337113e-19,4.5602594e-14,2.809199e-10
760000,320,435,0,8.3166163e-10,7.9288416e-11,5.1370285e-13,5.023166e-18,8.0836826e-14,3.395732e-10
760000,389,446,0,7.3411904e-10,7.5029545e-11,4.6169946e-11,1.07526115e-11,6.8333746e-12,2.9963542e-11
760000,77,221,0,8.5878143e-10,7.729055e-11,3.7303605e-14,1.7399653e-21,3.295233e-11,7.423943e-11
760000,367,487,0,-8.805741e-13,3.8883483e-11,3.1803924e-12,1.6499256e-15,2.7931206e-13,1.0847674e-10
760000,115,245,0,1.0490594e-09,1.2453954e-11,1.9768392e-16,5.432784e-22,8.2433405e-17,2.1727214e-12
760000,353,306,0,3.017657e-10,1.597682e-11,4.2720896e-14,1.1650271e-20,1.2121587e-14,1.107352e-13
760000,249,479,0,1.991963e-13,6.821109e-11,6.1886845e-12,2.544543e-15,2.2139328e-09,1.6615735e-10
760000,303,350,0,6.128141e-10,3.3197764e-15,1.5567296e-18,8.407108e-31,1.01297e-40,8.238995e-11
760000,419,100,0,7.5726114e-10,1.2874898e-11,2.7974144e-12,3.290179e-16,6.214622e-19,4.833636e-11
760000,405,174,0,7.8333046e-10,1.4167891e-11,2.7111978e-14,2.0595935e-21,5.7395063e-15,5.9774706e-11
760000,270,31,0,6.868529e-13,3.7105657e-12,8.803929e-12,4.515928e-14,8.944497e-16,1.0446416e-10
760000,103,86,0,5.905646e-10,2.4740774e-11,5.5618288e-11,7.455306e-11,5.4959437e-10,8.372936e-11
760000,47,155,0,5.1390083e-11,5.4360412e-11,8.677719e-12,9.525642e-15,2.2834685e-16,2.379249e-10
760000,91,62,0,5.978273e-10,3.6248685e-11,5.164656e-13,9.41686e-18,9.134129e-15,6.069442e-11
760000,336,245,0,1.3156243e-09,2.6481001e-11,1.1549747e-21,3.0888015e-37,5.609537e-17,5.8425443e-12
760000,493,103,0,-4.2219993e-13,3.0981183e-11,3.978076e-14,4.230471e-21,3.09469e-10,2.2125157e-10
760000,319,33,0,2.461114e-11,1.8894483e-11,6.288593e-11,5.1161623e-12,8.976228e-13,9.0179794e-11
760000,125,23,0,4.5200627e-12,7.043232e-11,2.8731755e-16,1.1769765e-26,4.404082e-13,7.180353e-11
760000,489,226,0,-7.626702e-13,5.0550755e-11,2.2485479e-14,3.994841e-22,3.530685e-12,1.5754005e-10
760000,193,160,0,4.1746132e-10,1.586587e-11,1.6272974e-25,1.2e-43,2.5757694e-15,1.3198825e-11
760000,289,290,0,1.0981894e-09,2.1360784e-12,1.7470734e-19,3.805126e-33,4.8943496e-27,2.7835977e-13
760000,85,186,0,1.0645166e-09,8.5939214e-11,4.592123e-13,3.723803e-18,2.800433e-13,9.201763e-11
760000,371,375,0,1.067383e-09,1.98894e-11,8.069349e-12,1.9733445e-14,1.1825369e-16,9.125249e-11
760000,387,123,0,6.419016e-10,5.4459957e-12,2.9304182e-14,2.3904989e-21,6.1098133e-24,8.740635e-11
760000,20,161,0,-6.4068754e-13,5.1656537e-11,9.4702815e-15,4.790997e-22,5.8494277e-12,2.7850067e-10
760000,312,435,0,1.956999e-09,8.268111e-11,7.675095e-14,1.189171e-20,1.0727118e-13,8.4780925e-11
760000,204,275,0,8.7349633e-10,5.7330143e-12,1.4166554e-32,0.0,4.5730365e-22,3.399354e-11
760000,333,302,0,9.886982e-10,5.085502e-12,4.1110667e-19,6.4877245e-30,2.7168e-22,2.5917717e-13
760000,213,317,0,8.4311574e-10,1.925365e-11,1.8121766e-16,2.0054701e-26,2.6506438e-12,4.9304766e-13
760000,376,407,0,2.1322522e-10,3.8358577e-11,3.2062037e-13,1.534384e-18,3.2736205e-10,1.4595239e-10
760000,253,475,0,1.4347615e-12,4.179648e-11,2.123319e-11,1.9365962e-14,3.3412986e-10,1.5376392e-10
760000,54,92,0,1.2019881e-09,4.9002528e-11,7.656303e-12,1.451418e-14,1.4467245e-12,1.668996e-10
760000,497,311,0,-7.9995526e-13,6.4789396e-11,7.2022453e-12,1.6012919e-15,2.324657e-12,1.596202e-10
760000,166,114,0,5.5026594e-10,1.1988978e-12,9.411582e-19,4.177349e-30,5.573598e-28,6.062301e-11
760000,291,218,0,6.2137745e-10,8.221254e-12,1.00979e-40,0.0,3.2586126e-21,1.5363376e-12
760000,450,2,0,-1.5030277e-12,8.33417e-11,1.332712e-11,1.9794413e-14,7.2061116e-12,3.3349953e-10
760000,207,205,0,2.638774e-10,4.0184973e-12,2.6378703e-14,1.871693e-20,2.1829888e-21,4.645429e-11
760000,137,317,0,1.2717108e-09,5.7573555e-12,1.0354899e-14,4.724774e-23,5.861259e-21,3.13262e-11
760000,109,423,0,5.250864e-10,4.4684874e-11,2.6964574e-12,2.0560109e-16,3.0464004e-12,1.3049847e-10
760000,377,334,0,5.142927e-10,1.2643093e-11,1.9786943e-12,4.5145592e-17,4.0184355e-16,6.7979385e-12
760000,358,404,0,6.654453e-10,1.2185418e-11,3.9619047e-15,8.850911e-23,3.3790762e-21,9.913655e-11
760000,344,25,0,1.872956e-12,1.8944925e-11,1.5786927e-16,3.2109743e-27,5.370702e-21,1.328021e-10
760000,207,329,0,1.2945571e-09,3.8904692e-11,7.016525e-24,8.21e-43,1.5188602e-13,9.064454e-14
760000,106,209,0,3.6290781e-10,7.890563e-11,3.3635952e-13,6.328696e-18,2.7112151e-10,5.285307e-12
760000,291,43,0,1.723882e-11,1.05495794e-11,1.2814402e-13,2.7221868e-20,1.754581e-21,1.5076042e-10
760000,445,256,0,1.0457601e-09,1.6310673e-11,1.0424756e-16,1.2244347e-27,2.2359352e-17,1.6116607e-10
760000,419,216,0,6.090392e-10,3.7591007e-11,5.349397e-13,5.530441e-18,1.3548531e-15,1.469572e-10
760000,11,373,0,-3.0299954e-13,5.015115e-12,1.0352363e-12,4.5107337e-17,1.5112002e-20,1.9960124e-10
760000,471,445,0,2.149551e-11,5.4393975e-11,4.030996e-12,2.1805093e-15,1.0462108e-14,3.919788e-10
760000,175,134,0,9.17069e-10,4.2689543e-11,1.5643521e-11,1.3329088e-13,2.0836158e-14,1.4143995e-12
760000,15,166,0,-6.115264e-13,1.9283833e-11,6.5562253e-13,3.060272e-18,1.1609997e-18,1.734958e-10
760000,292,343,0,1.4490689e-09,1.1702528e-14,1.5565648e-26,4e-45,1.3967e-41,1.0603562e-12
760000,447,496,0,-8.848979e-13,6.316608e-11,2.3405394e-10,1.2030942e-11,1.8725974e-09,2.9907335e-10
760000,226,2,0,-7.8809176e-13,2.5588122e-11,4.2520678e-16,1.8973719e-23,4.7435746e-16,3.1930705e-10
760000,342,283,0,8.6081636e-10,1.1006159e-11,2.911299e-11,8.001387e-13,4.328035e-14,2.752578e-10
760000,456,229,0,8.2217295e-11,1.754603e-12,1.9865496e-12,1.0698977e-16,1.5982839e-20,2.5063748e-10
760000,154,175,0,4.77063e-10,2.0624759e-11,4.124083e-39,0.0,2.7065335e-13,1.0478162e-11
760000,247,244,0,8.230888e-10,8.34921e-17,8.050556e-20,1.16082205e-32,9.58e-43,2.78212e-11
760000,29,167,0,1.9984025e-12,5.394559e-11,1.04062605e-13,3.062182e-20,1.9839604e-14,2.7772015e-10
760000,442,297,0,2.1489778e-10,2.1860314e-11,9.409033e-13,1.4462877e-17,5.3353767e-15,1.4747881e-10
760000,330,40,0,7.0704435e-11,1.4632271e-11,4.451936e-11,1.0752315e-11,7.1177465e-12,2.8783134e-10
760000,366,423,0,1.3156497e-10,2.6273003e-11,8.8104513e-16,1.8640134e-25,2.3491093e-20,7.131176e-11
760000,286,246,0,1.0333071e-09,1.8640233e-12,0.0,0.0,4.8602628e-24,3.8372264e-11
760000,145,499,0,-8.874485e-13,7.8969255e-11,5.9984895e-12,1.6416724e-15,1.2025917e-14,1.2968762e-10
760000,289,21,0,-8.797057e-14,1.821013e-12,2.045623e-13,4.61721e-19,6.4459185e-24,8.56546e-11
760000,326,291,0,2.0204602e-09,1.5810644e-11,1.1829143e-20,7.316102e-36,1.0642516e-14,5.1239855e-13
760000,74,262,0,9.755405e-10,1.6308491e-11,7.562078e-12,2.4790266e-15,2.8249487e-15,2.2494223e-10
760000,260,242,0,5.7942706e-10,3.0279384e-13,1.215311e-26,0.0,2.0818333e-34,3.5163625e-12
760000,321,185,0,7.4256956e-10,3.643747e-12,3.8420494e-20,7.38584e-32,6.0894645e-26,3.9209757e-11
760000,51,185,0,5.013137e-10,4.7658797e-11,4.9646256e-11,3.6696583e-11,9.245022e-11,5.1973365e-10
760000,238,209,0,4.4306817e-10,4.5807394e-12,1.1939341e-23,2.045515e-39,1.7602672e-21,4.765403e-11
760000,8,167,0,-5.4911875e-13,5.397751e-12,8.795721e-12,4.3602522e-14,8.4596373e-16,9.061753e-11
760000,406,283,0,8.7417223e-10,5.979185e-11,2.18867e-14,5.5250184e-21,4.438482e-11,3.967715e-11
760000,344,445,0,1.5466517e-10,7.6967675e-11,3.3827224e-13,1.7276077e-18,3.5947061e-12,1.5110162e-10
760000,195,133,0,1.9873611e-10,2.0686829e-11,1.0683807e-17,1.6088309e-28,5.2266327e-16,4.1821321e-10
760000,457,63,0,1.2992567e-10,5.3111963e-11,4.068593e-12,2.7759413e-15,5.395028e-13,3.3770783e-10
760000,462,368,0,3.7212407e-11,6.148655e-11,2.1684988e-13,3.002935e-20,1.9381073e-11,2.1557348e-10
760000,368,330,0,2.370589e-10,2.3644758e-11,4.191424e-11,5.2532705e-12,1.151011e-12,1.582596e-11
760000,305,370,0,7.8753004e-10,3.8879216e-13,6.35391e-17,5.625854e-27,8.8343185e-34,1.5066193e-11
760000,2,447,0,-1.6098051e-12,1.153709e-10,1.6699557e-11,5.023118e-14,1.04460636e-13,1.3480825e-10
760000,195,167,0,9.699209e-10,1.3839791e-11,6.8945045e-20,2.4730453e-32,2.1902877e-16,5.817257e-11
760000,86,406,0,9.208787e-10,3.890573e-11,1.7061705e-12,6.073018e-17,1.07124074e-13,7.837478e-10
760000,406,355,0,1.3233268e-09,1.2807286e-11,1.9870309e-15,9.0212185e-24,1.0758984e-20,3.0955531e-09
760000,474,400,0,3.1545595e-12,1.3482569e-11,1.9933161e-11,3.6197073e-13,8.756948e-15,3.8160716e-10
760000,147,179,0,8.7217006e-10,1.2333104e-11,2.344173e-37,0.0,4.815053e-20,9.036242e-11
760000,160,1,0,-9.050671e-13,2.645809e-11,3.5395853e-14,3.8852528e-21,6.190118e-21,1.6457076e-10
760000,449,469,0,8.3317095e-12,5.174827e-11,1.16107295e-14,8.7273575e-23,7.6673916e-13,4.5949067e-10
760000,336,231,0,1.8378747e-09,2.5502695e-11,4.936117e-22,1.0271947e-37,1.7139237e-13,4.407287e-11
760000,81,394,0,9.022646e-10,2.7964967e-11,2.6117177e-12,3.2415128e-16,1.1572814e-18,1.9107922e-10
760000,141,425,0,4.965974e-10,3.863914e-11,5.452846e-15,6.0284946e-23,3.2321137e-10,1.4302291e-10
760000,83,150,0,3.6852785e-10,2.616395e-11,1.1392862e-15,3.472267e-25,1.038213e-17,4.3964946e-11
760000,185,156,0,2.0121389e-10,1.2580715e-11,3.840383e-22,8.504801e-39,1.9602138e-22,6.0960113e-12
760000,387,112,0,1.2126145e-09,4.7368e-13,1.6971357e-11,2.7790113e-13,1.5720532e-14,3.8103288e-11
760000,480,413,0,3.1301335e-12,4.8033227e-11,1.1264239e-11,1.8021232e-14,4.9924427e-15,1.364351e-10
760000,291,111,0,1.2835043e-09,3.3174138e-12,3.8875993e-16,5.0828174e-24,2.234359e-24,4.3148148e-11
760000,155,7,0,-7.721034e-13,3.7996013e-11,2.0148815e-11,3.2970485e-13,7.44133e-15,1.3667849e-10
760000,146,48,0,4.0545464e-10,6.8317886e-12,1.0924584e-12,1.7382736e-17,2.097845e-21,1.0411061e-10
760000,402,297,0,1.0899394e-09,4.81527e-11,4.5134973e-25,4.504206e-39,5.3040706e-12,5.4861723e-11
760000,29,368,0,9.512397e-12,2.883619e-11,6.1212986e-11,8.254321e-11,5.720197e-10,1.5269862e-10
760000,59,431,0,9.2684227e-10,4.8713367e-11,5.8639265e-16,6.712584e-26,1.818688e-13,2.5460936e-10
760000,20,382,0,9.62275e-13,1.6982806e-11,4.8142074e-11,6.233638e-13,2.4450322e-11,3.5380066e-10
760000,106,328,0,7.8541895e-10,7.615873e-12,4.3755957e-11,5.004048e-12,9.845399e-13,1.4175561e-10
760000,234,57,0,2.7534192e-10,2.700314e-11,8.443474e-12,2.6719885e-14,2.0978375e-14,1.7720123e-10
760000,70,408,0,9.565573e-10,2.61262e-11,2.9732597e-12,5.690867e-16,2.3237698e-18,1.8776394e-10
760000,21,263,0,6.468669e-12,6.634389e-11,5.8032783e-13,6.6744257e-18,3.9820716e-12,5.2048036e-11
760000,462,306,0,3.4402634e-11,3.930799e-11,3.1035982e-10,4.9714042e-11,3.371332e-11,1.12254206e-10
760000,164,52,0,1.7648655e-10,2.7031101e-11,4.972133e-12,1.3808498e-15,3.564601e-18,8.9538967e-11
760000,399,373,0,1.13181624e-10,2.4657464e-11,5.2588193e-14,2.8359114e-21,1.127689e-15,2.0664451e-10
760000,486,262,0,-2.1970087e-13,2.3698354e-11,2.3302042e-13,4.1925236e-19,1.2519412e-14,5.725188e-10
760000,81,267,0,1.517579e-09,2.0402142e-11,1.6304015e-12,1.1923564e-16,8.1352055e-18,1.1546159e-10
760000,256,462,0,2.4732931e-11,3.490799e-11,9.267025e-12,1.8863781e-14,4.205599e-12,5.562016e-10
760000,111,101,0,1.1682902e-09,1.3149869e-11,4.2786472e-11,1.0725645e-11,7.543385e-12,1.2480482e-10
760000,478,95,0,4.3762233e-12,4.4575777e-11,2.9402262e-12,3.358155e-17,3.8303433e-11,5.252086e-10
760000,155,389,0,9.9240456e-11,6.7260832e-12,3.5651098e-12,1.5862043e-15,2.4926062e-18,2.340553e-10
760000,441,251,0,9.544039e-10,1.8773486e-11,2.3645293e-15,2.8401213e-24,2.1837305e-11,2.2894761e-10
760000,109,356,0,6.6067546e-10,5.601514e-12,1.572988e-11,1.1759648e-13,1.9844606e-15,5.632736e-10
760000,341,365,0,1.1288651e-09,1.7904834e-11,2.7015565e-20,7.05237e-33,1.9465485e-16,4.8414966e-11
760000,69,365,0,1.9214991e-10,2.458995e-12,5.726525e-14,1.6016624e-20,1.6209003e-22,1.6567946e-10
760000,75,214,0,1.4300275e-09,3.9550332e-11,4.5164356e-14,4.691755e-20,1.7496761e-14,4.3732074e-11
760000,17,469,0,-1.3605827e-12,5.629648e-11,3.6408137e-11,1.0298162e-12,6.3280124e-14,6.602547e-10
760000,469,202,0,2.2620844e-11,5.4882984e-11,7.3772845e-13,2.3382551e-18,2.585615e-12,1.3514342e-10
760000,179,54,0,2.2703808e-10,1.3988304e-11,1.9285e-15,6.8842244e-25,1.1802222e-14,4.181696e-11
760000,334,292,0,1.0290385e-09,5.8498445e-12,6.839718e-17,4.3181964e-28,1.2559494e-23,2.6203177e-13
760000,409,70,0,6.8701866e-10,2.2280228e-11,1.2506582e-13,5.131352e-20,2.2160974e-14,7.905359e-11
760000,425,123,0,9.2137176e-10,1.4475717e-11,4.605522e-14,8.56989e-21,5.567388e-19,2.5746408e-10
760000,160,396,0,2.3691576e-10,1.6967087e-11,1.07141264e-16,1.1820388e-27,3.201324e-13,1.319194e-10
760000,31,303,0,1.9389644e-11,4.0208836e-11,1.742742e-14,8.4215704e-23,2.0225321e-09,6.755812e-11
760000,75,254,0,1.1570749e-09,6.9086637e-12,1.107729e-10,8.0275335e-12,2.390763e-12,1.4834307e-10
760000,482,344,0,-6.817567e-14,1.4936347e-11,4.2226226e-11,1.0725642e-11,7.543041e-12,1.5368727e-10
760000,116,172,0,3.932222e-10,2.6666851e-11,2.870813e-18,2.845814e-31,7.225898e-15,7.0986245e-11
760000,360,40,0,6.455084e-11,4.9707283e-12,4.3299796e-13,6.5623154e-19,7.695991e-24,2.1197509e-10
760000,84,474,0,1.330857e-12,5.1827855e-11,1.4939398e-13,1.925908e-20,1.81154e-12,2.250502e-10
760000,350,20,0,1.092027e-13,4.179099e-11,1.791533e-15,3.1773464e-22,4.5882005e-13,4.7084586e-10
760000,128,190,0,1.0501555e-09,1.40289586e-11,1.8271474e-36,0.0,6.708018e-18,2.2439443e-11
760000,357,340,0,4.2496423e-10,3.8874936e-12,4.565085e-13,1.2073672e-18,1.5091864e-23,1.07929846e-11
760000,420,424,0,8.045627e-10,6.498524e-11,9.29076e-16,2.3827521e-25,2.7952715e-11,5.7090256e-11
760000,324,432,0,6.0582217e-10,6.901796e-11,6.4518213e-12,6.185975e-15,1.7162704e-12,9.212029e-11
760000,145,228,0,3.1560327e-10,1.5440777e-11,6.219053e-14,8.4221656e-20,1.0783564e-15,2.320376e-11
760000,431,323,0,1.8951458e-09,1.9593983e-11,6.188102e-13,1.2170716e-17,8.776105e-18,1.362467e-10
760000,217,359,0,1.1908213e-09,1.2652101e-11,7.274818e-14,6.473892e-20,4.0602703e-12,2.5095412e-11
760000,326,151,0,5.227241e-10,5.966358e-12,2.6642359e-33,0.0,1.2009322e-19,1.6631037e-11
760000,493,269,0,-7.562508e-13,6.23991e-11,7.317274e-12,1.1735317e-15,2.570618e-10,3.5832423e-10
760000,415,298,0,1.2586114e-09,1.8649216e-11,9.069006e-18,1.924234e-30,7.923746e-16,1.5564648e-10
760000,83,70,0,5.703637e-10,4.0611632e-11,1.8824987e-13,1.2280365e-18,1.9058638e-13,1.0197465e-10
760000,225,389,0,5.6175464e-10,1.6902448e-12,1.1963608e-16,1.1152178e-27,6.64101e-29,1.5199365e-10
760000,370,111,0,8.1543117e-10,7.2129724e-12,1.8391093e-18,1.8251481e-30,5.484769e-21,2.0142081e-10
760000,460,294,0,2.4797792e-11,2.904637e-11,6.4350664e-11,8.6951585e-11,5.836503e-10,2.0283028e-10
760000,198,328,0,2.2068274e-09,8.889618e-12,5.001629e-30,0.0,1.5693477e-18,1.5960282e-11
760000,349,116,0,1.3262744e-09,7.837503e-12,4.6335927e-32,0.0,3.8700154e-21,3.0037473e-09
760000,274,7,0,-6.9161506e-13,4.6578807e-11,2.0956723e-14,6.167031e-21,2.6520411e-12,3.1499445e-09
760000,430,273,0,4.0802006e-10,2.4370431e-11,9.820513e-18,1.5907954e-28,2.9929545e-11,3.1774943e-09
760000,4,333,0,-6.834411e-13,4.255302e-11,2.4984561e-11,8.5462955e-14,2.9290804e-12,3.1540655e-09
760000,257,22,0,-9.279462e-14,1.5997743e-11,6.4300284e-14,2.2359884e-20,2.8682715e-18,3.0849188e-09
760000,266,225,0,1.0123444e-09,1.1305928e-11,2.9092745e-27,0.0,1.3687405e-12,3.1721456e-10
760000,388,232,0,1.3978747e-10,5.875113e-11,1.5409991e-21,3.5129924e-33,2.0850888e-14,1.0342972e-10
760000,35,206,0,5.4112288e-11,4.0526603e-11,3.719948e-11,1.5179913e-13,4.3995853e-15,1.2326243e-10
760000,134,354,0,4.3000473e-10,6.552902e-12,5.549899e-14,2.3978369e-21,1.3901345e-22,3.7551285e-11
760000,263,105,0,1.5236395e-10,3.947938e-12,1.9280647e-15,6.8842254e-25,1.4734509e-26,9.6977905e-11
760000,352,48,0,1.9449888e-10,3.6658142e-11,9.077866e-11,1.1130144e-11,5.9955894e-11,1.7790384e-10
760000,342,324,0,1.1382467e-09,5.695486e-12,1.328124e-15,3.96144e-22,1.1927046e-22,9.869623e-12
760000,420,151,0,1.4924914e-09,1.38679086e-11,3.1468183e-12,2.1498084e-16,2.2178612e-13,2.7712332e-11
760000,179,377,0,1.0715879e-10,3.1503391e-12,1.1722729e-24,1.02e-43,1.942559e-23,9.902224e-11
760000,310,344,0,7.711832e-10,1.1920905e-12,2.8723223e-13,2.54033e-18,2.397971e-22,4.946668e-11
760000,22,61,0,3.7162105e-12,7.7741834e-11,2.9193138e-13,8.4585253e-20,4.1506593e-14,3.2663222e-10
760000,431,384,0,3.8865844e-10,2.6579416e-11,8.16682e-12,2.1695084e-14,1.1867314e-15,1.4931832e-10
760000,443,368,0,7.2534967e-10,6.2152866e-11,9.236674e-12,5.458481e-15,4.0732815e-15,9.2495095e-11
760000,461,357,0,2.8695688e-11,2.858412e-11,4.1523982e-11,5.1946494e-12,1.138889e-12,1.0163648e-10
760000,208,496,0,-1.1253007e-12,3.2237924e-11,1.0744204e-12,1.00673366e-16,1.5982155e-16,3.1803025e-09
760000,259,415,0,5.6363003e-10,3.871354e-11,6.8655164e-19,3.2502948e-33,2.794374e-11,3.086361e-09
760000,48,454,0,8.96185e-11,3.4163006e-11,7.9992577e-13,2.9993379e-18,1.1126937e-14,3.3453622e-09
760000,421,188,0,2.5862368e-10,2.9735665e-11,9.793788e-18,2.0103986e-28,8.1378113e-16,3.2442524e-09
760000,101,407,0,9.294496e-10,1.9406657e-11,4.5354356e-11,1.9121846e-11,1.6076848e-11,3.1216603e-09
760000,271,467,0,9.2806535e-12,4.634398e-11,5.8991776e-13,4.1577063e-18,4.356086e-12,3.097171e-09
760000,462,470,0,1.0064483e-12,8.314419e-11,2.8520383e-12,8.942524e-17,4.8402575e-12,3.5957943e-09
760000,240,194,0,2.371361e-10,2.4964998e-12,9.634458e-33,0.0,7.511202e-24,3.043047e-09
760000,198,365,0,1.3232505e-09,1.0166863e-11,1.3704828e-26,0.0,8.860192e-19,3.0863305e-09
760000,414,375,0,2.0734908e-10,3.7785775e-11,1.5715053e-14,2.2512968e-21,2.3898095e-11,3.1369134e-09
760000,98,15,0,-7.8097354e-13,3.7275894e-11,3.9777154e-11,1.2474896e-12,1.5315849e-13,3.5852892e-09
760000,414,387,0,1.3464439e-10,2.7616007e-11,4.1643994e-16,7.6554076e-26,1.1349903e-15,3.2075786e-09
760000,244,81,0,2.2593444e-10,1.4934347e-11,8.017084e-12,6.490813e-15,5.721951e-12,3.2641352e-09
760000,428,194,0,2.2703522e-10,1.8366057e-11,7.7885143e-13,4.059814e-18,3.3360035e-17,3.0939935e-09
760000,180,364,0,2.5123517e-10,1.4657227e-11,9.839592e-21,1.3558224e-37,3.063028e-14,3.3595344e-09
760000,13,318,0,-1.1765964e-13,3.7201874e-11,3.805227e-11,1.0591274e-11,8.38066e-12,3.2472338e-09
760000,41,380,0,8.756321e-11,1.6053894e-11,1.8717776e-11,2.1559275e-13,1.1226434e-14,3.2603362e-09
760000,466,98,0,4.5465024e-11,1.4993659e-11,3.060686e-13,1.320975e-18,2.866213e-18,3.1303249e-09
760000,484,98,0,5.854596e-13,1.7658198e-11,3.9192937e-11,5.414479e-12,1.2572991e-12,3.1003846e-09
760000,45,373,0,1.8470084e-10,1.9158477e-12,8.3941664e-12,2.8966915e-15,3.40529e-18,3.221465e-09
760000,113,465,0,5.3783163e-12,9.477752e-11,2.663874e-11,6.214095e-14,2.8313205e-10,3.3138188e-09
760000,395,200,0,5.547143e-10,1.3243007e-11,7.677445e-14,1.18940995e-20,1.9762423e-22,3.0358667e-09
760000,249,8,0,-8.038429e-13,5.3903403e-11,3.8977242e-13,6.555109e-19,5.039924e-11,3.1295795e-09
760000,131,450,0,2.728134e-10,5.908807e-11,2.4509715e-12,2.478941e-16,4.8800023e-11,3.075705e-09
760000,158,94,0,5.68368e-10,3.5540583e-12,1.1046306e-13,3.9820698e-20,2.474228e-24,3.106531e-09
760000,445,447,0,5.5354293e-10,5.3462963e-11,3.0146302e-14,2.1543398e-21,3.3490244e-10,3.4297432e-09
760000,119,464,0,1.3364985e-11,7.304107e-11,5.2137725e-11,1.0717692e-11,7.692024e-12,3.115442e-09
760000,442,70,0,7.763451e-10,3.8012843e-11,1.04943255e-13,3.0636666e-20,3.277522e-14,3.2389906e-09
760000,401,487,0,-1.0601548e-12,4.716551e-11,5.0700482e-11,1.06807445e-11,9.381672e-12,3.1206644e-09
760000,339,461,0,6.3369816e-11,2.6155777e-11,2.9446847e-13,7.231276e-20,2.0429232e-09,3.1389253e-09
760000,229,435,0,1.463983e-09,4.715887e-11,2.132682e-16,4.5203182e-27,4.466493e-16,3.3754373e-09
760000,21,474,0,-1.4077401e-12,9.278333e-11,1.149447e-13,9.0489035e-21,6.070528e-11,3.2060112e-09
760000,2,27,0,-2.3950668e-13,2.5244796e-11,1.1615494e-13,2.1265902e-20,2.8816606e-13,3.2564458e-09
760000,199,455,0,1.2836006e-10,2.7922371e-11,4.0606156e-12,2.9051432e-15,7.61208e-15,3.2088003e-09
760000,6,211,0,-4.638842e-13,1.3019066e-11,1.3476485e-11,2.2951577e-14,1.02026455e-16,3.1291183e-09
760000,58,493,0,-1.166454e-12,4.8201654e-11,1.8795683e-12,5.3266497e-17,2.8067425e-13,3.54655e-09
760000,388,48,0,5.720908e-10,3.1416477e-11,1.7483357e-11,2.543541e-13,1.9610819e-14,3.0532905e-09
760000,28,85,0,2.439552e-11,5.0437012e-11,9.488959e-12,1.3001886e-14,5.1938738e-11,3.3535557e-09
760000,464,350,0,1.731309e-11,4.0902032e-11,5.4915816e-13,1.4904785e-18,3.4037506e-10,4.2486356e-10
760000,425,183,0,4.6078155e-10,5.8884776e-12,9.512989e-16,5.7000777e-25,3.371594e-21,3.0121146e-09
760000,205,124,0,2.4471153e-10,4.8407084e-11,9.604484e-16,2.1473575e-24,3.475185e-13,3.1103315e-09
760000,42,139,0,3.706622e-11,5.6160212e-11,2.2870276e-12,1.6347798e-16,3.6851185e-14,3.1844873e-09
760000,32,86,0,5.0641297e-11,3.3085482e-11,6.407471e-11,4.294375e-11,8.7738455e-11,3.3020398e-09
760000,168,499,0,-7.4195614e-13,5.5569604e-11,2.9472515e-13,1.7497263e-18,1.4222571e-13,3.552024e-09
760000,456,175,0,1.5999294e-10,6.6748954e-11,1.5890481e-15,5.113847e-25,3.5374023e-10,3.310542e-09
760000,400,346,0,1.6458775e-09,3.0766827e-11,1.1967041e-11,2.7532938e-14,2.0808556e-11,3.014009e-09
760000,28,119,0,5.3812055e-12,5.2648153e-11,6.499966e-13,2.9822661e-18,3.2743389e-10,3.033524e-09
760000,189,135,0,1.8081385e-10,2.7546052e-11,5.85214e-14,7.523825e-20,1.8068402e-12,2.9915999e-09
760000,126,31,0,2.7805789e-11,4.283614e-11,2.8091763e-14,1.2934629e-21,7.044767e-16,3.1715317e-09
760000,392,47,0,3.2512049e-10,2.1750235e-11,5.488083e-13,7.821669e-18,1.6502748e-17,3.1021696e-09
760000,266,9,0,-7.120187e-13,4.5046016e-11,2.079544e-11,2.8757636e-13,3.32566e-11,5.642869e-10
760000,298,9,0,-4.9668895e-13,1.8779617e-11,6.5429715e-12,6.1861514e-15,1.377558e-17,3.272646e-09
760000,229,452,0,2.0493136e-10,5.824482e-11,1.4627053e-11,1.9388857e-14,5.727103e-11,4.995503e-09
760000,96,188,0,3.9977452e-10,4.8689924e-11,3.6461817e-16,6.113027e-27,4.7686286e-15,3.0705523e-09
760000,390,63,0,8.5334617e-10,4.0492235e-11,4.7172984e-11,5.1974007e-12,1.2515305e-12,3.096479e-09
760000,163,87,0,4.4531062e-10,2.8425983e-12,6.189313e-13,7.6048545e-18,7.1551315e-22,3.2343124e-09
760000,62,370,0,3.5799128e-10,2.5780972e-13,8.712489e-12,2.0707137e-14,1.2686092e-16,3.2274778e-09
760000,64,204,0,1.440891e-09,7.435324e-11,1.6703178e-14,2.5102615e-21,1.477764e-14,3.1281149e-09
760000,120,408,0,1.0189033e-09,3.428946e-11,7.1403296e-12,2.2951982e-15,3.1853778e-10,3.1384855e-09
760000,183,140,0,2.525317e-10,2.3600837e-11,2.3657242e-12,1.2078561e-16,1.22973575e-17,3.0324645e-09
760000,186,404,0,9.0410496e-10,9.5547025e-12,5.6112302e-12,3.354247e-15,1.5986609e-17,3.0492198e-09
760000,307,48,0,2.0534864e-10,5.014866e-11,7.72135e-12,2.7514582e-15,2.7471643e-11,3.419472e-09
760000,370,314,0,6.819e-10,6.5944034e-12,1.037769e-13,1.3920068e-20,1.0078492e-21,2.9963598e-09
760000,70,12,0,-1.0776282e-12,5.7018692e-11,1.6785661e-11,4.9982394e-14,6.370143e-16,3.262464e-09
760000,4,487,0,-1.7677123e-12,9.6048974e-11,2.3860218e-11,1.7401008e-13,3.1601816e-10,3.4031742e-09
760000,470,125,0,4.6157123e-12,3.1250866e-11,2.3538876e-16,3.9569448e-26,3.876533e-14,3.2495278e-09
760000,423,365,0,6.916052e-10,3.5762768e-11,4.7520863e-12,4.575428e-16,2.3890424e-11,3.1183096e-09
760000,484,274,0,-1.9765117e-13,5.0698442e-11,5.419773e-13,1.3287197e-18,5.2383996e-11,3.393916e-09
760000,49,282,0,5.478995e-10,2.1931002e-11,9.128587e-13,1.2998273e-17,4.779046e-18,3.1172123e-09
760000,331,243,0,1.2247552e-09,8.366789e-12,3.52307e-25,3.49e-43,9.677948e-19,2.9919776e-09
760000,427,462,0,1.6361723e-11,4.8643593e-11,1.8399994e-13,2.9865772e-19,1.2763049e-12,3.3398033e-09
760000,72,419,0,8.457193e-10,4.3401775e-11,7.107096e-14,1.0378316e-20,4.6388865e-12,3.1525507e-09
760000,351,118,0,1.1989557e-09,7.6815655e-12,4.5777108e-33,0.0,2.5811787e-21,3.0479608e-09
760000,212,99,0,2.429689e-10,5.663994e-12,2.4813081e-12,1.4523739e-16,2.1369471e-20,3.0252332e-09
760000,105,83,0,5.8443156e-10,4.2245506e-11,2.3850194e-11,3.2120137e-13,2.9117173e-10,3.1601068e-09
760000,479,22,0,-1.4924399e-12,8.1752556e-11,3.2166877e-11,3.4530885e-13,1.2861923e-14,3.341701e-09
760000,376,475,0,8.917959e-13,9.2033894e-11,3.1346203e-11,1.4571984e-12,1.4242501e-13,3.4093026e-09
760000,139,128,0,3.2331315e-10,1.4230962e-11,7.257418e-12,9.449943e-15,6.590022e-16,3.0989615e-09
760000,308,101,0,9.498843e-10,2.2366609e-11,6.402415e-24,2.164425e-37,4.840254e-11,3.0397664e-09
760000,392,281,0,1.4757043e-09,2.6311328e-11,3.0680396e-16,2.6960718e-24,7.098652e-19,1.2397024e-11
760000,189,372,0,4.3821607e-10,1.8789236e-11,1.1899834e-24,1.31674e-40,1.6426285e-18,6.129464e-11
760000,198,477,0,-9.289927e-12,2.294648e-09,6.196349e-11,4.852933e-12,4.119686e-09,2.0949344e-10
760000,439,112,0,2.6357383e-10,3.4848468e-11,1.5177639e-11,1.7806584e-13,3.232153e-10,7.636038e-11
760000,94,350,0,4.449545e-10,5.204446e-14,5.206826e-11,4.209643e-12,6.483191e-13,2.2109077e-10
760000,35,257,0,9.0941935e-11,4.9295387e-11,1.7419709e-14,2.8840192e-22,5.403155e-12,2.8308902e-10
760000,144,457,0,3.0814387e-10,4.81891e-11,4.601177e-12,4.290215e-15,1.3570664e-16,3.0224712e-10
760000,376,324,0,4.9032156e-10,6.766096e-12,7.9465335e-13,4.494326e-18,4.6516005e-21,3.3403256e-11
760000,400,238,0,1.11661735e-10,1.0470648e-10,4.9485825e-15,5.4423526e-22,7.973103e-11,4.9960033e-11
760000,32,293,0,2.4260675e-11,4.2898077e-11,1.088157e-12,1.2838656e-16,3.5157315e-16,1.5014028e-10
760000,459,302,0,4.198822e-11,5.9485514e-11,5.7697326e-13,9.557316e-18,2.1436258e-12,2.6939173e-10
760000,285,204,0,9.498917e-10,1.4612092e-12,1e-45,0.0,1.8109444e-26,1.9139445e-11
760000,258,392,0,7.304223e-10,2.3027543e-11,6.408429e-19,3.0017611e-33,3.2722576e-18,2.7325165e-11
760000,163,480,0,2.5172826e-12,2.2633584e-11,1.6163458e-12,8.130802e-17,3.3684216e-16,1.08530476e-10
760000,70,295,0,1.1062976e-09,2.904391e-11,5.42456e-23,1.698e-41,3.1853775e-10,1.9997787e-10
760000,309,274,0,6.3058386e-10,1.0949546e-11,5.9029964e-32,0.0,3.2622587e-18,1.4861284e-11
760000,267,215,0,2.0657953e-09,6.415848e-13,3.1205525e-33,0.0,6.553824e-30,2.9935208e-09
760000,479,470,0,-1.5171055e-12,1.0017959e-10,1.13821634e-11,7.566592e-15,4.1562153e-11,3.4656091e-09
760000,72,123,0,1.1025936e-09,1.6629101e-11,6.399345e-15,2.4476082e-22,2.9131518e-17,3.124814e-10
760000,38,268,0,1.981518e-10,4.171386e-11,1.7808182e-13,7.535835e-20,3.237506e-11,1.13626136e-10
760000,63,326,0,6.67738e-10,8.4886135e-12,1.0597669e-20,5.464964e-35,3.4357864e-21,3.127635e-09
760000,414,477,0,-9.400932e-13,6.757687e-11,3.429909e-11,4.3828526e-13,4.5420768e-11,3.2932568e-09
760000,12,464,0,-1.3678052e-12,6.8275365e-11,4.6901268e-11,1.344336e-12,3.281225e-10,3.55105e-09
760000,304,128,0,4.1262857e-10,2.4120097e-11,2.3382555e-18,5.383625e-32,1.5084493e-15,3.0934397e-09
760000,499,110,0,-4.5961124e-13,9.7006075e-12,7.4776794e-14,7.411496e-21,8.691318e-24,3.4650802e-09
760000,429,225,0,3.3426703e-10,4.9811693e-11,1.6432179e-12,1.71413e-17,3.8782295e-14,3.1507972e-09
760000,74,77,0,4.5715304e-10,3.3846658e-11,9.732694e-11,3.1102263e-12,2.398897e-11,3.2065792e-09
760000,146,78,0,1.0383173e-09,3.9487105e-11,4.7536433e-11,1.9210794e-11,4.6010955e-11,3.022446e-09
760000,265,45,0,1.8382223e-11,2.8960999e-11,5.0666515e-16,2.648565e-24,3.3312897e-10,3.1336012e-09
760000,168,482,0,6.73214e-13,6.78752e-11,2.3957456e-11,2.8833115e-13,6.425309e-15,3.0645309e-09
760000,54,305,0,4.0471676e-10,3.6420398e-11,8.2078615e-16,6.62465e-25,3.1894856e-16,3.4278524e-09
760000,265,481,0,-5.0119484e-13,5.5396878e-11,2.0736889e-12,6.909848e-17,3.2632597e-10,3.1443916e-09
760000,207,45,0,3.840902e-10,3.51928e-11,4.4162495e-18,4.3975914e-26,3.273459e-10,3.3557772e-09
760000,27,180,0,4.8458967e-12,4.9882192e-11,5.260689e-15,1.6027537e-22,1.2073632e-14,3.420795e-09
760000,473,44,0,1.0045472e-12,5.0311578e-11,1.4722296e-12,2.248253e-17,6.626291e-12,3.590578e-09
760000,244,467,0,1.574904e-11,6.1620445e-11,2.3743922e-13,1.5934431e-19,2.8124016e-14,3.1349694e-09
760000,103,28,0,4.628007e-12,6.5555235e-11,1.10693864e-13,3.2367894e-20,2.6397221e-11,3.118619e-09
760000,479,28,0,-1.3095155e-12,6.111391e-11,4.254068e-12,2.9434628e-15,5.564434e-11,3.264534e-09
760000,368,34,0,4.2919564e-11,7.853383e-13,1.5749058e-11,1.2798146e-13,2.2696667e-15,3.1475496e-09
760000,139,15,0,1.1049089e-13,1.288349e-11,1.0815582e-10,5.252107e-11,7.6708334e-11,3.2861278e-09
760000,477,89,0,6.5944637e-12,4.1074047e-11,1.5923646e-10,1.08740525e-11,7.169709e-12,3.281329e-09
760000,77,2,0,-1.1698177e-12,7.6869414e-11,2.4435608e-13,1.6165673e-19,2.5950357e-13,3.1769e-09
760000,382,46,0,6.033669e-10,4.2050634e-11,4.2835454e-11,1.3254559e-12,6.723868e-12,3.099759e-09
760000,62,161,0,2.7041908e-10,3.1812445e-11,2.795094e-16,2.6868104e-25,6.6148763e-15,3.1655991e-09
760000,137,50,0,4.1867054e-10,1.9638647e-11,1.2806082e-13,2.1383469e-20,2.1104314e-13,3.2489456e-09
760000,229,26,0,3.6922687e-12,6.204537e-11,2.9978242e-12,5.6909915e-16,2.2975137e-14,3.4071477e-09
760000,391,379,0,1.690234e-10,2.0397737e-11,1.8192842e-16,5.0981095e-27,1.2802729e-18,2.9944571e-09
760000,200,173,0,1.3260645e-09,5.3678954e-12,1.3455653e-16,4.3987027e-27,2.845918e-23,2.9996203e-09
760000,9,424,0,-1.0485084e-12,4.65415e-11,9.4587515e-12,1.0132943e-14,5.7607414e-15,3.253777e-09
760000,407,474,0,8.800817e-14,1.131556e-10,3.2938596e-13,4.1853933e-19,4.33749e-11,3.453567e-09
760000,111,58,0,5.3844745e-10,3.2173774e-11,9.962577e-12,1.1182516e-14,1.0222962e-16,3.1901273e-09
760000,490,145,0,-4.535859e-13,1.5012989e-11,5.135211e-14,8.209995e-21,7.7003107e-19,3.2868892e-09
760000,482,109,0,5.0140626e-13,3.1603664e-11,2.5698616e-13,9.765333e-19,4.346515e-12,3.2159304e-09
760000,57,22,0,-4.896211e-13,3.4255196e-11,1.3013063e-13,2.7620808e-20,2.0531629e-16,3.3255034e-09
760000,220,7,0,-8.1941154e-13,3.9444684e-11,1.7015332e-10,6.7886204e-12,1.4270854e-12,3.4328953e-09
760000,120,47,0,4.080606e-10,7.405528e-11,2.7307531e-12,1.5673537e-16,5.0099716e-11,3.1885006e-09
760000,17,461,0,-1.2381921e-12,6.1246584e-11,3.6277162e-12,2.7526784e-16,2.6943149e-11,3.839081e-09
760000,409,99,0,1.4314374e-09,1.1684954e-11,1.3836432e-14,2.309139e-22,3.6711738e-17,3.1434355e-09
760000,414,264,0,5.654297e-10,3.671143e-11,4.8994143e-17,1.4533892e-27,3.1329003e-10,3.028268e-09
760000,442,227,0,1.4617187e-10,2.448129e-11,7.8924486e-13,3.673467e-18,2.7407149e-17,3.2050607e-09
760000,336,454,0,2.2198098e-10,8.039874e-11,4.1420247e-14,3.0844224e-21,7.584661e-15,1.2211983e-10
760000,176,376,0,8.032735e-11,2.3939086e-12,4.026759e-23,4.4577e-41,1.7542056e-25,3.0621659e-09
760000,301,375,0,1.0312998e-09,2.345464e-12,1.0049413e-14,1.9144706e-22,2.03195e-26,3.011555e-09
760000,36,439,0,5.8599854e-11,4.5430024e-11,2.1953644e-11,1.9903002e-13,1.8856691e-12,3.4971597e-09
760000,66,361,0,1.2734669e-10,5.7749427e-13,4.9659495e-12,1.3663996e-15,1.9011741e-18,3.1179832e-09
760000,86,77,0,3.9285342e-10,3.81221e-11,2.5172186e-16,3.3023693e-27,1.8301272e-17,3.1901612e-09
760000,133,374,0,1.4005164e-09,3.2569406e-13,2.9409763e-11,8.7523917e-13,5.0626776e-14,3.003581e-09
760000,289,489,0,-5.810075e-13,2.1771154e-11,4.6130044e-11,2.0419276e-12,3.714808e-13,3.0815193e-09
760000,50,255,0,7.1476874e-10,3.3811388e-11,4.405716e-12,1.1966729e-15,4.4903504e-12,3.1282033e-09
760000,219,36,0,5.7922927e-11,5.2070286e-11,1.5882299e-12,3.0829382e-17,3.298195e-10,3.082273e-09
760000,310,314,0,1.9229363e-09,4.281009e-14,1.217825e-20,1.7062886e-33,1.9757155e-38,2.993375e-09
760000,111,95,0,1.5927201e-09,1.7895995e-11,2.9637772e-12,5.690859e-16,1.9262458e-14,9.213973e-11
760000,406,115,0,1.564519e-09,1.9419192e-11,6.6610072e-12,7.344013e-15,1.6869743e-17,3.0367064e-09
760000,37,252,0,9.544904e-11,4.528823e-11,6.525833e-15,1.0465134e-22,2.919137e-14,3.2554763e-09
760000,478,328,0,1.4703489e-12,9.396081e-12,6.7604275e-15,1.392632e-22,2.3802809e-18,3.064465e-09
760000,84,405,0,8.1772245e-10,3.622541e-11,7.768984e-12,1.2891799e-14,6.89581e-15,3.2010425e-09
760000,24,321,0,5.808043e-12,3.1201798e-11,1.5757657e-13,1.2950044e-19,2.1212435e-15,3.1199021e-09
760000,86,105,0,1.1511329e-10,2.5320251e-11,8.8718755e-12,1.6136396e-14,8.76207e-17,3.2099154e-09
760000,301,326,0,2.140558e-09,2.4487118e-14,3.462259e-09,7.191878e-10,1.1532664e-09,1.1555377e-10
760000,251,374,0,1.9283133e-10,3.7615043e-11,4.101102e-19,4.3847288e-32,1.8392866e-14,8.2503737e-10
760000,451,481,0,-8.957407e-13,5.750369e-11,1.0063811e-11,1.2991705e-14,3.9691113e-15,3.4881495e-09
760000,306,321,0,1.3620085e-09,2.1282669e-13,1.6106546e-20,0.0,1.5959968e-33,3.0068799e-09
760000,93,395,0,1.030837e-09,3.1030175e-11,5.1221787e-11,4.299768e-12,6.2294774e-11,3.1361114e-09
760000,480,488,0,-1.100398e-12,7.962204e-11,2.7891498e-11,9.135065e-14,4.49163e-12,3.3401628e-09
760000,3,76,0,-6.16866e-13,3.1969568e-12,9.9094837e-11,5.509544e-12,1.3394532e-12,3.261185e-09
760000,174,30,0,8.437853e-12,5.6999974e-11,2.8804977e-12,7.487608e-16,3.627883e-11,3.0823757e-09
760000,10,484,0,-1.6001147e-12,8.851955e-11,3.6396502e-13,2.7964309e-18,6.7613493e-13,3.2743432e-09
760000,30,9,0,-8.868207e-13,8.072877e-11,2.1058383e-13,9.02163e-19,1.4279854e-12,3.4665797e-09
760000,245,359,0,3.2164038e-10,3.2148156e-11,3.7237944e-19,3.5153589e-31,1.0849821e-18,2.1184408e-10
760000,43,185,0,1.4572894e-10,6.3073644e-11,2.523055e-11,3.3089465e-13,1.5768679e-12,3.164039e-09
760000,2,1,0,-3.2660828e-14,1.0663627e-11,8.473676e-13,2.6976694e-17,3.2584033e-10,3.0344687e-09
760000,113,299,0,1.0890578e-09,3.4902991e-13,3.751986e-21,8.786851e-34,8.583222e-33,3.068576e-09
760000,358,10,0,-7.8271124e-13,3.8763954e-11,3.12419e-11,3.164774e-13,1.5927528e-14,3.086999e-09
760000,47,263,0,7.0589046e-10,3.2693404e-11,1.4596125e-11,4.5500425e-14,1.2017951e-15,1.04820354e-10
760000,17,34,0,-1.1824682e-12,5.6129153e-11,4.568521e-11,5.6527495e-12,1.469084e-12,3.2825025e-09
760000,144,217,0,6.389004e-10,8.1862225e-12,8.8710263e-17,2.5298633e-28,4.0462925e-18,3.0023937e-09
760000,417,492,0,-1.3761405e-12,8.842142e-11,1.5811076e-13,5.665253e-20,2.366862e-11,3.5668577e-09
760000,493,95,0,-4.328049e-13,4.5711372e-11,1.0616402e-11,5.0097243e-15,2.5892564e-09,3.2162446e-09
760000,406,432,0,5.7874266e-10,4.7928155e-11,3.8535573e-15,1.3093763e-23,4.1062883e-13,3.0840186e-09
760000,457,446,0,2.0235355e-10,6.5417685e-11,3.0343263e-11,6.9963875e-13,2.713555e-11,3.1651899e-09
760000,456,269,0,1.8852504e-10,4.3431224e-11,1.5005852e-11,1.8975507e-13,4.44555e-15,3.1078242e-09
760000,442,320,0,1.392446e-09,4.0195187e-11,1.5659886e-17,2.2974086e-29,2.4174773e-13,3.135283e-09
760000,380,390,0,4.9001053e-10,3.8126023e-11,1.2197475e-11,4.262537e-14,3.0716792e-13,3.0263947e-09
760000,232,64,0,2.7749525e-10,2.5405808e-11,3.6427986e-11,8.558866e-13,6.2856235e-14,3.0788483e-09
760000,425,73,0,5.1839305e-10,3.8264942e-12,1.3878026e-11,7.0822403e-14,4.8421247e-16,3.0885068e-09
760000,483,38,0,-1.1076899e-12,5.0655265e-11,1.968985e-11,1.9076926e-13,1.0072357e-14,3.4045888e-09
760000,336,276,0,1.6336271e-09,2.2760258e-09,1.991853e-12,6.623711e-17,4.1188084e-09,2.1632713e-11
760000,150,256,0,7.9489476e-10,2.3054754e-09,1.5728347e-26,0.0,4.1188084e-09,5.5715557e-11
760000,448,350,0,1.8788462e-10,2.5856641e-11,2.0019368e-13,8.790989e-19,2.946925e-11,2.2180661e-10
760000,230,339,0,1.2562938e-09,1.3805501e-11,5.4309512e-15,3.5736336e-22,1.9045054e-16,1.5034285e-11
760000,436,470,0,-5.2438024e-12,2.3881161e-09,1.1135169e-13,7.670828e-20,4.1234633e-09,5.8708266e-10
760000,238,345,0,9.585418e-10,1.500438e-11,1.01711554e-13,2.1735272e-20,2.1104314e-13,2.7652336e-12
760000,370,240,0,6.816997e-10,2.2811704e-09,1.4059499e-16,1.7662756e-25,4.1188084e-09,7.580189e-11
760000,26,324,0,7.846474e-12,4.0935096e-11,1.01954e-13,2.8762828e-20,3.6641927e-14,9.8671855e-11
760000,381,28,0,1.5782544e-11,2.2887725e-09,6.246809e-13,2.1200488e-18,4.118809e-09,1.9020767e-10
760000,297,205,0,1.0371414e-09,5.549139e-14,3.14016e-34,0.0,5.42e-43,5.5871998e-11
760000,410,186,0,3.9154413e-10,7.8506174e-11,4.4451864e-19,1.8309864e-33,5.827566e-11,4.7080777e-11
760000,209,321,0,8.3867974e-10,2.3677307e-11,1.5695475e-21,4.6823897e-37,8.609063e-15,2.9675855e-13
760000,394,259,0,4.5120296e-10,3.2940834e-11,1.923661e-14,1.4458746e-22,6.6156598e-15,2.2730921e-10
760000,265,290,0,6.0559974e-10,1.5695504e-11,1.1395374e-15,3.953974e-25,1.9643272e-16,1.504253e-14
760000,255,137,0,4.141176e-10,4.3823183e-12,4.637062e-15,1.3842411e-22,3.2853972e-22,6.069597e-12
760000,283,384,0,8.698221e-10,5.170271e-12,1.9881282e-16,2.7095697e-27,1.9488735e-22,1.3376976e-10
760000,149,328,0,6.6804406e-10,7.4266635e-12,3.85907e-12,6.358259e-16,2.8863442e-18,2.5925241e-11
760000,159,52,0,3.4060965e-10,3.4703296e-11,4.4145187e-12,1.1119763e-15,3.4638205e-15,4.4942078e-10
760000,166,27,0,5.9176756e-12,3.1803785e-11,2.7586037e-12,1.9410002e-16,1.7278282e-13,1.8178169e-10
760000,221,243,0,3.267482e-10,2.0259746e-13,1.5556929e-21,9.7395834e-36,3.7629365e-34,1.5780832e-11
760000,29,310,0,1.7336773e-11,5.374607e-11,1.6841403e-13,1.4493891e-19,3.331323e-10,5.6754376e-11
760000,15,145,0,-9.285448e-13,8.5160906e-11,8.6476247e-13,4.265176e-18,5.6092173e-11,3.7832718e-10
760000,480,303,0,-2.0171187e-14,3.1901693e-11,4.1850204e-11,1.0710318e-11,3.2939904e-10,3.3353444e-09
760000,15,439,0,-7.124706e-13,6.2054625e-11,5.894851e-11,1.9804521e-11,1.2708696e-11,3.3712793e-09
760000,28,295,0,1.0720517e-11,4.209628e-11,3.968624e-11,2.6523068e-13,4.7406985e-11,1.7387276e-10
760000,332,28,0,6.2047923e-12,3.752077e-11,4.6868464e-14,2.1443369e-21,3.5194198e-12,3.204705e-10
760000,484,70,0,5.1197675e-13,4.8485604e-11,1.0044547e-11,2.5524274e-14,5.8079292e-12,4.1584838e-10
760000,152,10,0,-6.060548e-13,3.8163802e-11,5.0034584e-11,3.723696e-11,4.0711617e-10,3.1400087e-09
760000,158,464,0,8.470202e-11,5.8262485e-11,3.134883e-11,1.168586e-12,2.5514368e-11,1.2848365e-10
760000,481,152,0,9.969418e-13,3.794932e-11,8.845698e-14,6.327648e-20,1.2335769e-13,7.093137e-11
760000,498,360,0,-6.53486e-13,4.1799647e-11,4.434077e-14,8.539988e-21,9.880357e-15,3.3065397e-09
760000,16,315,0,5.465524e-13,1.2659421e-11,2.4415515e-11,1.1830078e-12,9.352392e-14,3.6840846e-09
760000,230,438,0,1.1348616e-09,7.0935306e-11,2.2371298e-15,9.095095e-22,3.6890326e-13,3.205865e-09
760000,134,226,0,7.154964e-10,4.6516596e-11,4.0806775e-11,5.253257e-12,2.8498022e-12,2.9977834e-09
760000,334,441,0,5.802472e-10,4.5361173e-11,3.3903096e-11,1.2467194e-12,8.909378e-14,2.5377986e-10
760000,44,361,0,5.7175206e-11,5.7471727e-12,5.273771e-12,8.3310603e-16,4.7901735e-19,3.1957874e-09
760000,468,417,0,5.2411964e-11,6.039236e-11,1.1184175e-10,5.5142398e-11,1.1366398e-10,3.4881148e-10
760000,9,366,0,-3.8264658e-13,2.493049e-11,1.5563413e-11,1.4412465e-13,1.7373459e-13,2.9062114e-10
760000,446,487,0,-1.2187829e-12,8.4925074e-11,1.867008e-12,1.975855e-16,7.375094e-12,3.4024243e-09
760000,37,466,0,2.6612976e-12,1.06585595e-10,6.1160734e-12,4.2853933e-16,7.113263e-11,1.6857338e-10
760000,0,308,0,-6.962891e-13,4.4784232e-11,3.8112005e-12,2.2819443e-16,1.2731556e-16,1.3610796e-10
760000,313,468,0,2.7749214e-11,1.6165342e-11,1.3938282e-14,4.0998856e-21,1.416951e-18,3.1487435e-09
760000,488,437,0,-4.4582813e-13,8.269943e-11,1.5687956e-11,1.6654369e-13,2.13286e-14,3.4312677e-09
760000,27,265,0,2.620317e-11,4.3144693e-11,7.832847e-15,4.982539e-22,2.0808431e-11,6.222101e-11
760000,469,91,0,3.2693518e-11,4.5550463e-11,1.07671e-11,8.285353e-15,2.4945827e-14,3.1232628e-09
760000,43,266,0,4.2262685e-10,3.281601e-11,1.6753886e-11,1.221997e-13,4.6804694e-15,3.049058e-09
760000,431,51,0,1.0176481e-09,6.824676e-11,4.0547496e-11,1.5952261e-12,3.4453573e-10,1.4977844e-10
760000,20,465,0,-1.20962e-12,5.1202684e-11,5.3185503e-12,1.990117e-15,1.4661005e-12,3.7438902e-10
760000,26,244,0,8.116905e-12,5.1138368e-11,5.4300155e-11,1.0678883e-11,8.510952e-12,1.2275754e-10
760000,482,320,0,1.8830465e-13,1.7966802e-11,6.122161e-12,1.9412866e-15,1.4050147e-14,4.5073797e-10
760000,154,315,0,1.1095866e-09,1.4839618e-12,4.6637363e-15,4.7833366e-24,1.1975906e-24,3.0434961e-09
760000,452,17,0,-4.6010564e-13,7.859392e-11,3.1756776e-12,1.8598829e-16,1.1844424e-14,3.6319512e-09
760000,464,399,0,1.6920049e-11,4.056258e-11,3.7638802e-13,7.043709e-18,1.466836e-12,3.322316e-10
760000,20,76,0,4.5179355e-12,6.0656785e-11,1.9378813e-11,3.1748096e-13,3.1716757e-10,2.561629e-10
760000,450,48,0,1.6803152e-10,8.74867e-11,3.4810977e-11,3.322072e-13,9.401471e-14,3.212694e-09
760000,7,239,0,-9.0486397e-13,7.119483e-11,4.2772404e-11,5.133586e-12,5.947614e-11,2.5542005e-10
760000,446,454,0,1.7186941e-10,3.8508547e-11,4.000333e-14,1.0163581e-20,1.5284986e-17,3.6437724e-09
760000,429,162,0,1.0155423e-09,3.8540338e-11,2.6718306e-11,1.0692271e-12,9.413223e-13,3.057142e-09
760000,431,490,0,-1.53691e-12,1.03886275e-10,1.7779997e-13,3.3535564e-19,1.428477e-13,2.1139017e-10
760000,104,496,0,-8.1861655e-13,2.7941488e-11,7.105292e-13,5.8131503e-18,7.6870185e-17,2.8516084e-10
760000,100,435,0,4.9192206e-10,5.0376304e-11,2.9448026e-15,1.1877037e-20,4.9708185e-12,9.914984e-11
760000,267,426,0,4.5332296e-10,9.191587e-11,2.5248685e-18,5.2329537e-30,3.30206e-10,3.118365e-09
760000,122,489,0,-1.0283532e-12,9.5989834e-11,2.501596e-11,1.1383467e-12,2.698202e-10,3.0890763e-09
760000,61,187,0,1.6236131e-09,3.16269e-11,1.2032632e-12,1.02509904e-17,1.8894134e-19,3.0594598e-09
760000,35,473,0,-5.950507e-13,1.0345867e-10,1.1403588e-11,1.61227e-14,7.363722e-13,3.5208527e-09
760000,426,341,0,9.800342e-10,1.9785808e-11,1.3203236e-12,1.6826851e-16,4.49035e-12,1.0432e-10
760000,117,439,0,2.877501e-10,2.809679e-11,7.0036796e-11,8.9197296e-13,6.030658e-14,1.9431615e-10
760000,7,129,0,-9.106059e-13,3.9915772e-11,6.701867e-11,4.0607073e-11,8.997427e-11,3.6267161e-10
760000,483,159,0,1.751316e-13,2.678444e-11,6.0932897e-17,7.5296823e-25,6.1276396e-14,1.3673876e-10
760000,486,356,0,-4.4969543e-13,1.4148138e-11,3.4749363e-09,7.1919937e-10,1.1532665e-09,4.5472126e-10
760000,483,149,0,3.578976e-13,3.759676e-11,6.192011e-13,2.9214489e-18,2.1056232e-09,1.6367774e-10
760000,489,409,0,-4.04248e-13,2.3306223e-11,3.188454e-12,4.891771e-16,6.1576085e-15,3.229561e-09
760000,162,77,0,4.854504e-10,1.8204056e-11,1.0865928e-14,8.645275e-23,3.3190456e-13,1.12272275e-10
760000,460,388,0,2.9674437e-11,3.860849e-11,2.248345e-11,2.4695111e-13,1.3683353e-14,4.028751e-10
760000,460,335,0,6.898002e-11,4.7555713e-11,2.8316379e-11,2.1236984e-12,1.9998994e-12,3.2513008e-09
760000,65,411,0,6.491517e-10,3.4415786e-11,3.463551e-09,7.191879e-10,1.1532736e-09,2.989128e-10
760000,496,93,0,-5.019769e-13,3.2891564e-11,2.297704e-12,1.7719125e-16,3.2118238e-15,9.1888844e-11
760000,34,64,0,5.2862742e-11,5.678188e-11,1.3645405e-11,2.3503785e-14,2.7945105e-11,3.2151628e-09
760000,433,5,0,-1.0403937e-12,6.7861994e-11,4.6157846e-17,3.5801392e-26,3.233822e-10,1.3985096e-10
760000,255,33,0,4.8308614e-12,2.065901e-11,2.6075032e-14,9.415349e-22,2.1228668e-15,1.6800175e-10
760000,332,19,0,5.1518346e-14,5.465225e-11,3.3755835e-16,2.4028822e-25,8.9062004e-13,7.357003e-11
760000,28,211,0,1.6543681e-11,7.158696e-11,3.8355753e-11,3.0149166e-13,4.6396524e-12,3.1350038e-09
760000,74,133,0,7.393752e-10,2.2714748e-11,3.1290927e-16,2.3996883e-27,7.117461e-14,1.2655368e-10
760000,26,495,0,-1.392942e-12,5.0236704e-11,2.171072e-11,3.7283807e-13,3.0386006e-14,3.5431966e-09
760000,389,87,0,1.4749153e-09,3.4871148e-11,5.2930863e-12,2.7867835e-15,2.8556923e-13,3.1676408e-09
760000,84,464,0,1.2029361e-11,3.0760148e-11,1.45447465e-11,5.615838e-14,4.3929424e-13,3.3608858e-09
760000,417,393,0,1.6597637e-10,4.9757996e-11,1.4509351e-12,1.3601128e-16,7.758976e-15,1.7893072e-10
760000,275,15,0,-5.04156e-13,4.4508598e-11,3.4622591e-09,7.191878e-10,1.1926974e-09,2.4534258e-10
760000,89,458,0,2.2242406e-11,6.285504e-11,3.874322e-13,7.902146e-19,2.611002e-11,3.164149e-09
760000,445,425,0,1.5436535e-09,4.3443464e-11,3.286612e-15,1.6382072e-21,2.911536e-10,3.0473388e-09
760000,307,95,0,1.0620329e-09,2.233708e-11,1.10645e-22,4.84209e-40,2.8443232e-11,2.6924088e-10
760000,84,35,0,2.0149798e-11,3.1152126e-11,3.4844308e-11,3.4536203e-13,1.3406097e-14,3.2449574e-09
760000,389,182,0,1.0142679e-09,5.436941e-11,1.5688666e-11,1.7806716e-13,5.7812956e-12,1.6979672e-10
760000,95,334,0,7.899293e-10,2.2377994e-13,2.6824629e-17,4.5419007e-29,1.6575184e-29,5.970077e-11
760000,438,109,0,3.107673e-10,3.0365092e-11,3.6161938e-11,5.5961156e-12,1.4360536e-12,3.417356e-11
760000,275,496,0,-8.6540627e-13,4.7401714e-11,5.6321784e-11,1.07578555e-11,6.406773e-11,4.044271e-10
760000,155,58,0,5.911032e-10,3.1819356e-11,7.887875e-12,1.2892757e-14,6.6638716e-15,3.0734286e-09
760000,77,465,0,2.0828762e-11,4.7718524e-11,5.01962e-12,1.2818268e-15,3.1685463e-10,3.2649474e-09
760000,76,385,0,5.332533e-10,2.873008e-11,1.2176733e-11,4.9199106e-14,6.689266e-15,1.9810305e-10
760000,15,35,0,-1.1170667e-12,5.7020083e-11,4.7930427e-11,1.0623177e-11,8.264685e-12,2.491968e-10
760000,169,64,0,1.9245726e-10,2.8111935e-11,6.3693165e-17,7.925422e-27,5.3581115e-12,8.835146e-11
760000,117,75,0,5.128252e-10,7.141207e-11,3.4068327e-13,3.6393896e-18,1.310899e-12,3.0832281e-09
760000,421,333,0,1.7867888e-09,2.2844839e-11,3.2062037e-13,1.534384e-18,1.9589145e-14,1.6194712e-10
760000,1,497,0,-2.0644766e-12,1.7080166e-10,1.7662193e-11,5.984702e-14,3.5878753e-10,6.137768e-10
760000,118,418,0,6.8618194e-10,5.4494735e-11,1.0967676e-13,9.115456e-21,1.0354688e-14,1.1913055e-10
760000,400,496,0,-9.723706e-13,2.1240124e-11,1.0050785e-10,1.04807074e-11,2.2386017e-12,2.9146976e-10
