mcsteps,xCOM,yCOM,zCOM,il8,il1,il6,il10,tnf,tgf
640000,58,260,0,3.1536096e-09,2.115992e-11,4.7800343e-15,1.340197e-23,2.8084255e-19,6.0215014e-11
640000,127,278,0,2.556107e-09,3.5689748e-12,7.50147e-11,4.71608e-11,8.360746e-11,2.313759e-14
640000,320,86,0,3.4659002e-09,3.2800399e-12,4.7594e-15,1.0994488e-22,6.4216017e-23,1.9856793e-10
640000,426,147,0,2.7068694e-09,4.7503893e-12,6.723427e-11,8.014075e-13,5.2677304e-14,7.0917786e-11
640000,389,77,0,2.6391491e-09,1.25170135e-11,9.296638e-12,2.7209271e-15,3.622096e-18,1.4897562e-10
640000,76,141,0,2.2649163e-09,8.984163e-12,7.568812e-15,8.68308e-23,1.6812585e-22,6.466793e-12
640000,126,316,0,3.1037581e-09,2.2794662e-11,3.029143e-23,1.25589e-40,8.3994773e-16,3.5816048e-12
640000,438,319,0,3.0436442e-09,3.5549567e-11,2.6361934e-18,5.0268656e-30,4.260542e-16,7.3211756e-11
640000,395,187,0,2.587462e-09,8.1943285e-11,2.5978079e-14,1.4042764e-20,2.458995e-10,9.616357e-11
640000,271,255,0,2.753275e-09,8.497341e-12,3e-45,0.0,1.5113487e-21,5.0606497e-13
640000,383,67,0,2.8226939e-09,1.9037974e-11,4.0946695e-12,2.850299e-16,2.621747e-18,3.4987787e-11
640000,137,99,0,2.1907947e-09,3.9507755e-11,3.2923506e-15,1.0767044e-23,7.308704e-13,4.877753e-11
640000,392,314,0,2.8321625e-09,4.1272832e-15,8.66457e-20,6.38958e-35,0.0,3.1034498e-11
640000,73,326,0,2.5251383e-09,4.071332e-13,2.0969029e-23,5.4617e-41,1.2334132e-31,1.694664e-10
640000,209,54,0,2.3265525e-09,7.409972e-11,3.3909326e-18,1.7079786e-30,1.62074e-11,8.977475e-11
640000,323,205,0,2.4758489e-09,1.2235e-11,5.4195595e-15,3.0249758e-23,6.09336e-19,4.465939e-11
640000,94,376,0,2.5285343e-09,1.5639377e-11,5.1675867e-15,1.2141926e-23,2.0294438e-16,2.1189968e-10
640000,394,426,0,2.575311e-09,2.2538662e-11,3.8540772e-19,9.860419e-33,7.1479224e-18,5.1882925e-11
640000,203,425,0,3.6877015e-09,1.2854172e-11,5.631311e-12,2.1646713e-15,2.7316372e-18,2.3281196e-11
640000,261,127,0,2.6511258e-09,8.194643e-12,3.5454946e-18,6.040128e-31,2.036732e-17,4.5522617e-11
640000,404,107,0,3.26901e-09,9.705158e-12,7.130187e-14,2.3615239e-20,9.0134854e-17,3.6570816e-11
640000,188,196,0,2.1162028e-09,1.943985e-11,2.6489918e-16,1.6808663e-26,7.3426285e-19,7.94652e-11
640000,385,429,0,2.9541007e-09,3.4900048e-11,6.778137e-13,2.9398789e-18,1.6228231e-13,2.8820071e-11
640000,233,290,0,2.128451e-09,1.1864846e-18,2.6609638e-29,0.0,0.0,2.5757977e-14
640000,201,360,0,2.6485607e-09,1.5724173e-12,5.2376186e-23,2.17233e-40,2.4967643e-28,2.4693025e-11
640000,349,67,0,2.7394658e-09,2.1217448e-11,3.7215977e-11,1.5558815e-12,2.2805797e-13,7.073849e-11
640000,66,315,0,2.4452014e-09,4.7162753e-11,6.693398e-24,3.57348e-39,5.556421e-15,6.903692e-11
640000,205,431,0,3.9424024e-09,2.0688883e-11,1.0378706e-11,4.309119e-15,2.1526601e-15,8.403949e-11
640000,209,220,0,2.8986757e-09,8.5687655e-12,1.3900827e-15,6.800094e-24,3.335919e-17,8.1459096e-11
640000,77,278,0,3.6252261e-09,3.8643044e-11,1.3169554e-18,1.7827293e-31,4.302695e-16,3.330073e-10
640000,108,363,0,2.3289926e-09,1.7300267e-11,2.229411e-11,1.236846e-13,9.71888e-13,1.7555593e-10
640000,91,389,0,2.6507274e-09,1.9074624e-11,1.2934623e-11,1.042522e-14,7.1236404e-17,5.868009e-11
640000,156,431,0,2.1708724e-09,1.629615e-11,1.6170493e-17,6.8839973e-28,2.0284052e-20,1.1060078e-10
640000,407,267,0,2.313942e-09,3.105297e-11,2.2454138e-20,1.2176231e-33,4.116668e-19,3.7036e-11
640000,268,393,0,2.4076527e-09,2.0253484e-12,1.0417834e-14,3.2781773e-22,3.3628273e-28,5.6948533e-11
640000,242,397,0,2.5965277e-09,5.013365e-11,1.1566397e-24,7e-44,1.93176e-13,1.0545856e-10
640000,440,84,0,2.5154798e-09,2.1384783e-11,1.1836963e-11,2.4333664e-14,2.8900612e-14,1.6495386e-10
640000,446,77,0,2.4334028e-09,1.4574465e-11,5.7920053e-12,1.3903852e-15,1.3605535e-18,9.317882e-11
640000,415,128,0,3.3371423e-09,1.899778e-11,1.3949799e-13,6.266792e-19,3.7713414e-18,1.7256652e-10
640000,389,155,0,2.578583e-09,3.47147e-11,2.2317504e-11,1.8991032e-13,2.2354328e-11,7.316887e-11
640000,307,424,0,2.705984e-09,2.4615575e-11,1.4697975e-17,2.1865155e-28,2.7687561e-18,4.138543e-11
640000,335,203,0,2.8455376e-09,4.355707e-14,3.0251458e-13,7.8161573e-19,1.9574907e-23,8.42766e-11
640000,59,186,0,2.5035043e-09,2.5901463e-11,1.5036317e-12,8.907403e-17,4.1366986e-20,6.482407e-11
640000,53,272,0,2.5064115e-09,4.14177e-11,5.767312e-13,3.5462503e-18,3.679065e-16,4.762123e-11
640000,309,73,0,2.401748e-09,8.432386e-12,3.6192748e-12,2.4565758e-15,1.0676405e-17,1.5593087e-10
640000,188,399,0,2.1986104e-09,3.9566245e-12,7.4215563e-13,9.10792e-18,1.702621e-21,4.260455e-11
640000,378,108,0,2.346124e-09,1.922954e-12,9.7985795e-14,3.597629e-19,3.1253767e-23,3.1916143e-11
640000,377,253,0,2.9126708e-09,2.1387265e-11,1.026863e-18,3.8957872e-32,3.7204276e-14,2.3660915e-11
640000,168,209,0,2.3107332e-09,2.9503327e-12,5.605974e-39,0.0,1.1568556e-25,5.752564e-12
640000,66,90,0,2.4320432e-09,5.310664e-11,1.1763442e-13,1.8317632e-19,3.0534253e-10,8.8397734e-11
640000,396,334,0,2.699827e-09,3.5812592e-11,1.0915638e-14,1.3057913e-21,1.2299198e-14,1.2835038e-12
640000,189,249,0,3.3760137e-09,2.202648e-11,3.8049198e-31,0.0,5.387232e-16,2.0683365e-11
640000,279,428,0,2.1814857e-09,3.790353e-11,2.935235e-13,2.9033838e-19,1.364493e-17,9.182776e-11
640000,346,344,0,2.5345726e-09,9.009918e-12,8.561537e-22,4.172174e-38,3.6297356e-22,8.659306e-12
640000,432,130,0,2.5353533e-09,2.4109189e-11,2.929505e-19,3.841544e-32,1.6247593e-19,6.9468147e-11
640000,442,274,0,2.1534938e-09,5.3942545e-12,1.5836615e-12,4.5344714e-17,1.0548763e-20,4.6641444e-11
640000,438,54,0,2.2754316e-09,7.924904e-11,5.60768e-12,8.8621113e-16,1.1008158e-13,1.6076503e-10
640000,299,337,0,4.3422888e-09,4.596281e-16,2.5968427e-24,5.892e-42,0.0,3.2878316e-12
640000,341,111,0,3.7406522e-09,1.3470354e-12,5.1946195e-25,5.9e-44,4.848271e-27,4.3505846e-12
640000,138,267,0,2.968654e-09,1.1866002e-13,3.627009e-19,2.9100608e-33,4.7875526e-37,3.0195576e-14
640000,200,246,0,3.9605634e-09,1.7904647e-11,3.4017034e-34,0.0,7.651812e-14,1.2559659e-11
640000,292,108,0,2.6345313e-09,7.889991e-12,1.4539767e-15,1.5517892e-22,5.347784e-19,3.212069e-11
640000,246,93,0,2.057438e-09,4.9501948e-12,1.5595964e-14,3.0487038e-22,2.1116728e-21,1.6043045e-10
640000,296,339,0,4.0747863e-09,6.2225145e-17,5.5366967e-26,2e-44,0.0,6.5709325e-13
640000,194,71,0,2.5075186e-09,2.423356e-11,1.2679334e-13,5.6598965e-19,5.1622686e-15,6.504049e-11
640000,64,195,0,3.1030636e-09,4.470492e-11,5.482816e-15,1.7566546e-22,7.420163e-16,9.944092e-11
640000,52,71,0,2.132826e-09,1.0558419e-11,3.4125702e-11,1.12394326e-13,2.3369345e-15,8.547394e-11
640000,402,128,0,2.6324982e-09,7.3795215e-12,1.2569572e-14,1.4768285e-21,4.3932677e-23,2.1594726e-10
640000,355,401,0,2.1057398e-09,2.183114e-11,3.7448647e-17,3.2261432e-27,3.9077873e-20,5.3860038e-11
640000,439,427,0,2.9697036e-09,4.219559e-11,1.0028801e-14,6.103997e-22,2.4398215e-16,1.2576047e-10
640000,442,258,0,2.4667557e-09,2.0546316e-11,2.354568e-16,7.7851764e-26,5.3013135e-17,2.1449416e-10
640000,389,397,0,2.1885411e-09,2.362875e-11,5.2206222e-18,7.2796294e-29,3.722757e-18,1.5247786e-10
640000,244,242,0,2.1461097e-09,8.011007e-18,1.1893949e-18,1.1042247e-28,3.129366e-36,2.1996299e-13
640000,71,411,0,2.2863837e-09,2.7105396e-11,7.2504225e-12,9.449943e-15,5.780413e-15,1.9462863e-10
640000,307,376,0,2.581424e-09,4.912959e-12,5.640151e-15,4.3895616e-23,4.4069214e-24,1.2004897e-11
640000,305,254,0,2.3513993e-09,6.501134e-13,0.0,0.0,1.9300299e-30,1.6874626e-13
640000,245,440,0,2.373522e-09,2.0436617e-12,2.9601573e-12,2.4233396e-16,8.068611e-20,4.0838204e-11
640000,112,181,0,2.146225e-09,6.127855e-11,7.533206e-25,2.136e-42,2.0402357e-13,4.9437993e-12
640000,162,315,0,2.6945157e-09,2.7256336e-11,4.1730822e-17,1.1722424e-26,1.2219617e-11,1.2236085e-12
640000,354,278,0,3.0248624e-09,5.7116163e-14,8.509848e-17,4.386676e-26,2.124586e-33,4.4132367e-12
640000,383,172,0,3.1507452e-09,3.2546632e-11,4.558652e-13,9.021409e-19,4.2037303e-14,3.6302766e-11
640000,89,263,0,2.8582885e-09,6.82184e-11,3.9498206e-13,1.4151423e-18,1.8858888e-11,4.3494656e-11
640000,444,99,0,2.1534454e-09,8.230907e-11,4.1922524e-14,3.1912973e-21,3.3900655e-10,9.156468e-11
640000,89,276,0,3.4676344e-09,1.5303508e-11,6.1772995e-14,3.5751602e-20,1.4132375e-14,4.2391186e-12
640000,293,246,0,2.630417e-09,2.9580356e-11,0.0,0.0,8.527076e-13,1.3511393e-12
640000,207,334,0,2.6152327e-09,6.207063e-12,1.1072455e-21,1.1396775e-37,2.02551e-22,2.8489505e-13
640000,280,212,0,2.6853448e-09,1.0521547e-11,0.0,0.0,9.133116e-18,6.497095e-12
640000,313,59,0,2.3192748e-09,2.0107752e-11,1.4827966e-16,4.7960096e-26,5.336438e-19,7.1627204e-11
640000,238,137,0,2.4503248e-09,1.6801163e-19,6.9384095e-12,7.690687e-15,3.0769435e-17,2.5982107e-12
640000,285,176,0,2.2907536e-09,3.7362054e-12,1.4438575e-23,1.06716e-40,7.91646e-23,9.5319114e-11
640000,132,197,0,2.5957894e-09,5.296853e-11,3.9733345e-31,0.0,8.5270864e-13,9.0169525e-11
640000,230,143,0,2.5064817e-09,2.4561182e-18,9.150205e-16,5.3389194e-25,2.2595395e-32,1.4727494e-11
640000,252,297,0,2.2526294e-09,9.981232e-13,6.1848642e-25,3.20539e-40,1.1836726e-29,1.0778864e-10
640000,337,257,0,4.7916116e-09,4.7012595e-14,2.971008e-25,7.22e-43,1.077782e-39,1.901166e-11
640000,398,306,0,2.8500413e-09,1.1340506e-12,1.2525047e-28,0.0,2.2613139e-27,8.281755e-12
640000,429,420,0,2.7950946e-09,2.6965406e-11,1.07218427e-13,1.9547336e-20,7.306867e-16,1.5352013e-10
640000,71,218,0,2.5312332e-09,7.779196e-11,8.924319e-14,1.0846757e-19,6.196333e-13,8.2011155e-11
640000,168,403,0,2.1467499e-09,2.9221785e-11,2.9220735e-21,7.2835127e-37,3.627162e-15,8.345525e-12
640000,287,315,0,3.2868588e-09,7.7645034e-12,7.864554e-27,0.0,3.7562507e-18,8.486251e-11
640000,259,282,0,2.2992273e-09,2.4262455e-13,6.2785544e-26,1e-45,1.1339939e-31,3.2507828e-18
640000,252,173,0,2.220411e-09,7.6883075e-12,1.1493855e-36,0.0,1.8343115e-18,1.2260771e-11
640000,238,428,0,2.903442e-09,4.1493475e-11,2.402691e-18,3.3055672e-31,1.315952e-14,2.2517567e-10
640000,229,430,0,2.9061287e-09,3.4134726e-11,4.0200594e-15,2.358105e-23,4.0662525e-14,1.1579049e-10
640000,255,271,0,2.265098e-09,4.4070854e-12,6.6508125e-38,0.0,5.0704423e-20,8.501419e-17
640000,222,130,0,2.8915772e-09,2.344484e-12,8.094046e-23,1.3221332e-36,1.2936702e-23,1.9034264e-11
640000,289,209,0,2.4903262e-09,3.543994e-12,8.4e-44,0.0,6.037268e-24,4.665488e-11
640000,86,240,0,2.4535767e-09,5.3487305e-11,1.04841564e-13,2.302129e-20,2.3455527e-13,3.1602478e-11
640000,223,352,0,2.9654226e-09,1.5654512e-11,9.932843e-13,7.800108e-18,2.4737808e-18,3.6067507e-11
640000,210,268,0,2.3444018e-09,1.9265262e-12,4.77223e-40,0.0,1.9874998e-26,7.189259e-13
640000,345,144,0,2.294216e-09,5.4826827e-11,7.121795e-24,1.49908e-40,1.1867789e-11,2.6253535e-10
640000,415,172,0,2.376613e-09,2.8524297e-12,3.0487753e-17,1.059653e-26,6.674053e-27,1.40497605e-11
640000,428,370,0,2.4685483e-09,4.9371653e-11,1.2022381e-12,2.2431057e-17,8.605376e-13,1.1754247e-11
640000,396,193,0,2.487549e-09,5.6638957e-11,1.1250453e-16,1.4648408e-27,2.5610717e-15,7.380253e-11
640000,413,337,0,3.4223135e-09,4.4607904e-11,4.603597e-13,1.3578868e-18,9.884983e-13,2.1718608e-11
640000,365,266,0,2.7578722e-09,3.377116e-13,4.6771616e-22,3.767635e-36,8.6294036e-29,8.824638e-12
640000,335,335,0,3.139829e-09,1.8096084e-11,8.839484e-24,2.229e-41,7.225754e-15,1.27301e-11
640000,330,184,0,2.4370548e-09,1.1910958e-12,2.0760968e-15,9.13348e-21,2.8445121e-24,7.599878e-11
640000,434,75,0,2.4098215e-09,4.147792e-11,4.6213115e-13,9.023614e-19,3.6567846e-14,1.3161482e-10
640000,403,150,0,2.8388845e-09,2.0985184e-11,7.637359e-19,7.033606e-32,1.0631346e-17,3.6760404e-11
640000,355,213,0,2.5107645e-09,4.1640963e-14,2.5125816e-14,1.164804e-21,8.6942525e-28,2.0028115e-11
640000,446,196,0,2.1001632e-09,3.2895863e-11,3.9601092e-13,8.664896e-18,7.404306e-19,2.2086194e-10
640000,150,282,0,2.3302749e-09,2.5653316e-11,5.460086e-24,1.05208e-40,4.5277886e-18,1.4994258e-11
640000,323,291,0,3.3265501e-09,1.9985704e-11,7.1341086e-24,2.451734e-36,6.61059e-14,1.618217e-12
640000,63,445,0,2.131976e-09,2.4232786e-11,1.8461612e-11,9.849484e-14,1.4956271e-15,1.5006187e-10
640000,369,298,0,2.2261546e-09,1.6360177e-11,1.1125803e-15,4.4422094e-25,2.896816e-18,2.8793476e-12
640000,223,266,0,2.190932e-09,3.7251292e-13,0.0,0.0,5.3057194e-33,6.4432195e-15
640000,444,434,0,2.8723766e-09,7.8867364e-11,3.563148e-12,3.357083e-16,2.5294183e-10,2.0261809e-10
640000,402,404,0,2.5738187e-09,4.9320006e-11,2.4395716e-14,1.7031691e-20,3.0537387e-10,4.7881137e-11
640000,387,86,0,2.538995e-09,3.991808e-11,2.5003868e-12,1.5181818e-16,3.0893136e-15,1.6670797e-10
640000,324,310,0,3.3801124e-09,2.0210446e-11,1.0432138e-13,9.102783e-19,1.9034492e-12,1.2254148e-11
640000,211,222,0,2.9414235e-09,7.1648984e-12,2.1464045e-13,5.8951105e-19,6.708027e-18,4.5556846e-11
640000,181,222,0,3.387484e-09,3.8143908e-13,9.0077e-41,0.0,3.103445e-36,2.8943452e-13
640000,258,327,0,2.1583964e-09,8.396979e-12,2.235763e-39,0.0,2.0214813e-20,1.34184166e-11
640000,326,316,0,3.1166927e-09,1.051168e-11,1.5348889e-20,3.0405697e-31,4.7435656e-16,4.440313e-13
640000,236,433,0,3.0303557e-09,3.8150205e-11,1.3596675e-17,1.3520193e-25,1.9318096e-14,1.494158e-10
640000,111,290,0,2.6398879e-09,9.708933e-12,1.5768568e-20,5.4861012e-33,5.170029e-16,3.290888e-11
640000,313,431,0,3.0218947e-09,1.0465977e-10,3.548607e-14,2.3100545e-21,2.8545909e-11,7.2206845e-11
640000,299,294,0,2.6420908e-09,3.2034996e-11,4.098257e-28,0.0,2.4901608e-15,1.6365128e-13
640000,123,315,0,3.0966991e-09,2.7918137e-11,3.267767e-21,2.379745e-39,1.0553873e-12,1.9274797e-12
640000,193,333,0,3.1507552e-09,6.7908304e-13,1.415079e-32,0.0,1.2742581e-30,2.2915345e-11
640000,152,89,0,2.271125e-09,2.9010424e-11,1.8827882e-12,5.65404e-17,2.6508184e-12,3.736359e-11
640000,198,176,0,2.4183573e-09,2.036028e-11,7.560143e-15,1.8430968e-22,1.8287747e-16,1.2197617e-12
640000,327,279,0,3.3629806e-09,2.3746786e-11,2.1751833e-17,6.5288486e-27,1.3629214e-12,2.790486e-13
640000,64,142,0,2.228893e-09,4.9412103e-11,4.5780945e-11,5.0045996e-12,1.1433943e-12,3.9090477e-11
640000,315,110,0,2.85992e-09,1.5411209e-11,7.106385e-27,0.0,1.6471497e-17,5.4150382e-11
640000,350,366,0,2.3589863e-09,1.357158e-11,2.0648508e-23,7.838e-41,2.8986177e-18,7.101978e-11
640000,323,306,0,3.3026508e-09,1.188936e-11,8.936956e-11,2.200657e-12,3.9558667e-13,2.7875875e-11
640000,417,128,0,3.315277e-09,1.2391431e-11,1.395002e-13,6.266792e-19,2.0579204e-21,2.9711125e-10
640000,154,117,0,2.2507458e-09,5.3423425e-12,4.7030793e-13,2.1342745e-18,1.00983315e-22,1.5793562e-10
640000,444,151,0,2.2942788e-09,2.3039425e-11,2.9444885e-13,4.971821e-19,3.8113505e-17,7.349509e-11
640000,186,417,0,2.6553937e-09,9.03655e-12,1.4491584e-12,1.1126773e-16,4.645501e-19,3.8416384e-12
640000,192,245,0,4.13106e-09,1.8474007e-11,1.4857881e-36,0.0,8.2111963e-14,4.5541865e-11
640000,73,66,0,2.4430784e-09,5.906836e-11,2.6620537e-15,4.795094e-24,1.6958457e-14,2.2531996e-10
640000,215,351,0,2.7428522e-09,4.285737e-12,3.985832e-11,6.7534324e-13,2.5706791e-14,1.391609e-10
640000,267,216,0,2.6787568e-09,5.0882996e-13,8.6251676e-36,0.0,4.6180267e-29,3.728508e-13
640000,114,90,0,2.590467e-09,2.8282824e-11,1.088558e-14,7.0004395e-22,2.8046069e-14,9.671105e-11
640000,204,429,0,4.0766412e-09,1.8653166e-11,1.5143338e-11,2.1732783e-14,1.4578247e-16,5.6038372e-11
640000,365,141,0,2.3991635e-09,1.9639067e-12,1.3610479e-12,3.1965336e-17,3.447322e-21,1.7951488e-11
640000,128,63,0,3.1397231e-09,5.784167e-11,3.242526e-11,1.7290607e-12,2.8548377e-13,5.128684e-11
640000,403,144,0,2.81489e-09,6.349633e-12,3.590621e-17,1.3397994e-26,1.0209718e-26,7.069985e-11
640000,412,214,0,2.152676e-09,2.083607e-11,3.544564e-13,4.5415147e-19,7.0613226e-13,8.3408766e-11
640000,309,193,0,2.2754538e-09,2.984688e-13,7.8248116e-32,0.0,2.1223927e-32,7.8481443e-13
640000,275,220,0,2.7095153e-09,1.422864e-12,2.0871e-41,0.0,4.0127876e-29,1.7021139e-12
640000,263,196,0,2.5218696e-09,4.312775e-12,0.0,0.0,5.6421134e-24,8.0592456e-11
640000,145,311,0,2.7594067e-09,6.825178e-11,8.683309e-16,8.913295e-24,2.4548777e-12,3.9891406e-11
640000,392,111,0,2.8487184e-09,4.0967257e-14,3.1674695e-12,2.9936071e-16,1.05300144e-19,5.128742e-11
640000,243,62,0,2.0498752e-09,1.6397011e-12,8.346492e-17,1.763863e-27,2.0042435e-26,8.4870506e-11
640000,296,390,0,2.5488551e-09,1.5968069e-11,5.1176382e-18,7.408496e-30,5.5093604e-18,3.083757e-11
640000,220,335,0,2.6400813e-09,3.9821688e-11,6.811947e-18,1.5300199e-28,1.5699072e-11,3.1890413e-12
640000,84,372,0,2.3696727e-09,5.457014e-12,2.9415548e-15,7.472926e-24,5.7224394e-25,1.0330176e-10
640000,76,60,0,2.4216606e-09,4.9665095e-11,9.14845e-13,4.055125e-17,1.2301099e-13,1.1990932e-10
640000,375,312,0,2.2957563e-09,3.2141585e-12,3.3621668e-16,1.0237647e-25,3.761194e-23,2.6229007e-11
640000,169,241,0,2.302069e-09,3.2646885e-11,2.7678111e-30,0.0,9.387178e-12,1.6487249e-11
640000,395,101,0,3.020567e-09,1.0542301e-11,2.5236977e-14,5.5698937e-22,9.204448e-21,3.9948097e-11
640000,369,385,0,2.4895777e-09,4.8277132e-11,1.0243211e-13,2.1628167e-19,2.7971632e-14,7.2309485e-11
640000,287,324,0,4.086173e-09,1.7509037e-14,1.2289016e-34,0.0,9.2910746e-36,2.2094411e-11
640000,295,316,0,3.3668481e-09,5.0209934e-13,1.1848016e-33,0.0,5.894388e-32,3.9591375e-11
640000,286,268,0,2.5312896e-09,4.411558e-17,6.862494e-36,0.0,0.0,5.8469144e-16
640000,342,261,0,3.5166048e-09,3.3286416e-12,2.6415744e-21,1.9077015e-34,8.964877e-24,8.6079424e-13
640000,114,391,0,2.6364841e-09,2.9609353e-11,7.72234e-12,5.278799e-15,1.5693348e-11,1.1349632e-10
640000,266,179,0,2.4276174e-09,1.3061717e-11,6.824e-42,0.0,1.4427364e-20,4.457318e-12
640000,197,326,0,3.2508838e-09,2.4958932e-12,3.6231513e-32,0.0,3.288632e-24,5.730664e-13
640000,226,321,0,2.578941e-09,4.8524325e-13,2.4557931e-20,5.2049086e-33,3.6371486e-31,4.9301094e-11
640000,321,116,0,2.6993248e-09,6.392565e-12,4.361516e-28,0.0,1.3555778e-21,4.9542828e-11
640000,436,369,0,2.6182279e-09,9.207382e-11,1.6802369e-13,3.4739634e-19,2.9436913e-15,1.09149884e-10
640000,184,328,0,2.8446185e-09,5.029928e-14,1.2277552e-23,9.8391e-41,1.4717118e-35,9.486573e-14
640000,100,332,0,2.3606357e-09,3.1134808e-12,2.4415277e-14,8.1546533e-22,2.852322e-23,8.612778e-11
640000,195,318,0,2.7362828e-09,2.4921502e-14,9.0951613e-26,1.06e-43,2.35546e-40,1.5801257e-12
640000,310,292,0,2.9896692e-09,4.4099546e-12,2.2510462e-29,0.0,2.3305397e-22,2.060183e-11
640000,155,446,0,2.2221291e-09,1.02626754e-10,3.7747905e-14,3.7765803e-21,3.933868e-11,1.3569625e-10
640000,354,113,0,2.7573415e-09,4.077454e-11,1.9904668e-32,0.0,2.2889374e-10,4.2195795e-12
640000,319,287,0,3.3484548e-09,2.5932713e-12,1.8976257e-25,1.19e-43,4.307828e-26,2.0740236e-11
640000,280,119,0,2.350436e-09,3.7657048e-12,1.8085654e-25,0.0,9.3742976e-27,3.4794437e-12
640000,389,139,0,2.445961e-09,2.6152951e-11,2.6409534e-12,5.7647824e-16,2.57643e-15,1.9477243e-11
640000,230,204,0,2.0936015e-09,7.419415e-13,4.3649767e-28,0.0,3.735776e-29,1.0898799e-11
640000,136,74,0,3.0045575e-09,3.8590315e-11,2.3252769e-14,3.273471e-22,6.118312e-15,5.1730918e-11
640000,383,52,0,2.411972e-09,5.768602e-11,1.5385325e-11,6.7222486e-14,4.7301454e-14,6.608489e-11
640000,331,234,0,3.7725387e-09,4.6004773e-11,1.8489689e-25,3.331e-42,2.2315292e-12,4.6872013e-11
640000,366,365,0,2.2934632e-09,1.1374953e-11,9.803665e-17,6.152802e-28,3.6913e-19,1.3992642e-11
640000,390,344,0,2.9678817e-09,4.0025396e-11,3.2129247e-11,3.0410895e-13,1.8214788e-14,1.926701e-11
640000,118,326,0,2.4900566e-09,1.4604715e-11,1.6580755e-14,4.5938214e-21,1.5681934e-16,5.7181104e-11
640000,331,445,0,2.0860362e-09,4.943133e-11,1.7415139e-11,1.8074125e-14,1.4546785e-16,1.4250616e-10
640000,112,414,0,2.3047606e-09,4.2569042e-11,3.2251112e-13,4.9631e-19,6.3840025e-13,1.7948078e-10
640000,337,254,0,4.066063e-09,6.1274584e-15,8.181364e-27,0.0,1e-45,3.3189902e-11
640000,225,357,0,2.762423e-09,1.5567676e-11,3.9284073e-11,7.4399975e-13,2.9863275e-14,3.9584648e-11
640000,292,102,0,2.703841e-09,1.1758164e-11,1.4719405e-11,2.4047697e-14,7.0983177e-16,2.310857e-11
640000,355,76,0,2.6245384e-09,3.076741e-11,4.8702552e-11,6.1260784e-13,5.187866e-14,4.4535823e-11
640000,54,431,0,2.2336857e-09,4.5566058e-11,3.9994453e-14,1.9849374e-21,5.0492168e-15,2.352768e-10
640000,55,89,0,2.4219289e-09,4.0248128e-11,4.320174e-15,4.5493653e-21,1.4057435e-18,2.0745641e-10
640000,208,367,0,2.569645e-09,1.7816675e-11,4.0488968e-23,1.67049e-40,3.209867e-15,2.7352032e-11
640000,107,96,0,2.5570817e-09,1.4340098e-11,3.794167e-13,5.2424174e-19,3.637398e-18,7.0717585e-11
640000,439,376,0,2.4594278e-09,3.089228e-11,6.042407e-13,4.0000192e-18,1.9265544e-11,1.821827e-10
640000,193,55,0,2.2571545e-09,5.7283765e-11,2.1647056e-18,1.3237709e-30,2.869257e-13,6.449977e-11
640000,250,216,0,2.2647766e-09,1.9332211e-11,1.5815456e-21,1.3926382e-35,3.6278057e-11,8.7105996e-11
640000,335,273,0,2.829658e-09,3.1385458e-12,2.2229489e-14,5.8749993e-22,6.643715e-25,2.0380935e-11
640000,316,298,0,3.1562386e-09,2.886441e-12,1.2714835e-18,6.6085648e-28,6.172166e-26,6.0746542e-12
640000,331,365,0,2.7256186e-09,2.1661273e-11,1.3389432e-23,8.79591e-40,4.0662525e-14,1.34806446e-11
640000,57,220,0,2.6684126e-09,1.5807682e-10,7.354812e-12,1.0086982e-14,1.0374489e-11,1.391741e-10
640000,181,414,0,2.6097606e-09,1.40423706e-11,1.7802586e-12,4.2423212e-17,1.7329846e-18,4.495977e-12
640000,161,126,0,2.3302074e-09,2.7911989e-11,4.860852e-18,3.6784942e-30,2.6559792e-12,9.400261e-11
640000,203,419,0,3.0126714e-09,8.9860714e-12,5.3673235e-14,2.5248832e-21,5.6167114e-22,4.754082e-11
640000,357,181,0,2.399892e-09,1.1187643e-11,4.5784696e-30,0.0,5.5034906e-19,1.0101673e-12
640000,362,201,0,2.6216194e-09,1.2729626e-11,2.4866988e-22,1.2465341e-37,4.2482357e-15,1.3442641e-11
640000,207,141,0,2.1532909e-09,3.4088487e-13,1.1976636e-21,3.813034e-37,3.9160221e-31,5.0253295e-12
640000,112,271,0,2.6245175e-09,2.1488844e-13,1.4928529e-19,1.0611728e-33,5.6438204e-36,1.4451943e-13
640000,406,408,0,2.5568336e-09,5.577552e-11,2.7738578e-13,4.1049034e-19,8.2877236e-15,1.9617063e-11
640000,72,250,0,2.5689955e-09,2.3187806e-11,9.0091046e-11,5.3824952e-12,7.60957e-13,2.2387864e-10
640000,148,262,0,2.6476175e-09,9.048706e-12,9.7646774e-27,0.0,2.1672871e-21,1.431899e-11
640000,118,124,0,2.3167166e-09,6.7580983e-13,1.4390461e-19,3.6737904e-34,2.650961e-31,5.0620575e-12
640000,142,199,0,2.7398022e-09,3.590343e-11,1.9951284e-30,0.0,9.181973e-14,3.6410947e-11
640000,172,134,0,2.2126143e-09,5.078685e-11,9.14845e-13,4.055125e-17,1.9265653e-11,1.1373817e-12
640000,444,440,0,2.5978268e-09,7.091611e-11,1.1357243e-11,1.7348107e-14,8.8526034e-16,3.111388e-10
640000,103,244,0,2.774346e-09,1.2872107e-11,1.7962758e-21,5.8127367e-37,3.6711738e-17,4.8675517e-12
640000,127,379,0,2.3880673e-09,8.053791e-12,1.2230581e-13,3.031645e-20,4.0623388e-19,6.418736e-11
640000,195,246,0,4.44921e-09,1.2746047e-11,6.983232e-38,0.0,9.8401696e-20,1.7196354e-11
640000,60,203,0,2.6311695e-09,5.0924032e-11,1.9015812e-13,1.8311481e-19,9.105217e-16,8.8558924e-11
640000,218,436,0,2.8677973e-09,6.546936e-11,9.746741e-13,8.747926e-18,3.5009428e-13,1.4860525e-10
640000,291,129,0,2.6460834e-09,1.6858457e-11,2.1949932e-14,7.459858e-21,1.2709297e-18,3.581102e-11
640000,342,417,0,2.1225257e-09,1.4043002e-11,6.4452894e-11,1.9793774e-11,1.1576483e-11,7.005288e-11
640000,268,359,0,2.296904e-09,5.617286e-12,6.77313e-15,1.0569272e-21,2.6433994e-19,4.01584e-12
640000,91,250,0,2.93266e-09,3.90593e-11,4.360024e-13,6.30655e-18,7.811379e-16,4.3557005e-11
640000,404,352,0,2.7839178e-09,2.169231e-11,9.9114374e-15,7.624112e-22,3.3744906e-16,8.89582e-11
640000,296,281,0,2.4582067e-09,1.6400912e-12,3.08501e-32,0.0,5.9216576e-27,3.5961974e-15
640000,310,434,0,3.076052e-09,9.298931e-11,2.5610312e-14,4.2371588e-21,6.195824e-13,5.0522978e-11
640000,416,352,0,2.557439e-09,3.902958e-12,5.858046e-11,3.5197665e-12,4.539937e-13,6.6461156e-11
640000,413,427,0,2.2219848e-09,6.07499e-11,1.4731018e-21,1.8056266e-38,3.1199082e-16,4.9286308e-11
640000,75,333,0,2.4123654e-09,4.7558486e-16,3.1873983e-26,0.0,0.0,7.708394e-11
640000,256,231,0,2.3225468e-09,1.0614014e-12,1.556916e-19,2.7674665e-30,1.0098274e-27,2.59006e-11
640000,145,354,0,2.2072593e-09,1.7426586e-11,5.0974527e-14,3.495094e-21,3.209867e-15,5.4792393e-11
640000,223,161,0,2.7046188e-09,4.761005e-13,1.2045166e-15,3.338848e-23,5.5301694e-29,1.5743022e-12
640000,382,283,0,2.757591e-09,3.2383624e-11,1.6528097e-19,1.7009505e-32,8.0852355e-18,1.8482161e-13
640000,366,124,0,2.3722624e-09,1.3409696e-11,1.0282565e-23,6.96705e-40,3.2658776e-18,5.623971e-11
640000,373,262,0,2.8517748e-09,8.4938835e-12,1.0086487e-16,7.237329e-27,2.0450161e-19,3.9110812e-11
640000,440,176,0,2.4857716e-09,8.446723e-12,3.7799065e-12,5.8290303e-16,3.9075893e-19,3.987165e-11
640000,298,201,0,2.3377411e-09,1.5543451e-14,5.64156e-37,0.0,7.162401e-36,3.752841e-11
640000,394,171,0,2.6070381e-09,1.9949478e-11,2.6376624e-12,5.26061e-16,6.944287e-19,6.0655994e-11
640000,242,390,0,2.4861402e-09,4.6855183e-11,1.2972411e-19,6.614433e-34,2.134447e-17,1.000748e-10
640000,95,408,0,2.4804796e-09,3.3279997e-11,8.311572e-12,2.5481848e-14,4.1519624e-14,2.2222195e-10
640000,350,259,0,2.9155585e-09,5.830879e-13,1.4800904e-22,1.4081462e-38,1.1667917e-30,1.3247818e-11
640000,414,307,0,3.423623e-09,1.5337509e-11,6.983389e-18,8.3896885e-29,1.3093194e-15,6.866831e-11
640000,304,336,0,3.4330399e-09,2.9983757e-14,6.7427127e-21,1.0884745e-35,3.520982e-38,1.3144739e-12
640000,422,329,0,3.1749048e-09,2.2391826e-11,3.0270573e-16,2.3751751e-25,3.0162833e-16,5.543953e-11
640000,211,434,0,3.2940024e-09,3.1420838e-11,8.81738e-12,5.655554e-15,1.4213517e-16,1.8198466e-10
640000,302,89,0,2.6573577e-09,3.0074568e-11,5.335774e-22,3.314721e-37,1.6707332e-11,6.726238e-11
640000,97,161,0,2.085483e-09,3.5996834e-11,2.1315078e-15,1.6974739e-24,4.4334172e-14,6.694752e-11
640000,275,175,0,2.4707483e-09,1.9347772e-11,7.6002593e-31,0.0,5.110445e-16,1.01154383e-10
640000,285,302,0,2.8533256e-09,4.308524e-12,6.3540646e-17,5.640122e-27,3.644192e-22,3.8723316e-11
640000,58,284,0,2.3394056e-09,7.8226425e-11,8.6753685e-18,2.4892306e-30,3.114068e-10,6.1903274e-11
640000,151,54,0,2.1168978e-09,2.4719416e-11,4.2497637e-12,4.1754362e-16,9.3061955e-18,1.3622681e-10
640000,355,192,0,2.4893374e-09,1.1271072e-11,4.8815437e-27,2.703473e-39,3.636854e-18,5.157407e-11
640000,419,109,0,2.3893043e-09,7.1901885e-12,1.8986831e-11,1.135721e-13,1.8556546e-15,1.6722073e-11
640000,218,421,0,2.640562e-09,2.698628e-11,6.5254156e-12,5.6905626e-15,1.6284459e-15,1.2888669e-10
640000,267,256,0,2.7231488e-09,1.6498858e-11,1e-45,0.0,2.1245123e-17,3.233543e-14
640000,356,276,0,3.0740488e-09,5.4654005e-14,9.719324e-19,1.2493321e-30,1.511613e-39,1.3194819e-12
640000,278,382,0,2.2976536e-09,1.2534395e-11,1.2941686e-18,5.05726e-32,4.1796984e-19,8.155545e-11
640000,79,275,0,3.927615e-09,3.683523e-11,5.559168e-18,3.8398794e-29,1.8697514e-14,5.3560816e-11
640000,251,402,0,2.4681173e-09,3.724695e-11,1.725422e-21,3.6615065e-35,3.3636227e-15,7.930343e-11
640000,244,309,0,2.2195774e-09,5.758077e-11,4.80847e-29,0.0,1.4675581e-14,1.4087639e-14
640000,353,63,0,2.661005e-09,1.0906676e-11,1.5877136e-11,8.408292e-14,1.1895373e-15,1.5642396e-10
640000,160,296,0,2.3217006e-09,2.5952789e-11,1.5774672e-23,7.06783e-40,1.2706679e-11,7.322083e-13
640000,401,116,0,2.9227554e-09,2.1853775e-12,6.296362e-11,4.2943742e-11,8.7721205e-11,1.4666641e-11
640000,178,102,0,2.5598936e-09,9.159198e-15,3.0848694e-16,1.6552546e-25,3.5908082e-32,2.7626765e-11
640000,435,255,0,2.4330389e-09,1.5042825e-11,3.2567493e-12,1.7700118e-15,6.9487e-18,2.2186407e-10
640000,118,286,0,2.7420644e-09,3.4473071e-12,1.9306153e-15,9.943857e-25,2.944519e-22,6.783963e-12
640000,296,336,0,4.457827e-09,3.518976e-17,2.1432552e-27,0.0,0.0,5.5346196e-12
640000,236,171,0,2.2483733e-09,4.0965737e-16,1.4439067e-29,0.0,0.0,1.1361528e-11
640000,100,257,0,3.1848142e-09,2.9990337e-11,4.9270438e-20,1.5761067e-33,7.758806e-15,1.530043e-12
640000,123,431,0,2.135762e-09,8.735817e-12,1.3222615e-11,2.8352505e-14,2.6398682e-16,2.668027e-11
640000,99,253,0,3.3106444e-09,2.0103596e-11,2.4973085e-18,2.2779337e-30,1.345438e-18,1.7101714e-12
640000,141,447,0,2.173226e-09,9.333029e-11,6.864638e-11,4.3527434e-12,6.9311874e-13,1.4780481e-10
640000,77,210,0,2.7149585e-09,4.805275e-11,1.6558793e-12,8.761614e-17,5.3245027e-17,6.2309095e-11
640000,325,257,0,2.6923324e-09,6.5847935e-12,2.3711778e-31,0.0,1.2926761e-20,1.4051054e-12
640000,378,59,0,2.6916254e-09,1.962415e-11,2.874483e-15,4.808979e-24,1.2386646e-16,1.070538e-10
640000,265,128,0,2.6787903e-09,2.5842082e-11,2.529852e-21,1.4098708e-37,2.6506438e-12,1.3183624e-10
640000,445,242,0,2.1702626e-09,1.7982523e-11,7.563662e-13,3.875335e-18,9.933332e-19,2.369872e-11
640000,434,420,0,2.9728164e-09,1.0858245e-11,2.0891231e-12,1.8365941e-16,2.8439863e-19,1.6846129e-10
640000,397,284,0,2.6053457e-09,3.443357e-11,2.6271267e-16,1.568509e-23,2.7277553e-11,7.886186e-11
640000,72,125,0,2.1711795e-09,1.4664565e-11,1.1380242e-16,7.461292e-26,8.5786544e-16,7.37352e-10
640000,163,193,0,2.221504e-09,4.159861e-11,7.23718e-34,0.0,6.64417e-14,3.206651e-11
640000,336,341,0,2.9491747e-09,1.8046014e-11,8.65058e-22,4.429818e-36,2.9060367e-18,1.7532059e-12
640000,343,297,0,2.231304e-09,2.623939e-12,8.278485e-20,5.719321e-32,3.660729e-26,1.355532e-13
640000,419,155,0,2.6979907e-09,1.0718326e-11,3.578602e-15,1.1023619e-23,7.80126e-18,2.2778533e-11
640000,135,211,0,2.5586915e-09,3.569748e-11,4.9509065e-19,3.066508e-30,3.2358715e-14,3.8925474e-11
640000,438,338,0,2.6218983e-09,1.0597163e-11,1.0024881e-20,4.8777345e-31,1.14715475e-20,8.606511e-11
640000,181,220,0,3.34549e-09,5.3874196e-13,4.442303e-39,0.0,5.739133e-33,2.9165675e-13
640000,147,303,0,2.5813043e-09,2.6139323e-12,8.399597e-22,1.4285402e-35,3.6187337e-23,3.4671696e-11
640000,275,325,0,2.5428442e-09,4.5566524e-16,1.0819158e-30,0.0,0.0,1.2310856e-11
640000,309,313,0,2.6727396e-09,7.194971e-15,4.982774e-24,1.4437011e-37,9.6069e-41,6.0417244e-12
640000,370,74,0,2.8691258e-09,8.451613e-12,1.5426774e-13,8.594649e-19,1.2568952e-22,1.6834308e-10
640000,73,291,0,2.5627882e-09,2.1381931e-11,4.411499e-21,4.0225307e-36,2.4846912e-16,1.8008895e-11
640000,376,146,0,2.429981e-09,4.6714633e-12,3.405668e-13,3.6393896e-18,3.8358416e-22,7.481168e-11
640000,136,179,0,2.6889848e-09,2.7801903e-11,4.4402095e-34,0.0,1.8284642e-16,9.771349e-11
640000,411,339,0,3.4899803e-09,2.8783585e-11,1.7352927e-13,3.0022968e-19,6.6558833e-15,3.174429e-11
640000,287,442,0,2.2712854e-09,2.9908315e-11,9.650781e-12,1.0477572e-14,6.6517775e-17,3.639231e-11
640000,85,416,0,2.9514042e-09,1.8496022e-11,6.476737e-15,1.84172e-23,1.1073605e-17,8.311449e-11
640000,219,315,0,2.4017872e-09,4.2371755e-11,1.1996833e-13,8.6128077e-19,8.346189e-15,2.607675e-13
640000,136,369,0,2.7667344e-09,2.669135e-13,7.842048e-11,1.5249664e-12,6.26037e-14,9.800484e-11
640000,434,138,0,2.628211e-09,3.8687942e-11,5.694795e-18,9.994056e-28,1.9933043e-11,8.7500944e-11
640000,113,237,0,2.590069e-09,3.0620183e-11,2.4313e-25,4e-45,1.6167355e-16,7.1130727e-12
640000,428,53,0,2.2783617e-09,7.508484e-11,1.0995931e-11,4.4229803e-15,2.6410824e-10,1.4805226e-10
640000,189,112,0,2.1841196e-09,9.101667e-13,6.57817e-17,3.2690716e-26,6.2177576e-31,6.8316366e-11
640000,73,165,0,2.1207751e-09,2.7928338e-11,1.2290485e-12,7.6955564e-17,1.2478735e-15,1.0323789e-10
640000,124,246,0,2.4798248e-09,3.1227406e-11,2.754889e-23,1.2417e-41,1.6228681e-13,3.2585417e-11
640000,235,342,0,2.4424924e-09,1.9337585e-11,2.041966e-14,1.3087115e-21,2.7022767e-14,5.413059e-12
640000,142,319,0,2.6122546e-09,4.11122e-13,3.21816e-12,2.4171194e-16,7.6425905e-20,8.401236e-11
640000,264,203,0,2.625771e-09,2.1793448e-12,8e-44,0.0,6.0461013e-23,3.3092962e-11
640000,255,352,0,2.174406e-09,2.9732373e-11,7.6922374e-25,1.33e-43,1.6442969e-16,6.071166e-11
640000,432,157,0,2.5457665e-09,3.622876e-11,5.086541e-11,1.1547326e-12,7.6698766e-13,7.187555e-11
640000,203,241,0,3.3299907e-09,2.9503073e-12,1.29199065e-27,0.0,2.625143e-23,1.7720178e-12
640000,204,289,0,2.488634e-09,8.685659e-12,3.0074288e-32,0.0,6.7356604e-22,3.5905814e-12
640000,108,392,0,2.6490898e-09,2.4736851e-11,1.2268528e-11,2.5904654e-14,1.2404962e-16,6.236302e-11
640000,420,316,0,3.938294e-09,1.6408857e-11,1.8102151e-17,1.1356583e-26,1.4053414e-20,1.8435041e-10
640000,327,191,0,2.6077052e-09,1.2141065e-13,4.5585235e-22,3.4861174e-37,1.00915e-35,3.602396e-11
640000,178,293,0,2.3111835e-09,2.1751387e-11,2.4394986e-14,1.7031691e-20,2.9831528e-18,2.4046964e-11
640000,340,111,0,3.7252816e-09,1.1331814e-12,2.0293906e-24,1.13e-42,2.1628668e-28,5.7067727e-12
640000,154,75,0,2.3052944e-09,3.574055e-11,8.13538e-13,4.7966438e-18,3.9316845e-11,1.7249596e-10
640000,380,166,0,2.9604734e-09,2.5151384e-11,8.269775e-13,1.5630612e-17,1.7531347e-17,1.1700466e-10
640000,368,251,0,3.1490073e-09,5.385081e-12,5.686875e-20,1.8923873e-34,1.2227843e-22,5.2169696e-11
640000,257,424,0,2.189907e-09,6.3082595e-11,5.0087502e-18,3.1064174e-30,1.3781259e-13,8.3458795e-11
640000,310,390,0,2.6100222e-09,4.286311e-11,1.5541107e-11,7.5426746e-14,3.185906e-14,3.8519247e-11
640000,88,281,0,3.3254077e-09,3.3109609e-12,6.90354e-12,2.7532624e-15,3.241555e-18,1.18492195e-11
640000,345,97,0,2.686797e-09,2.2827143e-11,1.0250703e-18,2.0735078e-29,3.4110044e-14,1.2492428e-10
640000,145,207,0,2.6053166e-09,9.82051e-12,4.9324337e-25,8e-45,8.443528e-19,2.6267296e-11
640000,336,378,0,2.4063533e-09,3.6565848e-11,1.5821307e-13,7.513637e-20,5.678457e-13,5.646339e-11
640000,336,130,0,2.3309616e-09,8.292388e-12,9.277197e-38,0.0,9.960199e-22,3.8154025e-11
640000,378,174,0,2.9881964e-09,2.7204548e-11,1.24640026e-14,1.941685e-22,3.0696688e-13,3.7182774e-11
640000,290,251,0,2.7180822e-09,6.1066625e-12,0.0,0.0,4.412406e-22,1.294917e-11
640000,325,92,0,3.672244e-09,3.9745987e-13,5.1911574e-12,2.7866852e-15,8.141151e-18,1.2744161e-10
640000,363,209,0,2.6145568e-09,4.403428e-12,1.0086487e-16,7.237329e-27,2.3257046e-23,2.2217021e-13
640000,56,262,0,3.1323235e-09,2.6472635e-11,1.1344698e-15,2.0925808e-24,1.269536e-19,3.649538e-11
640000,211,173,0,2.4671247e-09,2.3605928e-11,1.574566e-23,7.812e-42,5.8188876e-16,3.51318e-11
640000,296,329,0,4.1419654e-09,1.9892862e-17,8.776647e-32,0.0,0.0,8.65535e-11
640000,123,224,0,3.0027312e-09,2.8082358e-11,3.857005e-16,1.2868117e-25,1.1879205e-18,2.4356173e-11
640000,84,390,0,2.541257e-09,3.7245988e-11,2.1414886e-12,4.294067e-17,8.797887e-14,1.4643363e-10
640000,165,174,0,2.1276878e-09,9.019406e-12,2.469465e-34,0.0,5.783457e-22,1.3251772e-10
640000,272,234,0,2.3424576e-09,2.6640992e-12,2.3199054e-36,0.0,2.6987385e-25,5.4450822e-11
640000,104,340,0,2.3615425e-09,8.232747e-12,4.6302894e-17,2.0921194e-27,1.0612518e-22,6.523208e-11
640000,179,347,0,2.2838318e-09,8.8577355e-13,3.4566402e-17,6.3647574e-28,1.2742599e-30,5.956675e-12
640000,156,239,0,2.2096107e-09,3.4185528e-12,1.5021894e-25,0.0,7.492201e-24,4.3114876e-11
640000,183,284,0,2.3254414e-09,8.2311095e-13,1.2777648e-21,2.9649648e-36,1.9757243e-28,1.1153588e-11
640000,373,349,0,2.258391e-09,1.2745903e-11,8.588904e-14,3.0165623e-20,5.9990062e-21,2.5735466e-12
640000,415,313,0,3.6619427e-09,3.0817406e-12,5.867744e-19,8.6059014e-33,8.849664e-25,2.3776222e-11
640000,152,340,0,2.193468e-09,2.2770468e-11,4.9435117e-12,2.350302e-15,6.0586394e-13,6.1204527e-12
640000,330,329,0,3.1532004e-09,2.44813e-12,3.0455026e-24,1.6e-42,1.188822e-25,1.9871262e-12
640000,321,107,0,3.0621392e-09,9.842053e-12,9.099267e-21,1.6460201e-35,5.170029e-16,6.102373e-11
640000,297,382,0,2.6368494e-09,1.09449975e-11,5.6892535e-16,5.817912e-26,2.449854e-22,8.053152e-11
640000,174,224,0,2.7841318e-09,7.26211e-12,6.971509e-39,0.0,1.77268e-22,2.3659581e-12
640000,290,325,0,4.5492485e-09,5.352784e-15,1.565647e-37,0.0,3.0691e-41,1.0958828e-11
640000,191,351,0,2.4390863e-09,3.9848772e-13,7.287925e-26,1.58e-43,4.253229e-31,4.7317844e-11
640000,103,226,0,2.564486e-09,3.5448904e-11,3.506877e-21,2.3549934e-35,1.4486557e-18,5.869688e-11
640000,85,209,0,2.497727e-09,5.842092e-11,2.7495121e-15,1.3344483e-23,5.8814166e-14,8.401149e-11
640000,132,332,0,2.333992e-09,1.4005761e-11,7.604017e-20,3.3537364e-34,1.0439652e-19,1.3276835e-11
640000,197,243,0,4.2745065e-09,7.75405e-12,3.9440765e-34,0.0,5.811823e-22,3.3594984e-11
640000,187,70,0,2.4701694e-09,4.7557696e-12,2.0538681e-12,4.0110321e-16,1.7064144e-18,6.552029e-11
640000,54,316,0,2.2285502e-09,1.4147462e-11,1.0233281e-17,2.9043493e-29,1.3291644e-21,6.2935004e-11
640000,384,248,0,2.463678e-09,9.940299e-12,7.5750725e-20,1.9246698e-32,1.8785197e-20,2.814481e-11
640000,388,319,0,2.6936662e-09,2.2171643e-14,3.5454764e-15,3.6280332e-24,8.349775e-32,5.8202023e-11
640000,138,150,0,2.737258e-09,1.1945176e-12,6.3988745e-14,3.8173672e-19,7.138069e-23,2.729978e-11
640000,94,432,0,2.1975133e-09,3.4252726e-11,2.5880388e-16,1.9823392e-22,1.91221e-13,1.0939429e-10
640000,336,257,0,4.7218256e-09,4.1266676e-14,1.4881907e-25,8.7e-44,2.71639e-40,2.8787937e-11
640000,68,192,0,3.0662577e-09,3.800684e-11,2.065172e-15,1.0719535e-23,2.8046076e-14,1.4994424e-10
640000,299,147,0,2.1441842e-09,7.459482e-12,4.948177e-15,1.02061286e-23,4.8588305e-19,4.4076947e-11
640000,55,225,0,2.5720155e-09,1.3104282e-10,1.1184626e-12,1.10209475e-16,2.6451532e-09,1.8111823e-10
640000,137,373,0,2.781998e-09,3.72852e-14,2.3076478e-11,1.2369223e-13,1.57188e-15,5.2147158e-11
640000,324,416,0,2.2569848e-09,5.0210325e-11,1.1127393e-12,1.10209085e-16,1.9055982e-13,5.7712807e-11
640000,191,327,0,3.422792e-09,2.7022692e-14,7.5249473e-28,0.0,1.4457619e-35,1.2126898e-13
640000,327,87,0,3.761984e-09,3.846754e-12,6.294143e-13,4.7968613e-18,3.5415558e-22,6.3703647e-11
640000,271,73,0,2.094993e-09,2.7756642e-11,2.5046458e-14,5.632775e-20,1.2143573e-13,5.2379847e-11
640000,325,60,0,2.4421776e-09,2.6053232e-13,7.863359e-18,6.4500616e-29,3.446396e-36,1.819523e-10
640000,87,183,0,2.245185e-09,7.561697e-11,7.902672e-12,1.972924e-14,2.5370034e-12,1.9596564e-11
640000,61,100,0,2.6280904e-09,5.2076468e-11,7.873105e-15,5.1590403e-22,8.8236276e-14,6.402102e-11
640000,78,193,0,2.6194018e-09,8.926803e-11,1.5903667e-15,6.9826315e-24,2.7312198e-11,2.0773037e-10
640000,198,370,0,2.4642297e-09,1.4161128e-11,1.44808105e-30,0.0,4.2966003e-18,3.152841e-12
640000,365,248,0,2.9302576e-09,1.7653129e-11,1.955165e-16,9.375617e-27,7.651812e-14,1.8762655e-11
640000,362,87,0,2.548415e-09,1.3572323e-11,1.3750004e-13,4.170225e-20,5.655235e-20,1.4410205e-10
640000,215,62,0,2.2787299e-09,6.033923e-11,5.797383e-17,9.2246e-28,2.484049e-14,1.9051073e-11
640000,194,265,0,2.3693822e-09,2.808447e-12,1.4880733e-25,8.7e-44,6.656434e-27,1.2918921e-13
640000,421,304,0,3.015049e-09,1.5750953e-11,1.4790125e-13,4.544306e-19,6.016808e-19,1.638168e-10
640000,337,208,0,2.8197216e-09,4.428417e-15,4.374685e-12,1.0380282e-15,1.0558287e-18,3.6894075e-11
640000,298,431,0,2.619344e-09,7.2244016e-11,7.657909e-14,1.248705e-19,1.4946214e-15,6.16919e-11
640000,56,375,0,2.0459636e-09,2.0716768e-12,3.3077072e-11,7.256957e-13,3.61202e-14,1.13427504e-10
640000,130,263,0,2.769993e-09,5.0981303e-12,1.5277767e-18,3.1229727e-30,3.604015e-20,2.9924346e-13
640000,123,116,0,2.338982e-09,2.3868778e-12,2.5426715e-20,9.688288e-36,1.1579443e-25,1.4154276e-10
640000,322,97,0,3.2926164e-09,2.163472e-12,2.3164876e-14,1.6347148e-21,2.1011859e-26,1.2871842e-10
640000,277,297,0,2.782846e-09,3.1812216e-14,3.7612e-11,1.0005868e-12,1.0574513e-13,8.926397e-12
640000,364,170,0,2.3868185e-09,1.507747e-11,6.787035e-23,6.4747e-41,1.5989523e-16,3.2910705e-11
640000,163,320,0,2.6461624e-09,1.1289624e-11,1.2697128e-18,7.805573e-31,2.2409036e-17,4.5418144e-12
640000,294,266,0,2.5913223e-09,1.9775289e-14,3.66e-43,0.0,1.5897498e-37,1.6106292e-16
640000,388,286,0,2.8425662e-09,7.415272e-11,2.140373e-21,1.9667999e-35,2.7509436e-12,2.1554797e-13
640000,405,345,0,3.1393521e-09,4.0807614e-11,1.2734053e-11,1.559929e-14,2.0718393e-13,4.0212694e-11
640000,326,282,0,3.482919e-09,1.0260007e-11,2.9109307e-18,5.519674e-29,1.646211e-18,2.721641e-13
640000,139,75,0,2.9851601e-09,2.4102314e-11,9.124534e-13,6.928014e-18,9.823387e-21,6.2767035e-11
640000,121,57,0,2.660221e-09,3.1454325e-11,3.5661214e-15,5.893719e-24,6.589902e-17,2.4965568e-11
640000,420,320,0,3.882925e-09,4.8156687e-11,3.4198717e-16,1.3127392e-21,4.6788054e-14,9.4126984e-11
640000,99,66,0,2.4655824e-09,3.228518e-11,8.076836e-18,1.1184718e-28,8.5200775e-13,8.682539e-11
640000,412,276,0,2.3810205e-09,6.902329e-11,2.6351599e-12,5.433066e-16,2.3323856e-09,1.3974379e-12
640000,339,358,0,2.600717e-09,2.1026956e-11,8.641289e-28,0.0,1.8068402e-12,4.3787886e-12
640000,387,274,0,2.5958944e-09,2.92961e-11,3.2239052e-13,3.236919e-18,4.2930763e-13,8.3481e-11
640000,289,134,0,2.6207343e-09,1.2300249e-11,3.0595548e-12,2.6968645e-16,1.1669227e-17,2.9815768e-11
640000,336,222,0,2.6368072e-09,1.0650362e-11,1.5886366e-16,3.0368458e-26,1.431635e-18,1.5504225e-11
640000,220,165,0,2.7647216e-09,8.760468e-12,8.1519683e-19,9.23801e-30,3.7542254e-20,1.0421951e-11
640000,145,269,0,2.8867004e-09,1.4363096e-12,1.2248613e-22,2.9734e-40,2.0978678e-25,2.6693981e-12
640000,435,333,0,2.869251e-09,5.8505167e-12,5.4844833e-21,3.6242405e-36,1.6232661e-22,3.6811255e-11
640000,426,321,0,3.5426515e-09,6.675415e-12,1.1093587e-10,1.7092557e-12,2.6647188e-13,9.1583525e-11
640000,282,294,0,2.869416e-09,5.2365935e-14,3.4785116e-14,8.115646e-21,4.565885e-26,5.770343e-12
640000,325,84,0,3.6823578e-09,5.4051824e-12,4.459976e-14,7.2731245e-21,4.161461e-23,8.031634e-11
640000,88,418,0,2.952162e-09,1.3021485e-11,6.152443e-14,1.5146472e-19,2.6724642e-23,7.2582204e-11
640000,265,402,0,2.4124345e-09,8.949345e-12,2.6409534e-12,5.7647824e-16,6.5198764e-19,1.11972306e-10
640000,323,357,0,2.4311013e-09,6.6520053e-13,1.8893785e-17,4.0606273e-28,2.1514238e-30,4.040025e-13
640000,293,324,0,4.431455e-09,5.4182703e-15,5.7607156e-38,0.0,8.1e-44,1.7522388e-11
640000,277,366,0,2.2946736e-09,2.1745047e-12,2.7509229e-15,3.2395277e-23,7.0795546e-23,7.1137822e-12
640000,223,104,0,2.1271775e-09,1.646715e-11,2.9969508e-18,5.7029265e-29,1.1163005e-19,8.613036e-11
640000,294,89,0,2.722685e-09,3.881209e-11,3.6781913e-16,5.042979e-25,2.8990306e-12,4.8933173e-11
640000,226,130,0,2.9886627e-09,3.5082854e-14,4.6638087e-21,1.157049e-36,4.397602e-32,1.6494759e-11
640000,219,387,0,2.1038356e-09,1.6206516e-13,1.2972415e-19,6.614433e-34,1.0127547e-35,8.769091e-11
640000,104,275,0,2.7045708e-09,3.8875357e-12,2.1049291e-19,1.3020876e-33,1.4997038e-26,1.9386777e-11
640000,224,227,0,2.2521303e-09,7.768749e-12,1.0678098e-13,2.5443396e-19,1.6465771e-17,5.71747e-14
640000,64,251,0,2.65462e-09,9.169938e-11,1.5775554e-11,1.0265888e-13,1.8110105e-11,6.7347856e-11
640000,91,307,0,2.1923532e-09,6.767465e-12,1.6017026e-11,9.786494e-14,1.4939234e-15,7.904947e-12
640000,354,132,0,2.4409463e-09,1.8177536e-11,1.0003854e-22,6.0829e-41,9.879772e-15,1.44640645e-11
640000,420,225,0,2.1468183e-09,2.3890334e-11,2.9603067e-12,2.4233396e-16,1.8815521e-19,4.0636394e-11
640000,324,374,0,2.6932467e-09,3.3479993e-11,5.4579554e-17,2.7082498e-27,4.4356496e-14,4.170395e-11
640000,65,425,0,2.3139193e-09,9.9414e-11,8.2238865e-20,2.326228e-34,1.9072265e-12,7.806107e-11
640000,388,441,0,2.5025975e-09,6.7815295e-11,3.0867038e-11,6.2478e-13,4.191921e-14,1.16225314e-10
640000,137,418,0,2.1371962e-09,3.9640513e-11,1.5051547e-11,5.5805034e-14,1.6297487e-13,4.8250764e-11
640000,439,315,0,2.8996279e-09,7.810402e-12,2.6757358e-16,2.8957462e-27,5.1286334e-22,2.168868e-10
640000,73,303,0,2.4059057e-09,4.5875296e-12,3.4455333e-20,9.141517e-33,7.134583e-23,4.7311176e-11
640000,355,97,0,2.7724911e-09,1.178264e-11,6.1391794e-19,9.560251e-31,5.2822193e-19,9.7098586e-11
640000,115,98,0,2.64913e-09,5.886727e-12,2.2108768e-11,1.8096127e-13,2.7663338e-15,1.7430075e-11
640000,184,444,0,2.095872e-09,5.6441494e-11,7.4446665e-17,2.4399342e-25,4.4454122e-14,6.1823484e-11
640000,376,74,0,2.9905105e-09,1.0479129e-11,1.6623074e-14,4.593838e-21,2.5274861e-18,8.013684e-11
640000,199,167,0,2.4273645e-09,3.751064e-12,1.5657637e-21,3.745504e-36,7.1060985e-24,8.0687415e-11
640000,98,361,0,2.390567e-09,7.853696e-12,2.5563368e-15,1.3164964e-23,6.0810445e-21,9.754312e-11
640000,326,325,0,3.0730885e-09,2.8530382e-13,3.7211136e-25,1.65e-43,9.79204e-33,5.952472e-14
640000,447,421,0,2.5426485e-09,5.864833e-11,9.002723e-14,8.5892563e-19,1.6208957e-13,5.918359e-11
640000,329,146,0,2.1717894e-09,1.1537994e-11,9.728365e-38,0.0,6.5753125e-19,1.547381e-11
640000,143,183,0,2.5850895e-09,3.828713e-11,8.652e-42,0.0,2.829618e-10,5.86815e-11
640000,202,283,0,2.5605023e-09,6.8104155e-12,4.787339e-35,0.0,1.1543811e-23,1.3206302e-11
640000,145,148,0,2.5859122e-09,1.3910569e-11,1.3550819e-19,8.066351e-31,7.473414e-19,2.4377848e-12
640000,317,381,0,2.6987872e-09,2.51075e-11,2.8551968e-13,2.9026155e-19,1.1625437e-15,2.2227999e-11
640000,371,379,0,2.5264975e-09,1.1164848e-11,9.388044e-13,6.5011015e-18,2.4170542e-22,1.5249509e-10
640000,127,60,0,3.185653e-09,6.410041e-11,3.0319744e-12,8.8233913e-16,1.8094283e-12,6.752522e-11
640000,126,297,0,2.4545201e-09,1.8796176e-12,9.6794943e-20,6.6829264e-32,2.6556317e-25,8.309806e-11
640000,386,342,0,2.8795024e-09,1.8851e-11,3.2019994e-11,3.0410757e-13,9.5090595e-15,4.416079e-11
640000,315,230,0,2.2270634e-09,1.0504329e-11,1.8009e-29,0.0,6.4620506e-20,1.528335e-14
640000,231,119,0,2.3852706e-09,8.48043e-13,7.959428e-20,5.1041487e-32,2.9728984e-26,2.0397765e-10
640000,121,404,0,2.3362252e-09,3.2107435e-11,4.8757954e-13,4.6011813e-19,1.7071197e-15,1.1012339e-10
640000,411,95,0,2.4434295e-09,1.9409892e-11,8.8120065e-15,6.330494e-20,1.9161004e-20,7.98271e-11
640000,231,331,0,2.5956362e-09,7.26931e-13,5.7471786e-22,5.334979e-35,2.6852242e-28,1.1793614e-13
640000,58,107,0,2.4365685e-09,5.2759668e-11,1.3983798e-13,2.742259e-19,5.1034487e-14,2.469856e-10
640000,194,90,0,2.170379e-09,7.2681713e-12,5.9131806e-21,3.9392096e-37,9.402494e-22,3.5293567e-11
640000,341,233,0,2.7165592e-09,1.2223815e-11,6.851855e-20,9.752065e-34,6.949819e-21,5.4382564e-11
640000,359,106,0,2.7603084e-09,2.3503718e-11,4.109315e-26,2e-44,2.7366061e-17,3.014784e-10
640000,405,304,0,2.9703606e-09,4.3257685e-12,1.3274315e-24,1.2612e-41,1.3406154e-25,5.18015e-12
640000,132,253,0,2.6081344e-09,3.751804e-11,8.986118e-26,5.5e-44,1.5328805e-12,2.8113647e-13
640000,126,223,0,2.9614153e-09,3.358446e-11,1.08244e-14,1.0629851e-22,3.3880358e-18,1.1895537e-11
640000,136,144,0,2.6279285e-09,4.862089e-12,1.2417065e-14,4.281903e-22,3.5646425e-25,2.9606886e-11
640000,82,276,0,3.9981116e-09,1.2207589e-11,1.5731891e-16,2.9121368e-27,4.944412e-21,1.786161e-11
640000,344,328,0,2.524148e-09,6.622739e-12,2.8392278e-23,6.0183e-41,8.780196e-24,2.2677357e-11
640000,109,221,0,2.578068e-09,1.6736779e-11,1.4403594e-20,2.718383e-35,2.0866046e-19,1.4071027e-13
640000,411,66,0,2.1123143e-09,3.119539e-11,8.2958666e-16,3.788852e-24,2.8862622e-12,1.3076958e-10
640000,435,180,0,2.4896478e-09,2.2211128e-12,5.148025e-15,6.5175466e-22,3.893499e-26,1.6079493e-10
640000,129,183,0,2.5985267e-09,3.0150455e-11,4.0664795e-35,0.0,2.2086397e-12,1.572155e-11
640000,168,152,0,2.133095e-09,6.0877005e-11,1.0984151e-22,2.23947e-40,2.464116e-15,5.609626e-11
640000,401,103,0,3.356299e-09,1.3179545e-11,2.5377663e-16,3.0380818e-25,3.3345229e-15,6.577193e-11
640000,287,82,0,2.3987339e-09,2.3873039e-11,1.5518853e-16,1.8464865e-25,2.6601769e-16,1.651136e-10
640000,100,131,0,2.100835e-09,3.1339268e-11,2.3069257e-11,2.0832946e-13,3.446436e-15,2.630387e-11
640000,422,290,0,2.322145e-09,3.7241665e-11,7.0378305e-19,1.4210015e-31,1.9916213e-16,6.0095186e-11
640000,313,403,0,2.3037823e-09,3.1701544e-11,9.23183e-15,4.6623704e-22,7.7784454e-16,8.517202e-11
640000,332,234,0,3.809246e-09,4.629163e-11,2.089243e-25,6.544e-42,4.0528965e-13,6.142976e-11
640000,172,101,0,2.511933e-09,1.5453069e-16,1.119779e-12,1.3189399e-17,1.0836147e-21,1.0855657e-10
640000,386,433,0,3.0454215e-09,4.6854506e-11,2.5606663e-12,5.2605346e-16,6.135026e-14,4.6011063e-11
640000,330,69,0,2.5207618e-09,1.229418e-12,1.496743e-14,1.5881348e-22,3.3750472e-29,4.8636557e-11
640000,410,162,0,2.6234979e-09,5.4377725e-11,3.006228e-21,1.0240918e-35,2.1707705e-09,2.4645251e-11
640000,97,72,0,2.4674878e-09,4.553755e-11,9.524179e-18,1.0723625e-29,1.4492277e-16,1.0365584e-10
640000,111,305,0,2.39622e-09,5.23529e-14,2.407947e-20,1.475337e-33,1.6731584e-36,6.601765e-11
640000,303,444,0,2.4406526e-09,5.630827e-11,8.083547e-12,2.1941037e-14,2.4931297e-14,3.5825978e-11
640000,396,453,0,1.2857201e-10,6.844943e-11,3.2205304e-11,3.6664297e-13,1.5347942e-13,2.5115417e-11
640000,116,335,0,5.3907895e-10,2.0548892e-11,1.0921539e-15,3.4878238e-25,8.504866e-17,4.9635688e-11
640000,148,109,0,3.6613404e-10,7.230948e-12,6.6464714e-15,5.00844e-22,2.4230994e-20,1.85444e-11
640000,44,271,0,4.1023027e-10,1.4975843e-11,1.1915337e-11,2.590428e-14,1.224709e-16,5.2101764e-11
640000,283,403,0,2.0317063e-10,5.301251e-12,1.5397584e-11,6.722249e-14,8.5827874e-16,4.4015777e-11
640000,164,425,0,2.983443e-10,4.593146e-11,7.731491e-15,2.3386171e-23,1.9104893e-12,1.0352803e-10
640000,34,31,0,-1.0592215e-12,2.5173894e-11,3.066831e-11,8.252684e-13,4.6130993e-14,5.727993e-10
640000,137,409,0,3.2995495e-10,1.23121496e-11,7.694849e-12,4.862366e-15,3.5046832e-17,1.2982897e-11
640000,472,486,0,-1.4322165e-12,1.3552853e-10,1.7120576e-10,2.3588386e-11,2.3427562e-09,3.7792264e-10
640000,8,339,0,-6.907211e-13,4.575e-11,5.83289e-13,2.567904e-17,8.036918e-17,1.0957088e-10
640000,24,17,0,-1.5475184e-12,1.7353574e-10,5.0583936e-11,4.5563193e-12,2.7779452e-09,4.598044e-10
640000,415,234,0,2.2814348e-10,1.7623165e-11,1.0920204e-12,1.2097574e-17,9.797261e-21,1.7662359e-10
640000,278,249,0,6.8775985e-10,6.4993394e-14,0.0,0.0,3.4724944e-32,7.2054654e-11
640000,178,172,0,2.110111e-10,9.052496e-12,6.8846573e-25,8e-45,4.4933116e-20,2.5942571e-11
640000,246,386,0,6.6462924e-10,9.9831476e-11,9.6215154e-20,4.732256e-34,4.3385757e-11,3.4808368e-11
640000,142,412,0,3.4295394e-10,3.5142147e-12,1.159357e-11,1.1859107e-14,4.1357234e-17,5.5064214e-11
640000,189,121,0,3.0814926e-10,1.8188522e-11,1.0294382e-19,1.3872031e-34,8.1597e-17,1.5759165e-11
640000,319,262,0,6.5403266e-10,2.150775e-11,6.1999604e-32,0.0,7.458457e-16,3.4075328e-13
640000,420,51,0,3.699536e-10,4.1772124e-11,8.510883e-12,1.2896588e-14,2.0026945e-12,1.414153e-10
640000,116,360,0,3.9575e-10,2.964821e-12,2.6713447e-12,1.0419444e-15,3.450436e-18,7.1724904e-11
640000,6,26,0,-6.8294545e-13,6.106642e-11,1.3721681e-12,7.352872e-17,1.41987676e-14,3.7368797e-10
640000,182,131,0,2.656721e-10,2.2413578e-11,6.8946003e-12,2.7532622e-15,4.6606433e-18,3.0394049e-12
640000,150,126,0,4.4493226e-10,3.3611634e-11,2.0811731e-12,3.6114027e-17,1.3629214e-12,2.4335813e-11
640000,403,21,0,3.6370283e-13,2.973525e-11,6.147833e-11,4.2351758e-11,8.823515e-11,2.5154487e-10
640000,476,368,0,4.0175014e-13,9.095011e-12,3.3271268e-14,1.5676029e-20,3.1269615e-20,9.341364e-11
640000,251,221,0,7.768801e-10,1.1426039e-11,1.9944598e-18,1.155166e-29,2.2476099e-16,6.912725e-11
640000,406,80,0,3.0887704e-10,2.3484954e-11,2.804231e-16,2.7101085e-25,3.6345448e-16,7.243696e-11
640000,380,421,0,4.5684279e-10,1.1290557e-10,2.6405887e-16,1.1538433e-24,2.8315033e-09,2.1847106e-11
640000,301,325,0,1.787929e-09,1.1500637e-15,7.236208e-31,0.0,1.463352e-39,1.1652548e-10
640000,345,171,0,1.9069503e-10,2.7174707e-11,1.5446892e-28,5.7e-44,2.0974775e-13,1.5538658e-13
640000,66,419,0,7.346961e-10,6.461386e-11,2.3493324e-16,1.8023553e-27,1.1637402e-14,1.3885623e-10
640000,53,411,0,1.2803013e-10,3.977069e-11,1.728402e-11,1.4983425e-14,4.235669e-11,4.2495944e-11
640000,66,56,0,3.3830364e-10,5.1401952e-11,5.2492766e-15,1.6887611e-23,7.1317125e-16,3.4276418e-10
640000,327,40,0,5.490047e-11,1.129154e-11,2.2617751e-11,1.5521398e-13,2.1963528e-15,2.720392e-10
640000,124,167,0,2.1961462e-10,2.9836e-11,1.2434359e-20,3.5238955e-36,6.8415607e-19,2.6810805e-11
640000,231,439,0,9.005803e-10,9.878972e-11,6.616419e-18,1.4160468e-23,2.357908e-11,1.0317268e-10
640000,420,143,0,9.456056e-10,1.5026655e-11,3.5202008e-11,1.4434981e-12,1.9771782e-13,7.814326e-12
640000,13,323,0,-5.643756e-13,8.8982474e-11,1.7327688e-11,2.1042062e-14,4.450793e-12,1.084105e-10
640000,181,250,0,7.4730294e-10,3.9333302e-12,3.0212382e-25,1.1e-44,3.2600377e-25,1.8114762e-12
640000,499,473,0,-1.2951917e-13,2.3562347e-11,6.6083526e-13,2.7823209e-16,8.0530065e-15,2.6520243e-11
640000,85,151,0,2.61198e-10,3.963434e-11,2.341945e-16,7.785164e-26,4.074068e-14,1.9785656e-11
640000,387,133,0,6.7784206e-10,2.4823858e-11,3.4180766e-11,1.5551325e-12,1.8467304e-11,6.851199e-11
640000,375,414,0,1.431847e-10,5.414374e-11,4.724402e-18,2.8900555e-28,4.1064923e-14,5.395673e-10
640000,382,19,0,1.7021731e-12,1.4575438e-11,7.2734306e-12,3.5598796e-15,3.963374e-17,1.7596982e-10
640000,436,34,0,5.963694e-11,9.048701e-11,3.4550494e-11,1.5184876e-12,3.479269e-13,3.065996e-10
640000,164,155,0,5.789301e-10,3.0556717e-11,2.7896808e-27,0.0,1.9262314e-14,3.442009e-11
640000,308,455,0,2.119641e-10,1.5195019e-11,1.0270526e-14,1.7952733e-21,9.388895e-22,1.2125492e-10
640000,69,360,0,9.095108e-11,9.338937e-13,1.4583704e-12,2.6034282e-17,2.4604037e-21,8.6389444e-11
640000,302,268,0,6.303322e-10,3.117549e-12,1.77e-43,0.0,6.6402204e-25,9.297563e-14
640000,277,1,0,-8.14328e-13,4.9535917e-11,6.0432463e-18,4.8385808e-30,2.1820998e-15,1.1463422e-10
640000,293,415,0,2.3166027e-10,5.550112e-11,1.502304e-13,4.54433e-19,1.5823962e-13,5.965544e-11
640000,462,50,0,1.7112856e-11,1.5808872e-10,9.39215e-12,1.7953297e-15,2.214498e-09,7.25196e-10
640000,428,262,0,3.9448353e-10,2.934218e-11,1.0876105e-12,6.109305e-17,1.1417195e-13,6.1240436e-11
640000,324,39,0,4.975495e-11,1.12939874e-11,4.8575675e-12,1.0584667e-15,1.1152097e-17,2.7475439e-10
640000,31,119,0,5.202288e-12,5.7736493e-11,2.0090161e-14,3.9843327e-22,4.0443038e-14,6.7233774e-11
640000,117,172,0,3.1909345e-10,3.2748134e-11,1.2047764e-19,7.7050725e-34,4.4334494e-14,4.5929746e-11
640000,88,44,0,5.815043e-11,1.654155e-11,2.0596976e-11,6.471223e-14,1.6797223e-15,2.2381004e-10
640000,329,208,0,1.1127465e-09,1.4325027e-13,2.2201886e-11,1.09222845e-13,1.3158852e-15,7.614454e-11
640000,470,15,0,-1.4922985e-12,8.258835e-11,2.8013127e-16,7.789157e-23,2.0568294e-11,2.5241248e-10
640000,404,419,0,5.8534055e-10,3.0811704e-11,1.6731899e-21,2.1493305e-36,4.5708544e-14,2.2467003e-10
640000,39,490,0,-1.6387025e-12,8.826888e-11,1.7346857e-11,8.866087e-14,2.2400864e-11,3.1798422e-10
640000,53,167,0,8.2548864e-11,3.0886e-11,3.2314054e-19,3.0578816e-31,1.6934157e-16,8.7578396e-11
640000,196,13,0,-3.7064636e-13,2.65811e-11,2.270421e-11,1.7219386e-13,2.323982e-13,1.5609307e-10
640000,346,338,0,1.0286714e-09,1.4462539e-11,6.196309e-20,1.4519762e-32,2.87892e-14,4.2871363e-11
640000,38,219,0,9.616663e-11,8.6360086e-11,2.768844e-14,7.259037e-22,3.2149585e-11,3.3433485e-11
640000,346,305,0,3.8762438e-10,2.2107716e-13,1.9233137e-19,6.3540407e-32,7.856884e-30,4.560206e-16
640000,27,40,0,-1.0246216e-12,1.0394811e-10,1.1342221e-10,4.6528944e-12,2.6534155e-10,4.2617565e-10
640000,446,175,0,5.888681e-10,2.3470264e-11,7.781364e-12,5.2502e-15,3.1329003e-10,3.463385e-11
640000,452,488,0,-1.2250452e-12,7.338303e-11,8.135429e-12,2.362929e-15,1.0240787e-13,4.0708253e-10
640000,204,136,0,4.900116e-10,2.4895342e-12,2.7080071e-25,1.376e-42,5.278278e-24,2.0205235e-11
640000,377,275,0,8.0152746e-10,1.6381924e-11,2.1084445e-16,4.7524347e-27,2.1997003e-18,1.7742172e-11
640000,244,436,0,1.139832e-09,6.568278e-12,2.55835e-12,5.260534e-16,5.791372e-19,7.5767066e-11
640000,333,51,0,2.491683e-10,3.678934e-12,7.999623e-14,4.264921e-20,1.9566694e-22,1.266868e-10
640000,355,0,0,-1.0052148e-12,3.8738457e-11,4.462016e-13,6.3172e-19,3.2721218e-19,2.5269268e-11
640000,481,143,0,-7.648061e-14,3.9696153e-11,4.3755978e-11,5.004048e-12,1.1135539e-12,1.4926466e-10
640000,64,334,0,3.7282108e-10,5.140088e-13,8.7799975e-20,4.4119576e-30,2.4535057e-30,5.475337e-11
640000,247,105,0,1.9779615e-10,6.562651e-11,5.6660714e-11,3.726682e-12,8.619441e-12,1.2886274e-10
640000,318,193,0,7.3282697e-10,1.1839585e-12,3.4549946e-25,3e-45,2.1799915e-25,2.0174704e-11
640000,406,64,0,5.246442e-10,2.982735e-11,1.214435e-15,4.462845e-24,1.1625444e-15,1.9613576e-10
640000,244,142,0,4.6997556e-10,1.9046896e-14,1.5602013e-11,7.969959e-14,1.0990898e-15,7.3567055e-12
640000,181,234,0,7.4969353e-10,7.1035295e-13,1.415467e-39,0.0,2.183228e-31,2.9937093e-13
640000,159,458,0,1.6170842e-10,7.054054e-11,6.6366634e-11,1.256139e-12,1.5248676e-11,1.3404806e-10
640000,330,277,0,1.7093704e-09,2.4508732e-11,1.2134152e-15,4.462845e-24,1.3197243e-11,5.6456126e-13
640000,446,407,0,2.0982151e-10,2.8950913e-11,3.860038e-11,6.384375e-13,2.821724e-14,1.3501784e-10
640000,293,448,0,5.2436994e-10,3.7436138e-11,4.835019e-11,4.7915855e-12,8.775576e-13,3.0727976e-11
640000,141,328,0,6.754944e-10,1.8394492e-12,6.017118e-13,2.2016086e-18,5.884108e-23,2.1177433e-11
640000,80,289,0,1.0522065e-09,4.540529e-12,1.4283053e-15,2.1982499e-24,1.9921363e-24,1.1256618e-10
640000,199,131,0,1.8568447e-10,5.096927e-12,1.2067938e-21,7.797997e-37,1.4081216e-23,6.5838754e-12
640000,372,209,0,4.3499654e-10,6.993625e-11,6.278022e-20,1.8963264e-34,3.1762748e-10,1.2662576e-11
640000,298,161,0,1.502661e-10,8.112771e-12,1.09626704e-10,1.6527838e-11,5.759121e-12,5.477402e-13
640000,468,367,0,5.7825632e-12,3.3330075e-11,3.555929e-16,9.876873e-27,1.310207e-15,1.8107954e-10
640000,496,375,0,-7.944819e-13,2.4473255e-11,1.3012416e-13,5.0753393e-19,5.3353432e-15,1.468083e-10
640000,153,98,0,4.2375628e-10,2.4203283e-12,2.935712e-17,5.8178438e-27,2.7975464e-26,1.2581439e-10
640000,206,176,0,9.1464375e-10,2.2096806e-12,1.8670174e-18,2.1177408e-31,1.9340068e-26,6.138534e-12
640000,318,320,0,1.0887609e-09,4.9982463e-13,1.80619e-23,1.2205725e-35,2.003184e-30,1.2750158e-13
640000,461,5,0,-1.592186e-12,1.4324061e-10,1.3064815e-10,1.7324134e-10,7.671234e-10,3.2011235e-10
640000,276,495,0,-8.968046e-13,5.7548574e-11,8.5952606e-11,1.9483724e-11,4.544644e-11,5.174474e-11
640000,216,305,0,3.2222525e-10,2.5744951e-11,2.0755936e-12,1.04478616e-16,2.1189082e-16,8.431925e-11
640000,391,261,0,4.3742374e-10,1.0456873e-11,7.9637897e-13,4.429143e-18,8.142318e-22,1.2967092e-11
640000,264,76,0,3.3594508e-10,1.4675072e-11,1.7337765e-12,1.9146752e-16,9.879997e-15,5.7727084e-11
640000,223,181,0,2.8838143e-10,5.0967667e-13,2.0206344e-25,4e-45,1.3196176e-32,5.5226375e-12
640000,128,151,0,4.4373405e-10,3.7186023e-13,6.827786e-11,2.2901553e-12,2.2133032e-13,1.7744482e-10
640000,51,337,0,6.0326646e-11,3.936965e-11,7.136763e-11,1.2869348e-12,9.761359e-14,1.07969356e-10
640000,234,448,0,3.0316674e-10,5.2405823e-11,1.6547202e-15,6.8997256e-25,5.639191e-17,3.657565e-11
640000,334,439,0,4.115386e-10,5.4949847e-11,1.0794382e-11,1.27805515e-14,1.0854061e-15,3.7355447e-10
640000,305,301,0,1.0081002e-09,1.4642067e-12,8.578182e-27,8.628e-42,1.3157892e-28,4.5925594e-12
640000,262,418,0,4.5786366e-10,5.248056e-11,3.208445e-20,4.1316348e-35,1.5351727e-13,1.6684921e-10
640000,383,431,0,1.6494396e-09,4.2141745e-11,1.3341745e-11,2.1336887e-14,9.393363e-17,1.3538122e-10
640000,383,251,0,1.3069754e-09,1.3937593e-11,7.845101e-18,8.30649e-29,1.9571755e-17,1.0415877e-11
640000,54,257,0,1.1931093e-09,2.5853255e-11,1.123499e-12,6.730098e-17,1.000698e-15,8.813075e-11
640000,254,264,0,5.09143e-10,2.0888297e-13,8e-45,0.0,6.5638904e-31,2.9302935e-16
640000,274,224,0,1.141191e-09,2.3053404e-12,1.7250169e-38,0.0,1.44667e-25,2.398659e-11
640000,38,260,0,1.2680941e-10,9.0857516e-11,2.094743e-12,1.5250033e-16,3.8252452e-12,2.1940813e-10
640000,167,149,0,8.099805e-10,5.1835206e-11,3.3521405e-21,1.774994e-37,1.4156188e-13,6.689779e-12
640000,20,127,0,-7.264683e-13,3.001222e-11,1.6203877e-11,7.0860472e-15,5.1853537e-17,3.7037234e-11
640000,326,356,0,1.1689716e-09,7.977199e-13,3.267774e-18,3.3078893e-30,8.373444e-28,3.2735753e-14
640000,310,404,0,9.375175e-10,4.0463497e-11,1.3489828e-16,1.9879321e-25,2.2528526e-13,1.8514403e-10
640000,171,156,0,5.48874e-10,1.021568e-10,3.1807276e-24,1.04e-42,1.5977381e-14,5.3062454e-11
640000,390,70,0,9.401063e-10,6.3391584e-11,8.410963e-12,2.2232891e-15,2.2889604e-10,6.462647e-11
640000,367,5,0,-9.855088e-13,7.201026e-11,2.4122518e-12,9.1491476e-17,1.8039135e-16,3.587919e-10
640000,357,237,0,3.3477426e-10,1.4303053e-11,3.1767578e-11,5.031258e-13,2.250746e-14,3.8309197e-10
640000,285,460,0,6.55889e-11,6.755382e-11,6.262875e-14,9.68389e-21,6.087711e-16,9.5045034e-11
640000,77,469,0,5.7345452e-12,5.7320305e-11,9.424659e-14,2.2603019e-20,4.293565e-12,2.4485108e-10
640000,208,118,0,1.716936e-10,4.691421e-12,1.10125694e-13,2.5712547e-20,1.4967094e-23,4.3988136e-11
640000,33,427,0,2.718056e-11,7.7407705e-11,2.1858083e-14,4.0179117e-22,3.76919e-11,4.2654458e-10
640000,281,388,0,6.4302724e-10,1.228038e-12,2.3010769e-18,1.1602547e-30,2.9130324e-30,3.1148215e-09
640000,447,288,0,1.1363595e-10,3.5904422e-11,3.6111548e-11,1.7625114e-12,3.758517e-11,4.440243e-11
640000,111,195,0,1.9323766e-10,2.1238598e-11,2.8169036e-23,8.5008e-41,9.4102094e-14,4.1713e-11
640000,206,451,0,1.7648963e-10,4.501645e-11,7.7908496e-12,1.4448859e-14,3.7292724e-11,8.2360854e-11
640000,488,465,0,-1.4393993e-12,1.2145707e-10,3.3289708e-11,3.6665232e-13,2.9594635e-10,3.553056e-10
640000,348,191,0,6.827691e-10,1.2157679e-11,3.598166e-19,7.9349816e-27,2.4347004e-19,1.0403234e-11
640000,52,492,0,-1.5051779e-12,9.054079e-11,5.741306e-12,3.714778e-15,1.36910604e-11,4.0242082e-10
640000,41,341,0,8.6751335e-12,5.16725e-11,4.379492e-11,5.004048e-12,1.0563448e-12,2.0488992e-10
640000,127,161,0,2.0980627e-10,3.1658703e-12,1.2528924e-16,1.3493895e-25,1.4546407e-26,2.099781e-09
640000,166,284,0,3.4853612e-10,1.08940044e-11,2.4383922e-18,3.715832e-30,1.412789e-20,1.951305e-11
640000,321,125,0,4.928201e-10,1.9984802e-11,5.6630106e-34,0.0,3.9316824e-11,1.5990956e-12
640000,29,284,0,1.41957305e-11,4.500966e-11,8.776538e-11,1.9835062e-11,1.158297e-11,4.468321e-11
640000,390,79,0,1.4355671e-09,1.8926208e-11,3.7327162e-11,6.293912e-13,5.313789e-14,1.7509362e-10
640000,197,449,0,2.1937632e-10,1.8681327e-11,1.5062208e-14,8.6567595e-23,7.5355434e-18,4.893301e-11
640000,175,258,0,2.2792099e-10,7.938744e-11,1.349083e-16,2.3446505e-26,9.5564095e-12,3.025953e-09
640000,139,37,0,5.121937e-11,7.1370965e-11,1.4023849e-11,1.3382221e-14,9.316212e-13,1.07506656e-10
640000,332,307,0,9.652258e-10,5.520755e-12,2.0569357e-19,4.229597e-28,1.2226753e-22,2.6684194e-13
640000,44,391,0,3.3982518e-11,4.169373e-11,9.276272e-12,1.2212665e-14,3.0533495e-10,8.977217e-11
640000,110,38,0,3.5737684e-11,3.0346874e-11,2.8925588e-18,1.6512234e-29,1.9770957e-18,1.3363159e-10
640000,383,24,0,6.8570705e-12,1.1729377e-11,2.217555e-11,1.7219109e-13,2.564271e-15,2.1588258e-10
640000,239,284,0,3.8767525e-10,3.315427e-19,1.867121e-39,0.0,0.0,1.631193e-14
640000,155,14,0,-5.1357914e-13,4.1661896e-11,3.697669e-12,5.333518e-16,5.0145075e-17,6.5292535e-11
640000,432,384,0,3.432201e-10,2.707568e-11,1.5756074e-11,1.07547977e-13,1.23689875e-14,1.6811146e-10
640000,89,337,0,3.642557e-10,9.620547e-17,1.8803806e-19,1.2072187e-31,3.4343e-41,1.18801505e-11
640000,292,284,0,9.404144e-10,4.7152186e-13,7.864554e-27,0.0,2.7367998e-31,4.2181362e-16
640000,174,77,0,2.050201e-10,2.6811523e-11,3.7062657e-22,1.3686016e-33,1.2219617e-11,7.294806e-11
640000,358,403,0,6.81737e-10,8.37142e-12,7.643992e-17,7.242546e-26,1.0013432e-23,9.2865604e-11
640000,394,163,0,9.569558e-10,2.2782429e-11,1.4796014e-13,4.868059e-20,4.336849e-11,4.9295578e-11
640000,103,443,0,1.1077494e-10,2.3635254e-09,1.0408413e-13,3.062182e-20,4.1191157e-09,1.86386e-10
640000,462,283,0,2.4779723e-11,6.076354e-11,8.737141e-13,1.5638543e-17,1.9034529e-12,1.9223542e-10
640000,300,355,0,2.7102443e-10,2.4129189e-14,6.7940033e-22,1.1012353e-38,1.112696e-34,6.660086e-11
640000,40,131,0,1.502615e-11,4.3207243e-11,6.1739376e-15,6.536801e-23,3.1313441e-12,9.3720386e-11
640000,437,102,0,4.1268408e-10,4.4276437e-11,1.635999e-12,5.4877352e-17,3.2429048e-15,3.4001787e-11
640000,172,357,0,2.0130851e-10,3.4905814e-11,6.355708e-14,4.6441712e-21,2.707717e-10,1.7578107e-11
640000,33,194,0,1.7782917e-11,2.8003284e-11,3.2285051e-12,1.0320006e-15,5.058525e-18,7.575587e-11
640000,109,324,0,5.9624977e-10,4.952662e-13,3.127035e-11,5.7551327e-13,2.4632028e-14,1.2627675e-10
640000,449,354,0,1.06795e-10,3.782396e-11,9.468069e-14,3.812266e-20,1.289146e-14,1.1621375e-10
640000,145,432,0,3.832365e-10,4.7986434e-11,1.7511242e-17,1.0558427e-28,2.4325364e-12,8.370729e-11
640000,498,108,0,-4.819549e-13,1.1532762e-11,2.5146335e-15,1.555722e-23,5.4282132e-21,1.8273966e-10
640000,137,36,0,4.2245103e-11,9.737875e-11,5.8686785e-11,3.6241947e-12,2.2127165e-10,6.5592795e-11
640000,82,51,0,2.511806e-10,5.753276e-11,2.1958494e-14,7.459859e-21,3.1017472e-12,3.0871464e-10
640000,234,120,0,9.937832e-10,4.007835e-13,1.0113341e-17,3.39734e-28,6.6123646e-27,9.606469e-11
640000,248,44,0,4.2857745e-11,4.5653334e-12,7.999496e-11,4.2996596e-11,8.772181e-11,3.1211076e-09
640000,408,237,0,9.0464886e-11,1.9338739e-11,2.261895e-12,3.5603879e-16,3.5290299e-19,3.9843316e-11
640000,370,474,0,-6.054067e-13,1.0984116e-10,1.0263959e-11,3.962686e-15,2.2412293e-11,6.282851e-11
640000,265,228,0,7.9678164e-10,1.873772e-11,5.0712e-28,1e-44,2.961974e-10,1.5128667e-11
640000,107,430,0,2.8956343e-10,6.6465784e-11,1.8893572e-15,1.29713014e-23,1.5684573e-13,3.8724948e-10
640000,161,209,0,5.797186e-10,1.1921529e-12,1.9643447e-34,0.0,9.024196e-27,1.3716874e-11
640000,103,420,0,5.129263e-10,2.3442963e-11,3.494115e-11,1.1747882e-12,6.439484e-14,8.744007e-11
640000,23,397,0,-4.2814444e-13,2.9697172e-11,6.5914e-11,1.0611752e-11,5.883038e-12,1.2917113e-10
640000,90,212,0,6.6197414e-10,3.0613647e-11,5.073371e-14,1.5410084e-20,9.41021e-14,1.9212473e-10
640000,219,75,0,1.5472207e-10,9.1091766e-11,6.852941e-11,8.9194694e-13,3.1205084e-12,1.56594e-10
640000,110,86,0,7.9558965e-10,3.0321134e-11,1.276882e-12,1.5518285e-16,1.4950795e-17,5.7461185e-11
640000,267,167,0,4.0230505e-10,6.3259744e-13,3.2473998e-34,0.0,1.4070032e-29,8.9886085e-13
640000,116,245,0,8.7847374e-10,1.38679025e-11,1.0532412e-27,0.0,1.2470393e-15,9.846276e-13
640000,326,282,0,3.482919e-09,1.0260007e-11,2.9109307e-18,5.519674e-29,1.646211e-18,2.721641e-13
640000,330,253,0,1.5614956e-09,1.192637e-13,1.5779177e-31,0.0,3.7649045e-36,3.036207e-09
640000,449,296,0,6.8584784e-11,1.9711744e-11,2.4983121e-11,8.546295e-14,1.8211295e-15,3.3417569e-09
640000,66,412,0,6.6805617e-10,3.874166e-11,1.7908934e-13,5.9146955e-20,5.636241e-15,3.1256395e-09
640000,119,427,0,5.616946e-10,2.2873015e-09,3.4786854e-14,8.115648e-21,4.1188084e-09,1.1275021e-10
640000,315,490,0,-6.780963e-13,2.394349e-11,1.747248e-14,8.0636756e-22,2.2351439e-19,3.3973848e-11
640000,441,372,0,1.0402964e-09,4.298082e-11,4.4190224e-14,1.4770538e-21,1.8978238e-18,2.8200497e-10
640000,107,202,0,1.4274157e-10,2.6320859e-11,2.6638895e-16,3.651773e-26,9.157451e-18,3.7250036e-11
640000,393,264,0,4.5780207e-10,1.5202813e-11,7.474517e-13,1.2426945e-17,1.3369619e-20,4.1033545e-11
640000,165,398,0,4.494954e-10,2.364026e-11,3.536037e-21,2.0472224e-37,7.089684e-15,5.2153594e-11
640000,235,101,0,2.8727853e-10,5.4223175e-12,9.8374165e-12,8.277559e-15,2.6064325e-17,3.472092e-11
640000,15,255,0,-6.3835986e-13,1.07163375e-10,2.602987e-12,3.2413195e-16,1.9490478e-15,1.6929848e-10
640000,380,263,0,9.33931e-10,1.3196731e-11,1.3065518e-12,2.8481466e-17,1.964357e-16,6.977663e-11
640000,71,27,0,1.1453053e-12,3.3285603e-11,2.9164805e-14,4.9377452e-21,1.163194e-18,1.1526763e-10
640000,234,422,0,8.701466e-10,6.7177056e-11,1.791875e-18,3.0709438e-30,7.216511e-14,6.987901e-10
640000,347,140,0,9.000069e-10,1.4759444e-11,1.9304209e-23,3.9632e-41,2.6791708e-21,2.5317125e-11
640000,439,358,0,3.313606e-10,4.9729113e-11,3.0104042e-12,1.734318e-16,3.187807e-10,1.1867596e-10
640000,259,225,0,7.9894563e-10,4.1255085e-12,6.156212e-23,4.1449364e-37,1.9725002e-22,1.950051e-12
640000,441,229,0,1.4583904e-10,2.9724022e-11,4.8347275e-13,2.9474935e-18,4.358317e-19,3.1477074e-09
640000,377,164,0,1.3130304e-09,8.6047634e-11,8.7959197e-13,5.735984e-18,7.424379e-12,3.0047491e-09
640000,326,493,0,-7.9343194e-13,5.169443e-11,1.5153141e-11,1.18720155e-14,9.246774e-15,3.2279546e-09
640000,76,144,0,9.2217245e-10,1.12494e-11,1.3665016e-14,2.870867e-21,2.4689397e-19,2.999806e-09
640000,397,60,0,3.2242742e-10,3.3693014e-11,5.6676858e-11,3.726682e-12,5.122378e-13,3.0759684e-09
640000,457,176,0,1.0365885e-10,8.0942496e-11,1.4316554e-15,3.0616118e-24,2.7411048e-10,3.1425518e-09
640000,68,440,0,4.814399e-10,3.1653406e-11,7.347261e-15,2.2243487e-23,1.0114235e-12,3.0583376e-09
640000,310,19,0,-8.442564e-14,1.3329661e-11,6.948019e-12,2.4709834e-15,8.427908e-18,3.531479e-09
640000,399,369,0,1.1323411e-10,5.260424e-11,1.0836625e-12,1.04571685e-17,7.65324e-14,3.0116363e-09
640000,365,298,0,7.2879164e-10,2.2247246e-11,1.6486615e-14,1.8807088e-21,1.7128206e-12,2.993571e-09
640000,172,433,0,2.2197125e-10,4.239915e-12,7.1254815e-11,4.5948103e-11,8.488626e-11,3.1240373e-09
640000,215,110,0,3.0336883e-10,1.8595698e-11,7.642121e-15,3.4782105e-23,3.925465e-15,3.0940235e-09
640000,28,100,0,9.668577e-12,6.6146845e-11,5.8707476e-11,1.9804521e-11,1.2914144e-11,3.228247e-09
640000,83,385,0,9.517722e-10,5.745906e-11,2.974618e-11,2.1769914e-13,1.9299335e-11,3.1573588e-09
640000,430,300,0,6.0159816e-10,2.0819254e-11,8.376381e-12,2.6719878e-14,3.944691e-15,3.1187255e-09
640000,78,102,0,1.7385407e-10,6.0373005e-11,7.7614293e-13,1.10479e-17,2.9115413e-10,3.1928558e-09
640000,237,112,0,3.8078873e-10,2.0011317e-11,6.79848e-15,3.611164e-23,7.1344586e-17,3.0476024e-09
640000,447,401,0,7.9285425e-11,3.9750002e-11,3.7171665e-11,1.518588e-12,2.1801917e-13,3.1315501e-09
640000,423,367,0,6.5183875e-10,4.3801344e-11,4.5859844e-13,7.0444055e-19,5.766124e-14,2.9963159e-09
640000,128,266,0,1.2858146e-09,1.2086343e-12,3.564458e-16,9.941188e-25,1.4463646e-25,2.988788e-09
640000,493,231,0,-1.0680949e-12,9.6470394e-11,5.5224007e-15,8.587761e-24,2.7397318e-10,3.1388734e-09
640000,357,101,0,1.4374821e-09,3.6461667e-11,7.394105e-22,6.772585e-36,2.332581e-10,3.0918827e-09
640000,364,43,0,8.492699e-11,2.9558682e-12,4.8534683e-14,2.714901e-20,2.6855653e-25,3.0443803e-09
640000,1,206,0,-5.251052e-13,1.3323495e-11,6.0792067e-13,1.5711773e-17,4.419862e-21,3.2680552e-09
640000,390,434,0,1.4486837e-09,4.0506785e-11,4.219871e-14,2.0408249e-20,2.617373e-15,3.008483e-09
640000,424,393,0,8.726234e-11,6.180943e-11,4.5213006e-14,2.312494e-21,1.1611713e-13,3.067537e-09
640000,473,420,0,1.3567345e-11,3.8076854e-11,1.6408488e-13,3.689067e-19,1.10328205e-16,3.240024e-09
640000,142,31,0,1.6907132e-11,3.7705644e-11,6.6243955e-12,1.4117492e-15,4.0714984e-16,3.119845e-09
640000,251,377,0,1.6599669e-10,5.837901e-11,8.49339e-21,1.3460436e-33,1.1426118e-13,2.9902993e-09
640000,56,276,0,9.909427e-10,3.879049e-11,3.5823287e-14,1.8026064e-20,3.2500252e-10,3.1874048e-09
640000,6,92,0,-8.4879624e-13,6.724182e-11,1.0919286e-10,2.4454343e-11,2.5045555e-10,3.1061436e-09
640000,18,9,0,-1.2812112e-12,1.5439364e-10,1.4182927e-11,2.4645426e-14,3.7274114e-11,3.5682723e-09
640000,366,468,0,4.9000447e-13,6.347647e-11,1.1643493e-10,4.9397268e-11,8.3185854e-11,3.0484133e-09
640000,32,54,0,7.861973e-12,1.2455822e-10,8.2739586e-11,1.9474741e-11,1.4222817e-11,3.159046e-09
640000,266,88,0,1.3837356e-10,7.529951e-12,7.140995e-12,3.0049762e-15,4.185922e-18,9.36741e-11
640000,278,69,0,3.6187522e-10,4.9308016e-11,6.0717794e-16,4.2549177e-24,3.2562877e-10,3.0700462e-09
640000,446,461,0,3.4098117e-11,3.9023385e-11,2.4834102e-15,3.895199e-24,1.5349961e-13,3.219802e-09
640000,8,76,0,-6.265917e-13,1.210448e-11,7.3963795e-12,1.4741023e-14,1.7308963e-16,3.259488e-09
640000,9,146,0,-1.0143991e-12,7.862836e-11,1.5272884e-11,5.5807433e-14,2.4956462e-10,3.0816614e-09
640000,85,103,0,7.9965895e-11,3.4743066e-11,3.883698e-11,1.5961753e-12,2.3860671e-13,3.1456302e-09
640000,311,200,0,6.473286e-10,1.925539e-12,6.67823e-26,0.0,9.793945e-25,2.4223035e-12
640000,152,150,0,5.6655425e-10,1.7649356e-11,3.2315988e-25,3.3184e-41,1.9422017e-20,1.339824e-13
640000,46,407,0,2.1436542e-11,2.3441435e-09,1.9124655e-13,1.04400236e-19,4.1197366e-09,1.9099337e-10
640000,450,235,0,2.761675e-10,1.9502532e-11,1.8872026e-14,2.2277184e-21,4.5708456e-14,7.929178e-11
640000,101,246,0,1.6416095e-09,1.2421373e-11,1.6072776e-19,2.0322325e-32,2.2058879e-17,7.457687e-12
640000,498,361,0,-7.02375e-13,4.3565065e-11,1.688595e-14,4.5948146e-21,6.127724e-14,1.5535618e-11
640000,332,198,0,1.1258936e-09,2.0240747e-13,7.38576e-16,1.3404321e-23,2.416233e-29,4.1397576e-11
640000,399,40,0,4.8818956e-11,4.3589115e-11,4.6201134e-13,1.8670333e-18,4.1341878e-11,2.8721378e-10
640000,380,367,0,2.7742972e-10,5.5887885e-11,3.04909e-13,4.3262298e-19,2.767236e-13,5.5266253e-11
640000,42,226,0,1.9390455e-10,7.385762e-11,2.8020188e-12,6.8770907e-16,1.22196515e-11,1.6647214e-10
640000,190,368,0,5.0041465e-10,1.8091749e-11,1.3931499e-30,0.0,6.718267e-13,7.409297e-11
640000,315,292,0,1.8759787e-09,2.0325805e-12,2.5013103e-25,1.363938e-39,2.6622032e-25,2.4305186e-11
640000,159,74,0,6.1652317e-10,3.1269636e-11,4.8505617e-15,3.5767764e-23,3.8303593e-11,7.584828e-11
640000,481,448,0,-4.1026928e-13,7.960993e-11,9.761446e-12,8.99205e-15,3.076023e-10,3.777298e-10
640000,499,367,0,-6.905382e-13,1.9624673e-11,2.8284536e-14,1.8939244e-20,3.3415532e-21,1.684507e-10
640000,383,327,0,5.967993e-10,1.8101298e-12,4.2998306e-11,5.0700525e-12,1.0217142e-12,2.3012212e-11
640000,1,265,0,-7.7695175e-13,4.3643318e-11,1.07648716e-10,2.9143164e-12,2.95821e-13,3.410972e-09
640000,115,313,0,8.780613e-10,2.605645e-12,3.462259e-09,7.191878e-10,1.1532664e-09,6.261923e-11
640000,207,462,0,2.2008033e-11,2.3654094e-11,2.679264e-12,3.8393698e-16,4.443712e-19,3.073823e-09
640000,50,12,0,-1.0006936e-12,6.978328e-11,1.21228e-10,5.593111e-12,1.0498666e-11,3.1165435e-09
640000,447,203,0,3.4225037e-10,5.5427342e-12,6.433746e-11,1.9793774e-11,1.157628e-11,3.1300507e-09
640000,14,475,0,-1.5021917e-12,1.1173922e-10,1.6965465e-13,6.311556e-19,1.8474076e-11,3.282268e-09
640000,450,363,0,1.6102167e-10,7.7466034e-11,5.0158593e-11,5.1533135e-12,1.195825e-11,1.0871737e-10
640000,234,493,0,-7.580208e-13,2.747481e-11,1.2443402e-10,4.8466058e-11,8.6777065e-11,3.132101e-09
640000,1,466,0,-1.3429652e-12,4.1977616e-11,1.2802305e-10,5.2971363e-11,7.6747386e-11,3.1690002e-09
640000,419,252,0,1.4782911e-10,7.08046e-11,8.61861e-12,4.991691e-15,2.1323564e-11,3.0240281e-09
640000,295,450,0,4.3233794e-10,3.8276042e-11,3.208847e-11,1.7618753e-12,2.9533074e-13,3.0195995e-09
640000,457,442,0,2.267594e-10,6.262441e-11,9.6587946e-11,1.8337427e-11,7.639386e-12,3.1470466e-09
640000,398,13,0,-4.8095555e-13,4.664813e-11,2.0143085e-13,1.00972884e-19,1.1535132e-13,3.5683108e-09
640000,128,71,0,9.607035e-10,8.035789e-11,8.082983e-12,2.1941037e-14,3.4784168e-13,3.0998824e-09
640000,37,454,0,1.1101451e-11,4.8715244e-11,2.6546683e-11,1.8175174e-13,3.0089573e-15,3.2189522e-09
640000,221,32,0,1.5551966e-11,7.255202e-11,1.4540565e-11,1.9817879e-14,1.7559179e-13,3.5068504e-10
640000,365,134,0,8.230214e-10,1.7266445e-12,2.0478074e-16,6.2708636e-26,3.3184074e-29,2.9955884e-09
640000,479,444,0,9.703974e-13,5.784589e-11,6.5939254e-11,1.9767365e-11,1.1581674e-11,3.427593e-09
640000,480,399,0,-2.8653748e-13,1.5858651e-11,1.5350027e-11,4.3343404e-14,2.3576588e-16,3.2737937e-09
640000,66,464,0,3.7894233e-11,8.026738e-11,9.8607476e-11,1.7662509e-11,3.0774044e-10,3.1606595e-09
640000,137,110,0,3.4068812e-10,1.5246842e-11,1.8222779e-17,1.7324254e-29,2.4812735e-17,3.0360476e-09
640000,495,394,0,-1.1634656e-12,1.4894967e-10,1.723229e-11,2.8372695e-14,2.3563202e-11,3.2866556e-09
640000,476,162,0,1.3896256e-12,2.1714677e-11,5.262969e-20,1.3112035e-34,8.137882e-17,3.2040919e-09
640000,18,384,0,-1.9395301e-13,2.1258774e-11,9.161969e-11,7.305407e-13,1.827519e-11,2.1850566e-10
640000,16,465,0,-1.4095812e-12,5.976194e-11,6.1515015e-11,3.3061375e-12,4.1010492e-13,5.6957933e-10
640000,459,211,0,3.497052e-11,3.317188e-11,3.6753695e-12,4.871178e-16,1.3692469e-13,7.157204e-11
640000,188,60,0,6.7843975e-10,2.9683124e-11,6.1288134e-17,3.3710452e-24,6.058955e-19,4.240847e-11
640000,236,447,0,3.729206e-10,3.4658238e-11,3.7346626e-17,1.3517227e-25,4.2405455e-19,3.0406484e-09
640000,95,59,0,4.5711707e-10,3.05379e-11,6.5150573e-15,1.6772443e-23,2.4490965e-16,3.0303209e-09
640000,483,455,0,-1.2319534e-12,1.3575527e-10,4.463674e-12,1.0382145e-15,2.9168135e-10,3.2698935e-09
640000,478,50,0,-7.177858e-13,8.636133e-11,4.626461e-11,4.791195e-12,2.6737899e-09,3.4312762e-09
640000,462,80,0,1.0019113e-10,7.051524e-11,2.6606458e-12,1.7297781e-16,1.3748021e-12,3.2544198e-09
640000,499,71,0,-6.762809e-13,8.764151e-12,3.6199117e-09,7.252014e-10,1.1560504e-09,3.168541e-10
640000,256,427,0,8.601544e-10,5.054438e-11,9.719658e-16,3.5194507e-25,2.2612978e-09,3.0393632e-09
640000,399,0,0,-7.4995815e-13,5.1705088e-11,5.828051e-21,7.844711e-36,2.125635e-12,3.7399275e-09
640000,103,383,0,6.875477e-10,1.3315303e-11,4.7758596e-11,4.636996e-12,8.081575e-13,3.0801193e-09
640000,44,438,0,1.7641401e-10,5.080634e-11,4.2983646e-12,6.369871e-16,6.704536e-14,3.2700402e-09
640000,9,155,0,-8.835636e-13,7.4952634e-11,1.2891501e-12,9.710654e-17,5.860375e-11,3.12008e-09
640000,39,464,0,2.7553975e-12,1.107545e-10,4.6206194e-12,2.7875638e-15,7.679673e-11,3.0451688e-09
640000,123,463,0,1.5902883e-11,6.5116114e-11,1.5751804e-11,9.786452e-14,6.1028673e-15,3.0490026e-09
640000,496,277,0,-8.930775e-13,3.8420895e-11,1.3042682e-11,1.1184087e-14,8.899388e-17,3.180828e-09
640000,38,33,0,-7.530402e-13,3.7125112e-11,2.992678e-11,8.252832e-13,2.1058983e-09,3.4804006e-09
640000,445,105,0,4.370445e-10,4.865532e-11,3.7806225e-12,5.829031e-16,3.2246306e-11,3.0589247e-09
640000,62,76,0,4.6075432e-10,1.3502811e-11,1.3643745e-12,5.348216e-17,1.00687146e-17,3.548782e-09
640000,65,400,0,1.9786396e-10,5.198611e-11,7.10366e-14,3.982074e-21,2.537318e-12,1.5162925e-10
640000,97,7,0,-9.846517e-13,2.697255e-11,3.9414312e-11,7.294209e-13,4.03933e-14,3.2271394e-09
640000,465,282,0,1.4921502e-11,5.6733365e-11,6.190047e-14,9.239681e-21,2.5333251e-14,3.4451604e-09
640000,229,88,0,1.197052e-10,3.4204265e-12,1.944779e-14,1.2498675e-20,1.1498275e-21,8.574608e-12
640000,459,23,0,-1.2457454e-12,1.8413045e-10,1.6390829e-10,1.5745316e-10,8.615979e-10,3.3474132e-09
640000,56,479,0,-1.329986e-13,4.9221998e-11,3.617907e-11,8.010876e-13,4.298883e-14,3.2897116e-09
640000,253,46,0,4.2186837e-11,3.5403683e-12,3.661234e-11,5.037714e-13,1.9931968e-14,3.2437493e-09
640000,168,497,0,-7.957121e-13,6.746201e-11,1.1589529e-12,1.2040076e-16,2.9304524e-11,3.0959841e-09
640000,466,143,0,1.9900165e-11,2.1297717e-11,8.0154977e-16,3.5815062e-24,1.8042895e-20,3.0077776e-09
640000,415,450,0,3.6588243e-11,1.2131002e-10,4.755493e-16,1.9016535e-26,3.1032024e-10,3.2238716e-09
640000,15,137,0,-9.74354e-13,6.147149e-11,9.789061e-11,1.8337347e-11,8.310086e-12,3.2858989e-09
640000,203,184,0,4.285326e-10,1.7951533e-11,1.7409734e-13,4.0385038e-19,1.7283885e-18,3.0683804e-09
640000,74,479,0,-7.614084e-14,4.5530454e-11,6.958874e-11,4.145485e-12,3.20661e-12,3.2591836e-09
640000,471,2,0,-1.3472978e-12,3.0217457e-11,2.3538338e-15,2.5431973e-23,2.7065337e-13,3.5243388e-09
640000,321,161,0,9.0473865e-11,2.5508348e-12,2.2340445e-27,1.5e-44,1.9707947e-22,3.045641e-11
640000,298,348,0,7.396746e-10,5.102991e-16,3.174246e-23,2.446342e-38,1.8e-44,9.315748e-11
640000,204,438,0,1.1494355e-09,1.12721655e-11,3.4809633e-13,4.54123e-19,3.7568492e-20,3.2160457e-09
640000,113,467,0,1.1823938e-12,1.3631124e-10,3.8862386e-11,5.5122237e-13,2.6287486e-10,3.1986955e-09
640000,1,213,0,-5.3937876e-13,3.7827887e-11,4.2526174e-12,5.8380555e-16,7.547154e-14,3.0799658e-09
640000,416,439,0,2.023956e-10,6.66183e-11,9.341912e-18,8.2340884e-29,2.3568278e-09,3.236642e-09
640000,492,276,0,-8.9329e-13,5.378749e-11,1.4694956e-10,1.1928999e-11,3.268312e-12,3.2815035e-09
640000,76,148,0,5.254202e-10,1.0860107e-11,4.212563e-15,1.7856737e-23,5.132299e-22,3.020869e-09
640000,21,441,0,-1.479999e-14,1.3605432e-10,3.4625989e-09,7.191878e-10,1.1989225e-09,1.9102703e-10
640000,50,130,0,8.418409e-11,2.2333996e-11,4.985341e-11,1.07058615e-11,6.258398e-12,1.4460988e-10
640000,22,495,0,-1.3809402e-12,2.8981982e-11,5.122298e-11,5.138219e-12,3.8267636e-12,3.2626335e-10
640000,186,91,0,5.1278365e-10,2.2373735e-12,1.2119415e-18,3.1959948e-28,1.5116471e-27,5.383344e-11
640000,149,273,0,1.0124582e-09,4.932025e-12,9.323566e-24,1.98155e-40,8.753196e-24,5.5116647e-11
640000,410,15,0,-5.9571716e-13,4.934706e-11,1.2749073e-11,1.4341964e-14,3.0076976e-12,3.2765077e-09
640000,390,305,0,8.754667e-10,2.851576e-13,2.3680207e-25,1e-45,2.223263e-31,3.0437317e-09
640000,127,77,0,6.311196e-10,9.229837e-11,8.815875e-15,8.105666e-22,3.6779637e-12,3.1837375e-09
640000,7,69,0,-7.320158e-13,1.6408937e-11,7.63985e-11,4.2735342e-12,6.3841434e-13,3.4472853e-09
640000,47,63,0,2.3757216e-10,6.197115e-11,7.6710764e-12,8.253837e-15,4.620723e-12,3.2122132e-09
640000,68,130,0,6.1056965e-10,1.8908937e-11,1.0846204e-16,1.02959075e-26,1.2098837e-16,3.0756189e-09
640000,55,120,0,2.1100496e-10,5.079601e-11,1.9836522e-14,1.1036724e-21,1.0644504e-12,3.100325e-09
640000,462,125,0,1.167088e-11,2.2817451e-11,1.4173128e-12,3.5784134e-17,1.7914813e-14,3.126649e-09
640000,485,460,0,-1.4571686e-12,1.123431e-10,5.9848914e-13,1.2799256e-17,3.8895485e-13,3.6510654e-09
640000,105,399,0,7.739554e-10,1.2254805e-11,7.757185e-12,1.0752465e-14,4.9030175e-17,3.0959035e-09
640000,95,238,0,8.517428e-10,2.4633318e-11,1.3601964e-18,8.128469e-32,3.6737602e-17,3.0717326e-09
640000,375,237,0,3.4395256e-10,2.1597418e-11,1.294206e-21,9.131486e-36,2.857752e-10,3.1037686e-09
640000,408,11,0,-7.5301684e-13,3.5075203e-11,8.3939014e-14,7.851476e-21,2.7838148e-19,3.2471341e-09
640000,99,346,0,5.262474e-10,2.3035057e-13,3.0194888e-14,1.9352975e-21,3.2753986e-27,3.1039624e-09
640000,20,448,0,-8.718854e-13,8.5217264e-11,2.9828327e-11,4.4762655e-14,4.1351915e-11,3.2543468e-09
640000,300,185,0,2.912881e-10,3.09684e-11,9.052961e-27,3e-44,1.4299751e-13,2.9891805e-09
640000,222,69,0,2.6553218e-10,1.8011882e-11,1.894767e-12,9.846864e-17,3.8197714e-20,3.0533454e-09
640000,39,19,0,-1.0939454e-12,4.2646334e-11,7.0586405e-11,3.2108496e-12,3.8405038e-13,3.248943e-09
640000,0,69,0,-7.250094e-13,7.447943e-12,8.7371793e-13,1.4721045e-18,2.2684385e-23,3.6066519e-09
640000,330,460,0,8.72723e-11,9.0481886e-11,6.058548e-13,1.7025447e-18,2.0629859e-11,3.0711302e-09
640000,175,90,0,3.8773218e-10,1.5729865e-11,2.2777365e-11,6.5734134e-14,1.3246075e-15,3.0277105e-09
640000,300,52,0,1.1835931e-10,3.3787122e-11,2.5542035e-14,4.2371584e-21,3.7373452e-16,3.0756162e-09
640000,302,229,0,2.2808695e-10,1.1534994e-12,4.034701e-39,0.0,1.0036747e-28,3.2978052e-12
640000,157,413,0,1.7271697e-10,2.2756557e-09,8.057923e-20,6.6285057e-34,4.1188084e-09,6.629722e-11
640000,46,344,0,1.6739933e-12,2.3096283e-09,2.163661e-11,2.2734508e-13,4.118919e-09,1.3792671e-10
640000,178,485,0,-1.1532286e-11,2.3064255e-09,1.2784374e-12,3.5649694e-17,4.1188852e-09,1.6366195e-10
640000,299,434,0,1.3537302e-09,6.688306e-11,1.5078088e-14,1.5822437e-21,1.3391047e-13,6.2476996e-11
640000,238,360,0,2.8750247e-10,4.0618668e-11,2.79487e-15,1.185449e-22,3.0657303e-15,1.2393135e-11
640000,270,471,0,1.2695668e-12,4.4268082e-11,4.5464773e-15,5.0118234e-24,2.2614268e-09,1.1670616e-10
640000,12,400,0,-8.285317e-13,1.7770284e-11,5.088777e-13,2.8972228e-18,8.2109825e-20,8.9447096e-11
640000,79,396,0,5.5181193e-10,2.9121813e-11,3.2189661e-12,2.4171194e-16,1.1463001e-13,1.8464197e-10
640000,145,280,0,8.683546e-10,1.12638766e-10,9.6794943e-20,6.6829264e-32,1.8759361e-10,5.004604e-12
640000,110,454,0,1.7450137e-11,1.0093687e-10,2.2760693e-11,2.274124e-13,5.049155e-11,5.121372e-11
640000,443,381,0,5.059975e-10,4.130937e-11,9.260806e-13,2.1651342e-17,2.3330825e-14,6.437629e-11
640000,438,241,0,4.858469e-10,6.4658105e-11,1.1471985e-11,1.8630302e-14,1.450129e-12,2.9647177e-11
640000,131,249,0,1.0973668e-09,3.9585814e-11,1.0793032e-22,1.3954053e-38,8.502404e-14,6.0347513e-12
640000,366,408,0,1.6905785e-10,1.9566298e-11,2.683205e-15,3.516954e-23,2.885791e-20,5.1180553e-11
640000,414,96,0,1.0397705e-09,3.428067e-11,2.1198525e-12,5.4991216e-16,6.810472e-17,6.3528384e-11
640000,308,383,0,1.2179507e-09,2.3626677e-11,1.3461167e-11,2.2952887e-14,6.037197e-16,5.402347e-11
640000,247,438,0,1.0714934e-09,1.3789483e-12,3.0862625e-11,6.2478e-13,2.8142471e-14,3.251658e-11
640000,90,398,0,7.6873063e-10,2.1292964e-11,1.4324377e-11,3.355754e-14,3.404084e-16,3.0598188e-10
640000,376,330,0,3.2001043e-10,2.3808344e-11,3.4468216e-12,1.2886265e-15,1.4464469e-12,1.5926047e-11
640000,267,105,0,1.2232057e-10,1.223881e-11,6.183348e-15,1.8718839e-22,3.3330255e-21,1.7706056e-10
640000,397,425,0,1.0887928e-09,2.5914802e-11,5.7926267e-21,1.4116432e-35,6.718267e-13,6.174542e-11
640000,36,141,0,6.066597e-12,7.5068264e-11,6.4595336e-11,4.3539294e-11,8.731003e-11,1.868899e-10
640000,454,299,0,4.461852e-11,4.0466557e-11,7.670081e-13,3.8847882e-17,7.140943e-14,3.5672768e-10
640000,492,283,0,-8.076715e-13,2.4668476e-11,1.3387455e-14,1.4071066e-20,6.1682244e-15,1.5575548e-10
640000,493,475,0,-1.3240806e-12,2.4070118e-10,3.03045e-11,3.9160607e-14,2.6318459e-10,2.3187645e-10
640000,499,374,0,-7.8412873e-13,2.0013324e-11,7.661123e-15,1.0660516e-21,1.27189806e-17,9.726162e-11
640000,307,2,0,-7.630142e-13,3.4122424e-11,3.7051942e-14,2.3133025e-21,1.811747e-17,9.178696e-11
640000,18,99,0,-8.0034564e-14,3.6793672e-11,1.0679765e-12,8.8449695e-18,1.2948817e-18,3.1293432e-09
640000,429,302,0,7.491455e-10,2.5649165e-11,2.8266799e-11,8.75178e-13,1.473789e-11,3.1351302e-09
640000,6,148,0,-9.507102e-13,5.1558376e-11,1.5838895e-12,7.781479e-17,4.9501134e-14,1.1247756e-10
640000,39,475,0,-1.1212143e-12,1.14417455e-10,1.910363e-14,1.0418658e-21,3.1155348e-10,1.0142923e-10
640000,291,35,0,2.2285635e-12,3.2129483e-11,3.4622638e-09,7.191878e-10,1.1535568e-09,1.7713328e-10
640000,152,452,0,5.0885973e-10,9.222365e-11,8.789479e-13,4.676914e-18,4.6732553e-12,3.8751547e-11
640000,482,226,0,-4.6084783e-13,2.2144326e-11,2.8597172e-19,5.359962e-32,5.329662e-19,9.880094e-11
640000,212,447,0,3.8658893e-10,6.747592e-11,5.518582e-15,6.2559143e-24,4.286164e-13,1.5156329e-10
640000,84,496,0,-9.27959e-13,3.4632498e-11,9.5798265e-11,1.0498146e-10,6.267019e-10,6.8671524e-10
640000,478,262,0,9.893937e-13,8.511885e-11,9.019542e-15,1.0517214e-21,2.0276413e-12,3.6847e-09
640000,449,8,0,-1.549894e-12,8.00453e-11,2.0712484e-11,5.5860136e-14,1.6325614e-13,3.2616458e-09
640000,256,69,0,1.7112245e-10,1.0074363e-11,4.7806305e-17,7.8951413e-25,5.7010324e-22,1.2370507e-10
640000,53,441,0,3.9889472e-10,3.0182946e-11,1.9261369e-11,2.4657387e-13,2.2384151e-13,3.4212655e-10
640000,25,56,0,1.7439731e-12,5.008881e-11,1.0868524e-10,2.4975308e-12,2.1769389e-13,3.2091827e-09
640000,464,44,0,6.369156e-12,6.567387e-11,3.462262e-09,7.191878e-10,1.1532665e-09,1.2549846e-09
640000,111,498,0,-9.811211e-13,8.039128e-11,3.0097554e-12,4.815987e-15,1.3636774e-12,3.1254088e-09
640000,49,14,0,-1.007258e-12,5.573797e-11,6.4925225e-11,1.8960467e-12,3.1263067e-13,1.3568735e-10
640000,86,19,0,-8.654322e-13,3.9640295e-11,6.411457e-11,4.2352333e-11,8.82295e-11,1.7127962e-10
640000,267,33,0,5.714708e-13,4.304726e-12,3.7105144e-13,2.1747633e-18,2.971276e-22,8.580774e-11
640000,202,73,0,5.032257e-10,4.281244e-12,2.702698e-12,1.0425914e-15,3.4511197e-18,8.381745e-12
640000,10,329,0,-7.422243e-13,8.477094e-11,1.5543332e-11,7.5426746e-14,4.9699505e-11,3.093278e-09
640000,51,437,0,4.8077603e-10,3.0028795e-11,1.2071554e-11,3.0964018e-14,2.1120062e-13,1.2965337e-10
640000,305,484,0,-2.6741052e-13,4.207833e-11,1.2034287e-16,1.7060042e-26,3.8448314e-11,9.265291e-11
640000,418,286,0,7.378264e-10,6.368694e-11,4.8053657e-15,1.3869764e-21,2.3322966e-09,3.6671263e-11
640000,467,193,0,2.8115399e-11,8.1721165e-11,2.7493644e-16,5.2860676e-26,1.1433222e-14,1.5200355e-10
640000,415,6,0,-8.4327266e-13,4.4147304e-11,4.251973e-16,1.1373325e-24,6.143168e-16,2.4954766e-10
640000,320,471,0,8.4177856e-12,4.593631e-11,1.9760585e-13,9.771541e-20,2.4955618e-10,1.0487109e-10
640000,113,477,0,-5.4073646e-13,2.6500736e-11,3.751358e-11,9.212874e-13,4.2810848e-14,3.055324e-09
640000,8,309,0,-6.6969905e-13,4.97054e-11,2.0198574e-13,8.79101e-19,1.434445e-13,1.0601167e-10
640000,39,116,0,3.8186367e-11,9.1527064e-11,1.5449969e-18,1.1067757e-30,6.931218e-12,3.175829e-09
640000,14,194,0,-4.3141415e-13,1.1937192e-11,1.252051e-12,1.4519445e-17,2.4532194e-21,5.8888255e-11
640000,59,2,0,-1.0771088e-12,4.8421794e-11,3.5424726e-11,1.4435021e-12,2.0140224e-13,3.3662788e-09
640000,253,470,0,2.6984482e-12,3.2888713e-11,2.6286579e-11,1.8142253e-13,2.817364e-15,3.059689e-09
640000,69,165,0,6.5029876e-10,3.026539e-11,9.948093e-16,9.4301423e-23,3.0945416e-10,7.3405594e-11
640000,476,484,0,-1.5763819e-12,1.3576866e-10,5.597483e-11,1.823509e-13,2.3350208e-09,3.298103e-09
640000,198,40,0,1.3068753e-10,1.4289414e-11,1.3849464e-15,3.132001e-23,4.0572183e-19,5.870929e-11
640000,304,50,0,1.5917336e-10,4.1587192e-11,2.9111205e-13,1.2015823e-18,1.011421e-12,2.714581e-10
640000,421,365,0,4.9890786e-10,3.7206967e-11,6.731493e-12,1.7150812e-15,1.4095273e-13,1.5000813e-11
640000,488,382,0,-8.3007147e-13,4.2294175e-11,6.4040587e-12,1.8930255e-15,9.96056e-15,3.1508114e-09
640000,391,9,0,-4.8566896e-13,2.7403893e-11,5.977422e-17,1.0880254e-27,9.16187e-15,1.1956461e-10
640000,143,469,0,3.010243e-11,6.921467e-11,3.472668e-09,7.1921563e-10,1.1534248e-09,5.11503e-11
640000,257,454,0,5.745454e-11,2.942878e-11,2.1684052e-13,5.895135e-19,2.4513713e-16,3.0754392e-09
640000,156,438,0,6.696886e-10,3.4890545e-11,3.4851683e-18,2.786195e-30,1.04949506e-16,5.0076693e-11
640000,453,289,0,5.462446e-11,4.016484e-11,2.771507e-11,1.4041791e-13,8.594852e-15,3.1291831e-09
640000,5,94,0,-8.5828295e-13,5.854698e-11,6.1734916e-11,2.5117495e-12,3.7529233e-13,1.4292721e-10
640000,145,441,0,5.86137e-10,4.4350763e-11,7.918683e-13,1.4816094e-16,9.432546e-17,4.881836e-10
640000,237,440,0,9.255806e-10,4.540141e-11,3.4622591e-09,7.191878e-10,1.1533431e-09,9.831294e-11
640000,47,235,0,2.0661238e-10,1.4176695e-10,6.7884026e-14,9.0981156e-20,4.5761197e-11,3.3141418e-09
640000,346,434,0,1.04630006e-10,2.2937513e-11,3.462403e-09,7.191878e-10,1.1532665e-09,2.4851066e-10
640000,369,392,0,5.447533e-10,3.4375672e-11,7.1053264e-14,8.874637e-21,2.1183356e-16,3.5363677e-11
640000,65,98,0,1.0662606e-09,3.1594487e-11,1.03770395e-17,3.1451883e-29,8.21176e-17,7.5448314e-11
640000,332,57,0,5.488683e-10,1.9207067e-13,7.6209524e-16,5.651238e-25,2.6019685e-32,3.7812333e-11
640000,497,240,0,-9.694729e-13,3.3227067e-11,1.1081031e-12,2.610724e-17,1.00379195e-16,3.0530126e-10
640000,449,391,0,6.843671e-11,4.2495917e-11,3.259154e-13,4.963165e-19,5.2341916e-14,1.6635172e-10
640000,165,416,0,2.7221247e-10,2.5207015e-11,5.8797045e-20,4.1200953e-34,4.0152588e-17,3.0485814e-09
640000,489,234,0,-9.136999e-13,9.600529e-11,1.4810804e-18,3.4473552e-32,2.9598395e-09,3.1115048e-09
640000,62,132,0,3.9862255e-10,1.9641646e-11,3.163751e-14,5.740206e-21,4.0680577e-18,2.0534441e-10
640000,320,481,0,1.9367632e-13,4.5902424e-11,7.36004e-14,7.770611e-21,1.9805385e-11,3.0033948e-11
640000,183,420,0,1.0699536e-09,4.6204976e-12,1.3429418e-14,4.721176e-22,6.432834e-26,1.167925e-11
640000,487,443,0,-1.1224138e-12,1.1967728e-10,2.8436e-12,4.810101e-16,4.2588316e-12,3.226599e-09
640000,434,185,0,7.277465e-10,9.695039e-12,5.9853346e-12,3.4273848e-15,2.1809886e-17,1.2419999e-11
640000,498,337,0,-5.7462504e-13,3.728224e-11,1.8985361e-14,2.2028967e-22,1.0550814e-15,2.618998e-10
640000,453,463,0,1.5225368e-11,5.679614e-11,1.3633388e-12,1.8214472e-16,6.3431943e-15,4.1818526e-10
640000,487,167,0,-1.0170412e-12,5.7294423e-11,1.354889e-14,3.264243e-21,5.4343325e-13,8.691017e-11
640000,151,2,0,-8.4478415e-13,5.6904214e-11,1.2092677e-12,8.1162326e-17,1.5665072e-13,2.2690132e-10
640000,447,433,0,1.3745927e-09,7.226553e-11,3.9553725e-13,1.5748263e-18,3.114077e-10,1.9530932e-10
640000,116,498,0,-1.1508172e-12,1.3276419e-10,1.01678936e-10,8.187502e-12,3.9973132e-11,1.4737142e-10
640000,388,438,0,1.4794287e-09,7.227693e-11,2.62355e-12,5.2606495e-16,2.6062963e-10,9.282221e-11
640000,498,211,0,-9.838528e-13,9.281098e-11,9.527825e-15,4.4876295e-22,3.139749e-11,1.3069091e-11
640000,10,490,0,-1.8302772e-12,9.586638e-11,1.5400162e-13,3.2087282e-19,1.1547881e-14,3.3871315e-09
640000,49,250,0,3.4192715e-10,3.8203687e-11,1.7406e-11,2.155657e-13,1.0274696e-14,1.386214e-10
640000,464,0,0,-1.5167483e-12,8.9492386e-11,2.3787675e-12,6.520162e-17,4.2323585e-13,3.7650327e-09
640000,36,185,0,2.732475e-11,7.182901e-11,1.0851254e-11,3.8079908e-15,1.7395349e-11,2.9778943e-11
640000,18,64,0,6.564642e-14,7.846734e-11,2.984288e-12,1.043304e-15,4.774658e-13,2.9309802e-10
640000,90,114,0,9.327372e-11,2.0530357e-11,8.01652e-12,3.8114484e-15,1.1809284e-15,3.185142e-09
640000,393,457,0,7.823197e-11,5.8072606e-11,7.0149767e-13,4.2013728e-18,2.2099488e-12,1.2729726e-10
640000,486,184,0,-1.203292e-12,1.0760272e-10,7.299657e-11,2.0607197e-12,3.4424436e-12,1.2894079e-10
640000,432,15,0,-4.3283316e-13,9.381663e-11,1.4872898e-21,9.139818e-36,6.77192e-12,3.3774443e-09
640000,2,484,0,-1.7541341e-12,6.290726e-11,1.9913566e-11,2.6695654e-14,2.8371506e-16,3.449696e-09
640000,468,319,0,1.0047704e-11,4.8712923e-11,1.1438918e-12,5.0037297e-17,3.7908916e-12,1.4568628e-10
640000,421,398,0,1.2766539e-10,4.9111087e-11,2.2273081e-11,1.5521341e-13,1.9869738e-11,1.2563467e-10
640000,435,387,0,2.4321917e-10,4.9149768e-11,1.57606e-11,1.07547977e-13,3.054307e-10,3.2140641e-09
640000,87,24,0,-1.8587947e-13,4.3191405e-11,8.811727e-12,2.7986235e-14,1.2699245e-15,1.4167562e-10
640000,30,494,0,-1.4450998e-12,8.57011e-11,2.3373947e-11,1.1635517e-13,4.3297536e-12,5.2009963e-10
640000,454,433,0,5.1366394e-10,8.471897e-11,1.2235499e-10,2.0269517e-11,1.0747357e-11,3.2097554e-09
