mcsteps,xCOM,yCOM,zCOM,il8,il1,il6,il10,tnf,tgf
420000,170,80,0,1.951072e-09,1.6147358e-11,2.8090763e-20,7.487214e-31,2.2762052e-20,9.084442e-11
420000,217,214,0,1.9492523e-09,9.297898e-13,1.3833376e-11,1.2986869e-14,8.528672e-17,3.0198034e-20
420000,289,163,0,1.950473e-09,2.4631757e-12,2.5600103e-21,1.1117308e-29,5.278358e-24,3.352838e-14
420000,413,269,0,2.3557352e-09,3.8304564e-11,1.7549162e-32,0.0,6.503853e-15,5.257312e-12
420000,414,200,0,1.9788298e-09,2.069607e-11,1.9905797e-17,3.0649875e-24,7.867405e-20,1.8968187e-15
420000,197,139,0,1.9578912e-09,9.554089e-12,5.860318e-14,8.202391e-19,4.869233e-21,5.377027e-11
420000,378,208,0,1.94952e-09,4.399126e-14,1.1443816e-18,1.62632e-29,5.621265e-35,1.2126207e-11
420000,155,198,0,2.384588e-09,2.7565606e-11,3.9e-44,0.0,3.2067142e-17,3.5230813e-16
420000,397,297,0,1.9886468e-09,9.240016e-12,1.3807047e-23,2.041807e-39,1.741498e-20,9.529076e-11
420000,409,184,0,1.979235e-09,5.4210754e-11,4.2339773e-20,2.6053875e-29,1.141661e-14,5.5529643e-12
420000,336,94,0,2.0113884e-09,3.2061704e-11,1.4646109e-15,1.6711057e-23,1.8431503e-14,2.3801907e-12
420000,438,279,0,1.9523871e-09,1.3694115e-11,6.9677555e-11,9.8606e-13,6.8570075e-14,1.3355946e-10
420000,307,245,0,1.9490174e-09,2.9636658e-11,8.644967e-29,0.0,1.2768737e-16,3.0500553e-11
420000,352,156,0,1.9790585e-09,2.6838623e-11,9.6747094e-14,1.6796032e-18,5.817152e-16,5.1599434e-17
420000,175,364,0,2.0652846e-09,1.8010402e-14,1.09927175e-23,8.4661616e-36,6.0634725e-35,2.375221e-14
420000,312,359,0,1.952084e-09,2.3997603e-11,2.4514525e-15,3.5157713e-23,8.337461e-16,2.3553663e-12
420000,258,315,0,1.9536608e-09,1.0276707e-14,9.974356e-37,0.0,1.5e-44,2.8430017e-13
420000,390,112,0,1.950636e-09,2.005274e-11,2.5672615e-12,2.4139023e-16,6.1242335e-18,1.8748043e-10
420000,84,355,0,2.0393693e-09,2.0115401e-13,7.226078e-15,2.3022407e-22,3.2656453e-28,6.994864e-12
420000,138,255,0,1.9496158e-09,6.917618e-14,8.786494e-39,0.0,7.96863e-30,1.7505019e-12
420000,113,137,0,1.9488922e-09,3.4196684e-11,6.2061516e-13,4.2810352e-17,1.9643313e-11,3.3847677e-12
420000,141,300,0,1.9819923e-09,1.0097412e-12,3.137199e-23,9.11169e-40,4.360309e-23,4.5614857e-12
420000,434,65,0,2.0004693e-09,2.2677749e-11,7.1523676e-11,2.0604972e-12,1.886953e-13,1.8123585e-10
420000,167,372,0,2.058988e-09,5.4565957e-14,3.836432e-26,0.0,6.6327745e-35,3.0505952e-11
420000,214,283,0,1.9517115e-09,3.3933034e-14,0.0,0.0,5.712e-40,2.17217e-12
420000,90,213,0,1.9599642e-09,3.9600016e-12,2.7394159e-30,0.0,7.462183e-24,1.3598025e-12
420000,327,125,0,1.9610717e-09,9.587074e-12,5.830281e-14,3.509349e-20,5.6580815e-22,2.4614779e-11
420000,270,364,0,1.9583273e-09,1.24250185e-11,6.3200343e-15,1.55316e-22,1.0262023e-16,1.9211207e-11
420000,210,112,0,1.9538762e-09,2.9115683e-16,2.0204024e-22,3.7068136e-37,8e-45,1.6263771e-13
420000,412,292,0,2.003633e-09,1.5853194e-11,5.4606727e-16,9.19681e-25,5.0277697e-19,8.7104185e-11
420000,353,87,0,2.0429856e-09,9.90248e-13,3.3948433e-20,1.4551744e-32,3.8768267e-28,3.07059e-11
420000,142,318,0,1.9721949e-09,1.12681696e-11,2.9576842e-18,4.0353781e-28,4.593011e-21,5.999989e-11
420000,284,205,0,1.9762314e-09,2.2861492e-11,1.5556384e-32,0.0,1.1770383e-15,6.6738472e-12
420000,294,191,0,1.977097e-09,2.404155e-11,1e-45,0.0,1.1625463e-15,5.1452232e-12
420000,247,87,0,1.9651294e-09,4.5015727e-12,6.4217917e-25,2.51e-43,9.4542366e-26,1.1547517e-11
420000,124,402,0,2.008841e-09,7.676376e-12,5.0804104e-21,4.0046526e-34,3.684159e-21,1.2026113e-10
420000,237,303,0,1.954338e-09,1.4747885e-12,1.1088934e-30,0.0,1.1086523e-25,4.506898e-17
420000,406,90,0,1.9551902e-09,4.8849803e-11,5.1357566e-17,4.0995753e-27,3.0845176e-14,6.305906e-11
420000,121,416,0,2.0023196e-09,1.0359473e-11,4.561854e-13,2.4244757e-18,1.8171716e-22,2.2044462e-11
420000,337,200,0,2.1556965e-09,3.5656127e-11,4.542013e-39,0.0,8.043038e-12,3.3776423e-16
420000,96,73,0,1.9491662e-09,5.926258e-11,5.5590805e-17,8.6021784e-27,5.6206965e-14,9.1378974e-11
420000,318,387,0,1.9506732e-09,1.1127204e-11,5.351652e-21,3.351264e-35,1.9603807e-20,4.22965e-11
420000,175,139,0,1.957209e-09,4.228066e-11,1.2788684e-22,2.1265162e-37,3.475185e-13,8.7938476e-11
420000,150,197,0,2.4874378e-09,2.133913e-12,0.0,0.0,1.4349976e-25,8.443311e-14
420000,80,421,0,2.0560864e-09,2.4135976e-11,1.2190146e-16,1.0703995e-26,7.516722e-19,7.9961225e-11
420000,211,338,0,1.996903e-09,6.206459e-11,3.6630393e-31,0.0,1.7291147e-15,1.437767e-21
420000,137,383,0,1.9827664e-09,2.3981674e-11,1.1673162e-11,1.2142487e-14,1.8857194e-16,2.2281002e-11
420000,84,410,0,2.0460817e-09,1.2244003e-10,6.2765017e-13,3.6218976e-18,1.5393654e-10,1.02274744e-10
420000,128,368,0,2.1033209e-09,3.057732e-11,9.501707e-24,1.260984e-39,2.85606e-15,3.2866806e-12
420000,345,201,0,2.1558066e-09,4.558659e-13,1.6833015e-30,0.0,1.2211149e-27,8.1505466e-19
420000,187,277,0,1.9523112e-09,3.3292772e-13,0.0,0.0,5.286153e-30,7.1894026e-19
420000,82,343,0,2.0871862e-09,4.1306396e-11,7.050957e-12,2.748805e-15,3.034308e-16,8.922499e-12
420000,59,395,0,2.012528e-09,4.0237362e-11,1.1842159e-24,7.497797e-39,3.0355236e-16,4.2080475e-11
420000,339,428,0,2.018114e-09,5.737784e-12,2.2779422e-12,1.2640195e-16,7.615266e-20,5.9181875e-11
420000,352,314,0,1.949284e-09,7.9931894e-13,7.2178266e-16,2.953015e-23,1.0609781e-28,9.074709e-12
420000,192,347,0,1.9919473e-09,5.84565e-11,1.09927175e-23,8.4661616e-36,6.6784317e-15,2.7586821e-15
420000,90,331,0,2.0055748e-09,1.8430951e-12,1.9255596e-19,8.106465e-32,2.8000366e-27,2.4834532e-13
420000,210,354,0,2.0639792e-09,2.5729306e-12,8.5660683e-32,0.0,8.7663095e-25,9.106726e-12
420000,254,221,0,1.9491606e-09,1.6635658e-11,4.845041e-15,9.722931e-23,1.0549637e-15,3.6143008e-14
420000,247,110,0,1.9684487e-09,1.9435365e-11,7.869878e-27,0.0,4.8858012e-17,2.6700764e-12
420000,68,262,0,1.9534647e-09,4.358587e-11,6.008171e-15,6.845013e-23,2.994438e-17,6.2449435e-11
420000,408,271,0,2.3614557e-09,5.0553634e-11,1.142781e-28,0.0,6.759495e-12,6.637797e-12
420000,354,360,0,1.9493935e-09,1.6731713e-11,2.0544951e-21,1.7684425e-34,2.7355387e-17,5.1072032e-11
420000,55,408,0,2.015547e-09,5.079902e-11,9.7324595e-17,4.0643418e-25,3.8995966e-20,1.0034225e-12
420000,337,441,0,2.0180513e-09,3.5297036e-11,1.0139101e-15,8.9920606e-24,4.7056837e-18,7.457156e-11
420000,249,131,0,1.9592536e-09,1.049698e-11,3.3932963e-32,0.0,2.6581963e-20,1.3853511e-11
420000,122,291,0,2.0309943e-09,2.2228634e-11,2.7226258e-17,1.3984126e-25,5.9480593e-18,1.397139e-12
420000,265,441,0,1.9483453e-09,5.4589475e-11,2.5385445e-16,1.6676271e-24,1.645276e-16,6.686548e-11
420000,109,292,0,2.0223583e-09,4.3466803e-11,1.9025571e-11,4.1710786e-14,5.5004947e-15,8.882857e-12
420000,227,94,0,1.9656698e-09,1.3485116e-12,1.3446456e-21,2.4378596e-32,9.733578e-27,1.4424117e-12
420000,340,168,0,1.9784372e-09,1.7799664e-13,1.8986985e-19,7.0297515e-31,2.3196053e-34,2.3313168e-13
420000,289,374,0,1.9601458e-09,8.048332e-12,9.375526e-19,2.954541e-29,2.7008594e-20,9.066005e-12
420000,193,311,0,1.950088e-09,1.408217e-16,3.366e-42,0.0,0.0,1.2477287e-24
420000,212,418,0,1.9492141e-09,9.871016e-15,1.9647732e-18,6.482136e-29,1.4869285e-27,1.3449279e-10
420000,202,365,0,2.0331579e-09,9.190274e-13,3.3589862e-28,0.0,8.578588e-29,1.3895857e-13
420000,63,433,0,1.9618165e-09,4.962224e-11,1.350031e-11,3.0886995e-14,1.0836311e-15,5.927111e-11
420000,119,338,0,1.9547792e-09,3.2300555e-11,2.8571156e-17,1.3044377e-27,1.4299751e-13,1.7762886e-14
420000,90,192,0,1.958626e-09,2.2264557e-11,6.321545e-14,1.4412045e-20,1.2388687e-18,4.043723e-11
420000,147,93,0,2.0882123e-09,1.4983024e-13,3.573811e-13,5.7067224e-18,1.2519589e-21,2.6457697e-12
420000,182,249,0,1.9503734e-09,1.516224e-11,8.7316e-41,0.0,3.1820523e-17,9.303702e-22
420000,346,76,0,2.031558e-09,4.6414365e-11,3.4143716e-13,1.6527664e-17,1.1404534e-14,2.5717586e-11
420000,359,392,0,1.9486168e-09,6.2552054e-11,3.2453129e-12,8.501879e-16,1.1502387e-14,2.3057781e-11
420000,87,276,0,1.9559834e-09,1.2253311e-11,5.0767684e-17,3.4976746e-26,3.0755564e-22,4.4641957e-11
420000,404,256,0,2.0272093e-09,5.2241995e-11,1.05194316e-19,1.4587926e-29,7.0375326e-14,1.6964304e-13
420000,135,222,0,1.9882596e-09,9.891184e-13,2.9667586e-36,0.0,8.331137e-29,3.1681834e-12
420000,380,155,0,1.996325e-09,1.5931666e-11,5.914555e-18,7.489097e-29,2.7355387e-17,7.099865e-12
420000,444,131,0,1.948775e-09,4.9960338e-11,8.1527775e-13,6.0842736e-18,1.1736921e-11,3.2310127e-11
420000,165,402,0,1.9509907e-09,1.9363872e-12,1.9091612e-15,4.1755674e-24,3.653653e-26,2.6850334e-12
420000,141,194,0,2.1537827e-09,2.426358e-11,0.0,0.0,4.6316853e-14,4.4816834e-11
420000,341,110,0,1.9936592e-09,4.712241e-11,1.7995288e-19,6.338713e-32,3.5338887e-13,5.569245e-11
420000,119,223,0,1.985722e-09,4.0588956e-11,9.2164504e-36,0.0,7.2074206e-17,1.2934098e-10
420000,409,435,0,1.9482311e-09,9.603428e-11,5.2003207e-20,9.843446e-31,8.832361e-12,8.8566834e-11
420000,126,66,0,1.9491917e-09,6.3101135e-11,3.8626125e-17,4.7918795e-26,1.0968592e-16,3.8813584e-11
420000,301,62,0,1.948269e-09,8.374712e-11,4.235437e-12,5.2955986e-16,4.950175e-13,2.064027e-11
420000,141,101,0,2.085545e-09,2.5263288e-11,9.267884e-18,3.3962053e-28,4.569667e-16,3.758607e-12
420000,426,77,0,2.0053397e-09,4.3529378e-11,1.1574129e-12,7.924326e-17,1.1605208e-13,6.728781e-11
420000,322,327,0,1.9496158e-09,1.5745894e-11,4.2759126e-29,0.0,1.7410479e-18,3.0500023e-12
420000,188,383,0,1.9678121e-09,1.4766209e-13,5.8821577e-38,0.0,5.1261277e-33,4.354371e-12
420000,119,363,0,2.083058e-09,3.1241287e-11,1.2581902e-25,4.6134e-41,1.6447413e-14,1.5165925e-16
420000,395,155,0,1.9951396e-09,2.1738389e-11,1.2824249e-12,2.7965395e-17,4.622993e-17,2.6738145e-11
420000,323,489,0,-5.6552744e-13,4.2248973e-12,1.09627e-10,1.6527838e-11,5.7591206e-12,1.0236831e-10
420000,178,488,0,-1.1748905e-11,2.3627638e-09,2.1867841e-11,5.592298e-14,4.119955e-09,2.8581872e-12
420000,401,385,0,-1.1841e-11,2.328585e-09,1.6458115e-16,1.6523732e-26,4.1188186e-09,4.4580274e-11
420000,356,114,0,4.407701e-11,3.8274144e-11,6.898177e-22,4.5316064e-37,2.7842423e-17,5.2772668e-11
420000,247,180,0,-4.491549e-13,4.2592582e-11,1e-45,0.0,4.721262e-13,5.293946e-14
420000,243,202,0,-1.8491487e-12,2.2719822e-09,3.546818e-28,0.0,4.1188084e-09,2.468119e-11
420000,6,58,0,-1.18701e-11,2.309307e-09,1.1583117e-13,2.089644e-19,4.118809e-09,4.2626508e-10
420000,152,251,0,4.0447833e-11,2.2748137e-09,5.085263e-29,0.0,4.1188084e-09,1.3767789e-13
420000,98,407,0,5.4028334e-11,2.390384e-09,1.1992864e-16,1.06838976e-26,4.119145e-09,5.1530866e-11
420000,247,388,0,-2.3967102e-13,1.5165183e-11,3.6920687e-17,1.6858765e-25,7.531961e-21,7.431633e-11
420000,161,485,0,-6.280074e-13,2.6204199e-11,4.2633152e-13,1.7437087e-18,4.9969583e-20,1.0428115e-10
420000,441,267,0,8.3296994e-11,1.1718841e-10,4.2950612e-11,3.5946254e-13,5.3204186e-13,3.843719e-11
420000,90,6,0,-4.140249e-13,1.3415871e-11,6.8528993e-13,1.18649265e-17,4.431927e-19,2.9602495e-10
420000,112,236,0,3.9752646e-11,2.2910993e-09,1.5445498e-20,2.7646413e-34,4.118809e-09,1.8886109e-14
420000,315,438,0,1.003567e-11,4.3434985e-13,2.0755936e-12,1.04478616e-16,6.1136157e-20,1.2632408e-10
420000,387,469,0,-1.1641131e-11,2.277355e-09,5.983038e-17,3.4763316e-26,4.1188084e-09,2.623231e-10
420000,207,373,0,1.7000323e-10,2.2719462e-09,8.549226e-19,1.6907882e-29,4.1188084e-09,3.9445884e-15
420000,82,212,0,2.146827e-10,7.996025e-11,1.2833274e-24,7.1978e-41,1.6508259e-12,1.2982447e-12
420000,473,221,0,-6.022976e-13,1.778616e-11,1.9451602e-17,8.2683913e-26,1.8953037e-16,9.959255e-11
420000,65,416,0,1.4953212e-10,2.4995725e-09,6.7522724e-11,2.4052674e-12,4.3435673e-09,1.1189666e-10
420000,234,336,0,7.2419857e-12,6.626241e-12,1.5247955e-15,8.466206e-23,8.020281e-24,1.834138e-23
420000,278,261,0,1.6190029e-13,9.72744e-13,0.0,0.0,8.673766e-28,1.0772327e-22
420000,364,222,0,1.543598e-11,1.4585702e-11,7.892137e-16,2.1773738e-23,3.5771482e-21,1.182541e-10
420000,412,300,0,2.5325853e-10,7.136591e-13,7.9992e-12,3.980355e-15,1.03197035e-17,1.3997124e-10
420000,468,203,0,-6.8707247e-13,1.4620588e-11,9.582775e-11,1.7903455e-11,7.0909485e-12,1.1084238e-11
420000,69,381,0,2.8167356e-11,1.0355619e-10,1.0148627e-11,1.2107608e-14,3.28554e-09,4.5402866e-13
420000,319,498,0,-6.0073496e-13,4.5807446e-12,1.9759165e-16,7.379398e-26,5.7533506e-26,4.114409e-13
420000,175,61,0,1.4593994e-11,2.3357935e-12,3.0703447e-14,6.50983e-21,2.3338551e-23,4.98572e-12
420000,186,132,0,1.4189237e-10,8.800522e-11,7.176907e-26,4.65e-43,1.190808e-12,6.55745e-13
420000,398,243,0,5.4865383e-11,5.7999084e-14,3.9842335e-13,1.1381925e-17,6.036249e-21,9.18737e-12
420000,43,434,0,1.2591403e-11,1.555513e-10,4.1784372e-14,3.1472819e-21,1.2864283e-12,1.3405206e-10
420000,342,327,0,4.6417366e-11,3.7783414e-12,4.3894e-31,0.0,6.205438e-23,5.458957e-14
420000,23,266,0,-8.621759e-13,1.9899471e-11,2.1514872e-17,8.374806e-26,3.018004e-19,4.0131166e-11
420000,466,365,0,-5.463103e-13,2.7923218e-11,2.549402e-12,1.8277325e-16,3.395319e-14,6.053868e-11
420000,369,100,0,1.6789884e-11,1.00761535e-11,1.399057e-10,1.7348315e-12,1.0913231e-13,4.0085588e-11
420000,104,316,0,1.8523325e-11,6.8953367e-12,7.619677e-21,1.0795242e-34,4.3850698e-23,1.326941e-12
420000,337,248,0,5.9774966e-13,3.2055958e-13,1.8589553e-29,0.0,4.8721508e-32,1.02813774e-13
420000,399,35,0,-1.4486324e-12,7.851714e-11,8.7496614e-11,7.529963e-12,2.4418182e-12,1.9294301e-10
420000,204,329,0,1.2319834e-10,2.2313687e-12,6.323677e-34,0.0,1.6646464e-25,3.882306e-26
420000,175,176,0,1.1166892e-12,1.4473411e-11,0.0,0.0,8.349998e-20,1.3230293e-13
420000,139,215,0,2.402171e-10,2.1234672e-12,7.4222094e-38,0.0,2.49962e-25,5.910583e-11
420000,414,75,0,1.2125088e-10,4.4438238e-11,4.2085124e-12,5.295415e-16,2.2687915e-17,5.4361914e-11
420000,425,353,0,-4.7503386e-13,6.872587e-12,8.6787924e-14,3.5304586e-19,4.0316658e-21,2.3146227e-10
420000,110,155,0,2.0774469e-11,2.4393845e-11,6.9497236e-27,9.956e-42,1.9817144e-18,2.6627168e-12
420000,281,312,0,5.6305117e-12,5.9777244e-12,6.4544894e-29,0.0,6.4312512e-24,8.866791e-14
420000,135,324,0,1.7427663e-10,9.39274e-11,1.4147298e-15,2.7411197e-24,8.083134e-12,2.4070128e-11
420000,166,360,0,2.3179349e-10,1.3879926e-14,4.5459056e-25,1.74596e-40,3.5695e-41,4.1534786e-14
420000,460,5,0,-1.4731863e-12,7.097688e-11,3.2459072e-12,8.501879e-16,3.721892e-14,4.4166912e-10
420000,44,251,0,1.8211827e-12,2.4124695e-11,2.0467864e-13,4.928975e-19,1.671831e-17,4.8104725e-11
420000,353,75,0,3.4563805e-10,9.016538e-12,4.208514e-12,5.295415e-16,4.1618765e-19,3.5128702e-11
420000,113,111,0,2.8124443e-12,2.7163802e-11,1.7116061e-21,7.265879e-34,1.6439894e-18,1.5156452e-10
420000,51,374,0,6.7824093e-12,3.5131724e-11,3.5991364e-22,1.9797172e-36,1.6705516e-17,5.16877e-12
420000,107,61,0,4.7567512e-11,9.630802e-11,6.7982225e-13,2.5779779e-17,2.3475413e-14,8.9284524e-11
420000,488,131,0,-1.0660699e-12,6.463423e-11,7.1990795e-11,1.2869432e-12,9.8234944e-14,3.87126e-11
420000,446,166,0,-8.419422e-13,4.4814034e-11,8.84073e-13,1.1366039e-17,9.4305485e-17,6.5774226e-11
420000,386,355,0,5.149681e-14,2.2749372e-12,3.7364344e-18,3.2591688e-29,1.2431509e-23,1.05931375e-11
420000,263,11,0,-4.3898866e-13,4.7594435e-11,4.883183e-17,3.0619917e-27,3.865643e-13,6.642689e-11
420000,100,397,0,1.6753281e-11,6.751303e-11,6.7782957e-25,2.44e-43,7.179982e-12,4.285278e-11
420000,309,302,0,1.0514025e-12,1.2349657e-11,3.833504e-20,3.1080908e-32,3.4704112e-19,6.910456e-14
420000,106,377,0,2.328465e-11,2.5860326e-11,1.5619959e-28,0.0,4.6316853e-14,1.2562761e-12
420000,198,306,0,2.5415833e-10,1.4985593e-18,0.0,0.0,0.0,2.3360698e-25
420000,79,70,0,2.6054926e-11,3.5098625e-11,7.487167e-21,2.156791e-34,5.767381e-17,4.502943e-11
420000,482,165,0,-1.5080527e-12,8.892178e-11,1.8359524e-16,1.4501563e-25,2.7617433e-14,1.2970353e-10
420000,47,378,0,1.093178e-11,5.0183743e-11,2.3493658e-16,5.2299713e-25,7.6079585e-12,2.9898406e-12
420000,442,66,0,2.2049551e-10,9.139332e-11,1.0233842e-12,1.4820435e-16,7.387069e-12,3.4612103e-12
420000,458,73,0,2.4191881e-12,9.006265e-11,1.5626279e-13,1.3275377e-18,2.2441035e-10,2.3110301e-10
420000,46,381,0,1.757332e-11,5.641784e-11,3.4609576e-14,4.1616788e-20,8.0665563e-16,1.4900584e-11
420000,412,471,0,-1.2487005e-12,1.0919366e-10,8.451513e-13,1.4852782e-17,3.664313e-13,2.6651306e-10
420000,412,151,0,2.581333e-11,2.1668962e-11,3.72092e-12,2.6240073e-15,3.0895957e-17,8.918041e-11
420000,32,190,0,-4.3426441e-13,1.840346e-12,3.770154e-16,2.661819e-24,1.3985327e-26,1.6179337e-11
420000,279,24,0,-7.5840544e-13,5.2372353e-11,4.738515e-13,2.054392e-18,2.533523e-10,3.9204945e-10
420000,15,242,0,-8.9524595e-13,5.553348e-11,5.1051828e-14,1.0390864e-20,6.1957546e-13,2.1245451e-12
420000,231,127,0,2.875816e-11,1.921537e-11,2.4613308e-16,1.9792391e-25,1.6778359e-15,1.5906802e-11
420000,376,93,0,1.0552489e-11,4.0653873e-11,2.2505956e-15,3.7662002e-23,6.873493e-16,9.553093e-11
420000,154,182,0,1.0048432e-10,8.67014e-12,0.0,0.0,2.9168792e-20,2.8183179e-18
420000,44,149,0,-1.4575536e-12,1.2741037e-10,6.3690992e-18,4.4155787e-29,1.7825132e-10,5.3872795e-11
420000,150,131,0,2.7805833e-12,6.1188693e-12,6.43814e-16,3.254934e-23,9.9772534e-23,1.2109085e-15
420000,400,110,0,1.4179447e-10,5.1422602e-11,5.229033e-13,2.496359e-18,2.7512882e-14,1.922283e-13
420000,64,350,0,2.7592886e-11,6.3044956e-12,1.485447e-20,3.0218215e-33,1.5216809e-22,1.5950583e-10
420000,272,288,0,6.334968e-13,1.5471196e-11,0.0,0.0,1.1769488e-15,1.7849633e-15
420000,176,480,0,-2.3917237e-13,2.1313003e-12,3.4571996e-16,1.4884876e-25,1.3989914e-26,1.2135261e-11
420000,72,470,0,-1.1475505e-12,2.6284896e-11,8.3639825e-17,1.9712877e-23,2.555429e-18,1.4598214e-10
420000,128,300,0,2.0438536e-10,3.342083e-11,1.09629e-25,1.1645e-41,2.525973e-16,1.7025223e-11
420000,354,160,0,4.76534e-10,2.6908442e-11,1.3042465e-11,1.1184087e-14,7.347129e-17,6.448375e-16
420000,405,98,0,2.1798968e-10,2.9062966e-11,5.4038393e-17,2.8840447e-26,4.7833523e-19,1.0462098e-10
420000,251,26,0,-5.6390054e-13,4.7936814e-11,4.46941e-15,9.3713844e-21,5.1605894e-12,1.6318846e-10
420000,147,155,0,1.6001234e-13,2.0454005e-11,7.0802963e-34,0.0,1.0965599e-17,4.3837123e-16
420000,305,265,0,1.3169056e-11,7.836478e-13,3.886365e-20,1.6034813e-31,3.2458945e-27,6.542381e-11
420000,7,378,0,-7.2491546e-13,5.0438424e-11,7.4252036e-16,2.1770732e-23,3.075354e-16,3.2372185e-11
420000,182,219,0,1.0259871e-12,6.3256835e-12,6.075226e-37,0.0,5.7390405e-21,3.460884e-13
420000,315,275,0,3.8978613e-13,1.8678145e-12,1.0888824e-18,7.132128e-30,7.1398775e-24,6.7704555e-15
420000,469,5,0,-1.2925759e-12,5.822994e-11,2.2499765e-12,1.786693e-16,1.018487e-16,1.7823058e-10
420000,343,25,0,-8.10877e-13,6.672163e-11,7.5204077e-19,2.1669998e-29,9.86344e-13,4.944954e-11
420000,389,410,0,-8.451921e-13,6.1925395e-11,5.905872e-14,9.601318e-20,1.8978724e-15,7.0062615e-11
420000,304,6,0,-8.084745e-13,3.6296344e-11,1.2040489e-22,2.5892698e-37,4.4981304e-18,1.4239447e-11
420000,366,312,0,5.528982e-11,3.311832e-11,1.3804693e-17,2.1006674e-26,1.8976656e-13,6.6606266e-14
420000,481,338,0,-8.478186e-13,3.976993e-11,1.5441955e-11,8.55971e-14,1.3655381e-12,2.7099616e-11
420000,362,66,0,2.3809019e-11,6.431772e-11,4.118328e-11,4.517346e-13,6.139751e-14,8.928049e-12
420000,291,7,0,-3.643807e-13,1.2692367e-12,7.331616e-13,7.987436e-17,1.5416362e-19,3.1085193e-11
420000,20,129,0,-1.3092914e-12,3.4869052e-11,9.8662176e-11,2.633586e-12,2.451695e-13,8.263072e-12
420000,10,148,0,-1.7311594e-12,9.1834595e-11,4.9738267e-23,1.598209e-39,2.0711285e-11,3.0837788e-09
420000,494,498,0,-6.2290586e-14,9.337198e-12,1.0799217e-15,1.3430657e-22,2.5331162e-10,2.1717869e-10
420000,398,186,0,1.174122e-10,1.7223023e-10,2.0646317e-19,3.2671092e-30,8.968823e-11,3.8264107e-11
420000,132,375,0,3.842745e-10,3.1096143e-11,9.089144e-17,3.245644e-25,1.0966441e-17,4.9067438e-11
420000,217,239,0,3.4029708e-12,2.7082463e-11,1.8403741e-10,5.867325e-11,5.5605732e-11,6.2281845e-14
420000,252,156,0,3.1052476e-12,5.5807726e-11,7.4988274e-31,0.0,1.1867789e-11,1.07555805e-10
420000,62,80,0,-7.919984e-13,4.011999e-11,1.0590312e-11,6.8161038e-15,1.9002608e-16,1.3300036e-11
420000,376,185,0,7.287076e-12,3.4133536e-11,2.5752232e-23,1.0157366e-37,7.7806223e-16,1.825571e-15
420000,148,130,0,1.952585e-12,7.1990686e-12,8.658531e-18,4.191144e-27,2.2977086e-21,1.01759514e-14
420000,5,342,0,-7.4983693e-13,3.289186e-11,1.7403017e-10,6.1820852e-12,1.2159646e-12,1.1982976e-10
420000,55,158,0,-1.0025672e-12,5.2939337e-11,1.1544262e-10,5.5621136e-11,7.0938706e-11,1.8861777e-11
420000,483,16,0,-1.1166439e-12,1.0043381e-11,9.042169e-11,2.2006667e-12,3.955865e-13,1.7938999e-10
420000,209,236,0,6.0885576e-12,3.8219298e-12,2.568613e-14,9.29212e-21,2.5141102e-24,1.4216218e-11
420000,183,138,0,2.630527e-10,6.3634937e-13,1.1479423e-23,9.478128e-39,1.9703633e-26,2.0876578e-11
420000,191,22,0,-4.8716304e-13,9.743382e-11,1.711555e-10,5.875375e-11,6.564249e-11,6.345626e-11
420000,303,194,0,1.6090283e-10,3.908816e-11,0.0,0.0,7.090993e-15,7.6293534e-11
420000,40,99,0,-1.7633878e-12,1.120491e-10,1.9178374e-11,4.1711097e-14,1.2944213e-14,5.999715e-11
420000,281,300,0,1.4345038e-12,9.324273e-13,5.3225253e-36,0.0,2.3891602e-28,1.994373e-18
420000,229,413,0,2.3784863e-11,4.569821e-13,6.377215e-12,2.0983393e-15,4.7308883e-18,7.756787e-11
420000,243,418,0,6.1436435e-13,3.4303242e-12,7.0904345e-11,1.9462817e-12,1.734811e-13,3.137734e-11
420000,419,262,0,2.5364505e-10,2.7175161e-11,3.1877457e-25,2.47179e-40,4.1247358e-15,1.2571029e-10
420000,142,314,0,5.503149e-10,3.3045912e-12,3.3703232e-18,1.3606802e-28,2.2261625e-24,1.9603863e-12
420000,205,146,0,1.20203e-10,1.0262763e-11,9.253073e-15,2.4029983e-20,2.474963e-19,9.956358e-11
420000,353,316,0,7.5642653e-10,2.899991e-12,5.979794e-18,2.0323855e-27,6.6135017e-26,1.1496736e-12
420000,323,117,0,1.8900964e-10,5.9811375e-12,1.1961194e-17,5.0000574e-28,2.42554e-22,9.0230344e-11
420000,257,297,0,3.3139685e-11,5.9755816e-14,0.0,0.0,5.130833e-39,1.643398e-21
420000,437,197,0,6.09057e-12,1.1782074e-11,7.958137e-12,2.788768e-15,9.012367e-18,2.3456865e-11
420000,411,487,0,-1.0551717e-12,4.0205724e-11,2.4360412e-12,4.6224706e-16,3.4660684e-17,1.1946871e-10
420000,477,490,0,-5.473806e-13,4.6962698e-11,3.4236967e-12,2.6098996e-16,7.3087174e-13,1.7988604e-10
420000,387,417,0,2.6921954e-13,3.6738296e-11,1.09174145e-11,3.1045787e-14,1.126849e-15,1.3411255e-10
420000,306,439,0,2.9244332e-13,1.9444385e-11,2.4205101e-14,3.1731e-20,1.883201e-15,2.977991e-11
420000,159,490,0,-7.867419e-13,5.431606e-11,1.03010205e-10,6.328538e-12,2.2607259e-10,2.5661806e-11
420000,357,93,0,2.7314337e-10,2.7464675e-11,1.1581902e-17,1.4141248e-27,9.9403965e-18,5.17293e-11
420000,317,266,0,5.5655996e-12,1.6933315e-12,7.1214783e-12,2.0846732e-15,4.4543705e-18,3.363623e-13
420000,435,311,0,1.1011686e-12,3.6001985e-13,1.2408165e-13,1.3282329e-19,2.5102688e-24,2.592552e-10
420000,296,311,0,4.3434651e-13,1.0499451e-11,1.3929506e-15,1.8881195e-23,2.5835849e-20,3.348951e-12
420000,86,294,0,2.7971658e-11,8.2901845e-11,4.6022165e-24,6.283469e-39,6.1514075e-13,4.2934987e-12
420000,291,401,0,2.0948083e-12,2.1323228e-11,5.1312376e-17,7.7282014e-27,1.274706e-17,2.7555321e-11
420000,153,398,0,8.7578444e-11,1.3273667e-12,4.539517e-15,1.2322225e-21,3.7877733e-26,2.4231237e-17
420000,12,106,0,-1.0150814e-12,6.716591e-11,9.893109e-11,6.843796e-12,2.1695945e-10,2.1614309e-10
420000,400,19,0,-2.4036797e-12,1.0381715e-10,1.1241169e-18,5.2059036e-29,2.3618909e-14,3.0105602e-11
420000,289,210,0,2.6657437e-10,3.3035234e-11,5.10395e-35,0.0,3.174134e-17,9.108968e-11
420000,120,446,0,1.7091841e-13,3.162376e-12,2.5976947e-14,3.1808358e-21,2.1885734e-23,9.903444e-12
420000,312,465,0,-4.7990556e-13,7.164518e-12,2.3164876e-14,1.6347148e-21,5.5489864e-23,2.32843e-11
420000,166,196,0,1.4610124e-10,6.0406424e-12,0.0,0.0,1.0338033e-21,2.2028318e-18
420000,463,444,0,-9.530972e-13,1.4578182e-10,9.163546e-19,1.2755966e-28,2.3606988e-11,2.9158995e-11
420000,265,459,0,2.210225e-11,4.695369e-12,1.414491e-11,1.2988926e-14,8.528992e-17,2.8027403e-10
420000,34,471,0,-1.1573758e-12,7.0927784e-11,1.4446883e-11,1.622998e-14,9.190492e-13,3.0465537e-09
420000,91,261,0,4.668439e-11,1.4670791e-12,6.9620844e-11,2.0604265e-12,1.8869522e-13,3.017099e-09
420000,1,419,0,-1.0058365e-12,6.793957e-11,2.695648e-13,1.2542042e-18,3.9893096e-15,3.2411287e-09
420000,442,240,0,-8.310517e-13,5.0474284e-11,3.4623806e-09,7.191878e-10,1.1532665e-09,3.6646824e-10
420000,432,328,0,-3.363166e-13,5.0008474e-12,4.5328417e-13,1.4133903e-17,7.718702e-21,3.0171832e-09
420000,339,101,0,4.0574602e-10,3.6336418e-12,1.6863432e-15,3.1257363e-22,2.4116945e-25,2.988804e-09
420000,220,489,0,-7.18604e-13,8.770525e-11,1.3668399e-14,9.748791e-22,5.4982364e-12,3.0441785e-09
420000,318,391,0,4.9292587e-10,1.9571593e-11,5.0787876e-18,3.4684608e-29,3.658931e-17,6.829208e-11
420000,144,91,0,6.607653e-10,1.662514e-13,3.7736422e-14,6.466729e-20,3.384261e-24,2.9929212e-09
420000,335,80,0,1.6854058e-10,9.054191e-11,4.927857e-15,2.1172342e-21,1.412809e-12,2.9900773e-09
420000,439,372,0,-4.861252e-13,8.941108e-12,1.2437881e-18,2.953846e-29,1.6648253e-23,3.0144405e-09
420000,313,432,0,5.0997514e-12,1.2260216e-12,3.70672e-17,5.158676e-27,3.312679e-27,1.0327214e-11
420000,31,132,0,-1.2317949e-12,6.165615e-11,4.2606105e-12,1.6185044e-15,3.6698973e-15,2.9921814e-09
420000,142,186,0,2.9269573e-10,6.7244317e-13,0.0,0.0,6.3886683e-29,2.9894391e-09
420000,276,42,0,-4.0386338e-13,5.004163e-11,9.0216e-12,8.654861e-15,1.247862e-16,3.1665135e-09
420000,458,85,0,-7.2331864e-14,3.267528e-11,9.428239e-15,5.1556253e-22,3.4025272e-18,3.1091996e-09
420000,135,455,0,-8.6713823e-13,1.4593331e-10,8.260163e-16,3.788853e-24,5.021677e-10,3.043515e-09
420000,423,85,0,2.1570969e-10,3.523622e-11,2.9765708e-12,9.532706e-16,1.2820525e-12,3.0350873e-09
420000,209,173,0,8.1912816e-14,1.1921956e-13,3.430785e-39,0.0,2.8969413e-35,2.9887866e-09
420000,47,425,0,4.0470457e-11,9.4397726e-11,3.424262e-13,1.1012032e-18,1.6932858e-11,2.6818983e-10
420000,86,486,0,-1.0466082e-12,8.1880724e-11,1.5808397e-12,3.2151158e-16,3.275356e-14,3.3316716e-09
420000,258,136,0,1.2954737e-10,2.245485e-11,4.0259305e-37,0.0,8.017002e-18,2.9894052e-09
420000,38,116,0,-1.1456082e-12,4.8790267e-11,3.9259603e-13,1.804674e-18,4.2808918e-13,3.0264435e-09
420000,181,118,0,1.1348201e-11,5.52447e-11,5.882086e-26,3e-45,1.4342352e-13,2.877782e-12
420000,413,89,0,2.7732508e-10,1.2842948e-10,2.6516828e-15,8.8007866e-23,6.1178995e-09,2.1361456e-11
420000,131,337,0,9.854156e-11,7.177755e-13,2.0936088e-16,7.63922e-26,3.8201788e-26,1.2710671e-10
420000,132,77,0,8.989723e-11,4.8603756e-11,5.215309e-15,8.820098e-22,4.6787762e-14,6.2259906e-11
420000,485,191,0,-1.2540137e-12,7.312658e-11,4.3259762e-19,1.795852e-31,5.680956e-13,1.754452e-10
420000,264,348,0,2.808876e-11,1.48014e-13,4.2304677e-16,3.1555383e-23,2.8837693e-28,2.536231e-12
420000,230,452,0,-3.6850191e-13,4.702852e-11,1.727634e-10,2.1717948e-10,1.011925e-09,1.0245758e-10
420000,418,112,0,4.6842387e-12,8.608007e-11,3.6192573e-14,5.4326072e-21,1.8947212e-10,2.0382407e-10
420000,119,439,0,5.1585264e-12,2.5838411e-11,1.2957063e-19,4.0424692e-32,1.744621e-18,4.140343e-11
420000,275,184,0,2.1598005e-11,2.2693271e-10,8.79e-43,0.0,6.496621e-11,2.4258493e-11
420000,200,280,0,1.2067561e-10,1.4383733e-18,0.0,0.0,0.0,4.1289034e-12
420000,41,2,0,-2.3694152e-13,2.5673004e-11,1.6567334e-17,3.1273691e-27,8.527076e-13,6.2368985e-11
420000,181,123,0,3.4908985e-11,6.040043e-11,3.279557e-29,0.0,6.346908e-12,5.1562137e-11
420000,125,413,0,5.0034415e-10,2.0106772e-11,8.730543e-13,1.9558992e-17,3.3506062e-20,3.9491636e-11
420000,208,282,0,3.2125397e-10,4.5085764e-16,0.0,0.0,0.0,2.9894427e-09
420000,139,350,0,2.1186072e-11,2.6712812e-12,9.038109e-21,2.1798675e-31,2.9239504e-25,2.9907208e-09
420000,481,90,0,-8.5209693e-13,6.637892e-11,1.0379729e-11,1.26110475e-14,1.9643417e-11,7.69706e-11
420000,21,67,0,-1.4506485e-12,4.7105028e-11,8.956534e-15,8.735502e-22,1.6292017e-15,2.5155775e-10
420000,375,182,0,4.939506e-12,1.2126632e-11,1.1479178e-25,1.5596e-41,3.0179517e-19,8.421707e-15
420000,216,146,0,1.2934439e-11,6.076222e-12,2.9178306e-17,1.040371e-26,3.6841566e-21,1.9110028e-12
420000,222,475,0,-6.2782884e-13,2.081873e-11,1.2034506e-17,1.3971211e-28,1.3563649e-20,6.089741e-12
420000,245,206,0,2.6194519e-11,7.8867034e-14,1.17649595e-23,9.09034e-40,1.2223361e-23,6.7220166e-13
420000,197,107,0,5.904409e-11,7.045588e-12,2.2114819e-13,2.4019807e-18,8.3053935e-20,4.0820635e-11
420000,70,459,0,1.9346977e-13,3.400668e-10,2.908655e-13,9.113343e-18,7.326537e-11,1.8461897e-10
420000,69,96,0,-1.0043267e-12,4.7571478e-11,2.0187124e-18,5.0431454e-30,3.431131e-14,1.0953751e-11
420000,447,74,0,4.6533413e-11,1.515732e-11,3.965734e-11,2.6523068e-13,6.9039292e-15,5.84875e-11
420000,281,242,0,2.6455223e-12,4.1589366e-12,1.53e-43,0.0,1.3200362e-21,6.349012e-19
420000,25,465,0,-1.3431082e-12,7.293894e-11,1.388197e-15,1.0148684e-22,8.519281e-16,3.958249e-11
420000,346,98,0,2.669059e-10,5.746203e-11,4.511658e-22,1.9649848e-34,1.349622e-11,6.897357e-13
420000,55,64,0,-7.248062e-13,2.789984e-11,3.2804767e-13,4.8541237e-18,7.758782e-15,3.2590066e-09
420000,18,294,0,-7.7087035e-13,1.1389698e-11,1.9050415e-20,7.8473865e-33,1.7708043e-21,3.0209062e-09
420000,391,471,0,-6.284583e-13,5.1404215e-12,6.411753e-19,1.312788e-29,4.1550304e-23,3.0329868e-09
420000,278,253,0,7.2934746e-13,2.5921747e-15,0.0,0.0,3.2e-44,1.7936294e-20
420000,464,282,0,1.5464739e-12,4.0189126e-11,2.945115e-11,1.626203e-13,4.1072395e-15,5.3386302e-11
420000,186,16,0,-2.6603272e-13,2.1114143e-12,9.85094e-13,5.1643195e-17,3.4183216e-20,3.042205e-11
420000,27,181,0,-3.2845658e-13,3.8728688e-13,3.0665476e-14,4.1749332e-21,1.9348447e-26,9.736262e-11
420000,265,243,0,3.5730618e-12,3.3806288e-11,5.588201e-34,0.0,1.6447413e-14,1.9899799e-13
420000,25,173,0,-6.2713186e-13,3.2591856e-11,2.9171771e-12,2.1460746e-16,3.002e-17,2.5084457e-10
420000,71,377,0,1.16270075e-11,4.3971195e-11,6.695871e-15,1.8765515e-21,1.2038335e-12,1.0132865e-11
420000,411,233,0,4.686293e-12,1.94243e-11,4.8488252e-17,4.444958e-27,8.22599e-18,7.775829e-12
420000,171,44,0,-2.355818e-13,5.170181e-12,3.7069153e-11,4.755008e-13,3.6152904e-14,7.372883e-11
420000,129,10,0,-5.69951e-13,6.991461e-11,3.7163515e-11,1.8009598e-13,6.6580565e-12,9.0702106e-11
420000,33,112,0,-1.1797894e-12,6.131864e-11,1.344729e-13,1.1697043e-18,2.1597795e-14,4.1572304e-10
420000,379,74,0,1.1888404e-12,7.071956e-11,2.6526077e-12,2.386209e-16,3.1125585e-13,4.523712e-12
420000,412,34,0,-1.0817927e-12,3.491925e-11,1.4694948e-10,1.1928999e-11,3.1030473e-12,4.9801285e-10
420000,45,427,0,2.5542079e-11,1.2039394e-10,2.43357e-13,7.362817e-19,4.5303277e-13,1.1551748e-10
420000,188,6,0,-4.625681e-13,2.8117e-11,1.5004208e-17,8.8159335e-27,6.911341e-18,3.027189e-09
420000,104,175,0,7.6919885e-12,6.1977836e-12,3.1639204e-28,0.0,7.339404e-25,5.8152516e-10
420000,33,144,0,-1.3251128e-12,1.11329855e-10,2.823665e-11,1.3394728e-13,1.1598188e-12,3.0572846e-09
420000,191,162,0,6.434887e-12,8.9746046e-20,2.8936286e-24,2.218461e-39,0.0,6.19261e-11
420000,29,93,0,-1.1130771e-12,2.3855815e-11,6.1759324e-15,6.862554e-23,7.3870786e-19,3.1158947e-09
420000,492,399,0,-1.0723711e-12,6.663029e-11,1.4572352e-12,6.300279e-17,1.26738325e-11,1.5764522e-10
420000,374,426,0,-3.2259473e-13,2.5707996e-11,2.6364557e-12,4.62678e-16,7.683406e-18,3.018423e-09
420000,103,114,0,2.3621498e-12,9.700551e-11,1.6324654e-25,6.85e-43,4.7084495e-14,1.8484814e-11
420000,81,256,0,6.395351e-11,1.9064023e-11,9.1778495e-17,3.0398366e-27,2.859738e-17,3.0917748e-09
420000,378,340,0,2.6947812e-13,7.365985e-13,1.2892653e-25,7.836e-42,1.2405582e-30,3.0445013e-09
420000,20,387,0,-6.7248344e-13,8.68683e-11,9.719003e-14,2.0166666e-19,5.4982364e-12,3.1138732e-09
420000,172,448,0,-5.624171e-13,1.1975045e-11,3.328176e-17,7.150373e-26,7.113596e-21,3.0591882e-09
420000,64,210,0,2.0832713e-12,6.3276974e-11,1.3643655e-16,4.022859e-26,3.8409643e-13,3.1022744e-09
420000,234,123,0,5.1886127e-11,5.1721336e-12,5.236371e-16,1.9371716e-24,4.4712816e-21,2.989973e-09
420000,274,460,0,1.0117508e-11,2.5591267e-13,6.1365274e-11,3.1970596e-12,3.8161797e-13,3.017159e-09
420000,388,21,0,-1.5106043e-12,1.326474e-10,7.463335e-15,8.508147e-22,4.911384e-12,3.097515e-09
420000,29,44,0,-1.2591963e-12,4.0081556e-11,6.947148e-11,2.2903506e-12,2.2210861e-13,3.046698e-09
420000,81,184,0,8.797388e-11,1.06889914e-10,9.8537055e-12,5.285253e-15,6.583239e-13,3.0053315e-09
420000,363,243,0,-3.7789438e-13,5.2220592e-11,8.294602e-11,8.15273e-12,2.6828377e-12,1.329893e-12
420000,81,272,0,2.6655667e-10,2.2738929e-09,2.9018018e-12,6.3455314e-16,4.1188084e-09,1.6690366e-10
420000,286,343,0,-7.738363e-12,2.2839686e-09,1.4116722e-20,7.501102e-33,4.1188084e-09,8.052102e-15
420000,253,405,0,-7.23926e-13,2.3477352e-11,9.215113e-19,1.03416645e-29,7.4584576e-16,1.1677945e-10
420000,235,214,0,3.499531e-11,1.9983572e-11,1.3049012e-26,1.73e-42,6.3689597e-15,2.5734909e-15
420000,153,272,0,7.44787e-12,1.3927232e-12,3.356e-42,0.0,6.6129036e-23,3.8948934e-17
420000,85,314,0,2.485405e-11,8.5113236e-11,4.9012364e-19,2.2496837e-31,1.0795255e-11,5.1745906e-11
420000,127,319,0,6.335832e-11,2.610319e-11,1.432649e-23,2.32428e-40,4.5150674e-18,1.9629774e-10
420000,137,5,0,-8.6373644e-13,4.8261773e-11,3.8460722e-13,7.976217e-18,6.5406005e-17,1.3794206e-10
420000,189,409,0,9.793512e-12,8.486288e-12,7.05002e-29,0.0,8.497162e-22,1.2706153e-15
420000,324,280,0,-1.2537473e-13,3.2632905e-13,1.4198632e-22,1.1903157e-36,4.864755e-32,1.3105486e-13
420000,298,210,0,6.279182e-11,1.1997991e-11,1.1e-44,0.0,2.7418084e-18,7.674106e-13
420000,451,434,0,-9.378423e-13,8.276028e-11,1.7418842e-12,4.0296835e-16,8.385568e-14,3.7812817e-12
420000,267,175,0,3.772902e-12,3.704087e-11,0.0,0.0,8.708601e-15,2.791857e-16
420000,107,413,0,7.264626e-11,5.4920634e-11,1.4881296e-10,3.2403702e-12,5.526339e-13,1.5272623e-10
420000,473,430,0,-7.3778006e-13,3.8434495e-11,8.878156e-12,4.6779038e-15,2.6436508e-13,1.0959571e-10
420000,23,160,0,-1.2823519e-12,1.1946427e-10,1.0271842e-11,4.7308023e-15,3.7472719e-13,2.9947331e-09
420000,49,36,0,-1.0714191e-12,4.6380677e-11,3.1181014e-14,5.438197e-20,1.5047132e-15,1.7207707e-10
420000,144,201,0,5.786788e-10,4.374933e-12,0.0,0.0,1.4894536e-23,2.9907719e-09
420000,374,478,0,-7.710747e-13,5.2923478e-11,3.3277631e-13,2.242501e-18,2.6298927e-11,3.17291e-09
420000,430,179,0,1.0557264e-11,9.0083094e-11,2.3231777e-13,5.519516e-19,2.0870996e-13,8.385515e-12
420000,491,418,0,-1.0297878e-12,8.951725e-11,3.7782746e-12,3.9982634e-16,8.385291e-14,3.0721476e-09
420000,84,58,0,1.554456e-11,9.709932e-11,2.0568135e-14,5.283314e-19,3.8914518e-13,3.0552902e-09
420000,472,145,0,-8.462216e-13,1.1403484e-10,5.199234e-15,6.9776183e-22,1.1924477e-11,3.0183267e-09
420000,351,15,0,-8.912588e-13,9.76481e-12,2.5816328e-17,4.685944e-26,6.209455e-23,3.0994383e-09
420000,482,32,0,-1.4256832e-12,8.52151e-11,6.376691e-12,2.0983393e-15,1.1439797e-14,3.1173546e-09
420000,418,47,0,3.9291565e-12,1.5892362e-10,1.3624012e-10,1.3397058e-11,1.5589573e-11,3.0759848e-09
420000,239,40,0,-7.9099905e-13,6.2747786e-11,1.0225797e-15,5.2157034e-24,1.6309972e-13,3.0856666e-09
420000,48,474,0,-1.4306962e-12,6.115957e-11,9.831727e-13,1.3931285e-17,1.8516625e-14,3.6060896e-09
420000,59,132,0,-1.269074e-12,1.0689331e-10,8.4611065e-22,9.2994556e-33,6.7596727e-12,1.5581248e-12
420000,492,227,0,-5.2451766e-13,1.1357944e-11,2.4128708e-15,2.0252751e-23,3.6576787e-19,3.166294e-09
420000,166,480,0,-3.0537665e-13,3.0510262e-12,9.024425e-19,5.1280015e-31,1.3930975e-21,3.0672114e-09
420000,400,81,0,1.1709787e-10,4.945458e-11,9.620107e-16,3.524818e-24,1.8976835e-13,3.0577503e-09
420000,499,161,0,-1.316394e-12,1.0571143e-11,3.573159e-14,1.7781477e-21,9.0509475e-24,3.3268255e-09
420000,107,353,0,6.788928e-11,6.1610487e-12,1.9393782e-28,1e-45,7.3127e-24,2.9887954e-09
420000,94,499,0,-9.328344e-13,5.3259268e-12,3.5202332e-17,1.0398034e-25,8.811184e-24,4.1065378e-09
420000,435,460,0,-1.170255e-12,7.617465e-11,9.435934e-16,3.9938308e-24,4.9714817e-13,3.186788e-09
420000,245,405,0,-1.4591381e-12,2.7498226e-10,8.3441365e-18,1.4118979e-27,6.921635e-13,3.0305898e-09
420000,53,123,0,-1.1092837e-12,5.5036774e-11,3.0157178e-14,2.086203e-21,1.270668e-11,3.0475544e-09
420000,422,460,0,1.135245e-13,4.110379e-11,4.146316e-11,3.1415034e-13,8.674903e-15,3.3088559e-09
420000,94,236,0,6.954722e-12,3.9962402e-13,1.22497255e-11,9.560684e-15,5.931231e-17,1.03529964e-13
420000,498,213,0,-5.8138254e-13,3.0930807e-11,3.952624e-26,7.456e-42,6.743247e-16,3.005711e-09
420000,184,26,0,-3.0457104e-13,6.128739e-13,1.1260665e-11,1.5813377e-14,1.2515776e-16,3.0656009e-09
420000,5,324,0,-1.3605898e-12,8.757283e-11,1.111375e-17,7.337514e-28,1.3496237e-11,6.270089e-11
420000,442,477,0,-1.5638535e-12,9.589501e-11,4.648484e-12,2.0328715e-15,2.375047e-10,5.74264e-10
420000,411,464,0,-4.223017e-13,7.954366e-11,3.16544e-11,2.650425e-13,1.1744357e-11,3.1149274e-09
420000,217,495,0,-6.2755844e-13,3.212668e-11,2.0115774e-11,4.6694978e-14,2.3306992e-14,3.0440017e-09
420000,48,183,0,-9.572772e-13,6.203757e-11,5.104191e-13,8.9787056e-18,3.0933394e-16,2.2470402e-11
420000,232,378,0,4.5395464e-13,3.9028073e-12,1.0180324e-18,2.9604394e-28,1.9923092e-24,3.4861132e-14
420000,2,397,0,-4.856299e-13,5.3053447e-12,8.7418245e-14,7.0404554e-20,6.2688097e-21,3.0631482e-09
420000,498,94,0,-1.0954902e-12,4.8780265e-11,1.6710132e-12,1.2472158e-16,3.0845633e-14,3.1282383e-09
420000,12,483,0,-1.4536224e-12,1.674309e-10,3.752508e-14,1.5338105e-20,8.35847e-12,3.0670733e-09
420000,477,435,0,-7.469881e-13,5.3444527e-11,1.1487942e-12,3.5614407e-17,8.52731e-13,1.12564444e-10
420000,470,154,0,-1.4317198e-12,1.12170294e-10,9.2959426e-18,4.288736e-29,8.061769e-12,3.1003882e-09
420000,57,25,0,-9.799047e-13,5.2581547e-11,1.8699662e-11,9.742546e-14,3.3284847e-14,2.178691e-11
420000,309,89,0,2.6881299e-12,3.712238e-11,3.731739e-14,5.4514026e-21,9.41194e-17,2.0987906e-11
420000,72,241,0,9.269959e-12,3.0920447e-11,1.4094255e-11,7.350232e-15,4.973812e-16,3.0788296e-09
420000,113,421,0,1.6233034e-10,7.698958e-11,7.540028e-12,5.6313e-15,1.6932906e-11,3.3152994e-09
420000,27,69,0,-1.212987e-12,5.7754124e-11,9.794406e-19,6.731155e-29,9.752238e-15,1.4689126e-10
420000,270,123,0,9.191893e-12,3.080415e-13,2.6283862e-21,1.2427172e-33,2.2858604e-32,3.1210636e-09
420000,94,436,0,1.335913e-11,4.2103047e-11,2.1517731e-16,6.688048e-26,3.2962934e-13,3.0309877e-09
420000,58,309,0,-1.8895009e-13,4.3232616e-13,1.1956887e-17,6.25968e-28,2.9557056e-27,5.7933168e-12
420000,452,446,0,-8.788227e-13,4.5084284e-11,7.094358e-11,1.1838457e-12,6.549027e-13,3.0089051e-09
420000,72,102,0,-1.1637512e-12,3.5133927e-11,1.5485768e-20,2.7646605e-34,9.979906e-16,3.285222e-11
420000,46,101,0,-1.8620372e-12,2.2030136e-10,1.2227205e-10,1.5108031e-11,4.948378e-11,3.0214626e-09
420000,467,355,0,-3.7711777e-13,1.2585396e-11,4.8281197e-12,2.2658345e-15,6.6868495e-18,3.6451994e-11
420000,31,22,0,-9.778406e-13,4.0853425e-11,1.2247456e-15,7.829756e-23,1.0320175e-15,3.0854648e-09
420000,397,423,0,2.74695e-11,2.134646e-11,3.1114398e-15,4.995742e-23,3.6583184e-19,3.0651803e-09
420000,305,494,0,-7.0444524e-13,3.2119658e-11,4.4020204e-11,3.236015e-13,9.671843e-15,3.0166767e-09
420000,194,62,0,4.5469913e-13,5.6933295e-11,8.708214e-13,3.0344108e-17,1.6309974e-13,1.1233799e-10
420000,28,371,0,-9.731569e-13,5.5501964e-11,1.8407137e-14,1.8182619e-20,1.9563522e-15,3.1472254e-09
420000,394,476,0,-5.291192e-13,7.973464e-13,1.698018e-18,1.1865632e-27,1.5575659e-28,3.1650054e-09
420000,37,435,0,1.1430201e-12,1.2365922e-10,7.340723e-12,7.7995836e-15,1.6076272e-11,3.1140281e-09
420000,440,237,0,-7.50271e-13,2.97915e-11,1.087733e-12,2.0019217e-17,3.057535e-17,3.0970253e-09
420000,6,77,0,-1.0303098e-12,3.9462093e-11,2.1221429e-11,6.601115e-14,8.7135343e-16,1.5729004e-10
420000,477,428,0,-7.4283646e-13,3.9573667e-11,6.719264e-11,8.014075e-13,5.302571e-14,3.1219254e-09
420000,458,438,0,-7.751143e-13,4.3963097e-12,1.9384374e-17,1.26581765e-27,1.2215657e-25,3.0273828e-09
420000,459,29,0,-1.4807711e-12,8.652336e-11,1.6042754e-13,1.3279212e-18,3.0088296e-09,3.0798148e-09
420000,151,499,0,-6.73566e-13,1.711513e-11,6.166091e-11,5.375952e-13,1.6139515e-14,3.458338e-09
420000,411,418,0,2.7093772e-11,4.5587038e-11,2.8820269e-12,3.1989237e-16,7.3089305e-13,5.0420735e-13
420000,64,3,0,-7.462998e-13,4.0942614e-11,1.7251643e-12,1.8214951e-16,1.2820735e-12,3.0937473e-09
420000,0,477,0,-1.0104985e-12,3.6981525e-11,9.842e-11,2.9192423e-12,2.8603766e-13,3.3379477e-09
420000,421,443,0,5.136982e-11,7.861884e-12,2.0440876e-12,6.121154e-17,1.8573397e-20,3.0124498e-09
420000,170,392,0,1.3358843e-10,1.824068e-11,3.462259e-09,7.191878e-10,1.1532664e-09,1.4976556e-10
420000,76,438,0,8.409348e-11,8.725497e-11,3.392039e-13,7.0324714e-19,2.000861e-10,3.0305953e-09
420000,438,409,0,-9.36661e-13,3.6076878e-11,1.568858e-11,9.132005e-14,3.606331e-15,2.991452e-09
420000,217,103,0,1.6667943e-10,6.0306135e-12,7.0512245e-24,5.25421e-40,2.2978585e-21,5.0633286e-11
420000,7,124,0,-1.5270096e-12,8.525152e-11,1.7077814e-10,6.788624e-12,4.4340113e-12,4.0820372e-10
420000,13,419,0,-8.418792e-13,4.983102e-11,3.2047164e-12,3.6586357e-16,7.188961e-14,3.4438032e-09
420000,223,197,0,2.2246446e-11,5.8582383e-15,8.56913e-28,0.0,2.82e-43,2.9887863e-09
420000,316,370,0,1.2476417e-10,4.1325567e-12,3.4633578e-09,7.191879e-10,1.1532664e-09,2.0337901e-10
420000,447,217,0,-6.488477e-13,5.111771e-11,7.8831964e-16,1.6248093e-24,3.475185e-13,2.988859e-09
420000,493,153,0,-1.1903546e-12,7.97013e-11,9.076092e-19,3.0116513e-29,2.4489286e-13,1.8806046e-10
420000,486,475,0,-8.441881e-13,1.043763e-10,4.098778e-12,1.1971754e-15,8.486163e-12,3.1774685e-09
420000,470,192,0,-9.350761e-13,8.97102e-11,2.3388814e-15,2.5431905e-23,1.110699e-11,3.0792116e-09
420000,38,143,0,-1.4082268e-12,8.8565e-11,3.2552747e-13,2.975896e-18,2.3750432e-10,3.0778065e-09
420000,177,7,0,-2.6347452e-13,2.041262e-12,2.6824951e-22,1.648025e-37,3.6535997e-26,7.807964e-11
420000,13,87,0,-1.0263636e-12,4.3632944e-11,3.4622645e-09,7.191878e-10,1.1532664e-09,1.3218995e-10
420000,488,58,0,-1.7129783e-12,6.7356766e-11,3.7694448e-11,9.588647e-13,9.941968e-14,3.4142258e-09
420000,136,117,0,3.2618866e-11,6.5107585e-12,2.2577492e-31,0.0,4.831823e-23,9.432242e-12
420000,358,378,0,7.649129e-11,2.8159818e-11,6.1743865e-17,8.6039863e-26,7.4593295e-16,3.5307663e-11
420000,262,414,0,-9.921712e-12,2.3060094e-09,5.7719386e-17,1.2345034e-26,4.1188097e-09,1.4409715e-10
420000,192,351,0,5.5661475e-10,1.7056493e-11,2.4705e-24,1.009976e-37,8.50388e-21,9.21482e-15
420000,176,222,0,2.0661621e-12,5.8242945e-13,4.0638317e-29,0.0,1.01231986e-29,4.741951e-12
420000,148,274,0,1.1363529e-11,2.9002254e-11,1.8669665e-36,0.0,1.3009395e-17,9.777754e-18
420000,189,311,0,4.9311866e-10,8.800959e-15,6.300783e-38,0.0,2.68106e-40,1.5251055e-22
420000,69,370,0,1.2766547e-12,2.276095e-09,1.6559684e-11,2.2152917e-14,4.118809e-09,9.7335e-11
420000,307,160,0,1.0399924e-11,2.3010274e-09,3.8619255e-18,1.1808279e-25,4.11882e-09,2.8778724e-12
420000,198,180,0,4.508137e-14,1.5773833e-16,9.125e-42,0.0,1e-45,8.735515e-11
420000,313,334,0,1.0434386e-10,9.194583e-11,7.8574424e-22,3.3303114e-34,4.342614e-12,1.082443e-10
420000,216,182,0,3.185803e-13,4.3990676e-11,8.765995e-39,0.0,2.9762777e-09,3.765934e-18
420000,109,345,0,1.0653283e-10,1.597221e-11,5.269657e-21,1.2421238e-33,1.689603e-17,1.403741e-13
420000,188,203,0,6.2624347e-13,3.7804443e-12,4.9432705e-32,0.0,5.5041776e-24,3.9760066e-12
420000,278,120,0,6.697603e-13,1.7578333e-11,2.5729476e-13,5.5904878e-18,5.110472e-16,9.268586e-12
420000,295,408,0,1.6828275e-16,2.4575135e-11,2.5766486e-18,9.59802e-28,1.677836e-15,1.7985988e-11
420000,257,339,0,5.4873463e-12,1.5061832e-10,4.565569e-20,7.226628e-29,1.3417698e-10,6.4148214e-17
420000,243,182,0,-2.8859963e-13,3.3456567e-11,0.0,0.0,1.5773037e-13,1.447243e-15
420000,5,431,0,-1.0102188e-12,7.735323e-11,6.5567544e-13,3.0934741e-18,4.431737e-14,1.9192478e-10
420000,364,425,0,3.5935781e-12,5.808428e-11,4.7900525e-12,4.5287582e-15,1.6313685e-13,2.4529346e-11
420000,23,296,0,-5.9110193e-13,3.5050626e-11,2.5841122e-16,3.0387094e-24,2.1185145e-16,3.915642e-11
420000,149,413,0,1.874254e-11,1.768332e-11,7.9132325e-15,1.4163882e-21,2.3410546e-17,4.7239112e-11
420000,95,105,0,-8.824861e-13,9.563377e-11,3.747317e-17,2.4230063e-26,1.6636952e-10,8.5081754e-11
420000,472,367,0,-7.880874e-13,4.4537193e-11,3.4997942e-11,2.653386e-13,8.213816e-15,1.611434e-10
420000,370,457,0,-7.043656e-13,2.5173823e-11,6.2655017e-16,3.460159e-24,2.3708095e-16,2.2453283e-12
420000,146,70,0,2.1122049e-11,3.6816848e-11,1.3709603e-17,1.7158977e-25,1.3220962e-15,3.377889e-11
420000,442,180,0,-2.8857494e-13,5.6708454e-11,1.0068217e-12,6.051837e-17,2.1915319e-14,9.107574e-11
420000,367,11,0,-1.1369462e-12,2.639322e-11,4.213708e-12,5.2954303e-16,4.701669e-18,1.5783843e-11
420000,390,35,0,-1.3840672e-12,2.2949429e-11,3.816248e-12,3.998659e-16,3.7655386e-19,1.6156354e-10
420000,457,42,0,-1.2376843e-12,2.0190716e-10,1.34645186e-11,4.6172254e-14,2.6502547e-10,1.4545994e-10
420000,434,92,0,3.1313067e-11,4.0806632e-11,5.517534e-18,2.092142e-28,5.027862e-16,1.7701227e-10
420000,497,22,0,-1.6445421e-12,1.5203477e-10,1.9936235e-14,2.6490687e-20,1.3855375e-12,2.559006e-10
420000,493,41,0,-1.8142093e-12,9.7205015e-11,2.5530538e-11,7.5508e-14,1.0571789e-12,1.09964954e-10
420000,13,340,0,-8.3148495e-13,1.4300294e-11,1.1910408e-16,7.932329e-24,4.8707403e-20,1.1077831e-11
420000,483,160,0,-1.4192415e-12,1.3543314e-10,2.7734865e-18,2.4227469e-30,1.9563451e-13,9.6917425e-11
420000,138,498,0,-4.0942705e-13,5.0676325e-13,9.379887e-13,3.230551e-17,4.317676e-20,3.7931817e-11
420000,121,44,0,6.3600045e-12,2.010579e-11,3.8807922e-13,3.7091908e-18,1.417653e-18,3.1407206e-09
420000,22,35,0,-1.2252158e-12,6.685601e-11,1.349707e-12,1.0870632e-16,1.891654e-15,1.5092018e-10
420000,5,389,0,-4.650014e-13,1.6610667e-12,1.0026333e-12,2.1195747e-17,1.4354133e-20,3.2284023e-11
420000,482,387,0,-7.4788656e-13,4.2748114e-11,5.701148e-12,1.5680786e-15,8.90547e-16,1.3147271e-10
420000,17,64,0,-1.7183637e-12,1.2735418e-10,1.2328708e-11,4.2064493e-14,2.1507338e-10,3.2970437e-10
420000,479,452,0,-9.893382e-13,2.4745466e-11,1.1582573e-16,5.055384e-26,1.6881683e-16,1.0838261e-10
420000,450,299,0,5.2604973e-12,1.9110543e-11,4.515013e-14,3.3157134e-20,5.3099495e-19,6.2926976e-11
420000,76,490,0,-7.9774354e-13,1.0586172e-11,7.136512e-14,1.7756602e-19,3.2802815e-23,5.425887e-12
420000,68,322,0,7.888293e-12,4.5212393e-11,3.626582e-15,1.02892466e-22,3.7234954e-16,4.757871e-11
420000,322,19,0,-5.3207926e-13,7.1011374e-12,6.126166e-25,1.2424e-41,2.7531915e-20,2.340185e-12
420000,448,173,0,-9.425251e-13,6.6057854e-11,1.6623673e-11,2.21533e-14,1.0308341e-11,6.512332e-11
420000,413,2,0,-1.1616351e-12,1.2762641e-11,2.5364742e-13,2.87726e-19,6.2980245e-19,1.3246428e-10
420000,32,442,0,-9.497547e-13,1.5591275e-10,6.5429437e-12,8.999485e-16,9.425007e-12,1.04180255e-10
420000,329,410,0,1.4866485e-11,2.4121911e-11,4.2837153e-12,5.305948e-16,2.1362289e-16,1.8301608e-11
420000,138,18,0,-4.642877e-13,3.3629267e-12,3.4664367e-09,7.1918826e-10,1.1532664e-09,2.1499283e-11
420000,444,464,0,-1.3410962e-12,7.492103e-11,3.4622625e-09,7.191878e-10,1.1533487e-09,4.405635e-11
420000,71,17,0,-1.0462083e-12,7.991256e-11,4.304906e-11,5.555985e-13,9.691219e-14,6.9905665e-11
420000,334,432,0,4.417087e-10,2.659425e-11,1.3259335e-10,1.3851832e-11,4.0135516e-12,6.4762994e-11
420000,472,303,0,-7.513085e-13,4.861642e-11,1.4137756e-14,8.1677744e-21,2.508271e-16,8.748285e-12
420000,228,21,0,-1.2521389e-12,9.350958e-11,2.1281779e-14,5.131674e-21,5.8195836e-13,2.8101564e-11
420000,469,275,0,-6.5809955e-13,1.2703645e-10,1.1443398e-12,1.5276932e-17,4.001409e-12,1.3738463e-10
420000,142,446,0,-7.540541e-13,4.3721554e-11,3.3845888e-18,1.1304391e-29,1.3131127e-15,6.456583e-11
420000,346,472,0,-2.7802085e-13,4.6094066e-11,2.0936899e-18,2.61438e-29,3.5676427e-16,5.1537195e-11
420000,89,25,0,-4.984324e-13,1.4320202e-12,2.699087e-15,3.06326e-23,6.646223e-27,1.11191605e-10
420000,421,449,0,1.9260715e-11,2.6365729e-11,1.1720156e-11,5.1488566e-15,1.0110872e-16,1.5689293e-10
420000,441,58,0,1.4237281e-10,9.502531e-11,3.714227e-14,4.407152e-21,5.1719865e-12,3.57647e-11
420000,1,294,0,-1.523763e-12,2.0541206e-10,2.7846073e-10,5.4816676e-11,5.210855e-11,4.3922392e-14
420000,53,271,0,2.5095405e-11,7.778864e-12,1.2932159e-13,2.57743e-18,2.3882304e-20,6.708192e-11
420000,63,0,0,-7.5939813e-13,4.7949953e-11,5.199045e-13,2.3650713e-18,1.3484851e-12,3.9132916e-11
420000,313,27,0,-5.190255e-13,5.7338544e-11,7.72879e-17,8.539728e-26,1.944299e-14,1.0318521e-10
420000,472,196,0,-9.158109e-13,7.857097e-11,1.0152898e-13,3.4373187e-20,1.7830889e-13,2.0166245e-10
420000,347,387,0,7.227663e-11,3.6083445e-10,2.2165268e-15,1.2462622e-23,3.842171e-11,2.90207e-11
420000,138,15,0,-4.9725946e-13,1.9121623e-12,3.1110437e-11,2.1131171e-13,5.7777083e-15,2.6025312e-11
420000,26,142,0,-1.3446593e-12,6.973743e-11,5.726281e-13,2.122842e-17,9.2502e-17,6.874934e-11
420000,203,66,0,3.0441978e-14,3.1656996e-13,6.3952694e-19,5.4687053e-31,2.9557054e-27,1.4195892e-10
420000,395,6,0,-9.684941e-13,9.653469e-11,4.025653e-16,2.0766369e-24,3.1241616e-13,6.110819e-11
420000,475,357,0,-4.4730005e-13,2.8876339e-11,1.9305733e-13,7.222148e-19,3.3788986e-16,3.6233804e-11
420000,20,213,0,-4.4185367e-13,1.7672832e-11,1.8113991e-11,1.6647221e-14,1.3447316e-16,3.816889e-11
420000,448,491,0,-9.628394e-13,6.1699625e-11,7.377375e-12,3.1234863e-15,2.2446473e-11,1.9702323e-10
420000,13,376,0,-1.1625784e-12,1.1084094e-10,4.8634108e-14,8.980711e-21,3.4957123e-13,5.395761e-13
420000,29,15,0,-8.785262e-13,2.7657229e-11,1.5875276e-19,2.8047666e-30,4.6230804e-15,1.8603133e-10
420000,451,66,0,2.8404099e-11,2.5725733e-10,3.123513e-15,2.9412253e-23,1.7332113e-11,3.0195492e-11
420000,427,7,0,-2.4088906e-12,1.9566096e-10,2.2888007e-12,1.2640254e-16,1.0850156e-11,5.3319717e-11
420000,468,233,0,-6.088836e-13,1.1545598e-11,4.1610244e-12,1.2693273e-15,3.067792e-18,2.7745525e-11
420000,397,472,0,-5.6648214e-13,2.6244913e-12,4.9875344e-21,7.4083225e-33,7.0064045e-27,1.709624e-11
420000,16,53,0,-1.4204219e-12,1.4840937e-10,1.0009091e-10,4.032756e-12,3.6814484e-12,1.958575e-10
420000,274,467,0,1.3350546e-12,2.0801992e-11,1.1470533e-12,3.5614086e-17,7.33619e-18,4.2280505e-11
420000,55,15,0,-1.0487096e-12,1.09756274e-10,3.8261252e-10,3.6032302e-11,2.6304486e-10,1.1592662e-09
420000,453,94,0,-2.4058536e-13,7.6601815e-11,6.646074e-13,2.1389789e-17,1.3629349e-12,5.658013e-11
420000,402,13,0,-2.2417923e-12,2.6831193e-10,5.911705e-14,6.7463247e-21,5.332305e-13,8.7970756e-11
420000,316,484,0,-5.6142694e-13,2.0862284e-11,2.2796855e-13,4.309355e-18,1.4346165e-18,2.8491888e-11
420000,47,456,0,3.907274e-14,9.365931e-11,3.2633416e-12,3.212573e-16,2.33989e-10,2.594816e-10
420000,132,27,0,-4.3683614e-13,4.5211154e-11,3.8808515e-14,3.7391317e-20,2.806136e-14,9.7555235e-11
420000,191,442,0,4.2645737e-15,2.4803824e-11,2.5382316e-12,2.9577694e-16,1.8130143e-16,7.615674e-11
420000,238,430,0,1.8510061e-12,4.4871055e-11,8.3599325e-16,3.789001e-24,1.5186704e-11,3.6182154e-11
420000,201,76,0,9.45532e-13,2.046252e-13,7.73219e-14,9.303428e-19,3.8194383e-22,5.349922e-11
420000,22,378,0,-8.5399846e-13,3.4707733e-11,1.0622876e-13,7.841662e-20,4.2606144e-16,3.0852296e-09
420000,109,163,0,2.3267313e-12,4.0600006e-11,1.7389262e-35,0.0,1.8728623e-11,2.3046634e-12
420000,6,181,0,-8.6020503e-13,5.3357777e-11,6.1307036e-13,1.2886806e-17,2.3944771e-14,5.2768567e-11
420000,47,239,0,-3.6404002e-14,3.0092553e-11,2.7693585e-17,2.039359e-27,3.9896567e-18,6.046968e-11
420000,17,246,0,-1.0838672e-12,6.954614e-11,6.089747e-12,1.5700582e-15,7.60812e-12,1.8082678e-11
420000,54,349,0,1.2059147e-12,3.883908e-11,7.226309e-15,2.3022407e-22,1.1540788e-16,4.5822318e-11
420000,464,494,0,-4.197312e-13,7.533479e-11,1.3089732e-10,5.6914518e-11,7.281919e-11,1.924471e-10
420000,15,463,0,-1.4308857e-12,8.958902e-11,3.770487e-14,1.388282e-19,4.5827876e-16,1.5747115e-10
420000,70,494,0,-6.2188487e-13,3.2844075e-11,2.407363e-19,2.8879543e-31,5.7435754e-15,1.9070745e-11
420000,18,303,0,-9.277072e-13,4.6198212e-11,3.5833415e-22,1.0146375e-37,1.2774032e-16,1.0207535e-11
420000,495,294,0,-4.8426324e-13,4.449675e-12,3.7122696e-12,2.6240064e-15,1.8961823e-17,7.5853847e-13
420000,361,480,0,-9.424193e-13,6.884176e-12,9.25847e-13,5.1614823e-17,6.8939255e-20,4.671166e-12
420000,492,13,0,-1.3131831e-12,2.2455522e-11,7.128744e-15,1.2310711e-22,6.29823e-19,3.9389284e-10
420000,449,193,0,-3.963676e-13,1.8047005e-11,8.847298e-17,1.8321754e-25,8.1467894e-20,8.8235995e-11
420000,461,276,0,4.9083767e-12,9.110558e-11,2.4852579e-12,1.5181058e-16,6.766507e-13,4.5988418e-11
420000,463,89,0,-6.550595e-13,3.764575e-11,2.1614856e-13,1.5995252e-19,1.29720416e-17,4.4815504e-10
420000,18,4,0,-7.6639953e-13,4.407455e-11,8.4076874e-24,2.1138032e-38,1.0084131e-17,3.1735156e-10
420000,201,2,0,-2.522265e-13,5.097334e-14,7.090443e-11,1.8328989e-12,1.5899681e-13,4.402779e-10
420000,491,266,0,-1.3231453e-12,8.750982e-11,3.208672e-11,3.244545e-13,1.2684273e-11,5.015538e-11
420000,50,50,0,-8.998301e-13,8.91463e-11,1.8007787e-10,7.692483e-12,2.762359e-09,8.578106e-11
420000,452,151,0,7.671654e-12,1.06112626e-10,5.095655e-16,5.714893e-25,1.5186796e-11,1.3034946e-11
420000,9,16,0,-8.430267e-13,5.2680537e-11,1.7059956e-10,7.99569e-12,2.392166e-10,5.834251e-11
420000,203,39,0,-9.223455e-13,1.2370292e-10,5.8278827e-13,8.6255145e-17,2.784148e-10,1.0554384e-10
420000,330,498,0,-7.6882587e-13,8.18822e-11,5.640329e-17,3.949114e-27,6.6797857e-15,2.4274697e-11
420000,460,344,0,-3.8013811e-13,1.7509622e-11,5.470944e-13,1.3619437e-17,2.3792715e-18,2.9985138e-12
420000,443,27,0,-1.5709762e-12,8.554914e-11,9.604327e-11,1.7903458e-11,3.0823104e-09,1.4368742e-11
420000,489,329,0,-7.9543186e-13,6.839666e-11,1.107273e-12,1.7056504e-16,1.370947e-11,5.377683e-11
