mcsteps,xCOM,yCOM,zCOM,il8,il1,il6,il10,tnf,tgf
610000,170,80,0,2.0343023e-09,2.4617018e-11,4.026158e-18,3.8022908e-28,3.6178375e-19,1.12196696e-10
610000,217,214,0,2.02688e-09,1.9619534e-12,2.2217195e-11,8.926329e-14,9.920538e-16,1.08036194e-16
610000,289,163,0,2.0312534e-09,3.087051e-12,5.4068783e-17,1.1613083e-24,1.6155426e-22,5.2769156e-12
610000,413,269,0,2.5459548e-09,3.9257136e-11,1.1253091e-28,0.0,5.2342008e-14,1.4787106e-11
610000,414,200,0,2.0820299e-09,2.998338e-11,4.1725212e-14,5.562407e-20,1.8684004e-18,3.8526443e-14
610000,197,139,0,2.0493156e-09,1.1765915e-11,5.196831e-13,2.4703732e-17,1.9523676e-19,1.475923e-10
610000,378,208,0,2.0286735e-09,4.9271345e-13,2.444893e-16,3.053697e-26,9.8474624e-32,3.3500726e-11
610000,155,198,0,2.5667117e-09,2.998895e-11,9.977095e-38,0.0,5.797244e-16,1.1483837e-13
610000,397,297,0,2.0995616e-09,1.2410231e-10,5.500812e-20,5.9239113e-29,1.1269196e-10,1.67855e-10
610000,409,184,0,2.083879e-09,4.5179218e-11,5.2871887e-16,5.8473593e-24,7.18446e-14,1.8377612e-11
610000,336,94,0,2.150479e-09,2.577253e-11,4.3666222e-14,3.7706196e-21,9.41021e-14,4.1137392e-11
610000,438,279,0,2.0395718e-09,1.8098469e-11,6.2902066e-11,3.0866817e-12,3.58975e-13,1.4827867e-10
610000,307,245,0,2.0263533e-09,2.433323e-11,3.8832765e-25,4e-45,1.6108052e-15,3.637856e-11
610000,352,156,0,2.08523e-09,2.3051443e-11,6.3437385e-13,3.5691672e-17,5.1415857e-15,6.2030014e-15
610000,175,364,0,2.2123179e-09,3.6007577e-13,3.5806946e-20,1.5121228e-31,3.0700153e-31,7.283332e-13
610000,312,359,0,2.0382298e-09,2.2581511e-11,5.45738e-14,5.723829e-21,9.345039e-15,1.4968877e-11
610000,258,315,0,2.0388211e-09,6.0751365e-14,8.5873224e-32,0.0,1.3614e-41,5.8560934e-12
610000,390,112,0,2.032557e-09,1.8830968e-11,5.2949906e-12,1.990132e-15,1.2631174e-16,8.325484e-11
610000,84,355,0,2.167467e-09,1.1267342e-12,7.095591e-14,1.3660295e-20,3.329445e-26,2.5474881e-11
610000,138,255,0,2.0288413e-09,7.4148316e-13,2.2451035e-34,0.0,6.585906e-27,1.0463183e-11
610000,113,137,0,2.026146e-09,2.0407497e-11,4.0555033e-12,1.4357026e-15,3.8303295e-11,1.7980136e-11
610000,141,300,0,2.0956457e-09,8.5773975e-12,1.2773695e-20,3.3207342e-36,4.372697e-20,9.992894e-12
610000,434,65,0,2.1117703e-09,2.7080158e-11,5.6747246e-11,4.1178636e-12,6.184208e-13,1.2751161e-10
610000,167,372,0,2.19678e-09,4.4691697e-13,2.899188e-23,4.352e-42,1.6708923e-26,5.3276973e-11
610000,214,283,0,2.0360773e-09,1.7107855e-13,1e-45,0.0,4.558563e-37,4.4101903e-11
610000,90,213,0,2.052898e-09,2.2058327e-11,1.9496449e-24,1.208372e-39,2.293623e-19,4.701389e-12
610000,327,125,0,2.0548832e-09,1.316368e-11,3.709228e-13,1.2262642e-18,1.4205402e-20,8.780169e-11
610000,270,364,0,2.0483306e-09,1.0615141e-11,7.877203e-14,1.28390855e-20,7.3068387e-16,5.0164307e-11
610000,210,112,0,2.041383e-09,1.1132015e-14,8.995244e-20,1.3846823e-33,3.4527e-41,9.419705e-12
610000,412,292,0,2.1357198e-09,1.638356e-11,7.761038e-15,7.878195e-23,9.1332634e-18,9.2244365e-11
610000,353,87,0,2.1854927e-09,2.9181056e-12,2.168821e-18,5.253367e-30,3.1949058e-26,5.6156867e-11
610000,142,318,0,2.0743618e-09,1.6888366e-11,9.315537e-17,4.9777934e-26,1.6365983e-19,6.434468e-11
610000,284,205,0,2.0784072e-09,2.3319034e-11,2.1111748e-28,0.0,6.169031e-15,1.1608437e-11
610000,294,191,0,2.0819433e-09,3.27228e-11,1.3463081e-35,0.0,7.8369276e-15,1.0260456e-11
610000,247,87,0,2.0655702e-09,7.273273e-12,2.6848865e-22,9.05152e-40,4.2036848e-24,8.197174e-11
610000,124,402,0,2.13149e-09,9.213425e-12,1.1963779e-14,8.367288e-19,1.1214362e-19,1.0088994e-10
610000,237,303,0,2.0418995e-09,2.059681e-12,9.7100635e-27,1e-45,4.0667058e-24,2.1124983e-13
610000,406,90,0,2.045813e-09,4.3592876e-11,1.134827e-15,5.9184457e-25,1.5053896e-13,7.807646e-11
610000,121,416,0,2.114812e-09,1.6892794e-11,1.4531424e-12,3.5819465e-17,4.8855957e-21,8.799509e-11
610000,337,200,0,2.294224e-09,1.9347367e-11,7.321158e-33,0.0,1.7216738e-11,1.246109e-12
610000,96,73,0,2.0284976e-09,4.606139e-11,1.0698107e-15,7.2205844e-25,2.20495e-13,5.707774e-10
610000,318,387,0,2.0331654e-09,1.4493638e-11,7.299274e-19,2.999567e-32,1.4699818e-18,6.677441e-11
610000,175,139,0,2.0461755e-09,2.2203038e-11,6.8481966e-20,9.752144e-34,1.5326101e-12,1.7832313e-10
610000,150,197,0,2.6912645e-09,7.992464e-12,1.10122e-40,0.0,1.4476441e-22,2.4069924e-12
610000,80,421,0,2.1970343e-09,3.5089164e-11,2.5446259e-15,1.5417937e-24,2.0546836e-17,1.4277049e-10
610000,211,338,0,2.1208215e-09,4.8565225e-11,6.087132e-27,0.0,1.6063483e-14,4.218262e-14
610000,137,383,0,2.100842e-09,3.056608e-11,3.419223e-11,1.9453547e-13,5.164119e-15,5.188131e-11
610000,84,410,0,2.1765045e-09,7.997778e-11,1.860007e-12,5.326629e-17,2.4956706e-10,1.09524556e-10
610000,128,368,0,2.2572966e-09,2.8904677e-11,2.683247e-21,2.5223128e-36,1.7915077e-14,1.0051193e-11
610000,345,201,0,2.2947872e-09,1.3435023e-12,1.4588248e-25,1.3e-44,1.1944455e-25,7.187819e-16
610000,187,277,0,2.037986e-09,1.0843507e-12,0.0,0.0,5.09658e-28,1.1475647e-15
610000,82,343,0,2.2415794e-09,3.9972352e-11,1.1356848e-11,1.7348107e-14,2.7965189e-15,1.6882995e-11
610000,59,395,0,2.131052e-09,5.0197926e-11,2.9360466e-20,2.2807922e-33,3.096074e-15,4.8117916e-11
610000,339,428,0,2.134335e-09,1.645566e-11,6.1374165e-12,1.7126252e-15,1.7601134e-18,9.115177e-11
610000,352,314,0,2.0277928e-09,2.8464525e-12,2.1281967e-14,5.131674e-21,9.954776e-26,2.1887287e-11
610000,192,347,0,2.1253852e-09,4.0926488e-11,3.5806946e-20,1.5121228e-31,5.4956717e-14,5.558186e-13
610000,90,331,0,2.1265087e-09,4.4423146e-12,1.5620633e-17,4.9319723e-29,2.1258838e-25,4.778666e-11
610000,210,354,0,2.2248812e-09,5.921744e-12,1.497883e-27,0.0,1.1402476e-22,2.5941709e-11
610000,254,221,0,2.0276554e-09,1.7170104e-11,7.397695e-14,1.0321338e-20,5.7395063e-15,4.684725e-13
610000,247,110,0,2.0756057e-09,1.70491e-11,6.5304095e-24,1.93e-43,3.9796612e-16,3.3262535e-11
610000,68,262,0,2.0396993e-09,8.570581e-11,5.0858674e-14,3.4949544e-21,2.6769752e-15,8.5385185e-11
610000,408,271,0,2.5555265e-09,3.4556507e-11,1.4120481e-25,8e-44,1.5693329e-11,1.7298862e-11
610000,354,360,0,2.0282709e-09,1.3750168e-11,2.3804428e-18,1.9642065e-30,2.7397522e-16,4.4753288e-11
610000,55,408,0,2.1418294e-09,6.536362e-11,5.8207887e-12,4.960337e-15,7.242254e-17,6.2063323e-12
610000,337,441,0,2.1341209e-09,3.9604875e-11,2.249385e-14,1.0666531e-21,1.06427566e-16,9.819592e-11
610000,249,131,0,2.0502944e-09,1.2224723e-11,4.2854706e-13,1.6721866e-17,5.553697e-19,8.3736906e-11
610000,122,291,0,2.1627773e-09,2.2198845e-11,2.663887e-15,8.800788e-23,1.2388524e-16,4.0468024e-12
610000,265,441,0,2.0258675e-09,5.650515e-11,1.587128e-14,8.240805e-22,1.4976818e-14,8.219801e-11
610000,109,292,0,2.1446889e-09,3.4650345e-11,3.1983513e-11,3.0410751e-13,5.3842964e-14,2.2434488e-11
610000,227,94,0,2.069495e-09,4.592663e-12,1.291409e-17,2.4496872e-27,1.2109058e-24,1.3671445e-11
610000,340,168,0,2.083221e-09,1.0997648e-12,3.4820674e-17,1.0191596e-27,1.4638257e-31,1.1692867e-12
610000,289,374,0,2.0560558e-09,1.7958354e-11,4.3470078e-17,7.020487e-27,1.8407482e-18,5.217657e-11
610000,193,311,0,2.0311148e-09,5.2482174e-15,1.1271045e-37,0.0,8e-45,3.336892e-15
610000,212,418,0,2.026419e-09,2.8562597e-12,1.0141274e-16,2.3475394e-26,1.2827552e-22,1.5920909e-10
610000,202,365,0,2.1807771e-09,2.095311e-12,2.2743493e-24,3.78e-43,6.9048725e-27,5.5631806e-12
610000,63,433,0,2.0607445e-09,7.45627e-11,2.9623942e-11,1.3980414e-13,1.0273762e-14,7.2413596e-11
610000,119,338,0,2.0464261e-09,2.0881004e-11,1.1523051e-15,3.9556045e-25,5.7419043e-13,1.6928146e-12
610000,90,192,0,2.0499047e-09,5.1522165e-11,3.455556e-13,4.5411885e-19,2.1399857e-16,8.721489e-11
610000,147,93,0,2.2231867e-09,8.348696e-13,1.0877904e-12,6.109304e-17,2.212396e-20,4.698945e-11
610000,182,249,0,2.0311854e-09,1.3290861e-11,2.5856208e-34,0.0,3.0159347e-16,4.855683e-18
610000,346,76,0,2.163533e-09,3.2917905e-11,3.5506329e-12,9.76212e-16,7.133425e-14,3.9609642e-11
610000,359,392,0,2.027794e-09,5.7686692e-11,6.576456e-12,6.1544508e-15,1.898056e-13,2.293557e-10
610000,87,276,0,2.0466489e-09,1.9208819e-11,2.4517688e-15,2.5806963e-23,1.1247227e-20,5.507872e-11
610000,404,256,0,2.1635616e-09,3.848178e-11,1.415945e-17,7.055208e-27,2.992474e-13,1.2227826e-11
610000,135,222,0,2.1028164e-09,2.8507338e-12,1.5183461e-30,0.0,2.729451e-26,1.5169014e-11
610000,380,155,0,2.1093183e-09,1.5413275e-11,2.1615957e-16,1.8633972e-26,2.7397527e-16,1.76512e-11
610000,444,131,0,2.0259545e-09,3.1480474e-11,2.1618965e-12,7.3635764e-17,2.1328087e-11,4.2331777e-11
610000,165,402,0,2.0344315e-09,6.400567e-11,2.2495415e-14,3.212589e-22,1.0066676e-13,1.2978293e-11
610000,141,194,0,2.3219395e-09,1.4875563e-11,0.0,0.0,1.9316344e-13,3.7799822e-11
610000,341,110,0,2.117766e-09,3.5620215e-11,1.8898667e-17,5.2201344e-29,9.714678e-13,6.5840694e-11
610000,119,223,0,2.0944313e-09,3.7510217e-11,2.770126e-21,4.873089e-33,1.2935814e-15,9.6779446e-11
610000,409,435,0,2.025568e-09,7.15325e-11,1.6264962e-16,6.077825e-26,1.926008e-11,1.6060143e-10
610000,126,66,0,2.0300073e-09,5.8074785e-11,3.832219e-15,5.602216e-23,2.199521e-15,2.698099e-10
610000,301,62,0,2.0256454e-09,6.001188e-11,7.595248e-12,3.8626676e-15,1.9140566e-12,3.3922202e-11
610000,141,101,0,2.2155993e-09,2.8471454e-11,4.5720435e-16,1.2301221e-25,7.040152e-15,9.655996e-12
610000,426,77,0,2.1247937e-09,3.5379283e-11,7.376453e-12,3.1234863e-15,5.1355215e-13,1.3557247e-10
610000,322,327,0,2.0293656e-09,1.519232e-11,3.8978066e-25,1.3e-44,5.593274e-17,1.4894036e-11
610000,188,383,0,2.0774036e-09,8.7859293e-13,2.190149e-28,0.0,5.7861567e-30,2.7217527e-11
610000,119,363,0,2.2235456e-09,2.5137415e-11,2.0204183e-21,7.607026e-36,8.7971534e-14,1.691464e-13
610000,395,155,0,2.1057123e-09,2.0111274e-11,3.3143588e-12,3.3156284e-16,9.429299e-16,4.9990383e-11
610000,374,358,0,1.7438115e-11,2.3982616e-09,3.1228853e-11,6.0007896e-13,4.1191814e-09,9.251201e-11
610000,412,187,0,6.4142747e-10,5.201662e-11,5.104226e-13,4.6822426e-17,9.176133e-13,3.925237e-12
610000,306,307,0,8.7667885e-12,2.1952453e-12,1.1655687e-13,1.8317126e-19,4.1666824e-24,5.709839e-14
610000,97,57,0,6.612328e-11,4.610756e-11,5.2822913e-11,4.940446e-12,3.0628308e-10,1.5442848e-10
610000,64,418,0,2.741694e-10,1.99706e-10,3.0477374e-11,6.7459384e-13,3.6580003e-11,1.2126375e-10
610000,327,434,0,2.3024566e-10,6.4780306e-11,9.456906e-14,4.6579642e-20,2.5327435e-11,9.244602e-11
610000,92,493,0,-9.253478e-13,5.45119e-11,1.3535234e-11,4.219721e-14,2.0420038e-14,9.396651e-11
610000,86,142,0,5.3937545e-12,3.4157167e-11,6.906431e-11,1.9683293e-11,1.3492178e-11,3.653843e-11
610000,36,474,0,-1.1254256e-12,4.2401957e-11,4.635547e-12,5.234422e-16,3.0653384e-14,3.1305117e-10
610000,68,123,0,-1.1916399e-12,5.8969434e-11,5.022289e-16,2.0065981e-25,3.4076396e-14,1.0259336e-10
610000,239,6,0,-6.749906e-13,6.994284e-11,9.599755e-15,6.0872764e-22,1.0378237e-11,3.8968476e-10
610000,101,83,0,1.557931e-10,2.65169e-11,7.776435e-13,3.689684e-17,7.4790895e-19,1.4429775e-10
610000,430,367,0,-5.353594e-13,3.9607338e-11,1.1672973e-11,2.1366486e-14,1.9551201e-16,8.904328e-11
610000,491,5,0,-1.2140966e-12,4.791457e-11,1.3380491e-14,9.547028e-22,3.0076976e-12,5.3699576e-11
610000,439,333,0,-4.596053e-13,3.6483705e-11,4.8634204e-12,1.0070074e-15,9.703324e-13,1.3318334e-10
610000,471,118,0,2.465532e-12,6.090065e-11,1.802342e-12,1.1010513e-16,5.7274626e-14,3.2018512e-09
610000,375,27,0,-1.3649055e-12,1.053307e-10,1.06764125e-10,1.6837715e-11,2.0622742e-10,4.2313687e-11
610000,263,333,0,4.0619008e-11,1.7915322e-11,5.4020844e-24,5.10234e-40,4.1973907e-17,5.6426547e-14
610000,262,21,0,-7.4686215e-13,5.973391e-11,5.3724685e-16,6.688678e-25,3.7308667e-14,6.638453e-11
610000,96,186,0,2.5035854e-10,9.358965e-11,1.7716651e-15,2.755839e-23,4.7140253e-14,1.2458852e-10
610000,26,168,0,-1.0537023e-12,4.536052e-11,4.493105e-12,2.9593798e-15,1.00690554e-13,1.1765289e-10
610000,417,476,0,-1.5607157e-12,1.0743954e-10,3.4579546e-12,4.0359145e-16,1.0329929e-13,3.5084127e-10
610000,85,164,0,4.7632362e-12,2.850722e-12,7.931314e-14,7.188879e-18,2.5570923e-20,6.0733384e-11
610000,237,216,0,7.511764e-11,2.5970101e-11,1.9810165e-24,2.19857e-40,4.088662e-18,9.770455e-13
610000,199,185,0,1.2077502e-12,9.758414e-15,5.656193e-33,0.0,1.0053e-41,4.7067683e-11
610000,275,327,0,2.5550898e-11,1.0603018e-12,8.181642e-29,0.0,1.5151456e-29,5.793797e-12
610000,494,471,0,-3.3340385e-13,2.8861523e-11,7.164486e-11,1.2869355e-12,1.05384776e-13,1.0233801e-10
610000,469,340,0,-4.670313e-13,2.5473087e-11,6.1756433e-12,6.6639613e-16,1.005414e-13,1.9331167e-11
610000,257,122,0,2.0076998e-10,1.6596727e-11,9.247449e-27,2.4e-44,8.578122e-16,1.3428354e-10
610000,50,11,0,-9.847728e-13,7.194264e-11,1.5889915e-12,2.0691129e-17,2.892276e-12,1.313125e-10
610000,58,307,0,1.6234339e-13,2.4251226e-12,6.2969446e-15,5.3554353e-23,2.1748968e-27,3.2232e-11
610000,193,64,0,5.023636e-12,3.3251395e-11,2.4609073e-12,1.394314e-16,2.2446453e-11,2.2577873e-10
610000,65,150,0,-7.0161303e-13,2.177058e-11,4.302962e-15,2.817068e-21,1.2952722e-18,9.726653e-12
610000,370,272,0,1.4159604e-12,7.2452873e-12,3.01625e-16,2.6873843e-25,2.97065e-22,7.271769e-11
610000,491,417,0,-8.758025e-13,7.4261076e-11,3.7714007e-12,4.125197e-16,9.387178e-12,2.737627e-10
610000,202,360,0,7.3812667e-10,1.3943252e-11,9.026601e-28,0.0,9.442073e-19,4.3853282e-11
610000,206,453,0,3.238426e-13,3.4353128e-11,1.2207456e-15,9.0599184e-24,6.7435146e-16,1.6840804e-10
610000,254,410,0,9.046415e-13,2.5232726e-11,5.1037262e-14,3.2246455e-21,2.0526871e-16,1.7511698e-10
610000,493,377,0,-8.7196044e-13,4.57734e-11,8.818395e-15,8.105666e-22,3.0533562e-10,2.0459848e-10
610000,305,276,0,2.281513e-12,3.746868e-11,5.6146197e-23,7.6254e-41,2.1172612e-12,3.784582e-13
610000,92,20,0,-6.3126e-13,4.7767038e-12,1.5693957e-11,3.094675e-14,2.9539665e-16,7.664674e-11
610000,360,250,0,-2.2011607e-13,2.4787172e-11,3.8761796e-14,6.138879e-21,7.864313e-17,1.37372076e-11
610000,460,209,0,-6.022724e-13,5.3327454e-11,7.523858e-12,4.181846e-15,7.9053e-14,1.3211353e-10
610000,382,145,0,2.4493618e-10,1.5608808e-11,4.5854544e-15,1.3466507e-23,2.9567667e-17,3.0719614e-11
610000,367,1,0,-9.716325e-13,3.259746e-11,1.0923312e-10,1.0669589e-10,6.2700717e-10,2.0487079e-10
610000,454,377,0,-8.7458285e-13,1.0328992e-10,6.61344e-13,2.8256953e-18,7.300838e-12,6.564938e-10
610000,447,471,0,-1.2250354e-12,6.569812e-11,5.4417677e-12,9.354937e-16,8.562001e-15,4.0383835e-10
610000,453,295,0,1.962511e-11,2.2538046e-11,1.401025e-13,4.040058e-19,1.4055637e-18,9.990104e-11
610000,74,59,0,7.4086145e-12,5.5781796e-11,7.531471e-11,8.222275e-13,1.4994692e-12,1.4333548e-10
610000,166,56,0,1.1974173e-11,1.9172898e-11,3.6321535e-15,1.5129931e-23,5.110445e-16,5.7796302e-11
610000,97,338,0,3.0147354e-10,1.7490164e-12,2.092935e-20,1.9266645e-35,6.6538655e-28,5.3050615e-12
610000,170,30,0,-3.0933226e-13,1.8508233e-11,6.4465087e-12,5.6905567e-15,2.3289717e-17,5.1932805e-11
610000,277,89,0,3.970931e-12,2.394549e-11,2.8332098e-12,1.5578473e-15,1.707347e-17,1.5705378e-11
610000,319,27,0,-3.487179e-13,2.0100909e-11,4.0520333e-16,1.2064306e-24,1.4740783e-16,3.2729916e-11
610000,50,236,0,1.4453121e-12,7.876365e-11,7.0819625e-14,1.0801164e-19,2.6446854e-09,1.263485e-10
610000,184,7,0,-3.3366045e-13,1.8118758e-11,8.755868e-15,1.5405778e-21,2.21574e-14,9.1915336e-11
610000,293,31,0,9.6546e-13,1.1818961e-10,7.127382e-11,4.5948103e-11,9.0374604e-11,3.2230751e-10
610000,164,202,0,2.8543418e-10,3.791904e-11,5.6092148e-34,0.0,7.038236e-17,9.443426e-15
610000,138,243,0,1.6191648e-10,4.5213763e-12,1.8702212e-28,0.0,4.9203763e-24,3.8829175e-13
610000,180,74,0,1.4091561e-10,1.6331329e-12,3.3414257e-14,2.8969832e-21,5.9653253e-27,7.940885e-11
610000,155,161,0,5.2808586e-12,1.2828264e-12,5.904742e-31,0.0,4.501194e-27,9.630835e-12
610000,97,457,0,-4.343033e-13,4.839423e-11,2.3798522e-14,6.046912e-22,3.277183e-15,1.5215977e-10
610000,444,84,0,5.5460903e-11,4.4157306e-11,1.2861442e-11,2.367105e-14,8.8379716e-14,1.1661849e-10
610000,396,96,0,1.9325591e-10,4.028767e-11,1.1579847e-11,1.9969642e-14,1.532697e-12,2.37611e-10
610000,107,76,0,1.6901716e-10,3.6842376e-11,1.1541321e-12,1.2941793e-16,6.1285795e-14,3.1985742e-10
610000,82,108,0,-7.6028626e-13,1.2187716e-10,5.603224e-15,1.5731299e-22,2.8087532e-10,2.3883293e-11
610000,182,303,0,1.0769434e-10,9.486522e-12,3.1770468e-29,0.0,2.8967468e-18,2.656472e-17
610000,417,316,0,1.7186233e-11,1.8688412e-11,1.02465994e-10,8.770834e-12,3.0197871e-12,4.6543325e-11
610000,138,465,0,-3.9456058e-13,4.1881832e-12,3.1913026e-21,3.3658728e-36,6.48252e-26,8.404049e-11
610000,448,219,0,-3.2532925e-13,4.3744258e-11,1.3625258e-14,9.240369e-23,1.4187797e-11,8.286668e-11
610000,462,61,0,3.632012e-12,9.244418e-11,3.616687e-11,4.337143e-13,1.7253864e-12,2.2510781e-10
610000,333,483,0,-4.1674758e-13,3.8679546e-11,3.2726766e-11,1.7618782e-12,2.965174e-13,2.9898495e-10
610000,473,475,0,-8.5767255e-13,6.215102e-11,8.02619e-11,1.9185463e-12,2.0580708e-13,1.4594154e-10
610000,206,463,0,-4.459505e-13,2.4614241e-11,1.3325484e-13,1.05153364e-19,1.42407e-17,3.286119e-10
610000,484,207,0,-7.765544e-13,4.6448814e-11,5.002941e-13,9.774808e-18,1.7733084e-11,2.8874564e-10
610000,414,257,0,3.953959e-10,3.2665422e-11,4.1095726e-21,4.6301184e-34,7.981412e-17,1.5974354e-11
610000,377,95,0,3.6291907e-11,4.2387763e-11,4.167834e-14,1.3225631e-20,2.538246e-12,6.6657374e-11
610000,246,10,0,-5.7095913e-13,1.1374085e-11,1.7393327e-14,1.0249913e-21,1.5855083e-22,1.9430339e-10
610000,138,199,0,5.946565e-10,1.3933973e-11,0.0,0.0,1.289962e-13,3.832129e-11
610000,466,204,0,-6.661649e-13,2.0855404e-11,4.5314922e-11,4.8646152e-12,9.235096e-13,7.809275e-11
610000,483,451,0,-8.35039e-13,3.6281166e-11,1.0651013e-12,1.9710898e-17,5.615994e-15,5.018955e-11
610000,283,150,0,8.773706e-11,3.723814e-12,3.0678948e-29,0.0,1.3261011e-21,4.6864086e-11
610000,77,436,0,1.6740875e-10,5.7672065e-11,7.0646256e-13,9.72535e-18,1.8118123e-11,1.9434773e-10
610000,169,364,0,6.553808e-10,2.3482445e-14,3.0173523e-22,2.221106e-37,7.41e-42,1.1512056e-12
610000,156,103,0,1.8415221e-10,4.664477e-12,7.8858285e-13,9.8500055e-18,9.566507e-22,1.1938314e-10
610000,80,368,0,1.1168078e-10,4.6913215e-12,2.0501949e-12,1.1367318e-16,3.7045587e-20,6.287003e-11
610000,283,179,0,1.209858e-10,2.337242e-12,1.128283e-31,0.0,3.257834e-28,6.4959878e-12
610000,185,157,0,4.743281e-11,1.3115615e-17,1.0686542e-20,1.7977536e-35,0.0,1.2644015e-11
610000,1,346,0,-7.898919e-13,3.9870947e-11,9.158749e-11,4.6754642e-11,8.426832e-11,1.9237187e-10
610000,483,133,0,-6.496727e-13,4.7653752e-11,2.3820071e-11,1.6815281e-14,1.0369421e-15,2.7672195e-10
610000,18,61,0,-1.2979183e-12,1.0748935e-10,2.6641887e-12,1.7297812e-16,1.8388387e-10,2.0808379e-10
610000,157,201,0,9.2341856e-10,3.4259377e-11,3.127237e-34,0.0,1.2297258e-14,1.15618e-12
610000,323,140,0,7.3928356e-11,4.4723055e-11,7.9352754e-19,2.4074352e-31,1.0188101e-16,6.583467e-11
610000,189,50,0,2.8521854e-13,3.1437544e-11,1.1031476e-12,1.535197e-17,6.1769268e-15,9.862694e-11
610000,302,324,0,2.8761604e-11,1.3341055e-11,2.9683585e-14,9.175169e-21,2.8125829e-15,2.6303586e-11
610000,124,34,0,1.4697883e-12,2.1876273e-11,2.6143425e-14,4.1783397e-22,3.0076339e-12,1.1851756e-10
610000,285,148,0,7.032885e-11,5.741157e-12,4.0054678e-29,0.0,1.2311854e-20,6.566628e-11
610000,170,454,0,-5.6131684e-13,3.4643975e-11,8.147621e-14,1.2450471e-20,2.7379939e-14,1.2317936e-10
610000,131,476,0,-3.8637613e-13,3.5965762e-12,1.1521071e-14,3.9405066e-22,3.5684462e-26,1.3651415e-10
610000,229,344,0,5.994217e-11,4.4261483e-11,3.251774e-20,5.2095177e-33,3.8179044e-14,1.6717701e-14
610000,92,341,0,4.3486875e-10,2.2604314e-11,6.888086e-17,1.0979886e-27,2.354365e-15,2.7829192e-11
610000,187,94,0,2.3884688e-11,1.1716442e-11,1.8970187e-14,1.3515957e-19,2.0294416e-16,1.448639e-10
610000,458,0,0,-1.5296345e-12,8.314896e-11,1.45995e-12,1.8692879e-17,1.2179843e-12,3.0809724e-10
610000,273,494,0,-5.834118e-13,2.4135641e-11,3.455786e-17,5.73884e-29,1.141708e-13,1.8820871e-10
610000,280,400,0,6.069954e-12,1.7073707e-11,1.580017e-11,6.330107e-14,8.037637e-16,8.866122e-11
610000,420,351,0,-4.3718994e-13,3.108483e-11,6.947791e-14,2.98238e-20,9.181777e-14,5.1413748e-11
610000,417,3,0,-1.7076042e-12,7.223831e-11,2.2582268e-12,3.5604008e-16,3.9317407e-11,1.7741923e-10
610000,459,455,0,-9.299806e-13,6.0158385e-11,8.413079e-11,1.8869099e-11,5.589453e-10,3.3897563e-10
610000,355,312,0,6.076926e-10,3.2801951e-12,3.4128648e-14,2.605514e-21,7.3647684e-27,4.1384642e-11
610000,314,397,0,1.6656387e-10,4.8923842e-12,5.853988e-14,1.3785545e-20,4.232663e-20,1.2334528e-10
610000,245,82,0,4.5532494e-10,3.276143e-11,2.2690186e-21,3.2931915e-36,1.319212e-14,3.159198e-11
610000,433,99,0,2.2297796e-11,3.500761e-11,2.8954185e-12,2.1718081e-16,9.674857e-16,1.7598438e-10
610000,268,266,0,-2.6599897e-15,4.6034604e-12,0.0,0.0,6.468907e-22,1.4740006e-16
610000,452,384,0,-8.176121e-13,5.7399554e-11,1.6590261e-12,2.5722362e-17,1.8752352e-11,2.6556557e-10
610000,381,355,0,5.5113253e-12,5.0921004e-12,9.712179e-14,1.7892451e-20,8.040483e-25,6.13632e-11
610000,106,316,0,4.6567913e-11,1.9317936e-11,1.0927881e-17,2.8214272e-29,4.8747205e-18,2.7216335e-12
610000,209,309,0,7.951774e-11,8.4486646e-19,3.6746335e-33,0.0,0.0,3.2842855e-15
610000,147,346,0,1.7845149e-11,3.9554648e-11,5.7562833e-18,4.836171e-30,1.3691038e-11,3.1893156e-12
610000,445,120,0,1.5691808e-10,1.0119346e-11,2.8957522e-11,1.4967746e-13,5.1251495e-15,1.725938e-10
610000,310,126,0,5.382898e-11,5.9758778e-12,1.7833727e-13,9.895851e-19,4.7441403e-22,1.4939155e-10
610000,273,246,0,3.4319782e-12,5.0041945e-12,3.2667995e-36,0.0,6.098776e-23,1.7749106e-14
610000,485,422,0,-8.1785495e-13,2.8448143e-11,4.982726e-11,4.4731155e-12,7.421874e-13,5.771157e-11
610000,330,389,0,1.3431288e-10,5.0569864e-11,4.494837e-16,1.6279628e-25,1.1272893e-14,2.0838482e-11
610000,60,258,0,2.2797167e-10,2.7471539e-11,1.5664894e-16,2.8589192e-25,1.0989998e-17,2.2849267e-10
610000,178,494,0,-9.87556e-13,6.323785e-11,1.5904422e-10,6.793089e-11,9.2399095e-11,5.7763967e-11
610000,305,461,0,-3.3923917e-14,3.326364e-11,2.4742583e-17,1.4583798e-26,2.2732142e-17,9.512664e-11
610000,399,51,0,1.2926117e-13,4.1890852e-11,2.7594476e-15,1.8976386e-24,1.0071177e-13,3.0787188e-09
610000,211,419,0,1.0401568e-09,1.3405303e-12,1.1282458e-17,1.2696031e-28,1.6076627e-23,3.1123146e-09
610000,4,257,0,-9.797685e-13,5.847349e-11,6.949986e-15,1.9122813e-23,3.3969565e-14,3.045579e-09
610000,95,24,0,-7.0786535e-13,2.6286391e-11,1.365011e-13,2.839862e-19,3.315037e-16,1.3775586e-10
610000,162,439,0,-3.1312247e-13,5.1248214e-11,4.72482e-24,1.352e-41,2.2572245e-16,1.4396044e-10
610000,89,130,0,9.576978e-12,3.609221e-11,2.5969173e-16,2.1761724e-25,3.4257902e-11,1.6712604e-11
610000,421,169,0,3.9800614e-11,4.4724197e-11,8.6106456e-14,2.546962e-19,4.5797487e-18,8.058708e-12
610000,149,240,0,5.787493e-11,1.6781833e-11,5.669456e-18,1.8431306e-29,2.5364513e-12,3.494118e-11
610000,67,424,0,3.4903738e-10,7.711551e-11,2.133954e-12,1.0830145e-16,2.9046938e-12,1.7002974e-10
610000,437,103,0,1.0410501e-11,3.5556585e-11,4.277643e-12,1.2535129e-15,1.6940905e-16,1.07523594e-10
610000,100,286,0,2.4000846e-10,4.1899775e-11,3.7612125e-11,1.0005868e-12,1.05747564e-13,4.0614623e-11
610000,413,217,0,5.4706933e-11,2.6773906e-11,5.948196e-11,3.4137296e-12,4.2933384e-13,2.7578698e-11
610000,243,377,0,3.260289e-12,9.067723e-12,1.6359166e-19,7.899273e-32,2.4766527e-22,1.04015685e-10
610000,394,94,0,1.5884764e-10,3.2393747e-11,1.1696512e-11,1.9969683e-14,8.812866e-17,1.4441871e-10
610000,103,463,0,-7.1914555e-13,5.3378864e-11,1.1154862e-13,1.7390839e-20,1.2469124e-15,3.521074e-10
610000,497,389,0,-8.7344953e-13,7.1467235e-11,7.820601e-12,1.3839933e-14,3.2490687e-11,1.5125343e-10
610000,475,476,0,-8.434788e-13,5.936759e-11,1.507692e-11,6.24949e-15,9.1911045e-15,2.53065e-10
610000,104,130,0,1.4671198e-10,2.6508764e-11,1.6357011e-13,1.5594823e-19,5.1113605e-16,1.1042313e-11
610000,365,171,0,6.267471e-11,1.0339682e-12,5.2313476e-13,1.2000915e-17,3.0117798e-21,1.0968373e-14
610000,175,141,0,9.2228813e-10,1.4621141e-11,7.0147275e-21,4.397878e-36,1.6074954e-15,9.533317e-11
610000,149,24,0,-5.228753e-13,4.9904508e-11,4.963575e-13,2.4330999e-18,1.6737958e-11,7.956424e-11
610000,210,359,0,6.9969974e-10,1.5329467e-12,2.056698e-23,7.8384e-41,4.9590296e-30,2.597023e-11
610000,21,78,0,-1.4386538e-12,1.1402994e-10,2.822753e-11,1.3394728e-13,2.502233e-11,3.639077e-10
610000,393,363,0,-3.7269596e-13,7.501649e-11,3.2892252e-20,6.038029e-33,2.3398937e-11,6.1346254e-11
610000,148,460,0,-4.995925e-13,8.826964e-12,4.022428e-18,2.1830731e-28,1.1938308e-22,9.8174045e-11
610000,87,498,0,-9.484975e-13,4.4263357e-11,2.8689902e-12,6.3454293e-16,1.5091612e-17,1.2284493e-10
610000,359,245,0,-1.5886896e-13,5.3644075e-11,3.5556382e-12,3.3570669e-16,2.8197031e-09,2.6215505e-12
610000,23,442,0,-7.6645347e-13,5.5585033e-11,3.1899889e-12,6.332425e-16,3.0076607e-12,6.3193134e-10
610000,434,475,0,-1.6794407e-12,8.3727074e-11,5.6549026e-11,1.0497907e-11,2.6778241e-11,2.0827824e-10
610000,147,241,0,7.679238e-11,1.9319803e-11,5.736389e-20,1.4949448e-33,2.332285e-09,2.3373282e-11
610000,245,33,0,-5.94237e-13,2.7549966e-11,2.0566225e-15,1.0719552e-23,2.6506438e-12,3.0296196e-10
610000,120,110,0,2.3414397e-11,3.03288e-11,7.454341e-21,9.9295746e-36,5.507419e-18,1.13221585e-10
610000,294,258,0,4.0444877e-11,3.2091127e-13,6.910539e-28,0.0,4.1455203e-29,3.0640704e-10
610000,91,316,0,8.600364e-11,5.2619766e-11,1.513914e-19,9.245233e-34,4.125915e-15,2.7847622e-11
610000,108,446,0,1.6952882e-12,2.2830425e-11,3.1410643e-13,2.8717355e-18,3.9387523e-15,1.7961457e-10
610000,394,282,0,1.6579936e-10,1.5555014e-11,2.0971603e-16,1.1291364e-25,1.8494463e-17,1.3303358e-10
610000,282,112,0,9.392065e-13,2.7779083e-11,3.0810163e-13,1.765136e-18,6.7301035e-16,1.2875188e-10
610000,40,144,0,-1.3710019e-12,1.015155e-10,8.1802966e-14,3.8975458e-20,2.4555444e-11,2.7962457e-10
610000,350,230,0,6.1405408e-12,1.1122853e-11,5.656314e-20,7.3376676e-35,2.739752e-16,7.8822105e-12
610000,336,96,0,1.0373664e-09,1.9689202e-11,3.140175e-13,5.940108e-19,8.281022e-17,1.8971788e-11
610000,396,44,0,-1.0227199e-12,8.066449e-11,3.334928e-12,1.8957256e-15,2.6299019e-11,7.8211576e-11
610000,480,274,0,-1.0431747e-12,4.7482757e-11,1.507743e-13,1.08807e-19,4.6995985e-18,2.940984e-10
610000,64,178,0,3.0577155e-12,2.4873076e-11,3.1016176e-16,9.005439e-26,2.0675883e-14,3.0720841e-09
610000,264,351,0,8.909117e-11,2.544328e-12,2.3702416e-13,6.5594277e-18,4.0707577e-21,3.0173255e-09
610000,134,313,0,3.042665e-10,6.766052e-12,8.747804e-22,3.4679227e-37,4.8078273e-23,3.0022327e-09
610000,266,337,0,2.0743077e-11,1.9945e-11,2.9033153e-22,1.6399175e-37,3.5430488e-15,6.569552e-12
610000,36,192,0,-6.1898143e-13,2.8843903e-11,4.640019e-12,2.032871e-15,1.8629692e-16,1.6123955e-10
610000,219,298,0,1.0976099e-10,2.4641264e-17,4.6341156e-35,0.0,0.0,1.4263488e-11
610000,16,277,0,-8.623115e-13,4.5144114e-11,1.1850532e-25,1e-45,1.2038392e-12,4.7816636e-11
610000,111,256,0,1.1798445e-11,9.396128e-14,6.070552e-20,7.945973e-35,4.740141e-37,4.908818e-11
610000,22,470,0,-1.1302987e-12,4.7227864e-11,3.274683e-14,1.9564251e-21,1.4629422e-15,5.3675653e-10
610000,232,366,0,1.4765354e-11,2.6691563e-12,7.221137e-21,3.8331616e-36,1.5566576e-25,9.045004e-14
610000,316,459,0,5.473881e-12,2.076565e-11,1.6903625e-13,1.3277313e-18,4.8244044e-18,1.1904261e-10
610000,435,415,0,5.388471e-13,8.914205e-11,6.902751e-14,5.482506e-21,2.438282e-11,2.9297967e-11
610000,335,81,0,2.8103295e-10,3.9858845e-11,1.0757411e-13,7.772385e-20,2.0716833e-13,2.6244437e-10
610000,31,123,0,-1.1133861e-12,4.8248634e-11,1.4561109e-10,1.2634153e-11,6.506874e-12,6.771642e-11
610000,116,446,0,2.5311689e-12,2.7556709e-11,3.2568783e-15,3.9988728e-24,1.2755636e-16,8.3416385e-11
610000,45,350,0,1.2319541e-13,2.4499465e-11,6.8234116e-12,7.154188e-15,2.9519234e-17,1.0124374e-10
610000,124,395,0,3.9846879e-10,1.1504775e-12,1.8785926e-13,6.6846914e-17,7.7423837e-19,3.0117124e-09
610000,452,231,0,-7.007778e-13,2.8213177e-11,5.366621e-13,2.5679444e-18,1.04729205e-16,3.0131793e-09
610000,342,17,0,-7.6253814e-13,3.5147305e-11,1.7309624e-16,6.3040296e-25,3.0048422e-16,3.084983e-09
610000,124,26,0,-2.936585e-13,1.00222886e-11,1.903197e-15,2.4671684e-24,6.990181e-21,3.1291596e-09
610000,411,432,0,6.065011e-10,6.2889575e-11,8.1702345e-14,4.4333692e-20,2.78283e-12,3.0605403e-09
610000,20,188,0,-5.7234637e-13,1.9817445e-11,3.3806185e-12,8.3610013e-16,7.834789e-15,3.148222e-09
610000,117,15,0,-6.4790534e-13,3.3675812e-11,3.371411e-11,6.0064106e-13,1.7391922e-12,3.1028073e-09
610000,309,416,0,4.9481335e-12,8.669617e-12,4.5505886e-14,2.312503e-21,1.3117668e-23,3.0915326e-09
610000,278,81,0,5.339461e-12,6.8299203e-12,1.2027547e-17,1.8150512e-26,2.2092976e-23,3.0507477e-09
610000,241,489,0,-7.824673e-13,3.8920027e-11,8.732803e-13,1.9558992e-17,1.9263433e-14,3.0254956e-09
610000,201,325,0,1.2682358e-10,2.3282587e-09,1.4914133e-32,0.0,4.1188795e-09,7.014035e-17
610000,225,139,0,1.8255801e-11,4.6223485e-13,6.205789e-17,3.9396295e-27,2.359489e-33,1.06630024e-10
610000,312,9,0,-1.041462e-12,7.881007e-11,1.2251938e-21,1.7597732e-38,2.8027548e-12,6.872487e-11
610000,71,148,0,-5.555863e-13,1.2216351e-11,1.1275421e-14,5.8822114e-22,7.295218e-24,2.0183234e-10
610000,152,320,0,1.9969908e-10,1.0013551e-11,3.8762244e-14,6.138879e-21,2.1982929e-18,1.0246264e-11
610000,230,215,0,1.2123046e-10,2.1543751e-11,4.390483e-19,4.0683653e-30,3.830329e-11,2.1859134e-11
610000,163,57,0,1.3092399e-11,1.2482987e-11,5.3493016e-17,6.7677737e-28,4.407519e-19,7.561514e-11
610000,367,469,0,-5.4107126e-13,6.759158e-11,7.620012e-12,1.2130767e-14,1.9036827e-12,1.4648227e-10
610000,91,441,0,2.2207758e-11,4.5441196e-11,7.062294e-14,1.03635924e-20,1.5053922e-13,3.6492193e-10
610000,313,33,0,1.5599816e-12,4.6362435e-11,6.6666453e-13,3.4789583e-18,7.284796e-16,6.6208224e-12
610000,149,430,0,4.0185706e-12,1.6846484e-11,3.8254926e-15,1.23063035e-23,7.674369e-21,2.345786e-10
610000,164,468,0,-4.2770824e-13,1.5814417e-11,1.0072574e-12,2.6626434e-17,3.335228e-20,1.5873115e-10
610000,68,408,0,2.946209e-10,1.0403419e-10,8.8882155e-14,1.65319e-19,2.2507853e-11,3.1184246e-11
610000,93,19,0,-6.402132e-13,6.2435447e-12,2.8588876e-11,6.4994126e-14,5.956251e-16,6.806623e-11
610000,13,85,0,-1.11041e-12,5.336552e-11,1.05160394e-10,4.9349626e-12,1.1623455e-12,2.1811072e-10
610000,40,311,0,-5.5274985e-13,3.2853657e-11,6.5876944e-12,5.2911997e-15,1.0833416e-15,3.0724359e-09
610000,430,183,0,3.8334433e-11,4.039156e-11,1.5051004e-11,5.5805034e-14,2.5444954e-15,3.0247123e-09
610000,349,37,0,-8.7670745e-13,6.0614895e-11,1.4465985e-10,1.2435197e-11,3.3246708e-12,2.998171e-09
610000,56,81,0,-9.308609e-13,7.007511e-11,2.1478396e-12,7.6206866e-17,3.325591e-11,3.0956873e-09
610000,470,40,0,-1.4741822e-12,8.105606e-11,1.4189395e-11,1.5265987e-14,2.629882e-11,3.1785108e-09
610000,2,396,0,-5.9300346e-13,6.4922408e-12,7.152793e-13,1.10373604e-17,3.6568706e-21,2.361816e-10
610000,408,25,0,-1.4554452e-12,7.892401e-11,6.1402455e-14,2.245696e-20,1.3566286e-13,3.269417e-09
610000,403,140,0,6.1384633e-11,3.531715e-11,4.7385286e-14,8.589091e-21,2.2086393e-12,3.0367246e-09
610000,34,451,0,-2.5588506e-14,3.4370867e-11,1.0422746e-10,4.3373274e-12,9.469254e-13,3.347113e-09
610000,417,16,0,-1.7434792e-12,8.531421e-11,3.1769025e-11,5.031258e-13,2.3371942e-12,3.0467213e-09
610000,62,470,0,-7.6901e-13,5.4017995e-11,9.773015e-12,2.5933936e-15,3.587686e-15,3.222397e-09
610000,298,341,0,2.3340128e-11,4.1645715e-11,1.5909215e-11,9.720178e-14,3.3253882e-11,3.0046767e-09
610000,463,54,0,9.684147e-13,9.372596e-11,1.5952183e-10,1.0530032e-11,2.6068636e-10,3.1655405e-09
610000,284,53,0,3.3436368e-11,8.218874e-11,1.0679485e-14,6.387387e-23,1.8402824e-11,4.5658873e-11
610000,383,342,0,9.73077e-13,7.6977175e-12,6.615693e-23,4.67051e-40,1.5814903e-22,3.0704006e-09
610000,326,492,0,-5.8203827e-13,3.216139e-11,1.1577647e-11,1.9969642e-14,1.5033793e-15,3.081211e-09
610000,497,245,0,-6.5827004e-13,3.219728e-11,3.8549376e-12,2.1942144e-16,3.3861804e-12,2.9894227e-09
610000,147,137,0,6.7546875e-12,4.039476e-11,1.25122905e-17,9.7390756e-29,3.224906e-11,2.9946865e-09
610000,408,284,0,4.649397e-10,7.851989e-12,1.4092985e-21,8.498631e-38,3.960346e-21,3.0042708e-09
610000,454,15,0,-1.5857969e-12,8.9748986e-11,3.1951802e-11,5.511598e-13,1.6225837e-11,3.2232887e-09
610000,167,137,0,2.6009545e-10,9.384711e-12,5.9249724e-14,7.312263e-21,1.0658219e-19,3.0245944e-09
610000,164,430,0,4.5244286e-12,1.830026e-11,6.3200635e-17,1.735408e-27,2.6760078e-21,3.0364662e-09
610000,1,399,0,-6.491006e-13,2.739926e-11,3.9201535e-14,1.753119e-21,5.2891745e-17,3.227595e-09
610000,144,131,0,7.416629e-12,2.0670986e-11,6.692804e-19,7.209069e-30,9.2559575e-18,3.6356495e-12
610000,54,461,0,2.431548e-12,6.742273e-11,2.2833055e-12,3.986562e-17,3.053349e-10,3.3013323e-09
610000,338,197,0,9.406277e-10,1.3261003e-11,4.880212e-34,0.0,2.436495e-16,2.9887885e-09
610000,402,364,0,-4.9584897e-13,3.874157e-12,1.8945394e-24,6.2246e-41,2.1056216e-25,6.4685264e-11
610000,77,25,0,-7.831983e-13,7.473363e-11,9.356418e-13,8.395343e-18,2.2854554e-09,3.3040826e-09
610000,90,441,0,2.497468e-11,4.3864645e-11,1.4021258e-13,1.1880933e-19,2.315429e-12,3.0578025e-09
610000,471,118,0,2.465532e-12,6.090065e-11,1.802342e-12,1.1010513e-16,5.7274626e-14,3.2018512e-09
610000,447,81,0,4.775615e-11,4.6148425e-11,1.7263194e-11,2.4934851e-14,1.7216974e-11,3.1176688e-09
610000,477,326,0,-5.874382e-13,4.245155e-11,4.9498124e-17,8.568825e-29,3.7292818e-11,8.522266e-11
610000,221,74,0,2.8921617e-11,7.100218e-13,9.5449045e-11,1.0213927e-10,6.203204e-10,3.2224647e-09
610000,392,394,0,4.2491252e-13,5.960446e-11,8.516336e-11,1.9957322e-11,1.18815565e-11,2.9955205e-09
610000,78,433,0,2.2040708e-10,4.86914e-11,2.6110297e-14,1.5486342e-21,2.9371652e-10,3.167177e-09
610000,470,464,0,-8.7489217e-13,3.9119586e-11,3.7583797e-11,4.128616e-13,1.1517842e-13,3.114221e-09
610000,433,75,0,4.9396676e-10,4.9703557e-11,3.345101e-14,4.343176e-21,6.7192167e-13,3.1558698e-09
610000,385,436,0,1.2155359e-11,8.80878e-12,3.8953365e-11,7.7889984e-13,3.2096382e-14,3.1023955e-09
610000,399,99,0,2.139451e-10,5.9266786e-11,9.980481e-13,5.0008293e-17,3.1540165e-12,3.0727312e-09
610000,27,2,0,-2.2241336e-13,3.264728e-11,2.2125034e-23,8.255e-42,1.5091351e-17,3.1629415e-09
610000,74,174,0,1.217894e-11,1.4921677e-11,7.168092e-19,8.871349e-32,1.0253135e-20,3.1875595e-09
610000,327,405,0,3.8374536e-11,1.8601924e-11,5.6342122e-11,6.599702e-13,2.144372e-14,3.0241325e-09
610000,159,3,0,-6.30078e-13,4.5604017e-11,4.265719e-11,8.8675063e-13,4.009383e-14,3.0633787e-09
610000,190,484,0,-6.238852e-13,4.9355516e-11,7.544725e-13,1.2426968e-17,1.2902332e-15,3.6098133e-09
610000,214,165,0,2.5475251e-12,1.6008442e-14,1.12860435e-29,0.0,1.84565e-40,2.9900624e-09
610000,258,160,0,5.209735e-12,3.1053153e-11,1.46699445e-33,0.0,1.7128207e-12,3.0820624e-09
610000,22,253,0,-8.8195846e-13,8.5098414e-11,9.492908e-11,1.9034068e-11,3.4076676e-11,3.1657494e-09
610000,175,289,0,5.9115234e-11,1.661177e-11,3.4092995e-32,0.0,1.3141952e-19,2.9887863e-09
610000,477,256,0,-6.250129e-13,2.3813663e-11,1.8664975e-13,2.1882818e-19,2.2419458e-17,3.148468e-09
610000,292,26,0,-3.4986985e-13,3.921257e-11,3.059167e-12,8.1381433e-16,2.0677074e-14,3.1367362e-09
610000,83,484,0,-9.759966e-13,6.208945e-11,1.9428311e-11,9.1667186e-14,4.10986e-12,3.3961478e-09
610000,68,397,0,3.0186276e-10,4.6847852e-11,7.5905376e-20,3.6819311e-31,9.403929e-18,3.0705227e-09
610000,79,408,0,5.6847754e-10,4.8730176e-11,1.8432475e-15,1.0786886e-24,1.3685683e-13,3.101383e-09
610000,373,431,0,1.7223978e-12,8.466403e-11,4.627389e-13,1.1623238e-18,4.0615282e-11,3.109144e-09
610000,73,341,0,2.929021e-10,1.861642e-11,4.126414e-14,1.9250577e-21,6.5899064e-17,3.040532e-09
610000,55,108,0,-1.3062898e-12,4.3323536e-11,1.100521e-14,8.647996e-23,1.213481e-16,3.1944647e-09
610000,472,59,0,-1.3479746e-12,1.2590574e-10,6.8826863e-12,2.9827613e-15,3.3657843e-10,3.6111694e-09
610000,279,374,0,2.917268e-10,2.3540852e-11,3.3779958e-15,7.320764e-24,4.0662525e-14,3.0333536e-09
610000,41,126,0,-1.1355832e-12,9.15798e-11,1.6853867e-13,2.2115744e-19,9.069972e-13,3.0490328e-09
610000,291,225,0,3.3542617e-11,4.5149457e-11,1.2547237e-34,0.0,9.222854e-16,2.9887979e-09
610000,271,27,0,-8.4545066e-13,7.110906e-11,7.7262124e-14,1.6162749e-20,2.4626661e-12,3.13603e-09
610000,364,324,0,6.887089e-11,6.186191e-11,2.1739412e-25,2.55e-41,3.1115481e-12,3.001011e-09
610000,389,483,0,-1.1801601e-11,2.2986661e-09,4.274413e-13,1.680103e-18,4.1188453e-09,3.6871997e-10
610000,466,264,0,1.3925092e-12,6.3146245e-11,1.1668974e-12,8.189281e-17,2.8161468e-10,1.5534934e-10
610000,420,427,0,8.771183e-11,2.309507e-09,1.2393109e-11,4.2064554e-14,4.119481e-09,1.4782403e-10
610000,464,365,0,-1.1612292e-11,2.292392e-09,1.7562198e-12,3.3622414e-17,4.118945e-09,1.0460908e-10
610000,220,264,0,3.1092715e-11,1.7417217e-11,3.5556434e-27,0.0,2.0293899e-11,5.2870343e-12
610000,142,78,0,1.1669565e-10,2.0403634e-11,6.477523e-16,2.9986942e-25,8.759655e-18,4.564144e-11
610000,58,417,0,3.0510736e-10,1.4082667e-10,5.136795e-13,9.939028e-18,3.2815642e-10,3.750111e-11
610000,176,214,0,1.122517e-11,1.34899435e-11,3.7407164e-30,0.0,3.3345229e-15,2.2346235e-12
610000,133,182,0,1.0937533e-10,5.6827563e-12,0.0,0.0,1.2521155e-21,1.1660861e-10
610000,158,13,0,-6.17309e-13,4.8072955e-11,7.355647e-13,4.218008e-18,1.71467e-13,7.573929e-11
610000,287,96,0,4.0956607e-13,4.2970686e-11,1.1175165e-15,3.83093e-24,1.2706679e-11,8.919611e-11
610000,383,433,0,7.5504256e-12,1.1430125e-11,1.6785239e-12,1.8649242e-17,1.5584214e-21,7.215693e-11
610000,363,462,0,8.221388e-13,4.232383e-11,1.5371452e-11,1.8155795e-14,4.3368784e-11,1.7101641e-10
610000,408,39,0,-4.1151498e-13,4.2665163e-11,7.284242e-13,6.5648056e-18,1.5985525e-16,2.7031388e-10
610000,173,326,0,1.7989069e-11,3.91494e-11,1.3437669e-25,8.21e-43,2.2889374e-10,5.6998142e-11
610000,400,111,0,2.0741778e-10,3.978108e-11,3.2533858e-12,3.3148282e-16,2.4253219e-12,2.7613032e-11
610000,345,432,0,4.3840923e-10,7.064293e-11,1.3546101e-14,3.2642427e-21,2.7015183e-09,1.7156379e-10
610000,215,153,0,1.7001749e-11,4.862338e-12,1.0533728e-19,1.6868533e-32,2.1014536e-22,7.349335e-11
610000,379,409,0,7.297611e-12,5.667498e-11,1.7807231e-12,7.794434e-17,9.656463e-15,5.2003155e-11
610000,368,490,0,-6.5515995e-13,2.2800936e-11,1.0772965e-12,8.320544e-18,7.087362e-15,3.6525232e-09
610000,304,63,0,6.7084943e-10,5.4015126e-11,3.2795988e-11,1.6955706e-12,2.969137e-12,5.9589694e-11
610000,76,50,0,2.1735662e-12,5.642349e-11,1.5458659e-11,2.3043907e-14,1.3790614e-12,3.2814282e-09
610000,46,68,0,-9.811754e-13,6.793533e-11,1.5229661e-12,1.8384781e-16,1.532813e-12,3.2938545e-09
610000,52,270,0,4.500539e-11,1.2300706e-11,1.7835767e-13,9.895851e-19,4.5979194e-21,3.0848784e-09
610000,432,358,0,-5.790783e-13,4.9585967e-11,5.3855588e-14,3.30014e-21,3.475185e-13,3.1725436e-09
610000,83,438,0,8.141552e-11,3.9357233e-11,5.8461747e-12,3.1988686e-15,3.6197056e-17,3.1860068e-09
610000,0,412,0,-8.831542e-13,3.555307e-11,3.609285e-09,7.2518813e-10,1.1560504e-09,1.14621826e-10
610000,0,199,0,-4.491593e-13,1.5520179e-11,8.0115027e-13,2.6554802e-17,2.5646606e-19,3.6552736e-09
610000,421,31,0,-7.316507e-13,5.733229e-11,5.685134e-12,1.5680406e-15,2.9426897e-15,3.274224e-09
610000,230,464,0,-4.5691565e-13,2.6610604e-11,3.7335396e-10,4.8529545e-11,3.1593894e-11,1.0881431e-10
610000,20,72,0,-1.4607385e-12,1.0849841e-10,3.6031043e-11,5.507868e-13,2.3330238e-10,2.345773e-10
610000,86,413,0,8.0291723e-10,8.2732134e-11,2.9651934e-11,7.4987423e-13,2.2382978e-09,3.1125083e-09
610000,55,239,0,7.124909e-12,9.2746765e-12,3.332825e-12,2.704171e-16,1.5142719e-19,3.0490923e-09
610000,458,466,0,-8.773299e-13,4.3026162e-11,1.8438442e-10,5.867325e-11,5.4557584e-11,3.5316934e-09
610000,99,3,0,-4.4539874e-13,1.2598741e-11,3.1903566e-12,2.9938544e-16,8.187407e-18,3.6897172e-09
610000,429,240,0,5.3257724e-12,3.338324e-11,7.2867174e-16,1.1439777e-25,7.413095e-13,3.0395166e-09
610000,337,488,0,-4.948759e-13,2.5287774e-11,7.431274e-12,1.0749593e-14,2.2086883e-12,3.0149383e-09
610000,470,329,0,-4.728422e-13,3.285094e-11,1.4996369e-15,6.3280257e-25,3.1313515e-12,5.4879806e-11
610000,477,139,0,2.1310228e-13,5.6500568e-11,8.5017974e-13,6.1426937e-18,1.1282773e-12,3.1940677e-09
610000,97,489,0,-8.617957e-13,5.363111e-11,3.4443405e-12,4.0369328e-16,2.1531702e-12,3.2279255e-09
610000,16,473,0,-1.1770912e-12,6.315351e-11,2.938673e-11,7.75015e-13,4.1827249e-13,3.415979e-09
610000,248,494,0,-8.1044194e-13,5.4453338e-11,3.462278e-09,7.191878e-10,1.153275e-09,2.3591978e-10
610000,48,452,0,1.1104639e-11,7.9714235e-11,6.435697e-11,1.9793774e-11,1.3324822e-11,3.9546388e-10
610000,379,143,0,1.6616837e-10,1.472823e-11,2.53919e-17,3.1299175e-27,7.133508e-18,3.0100917e-09
610000,289,389,0,8.3703926e-11,5.6201033e-11,5.1180334e-11,4.2997676e-12,6.831226e-13,2.9953624e-09
610000,383,317,0,1.4301405e-11,1.4280419e-11,3.0526403e-25,3.8481e-41,3.254719e-14,5.2967695e-12
610000,438,163,0,1.8092844e-12,3.395427e-11,3.4623648e-09,7.191878e-10,1.1535229e-09,5.3006727e-11
610000,464,495,0,-2.650909e-13,4.2994438e-11,8.665831e-11,1.1097382e-10,9.0382096e-10,3.3523662e-09
610000,455,289,0,3.0774334e-11,4.7167475e-11,1.789613e-13,7.6055e-20,2.4163438e-10,3.183121e-09
610000,102,467,0,-7.691117e-13,1.9195954e-11,7.6993575e-15,2.624171e-22,7.392366e-21,3.238007e-09
610000,22,376,0,-7.150455e-13,4.6215608e-11,3.2067678e-12,2.9936736e-16,4.2908696e-16,3.1746599e-09
610000,245,488,0,-7.881544e-13,5.7268083e-11,6.6028577e-15,7.018892e-23,2.800486e-10,2.9941725e-09
610000,425,132,0,3.6090422e-11,4.6653247e-11,4.5753424e-13,3.919225e-18,1.0003849e-14,3.1442122e-09
610000,462,432,0,-9.008487e-13,2.1069368e-11,1.04510816e-16,2.6177006e-26,2.0953795e-19,3.0520306e-09
610000,488,321,0,-6.236138e-13,4.085547e-11,7.5940235e-12,1.2151935e-14,1.625196e-15,3.1292426e-09
610000,404,350,0,-5.159297e-13,2.3519903e-11,1.2590809e-20,3.2407683e-30,1.814572e-17,3.0699148e-09
610000,474,312,0,-5.7538e-13,2.8709575e-11,6.611264e-12,2.2940327e-15,6.8416466e-17,4.0603866e-12
610000,457,205,0,-5.1800567e-13,3.516277e-11,4.340625e-13,9.580209e-18,5.530247e-18,3.0333207e-09
610000,135,33,0,6.8889897e-13,4.2829046e-11,1.3479134e-14,1.5870822e-22,3.8304266e-11,2.9261374e-10
610000,492,431,0,-5.885588e-13,7.279946e-12,1.2807308e-14,4.6639135e-23,2.8944793e-22,3.176702e-09
610000,367,441,0,4.7768022e-12,1.3331074e-10,5.4182176e-11,4.7247666e-12,2.0598339e-12,3.1963998e-09
610000,463,46,0,-5.5683697e-13,8.26442e-11,3.0175636e-11,1.0856547e-13,2.2040384e-15,3.2457177e-09
610000,242,65,0,1.8597051e-11,7.791954e-11,9.318927e-21,1.5220772e-35,2.0008536e-10,3.1992904e-09
610000,235,456,0,8.117137e-13,2.8471918e-11,1.6392138e-12,3.343883e-17,1.4609149e-16,3.0845888e-09
610000,42,107,0,-1.4068788e-12,1.0974499e-10,6.428581e-13,2.5483776e-18,5.68715e-13,1.5262795e-10
610000,26,241,0,-6.433014e-13,1.8663853e-11,6.721822e-14,5.700091e-21,2.1507112e-21,3.0417837e-09
610000,128,172,0,1.1428852e-11,2.8338653e-11,0.0,0.0,1.8976656e-13,3.0559446e-09
610000,57,484,0,-1.1617858e-12,7.687982e-11,2.2411803e-13,2.8885708e-19,3.7497328e-11,1.6003689e-10
610000,7,258,0,-1.0002186e-12,8.7195175e-11,2.7491022e-14,1.3893817e-21,1.12893575e-11,6.794558e-11
610000,367,51,0,8.8406767e-13,7.530727e-11,1.16846365e-14,5.868503e-22,1.6080382e-13,2.4264488e-10
610000,26,63,0,-1.2025952e-12,5.8030403e-11,5.3289765e-15,3.6149163e-23,1.6309999e-13,3.146603e-09
610000,280,323,0,1.4686126e-11,6.5643944e-12,4.5238415e-27,0.0,3.3782858e-22,3.0652494e-09
610000,376,44,0,-1.2679188e-12,8.247681e-11,1.7219645e-10,7.18704e-11,8.632521e-11,3.1069123e-09
610000,492,123,0,-1.1272395e-12,5.506219e-11,2.9649314e-11,7.750153e-13,4.0772375e-14,1.1722229e-10
610000,487,6,0,-1.2927559e-12,7.8079244e-11,1.2406407e-12,2.2721884e-17,5.0878186e-14,3.065141e-09
610000,38,389,0,2.9099093e-11,2.4014393e-11,5.1503125e-11,1.0792985e-12,5.4208476e-14,3.1515894e-09
610000,289,61,0,1.3106514e-10,5.514043e-11,1.572105e-11,8.162478e-15,3.0931566e-14,3.351698e-09
610000,198,21,0,-6.34526e-13,3.4415148e-11,1.1564273e-11,1.7349423e-14,3.0186542e-16,3.0977916e-09
610000,52,499,0,-9.761019e-13,4.1266254e-11,6.7962608e-15,2.887562e-22,1.2977097e-16,3.462171e-09
610000,9,445,0,-7.5507054e-13,5.6582315e-11,1.0213721e-10,3.110495e-12,2.8319289e-10,3.4225813e-09
610000,132,388,0,4.1409903e-10,1.5565071e-12,7.3803595e-11,1.9732773e-11,1.1008716e-11,3.094491e-09
610000,484,74,0,-1.4574661e-12,1.5241733e-10,7.878062e-15,3.58129e-21,8.895963e-12,3.3468117e-09
610000,498,487,0,-7.557921e-14,2.3677553e-11,5.7353346e-14,8.9834535e-20,5.6888786e-14,3.250653e-09
610000,195,10,0,-3.7862988e-13,6.379948e-12,2.1323835e-13,1.5233844e-19,2.643411e-19,3.0539764e-09
610000,442,73,0,2.0735846e-10,3.548869e-11,1.3098755e-11,1.8324485e-14,8.0651996e-17,3.0144016e-09
610000,269,467,0,7.38287e-12,7.636295e-12,1.629816e-12,5.48773e-17,1.2212811e-20,3.0442255e-09
610000,14,296,0,-9.871268e-13,5.1611142e-11,2.2785524e-17,1.8054461e-26,4.8877037e-15,9.7955824e-11
610000,24,449,0,-9.128577e-13,5.249578e-11,8.103113e-11,4.7767203e-11,8.294196e-11,3.0992084e-09
610000,379,488,0,-9.760775e-13,3.132074e-11,6.680947e-16,9.006548e-25,3.0045466e-16,3.363099e-10
610000,305,60,0,5.0985743e-10,5.5587444e-11,3.120553e-12,8.137484e-16,1.8069441e-12,3.0335023e-09
610000,476,399,0,-8.0721736e-13,2.2061452e-11,6.480756e-15,3.1786914e-22,3.015955e-16,3.1121514e-09
610000,99,61,0,1.2956947e-10,7.5411295e-11,8.7858866e-11,4.4355748e-11,8.767996e-11,3.2508187e-09
610000,353,193,0,2.0767353e-10,1.7274232e-12,3.6040127e-22,1.0148522e-37,3.2757814e-25,2.988788e-09
610000,287,55,0,6.7381184e-11,8.419148e-11,3.9225906e-13,5.722401e-18,2.2543952e-12,3.1724186e-09
610000,25,414,0,2.251277e-12,6.7555204e-11,6.464293e-11,3.6323704e-12,3.4737546e-11,3.3543839e-09
610000,26,324,0,-7.1098466e-13,1.4804219e-11,6.5693506e-13,2.3531026e-18,9.133183e-18,5.4530318e-11
610000,1,62,0,-1.0460453e-12,4.0374277e-11,4.061403e-15,3.0856443e-23,6.6002094e-16,3.268965e-09
610000,36,206,0,-6.572994e-13,4.0345605e-11,9.806202e-12,9.928909e-15,2.556442e-16,1.8039462e-10
610000,193,38,0,-7.0141007e-13,9.623745e-11,5.8447122e-18,1.7422701e-28,6.4483063e-12,3.0820935e-09
610000,454,310,0,6.414992e-13,1.4792204e-11,2.0098552e-14,2.8150402e-22,3.3345229e-15,3.0395302e-09
610000,35,78,0,-1.2279946e-12,8.0902736e-11,2.238644e-11,1.163416e-13,1.299781e-12,3.320007e-09
610000,21,176,0,-8.333756e-13,2.1494674e-11,9.655998e-11,1.28011e-10,6.7367883e-10,1.9828082e-10
610000,490,54,0,-1.6771266e-12,8.527672e-11,4.0936963e-12,2.5846993e-16,7.229307e-14,3.3333372e-09
610000,494,485,0,-2.8862682e-13,6.759358e-11,1.2968203e-12,6.4870796e-18,2.2752377e-12,3.2906817e-09
610000,417,60,0,8.200244e-11,2.6350054e-11,7.431572e-12,1.0749593e-14,5.065268e-17,3.2061724e-09
610000,122,472,0,-4.4385275e-13,2.7340012e-11,4.2940323e-15,4.133507e-24,2.961974e-10,3.050305e-09
610000,10,262,0,-1.0014818e-12,9.357857e-11,4.056927e-16,1.2064306e-24,1.0504519e-12,1.1044399e-10
610000,383,331,0,1.2284257e-12,2.0320873e-11,8.075852e-31,0.0,3.2113193e-20,3.0519098e-09
610000,379,133,0,4.0155827e-11,2.0907645e-11,1.5705791e-20,4.900844e-36,1.7452173e-16,3.0264236e-09
610000,322,68,0,3.3880895e-11,6.4555054e-12,4.389187e-16,2.8967157e-25,7.991405e-21,3.0456904e-09
610000,108,307,0,1.06893085e-10,3.584006e-11,6.9699257e-19,1.8820584e-30,5.411805e-16,1.454978e-11
610000,100,344,0,1.7352372e-10,1.6023613e-12,1.3265605e-21,2.1124971e-36,3.8860024e-29,3.5551107e-11
610000,55,341,0,8.382489e-12,6.686625e-11,1.2182894e-12,2.2431851e-17,2.5704577e-10,8.4004775e-11
610000,266,210,0,9.9879244e-11,1.8965407e-11,1.9667345e-13,1.2844502e-19,1.7451748e-16,1.7128658e-11
610000,193,140,0,5.94561e-10,3.56328e-12,2.630028e-13,4.1366354e-19,1.25772575e-23,1.0242007e-10
610000,288,197,0,4.7324855e-10,2.6030936e-11,1.0737512e-36,0.0,4.958136e-17,5.9501763e-13
610000,194,267,0,1.5796428e-10,1.6955302e-13,4.63778e-40,0.0,5.5569427e-31,1.8424772e-11
610000,429,303,0,3.8876905e-11,9.117694e-12,9.039739e-16,1.488013e-24,6.969054e-20,6.1554865e-11
610000,296,404,0,7.4860266e-12,2.6168186e-11,1.2066203e-17,3.55557e-28,9.102636e-18,2.5615688e-11
610000,418,434,0,2.221869e-10,1.9547305e-11,2.5285635e-12,4.6244907e-16,1.1859713e-16,8.572453e-11
610000,387,163,0,3.2180497e-10,1.8267205e-11,4.987683e-17,8.49143e-28,1.8185243e-13,1.3088043e-10
610000,466,270,0,2.915257e-12,5.1974897e-11,1.3182823e-10,5.728729e-11,6.661541e-11,4.8274256e-11
610000,397,159,0,5.647762e-10,3.4998e-11,8.3889133e-14,1.0817001e-20,3.776612e-13,4.8784983e-11
610000,339,305,0,7.142254e-11,4.7160525e-11,2.1630765e-15,1.05226e-22,2.6748906e-10,6.139151e-11
610000,392,174,0,8.514845e-11,2.2680193e-12,3.7744012e-14,3.538328e-20,7.612087e-25,1.1557656e-10
610000,80,329,0,2.80636e-10,2.9525476e-11,6.8946003e-12,2.7532622e-15,2.0492561e-13,2.0431762e-11
610000,189,245,0,2.6671798e-10,1.1897387e-12,1.2638775e-29,0.0,5.860918e-31,4.8630635e-15
610000,287,243,0,2.9487898e-11,1.2546906e-12,3.387e-42,0.0,8.4225906e-29,3.696654e-14
610000,165,409,0,3.225008e-10,1.5185285e-11,1.4920172e-12,1.320574e-16,2.508824e-19,6.9543624e-12
610000,83,265,0,2.1311597e-10,8.158263e-12,6.1714495e-13,7.604758e-18,1.0022725e-21,1.246304e-10
610000,376,294,0,2.6306133e-11,1.6943535e-11,3.0462313e-13,2.8714386e-18,4.3591927e-19,1.844071e-11
610000,301,70,0,2.680309e-10,3.0817043e-11,7.388047e-12,3.8621276e-15,1.9647763e-17,3.7599663e-11
610000,233,175,0,1.3988621e-14,2.643824e-13,1.5444128e-32,0.0,6.364242e-34,8.020724e-12
610000,27,2,0,-2.2241336e-13,3.264728e-11,2.2125034e-23,8.255e-42,1.5091351e-17,3.1629415e-09
610000,132,20,0,-4.4400461e-13,2.0224248e-11,3.2288002e-11,3.4530934e-13,2.7786415e-12,4.937122e-11
610000,239,462,0,6.858349e-13,4.9332663e-11,3.3993933e-15,7.951454e-22,2.8577535e-10,3.0695068e-11
610000,373,488,0,-6.923488e-13,2.6280568e-11,4.337272e-15,1.7072782e-23,5.625023e-16,2.2131998e-10
610000,36,450,0,8.653857e-13,3.073588e-11,6.706044e-11,7.147668e-13,4.567417e-14,4.2847398e-10
610000,433,462,0,-6.726802e-13,8.001448e-11,1.8595142e-13,3.0354571e-19,4.352435e-11,3.4712158e-10
610000,424,197,0,2.0471104e-10,2.3169838e-11,1.3835028e-18,1.16053875e-29,1.7668696e-16,3.228427e-12
610000,73,20,0,-8.534682e-13,8.876876e-11,9.2441645e-11,1.833647e-11,3.085665e-10,1.0217242e-10
610000,461,493,0,-3.9400368e-13,5.037253e-11,8.062753e-11,1.0558492e-11,6.050371e-12,1.1252033e-10
610000,233,77,0,9.508855e-11,4.9474674e-11,9.147475e-12,6.170276e-15,9.851967e-13,1.11961915e-11
610000,33,81,0,-1.2547956e-12,7.861804e-11,9.9786485e-11,1.3574643e-10,9.974932e-10,2.055661e-10
610000,438,481,0,-1.6511519e-12,1.1422688e-10,2.954798e-11,7.7501514e-13,1.2447836e-12,3.0287442e-10
610000,1,154,0,-1.4462486e-12,4.927947e-11,5.0970373e-23,1.8077e-41,1.1435626e-13,1.9221212e-10
610000,111,477,0,-6.6828265e-13,5.603061e-11,1.050481e-11,1.03055255e-14,4.3509597e-13,1.6772857e-10
610000,456,477,0,-9.026027e-13,5.014805e-11,3.763287e-11,7.9229256e-13,1.2023069e-12,9.702038e-10
610000,259,19,0,-6.5462815e-13,5.6164528e-11,8.6337255e-14,2.6821823e-19,8.5270837e-13,9.979605e-11
610000,17,85,0,-1.2160677e-12,9.6435075e-11,2.6021576e-12,2.9581376e-16,4.1801155e-13,1.862309e-10
610000,193,425,0,2.867282e-11,1.2016603e-11,6.6863656e-18,1.139401e-28,3.2971326e-19,9.374418e-11
610000,305,37,0,8.610008e-12,9.299338e-11,3.1956978e-12,4.1661967e-16,2.7511006e-12,5.852855e-11
610000,30,22,0,-9.943745e-13,3.7158023e-11,2.0850192e-14,1.0399732e-20,3.3894915e-16,5.492197e-10
610000,39,219,0,-6.178779e-13,2.0745879e-11,3.2026975e-11,1.7940063e-12,3.0689053e-13,1.5018876e-10
610000,488,485,0,-5.1080375e-13,6.682933e-11,4.0059987e-11,2.5584854e-13,2.5353397e-09,3.08404e-10
610000,265,21,0,-8.2614254e-13,5.555928e-11,1.8100217e-14,2.2274126e-21,1.5326114e-12,3.8934227e-11
610000,24,402,0,1.9564552e-12,1.1832191e-10,1.4748354e-11,1.923537e-14,3.623361e-13,5.4780416e-11
610000,63,172,0,7.420895e-13,2.6624855e-11,1.0889229e-12,1.7466615e-17,2.0026311e-12,1.0093509e-10
610000,499,163,0,-1.3773645e-12,3.132858e-11,1.4317161e-12,8.042206e-18,3.1775679e-21,4.0746692e-10
610000,62,20,0,-9.40135e-13,3.1225987e-11,2.8665669e-11,7.327738e-14,1.4002259e-15,2.4063773e-10
610000,41,174,0,-6.389302e-13,2.5652473e-11,5.743679e-13,3.0154369e-18,2.8149082e-15,1.3270858e-10
610000,29,290,0,-5.754695e-13,2.9558037e-11,2.775732e-13,1.5116532e-19,1.7098882e-13,1.392672e-10
610000,437,43,0,1.8265738e-11,8.973272e-11,1.6132672e-11,1.0266345e-13,2.1324564e-11,1.1351843e-10
610000,478,339,0,-6.8919924e-13,4.9230366e-11,1.3885023e-11,3.215259e-14,3.5928988e-12,1.7401322e-11
610000,345,18,0,-8.03268e-13,3.130323e-11,1.4418678e-17,4.65464e-28,2.2928528e-17,2.392295e-10
610000,479,56,0,-1.7912894e-12,1.1676796e-10,9.314499e-12,1.31719536e-14,1.5190281e-11,2.0081911e-10
610000,15,185,0,-6.811224e-13,4.6148085e-11,5.4173988e-11,6.347275e-13,2.5937676e-12,2.0433441e-10
610000,36,78,0,-1.2260724e-12,7.201269e-11,1.3325308e-11,1.6936044e-14,4.6340353e-14,5.897603e-10
610000,152,22,0,-5.62221e-13,5.6860298e-11,7.902672e-12,1.972924e-14,1.9076385e-12,7.081127e-11
610000,99,50,0,1.6922916e-11,2.686172e-11,6.1033074e-11,4.2152024e-12,6.484278e-13,2.0744108e-10
610000,48,208,0,-5.294726e-13,2.508978e-11,1.2235404e-12,2.0959837e-17,3.7802857e-18,1.7454888e-10
610000,405,473,0,-1.2238126e-12,5.1048304e-11,8.971729e-16,6.6554055e-23,9.254351e-16,3.1222333e-10
610000,476,170,0,-1.3985778e-12,7.47669e-11,3.5887666e-16,3.1719378e-22,1.6218008e-12,1.5724033e-10
610000,493,37,0,-1.4224836e-12,4.8542538e-11,6.436487e-11,1.0590808e-11,5.6823105e-12,1.9171315e-10
610000,59,127,0,-1.1688889e-12,6.0141954e-11,2.6121516e-18,1.6714107e-31,1.7216742e-11,8.698882e-11
610000,484,372,0,-7.9532794e-13,3.8012406e-11,2.3519936e-12,2.257973e-16,6.383981e-13,4.41818e-10
610000,161,486,0,-5.654435e-13,3.9068943e-11,3.4888238e-12,2.2192287e-16,3.5952227e-17,9.3669274e-11
610000,58,228,0,9.858984e-13,4.3014224e-11,8.3253787e-13,3.2551195e-17,4.483827e-16,1.04366085e-10
610000,449,222,0,-4.949921e-13,4.4514205e-11,4.561601e-13,2.4240451e-18,3.891459e-14,1.3425512e-11
610000,464,42,0,-1.0869595e-12,7.826261e-11,5.1647393e-12,7.3866826e-16,3.031669e-10,1.6880326e-10
610000,476,22,0,-1.31216e-12,4.1077912e-11,1.3785494e-11,2.8354633e-14,4.857577e-15,2.6470998e-10
610000,28,374,0,-2.4229612e-13,3.1562034e-11,1.6981371e-12,8.762341e-17,2.1322945e-11,2.143679e-10
610000,412,476,0,-1.5700839e-12,3.0363978e-10,5.2014027e-14,3.0826115e-21,3.9420142e-10,1.3677215e-10
610000,377,32,0,-1.3530405e-12,5.067037e-11,1.9829522e-11,3.663648e-14,2.1089706e-12,6.2383494e-11
610000,454,485,0,-8.2644286e-13,2.5602733e-11,4.0973294e-14,1.3043766e-21,9.926943e-18,2.3879088e-10
610000,38,427,0,1.728866e-11,7.336822e-11,1.4133667e-11,5.45482e-15,3.3811381e-13,1.138491e-10
610000,191,443,0,1.053376e-12,9.9041865e-11,3.3724716e-12,4.1674873e-16,1.4747932e-10,9.394053e-11
610000,416,473,0,-1.3606026e-12,1.2177755e-10,1.2007767e-11,2.2821917e-14,7.2505318e-12,2.1684876e-10
610000,46,122,0,-1.1219983e-12,3.9489044e-11,1.7297188e-11,2.30979e-13,1.8284568e-14,2.3981417e-10
610000,88,29,0,-5.720941e-13,7.5929315e-12,3.4285376e-13,7.0696837e-19,8.87474e-22,2.5554425e-10
610000,462,176,0,-1.1716585e-12,5.7440004e-11,2.2202245e-11,1.09222845e-13,6.759556e-15,5.977907e-11
610000,22,236,0,-4.8617013e-13,1.9228234e-11,3.3421292e-15,1.2522161e-22,4.1252927e-19,1.686601e-10
610000,43,66,0,-9.826551e-13,6.40608e-11,6.433612e-13,1.2178644e-17,1.0696439e-12,2.3980157e-10
610000,3,158,0,-1.3780845e-12,5.134243e-11,1.7035014e-19,1.0378428e-33,4.67255e-16,9.395521e-11
610000,53,298,0,2.4026516e-14,3.8030402e-11,6.904978e-11,1.9683293e-11,1.0731115e-11,7.746318e-11
610000,23,123,0,-1.1470077e-12,2.734998e-11,7.31528e-12,7.692225e-15,1.3222013e-14,3.8901354e-10
610000,482,403,0,-9.54205e-13,4.9878518e-11,2.079729e-11,2.3089212e-14,4.2060624e-15,3.507298e-10
610000,474,438,0,-7.681517e-13,2.8977713e-11,1.4060418e-13,4.0402673e-19,9.9638994e-17,1.2210083e-10
610000,45,189,0,-6.7305514e-13,3.6719978e-11,4.0432584e-15,9.992241e-22,6.004107e-17,2.3338875e-10
610000,488,416,0,-9.225419e-13,9.7311235e-11,7.446222e-12,8.263371e-15,1.8863711e-11,1.2239654e-10
610000,16,481,0,-1.1174387e-12,5.931258e-11,5.5497994e-13,3.136126e-18,1.3630032e-12,1.2349612e-10
610000,372,9,0,-1.2474257e-12,8.757155e-11,9.3576155e-14,5.5180274e-21,7.433354e-12,6.933243e-11
610000,11,6,0,-4.151737e-13,5.5600316e-11,6.391195e-16,1.2804263e-23,6.155048e-14,3.931694e-10
610000,166,468,0,-4.3529018e-13,3.161388e-11,2.3931657e-13,3.4262671e-19,9.2410275e-17,8.60563e-11
610000,281,470,0,1.1970094e-12,2.3655758e-11,1.2737524e-10,5.691354e-11,6.765879e-11,2.0845457e-10
610000,12,486,0,-1.1739289e-12,1.2133647e-10,3.142893e-13,3.3812535e-19,1.8914103e-11,1.8658221e-10
610000,340,432,0,7.5534384e-10,6.1626974e-11,6.163587e-12,4.832826e-15,2.042141e-15,2.6787672e-10
610000,484,142,0,-8.370136e-13,4.176906e-11,3.0311145e-16,5.678522e-25,1.4464451e-12,9.0754425e-11
610000,184,464,0,-2.5639592e-13,2.4255077e-12,2.158191e-13,9.6902496e-20,2.5750858e-23,5.399328e-10
610000,119,14,0,-6.054368e-13,2.5492232e-11,4.9799917e-12,1.3925955e-15,1.2896597e-16,8.708723e-11
610000,137,2,0,-7.8176e-13,6.554208e-11,8.288025e-14,2.1038744e-20,1.0784455e-11,1.9423128e-10
610000,36,435,0,6.8064786e-12,1.0269946e-10,1.2949269e-11,1.4316278e-14,2.8578045e-10,3.3519096e-10
610000,51,438,0,1.140921e-10,1.0203332e-10,4.1459444e-12,4.9199494e-15,6.040896e-10,1.934011e-10
610000,444,450,0,-5.4028673e-13,5.8497804e-11,1.2508809e-13,5.1313522e-20,2.60626e-10,2.299457e-10
610000,474,295,0,-5.191073e-13,4.8127516e-11,8.8990086e-11,7.305418e-12,2.8508665e-10,8.423496e-11
610000,498,60,0,-1.401248e-12,7.066237e-11,3.199015e-13,1.0620122e-18,1.6366459e-11,3.137686e-10
610000,285,473,0,1.4471677e-13,2.3816086e-12,9.853705e-12,5.285253e-15,1.3754784e-17,1.4933275e-10
610000,423,491,0,-1.7031274e-12,1.12474065e-10,7.611992e-11,1.1853737e-12,9.791478e-13,2.1048638e-09
610000,55,172,0,-4.637898e-13,2.8994033e-11,2.4811544e-13,2.1181408e-19,5.3354224e-15,1.8300766e-10
610000,70,474,0,-1.0251436e-12,7.865164e-11,2.491087e-11,8.546294e-14,3.3575415e-10,1.5769586e-10
610000,2,29,0,-2.947049e-13,7.4940575e-11,1.4812673e-14,4.5618595e-21,1.8438692e-11,2.4050634e-10
610000,496,146,0,-9.75969e-13,5.218699e-11,1.6791039e-11,2.3214024e-14,1.6220034e-12,2.6056915e-10
610000,482,262,0,-8.3891076e-13,2.6355487e-11,3.512088e-11,1.1386273e-12,6.108063e-14,1.4688244e-10
610000,473,15,0,-1.3273766e-12,4.646668e-11,4.7764015e-12,6.079368e-16,1.6228684e-13,2.1587329e-10
610000,29,455,0,-9.811159e-13,5.793298e-11,2.0725826e-12,8.3116114e-16,2.4328982e-13,1.9340393e-10
610000,29,163,0,-1.0186928e-12,5.46678e-11,3.8655808e-11,7.1012705e-13,1.00324344e-13,2.3484856e-11
610000,245,464,0,2.1080596e-12,6.3382306e-11,1.4740567e-13,4.8691046e-20,3.6382355e-11,2.5013715e-11
610000,11,235,0,-3.8416324e-13,4.615148e-12,2.6036234e-14,4.2377517e-21,1.3777537e-25,3.4452838e-10
610000,238,49,0,-3.3415688e-13,5.4737805e-11,8.254211e-15,1.9027509e-22,1.2858035e-13,5.849945e-11
610000,397,30,0,-1.3953126e-12,1.0552116e-10,2.2299185e-11,1.236846e-13,2.8835e-12,3.902149e-10
610000,366,14,0,-1.1511605e-12,4.510896e-11,4.7749117e-11,4.636996e-12,8.081535e-13,1.3621534e-10
610000,404,21,0,-1.5823346e-12,1.1798013e-10,1.4516653e-16,6.584729e-27,1.1368355e-13,8.7569724e-10
610000,121,19,0,-5.6141756e-13,1.0150324e-11,3.8136088e-13,1.2265921e-18,2.614572e-21,2.3799435e-10
