mcsteps,xCOM,yCOM,zCOM,il8,il1,il6,il10,tnf,tgf
620000,170,80,0,2.0379642e-09,2.483314e-11,4.876903e-18,4.8997815e-28,4.0753142e-19,1.1350916e-10
620000,217,214,0,2.03017e-09,1.999698e-12,2.2363294e-11,9.568153e-14,1.0924432e-15,1.6086545e-16
620000,289,163,0,2.0347601e-09,3.0949737e-12,7.0748705e-17,1.6320697e-24,1.8729538e-22,5.9497715e-12
620000,413,269,0,2.5546278e-09,4.0205953e-11,1.6265993e-28,0.0,5.6690482e-14,1.5289233e-11
620000,414,200,0,2.0866333e-09,3.0172653e-11,4.988147e-14,7.34793e-20,2.144704e-18,4.292615e-14
620000,197,139,0,2.0534316e-09,1.1780237e-11,5.570098e-13,2.8024115e-17,2.2664002e-19,1.4353811e-10
620000,378,208,0,2.032097e-09,5.2955356e-13,2.953264e-16,4.105632e-26,1.3234043e-31,3.4024318e-11
620000,155,198,0,2.5747342e-09,2.97053e-11,1.7824467e-37,0.0,6.5450167e-16,1.419461e-13
620000,397,297,0,2.1046624e-09,1.15150896e-10,1.5200385e-19,1.9732316e-28,1.1999529e-10,1.6983791e-10
620000,409,184,0,2.088595e-09,4.458372e-11,6.838077e-16,8.423513e-24,7.7263974e-14,1.9467875e-11
620000,336,94,0,2.1570556e-09,2.5513987e-11,4.8920794e-14,4.6576428e-21,1.00508835e-13,4.2691274e-11
620000,438,279,0,2.0435247e-09,1.8206858e-11,6.200674e-11,3.1970622e-12,3.816198e-13,1.5186821e-10
620000,307,245,0,2.0296125e-09,2.3966025e-11,5.462592e-25,7e-45,1.7782406e-15,3.6416845e-11
620000,352,156,0,2.0900612e-09,2.2857008e-11,6.7432344e-13,4.008362e-17,5.6138896e-15,7.312066e-15
620000,175,364,0,2.2191986e-09,3.8852856e-13,4.765606e-20,2.183025e-31,4.249585e-31,8.129207e-13
620000,312,359,0,2.0421207e-09,2.2386686e-11,6.063086e-14,6.999473e-21,1.0215973e-14,1.580115e-11
620000,258,315,0,2.0425652e-09,6.5040624e-14,1.3651949e-31,0.0,1.8496e-41,6.2842518e-12
620000,390,112,0,2.036137e-09,1.8706744e-11,5.4081184e-12,2.1643682e-15,1.4229775e-16,8.0907156e-11
620000,84,355,0,2.173262e-09,1.1897352e-12,7.7005886e-14,1.6162718e-20,4.0516312e-26,2.787065e-11
620000,138,255,0,2.0322726e-09,7.9332125e-13,3.4797732e-34,0.0,8.502188e-27,1.0788576e-11
620000,113,137,0,2.0294038e-09,2.0013442e-11,4.253359e-12,1.6185032e-15,3.9316828e-11,1.9133643e-11
620000,141,300,0,2.1009192e-09,8.875159e-12,1.6265356e-20,4.7216607e-36,5.444415e-20,1.0297464e-11
620000,434,65,0,2.1167077e-09,2.7120445e-11,5.592743e-11,4.2102793e-12,6.483211e-13,1.2591186e-10
620000,167,372,0,2.2031394e-09,5.121631e-13,3.81889e-23,6.656e-42,4.437096e-26,5.2922486e-11
620000,214,283,0,2.039844e-09,1.8023145e-13,4e-45,0.0,6.092817e-37,4.7339813e-11
620000,90,213,0,2.057098e-09,2.2861768e-11,3.5642735e-24,2.508176e-39,3.1121324e-19,4.9607415e-12
620000,327,125,0,2.059114e-09,1.3247764e-11,3.9496902e-13,1.4151423e-18,1.6305229e-20,8.823913e-11
620000,270,364,0,2.0523216e-09,1.0512373e-11,8.6039554e-14,1.5360975e-20,7.9234374e-16,4.9725966e-11
620000,210,112,0,2.0453301e-09,1.2641832e-14,1.1409898e-19,1.9523832e-33,4.8889e-41,1.0625436e-11
620000,412,292,0,2.141992e-09,1.6323944e-11,8.579215e-15,9.501627e-23,1.0295229e-17,9.200365e-11
620000,353,87,0,2.1920716e-09,3.018243e-12,2.5664066e-18,6.766637e-30,3.8657127e-26,5.746911e-11
620000,142,318,0,2.079016e-09,1.7001945e-11,1.0698219e-16,6.106104e-26,1.8936501e-19,6.414017e-11
620000,284,205,0,2.0829993e-09,2.3323435e-11,3.116541e-28,0.0,6.6185515e-15,1.1739813e-11
620000,294,191,0,2.0866904e-09,3.2543006e-11,2.7834619e-35,0.0,8.48164e-15,1.0466532e-11
620000,247,87,0,2.0701802e-09,7.378081e-12,3.449247e-22,1.29624e-39,4.956441e-24,9.040184e-11
620000,124,402,0,2.1371291e-09,9.2085705e-12,3.5243933e-14,2.809645e-18,1.3546816e-19,1.0041834e-10
620000,237,303,0,2.0458235e-09,2.0725871e-12,1.396494e-26,1e-45,4.758612e-24,2.596696e-13
620000,406,90,0,2.0499238e-09,4.3230638e-11,1.2791349e-15,7.3132706e-25,1.6054729e-13,8.249984e-11
620000,121,416,0,2.119837e-09,1.7118569e-11,1.5112105e-12,4.0002564e-17,5.6254906e-21,9.0357416e-11
620000,337,200,0,2.3002518e-09,1.881803e-11,1.2765172e-32,0.0,1.772747e-11,4.13567e-12
620000,96,73,0,2.031908e-09,4.5469923e-11,1.2046138e-15,8.755244e-25,2.3345784e-13,5.9325045e-10
620000,318,387,0,2.0368065e-09,1.4436e-11,8.887299e-19,4.0306576e-32,1.7283757e-18,6.784684e-11
620000,175,139,0,2.0501145e-09,2.1561784e-11,8.735211e-20,1.3845134e-33,1.621406e-12,1.8594339e-10
620000,150,197,0,2.700159e-09,8.203481e-12,2.09266e-40,0.0,1.8467293e-22,2.6966784e-12
620000,80,421,0,2.2035236e-09,3.5263546e-11,2.85958e-15,1.9048758e-24,2.3496616e-17,1.4729815e-10
620000,211,338,0,2.126626e-09,4.7712848e-11,8.98407e-27,0.0,1.7514278e-14,5.456382e-14
620000,137,383,0,2.1064581e-09,3.0612696e-11,3.468721e-11,2.1134947e-13,5.7652552e-15,5.2466503e-11
620000,84,410,0,2.1824693e-09,7.8883955e-11,1.9262849e-12,5.946948e-17,2.5336402e-10,1.1022659e-10
620000,128,368,0,2.2643067e-09,2.8711292e-11,3.3801482e-21,3.503108e-36,1.9262466e-14,1.0472709e-11
620000,345,201,0,2.3008544e-09,1.3883496e-12,2.2392295e-25,2.2e-44,1.4463604e-25,9.739331e-16
620000,187,277,0,2.0418327e-09,1.1307938e-12,0.0,0.0,6.209582e-28,1.5983264e-15
620000,82,343,0,2.2485396e-09,3.956209e-11,1.1471985e-11,1.8630302e-14,3.0596223e-15,1.7559195e-11
620000,59,395,0,2.1364268e-09,5.0194706e-11,4.1336568e-20,3.8497506e-33,3.4060368e-15,4.87416e-11
620000,339,428,0,2.1394593e-09,1.687392e-11,6.3012616e-12,1.8928122e-15,1.999626e-18,9.238076e-11
620000,352,314,0,2.0311277e-09,3.0105634e-12,2.3872971e-14,6.2591355e-21,4.570996e-25,2.2201881e-11
620000,192,347,0,2.1318696e-09,4.0159487e-11,4.765606e-20,2.183025e-31,5.959119e-14,6.281901e-13
620000,90,331,0,2.1320692e-09,4.5819377e-12,1.8544853e-17,6.4694406e-29,2.5605668e-25,6.454198e-11
620000,210,354,0,2.232362e-09,6.1203113e-12,2.2172353e-27,0.0,1.3904149e-22,2.6123258e-11
620000,254,221,0,2.0310316e-09,1.7402498e-11,8.1274424e-14,1.2450449e-20,6.1657515e-15,5.0872414e-13
620000,247,110,0,2.080647e-09,1.6912045e-11,8.653217e-24,2.87e-43,4.3497058e-16,3.3700494e-11
620000,68,262,0,2.0435016e-09,8.564901e-11,5.504326e-14,4.1258513e-21,3.0876903e-15,8.624741e-11
620000,408,271,0,2.5643472e-09,3.3994477e-11,1.9133016e-25,1.16e-43,1.6199452e-11,1.7733282e-11
620000,354,360,0,2.0316637e-09,1.35870265e-11,3.064231e-18,2.8288693e-30,3.0159347e-16,4.449376e-11
620000,55,408,0,2.147686e-09,6.5412196e-11,7.199577e-12,6.8787054e-15,1.0298195e-16,7.0931867e-12
620000,337,441,0,2.139225e-09,3.9378986e-11,2.5167743e-14,1.2940079e-21,1.2036846e-16,1.00092656e-10
620000,249,131,0,2.0543447e-09,1.22551014e-11,5.8323214e-13,2.567904e-17,6.3968886e-19,9.080269e-11
620000,122,291,0,2.16882e-09,2.2030579e-11,3.1062382e-15,1.1205928e-22,1.3958878e-16,4.1990187e-12
620000,265,441,0,2.0291244e-09,5.5510027e-11,1.8187485e-14,1.041766e-21,1.7086191e-14,8.238642e-11
620000,109,292,0,2.1502415e-09,3.4303532e-11,3.2086132e-11,3.244545e-13,5.864473e-14,2.2961098e-11
620000,227,94,0,2.0743558e-09,4.777217e-12,1.9153053e-17,4.1451667e-27,1.4785209e-24,1.5091688e-11
620000,340,168,0,2.0879796e-09,1.1633061e-12,4.2166584e-17,1.3660982e-27,1.9187651e-31,1.2304948e-12
620000,289,374,0,2.0604531e-09,1.8194744e-11,5.0522713e-17,8.8342784e-27,2.1420082e-18,5.4395995e-11
620000,193,311,0,2.0346849e-09,5.927238e-15,1.7642267e-37,0.0,1.3e-44,8.034978e-15
620000,212,418,0,2.0296858e-09,3.0861622e-12,1.1831002e-16,3.0865952e-26,1.7294896e-22,2.1955965e-10
620000,202,365,0,2.1878381e-09,2.1833123e-12,3.2237183e-24,6.03e-43,8.358659e-27,6.0569544e-12
620000,63,433,0,2.0653337e-09,7.470042e-11,3.4551955e-11,1.6458239e-13,1.2058406e-14,7.323506e-11
620000,119,338,0,2.0506892e-09,2.0446986e-11,1.3242644e-15,5.016277e-25,6.05851e-13,1.8748048e-12
620000,90,192,0,2.0539563e-09,5.168363e-11,3.6664896e-13,5.2391495e-19,2.5080156e-16,8.9017835e-11
620000,147,93,0,2.229201e-09,8.913125e-13,1.1303173e-12,6.730104e-17,2.5005329e-20,4.7877122e-11
620000,182,249,0,2.0346935e-09,1.3198363e-11,4.626244e-34,0.0,3.3137266e-16,6.5009324e-18
620000,346,76,0,2.1695505e-09,3.23451e-11,3.7618042e-12,1.1153076e-15,7.668511e-14,4.0033844e-11
620000,359,392,0,2.031198e-09,5.7033336e-11,6.70277e-12,6.642213e-15,2.071303e-13,2.4259228e-10
620000,87,276,0,2.0507742e-09,1.9630613e-11,3.0172241e-15,3.9153884e-23,1.3166339e-20,5.5342966e-11
620000,404,256,0,2.1698043e-09,3.7898594e-11,1.7029217e-17,9.0361136e-27,3.177807e-13,1.4511448e-11
620000,135,222,0,2.1081672e-09,2.9232287e-12,2.5169249e-30,0.0,3.4510156e-26,1.5734353e-11
620000,380,155,0,2.1144306e-09,1.5356504e-11,2.4855324e-16,2.354435e-26,3.0159355e-16,1.851337e-11
620000,444,131,0,2.0292061e-09,3.0814087e-11,2.2334198e-12,8.1646273e-17,2.184292e-11,4.2631967e-11
620000,165,402,0,2.038188e-09,6.1747274e-11,2.4669648e-14,3.8592027e-22,1.1943186e-13,1.34824105e-11
620000,141,194,0,2.3295237e-09,1.4543674e-11,0.0,0.0,2.0492227e-13,3.8066973e-11
620000,341,110,0,2.1236017e-09,3.5114505e-11,2.2632295e-17,6.919722e-29,1.0126505e-12,6.577631e-11
620000,119,223,0,2.0993796e-09,3.70157e-11,4.506614e-21,8.8688815e-33,1.4425472e-15,9.5811456e-11
620000,409,435,0,2.0288176e-09,7.067231e-11,2.1125376e-16,8.8536916e-26,1.9860719e-11,1.6491583e-10
620000,126,66,0,2.0335382e-09,5.7501566e-11,4.495782e-15,8.92171e-23,2.4611048e-15,2.6564462e-10
620000,301,62,0,2.02891e-09,5.9192234e-11,7.720539e-12,4.182472e-15,2.017642e-12,3.5132716e-11
620000,141,101,0,2.2212927e-09,2.8301268e-11,5.308627e-16,1.6031637e-25,7.75878e-15,1.0352996e-11
620000,426,77,0,2.130213e-09,3.506391e-11,7.692764e-12,3.5334382e-15,5.434296e-13,1.4101259e-10
620000,322,327,0,2.0328208e-09,1.5038068e-11,5.598681e-25,2.1e-44,6.381325e-17,1.5514222e-11
620000,188,383,0,2.082667e-09,9.198536e-13,4.3595013e-28,0.0,7.674056e-30,2.796634e-11
620000,119,363,0,2.2299516e-09,2.4895e-11,2.8506233e-21,1.20301695e-35,9.41021e-14,2.0848603e-13
620000,395,155,0,2.110666e-09,1.9891522e-11,3.4133044e-12,3.6627423e-16,1.0550997e-15,5.1238555e-11
620000,442,217,0,1.1776819e-12,3.369831e-11,2.2093195e-17,1.2750402e-27,1.196446e-16,1.9245244e-11
620000,339,294,0,1.40009e-11,1.4198393e-11,1.9972975e-15,5.550158e-24,2.9230673e-16,8.727617e-12
620000,50,82,0,-1.2477556e-12,1.0900076e-10,1.6631113e-11,8.857942e-14,2.619806e-10,2.5071867e-10
620000,50,450,0,2.192921e-11,8.234126e-11,6.328197e-11,1.9810304e-11,5.8527244e-10,2.0747469e-10
620000,383,418,0,2.8104667e-12,2.5122446e-11,2.7558062e-12,1.5483945e-16,8.6585456e-19,1.3592394e-10
620000,49,496,0,-1.0519282e-12,9.36628e-11,5.9339556e-13,1.37854645e-17,3.0798232e-13,2.6586885e-10
620000,103,140,0,1.7673406e-10,3.5083297e-12,5.741932e-13,3.0154205e-18,1.9350304e-22,3.2819553e-11
620000,16,453,0,-8.873243e-13,8.991864e-12,2.8551434e-11,8.6742937e-14,2.4190952e-15,3.1708158e-10
620000,70,124,0,-1.1317054e-12,3.7546615e-11,4.2151104e-15,1.0996351e-23,1.8953831e-16,2.1039719e-10
620000,229,2,0,-7.0715536e-13,7.2501193e-12,4.5948414e-14,2.7022866e-20,5.3920953e-22,7.1033483e-12
620000,146,99,0,8.1643814e-10,7.433152e-12,5.152578e-14,3.4958535e-21,3.69974e-21,2.5829455e-11
620000,466,368,0,-9.44683e-13,3.0007403e-11,3.730459e-11,9.935573e-13,3.0538275e-10,1.2343897e-10
620000,485,498,0,-7.036375e-14,2.2427568e-12,8.818916e-11,3.4289974e-11,1.8510225e-11,1.3782976e-10
620000,454,310,0,7.12048e-13,1.4611343e-11,2.204897e-14,3.3818884e-22,3.6209773e-15,2.0495208e-09
620000,450,152,0,1.986742e-11,7.600256e-11,4.435642e-15,8.210639e-24,2.3544868e-13,3.7576515e-11
620000,371,40,0,-1.3925637e-12,1.2417724e-10,2.668756e-12,6.760929e-17,1.1307566e-11,7.0567836e-11
620000,258,379,0,3.7560968e-11,1.8198e-11,5.410437e-19,7.628211e-32,3.319639e-18,5.2614066e-11
620000,240,46,0,-4.953242e-13,6.498452e-11,2.0009004e-13,5.402439e-19,2.9886678e-13,5.129165e-11
620000,105,183,0,5.116651e-11,1.9196216e-11,2.2702735e-22,3.8816315e-38,3.7250848e-17,2.7411295e-10
620000,21,184,0,-5.808069e-13,1.36509545e-11,5.219364e-13,5.168439e-18,3.0159492e-16,1.9934418e-10
620000,417,450,0,5.3413628e-11,4.350752e-11,1.2049783e-10,2.0535905e-11,2.3480797e-11,4.2951762e-10
620000,96,161,0,6.0304565e-12,6.255951e-12,1.3993889e-14,3.5969955e-20,7.670342e-24,1.8300255e-11
620000,217,201,0,1.1323238e-10,8.881564e-14,1.5437349e-17,8.334719e-29,9.1655536e-38,2.4055113e-12
620000,163,189,0,2.2652796e-10,3.1861907e-12,0.0,0.0,5.4171725e-27,1.1305572e-11
620000,289,300,0,9.160876e-13,2.9571196e-11,9.611204e-25,3.6e-44,3.2282964e-16,2.9434774e-14
620000,472,476,0,-8.407474e-13,5.5644187e-11,8.8367716e-11,4.389488e-12,6.8657986e-13,1.3160172e-10
620000,463,373,0,-7.6778715e-13,4.3480154e-11,3.700845e-11,1.5914813e-12,2.6632785e-12,3.2012934e-10
620000,271,102,0,1.5280468e-11,5.1443426e-11,4.1035242e-13,6.912852e-19,2.6517052e-12,6.590372e-11
620000,40,484,0,-1.0810234e-12,4.9800962e-11,1.8390593e-12,1.5731163e-16,1.4320732e-16,6.793205e-10
620000,88,317,0,1.0226663e-10,6.9139236e-11,4.4121294e-17,1.7892623e-28,2.0609833e-12,1.697524e-11
620000,187,64,0,1.5100707e-11,1.8031212e-11,7.3552615e-11,1.0713472e-11,5.4046615e-12,1.5213848e-10
620000,78,169,0,8.421281e-12,2.2067249e-11,1.0731582e-15,3.9651416e-21,2.3565465e-09,6.7471334e-11
620000,391,291,0,2.8395394e-10,1.5121517e-11,3.5345407e-12,2.1403193e-15,4.2978843e-16,4.5929843e-11
620000,477,443,0,-7.989048e-13,4.477134e-11,2.1462084e-13,1.0274435e-19,8.527076e-13,2.7902038e-11
620000,197,331,0,1.6408326e-10,2.3289428e-11,7.442648e-33,0.0,2.8046069e-14,6.9989784e-14
620000,191,439,0,3.1795588e-12,5.369099e-11,6.230244e-11,3.0866796e-12,3.60759e-13,7.643105e-11
620000,245,440,0,3.009223e-11,3.2480386e-11,6.840325e-14,5.4819533e-21,4.5708842e-14,4.4849614e-11
620000,458,399,0,-8.0904153e-13,2.5353039e-11,2.2318e-13,1.5113645e-18,1.2899622e-13,1.01134795e-10
620000,279,264,0,1.2164725e-12,1.1026352e-11,2.6419e-41,0.0,1.2149787e-18,9.7527843e-17
620000,137,24,0,-3.8316504e-13,2.1263031e-11,2.1436424e-11,6.6016684e-14,9.898174e-16,8.007115e-11
620000,356,247,0,-2.465479e-13,6.027614e-11,4.5209174e-14,2.312494e-21,2.1058895e-12,1.1696095e-12
620000,475,239,0,-6.1316143e-13,4.8454123e-11,2.3001798e-11,1.8734737e-13,3.1495753e-10,1.3431725e-10
620000,399,139,0,7.564637e-11,2.226496e-11,1.7932909e-12,4.7592723e-17,9.0147976e-17,4.1112974e-11
620000,381,491,0,-1.335801e-12,8.621653e-11,1.5219524e-14,8.673758e-23,3.5220219e-12,2.7412075e-10
620000,466,352,0,-4.3801678e-13,9.438062e-12,4.9963693e-11,1.0705862e-11,6.2583753e-12,2.702359e-11
620000,479,486,0,-6.0242485e-13,3.7149464e-11,2.4221456e-11,1.0925178e-13,1.4707521e-14,2.4977848e-10
620000,442,261,0,4.5540106e-11,2.9808468e-11,3.8438835e-11,9.21309e-13,4.2151402e-14,1.5101168e-10
620000,68,74,0,4.752788e-12,3.649158e-11,1.7007355e-10,6.181624e-12,1.2206396e-12,9.943031e-11
620000,179,66,0,5.7949607e-11,8.310097e-12,1.1914346e-11,2.4333681e-14,1.1158731e-16,1.02549746e-10
620000,157,352,0,4.4894897e-11,3.3702277e-11,2.2238764e-23,1.3118026e-38,3.4257947e-11,3.78773e-12
620000,128,38,0,4.978737e-12,2.9966956e-11,1.1759452e-11,2.2821099e-14,6.716259e-16,2.4025434e-10
620000,250,94,0,3.6874628e-10,7.564674e-13,1.4692251e-17,2.186514e-28,5.8943836e-32,1.9337175e-10
620000,326,29,0,-4.6467935e-13,1.9822194e-11,6.563987e-15,2.5389747e-22,4.2356642e-11,1.423118e-11
620000,81,232,0,2.6817002e-11,3.1615825e-11,3.2965053e-16,4.647377e-26,1.296562e-13,1.0760488e-10
620000,156,28,0,-4.2292886e-13,2.1514138e-11,3.462435e-14,4.3392376e-21,4.9426725e-19,2.4636442e-11
620000,323,26,0,-4.7598747e-13,1.6802308e-11,2.7311543e-17,1.695095e-28,3.9789637e-16,8.119803e-12
620000,167,222,0,1.5739575e-11,2.783609e-13,7.2987365e-18,2.654505e-29,1.402247e-34,2.9014539e-11
620000,155,250,0,5.558375e-11,3.4569025e-11,3.364568e-22,1.2683658e-36,4.7288198e-15,3.028871e-12
620000,171,69,0,1.6058188e-10,4.273316e-11,3.8061494e-16,1.6764628e-25,3.8878667e-14,1.6899279e-11
620000,167,170,0,8.340366e-12,1.0637273e-12,4.7526e-40,0.0,2.496579e-28,2.4193947e-11
620000,127,482,0,-4.2869706e-13,8.763226e-12,1.5717089e-11,8.4082806e-14,1.1895062e-15,1.0493137e-09
620000,388,25,0,-1.3019865e-12,1.0138654e-10,8.1388845e-13,1.3955809e-17,2.000869e-10,1.1822975e-10
620000,380,89,0,2.6318071e-11,4.12995e-11,5.195679e-14,4.9429777e-21,9.300468e-13,3.5579522e-11
620000,92,54,0,3.4253465e-11,1.6514743e-11,2.3661795e-11,7.154695e-14,7.3217565e-16,1.930662e-10
620000,108,107,0,4.6905782e-12,4.1619264e-11,1.8209424e-16,3.9989874e-26,3.8163493e-17,1.821253e-10
620000,170,322,0,1.7228613e-11,1.5189388e-11,3.5358332e-21,2.0472224e-37,2.7355389e-17,7.4259175e-12
620000,421,307,0,6.0229766e-11,5.8074513e-12,3.2676789e-12,4.4069695e-16,4.5540485e-19,5.4265262e-11
620000,165,491,0,-6.713974e-13,7.104551e-11,4.899858e-12,3.9288064e-16,2.1020576e-10,4.550521e-11
620000,460,215,0,-5.9970133e-13,5.7684017e-11,2.194682e-11,1.9903002e-13,2.926464e-11,9.808329e-12
620000,463,73,0,2.8482611e-12,3.2353543e-11,5.877244e-11,4.0234287e-12,6.0850245e-13,1.6037638e-10
620000,309,465,0,6.848553e-14,2.9745074e-11,3.8536357e-15,1.3093765e-23,1.4899509e-15,6.022767e-11
620000,5,498,0,-1.3621792e-12,1.3969771e-10,2.3790416e-12,1.6847704e-16,1.5638494e-11,1.3178371e-10
620000,187,466,0,-2.359199e-13,5.771216e-13,1.4638911e-13,2.548205e-19,6.1079745e-24,2.5257765e-10
620000,483,215,0,-6.885613e-13,6.959605e-11,1.6589632e-18,3.9729512e-29,2.4271446e-12,2.2320419e-10
620000,444,233,0,-5.427152e-13,3.7626777e-11,6.920225e-11,1.9683297e-11,1.0726877e-11,1.11695424e-10
620000,334,74,0,1.7855498e-10,2.5481253e-11,2.3851477e-13,4.6057685e-19,3.8927384e-16,2.0004685e-11
620000,262,29,0,-7.413073e-13,3.4764764e-11,2.3981388e-12,1.9318373e-16,2.2785567e-17,3.252972e-11
620000,109,178,0,1.5565374e-11,3.1973022e-12,2.3451533e-27,0.0,6.65738e-24,1.861887e-10
620000,453,182,0,-6.385319e-13,4.733999e-11,7.276276e-12,7.6915996e-15,7.75884e-16,7.922195e-11
620000,1,493,0,-1.3865258e-12,7.778337e-11,8.49082e-11,5.854632e-12,1.9662598e-11,1.663182e-10
620000,276,195,0,1.5993158e-10,5.327602e-11,1.332748e-28,0.0,7.189628e-14,2.05971e-12
620000,34,437,0,3.6845522e-12,1.0622114e-10,1.525857e-11,4.0998522e-14,2.3622994e-12,4.1467063e-10
620000,142,370,0,2.1379958e-10,6.096333e-11,8.630874e-20,3.9259722e-32,5.1559763e-14,2.1899633e-11
620000,146,122,0,2.8239872e-11,3.171242e-11,1.3205702e-20,9.6224286e-36,1.3159494e-14,5.4380493e-11
620000,31,363,0,-8.0798833e-13,9.537214e-11,6.2560166e-14,3.986106e-21,3.1430672e-10,2.1665267e-10
620000,274,181,0,4.221966e-11,3.9027153e-11,2.627209e-39,0.0,4.2615938e-16,1.8944369e-11
620000,197,150,0,1.7281294e-10,2.0706424e-13,1.6114575e-11,1.0323655e-13,3.3940443e-15,3.4951566e-11
620000,19,361,0,-1.2653559e-12,7.315561e-11,6.106075e-11,3.5198376e-12,4.547788e-13,9.090752e-11
620000,492,146,0,-9.787445e-13,4.095224e-11,1.8907506e-11,2.91502e-14,5.8126757e-16,1.8488364e-10
620000,14,82,0,-1.2366586e-12,7.4877736e-11,3.1471634e-11,1.7817459e-13,1.5226078e-14,1.3889893e-10
620000,138,191,0,6.8564254e-10,1.115621e-11,0.0,0.0,1.4581308e-16,1.4208978e-10
620000,327,162,0,9.978441e-11,8.4356746e-13,8.471335e-27,2.2e-44,4.094917e-33,2.8296107e-11
620000,190,36,0,-6.284394e-13,6.180901e-11,4.1403447e-17,2.308648e-26,5.400573e-11,7.868676e-11
620000,289,315,0,3.226628e-12,5.5424526e-11,3.56919e-18,3.8022491e-28,5.8387634e-10,4.581966e-11
620000,139,29,0,-1.4564993e-13,2.5855932e-11,2.0439224e-14,1.3088108e-21,4.5908402e-15,1.6068084e-10
620000,301,135,0,8.51229e-12,2.1262193e-11,1.9239032e-13,1.1436142e-18,4.1168228e-19,3.1388878e-11
620000,134,426,0,6.896384e-11,6.8938764e-11,3.6786774e-13,1.2203617e-18,3.4751886e-13,6.092119e-11
620000,111,479,0,-6.737059e-13,4.5365565e-11,6.230458e-13,1.9401986e-17,2.7044113e-16,2.247421e-10
620000,220,317,0,4.5459605e-11,1.5235967e-16,1.7509472e-19,2.569975e-33,2.1e-44,2.6468933e-11
620000,86,346,0,7.5568657e-10,3.542927e-11,2.7222083e-12,6.3032227e-16,1.9036144e-12,7.939315e-11
620000,213,92,0,1.2278134e-10,4.213411e-11,4.3734306e-19,4.0091914e-30,7.9046546e-13,1.3783384e-10
620000,462,12,0,-1.4435117e-12,9.1330256e-11,3.1563134e-11,5.5115434e-13,2.830171e-10,3.793655e-10
620000,270,493,0,-5.4403465e-13,1.8309845e-11,1.9951035e-15,1.6421793e-24,3.379877e-17,1.1925962e-10
620000,290,418,0,6.295624e-13,7.8730494e-11,8.885125e-16,1.4235918e-25,7.4319603e-13,1.3341924e-11
620000,426,337,0,-4.07798e-13,2.6089172e-11,2.068116e-12,1.10674086e-16,2.9008863e-15,1.7833146e-10
620000,391,27,0,-1.3520968e-12,8.253388e-11,8.545381e-13,5.0475785e-18,2.3233618e-12,1.0183189e-10
620000,453,485,0,-8.544215e-13,2.5976186e-11,2.890713e-14,6.0790454e-22,2.0685793e-19,2.7423e-10
620000,312,310,0,3.2136828e-11,8.463875e-12,1.5612259e-14,3.5666252e-22,3.8700315e-21,1.0016106e-12
620000,305,382,0,1.5481563e-10,2.1450829e-11,5.5889258e-21,5.6479325e-36,5.930149e-18,2.1422357e-11
620000,243,79,0,2.520598e-10,5.099975e-11,1.8385328e-18,7.442708e-30,4.640267e-11,4.965212e-12
620000,425,97,0,6.113517e-11,2.291391e-11,1.1953713e-12,1.10226985e-16,9.158218e-15,3.8560793e-10
620000,255,279,0,4.310114e-12,2.1836446e-13,0.0,0.0,1.7582702e-31,4.9224476e-14
620000,445,405,0,-8.9410673e-13,4.7176995e-11,7.747133e-12,4.8755293e-15,5.089989e-16,1.3493004e-10
620000,368,372,0,6.1143916e-11,6.2580684e-11,3.1948248e-12,4.1661967e-16,3.741315e-12,2.2280608e-12
620000,113,305,0,1.693729e-10,1.6627377e-11,1.6114717e-16,7.2986264e-25,5.027761e-19,4.0064667e-11
620000,200,338,0,3.4538566e-10,9.343475e-12,9.0380535e-31,0.0,8.2259315e-26,8.510577e-11
620000,149,311,0,2.9681518e-10,4.3014585e-11,3.0157534e-12,1.4262517e-15,7.830347e-14,5.4704304e-13
620000,412,111,0,4.1868464e-11,2.715838e-11,1.7311014e-11,1.779676e-13,7.575421e-15,1.4276e-10
620000,308,107,0,1.223095e-11,3.8334433e-11,1.688162e-11,1.3549581e-13,2.542325e-12,4.590209e-11
620000,287,218,0,1.14749085e-10,2.3931919e-11,2.810672e-28,0.0,1.3301134e-14,2.6458015e-12
620000,452,442,0,-1.1607239e-12,6.605474e-11,2.1775816e-11,8.308353e-14,3.9802836e-15,2.2606936e-10
620000,304,390,0,1.11701266e-10,2.5187168e-11,3.5317115e-19,4.3403535e-31,4.8225177e-14,4.1097927e-11
620000,30,237,0,-6.8406375e-13,3.9693176e-11,1.5734167e-11,1.1759648e-13,1.3649123e-12,7.035532e-11
620000,198,492,0,-6.301854e-13,2.3559656e-11,1.3002276e-12,6.25286e-17,9.977702e-17,1.7388943e-10
620000,286,456,0,8.59463e-12,5.290156e-11,2.0700604e-13,1.3169335e-18,8.04308e-12,4.3397525e-11
620000,424,72,0,5.710111e-10,4.2580252e-11,1.7214747e-14,2.1832376e-20,2.0686076e-14,3.138541e-09
620000,226,406,0,4.108491e-11,7.541247e-12,7.657648e-14,1.248705e-19,2.6794852e-20,3.0631118e-09
620000,97,16,0,-6.8070343e-13,2.0886372e-11,6.359443e-11,1.9817798e-11,1.2143178e-11,1.0156211e-10
620000,200,406,0,6.422346e-11,8.029068e-12,1.8654892e-18,5.570143e-27,4.7463173e-22,1.3427245e-11
620000,60,143,0,-1.0000182e-12,7.0025784e-11,1.3616078e-12,6.2945354e-17,1.0916436e-11,5.1593417e-11
620000,446,160,0,3.346251e-12,8.1531636e-11,5.21727e-15,3.6780444e-23,4.574827e-11,1.1827825e-10
620000,125,293,0,7.290608e-10,3.307609e-11,3.15536e-17,6.1135894e-26,4.0338978e-13,1.8262968e-11
620000,31,475,0,-1.0314221e-12,4.5195573e-11,1.9310626e-13,9.9850083e-20,4.3587963e-11,4.0523002e-10
620000,446,97,0,7.1624703e-12,2.4934586e-11,1.336741e-11,8.218296e-15,2.3963993e-17,2.6763053e-10
620000,71,247,0,7.608141e-11,4.2867362e-11,3.051734e-11,8.752659e-13,1.06387955e-13,1.6112944e-10
620000,407,230,0,1.1935567e-11,2.236879e-11,2.925056e-16,1.267813e-25,7.457331e-17,7.6289454e-11
620000,241,366,0,6.2183063e-12,1.208445e-11,2.1466234e-27,0.0,6.953312e-18,4.4860114e-12
620000,411,62,0,4.395943e-11,2.2682533e-11,6.004903e-11,1.9815292e-11,1.2426146e-11,1.9750318e-10
620000,107,470,0,-6.9239216e-13,2.4343211e-11,4.327436e-13,7.9075933e-19,5.7946784e-16,1.3044846e-10
620000,486,380,0,-8.0821157e-13,8.5977656e-11,1.1908928e-11,2.5904275e-14,2.0571315e-11,4.1839476e-10
620000,487,473,0,-6.489968e-13,6.757647e-11,2.7255821e-12,7.4674114e-17,5.928749e-14,5.3238836e-10
620000,108,102,0,4.6552163e-12,8.497478e-11,1.9719934e-13,1.3491599e-19,2.6862182e-10,3.3222793e-11
620000,377,163,0,2.8814576e-10,9.405288e-13,4.1182336e-22,1.23293e-39,5.8132002e-30,7.187674e-11
620000,141,137,0,7.2551314e-12,1.9979997e-11,4.554257e-22,2.1293526e-37,6.590015e-17,1.4269656e-10
620000,141,44,0,7.167479e-12,8.896941e-12,3.285785e-13,3.2371062e-18,1.4296038e-21,8.981335e-11
620000,234,336,0,2.3528431e-11,1.0327478e-11,3.2897164e-14,1.1031536e-20,4.47062e-22,5.1215874e-16
620000,31,79,0,-1.2575364e-12,9.628004e-11,3.825846e-11,8.4962267e-13,3.6716806e-12,1.5427658e-10
620000,418,372,0,-4.5333857e-13,1.8552227e-11,7.743246e-15,2.342084e-23,3.6504997e-16,2.4303344e-11
620000,122,444,0,5.0458387e-12,2.0224622e-11,1.9184222e-13,1.5190588e-19,8.908299e-20,8.401612e-11
620000,96,465,0,-8.1452363e-13,3.808056e-11,3.907578e-18,1.3105263e-29,5.614013e-15,2.2342428e-10
620000,364,246,0,7.681341e-14,3.271553e-11,6.9384095e-12,7.690687e-15,1.9287336e-15,1.8520019e-11
620000,484,437,0,-6.818463e-13,5.237578e-11,6.29646e-11,4.2943742e-11,8.785342e-11,9.559081e-11
620000,446,482,0,-1.2036205e-12,5.2578743e-11,8.164607e-12,2.309197e-14,5.3403085e-12,2.7688127e-10
620000,149,246,0,9.84518e-11,1.5332608e-11,6.399665e-22,1.4851355e-37,8.73373e-18,9.425182e-13
620000,211,12,0,-6.831504e-13,3.370032e-11,1.6230436e-10,4.3828595e-12,8.980902e-13,5.4593354e-11
620000,117,111,0,1.7244177e-11,2.9447517e-11,3.8306317e-20,1.1273266e-33,5.3354317e-15,2.6116956e-10
620000,260,253,0,1.6615109e-12,4.6125968e-12,1.7274454e-38,0.0,4.3139182e-24,3.570093e-14
620000,77,353,0,4.7230997e-10,9.683721e-12,1.251998e-12,2.5310435e-17,9.638817e-20,7.268984e-11
620000,122,434,0,4.631676e-11,7.655889e-11,1.2765959e-16,1.4655061e-25,2.452342e-13,1.0981692e-10
620000,406,296,0,5.5282734e-10,1.4958254e-12,1.839702e-15,1.0786879e-24,3.7517257e-29,7.9008154e-11
620000,273,115,0,1.238932e-11,1.4750211e-11,2.765769e-16,1.509339e-25,8.799287e-19,1.3150736e-10
620000,6,145,0,-1.7059602e-12,9.440786e-11,4.6168205e-21,2.7523704e-37,2.0363236e-14,3.440539e-10
620000,352,272,0,-9.054786e-14,1.33371135e-11,2.7529582e-20,1.2263507e-32,1.1767499e-16,1.2846602e-11
620000,361,111,0,4.88778e-11,1.4369133e-11,4.0657035e-15,7.95526e-24,1.0935833e-19,9.053501e-11
620000,418,55,0,5.290948e-11,3.9713052e-11,3.5296665e-13,2.571294e-19,2.1043733e-12,1.5585329e-10
620000,479,245,0,-6.3545653e-13,4.360689e-11,1.5977669e-14,1.6985124e-22,1.2038313e-12,4.8662678e-11
620000,58,166,0,-4.8339815e-13,3.0113117e-11,5.842816e-11,1.03863e-11,5.1117084e-12,3.0370546e-09
620000,285,384,0,1.7953677e-10,2.4951105e-11,1.1480054e-11,1.8630303e-14,1.2151245e-13,3.0050775e-09
620000,139,329,0,1.753155e-10,1.2007494e-11,2.2108631e-11,1.8096127e-13,2.777407e-15,3.0277179e-09
620000,242,370,0,5.6670844e-12,1.7353933e-11,5.2581016e-25,1.2271e-41,1.07196756e-13,6.6058645e-11
620000,41,171,0,-6.854766e-13,3.251439e-11,8.350386e-14,1.0537458e-18,3.526714e-11,1.9023043e-10
620000,238,276,0,1.7755684e-11,1.3441009e-13,0.0,0.0,8.821115e-34,1.01482794e-13
620000,25,247,0,-7.43173e-13,4.876912e-11,1.6059685e-12,2.0454489e-17,4.29216e-16,4.2712353e-10
620000,96,281,0,2.4188926e-10,1.7223797e-11,3.5894766e-11,2.1884012e-13,1.3153476e-14,1.0439479e-10
620000,499,424,0,-6.705267e-13,4.7363845e-11,1.0944885e-15,1.4573286e-24,3.5032808e-15,1.8377315e-10
620000,244,384,0,1.2247486e-12,3.682556e-11,5.5830648e-15,5.369145e-23,3.6597253e-17,1.9756518e-11
620000,321,462,0,7.826602e-12,1.1285562e-11,1.2998486e-12,9.710662e-17,3.7962015e-18,4.0835352e-11
620000,435,409,0,-9.928881e-13,8.587704e-11,2.5697888e-12,1.8575738e-16,6.171054e-15,6.0595064e-11
620000,339,84,0,4.4561352e-10,1.823482e-11,1.5485326e-13,4.8553817e-19,6.1861476e-18,2.587394e-11
620000,37,158,0,-1.370347e-12,7.678891e-11,3.9250333e-13,5.291123e-19,1.8919135e-12,2.8448363e-10
620000,99,460,0,-6.578752e-13,7.312836e-11,7.8526265e-15,1.8435121e-22,2.5642088e-09,2.7179914e-10
620000,43,355,0,-1.1405075e-13,2.4706874e-11,1.1518323e-14,3.9405066e-22,3.209867e-15,1.4979401e-10
620000,107,379,0,5.4797184e-11,1.4445254e-11,1.523253e-26,0.0,4.952547e-15,2.9898684e-09
620000,446,253,0,6.896298e-12,3.3221665e-11,2.6419505e-12,5.7647824e-16,3.5985737e-15,3.0707603e-09
620000,284,37,0,2.3439141e-12,6.2902614e-11,2.6427945e-14,2.966076e-22,8.3743945e-16,3.0259093e-09
620000,128,63,0,6.124406e-10,6.073545e-11,2.8038288e-14,1.218208e-21,2.4358111e-11,3.0214637e-09
620000,430,416,0,4.1245197e-12,9.946533e-11,7.6906833e-16,5.9286664e-24,9.065438e-12,3.0116152e-09
620000,28,187,0,-4.922133e-13,1.8365253e-12,1.3312902e-16,9.5309774e-27,5.3083544e-27,3.1068814e-09
620000,119,38,0,4.065351e-12,1.657272e-11,4.1860604e-12,8.4213143e-16,1.5123576e-18,3.2388003e-09
620000,282,96,0,1.0352712e-12,2.2994653e-11,1.3616072e-12,6.2945354e-17,1.6881904e-18,2.9968399e-09
620000,213,325,0,1.2075085e-10,2.27291e-09,1.5486442e-21,3.555385e-35,4.1188084e-09,1.2068214e-12
620000,248,126,0,5.232928e-10,2.1536637e-11,1.0329319e-16,6.472473e-24,1.3354549e-16,1.0217928e-10
620000,315,6,0,-9.298702e-13,8.258775e-11,2.4209234e-25,0.0,1.482972e-12,1.1342767e-10
620000,76,120,0,-9.796727e-13,5.992768e-11,1.5719953e-11,9.316823e-14,3.0572168e-12,2.3607538e-11
620000,153,301,0,1.648976e-10,9.079314e-12,1.8092207e-14,2.2274122e-21,5.3459396e-24,8.1543886e-13
620000,236,180,0,2.008576e-13,3.2958356e-12,1.4690884e-37,0.0,8.390599e-24,1.1883125e-10
620000,181,83,0,1.5072196e-10,1.8402183e-11,3.5027404e-15,4.3380165e-22,1.4986991e-16,1.7027733e-11
620000,345,492,0,-4.813414e-13,1.8416135e-11,2.6663573e-13,7.0056206e-19,8.5200775e-13,4.4372464e-10
620000,133,442,0,4.230389e-12,1.5843932e-11,1.8776674e-13,2.1882856e-19,1.08732754e-20,1.0764785e-10
620000,327,55,0,1.17945315e-11,4.1748424e-11,1.6882e-11,1.3549581e-13,3.136363e-12,1.00890164e-10
620000,176,406,0,1.5195811e-10,4.313736e-12,1.2595596e-19,2.4707898e-32,6.682024e-24,8.47556e-11
620000,146,457,0,-5.6936313e-13,2.1431083e-11,1.7023233e-20,5.280438e-34,1.5006407e-20,1.03012e-10
620000,56,410,0,9.353343e-10,9.915793e-11,3.9143442e-11,1.9025218e-13,5.075465e-14,1.7152939e-11
620000,115,495,0,-5.953679e-13,4.0184307e-11,1.3213457e-15,1.7110862e-24,5.523074e-14,2.276515e-10
620000,22,95,0,-1.0428535e-12,3.5337427e-11,2.3634608e-12,2.478882e-16,7.226229e-15,2.5750174e-10
620000,20,316,0,-8.880442e-13,6.608695e-11,7.4694355e-15,2.6240417e-22,8.029912e-13,3.0356853e-09
620000,463,195,0,-6.8312895e-13,1.6061418e-11,5.5802713e-11,4.1196313e-13,2.347887e-14,3.0318907e-09
620000,363,81,0,1.9426777e-10,1.9183693e-11,8.5749984e-16,1.2879966e-25,4.8864305e-17,2.9938039e-09
620000,47,56,0,-8.386832e-13,3.713221e-11,7.498562e-11,9.690717e-12,3.973164e-12,3.2226652e-09
620000,482,496,0,-1.7308798e-13,3.629287e-12,1.1353409e-10,4.8262622e-12,5.5291655e-13,3.2685763e-09
620000,467,416,0,-1.0155182e-12,4.2908708e-11,9.259959e-13,2.1651342e-17,1.7113606e-16,2.1531436e-10
620000,441,46,0,2.872033e-11,1.0450133e-10,1.2340404e-11,2.590459e-14,2.9269136e-11,3.0516e-09
620000,52,439,0,1.2545331e-10,1.0012153e-10,5.4542747e-13,3.183434e-17,3.0618555e-10,3.1867742e-09
620000,469,28,0,-1.4537575e-12,9.378292e-11,4.103889e-12,8.421167e-16,2.3634127e-13,3.1941199e-09
620000,54,452,0,2.3796298e-11,7.253593e-11,1.0404117e-11,1.0356668e-14,3.4043976e-12,3.268938e-09
620000,286,350,0,4.213606e-11,4.4317907e-11,1.1254102e-16,1.6825648e-27,1.173634e-11,3.0195968e-09
620000,411,50,0,8.335754e-12,5.2564602e-11,4.7054797e-13,1.358987e-18,3.830329e-11,3.375086e-09
620000,257,76,0,8.1764165e-11,5.141447e-11,4.1129384e-16,1.3616586e-24,2.6506477e-12,1.2724612e-10
620000,378,360,0,1.2836239e-11,4.7006937e-11,3.086279e-11,6.2478007e-13,2.8247143e-14,3.2085046e-09
620000,490,214,0,-6.520578e-13,3.7292933e-11,4.9206473e-16,3.962006e-22,3.627814e-11,3.2844185e-09
620000,175,92,0,1.192909e-10,1.33220865e-11,2.4409916e-12,1.3613995e-16,9.199619e-20,3.0178127e-09
620000,435,279,0,7.3092965e-10,2.2524807e-11,4.0576834e-11,5.7588716e-13,1.1433637e-13,3.1637417e-09
620000,409,26,0,-1.3974108e-12,6.83205e-11,4.1927892e-13,3.313286e-18,3.3250954e-11,3.307228e-09
620000,149,146,0,7.411102e-12,3.1525716e-11,3.4803463e-21,5.1732455e-37,4.3627898e-17,3.2018266e-09
620000,179,424,0,9.619621e-12,2.6039993e-11,5.3659867e-12,3.0758593e-15,9.473866e-17,3.3132141e-09
620000,129,163,0,4.7298654e-12,2.3266653e-12,6.7234e-41,0.0,1.4568798e-23,6.3016724e-11
620000,39,455,0,5.829303e-13,5.2564814e-11,3.079494e-12,2.6968714e-16,1.0553877e-12,3.3040792e-09
620000,359,237,0,1.2483035e-12,6.5955015e-12,3.6634766e-12,3.7259463e-16,1.3209027e-19,2.9899374e-09
620000,422,376,0,-4.576044e-13,2.516895e-11,3.0634486e-12,3.0526259e-15,3.830334e-11,1.3129804e-10
620000,87,46,0,4.3575486e-12,1.4056281e-11,4.6683313e-12,5.9704467e-16,6.07193e-19,3.106963e-09
620000,106,466,0,-6.8804554e-13,2.1564524e-11,1.2375747e-12,8.116589e-17,8.278997e-20,3.1207625e-09
620000,489,137,0,-9.0590507e-13,5.7620984e-11,2.4170545e-13,4.8162074e-19,3.750739e-11,3.0441385e-09
620000,422,89,0,1.9239327e-10,4.0263914e-11,4.5143295e-14,3.3157134e-20,8.2118685e-14,3.1848022e-09
620000,494,327,0,-6.826785e-13,2.4678037e-11,5.1196936e-11,4.2997676e-12,6.8045466e-13,7.77235e-11
620000,388,409,0,1.8336552e-12,5.8459876e-11,6.1316244e-11,5.540416e-13,5.7191075e-14,3.0978287e-09
620000,86,454,0,3.0848377e-12,6.072341e-11,1.1977925e-11,4.464181e-15,4.67573e-16,3.4596626e-09
620000,487,449,0,-7.3613446e-13,3.445175e-11,9.775078e-11,9.160923e-12,5.4966778e-12,3.090206e-09
620000,425,59,0,2.1020742e-10,2.0549517e-11,6.0575763e-12,1.4958353e-15,2.0479544e-16,3.2821168e-09
620000,419,97,0,1.0837524e-10,2.7627811e-11,4.989451e-14,2.7675626e-21,5.930746e-17,3.3832763e-09
620000,74,17,0,-8.0415573e-13,7.2650455e-11,2.6515677e-11,2.5416389e-14,3.0148903e-10,3.115642e-09
620000,77,188,0,1.0591516e-10,8.149698e-11,1.5612674e-12,6.552475e-17,2.7556865e-14,3.0644227e-09
620000,327,427,0,1.8604487e-10,3.347494e-11,5.0165008e-14,6.714482e-21,2.5377924e-14,3.0302618e-09
620000,172,24,0,-3.0325539e-13,2.5840155e-12,1.2273668e-14,9.886596e-23,1.3912955e-25,3.2507381e-09
620000,210,457,0,-2.2189227e-13,2.940142e-11,2.947412e-14,1.0431937e-21,2.2622931e-17,3.2628773e-09
620000,207,175,0,7.697648e-13,5.238671e-13,4.6173115e-34,0.0,2.3138541e-32,3.0686278e-09
620000,263,153,0,1.3970836e-11,5.860212e-12,5.204563e-34,0.0,9.949771e-25,3.0887977e-09
620000,24,267,0,-7.4863087e-13,3.3323233e-11,1.8227008e-15,4.4803537e-24,2.4207821e-18,3.1474758e-09
620000,164,274,0,2.1662313e-11,4.64361e-12,1.5341694e-38,0.0,1.6895676e-22,2.9887868e-09
620000,498,228,0,-5.2307014e-13,3.4688453e-11,1.373368e-12,7.6985614e-17,3.7293862e-11,3.0749068e-09
620000,299,499,0,-7.111817e-13,3.876034e-11,1.8214834e-11,2.1980353e-14,5.441433e-16,3.342842e-09
620000,74,445,0,7.315197e-11,6.687987e-11,1.0250602e-12,2.6610645e-17,1.3197498e-11,3.323948e-09
620000,84,384,0,2.0710345e-11,1.0805019e-11,1.4979849e-14,1.5822431e-21,2.4328568e-19,3.2735354e-09
620000,349,462,0,1.30221224e-11,3.9479968e-11,8.4515717e-13,6.1424393e-18,1.8841958e-15,3.0817793e-09
620000,56,321,0,1.8053341e-12,5.039684e-12,1.3519527e-14,1.302234e-22,7.282357e-24,3.206474e-09
620000,6,65,0,-1.1141747e-12,3.6223715e-11,4.8111363e-12,7.8431206e-16,8.386911e-18,3.3182699e-09
620000,259,360,0,1.433706e-10,1.8392779e-11,1.3860628e-10,2.6999728e-12,4.475084e-13,2.9997547e-09
620000,60,129,0,-1.1543905e-12,6.215609e-11,6.4133743e-19,2.953789e-30,3.2623504e-15,3.0186695e-09
620000,265,28,0,-8.406807e-13,1.15071626e-10,3.7051091e-13,2.0811943e-18,2.1785718e-12,3.0313612e-09
620000,380,304,0,4.649412e-11,8.694619e-12,1.7659705e-19,9.0809654e-32,2.3466532e-20,3.0482654e-09
620000,449,231,0,-6.661602e-13,2.8089872e-11,2.7486676e-12,6.303238e-16,8.592128e-19,5.769989e-11
620000,413,395,0,-1.1572268e-11,2.339528e-09,9.0025196e-17,2.2288308e-27,4.417841e-09,9.21379e-11
620000,478,350,0,-1.1686074e-11,2.287553e-09,2.0124897e-13,2.5123277e-19,4.1188084e-09,1.04206845e-10
620000,224,267,0,3.8759714e-11,1.8101624e-11,3.7367016e-31,0.0,9.880235e-15,7.279774e-11
620000,131,113,0,8.24991e-11,3.363861e-11,2.6271264e-16,1.5685093e-23,8.531847e-13,4.1293496e-11
620000,26,405,0,4.3201566e-12,8.841944e-11,2.5255137e-12,2.058642e-16,3.7322745e-14,3.2965397e-10
620000,183,241,0,2.6886343e-10,1.3469847e-12,8.939743e-30,0.0,2.0856497e-30,3.4303086e-14
620000,140,153,0,2.9624471e-12,1.8225222e-11,2.061308e-32,0.0,2.3541887e-15,2.0941807e-11
620000,123,17,0,-5.362999e-13,8.6368915e-12,7.824009e-14,1.2488972e-19,3.3274166e-22,1.4112768e-10
620000,299,111,0,2.3445998e-12,5.8149745e-11,1.9552223e-16,9.375617e-27,3.0418081e-09,1.2549334e-10
620000,414,419,0,5.610335e-11,2.394537e-11,3.054853e-12,8.823495e-16,4.8725877e-16,1.7976694e-10
620000,376,449,0,3.6763138e-13,2.4450095e-11,1.8994325e-13,2.1883172e-19,2.7917878e-19,2.2427254e-10
620000,429,37,0,3.8744854e-12,7.6332954e-11,9.792551e-13,2.1656412e-17,1.3216599e-12,1.3227387e-10
620000,168,346,0,5.817486e-11,2.2623745e-13,4.5126815e-14,3.3157134e-20,5.8663523e-25,5.547827e-12
620000,385,105,0,2.5244917e-10,5.599247e-12,2.036532e-14,2.6646467e-22,2.372777e-26,1.8243263e-11
620000,358,443,0,3.6489152e-11,7.8644105e-11,3.20043e-14,9.943952e-22,2.789532e-10,1.3658387e-10
620000,240,186,0,9.008161e-13,1.6032741e-11,1.0273019e-38,0.0,2.1871356e-19,8.572501e-12
620000,368,453,0,1.2584434e-12,3.833837e-11,6.0686204e-12,9.244834e-16,5.6719376e-14,1.1490149e-10
620000,363,0,0,-9.241875e-13,4.5941292e-11,2.7655472e-11,1.2856316e-13,3.062363e-10,3.3480894e-09
620000,312,54,0,1.0060358e-10,7.636667e-11,7.543282e-15,7.671997e-21,2.7344182e-11,4.784763e-11
620000,57,46,0,-7.404498e-13,3.085522e-11,1.3938156e-10,5.0964007e-11,8.3317006e-11,3.2036558e-09
620000,56,87,0,-1.1143119e-12,5.1502008e-11,7.217348e-13,1.1037438e-17,5.687571e-15,3.055972e-09
620000,47,257,0,2.1688316e-11,2.0895575e-11,9.6770404e-11,1.3180709e-10,6.807329e-10,3.0535585e-09
620000,440,357,0,-5.666192e-13,2.0185872e-11,1.4677134e-14,2.7382691e-21,9.940378e-18,3.3404066e-09
620000,116,471,0,-5.3973004e-13,3.9120276e-11,1.6823272e-12,5.039259e-17,4.711813e-15,3.1043663e-09
620000,18,417,0,-3.8448468e-13,3.5568815e-11,3.714322e-11,1.0661216e-12,5.5402036e-14,3.4872216e-09
620000,497,188,0,-1.2363722e-12,9.303102e-11,1.9884695e-12,1.368556e-16,4.837968e-11,3.332327e-09
620000,393,17,0,-1.3087205e-12,4.6060784e-11,1.1011252e-13,2.5712546e-20,6.737246e-16,3.0394158e-09
620000,257,496,0,-6.54093e-13,3.0022772e-11,2.6953037e-18,3.3704658e-30,1.1448435e-14,3.0298086e-09
620000,15,50,0,-1.2217783e-12,8.587704e-11,3.4039636e-11,3.0439583e-13,8.512807e-12,4.000259e-10
620000,52,406,0,7.297826e-10,4.626075e-11,7.3769285e-14,3.6329798e-20,2.20253e-16,3.0082836e-09
620000,44,241,0,1.3938692e-12,5.2079955e-11,3.9936323e-14,1.4765489e-21,2.2889374e-10,3.0496312e-09
620000,455,477,0,-9.220206e-13,5.6842264e-11,1.4274676e-11,6.440036e-14,2.4360534e-11,3.817122e-09
620000,84,26,0,-6.3606943e-13,2.1379006e-11,4.5127864e-13,3.3254344e-18,6.077909e-19,3.0613405e-09
620000,420,227,0,7.3244605e-12,3.3373183e-11,2.1737771e-11,2.1775511e-13,3.7130845e-15,3.0094947e-09
620000,350,496,0,-4.926317e-13,2.1332863e-11,8.2920796e-13,2.904925e-17,1.1063393e-16,3.2249956e-09
620000,454,342,0,-4.360055e-13,1.5951993e-11,2.3916114e-14,9.732709e-22,4.952547e-15,8.1839105e-11
620000,467,146,0,4.9558543e-12,7.861114e-11,3.5935297e-15,1.2665025e-23,7.845596e-14,3.2816627e-09
620000,89,460,0,-2.327605e-13,4.2667626e-11,1.6660717e-13,1.0413288e-19,2.1660538e-15,3.327311e-09
620000,7,474,0,-1.1648371e-12,8.636886e-11,2.2571094e-11,5.8119606e-14,2.0553877e-13,3.3191068e-09
620000,274,17,0,-7.783989e-13,6.151991e-11,4.944684e-11,4.4731124e-12,7.757637e-13,3.00747e-09
620000,42,463,0,-7.3283496e-13,1.3196108e-10,5.8217736e-11,1.7187885e-12,2.8253925e-11,3.2978829e-09
620000,375,176,0,3.3858107e-11,8.120653e-13,1.3394343e-20,4.8027407e-34,1.7991781e-28,2.9900802e-09
620000,284,414,0,1.1462833e-12,7.069586e-11,6.3547665e-12,3.204648e-15,1.4473972e-12,3.048752e-09
620000,384,308,0,5.763147e-11,2.7664242e-12,4.678949e-24,7.7e-42,6.9377346e-26,2.3377468e-11
620000,420,174,0,8.9893114e-11,7.89787e-11,3.963891e-16,2.6618831e-24,3.4285091e-10,3.001123e-09
620000,3,2,0,-5.7342464e-14,2.7494044e-11,2.0022212e-19,1.8838223e-31,1.4562892e-13,3.065235e-09
620000,452,301,0,8.3152825e-12,1.8458894e-11,3.242015e-14,2.4661639e-20,8.9060795e-13,3.0907932e-09
620000,109,431,0,4.1505584e-11,2.8258321e-11,7.045849e-18,1.5300422e-28,2.2086393e-12,3.1950842e-09
620000,5,409,0,-8.433852e-13,5.161439e-11,6.673936e-11,2.520258e-12,1.9522474e-11,3.4023881e-09
620000,233,474,0,-6.607646e-13,3.156836e-11,2.7075478e-15,4.284695e-23,2.1257341e-16,3.116521e-09
620000,453,95,0,2.6187494e-12,5.612644e-11,8.619345e-12,4.9265257e-15,4.639519e-11,3.2301697e-09
620000,455,467,0,-9.196686e-13,4.001819e-11,2.322547e-11,4.79222e-14,3.0945463e-10,3.604614e-09
620000,18,297,0,-8.452132e-13,3.1713333e-11,1.525196e-18,8.426558e-30,3.2098818e-15,3.0863831e-09
620000,412,310,0,7.6924106e-11,3.7033996e-12,5.742974e-13,2.4507612e-18,3.4561597e-22,3.043824e-09
620000,465,331,0,-3.979663e-13,1.8150058e-11,7.1243044e-13,1.1037355e-17,1.6228219e-13,1.4610402e-10
620000,470,176,0,-1.2661984e-12,4.6803013e-11,6.747125e-15,1.508448e-22,1.1416937e-16,3.0273257e-09
620000,164,65,0,6.556695e-11,1.6973787e-11,2.8793892e-13,4.969039e-19,3.92225e-20,1.2467045e-10
620000,467,443,0,-8.127634e-13,8.92922e-11,1.9589132e-15,5.93831e-22,2.68908e-11,3.2048295e-09
620000,398,398,0,-3.8228126e-13,4.479245e-11,9.642528e-13,7.348437e-18,2.0026318e-12,3.0529705e-09
620000,435,48,0,5.607677e-11,9.5270715e-11,1.6464414e-12,5.86845e-17,2.3323021e-09,3.2267868e-09
620000,261,63,0,5.581073e-12,2.0562281e-11,1.499278e-14,6.2516876e-22,7.0878027e-15,3.0423881e-09
620000,263,474,0,1.1066225e-12,1.6284377e-11,4.658212e-13,1.9761845e-18,4.0997482e-14,3.088227e-09
620000,69,93,0,3.413531e-13,4.8317184e-11,1.6578816e-15,2.7228745e-24,3.7551395e-16,3.10764e-11
620000,23,207,0,-5.6015864e-13,3.822358e-11,1.8575034e-11,2.6425998e-14,1.903718e-12,3.5992584e-09
620000,139,163,0,4.411544e-12,7.0956843e-12,2.0749e-41,0.0,7.0568116e-20,3.313441e-09
620000,34,486,0,-9.67786e-13,2.125263e-11,4.612756e-11,4.791195e-12,8.7677635e-13,6.781516e-11
620000,9,250,0,-8.5189093e-13,4.96221e-11,4.7767002e-11,4.636996e-12,2.8931524e-10,1.0521356e-10
620000,387,34,0,-1.2930579e-12,4.322335e-11,5.324605e-11,4.5575184e-12,7.8238235e-13,1.3626815e-10
620000,4,82,0,-8.9806016e-13,2.85446e-11,3.5565574e-13,1.7050991e-18,6.11811e-15,3.0707454e-09
620000,292,384,0,1.9073228e-10,5.5448895e-11,1.6579124e-12,3.7701112e-17,3.375783e-12,3.017321e-09
620000,334,45,0,1.2756807e-12,3.6130755e-11,1.1284643e-13,1.8781519e-20,1.037378e-17,3.0867042e-09
620000,6,92,0,-7.911522e-13,2.4118003e-11,4.054961e-11,5.7588716e-13,2.5974045e-14,3.5483724e-10
620000,460,474,0,-8.642766e-13,4.0586267e-11,3.146345e-11,2.4637576e-13,1.0186832e-12,3.258056e-09
620000,47,403,0,2.991924e-10,4.5298085e-11,1.5916408e-12,3.341952e-17,1.6713493e-11,3.1347787e-09
620000,282,72,0,2.2521993e-11,4.983079e-11,3.2212216e-13,4.9630997e-19,2.5997734e-13,3.1760015e-09
620000,186,40,0,-4.557472e-13,3.1446235e-11,6.042012e-19,3.244427e-31,1.3972849e-17,3.0982614e-09
620000,74,7,0,-6.8159985e-13,2.9420556e-11,7.940966e-12,1.4364238e-15,1.07202814e-13,3.153156e-09
620000,487,462,0,-7.0443765e-13,3.5442406e-11,3.229224e-14,1.337405e-21,7.793054e-17,3.1988718e-09
620000,128,402,0,6.64686e-10,7.913601e-12,7.494914e-16,2.345108e-21,6.143107e-20,3.0862874e-09
620000,477,71,0,-1.3010353e-12,5.997977e-11,2.6835077e-12,3.9076065e-16,9.733832e-13,3.4641439e-09
620000,9,470,0,-1.1391907e-12,1.2595669e-10,1.2911881e-11,1.3224583e-14,2.5939606e-10,3.3392429e-09
620000,191,7,0,-3.636667e-13,1.494888e-11,6.845862e-14,4.101337e-20,3.6577342e-19,3.0947847e-09
620000,438,63,0,5.5399046e-10,4.652205e-11,2.2974598e-11,1.3903384e-13,7.054428e-15,3.028217e-09
620000,223,455,0,-2.9664105e-13,1.2666823e-11,4.65793e-13,1.867778e-18,1.0678481e-20,3.0501632e-09
620000,17,286,0,-8.5031846e-13,4.1492136e-11,1.5150324e-21,2.0545184e-36,7.118614e-14,4.4045198e-11
620000,37,434,0,9.7458205e-12,1.05912064e-10,1.1025406e-11,6.3187053e-15,2.231689e-12,3.3610215e-09
620000,387,14,0,-1.1324869e-12,3.5371605e-11,5.0303536e-11,4.3876053e-12,7.1557127e-13,4.1956074e-11
620000,288,75,0,4.1267385e-11,2.4683913e-11,2.7681416e-14,4.9371123e-21,1.0899333e-15,3.0240617e-09
620000,449,399,0,-8.4256376e-13,8.540977e-11,2.5493269e-12,1.5369541e-16,2.588169e-12,3.0290164e-09
620000,85,108,0,-4.4222e-13,1.202429e-10,1.1319958e-15,5.918427e-25,3.2974955e-12,3.0324527e-09
620000,333,207,0,3.7261538e-10,4.488896e-12,4.5596336e-32,0.0,2.5153587e-21,2.9931184e-09
620000,274,63,0,7.028014e-12,3.1944437e-11,5.729338e-14,1.1428525e-20,2.4723388e-17,3.0319154e-09
620000,69,423,0,3.5957712e-10,7.127302e-11,2.170751e-12,1.6838197e-16,2.238221e-09,3.1547918e-09
620000,18,322,0,-9.050194e-13,4.3570682e-11,8.164476e-12,2.309197e-14,1.145248e-13,2.3332522e-10
620000,4,89,0,-7.8777414e-13,2.4102312e-11,5.966558e-12,7.7665645e-15,2.7670848e-16,3.568469e-09
620000,41,214,0,-6.5613915e-13,3.4398095e-11,7.1941564e-11,1.8329012e-12,1.1441606e-12,1.3185912e-10
620000,193,11,0,-3.699649e-13,8.880357e-12,1.23937115e-14,8.687513e-23,1.4425907e-19,3.1042209e-09
620000,458,336,0,-3.830079e-13,1.0427614e-11,5.1235426e-12,1.8260728e-15,2.2206724e-18,3.1459328e-09
620000,23,46,0,-1.2140428e-12,5.6171914e-11,2.3207152e-12,4.0939078e-17,3.3356395e-15,3.2853298e-09
620000,34,207,0,-6.7500096e-13,3.7546893e-11,2.2259446e-11,1.8991049e-13,6.6641253e-15,3.1225365e-09
620000,21,73,0,-1.4399251e-12,1.04420764e-10,7.105839e-11,1.7205582e-12,2.3765032e-10,3.1915561e-09
620000,4,475,0,-1.1420204e-12,4.1261057e-11,4.8033456e-11,2.906825e-13,4.095053e-15,3.2593628e-09
620000,438,47,0,4.1993048e-11,1.0943877e-10,9.524366e-13,5.0851855e-18,6.3690715e-12,3.1244811e-09
620000,118,463,0,-4.526053e-13,7.2645626e-12,2.7864024e-11,1.05303556e-13,1.2044393e-15,3.1866076e-09
620000,27,261,0,-6.3348984e-13,6.303932e-11,1.6609427e-12,1.4191152e-16,1.8240482e-11,1.3704445e-10
620000,389,325,0,4.50914e-12,4.751273e-11,2.9944887e-22,2.494306e-38,4.938185e-12,2.990047e-09
620000,382,140,0,1.13586224e-10,2.7198657e-11,9.113211e-16,1.3946428e-24,2.857752e-10,3.010038e-09
620000,340,88,0,5.476532e-10,1.92292e-11,3.6337123e-16,5.800696e-24,2.9963362e-16,2.9924658e-09
620000,83,266,0,2.3889887e-10,1.5427885e-11,4.1612235e-13,1.415359e-18,2.7285415e-20,1.200874e-10
620000,80,328,0,2.604816e-10,3.089711e-11,1.3568458e-11,2.464297e-14,1.0745466e-14,1.9673404e-11
620000,74,358,0,2.3398045e-10,3.2708532e-12,1.2583885e-14,1.1072528e-21,3.1640856e-24,2.2728973e-10
620000,258,230,0,1.965089e-10,4.8098636e-11,4.253625e-18,9.5265866e-29,1.4480574e-12,2.344783e-12
620000,147,128,0,1.0957864e-11,1.0355001e-11,3.2857407e-17,1.2284899e-27,1.1961924e-21,1.0716632e-12
620000,300,180,0,1.5532345e-10,2.8900778e-11,2.1515975e-22,2.0566176e-34,1.3196735e-14,4.3270335e-12
620000,186,282,0,4.678632e-10,7.366369e-12,0.0,0.0,6.8574555e-22,7.734939e-17
620000,421,270,0,4.5019982e-10,1.7361772e-11,2.8425584e-22,1.1096258e-38,3.2355152e-16,4.1610757e-11
620000,332,418,0,1.4594335e-10,2.5690158e-11,8.4756334e-13,5.4355593e-18,1.6778596e-15,1.1635967e-10
620000,395,420,0,2.6351624e-11,6.647697e-11,5.9675606e-12,1.5453318e-15,1.8755416e-11,1.5362343e-10
620000,384,167,0,1.8714096e-10,3.779957e-12,1.0772443e-20,9.0327744e-36,1.4898735e-23,6.8647775e-11
620000,479,255,0,-6.563783e-13,2.7877612e-11,1.2402487e-13,3.1705846e-19,1.6889506e-17,1.8427994e-10
620000,401,158,0,3.6994108e-10,1.2762868e-11,6.4597308e-12,2.0864355e-15,2.3308746e-18,8.017685e-11
620000,319,318,0,2.1047177e-10,1.2555117e-11,1.4815886e-18,7.040041e-30,2.5568123e-17,1.4707123e-11
620000,365,168,0,9.21386e-11,2.3184087e-12,1.05317034e-13,4.45837e-20,7.2872214e-25,2.1299126e-14
620000,43,350,0,-1.7641524e-13,2.3305588e-11,3.1571184e-12,2.9936066e-16,6.3613456e-18,1.0942351e-10
620000,191,255,0,1.8504066e-10,1.2018839e-11,5.1920884e-33,0.0,6.7657894e-18,1.1712614e-16
620000,316,224,0,2.0513204e-11,6.6235416e-12,1.008883e-39,0.0,5.5624965e-19,6.053204e-11
620000,185,433,0,2.9121174e-12,2.1940534e-11,7.996644e-13,6.0834498e-18,2.2161068e-18,1.5435847e-10
620000,92,282,0,3.1584357e-10,2.1120102e-11,1.6800923e-10,7.99551e-12,1.7123961e-12,1.2912699e-10
620000,384,319,0,1.15075414e-11,2.2797925e-11,2.3059526e-24,3.03633e-40,2.8862618e-12,7.796648e-12
620000,280,80,0,6.978621e-12,1.2137827e-11,2.4984492e-18,5.0473424e-29,6.219003e-19,1.5817507e-10
620000,220,152,0,8.8432065e-12,1.3487369e-12,5.973363e-20,5.909857e-33,2.9323373e-29,1.0871782e-11
620000,12,23,0,-9.524693e-13,5.5017366e-11,1.0722094e-12,1.9711208e-17,9.158215e-15,2.1023217e-10
620000,158,40,0,-1.5454521e-14,1.4029793e-11,1.2102688e-15,9.124802e-25,8.082106e-18,2.4190694e-10
620000,241,467,0,1.1793626e-13,5.3454442e-11,3.5410927e-14,2.3100541e-21,5.962621e-15,6.3316144e-11
620000,381,447,0,2.409027e-12,4.5381046e-11,3.0022788e-15,4.995002e-24,2.8577715e-10,6.561955e-11
620000,16,434,0,-7.2384443e-13,2.1430824e-11,8.278352e-11,5.0981246e-12,7.703237e-13,2.3715052e-10
620000,420,444,0,8.977379e-11,1.7952239e-11,6.672723e-12,1.0306878e-15,4.4845014e-18,2.7344316e-10
620000,428,165,0,8.521238e-12,4.4101525e-11,4.8587398e-11,4.556253e-12,7.786581e-13,1.1689916e-10
620000,54,27,0,-1.014384e-12,5.6517846e-11,3.082466e-11,2.1089383e-13,7.642214e-15,3.222839e-09
620000,461,3,0,-1.4465127e-12,6.8891635e-11,1.1450299e-12,1.9822935e-17,3.0743114e-10,3.4226286e-09
620000,232,96,0,5.1589794e-10,1.9012764e-12,1.399762e-20,2.3580984e-32,3.8608535e-30,5.000918e-11
620000,17,86,0,-1.1724299e-12,8.8281334e-11,6.0112705e-12,3.427388e-15,9.297567e-13,2.0704143e-10
620000,454,471,0,-9.630624e-13,5.1340876e-11,1.1761321e-11,9.983761e-15,4.126771e-14,3.262438e-10
620000,27,142,0,-1.3120331e-12,7.3580635e-11,6.16607e-12,4.832826e-15,2.1005682e-14,5.080737e-10
620000,149,487,0,-6.028022e-13,5.0603133e-11,2.9291853e-12,7.4879745e-16,2.650709e-12,2.4507413e-10
620000,460,5,0,-1.4685168e-12,6.806138e-11,6.720461e-12,6.6422134e-15,1.5365384e-13,4.3383405e-10
620000,248,5,0,-4.7716974e-13,7.363706e-12,1.1413236e-11,3.4515048e-14,7.9970043e-16,2.5597235e-10
620000,17,93,0,-9.829882e-13,3.9211447e-11,2.4153624e-14,3.2854372e-21,1.3421944e-13,1.874172e-10
620000,203,409,0,1.2186e-10,8.853643e-12,1.6123395e-16,1.1629974e-24,1.9017438e-19,2.7460867e-11
620000,324,51,0,1.0430209e-11,5.593961e-11,1.4914639e-11,5.2244365e-14,2.6515884e-12,1.2084264e-10
620000,49,22,0,-1.1293038e-12,8.5956964e-11,1.067221e-10,1.6837715e-11,3.2286302e-11,2.9784444e-10
620000,32,205,0,-6.5173333e-13,5.6248103e-11,6.951051e-11,4.534293e-11,3.529875e-10,1.5594974e-10
620000,464,483,0,-7.2645427e-13,3.6276242e-11,3.485716e-09,7.1937795e-10,1.1532699e-09,2.70887e-10
620000,222,36,0,-9.200513e-13,7.073907e-11,5.007482e-13,2.433108e-18,6.742267e-14,1.15064326e-10
620000,47,437,0,6.25476e-11,8.091991e-11,2.9702715e-10,5.1232806e-11,3.573949e-11,2.9119743e-10
620000,65,153,0,-6.174576e-13,1.3316065e-11,7.368442e-15,8.147819e-23,1.879283e-20,1.033441e-11
620000,494,175,0,-1.4800054e-12,7.327861e-11,1.0024317e-11,8.465953e-15,3.0092026e-10,1.53804e-10
620000,47,18,0,-1.1576459e-12,8.670769e-11,3.87365e-11,2.8704808e-13,1.0247506e-12,2.5452232e-10
620000,49,169,0,-7.006599e-13,4.3954288e-11,4.751877e-15,1.586638e-23,5.2615894e-14,9.413538e-11
620000,35,279,0,-5.329007e-14,1.9219298e-11,7.785469e-14,1.6507462e-20,4.057457e-19,4.017064e-11
620000,422,48,0,2.9015795e-11,8.694015e-11,1.7983531e-11,1.1002746e-14,2.5050348e-12,1.0104111e-10
620000,462,341,0,-3.9941615e-13,2.8678641e-11,3.4865187e-11,6.7519926e-13,4.544705e-11,2.494261e-10
620000,329,61,0,2.4790217e-11,3.425249e-11,9.869594e-13,7.79975e-18,1.08443826e-13,8.918005e-12
620000,449,21,0,-1.5408662e-12,6.849379e-11,6.384626e-11,3.8339774e-12,1.720478e-12,1.4354615e-10
620000,42,178,0,-6.2479183e-13,1.9897691e-11,3.1983496e-11,3.0410751e-13,9.506853e-15,1.829384e-10
620000,24,54,0,-1.2245141e-12,7.0026e-11,1.6623762e-12,3.7701562e-17,2.3659327e-16,3.1391562e-10
620000,151,35,0,-1.2080075e-13,1.486004e-11,1.1312621e-17,1.0831748e-28,4.0515794e-18,3.2186673e-10
620000,92,59,0,8.570965e-11,4.461331e-11,1.7641189e-11,2.465374e-13,1.2893159e-14,2.0267757e-10
620000,40,176,0,-6.150606e-13,1.5501263e-11,1.4794421e-12,3.8788246e-17,1.36917954e-17,1.4692882e-10
620000,433,461,0,-4.2475789e-13,7.4131604e-11,2.3111027e-13,4.0107956e-19,3.2702957e-12,3.82127e-10
620000,488,179,0,-1.3948026e-12,8.860068e-11,5.3813177e-13,2.010046e-18,3.2548565e-12,1.711366e-10
620000,12,497,0,-1.1017476e-12,2.034813e-11,7.999335e-13,4.4291506e-18,1.2161085e-18,2.2365033e-10
620000,78,122,0,-7.086352e-13,6.3105104e-11,2.2108631e-11,1.8096127e-13,2.9337963e-13,1.0162422e-11
620000,491,377,0,-8.6071016e-13,5.3998424e-11,1.2403513e-13,3.1705846e-19,3.074307e-10,1.4355969e-10
620000,214,473,0,-5.653819e-13,2.3680162e-11,6.874024e-12,5.0610104e-15,4.319068e-15,6.850189e-11
620000,80,252,0,8.072127e-11,5.52298e-11,2.1492842e-13,1.0215771e-19,1.1257181e-11,1.5988098e-10
620000,430,226,0,2.8180422e-12,1.3559723e-11,6.317882e-13,4.5008336e-18,2.7573174e-19,2.6304205e-11
620000,453,2,0,-1.6830855e-12,1.1954165e-10,1.13069e-11,1.6122654e-14,2.6634253e-13,3.301334e-10
620000,470,21,0,-1.3831994e-12,8.282978e-11,1.8159207e-13,1.9774405e-19,2.6645944e-10,2.963305e-10
620000,102,377,0,3.4532502e-11,1.02561805e-11,7.1026224e-22,1.5114874e-36,2.7555788e-19,6.720531e-12
620000,421,483,0,-1.5567625e-12,5.2701676e-11,9.233147e-13,4.6265514e-18,3.7348994e-16,1.1553084e-09
620000,393,17,0,-1.3087205e-12,4.6060784e-11,1.1011252e-13,2.5712546e-20,6.737246e-16,3.0394158e-09
620000,498,468,0,-9.384431e-14,4.6337825e-12,2.754906e-13,1.8742802e-18,5.0982767e-14,2.2056605e-11
620000,158,436,0,4.047128e-13,4.8103837e-11,1.1274853e-22,4.6103406e-38,2.4955615e-10,1.1414942e-10
620000,411,477,0,-1.4254278e-12,1.479079e-10,8.232959e-15,2.368126e-23,1.29245885e-11,1.6340496e-10
620000,63,115,0,-1.2464522e-12,1.1151683e-10,1.076705e-18,5.7729816e-31,5.372316e-11,1.3857279e-10
620000,69,45,0,-3.6939145e-13,3.0072327e-11,1.1320079e-12,5.1832785e-17,3.3144066e-16,1.5540326e-10
620000,467,181,0,-1.0798762e-12,3.369726e-11,5.472621e-13,5.8437796e-18,4.2511563e-15,1.6558029e-10
620000,497,236,0,-5.5573227e-13,4.693476e-11,1.3614532e-10,2.440478e-11,2.96563e-10,2.7603675e-11
620000,28,67,0,-1.1959094e-12,4.779282e-11,1.6713201e-15,7.1176903e-25,5.1356423e-13,5.020952e-10
620000,494,147,0,-9.92194e-13,5.096238e-11,2.2342494e-11,1.3853514e-13,7.395118e-14,3.2779233e-09
620000,69,309,0,4.1863743e-12,6.8991254e-13,1.8144875e-18,1.3687327e-30,5.737681e-29,4.4078376e-11
620000,52,136,0,-1.2796419e-12,5.3319085e-11,1.0760907e-19,8.34731e-32,2.3955223e-15,5.7852872e-11
620000,1,401,0,-6.955828e-13,5.431983e-11,1.2133787e-14,3.7306075e-22,7.665701e-14,2.3902216e-10
620000,467,412,0,-1.0024724e-12,6.5269734e-11,7.3978794e-14,6.453718e-21,2.4565106e-10,2.092148e-10
620000,29,201,0,-6.086962e-13,6.846173e-11,1.1856053e-11,2.4333666e-14,3.131603e-11,2.4945535e-10
620000,489,15,0,-1.2760896e-12,2.9967615e-11,1.6396266e-11,1.536245e-14,1.1029088e-16,2.5829372e-10
620000,372,3,0,-1.1119229e-12,4.3602774e-11,8.30349e-12,2.819711e-15,7.6623924e-16,1.6143731e-10
620000,33,17,0,-9.867406e-13,4.5874683e-11,2.6105566e-15,1.6168422e-23,1.3366818e-15,3.8850226e-10
620000,136,494,0,-4.8214964e-13,2.3181183e-11,2.5388751e-12,8.84732e-17,8.429739e-18,6.1132155e-11
620000,298,489,0,-6.207758e-13,4.235213e-11,1.3096461e-12,2.848147e-17,2.4825433e-09,1.7108244e-10
620000,28,456,0,-1.0273991e-12,6.577279e-11,3.7518083e-12,2.140432e-15,4.5459272e-11,1.805979e-10
620000,361,417,0,2.3275364e-11,4.585772e-12,2.8526557e-13,9.324175e-19,2.875814e-23,7.192042e-10
620000,466,156,0,4.0234505e-14,9.5415245e-11,2.8905413e-13,1.4662627e-19,1.2990744e-13,1.3467144e-10
620000,127,495,0,-4.1306495e-13,9.001211e-12,2.1111726e-12,7.0751425e-17,1.3700649e-17,1.9021718e-10
620000,156,478,0,-3.932269e-13,1.859781e-11,2.8358499e-14,1.17544296e-20,2.532944e-14,4.2281813e-11
620000,46,421,0,9.800366e-11,1.3482623e-10,1.7798433e-11,1.7066908e-13,2.072412e-11,2.1751462e-10
620000,57,451,0,3.654239e-11,6.4001006e-11,1.7740252e-11,1.7797718e-13,9.2437205e-15,2.593336e-10
620000,476,438,0,-7.55299e-13,3.8176448e-11,1.2900488e-12,9.7106564e-17,1.1651237e-17,1.2959689e-10
620000,2,317,0,-1.3758066e-12,1.01189016e-10,8.322166e-21,7.985739e-37,2.5834986e-14,4.186724e-12
620000,498,63,0,-1.3492959e-12,3.93599e-11,8.159916e-15,2.2272232e-22,5.248512e-16,1.2624023e-10
620000,278,462,0,1.1146713e-11,1.2830686e-11,3.3274661e-12,1.1986318e-15,1.4448852e-17,1.6836929e-10
620000,443,481,0,-1.3772073e-12,5.772023e-11,4.6111746e-11,4.791195e-12,8.857141e-13,2.5646618e-10
620000,30,163,0,-1.0063925e-12,5.4204734e-11,1.4321312e-11,5.4891313e-14,1.2839997e-14,2.3196578e-11
620000,85,498,0,-9.271448e-13,4.510737e-11,8.2591724e-13,1.1165214e-17,8.931682e-16,2.2288581e-10
620000,479,44,0,-1.663946e-12,6.489988e-11,2.76155e-13,2.4881438e-19,1.6486808e-13,1.33088e-10
620000,9,159,0,-1.3734611e-12,1.0000201e-10,1.2587752e-15,2.2312305e-25,6.451149e-11,1.303348e-10
620000,23,271,0,-7.6264884e-13,4.8901615e-11,3.2144493e-18,3.4655304e-30,4.809537e-14,1.0567291e-10
620000,479,498,0,-7.7368416e-14,1.3102292e-12,5.0462037e-11,2.6328023e-13,5.659861e-15,8.240473e-11
620000,41,444,0,1.0875974e-11,5.7312478e-11,4.1242655e-11,6.3017983e-13,2.638005e-12,1.7129326e-10
620000,33,148,0,-1.48665e-12,7.0630245e-11,6.157173e-12,2.3720018e-15,4.033439e-11,1.796899e-10
620000,263,446,0,4.3166853e-10,4.0848505e-11,5.515604e-13,3.4453408e-18,1.542871e-14,1.4113526e-10
620000,22,228,0,-3.1594315e-13,7.2852813e-13,6.4656752e-12,1.0592077e-14,1.931654e-16,2.2512486e-10
620000,238,71,0,5.1299173e-11,3.170212e-11,5.716901e-15,8.029144e-23,4.375631e-17,6.61904e-11
620000,398,1,0,-9.648081e-13,2.2816506e-11,3.437812e-14,2.5367693e-21,2.7710034e-20,1.7022085e-11
620000,376,15,0,-1.3021915e-12,1.0710623e-10,1.4320656e-14,4.738422e-22,1.894985e-13,1.4843182e-10
620000,376,19,0,-1.297463e-12,4.9081142e-11,2.3133562e-14,3.1947693e-20,1.9133388e-16,1.3885254e-10
620000,95,36,0,-8.963358e-15,3.262038e-11,5.3029543e-12,7.411284e-15,3.3378767e-15,5.8303645e-10
