mcsteps,xCOM,yCOM,zCOM,il8,il1,il6,il10,tnf,tgf
200000,170,80,0,1.785229e-09,3.8698988e-12,3.5528314e-26,2.4178878e-38,8.145125e-23,2.4182585e-11
200000,217,214,0,1.7854122e-09,1.3461656e-14,6.9446924e-14,5.6160075e-18,1.9399142e-20,4.3617294e-36
200000,289,163,0,1.7854256e-09,4.6983516e-13,0.0,0.0,5.502246e-27,3.2325303e-24
200000,413,269,0,2.0206876e-09,1.4923537e-12,7.35067e-40,0.0,5.5943796e-19,3.1718717e-14
200000,414,200,0,1.790402e-09,5.8025832e-12,4.319357e-34,0.0,2.9573128e-22,7.882914e-20
200000,197,139,0,1.7859543e-09,2.737257e-13,0.0,0.0,1.543414e-25,2.8156584e-22
200000,378,208,0,1.7854712e-09,1.773493e-19,0.0,0.0,0.0,3.5728077e-26
200000,155,198,0,2.0461635e-09,9.6767325e-12,0.0,0.0,4.0631683e-19,2.531608e-20
200000,397,297,0,1.7928898e-09,2.4540715e-12,6.937243e-29,1e-45,1.7706524e-23,1.0257226e-10
200000,409,184,0,1.790053e-09,1.8372514e-11,1.6177019e-29,0.0,3.7398546e-17,6.400072e-15
200000,336,94,0,1.7942232e-09,3.1246675e-11,1.0599434e-22,0.0,2.5259653e-16,8.416104e-14
200000,438,279,0,1.7851961e-09,1.1111577e-12,9.242253e-17,4.3009627e-24,4.361323e-23,4.563708e-11
200000,307,245,0,1.7850869e-09,1.2758768e-12,1.1920494e-37,0.0,1.0025534e-20,6.1540725e-13
200000,352,156,0,1.7898889e-09,1.3640577e-11,6.2719498e-18,1.5581596e-23,1.4556668e-18,7.4703695e-23
200000,175,364,0,1.8225089e-09,1.4439951e-22,0.0,0.0,0.0,2.2963251e-29
200000,312,359,0,1.7855485e-09,1.8867123e-17,6.7515257e-21,4.8177186e-30,1.6364341e-36,5.2202714e-21
200000,258,315,0,1.7857005e-09,6.12935e-17,0.0,0.0,0.0,9.06145e-40
200000,390,112,0,1.7852335e-09,3.820164e-13,1.2181972e-13,1.3055466e-18,6.205862e-22,4.196852e-19
200000,84,355,0,1.8133329e-09,6.678064e-17,6.634831e-18,1.7272624e-26,1.2627022e-32,5.973541e-15
200000,138,255,0,1.7854707e-09,3.6004075e-19,0.0,0.0,0.0,1.1329787e-22
200000,113,137,0,1.7851242e-09,1.0476559e-10,3.4639837e-38,0.0,3.3003058e-12,2.6956048e-16
200000,141,300,0,1.7897095e-09,3.5063376e-17,2.2510313e-29,0.0,2.8885e-41,3.1702078e-14
200000,434,65,0,1.7974203e-09,2.9373684e-12,3.4388832e-11,1.4862024e-13,7.324712e-15,1.8757064e-10
200000,167,372,0,1.8220976e-09,2.6755848e-17,3.113746e-32,0.0,1.739e-42,6.920685e-31
200000,214,283,0,1.7855198e-09,9.128055e-17,0.0,0.0,1e-45,1.596e-42
200000,90,213,0,1.7863686e-09,1.5337671e-13,3.245446e-37,0.0,3.8582236e-28,2.0802328e-14
200000,327,125,0,1.7863266e-09,1.6638613e-12,8.590961e-17,4.4278885e-24,6.6973384e-25,1.0980784e-25
200000,270,364,0,1.7860738e-09,6.103339e-12,1.3491996e-18,2.4223316e-27,9.045628e-19,5.5610144e-20
200000,210,112,0,1.7856712e-09,7.050024e-22,1.25512486e-29,1e-45,0.0,7.6557603e-19
200000,412,292,0,1.7940214e-09,3.5372603e-12,4.627163e-19,6.6663826e-29,4.0405163e-22,3.1017505e-11
200000,353,87,0,1.8086251e-09,2.4156909e-14,2.4705007e-24,1.0141237e-37,4.7330692e-32,1.7072923e-11
200000,142,318,0,1.7885439e-09,4.2238915e-13,8.1306346e-22,1.5803317e-32,3.2042793e-25,2.962373e-12
200000,284,205,0,1.7896027e-09,1.9494547e-11,1.272e-42,0.0,3.658931e-17,2.4999566e-14
200000,294,191,0,1.789627e-09,2.340894e-11,0.0,0.0,1.299534e-17,1.0976808e-13
200000,247,87,0,1.786543e-09,5.9904994e-13,1.8172009e-30,0.0,5.156176e-29,1.2445615e-14
200000,124,402,0,1.7987658e-09,5.933504e-13,2.1455271e-25,1.682683e-39,7.8772638e-25,1.215918e-11
200000,237,303,0,1.7856612e-09,2.4018168e-13,4.472e-42,0.0,1.0332825e-28,0.0
200000,406,90,0,1.7849834e-09,4.349447e-11,2.1802033e-20,1.4040893e-31,5.410047e-16,1.22871e-11
200000,121,416,0,1.7981652e-09,9.081579e-13,9.954652e-15,5.423815e-21,1.9772875e-25,3.00174e-12
200000,337,200,0,1.8880655e-09,9.2580735e-11,0.0,0.0,7.9740863e-13,8.252541e-21
200000,96,73,0,1.7846405e-09,6.597687e-11,6.1291156e-20,1.7721606e-30,2.741294e-15,8.29849e-13
200000,318,387,0,1.785464e-09,5.6485184e-15,5.853691e-26,8.1264e-41,4.127076e-32,7.740183e-12
200000,175,139,0,1.7852663e-09,2.2724414e-11,2.4105912e-30,0.0,6.872802e-16,9.557634e-11
200000,150,197,0,2.1003153e-09,7.73137e-14,0.0,0.0,4.6208406e-31,1.4727312e-16
200000,80,421,0,1.8182955e-09,4.3584845e-12,5.481152e-20,3.6721348e-31,1.1585983e-21,1.5604968e-14
200000,211,338,0,1.7931522e-09,2.1085148e-11,2.09e-43,0.0,6.0943334e-18,0.0
200000,137,383,0,1.7894665e-09,1.0557206e-12,4.0866087e-14,9.057957e-20,1.589154e-23,4.4704802e-15
200000,84,410,0,1.8170453e-09,3.7397394e-11,1.4537349e-14,8.1268476e-21,4.4149852e-17,1.8052505e-12
200000,128,368,0,1.8396086e-09,6.8966443e-12,2.8667055e-29,0.0,9.351854e-18,1.6027197e-14
200000,345,201,0,1.8884376e-09,2.5994279e-15,0.0,0.0,2.0803858e-32,3.4692752e-25
200000,187,277,0,1.7855218e-09,9.512233e-15,0.0,0.0,5.136502e-34,0.0
200000,82,343,0,1.8250715e-09,8.584253e-12,4.451589e-13,1.9272934e-17,7.523543e-19,4.4623623e-13
200000,59,395,0,1.8018894e-09,8.727251e-12,1.2168591e-33,0.0,7.279105e-19,1.1305502e-11
200000,339,428,0,1.805143e-09,2.3062903e-14,9.766654e-15,4.5556158e-20,1.4397944e-23,3.36702e-12
200000,352,314,0,1.785383e-09,5.4173686e-15,3.6548602e-37,0.0,3.1341366e-35,1.440635e-19
200000,192,347,0,1.7894545e-09,1.3393576e-12,0.0,0.0,5.5943796e-19,2.2484943e-34
200000,90,331,0,1.7980113e-09,9.77977e-14,2.7375102e-24,7.816547e-38,3.561186e-31,2.1193851e-16
200000,210,354,0,1.8110091e-09,1.3813176e-13,4.6e-44,0.0,2.3852349e-29,0.0
200000,254,221,0,1.7852464e-09,1.9060314e-11,2.7165563e-19,3.701758e-28,2.859738e-17,9.419824e-20
200000,247,110,0,1.7866457e-09,1.4975259e-11,7.070245e-33,0.0,5.584107e-19,5.2653063e-25
200000,68,262,0,1.785544e-09,3.3571475e-12,1.819199e-17,1.7661744e-26,1.3640526e-21,1.2831285e-15
200000,408,271,0,2.0216462e-09,9.453904e-11,4.1666494e-35,0.0,3.4385025e-13,2.243209e-18
200000,354,360,0,1.7851998e-09,1.0651551e-11,1.1856942e-31,0.0,1.3332292e-19,1.1861824e-22
200000,55,408,0,1.8016043e-09,6.270052e-12,1.2721279e-20,1.695742e-29,2.7622766e-23,1.5634911e-16
200000,337,441,0,1.8049476e-09,3.9899792e-13,3.366378e-20,2.9764612e-29,8.6005756e-23,1.7134707e-11
200000,249,131,0,1.7861611e-09,3.3872907e-12,2.4e-44,0.0,3.64698e-23,3.8790256e-28
200000,122,291,0,1.806842e-09,3.3925442e-13,1.1545393e-23,1.1335437e-37,1.1278796e-22,1.5512819e-14
200000,265,441,0,1.7850581e-09,1.4413259e-12,1.1806115e-20,3.6006607e-31,6.3700968e-24,2.1086093e-12
200000,109,292,0,1.8061214e-09,2.5155816e-19,5.9401534e-24,5.674107e-38,1e-45,1.8869927e-17
200000,227,94,0,1.7866121e-09,6.275397e-15,1.8708116e-29,0.0,4.127076e-32,1.4575271e-27
200000,340,168,0,1.7902614e-09,1.7881003e-16,9.136344e-28,2.0416e-41,3.018e-41,2.1022879e-16
200000,289,374,0,1.7861491e-09,5.3022087e-14,5.1390486e-23,1.651276e-34,4.7867117e-32,2.8155966e-15
200000,193,311,0,1.785478e-09,8.828568e-23,0.0,0.0,0.0,3e-45
200000,212,418,0,1.7854672e-09,2.2486605e-19,4.1674168e-23,1.1276366e-34,4.78e-43,2.262598e-14
200000,202,365,0,1.803763e-09,7.0212336e-14,1.78783e-39,0.0,1.5624608e-32,1.54385e-40
200000,63,433,0,1.7860102e-09,1.8194482e-11,3.9299354e-12,1.5395383e-15,1.71196e-17,1.0096708e-11
200000,119,338,0,1.7851113e-09,2.0803113e-11,7.637707e-22,2.2939941e-33,1.1195459e-15,1.2134523e-28
200000,90,192,0,1.7863341e-09,9.866571e-15,3.369901e-16,6.5952053e-24,1.850337e-29,2.9849522e-13
200000,147,93,0,1.8412212e-09,9.132395e-16,1.0523701e-14,2.4419653e-20,2.8976675e-24,4.1015507e-14
200000,182,249,0,1.7853193e-09,1.1581744e-11,0.0,0.0,1.977061e-19,0.0
200000,346,76,0,1.8061133e-09,2.1230837e-11,5.1603494e-17,2.1909046e-25,3.740388e-17,1.0290106e-13
200000,359,392,0,1.7849757e-09,7.664062e-12,9.728149e-14,3.1449967e-18,8.3474116e-21,3.7975777e-12
200000,87,276,0,1.7855127e-09,1.839961e-12,1.1319967e-21,6.0126083e-32,8.971666e-26,1.528248e-13
200000,404,256,0,1.8007956e-09,6.818082e-11,3.2416725e-27,2.2202931e-38,2.8478747e-15,1.693801e-18
200000,135,222,0,1.7925448e-09,2.0781066e-15,0.0,0.0,3.0213637e-35,1.6539628e-15
200000,380,155,0,1.7955661e-09,1.05886645e-11,6.5461384e-22,6.373187e-34,1.3332292e-19,2.828476e-13
200000,444,131,0,1.7848867e-09,7.8543325e-11,3.4656367e-14,2.7485406e-20,2.7509449e-12,1.5701616e-12
200000,165,402,0,1.7854339e-09,3.2617487e-14,2.5368e-18,4.3790707e-28,6.2380025e-31,2.7582865e-23
200000,141,194,0,1.863306e-09,4.3798215e-11,0.0,0.0,1.7202262e-15,4.1649524e-11
200000,341,110,0,1.7914036e-09,5.25134e-11,7.762972e-25,1.6524137e-38,3.358786e-14,1.7368236e-13
200000,119,223,0,1.7924874e-09,9.128404e-15,8e-45,0.0,0.0,3.5011302e-16
200000,409,435,0,1.7838875e-09,1.1372818e-10,8.41323e-27,7.51e-42,9.861448e-13,5.2326633e-11
200000,126,66,0,1.7849386e-09,5.622646e-12,1.1117121e-22,4.7111234e-35,5.3551293e-21,6.5696892e-12
200000,301,62,0,1.7841337e-09,1.020679e-10,3.3012373e-13,4.6203914e-18,6.3088797e-15,3.8524644e-12
200000,141,101,0,1.8410745e-09,5.2734245e-14,1.3007914e-22,2.9803385e-34,1.4836936e-30,2.2769669e-13
200000,426,77,0,1.7973517e-09,1.2130559e-11,6.903288e-23,6.7088045e-35,2.291102e-16,2.8537063e-11
200000,322,327,0,1.7854744e-09,6.280331e-20,1.08644e-40,0.0,0.0,4.808536e-19
200000,188,383,0,1.7866331e-09,2.984595e-20,0.0,0.0,0.0,2.1326969e-34
200000,119,363,0,1.8360093e-09,2.8906396e-11,2.9988e-41,0.0,1.7033899e-16,1.5751122e-20
200000,395,155,0,1.7956349e-09,1.1365237e-13,3.313079e-14,7.2502516e-20,8.169601e-24,1.0790454e-13
200000,26,156,0,-1.2315156e-11,2.4020779e-09,3.240621e-10,4.8004076e-11,4.1504182e-09,5.540693e-11
200000,478,370,0,-1.1128974e-11,2.271925e-09,2.9801107e-16,4.2476377e-24,4.1188084e-09,1.0894286e-11
200000,485,140,0,-1.1534575e-11,2.2822273e-09,4.1989428e-22,7.295048e-31,4.1188084e-09,1.0769712e-11
200000,466,146,0,-4.7912455e-13,1.1932664e-12,6.669299e-20,5.444269e-31,5.591951e-25,1.5378973e-12
200000,365,45,0,-1.2052301e-11,2.3081872e-09,1.2222471e-17,5.079632e-26,4.118809e-09,2.8723023e-13
200000,149,140,0,-1.1126665e-11,2.273263e-09,8.838923e-27,7.4207e-41,4.1188084e-09,2.7407958e-19
200000,469,46,0,-1.1124948e-12,5.1589694e-11,2.4805746e-10,5.5657687e-11,4.310224e-11,2.8605878e-11
200000,449,172,0,-1.1419353e-11,2.272748e-09,2.3901691e-11,8.210927e-14,4.1188124e-09,5.543223e-11
200000,402,337,0,-1.7865117e-12,1.1570499e-10,3.8992456e-35,0.0,4.6245004e-14,3.9488663e-15
200000,408,193,0,1.4662038e-10,1.4477524e-12,2.47206e-40,0.0,3.08583e-23,8.724647e-21
200000,132,434,0,-1.063836e-11,2.2897382e-09,4.7094503e-12,6.0832094e-15,4.1188084e-09,2.1913012e-12
200000,440,208,0,-1.1145779e-11,2.2928637e-09,1.6205887e-16,1.5821736e-22,4.118809e-09,4.6216264e-12
200000,488,311,0,-6.8088173e-13,2.4985748e-11,1.0152359e-12,9.4176505e-17,6.2471194e-18,8.700392e-14
200000,22,364,0,-1.1593864e-11,2.2751e-09,1.5620397e-14,8.382381e-19,4.1188084e-09,7.514179e-12
200000,100,182,0,1.8478448e-12,2.3089648e-09,1.0952159e-25,1.69975e-40,4.11881e-09,8.18554e-15
200000,156,426,0,-1.1248807e-11,2.3029334e-09,9.383912e-25,6.8986704e-37,4.118809e-09,2.3481103e-14
200000,283,74,0,1.653705e-13,1.1719498e-10,3.6920687e-17,1.6860502e-25,1.2712226e-10,3.6979273e-14
200000,29,429,0,-1.1654024e-11,2.3496964e-09,4.1353566e-13,2.3199008e-17,4.1188644e-09,3.0947922e-10
200000,141,72,0,7.148618e-12,3.55002e-11,1.2826556e-22,1.0527616e-34,8.8719644e-16,1.2360021e-13
200000,116,389,0,9.92185e-12,1.3518487e-11,1.1756255e-25,3.321823e-39,1.4556668e-18,2.1398259e-15
200000,17,244,0,-7.928187e-13,7.078591e-11,1.4247761e-15,1.1139431e-21,6.581349e-15,4.6259773e-16
200000,424,12,0,-1.6074418e-12,8.237506e-11,1.8158745e-17,2.8370803e-24,3.4009756e-15,3.113492e-13
200000,25,411,0,-9.381839e-13,7.522851e-11,1.3854147e-12,6.45791e-16,1.925244e-14,3.194082e-10
200000,399,457,0,-1.0962252e-11,2.271965e-09,3.9888676e-13,5.2419362e-17,4.1188084e-09,3.4966222e-13
200000,11,73,0,-4.2745806e-13,2.811249e-12,2.673683e-11,6.238396e-14,1.157174e-15,1.3844317e-12
200000,233,491,0,-1.4697919e-13,5.9911765e-14,1.0913711e-14,5.686546e-20,1.851614e-23,5.3235714e-12
200000,426,15,0,-1.8433042e-12,6.945452e-11,2.5039879e-17,6.734413e-23,9.715313e-17,1.8285636e-13
200000,380,455,0,-7.827363e-13,4.2357513e-11,3.2116993e-24,3.433491e-37,4.6787833e-14,6.5061304e-15
200000,65,401,0,1.170052e-10,1.6667863e-11,6.8963936e-25,9.091e-38,2.0297476e-18,3.526774e-15
200000,43,481,0,-1.2307898e-11,2.423426e-09,4.5396434e-12,3.4448517e-15,4.1192725e-09,4.1013387e-11
200000,381,75,0,-1.1515413e-11,2.3099436e-09,3.3428671e-16,6.918619e-23,4.118809e-09,1.0617336e-14
200000,305,340,0,-9.049261e-12,2.2726172e-09,2.486e-41,0.0,4.1188084e-09,1.6013463e-19
200000,317,425,0,-1.0311493e-11,2.2719089e-09,1.3241895e-22,3.916586e-34,4.1188084e-09,9.72259e-13
200000,458,211,0,-1.1468472e-11,2.2738385e-09,6.123468e-11,5.5404157e-13,4.118842e-09,2.7158836e-21
200000,100,408,0,-3.7733115e-12,2.397504e-09,4.6591206e-21,6.030282e-33,4.224017e-09,6.0311673e-12
200000,255,153,0,1.8824685e-13,6.805991e-13,0.0,0.0,3.3449283e-22,7.9265873e-25
200000,277,436,0,9.189266e-12,2.3509152e-09,5.3823108e-24,3.518777e-39,4.1204595e-09,8.276678e-14
200000,72,476,0,-8.120128e-13,5.680704e-11,1.6885597e-16,4.2509852e-24,1.6309972e-13,5.4184267e-13
200000,401,489,0,-1.2120839e-11,2.299866e-09,8.4216865e-24,9.254725e-37,4.1188084e-09,8.576503e-12
200000,423,437,0,1.3797921e-11,2.2082017e-13,1.2219647e-17,5.0793188e-26,2.1050775e-30,4.075301e-11
200000,434,295,0,6.383627e-12,5.157821e-14,1.8575433e-17,4.2481517e-23,1.0808148e-27,2.9783917e-13
200000,403,283,0,5.6934218e-11,3.7316694e-14,6.898556e-33,0.0,1.4411668e-33,2.1298195e-14
200000,286,48,0,3.8907557e-13,1.8830968e-11,5.518219e-18,4.4039e-26,6.601712e-19,3.9747306e-17
200000,101,280,0,1.37135095e-11,2.2719089e-09,7.641771e-22,3.897133e-33,4.1188084e-09,7.9368046e-16
200000,207,440,0,4.961313e-13,4.9221088e-17,3.0102601e-30,0.0,1e-45,1.9777712e-13
200000,407,468,0,-1.1668201e-11,2.2869049e-09,6.598185e-16,5.553006e-23,4.1188084e-09,1.578114e-12
200000,18,197,0,-1.1357489e-11,2.2980444e-09,7.368852e-11,1.3534266e-12,4.119032e-09,3.230164e-11
200000,42,290,0,-5.6063726e-13,2.5472775e-11,1.3936696e-12,1.06526966e-16,3.674759e-17,1.513252e-13
200000,329,495,0,-1.1204334e-11,2.272085e-09,3.121695e-17,1.0642955e-25,4.1188084e-09,6.906537e-13
200000,117,448,0,-1.4866107e-13,8.58761e-13,3.9417377e-19,6.741451e-28,1.4668181e-26,1.4114302e-12
200000,477,245,0,-4.0419854e-13,7.2178906e-13,1.2099986e-17,3.221129e-26,3.4405078e-26,1.7102335e-12
200000,467,361,0,-3.2319863e-13,3.6117264e-12,4.955433e-15,2.1187926e-21,2.1831328e-22,1.4426903e-09
200000,410,339,0,-4.4907966e-13,3.1604244e-11,5.937429e-29,1e-45,9.241062e-17,8.659353e-16
200000,237,341,0,-2.306882e-13,3.4172966e-12,3.7744426e-29,9e-44,2.9238208e-23,2.2762552e-29
200000,141,133,0,-3.4540665e-13,7.433692e-12,1.6801797e-31,0.0,3.348329e-20,6.9810924e-14
200000,63,388,0,9.168281e-11,2.2784705e-09,4.2799485e-36,0.0,4.1188084e-09,2.2317458e-12
200000,458,81,0,-6.76318e-13,5.6681426e-12,1.5342157e-16,1.30635516e-23,8.4697176e-22,1.8335429e-11
200000,474,52,0,-1.2315481e-11,2.3161983e-09,6.9986727e-16,4.768164e-24,4.118811e-09,2.3880786e-10
200000,356,497,0,-1.1217713e-11,2.2720075e-09,3.8691636e-10,3.2826474e-11,4.136999e-09,2.0177369e-15
200000,32,23,0,-7.404574e-13,8.7001316e-11,1.5192123e-18,1.2830417e-26,4.448575e-14,5.1678484e-12
200000,198,390,0,2.7139159e-11,5.9630777e-24,1e-45,0.0,0.0,1.910377e-24
200000,97,130,0,-7.149477e-12,2.272122e-09,4.2760186e-27,2.06e-43,4.1188084e-09,7.4614956e-13
200000,393,377,0,-3.9065024e-13,4.3448644e-11,2.6150643e-23,6.765743e-35,7.4877686e-16,4.1101286e-11
200000,144,147,0,-1.1229208e-11,2.2733275e-09,3.784415e-39,0.0,4.1188084e-09,7.928924e-22
200000,5,421,0,-1.1292978e-11,2.272487e-09,2.59969e-11,1.8671287e-13,4.1188195e-09,3.866858e-11
200000,298,234,0,2.3710422e-12,2.2719089e-09,0.0,0.0,4.1188084e-09,3.8914318e-20
200000,334,448,0,1.1840233e-10,7.9975327e-19,1.0716157e-16,1.9233323e-23,4.9683764e-28,1.9376193e-13
200000,470,478,0,-1.1642891e-11,2.2748814e-09,9.480401e-12,2.75305e-14,4.1188097e-09,5.7382406e-12
200000,468,169,0,-1.1871684e-11,2.2809823e-09,3.878827e-19,1.322589e-29,4.1188084e-09,3.9365284e-15
200000,497,119,0,-1.1772241e-11,2.294762e-09,2.3339347e-16,3.7399213e-24,4.1188084e-09,7.891346e-12
200000,125,235,0,1.31135545e-11,2.2719089e-09,1.14224e-40,0.0,4.1188084e-09,2.2258597e-18
200000,54,371,0,-1.089571e-11,2.2719164e-09,7.955725e-30,3e-45,4.1188084e-09,8.4386464e-19
200000,52,351,0,-3.5041162e-13,1.0324296e-11,1.2085551e-17,3.2210975e-26,2.7421514e-17,1.7202393e-12
200000,150,72,0,-9.401119e-12,2.2746378e-09,8.96361e-30,0.0,4.1188084e-09,5.6407645e-13
200000,472,25,0,-1.1665354e-11,2.2999578e-09,9.274684e-18,1.5086175e-25,4.118809e-09,2.0132337e-10
200000,257,72,0,2.722217e-12,6.752102e-11,2.0745269e-36,0.0,5.5762893e-14,1.7688738e-19
200000,406,345,0,-1.1473019e-11,2.300847e-09,6.006583e-39,0.0,4.1188084e-09,2.962522e-12
200000,14,327,0,-1.2455819e-12,7.9404094e-11,5.2890353e-12,7.4112825e-15,2.3674802e-15,2.0885166e-14
200000,410,478,0,-6.4796026e-13,2.746665e-11,7.454733e-21,9.724548e-33,9.24172e-17,9.1676944e-11
200000,402,149,0,7.154291e-11,3.6643042e-14,1.0921189e-14,5.686555e-20,1.851615e-23,2.116921e-14
200000,439,368,0,-2.6020714e-13,9.494124e-12,1.7203874e-21,8.778324e-33,8.726242e-20,1.8080382e-15
200000,225,386,0,-2.5191639e-15,1.9952732e-16,4.0261236e-24,1.455206e-35,6.651646e-37,1.6641578e-25
200000,19,330,0,-3.9793087e-13,1.7052261e-12,1.6202699e-11,2.926183e-14,5.112745e-16,3.0782416e-15
200000,416,176,0,4.459134e-11,9.374798e-11,2.8055855e-29,0.0,1.8367617e-15,4.43755e-11
200000,6,155,0,-1.6089239e-12,1.10522744e-10,3.6938976e-26,7.3e-43,1.6790845e-15,5.649348e-14
200000,495,459,0,-1.9131454e-14,1.8099898e-15,1.6230406e-10,4.3828595e-12,7.9089345e-13,3.003558e-10
200000,3,20,0,-1.1476465e-11,2.279756e-09,2.9111675e-11,1.12592254e-13,4.1188137e-09,4.8898628e-11
200000,29,484,0,-4.1110434e-13,1.0441782e-12,5.2890353e-12,7.4112825e-15,1.2795068e-16,3.4499113e-19
200000,359,408,0,-3.9828934e-12,2.271974e-09,3.1216582e-17,1.0642955e-25,4.1188084e-09,3.5685338e-10
200000,200,441,0,1.0286189e-13,5.660596e-18,7.452038e-29,8e-45,1.16302e-40,7.3842266e-15
200000,106,396,0,-9.270137e-12,2.2890032e-09,7.545609e-37,0.0,4.1188084e-09,3.170855e-12
200000,382,424,0,-1.1191188e-11,2.275557e-09,4.6310588e-14,8.821331e-19,4.1188084e-09,3.6291503e-14
200000,195,133,0,1.7296137e-10,5.0345873e-11,1e-45,0.0,3.3581811e-15,5.8352513e-18
200000,25,67,0,-1.16132095e-11,2.2747442e-09,8.395131e-23,8.5539e-34,4.1188084e-09,5.5490293e-11
200000,323,297,0,-1.1113719e-11,2.2723405e-09,0.0,0.0,4.1188084e-09,2.839621e-19
200000,397,423,0,4.2802034e-12,3.642571e-12,2.831119e-20,2.7079044e-29,4.262027e-22,6.355092e-11
200000,463,488,0,-8.698695e-13,7.3500664e-11,5.5097e-12,1.9000944e-15,2.750953e-12,1.2829549e-10
200000,138,75,0,1.1447669e-11,1.8201677e-12,1.614739e-24,8.71931e-37,1.4590905e-23,6.759485e-12
200000,0,295,0,-1.498768e-11,2.5818114e-09,4e-44,0.0,4.128752e-09,4.532037e-18
200000,205,6,0,-1.0079422e-13,1.6284073e-13,1.0913696e-14,5.686546e-20,1.8516415e-23,4.377723e-13
200000,243,82,0,1.6845103e-10,6.0578625e-11,8.639383e-33,0.0,1.8813323e-13,1.8963514e-17
200000,263,433,0,9.652684e-11,1.9431136e-10,1.8238987e-13,3.2767865e-18,5.309993e-12,4.6158643e-11
200000,489,453,0,-1.5731238e-13,3.6579659e-13,1.0491716e-14,6.564291e-20,2.2648899e-23,1.6435878e-10
200000,95,56,0,4.3157136e-12,4.0384404e-11,2.0354106e-11,4.898908e-14,2.7583086e-15,1.3612939e-12
200000,269,73,0,-2.5564156e-13,2.5422952e-12,5.3938923e-28,1e-45,7.289273e-24,2.2841837e-16
200000,352,1,0,-5.051049e-13,3.9428526e-11,1.4275039e-20,4.03214e-30,2.2564706e-15,1.484542e-11
200000,400,67,0,-1.1248374e-11,2.2896605e-09,1.777885e-21,5.783445e-34,4.1188084e-09,5.5714844e-10
200000,61,186,0,-2.0494383e-12,1.0639161e-10,1.0809948e-22,3.91413e-34,1.4235504e-13,9.751869e-13
200000,290,168,0,2.4920652e-10,5.6632298e-14,0.0,0.0,3.863352e-34,3.978697e-20
200000,255,457,0,1.3357014e-12,5.716984e-11,2.4696748e-17,6.7344166e-23,1.2454367e-16,5.593018e-13
200000,32,204,0,-1.1819173e-11,2.2966204e-09,1.7015049e-10,6.7886204e-12,4.1201824e-09,4.652785e-13
200000,478,452,0,-3.9667109e-13,2.021249e-11,3.579668e-19,6.869484e-29,3.6486156e-16,1.2586736e-12
200000,469,440,0,-4.0216756e-13,9.497452e-12,2.7701287e-21,4.8730864e-33,6.1542763e-22,1.6049884e-15
200000,445,227,0,-1.1146732e-11,2.2720181e-09,6.445917e-14,5.4681633e-19,4.1188084e-09,1.4884961e-11
200000,492,332,0,-6.0767884e-13,2.562437e-11,4.2854706e-13,1.6721866e-17,3.661038e-17,2.9488093e-11
200000,42,59,0,-6.9318314e-13,6.591356e-11,2.825954e-14,8.462754e-19,2.7509436e-12,1.6443498e-10
200000,38,180,0,-2.0825176e-13,2.3356255e-13,3.560296e-28,2.47e-43,4.3279844e-24,1.6491822e-10
200000,5,347,0,-1.1275132e-11,2.2722755e-09,1.3205791e-11,1.9471905e-14,4.118809e-09,1.39446146e-11
200000,37,350,0,-1.112925e-11,2.2719278e-09,1.4418634e-19,1.4667439e-29,4.1188084e-09,4.009138e-12
200000,416,355,0,-8.56321e-13,7.912006e-11,1.2997135e-23,1.1494626e-37,5.5775195e-14,1.8804024e-13
200000,232,31,0,-1.14953975e-11,2.2736417e-09,5.04758e-26,1.00609e-40,4.1188084e-09,2.64616e-13
200000,140,494,0,-8.7030406e-14,5.727421e-15,2.3033927e-13,7.8450355e-18,9.375231e-21,5.759786e-12
200000,327,196,0,4.61997e-11,8.717591e-15,0.0,0.0,3.4849683e-33,4.898618e-20
200000,487,325,0,-6.938518e-13,1.6840936e-10,7.740175e-16,3.2720698e-22,1.9763865e-12,2.0777252e-10
200000,464,238,0,-1.1223338e-11,2.2719562e-09,2.5975642e-15,3.9271817e-21,4.1188084e-09,9.264024e-11
200000,250,491,0,-1.2069117e-11,2.3745341e-09,4.7280965e-22,1.3082463e-34,4.124926e-09,2.9034177e-19
200000,92,110,0,-1.1758433e-11,2.2821554e-09,1.4230538e-24,2.445058e-39,4.1188084e-09,1.2842905e-11
200000,1,372,0,-6.2962125e-13,3.41243e-11,1.327801e-16,2.0235471e-24,3.3430888e-17,1.0748889e-17
200000,204,389,0,4.953389e-12,3.395013e-26,4.3240403e-37,0.0,0.0,2.9431174e-22
200000,157,132,0,1.9132467e-12,1.9140495e-15,4.8524106e-12,1.24075936e-14,5.4232714e-16,6.892607e-17
200000,25,28,0,-1.1976708e-12,4.4329984e-11,2.977212e-12,9.532708e-16,8.281468e-17,2.5621104e-11
200000,107,102,0,-1.1622161e-11,2.28498e-09,5.5239088e-17,2.8327093e-25,4.1188084e-09,5.9399395e-12
200000,58,55,0,-1.8806499e-13,7.155053e-14,9.488367e-13,5.7773484e-17,7.998621e-20,1.2546807e-10
200000,61,38,0,-4.3500953e-13,1.1558796e-11,1.2714894e-18,6.6124132e-28,1.981781e-18,9.227332e-13
200000,7,26,0,-1.2183719e-11,2.3512863e-09,1.9341749e-16,4.3440434e-23,4.1188315e-09,1.8271333e-10
200000,331,402,0,1.541795e-12,1.439352e-14,3.2762096e-13,1.6527017e-17,2.2149619e-20,1.2368199e-15
200000,369,235,0,3.419244e-14,4.1958888e-22,1.2085551e-17,3.2210975e-26,2.3568574e-32,5.5482803e-14
200000,32,439,0,-1.3707383e-11,2.540681e-09,1.0161225e-12,9.4176604e-17,4.208639e-09,7.8571535e-13
200000,49,96,0,-1.8325187e-12,1.0298322e-10,6.782632e-14,5.511873e-19,8.385704e-14,2.2891576e-13
200000,203,395,0,2.2092321e-12,7.53798e-22,4e-45,0.0,0.0,5.285355e-19
200000,426,15,0,-1.8433042e-12,6.945452e-11,2.5039879e-17,6.734413e-23,9.715313e-17,1.8285636e-13
200000,469,322,0,-4.0169547e-13,2.6215224e-12,1.5090471e-17,1.3135224e-26,1.1038397e-22,4.408349e-13
200000,18,95,0,-6.7688726e-13,2.1911946e-11,1.419059e-16,7.055803e-25,6.0944757e-18,2.8146131e-12
200000,161,21,0,-4.617091e-13,6.301216e-11,4.0191325e-18,2.9618204e-27,8.385261e-14,2.9577856e-16
200000,68,417,0,2.8858048e-11,2.314761e-09,3.37683e-10,4.6088168e-11,4.1482786e-09,5.6805418e-11
200000,393,5,0,-1.1652535e-11,2.277246e-09,2.4508568e-19,2.518605e-29,4.1188084e-09,1.2466626e-19
200000,454,60,0,-1.3565204e-11,2.7282956e-09,1.4719389e-11,2.4047697e-14,4.1207793e-09,3.3315716e-12
200000,466,90,0,-4.2822627e-13,7.582632e-13,1.3498851e-14,2.3287099e-20,2.7190444e-24,1.4569326e-13
200000,108,460,0,-1.1400876e-11,2.3155007e-09,3.406453e-12,2.2839183e-15,4.1188093e-09,7.342587e-13
200000,54,33,0,-7.9306093e-13,1.0069959e-10,2.2996823e-21,1.3330698e-32,1.2712226e-10,1.0913953e-10
200000,464,496,0,-1.1301852e-11,2.2905318e-09,3.1036268e-10,4.9714042e-11,4.1524113e-09,6.5543625e-12
200000,12,311,0,-4.484939e-13,3.3291184e-13,1.1916169e-25,4.8683e-41,9.386638e-27,1.0432553e-10
200000,73,57,0,-1.1370153e-11,2.2748374e-09,1.4725965e-11,2.4047699e-14,4.118809e-09,6.7185664e-14
200000,384,128,0,-6.4750826e-12,2.2762916e-09,3.8134584e-27,8.0203e-41,4.1188084e-09,1.0250111e-14
200000,423,27,0,-1.1833449e-11,2.348034e-09,6.330962e-17,3.913115e-23,4.12219e-09,9.224451e-12
200000,98,38,0,-1.16287405e-11,2.2771534e-09,2.2456723e-18,1.1667528e-24,4.1188084e-09,9.528678e-11
200000,195,51,0,-3.990838e-13,8.396639e-11,7.372144e-11,1.3534297e-12,1.4108412e-10,2.7036102e-14
200000,283,7,0,-3.5044626e-13,3.1315766e-11,4.8198952e-11,6.368962e-13,9.6295185e-14,9.914975e-15
200000,42,177,0,-3.4387082e-13,1.1583835e-12,1.3087833e-31,0.0,1.2303155e-25,1.8278602e-14
200000,64,455,0,-8.325761e-13,1.233652e-10,1.3861696e-12,2.8940003e-16,4.7674435e-13,7.8859705e-13
200000,496,441,0,-2.8218717e-13,4.5415447e-12,3.311534e-18,6.798345e-27,2.2072027e-20,9.022085e-13
200000,136,379,0,3.4862088e-10,1.5916898e-11,8.1058797e-17,1.3322375e-24,1.9061145e-17,3.3161947e-13
200000,477,462,0,-5.052596e-13,1.0298035e-12,6.554891e-11,7.147268e-13,4.5667924e-14,1.0104279e-10
200000,112,207,0,4.494277e-12,3.820574e-13,0.0,0.0,1.3987049e-19,2.4209081e-14
200000,88,386,0,3.2934576e-14,1.1585055e-11,4.812061e-24,5.2828396e-37,1.977061e-19,1.1249474e-15
200000,354,376,0,1.2134589e-11,6.8028434e-12,9.5222344e-27,2.509916e-39,2.758374e-21,8.819088e-15
200000,44,148,0,-1.1500003e-11,2.3307887e-09,2.3038793e-22,2.9374048e-35,4.1189487e-09,2.2923796e-12
200000,448,414,0,-4.6768e-13,2.0724e-12,1.0814628e-15,3.0457418e-23,8.391447e-19,2.3480016e-14
200000,40,357,0,-1.11676415e-11,2.2719968e-09,3.6123115e-23,2.0684742e-35,4.1188084e-09,3.283088e-10
200000,436,487,0,-1.22178075e-11,2.4846287e-09,2.7336534e-13,1.6084544e-17,4.2004533e-09,3.2754797e-12
200000,190,435,0,-1.10959505e-11,2.2719355e-09,1.7549384e-24,1.6289508e-37,4.1188084e-09,1.204326e-11
200000,21,299,0,-1.1209313e-11,2.2727373e-09,1.6608078e-21,2.6082963e-33,4.1188084e-09,2.269604e-14
200000,64,50,0,-1.1123014e-11,2.2719118e-09,2.4888488e-12,2.433438e-16,4.1188084e-09,1.3005371e-11
200000,483,164,0,-1.3680467e-12,5.7805163e-11,2.550575e-19,1.00840285e-29,5.410842e-16,3.099818e-11
200000,347,247,0,-4.5390964e-13,5.344442e-12,1.8817924e-27,3.77e-43,1.8263855e-19,1.7294156e-24
200000,439,58,0,7.505543e-11,2.2738562e-09,2.164566e-15,3.3222997e-22,4.1188084e-09,1.5694928e-12
200000,195,346,0,4.4356577e-10,2.2719486e-09,0.0,0.0,4.1188084e-09,1.1299412e-36
200000,370,373,0,-9.932493e-12,2.531076e-09,2.666067e-23,1.4963617e-35,7.920133e-09,3.2470907e-18
200000,295,179,0,2.2535807e-11,2.2719682e-09,0.0,0.0,4.1188084e-09,7.7690073e-13
200000,206,493,0,-6.523568e-13,6.516419e-11,1.1094152e-10,1.7092557e-12,2.756611e-13,2.0055192e-11
200000,332,53,0,-1.1547994e-11,2.2746105e-09,1.781876e-19,1.693952e-28,4.1188084e-09,3.791923e-12
200000,155,451,0,-1.17675045e-11,2.2934359e-09,2.604592e-37,0.0,4.1188084e-09,4.448001e-13
200000,101,116,0,-1.1423256e-11,2.2780748e-09,3.9959458e-30,0.0,4.1188084e-09,1.2981428e-14
200000,396,314,0,-6.2605047e-12,2.2721116e-09,1.3633703e-24,0.0,4.1188084e-09,1.0530553e-17
200000,7,32,0,-1.273092e-11,2.5052485e-09,2.981383e-14,1.9640609e-19,4.1189674e-09,3.5605308e-10
200000,253,496,0,-5.781628e-13,3.936518e-12,8.692129e-26,6.36311e-40,4.0639112e-20,1.2380693e-15
200000,108,207,0,-6.6114115e-12,2.2719089e-09,0.0,0.0,4.1188084e-09,8.6702676e-17
200000,71,486,0,-1.0515086e-12,6.219402e-11,1.5869238e-16,2.8837407e-23,2.824079e-15,7.5933487e-13
200000,416,270,0,5.404767e-10,2.2719413e-09,1.3684208e-36,0.0,4.1188084e-09,1.7724605e-13
200000,24,25,0,-8.9966066e-13,1.0699508e-11,3.2981162e-13,4.6203588e-18,9.077358e-19,1.1343828e-10
200000,255,471,0,-4.6757693e-13,3.821516e-12,9.49236e-13,2.480318e-16,1.2358279e-18,8.5594656e-11
200000,446,416,0,-1.1130532e-11,2.2720035e-09,7.8921596e-16,2.1774293e-23,4.1188084e-09,5.8358987e-13
200000,30,286,0,-2.7332948e-13,1.145924e-12,8.4183285e-16,9.341891e-23,1.4378634e-25,2.127692e-11
200000,479,8,0,-9.498563e-13,9.7314955e-11,1.702148e-10,6.1816316e-12,1.379403e-12,1.4205633e-10
200000,258,40,0,-1.840257e-13,8.0866866e-14,4.4515894e-13,1.9272934e-17,2.4433479e-20,2.9628975e-12
200000,454,176,0,-1.18431905e-11,2.280383e-09,2.2305527e-16,2.1824728e-23,4.1188084e-09,7.8861787e-13
200000,170,41,0,-2.0502996e-13,4.6788235e-13,1.5485177e-16,4.697049e-22,8.049687e-24,5.8325435e-11
200000,94,323,0,7.796836e-11,1.2539394e-12,2.2585786e-26,4.97996e-40,1.827023e-20,1.29450825e-11
200000,225,421,0,1.8478209e-11,4.279913e-20,1.9404027e-14,5.283295e-19,6.2554756e-22,1.1985143e-12
200000,87,164,0,-1.3887201e-14,2.9655549e-15,3.286997e-30,1e-45,1.2913282e-36,2.7623412e-20
200000,323,421,0,4.2432906e-12,1.1458112e-16,1.4539762e-15,1.5517978e-22,1.5507801e-27,1.9207455e-11
200000,109,400,0,1.0960407e-11,7.6702235e-13,9.906511e-33,0.0,6.314297e-26,6.239757e-11
200000,77,496,0,-2.7539727e-13,4.383758e-13,1.1071302e-24,8.070621e-36,3.392451e-26,9.832661e-11
200000,48,486,0,-1.1694315e-11,2.352537e-09,4.709235e-15,2.9064245e-19,4.1243067e-09,5.134673e-15
200000,63,443,0,4.5180613e-11,2.2721083e-09,2.6271696e-16,1.5686378e-23,4.1188084e-09,5.4031415e-12
200000,472,335,0,-4.175884e-13,4.397665e-12,3.155742e-18,7.6888555e-27,4.0279577e-24,6.7593656e-12
200000,342,134,0,3.7319982e-12,1.19664565e-11,1.1392644e-25,4.66659e-40,3.6346248e-20,1.6581397e-26
200000,21,466,0,-1.1918897e-11,2.3114102e-09,1.07139134e-19,8.205049e-31,4.118809e-09,4.3710517e-12
200000,484,0,0,-1.4875736e-11,2.5253675e-09,4.475104e-18,3.0280016e-27,4.128751e-09,1.8152652e-09
200000,387,419,0,-8.80867e-13,6.251252e-11,1.4884754e-14,2.6972566e-19,5.8096342e-15,7.817561e-11
200000,162,214,0,4.9225446e-12,3.3774795e-12,0.0,0.0,8.141453e-23,7.368477e-24
200000,149,200,0,6.7355377e-10,3.68587e-14,0.0,0.0,8.2536325e-32,9.598601e-17
200000,344,388,0,8.022393e-12,9.437304e-13,3.2271547e-21,4.885837e-32,3.3761211e-21,1.196263e-19
200000,388,323,0,-8.6138524e-13,4.1535185e-11,0.0,0.0,4.7588556e-16,9.192526e-22
200000,263,480,0,-4.4176658e-13,6.2716506e-11,2.8451205e-11,7.3250284e-14,3.0614944e-12,3.850036e-12
200000,387,29,0,-1.16951076e-11,2.2827489e-09,1.1677159e-11,1.5503419e-14,4.118809e-09,3.053343e-12
200000,122,272,0,2.8708403e-12,2.5497892e-23,1.5090471e-17,1.3135224e-26,3.161892e-33,2.569871e-12
200000,106,61,0,8.272264e-12,4.05419e-11,2.112789e-13,1.2493776e-17,1.7449445e-16,9.0724005e-11
200000,405,398,0,-5.93257e-13,1.1135831e-11,4.440846e-18,3.939816e-27,3.1127253e-21,1.1964949e-13
200000,163,262,0,5.465905e-13,2.2443338e-19,0.0,0.0,0.0,6.9e-44
200000,238,446,0,-2.2259678e-13,1.9388319e-11,2.1643859e-19,2.2238068e-29,3.658931e-17,1.1232492e-12
200000,264,384,0,9.66981e-13,7.4424624e-14,9.66751e-18,4.755077e-25,1.8158008e-29,1.4902694e-12
200000,145,346,0,-1.0877296e-11,2.271909e-09,4.9068884e-23,1.0041249e-35,4.1188084e-09,1.1895147e-15
200000,216,75,0,6.413122e-13,3.469942e-19,7.4138276e-13,5.6550454e-17,8.5053115e-20,1.0048362e-12
200000,365,452,0,-1.1530084e-11,2.2858475e-09,9.954662e-15,5.4238148e-21,4.1188084e-09,1.3785255e-11
200000,126,372,0,3.4047526e-10,6.8929466e-11,2.5408074e-26,7.092e-42,1.3626536e-14,5.6363732e-15
200000,117,218,0,2.1953465e-10,2.2719089e-09,0.0,0.0,4.1188084e-09,1.8308548e-13
200000,227,132,0,6.465459e-13,2.4607536e-12,6.696113e-24,5.6230524e-35,3.6203537e-23,3.8421974e-15
200000,238,36,0,-2.712175e-13,4.860236e-12,1.1078476e-23,1.2441472e-36,1.8135648e-21,4.1540255e-10
200000,171,179,0,-1.07896895e-11,2.2719089e-09,0.0,0.0,4.1188084e-09,8.56981e-26
200000,8,283,0,-1.1470675e-11,2.3392124e-09,2.64033e-40,0.0,4.1188644e-09,8.439712e-14
200000,467,74,0,-4.0135066e-13,1.4175754e-13,6.64725e-11,1.096052e-12,1.7565254e-13,1.08145515e-11
200000,436,96,0,-1.0876149e-11,2.3370408e-09,4.8846485e-20,3.8575068e-30,4.1188177e-09,2.5395218e-12
200000,231,12,0,-1.1843328e-11,2.2856148e-09,2.4805727e-10,5.5657687e-11,4.1619104e-09,8.249999e-11
200000,320,137,0,1.46014e-11,1.5914188e-11,3.1329545e-23,9.547834e-34,1.2905766e-20,7.788854e-18
200000,111,75,0,1.32173526e-11,6.262067e-13,3.652574e-17,5.307543e-24,2.357999e-24,4.345344e-14
200000,162,96,0,1.3087079e-11,3.9526815e-12,2.8171033e-12,2.3321595e-15,3.4970387e-17,2.8375571e-11
200000,251,24,0,-1.1042989e-11,2.271909e-09,1.1334313e-25,1.251e-40,4.1188084e-09,2.5292282e-11
200000,341,390,0,-8.053889e-12,2.2962516e-09,4.1674184e-23,1.1276366e-34,4.1188084e-09,3.4456134e-20
200000,239,241,0,-1.5020378e-13,4.309602e-12,7.82903e-38,0.0,2.9196383e-23,4.2054458e-17
200000,286,224,0,1.9203749e-12,1.7361043e-11,3.2e-44,0.0,1.3536008e-18,1.5857916e-21
200000,445,360,0,-2.734008e-14,5.8291855e-16,6.941255e-29,1e-45,1.87094e-40,2.1591427e-12
200000,201,203,0,1.7958648e-12,1.523406e-15,6.679334e-36,0.0,6.99843e-40,2.291e-42
200000,419,132,0,-8.042891e-13,1.4729667e-10,7.162641e-11,4.4122431e-13,2.404918e-12,5.3020466e-10
200000,379,242,0,-2.2721788e-14,1.00546495e-14,6.1217376e-25,3.100912e-37,8.2536836e-32,1.7572083e-13
200000,175,253,0,1.01998104e-10,2.4435886e-11,0.0,0.0,1.820041e-17,0.0
200000,371,368,0,1.8221006e-12,1.0164696e-11,1.6972813e-17,1.7515599e-25,8.685394e-20,2.1925575e-21
200000,115,76,0,1.2151281e-11,2.0009548e-11,1.7074692e-19,2.572259e-28,1.2460098e-17,3.8163934e-12
200000,347,118,0,5.6088155e-11,3.6845593e-11,1.0607484e-23,5.7626716e-36,8.8719644e-16,1.7370255e-13
200000,277,75,0,-2.83785e-13,3.8809056e-12,3.5600765e-22,2.0908855e-35,2.6940717e-20,4.1976344e-14
200000,40,446,0,-8.5501094e-13,6.6172824e-11,3.068722e-14,2.642563e-20,6.146479e-16,4.8514418e-11
200000,382,170,0,1.1310645e-11,2.0233593e-15,9.20727e-34,0.0,1.562481e-39,6.208324e-13
200000,70,326,0,1.1380228e-12,1.8099426e-10,2.5931679e-15,3.927152e-21,6.8766976e-13,4.359198e-12
200000,386,179,0,6.473168e-13,1.5018634e-16,1.6558082e-32,0.0,5.914e-41,2.8118595e-12
200000,332,75,0,1.6507889e-11,1.4057334e-13,1.0393435e-17,1.1616867e-26,8.984305e-31,4.551666e-15
200000,13,286,0,-4.942818e-13,7.644002e-12,2.3524876e-33,0.0,3.2534124e-21,7.911615e-15
200000,308,160,0,1.6865226e-12,4.5791535e-12,1.6684e-41,0.0,2.0313258e-19,6.1695214e-19
200000,393,144,0,4.2772685e-11,8.6211295e-11,1.6886453e-10,5.5760657e-12,2.2566864e-12,4.242357e-13
200000,246,406,0,-7.697619e-13,3.7505974e-11,1.6767944e-22,3.0056206e-34,2.4915686e-17,2.1867696e-12
200000,45,64,0,-1.2262325e-12,5.0849387e-11,1.0532724e-19,6.616748e-30,3.6509674e-16,2.7994542e-12
200000,224,129,0,7.6902216e-13,1.3469061e-13,6.26026e-20,3.804e-28,4.619341e-28,6.169212e-16
200000,270,258,0,-2.2974774e-14,2.8938544e-16,0.0,0.0,1.6162e-40,1.23081555e-36
200000,439,196,0,-3.986379e-13,2.0772876e-11,8.086673e-13,1.3455215e-16,1.1201008e-15,5.1080485e-12
200000,159,79,0,4.2465025e-11,1.01803e-10,1.2366334e-20,4.3103768e-30,1.2712226e-10,5.5175317e-12
200000,134,244,0,3.2911635e-11,1.3023309e-16,0.0,0.0,3.2568e-41,9.534869e-19
200000,128,426,0,2.6488738e-11,9.820762e-12,1.052363e-14,2.4419653e-20,3.7168088e-20,1.2988964e-13
200000,282,318,0,1.9000316e-14,1.2077803e-12,4.3506873e-38,0.0,2.4813782e-25,1.6036989e-17
200000,65,340,0,4.472548e-12,2.8776911e-12,1.0418846e-17,2.7615685e-26,1.31981925e-20,5.1257365e-13
200000,57,198,0,-7.9880904e-13,1.6928443e-11,1.4658224e-11,1.8132866e-14,2.8304599e-16,1.5700771e-13
200000,388,109,0,3.849754e-10,1.8881112e-13,3.124412e-17,1.0643024e-25,2.0027777e-21,1.2462282e-17
200000,123,53,0,1.7991565e-11,5.9190465e-11,9.766956e-15,4.5556158e-20,1.4022029e-13,9.558558e-11
200000,440,334,0,-4.395032e-13,6.43111e-11,6.552282e-13,1.4805584e-16,1.00667474e-13,3.436783e-13
200000,161,187,0,3.567956e-11,8.406694e-15,0.0,0.0,4.9704025e-34,2.882253e-26
200000,415,22,0,-9.752497e-13,1.4271422e-11,3.533525e-19,9.913841e-27,6.331611e-19,5.440125e-13
200000,3,134,0,-1.363698e-12,1.202147e-10,3.289361e-25,3.5497794e-38,1.9732261e-13,7.2584282e-12
200000,378,265,0,-2.586785e-13,2.2139757e-11,5.1394257e-19,6.7073754e-29,9.037274e-18,1.5379349e-12
200000,435,36,0,-1.6084711e-12,1.2196666e-10,1.7641623e-11,3.514166e-14,4.7705065e-14,5.130761e-11
200000,192,489,0,-1.5516448e-13,7.838765e-14,2.7017913e-18,9.317846e-27,3.4364646e-30,2.1865521e-13
200000,300,408,0,-4.1948866e-13,1.2177375e-11,4.2537064e-24,5.2180516e-37,1.981781e-18,8.511672e-15
200000,180,353,0,4.6717227e-11,1.3832806e-18,0.0,0.0,0.0,7.384966e-27
200000,272,270,0,-1.9891582e-13,6.5025006e-11,0.0,0.0,2.7509436e-12,8.3118136e-38
200000,66,111,0,-1.0432605e-12,4.31069e-11,1.0604164e-25,3.489e-41,1.1517377e-15,5.7526575e-14
200000,58,140,0,-4.910727e-13,4.5989227e-13,2.6891412e-26,1.1013e-41,6.735961e-27,7.8234327e-13
200000,51,26,0,-1.14243e-12,5.1415535e-11,2.8838297e-23,1.3012546e-37,9.985503e-16,1.9756011e-11
200000,394,134,0,1.3736671e-12,2.9007013e-13,9.851256e-17,2.5835474e-23,5.6074652e-27,2.5237245e-12
200000,121,60,0,1.09489265e-10,6.2485794e-11,2.1250963e-20,2.6524244e-29,2.215185e-15,1.3338632e-13
200000,437,224,0,-8.6855375e-14,4.879636e-15,2.1332751e-19,2.198865e-29,4.694387e-34,4.1349254e-11
200000,391,1,0,-4.16859e-13,2.3471763e-13,1.5489541e-21,6.0092406e-33,1.2224818e-23,4.7533913e-19
200000,362,109,0,1.0098442e-12,2.1997134e-13,5.6037045e-18,1.3069945e-26,4.322632e-27,6.3855605e-13
200000,92,72,0,3.3187603e-10,5.6684635e-12,9.7646385e-21,1.7058292e-32,1.9837556e-21,4.0994617e-11
200000,278,93,0,-1.5361361e-13,5.810405e-13,1.7661255e-21,2.3869383e-33,3.2656966e-27,7.788336e-17
200000,375,227,0,2.028145e-12,2.7373625e-18,2.8369516e-30,0.0,1.7e-44,4.3264937e-18
200000,189,234,0,5.650037e-12,5.3314324e-14,1e-44,0.0,1.5771165e-31,0.0
200000,91,132,0,-1.9276597e-13,1.4081189e-10,1.442533e-20,3.155138e-31,1.5944766e-12,1.2142994e-15
200000,182,261,0,3.4594768e-11,6.530948e-15,0.0,0.0,7.692988e-36,0.0
200000,494,178,0,-1.679163e-12,1.09809745e-10,1.077394e-12,2.0094212e-16,1.0077303e-14,5.7028483e-11
200000,138,177,0,4.8249304e-12,1.2368206e-19,0.0,0.0,0.0,3.7991408e-16
200000,368,188,0,3.5398995e-13,3.7981692e-12,0.0,0.0,1.3395683e-20,5.468905e-27
200000,0,364,0,-3.8828503e-13,6.755372e-11,4.7275603e-16,3.2281103e-23,4.2059125e-15,1.4771295e-13
200000,340,174,0,1.9195907e-10,1.094701e-14,5.2183863e-34,0.0,1.200575e-31,3.80217e-14
200000,329,485,0,-2.9331092e-13,1.1973509e-12,4.9801983e-14,9.156626e-20,1.0272963e-23,1.08398436e-10
200000,0,38,0,-3.410146e-13,4.3570638e-12,9.909243e-16,3.005041e-22,2.7551293e-18,1.1424148e-12
200000,46,208,0,-6.1322816e-13,1.2702365e-11,4.7924765e-14,3.270207e-19,8.032923e-19,1.1624539e-10
200000,230,179,0,-1.7767216e-14,1.1208105e-16,0.0,0.0,2.61017e-40,2.921266e-29
200000,308,21,0,-4.6080604e-13,1.2322466e-11,2.449287e-16,4.714153e-24,4.2602164e-17,6.389454e-11
200000,223,232,0,2.1019699e-12,9.955338e-13,2.8119304e-22,8.9878144e-33,1.1629024e-26,2.5902283e-23
200000,265,129,0,6.476712e-12,1.5597069e-11,1.9638e-41,0.0,3.808557e-19,2.5604382e-16
200000,374,232,0,2.3495398e-13,2.7950887e-21,1.0357259e-24,5.934838e-39,0.0,4.481862e-14
200000,206,459,0,-1.779864e-13,4.8364104e-12,3.2033787e-20,6.5183687e-31,1.8135648e-21,1.3057087e-10
200000,211,245,0,-1.849978e-14,1.24966404e-14,2.678166e-19,1.3693355e-27,2.2508268e-33,1.4812748e-22
200000,240,289,0,1.31864e-11,1.2282792e-17,0.0,0.0,0.0,0.0
200000,478,25,0,-5.753116e-13,1.2516045e-12,1.5509288e-12,2.6864666e-16,1.1096455e-18,1.2792495e-12
200000,216,286,0,3.8511827e-10,2.2915047e-17,0.0,0.0,0.0,2.5e-44
200000,364,394,0,2.2631905e-10,1.5838397e-10,6.820212e-19,5.8836436e-27,4.6371706e-13,2.0376922e-11
200000,250,417,0,-3.121317e-13,1.83816e-11,1.6202706e-11,2.926183e-14,5.1520287e-16,3.4908625e-11
200000,354,245,0,-4.0569238e-13,8.212334e-12,7.229758e-19,3.6769428e-28,7.2791056e-19,8.913462e-20
200000,467,272,0,-6.11856e-13,6.825396e-11,9.9758663e-17,1.9801606e-23,5.5762893e-14,2.1796456e-13
200000,354,36,0,-6.01297e-13,1.1546422e-11,5.4593054e-20,4.0675445e-30,3.3475613e-18,1.3364474e-13
200000,327,34,0,-3.1374436e-13,3.667516e-12,1.2723201e-14,3.141779e-19,2.730226e-20,9.72425e-12
200000,84,212,0,1.8714745e-10,1.5701553e-13,4.8144653e-34,0.0,1.3600225e-29,4.115504e-16
200000,465,209,0,-3.582021e-13,2.6444718e-11,1.115015e-14,7.891076e-21,5.71751e-17,4.3383416e-19
200000,125,283,0,9.1535134e-11,1.8795574e-13,1.8738879e-19,6.180614e-30,2.0027777e-21,2.1605905e-17
200000,270,321,0,1.7859351e-11,1.1777448e-19,0.0,0.0,6e-45,3.564676e-29
200000,221,180,0,-1.801632e-13,1.8197752e-12,0.0,0.0,1.307834e-22,1.559364e-34
200000,73,319,0,1.7417144e-13,4.964855e-11,4.448293e-16,3.0108044e-23,3.3581811e-15,2.618642e-14
200000,379,30,0,-9.567859e-13,1.0589132e-10,7.752036e-13,1.0470709e-16,7.53294e-14,2.8603555e-13
200000,108,54,0,7.804683e-13,7.6784743e-13,3.532152e-15,1.1378713e-21,4.8011115e-25,1.3436025e-10
200000,274,97,0,-1.4200698e-13,2.1332927e-12,3.047943e-16,1.0235595e-22,3.8632498e-22,1.1710843e-16
200000,229,71,0,4.664232e-13,2.785312e-13,4.1456874e-16,1.0909327e-23,2.644642e-26,3.3492804e-14
200000,382,390,0,-3.376027e-13,1.71001e-11,9.623022e-16,3.1018617e-22,1.0540659e-20,5.6831323e-10
200000,80,108,0,-1.4209776e-12,2.7176122e-10,1.4773191e-18,1.4777328e-26,4.7478854e-11,2.8286476e-14
200000,377,148,0,1.1906094e-10,2.5494047e-12,1.8176602e-23,1.4143128e-35,1.7706524e-23,3.146437e-10
200000,228,207,0,2.0232442e-11,3.0179163e-13,8.154748e-33,0.0,1.0286513e-27,1.8283603e-23
200000,279,200,0,1.4119238e-10,1.0328178e-13,1.7191e-41,0.0,2.7463895e-31,1.3768446e-20
200000,151,346,0,-1.9844742e-13,3.9540845e-13,2.7530797e-27,3.5e-44,1.3462049e-22,2.427736e-12
200000,196,130,0,7.5491086e-11,1.1435007e-10,4.847e-42,0.0,1.2547415e-14,9.84331e-16
200000,127,268,0,5.0620124e-12,1.5321733e-26,4.54591e-25,1.76047e-40,0.0,4.4987502e-14
200000,309,238,0,1.2993008e-10,2.1604856e-13,8.7e-44,0.0,2.356588e-24,1.0657099e-13
200000,276,335,0,6.1139224e-14,1.6289801e-15,7.280895e-36,0.0,4.3493964e-30,3.6856296e-33
200000,62,346,0,1.5174218e-12,1.1062226e-12,7.199694e-21,1.3858258e-31,2.463634e-25,3.268224e-10
200000,399,117,0,5.0412213e-11,1.6843324e-11,1.9592327e-13,2.17274e-18,1.2489007e-16,4.3484787e-16
200000,139,322,0,2.5361913e-10,2.4897878e-10,4.9581715e-18,1.6476976e-26,5.6325833e-11,2.620435e-12
200000,239,226,0,7.462615e-12,2.8677442e-12,5.88981e-40,0.0,2.3312083e-23,6.5709097e-13
200000,287,259,0,2.1593139e-13,2.3117714e-20,0.0,0.0,0.0,6.79044e-24
200000,211,105,0,1.4069504e-10,2.5936531e-17,4.0728596e-26,1.85514e-40,7.97e-43,6.3554174e-22
200000,387,242,0,5.6724655e-13,1.0051712e-14,6.749975e-29,2.493e-42,8.2536836e-32,6.4790224e-15
200000,352,122,0,6.1195545e-12,1.653053e-11,6.1679544e-28,2.964e-41,9.102321e-18,1.8682356e-15
200000,361,46,0,-9.833693e-13,1.8835277e-11,8.965362e-21,1.2404724e-32,2.4686165e-18,8.471472e-14
200000,42,351,0,-1.6237649e-13,5.96696e-14,4.448293e-16,3.0108044e-23,4.890194e-24,2.6965266e-12
200000,309,7,0,-1.269154e-12,2.0092569e-10,9.36837e-30,0.0,5.979171e-12,5.857659e-12
200000,265,488,0,-4.0317443e-13,3.9460896e-11,2.5098917e-13,1.6032186e-17,3.984736e-14,3.832651e-11
200000,257,31,0,-7.1760496e-14,3.2874956e-15,1.5904209e-14,2.7339457e-20,2.9029709e-24,9.036747e-12
200000,176,166,0,7.1997496e-14,1.0784391e-22,0.0,0.0,0.0,4.6170405e-18
200000,370,348,0,7.9866083e-13,9.75369e-12,2.2752462e-24,2.4404433e-37,5.517139e-20,1.553792e-14
200000,473,281,0,-2.1637618e-12,1.1119809e-10,8.086759e-13,1.3455215e-16,1.0741911e-15,5.9389334e-12
200000,267,149,0,-4.1105418e-14,2.5838269e-11,0.0,0.0,3.342693e-17,9.342014e-23
200000,466,398,0,-2.914366e-13,5.2442577e-13,3.6821885e-23,6.371191e-35,3.204403e-25,2.212889e-12
200000,282,439,0,4.277548e-12,2.4483653e-12,2.3449354e-20,2.6347272e-29,3.3831272e-23,1.5255407e-14
200000,190,393,0,5.294125e-11,4.6820546e-20,0.0,0.0,0.0,1.41487625e-27
200000,374,487,0,-5.782961e-13,1.13237674e-11,1.30297e-21,1.0782862e-33,6.969116e-19,1.9502266e-10
200000,349,66,0,4.8600797e-11,2.5349972e-11,4.6356313e-15,2.331188e-21,4.8338817e-19,3.0853666e-12
200000,173,224,0,7.636259e-14,3.5491997e-17,0.0,0.0,3e-45,5.133805e-35
200000,39,375,0,-9.386072e-13,1.8730156e-10,6.3367845e-20,1.6865096e-26,9.523583e-13,4.0731077e-16
200000,290,298,0,-4.696635e-13,6.921374e-11,1.1925e-41,0.0,4.431737e-14,2.5555016e-25
200000,58,145,0,-6.08824e-13,1.1055883e-11,3.1042265e-21,4.7318853e-33,2.7421519e-17,3.3356285e-13
200000,483,284,0,-1.6532136e-12,1.0093163e-10,3.3556633e-15,4.3709734e-21,6.948443e-14,1.5793883e-10
200000,146,402,0,3.5536765e-12,9.3778344e-12,1.04954075e-22,5.2300914e-36,3.0376114e-19,2.346148e-17
200000,21,13,0,-5.74302e-13,1.6869034e-12,1.397371e-23,3.3944896e-35,6.707565e-24,1.4599158e-10
200000,403,228,0,-3.115581e-13,2.5568199e-11,5.640984e-27,2.085922e-39,1.09648104e-16,2.6273825e-11
200000,79,83,0,1.0572866e-12,2.1919933e-11,8.15358e-14,1.5485646e-18,6.655e-17,7.096615e-11
200000,61,199,0,-6.1453045e-13,3.648836e-11,4.802971e-11,2.9026133e-13,1.6760619e-14,2.9887872e-09
200000,154,378,0,1.672605e-11,8.3241844e-14,1.6687484e-17,2.7282976e-25,2.9348926e-28,8.031814e-24
200000,113,16,0,-1.1385564e-12,8.8561554e-11,4.6370385e-10,4.114199e-11,2.3487648e-11,3.002474e-09
200000,268,135,0,1.1229533e-12,1.7065005e-10,0.0,0.0,3.674149e-09,2.9887863e-09
200000,483,385,0,-2.1300775e-13,2.5899049e-12,1.7822964e-14,5.496465e-20,1.4236579e-23,3.0845244e-09
200000,443,495,0,-1.6720477e-12,5.623687e-11,1.4309018e-13,1.8631315e-18,2.8992567e-16,3.4659533e-09
200000,478,15,0,-6.0257826e-13,1.0847038e-11,2.4004053e-14,5.632758e-20,1.9610323e-20,3.4805124e-11
200000,30,173,0,-2.009187e-13,9.251622e-14,8.290438e-19,1.6219562e-27,3.3005493e-30,1.5339803e-10
200000,480,97,0,-5.3318135e-13,7.0430523e-12,9.930445e-17,6.8867254e-23,6.1730464e-22,1.3548924e-10
200000,408,465,0,-7.052352e-13,3.689465e-11,7.103411e-14,2.7890855e-18,1.8264199e-15,2.9899987e-09
200000,312,3,0,-1.5852936e-12,2.583756e-10,1.4536588e-35,0.0,1.608823e-12,1.6818621e-10
200000,480,123,0,-1.5649972e-12,1.0410713e-10,3.0700262e-16,2.5344954e-23,2.3187764e-13,2.9900051e-09
200000,414,50,0,-1.1038476e-12,8.361886e-11,4.8320617e-15,1.9784362e-20,4.4317435e-14,2.9890186e-09
200000,457,70,0,-7.7727164e-13,4.2707553e-11,3.8180269e-19,5.783924e-28,1.1499248e-14,3.571014e-11
200000,412,59,0,3.73777e-13,3.1748285e-12,1.0004096e-10,4.032756e-12,8.56827e-13,3.158743e-09
200000,73,28,0,-5.8404025e-13,2.31134e-11,2.9580328e-19,1.3491434e-25,6.5036182e-18,3.0361997e-09
200000,296,433,0,-3.329051e-13,4.986548e-12,1.2719773e-14,3.1417809e-19,5.2428473e-22,3.5004992e-09
200000,91,238,0,1.6840124e-13,1.9521117e-17,3.462259e-09,7.191878e-10,1.1532664e-09,2.86699e-18
200000,482,22,0,-8.7705277e-13,2.5176274e-12,1.0094064e-13,3.9518545e-18,4.364328e-20,4.9300217e-11
200000,400,52,0,-7.7058596e-13,5.108752e-11,2.2536257e-21,6.6619783e-34,5.410494e-16,2.9888028e-09
200000,80,74,0,6.882733e-12,3.2349118e-13,2.8589502e-23,8.0817845e-34,1.1940025e-28,1.6026137e-13
200000,141,58,0,4.6930654e-12,1.5702934e-13,1.7669256e-12,4.044952e-16,1.8198342e-18,8.935553e-15
200000,450,450,0,-6.0613125e-13,3.383617e-11,4.91575e-16,2.9113807e-20,4.5433916e-15,1.0600608e-12
200000,6,488,0,-5.4641464e-13,2.060797e-11,1.7455214e-12,4.042134e-16,7.91406e-18,4.4124825e-11
200000,347,334,0,1.064092e-12,4.9546617e-12,0.0,0.0,1.8135652e-21,1.3305721e-17
200000,23,496,0,-8.2949603e-13,2.349974e-11,1.0281379e-24,8.952e-40,2.8509106e-20,3.0235037e-09
200000,392,244,0,4.8069903e-12,2.1263329e-16,2.3452544e-25,2.0093531e-36,1.5175342e-38,2.9887863e-09
200000,480,433,0,-8.664533e-13,8.279375e-11,7.391928e-13,1.6231211e-17,1.650826e-12,5.7186155e-11
200000,156,398,0,5.891563e-11,3.6274372e-14,3.6217148e-18,2.8002996e-27,2.192814e-29,2.5909244e-25
200000,3,2,0,-4.1403702e-13,3.9818492e-11,1.1728271e-27,1.6628e-41,8.892468e-16,2.9978395e-09
200000,10,278,0,-4.5163707e-13,1.799587e-11,7.667216e-39,0.0,1.6838112e-16,9.359809e-11
200000,461,427,0,-1.039613e-12,1.06715387e-10,3.1228607e-16,3.2658037e-23,1.38791354e-14,1.6728498e-10
200000,489,132,0,-1.1609154e-12,4.625566e-11,2.6213183e-14,1.6772843e-18,3.6499556e-17,2.1763837e-16
200000,47,54,0,-8.5114766e-13,2.3473152e-11,3.4653396e-09,7.191888e-10,1.1532664e-09,1.9517629e-11
200000,175,434,0,-5.386153e-13,8.035695e-11,4.7322776e-28,5.6e-44,1.5632008e-14,2.095519e-12
200000,378,114,0,2.7504339e-11,5.4384422e-12,2.8429593e-25,1.0837e-37,2.758343e-21,2.9887863e-09
200000,446,104,0,-2.2629357e-12,1.7695947e-10,1.0844984e-15,9.884599e-22,1.6851677e-13,1.588138e-12
200000,477,76,0,-1.3108221e-12,1.2038812e-10,4.5413317e-17,7.1538474e-24,2.1727438e-12,9.445082e-12
200000,88,433,0,1.2313242e-11,8.349954e-12,6.337508e-20,1.3808244e-31,1.9182806e-20,1.6947285e-12
200000,188,497,0,-5.9703913e-13,1.4139456e-10,1.3013379e-17,7.100548e-26,9.754205e-11,3.2970164e-09
200000,233,183,0,-1.3854843e-13,3.5316956e-13,0.0,0.0,3.7112634e-25,2.0498294e-24
200000,450,75,0,1.9276633e-12,2.931614e-12,6.5055356e-14,1.8720522e-18,2.4504274e-21,2.9942993e-09
200000,391,204,0,1.6783814e-11,4.2460696e-12,0.0,0.0,2.765142e-18,9.62493e-17
200000,452,6,0,-1.5968637e-12,8.476089e-11,1.269443e-11,4.976366e-14,9.731768e-14,3.0335505e-09
200000,249,51,0,-4.580481e-13,2.202206e-12,1.0350387e-15,1.2528022e-21,3.1032337e-23,1.3068408e-13
200000,460,474,0,-4.779401e-13,4.017992e-11,1.5249996e-19,1.0408441e-27,3.358344e-14,1.5059688e-10
200000,10,53,0,-3.9862926e-13,2.5585896e-12,5.5484896e-12,1.1528141e-14,4.755869e-16,1.6030914e-11
200000,491,139,0,-6.510139e-13,1.6327469e-11,1.3112017e-22,1.8186507e-34,7.377496e-20,7.998219e-15
200000,38,425,0,-6.161826e-13,7.781033e-11,7.9142015e-13,1.04722243e-16,6.891449e-14,5.138162e-13
200000,380,158,0,4.8283016e-10,5.386462e-13,4.1888534e-24,3.1868974e-38,6.101672e-26,1.2977224e-14
200000,126,81,0,1.0525028e-11,4.3423655e-13,4.925769e-25,8.898032e-39,4.7288926e-29,9.239969e-16
200000,321,391,0,2.5373556e-10,2.3286085e-16,5.8464525e-20,1.5002887e-30,2.9877948e-38,3.849628e-12
200000,294,491,0,-1.099089e-12,1.2125467e-10,9.606299e-17,1.446225e-24,2.8246197e-12,3.0379295e-09
200000,380,293,0,3.73883e-12,4.558024e-12,4.23047e-16,3.1556992e-23,2.0313258e-19,1.6364305e-18
200000,249,387,0,-2.948974e-13,2.938694e-12,4.166282e-35,0.0,5.651803e-23,2.9887863e-09
200000,294,348,0,-5.0199694e-13,1.03084534e-10,4.6886883e-34,0.0,1.4235503e-13,2.4774394e-27
200000,337,352,0,2.5082443e-12,5.5560564e-17,5.56e-43,0.0,1.56478e-39,2.984867e-13
200000,211,29,0,-3.9071348e-13,4.2684037e-11,8.500452e-12,7.432669e-15,5.099992e-15,2.9889697e-09
200000,490,372,0,-5.037178e-13,7.671755e-12,3.962588e-18,3.0553679e-27,5.931213e-21,3.0010476e-09
200000,418,9,0,-1.0996709e-12,5.541928e-11,3.137387e-14,6.469603e-19,7.5059973e-16,1.9655971e-10
200000,330,100,0,9.961333e-11,3.5299833e-11,3.462259e-09,7.191878e-10,1.1532709e-09,1.0040721e-15
200000,6,279,0,-7.1684867e-13,1.5960277e-11,2.6305e-41,0.0,8.920543e-20,4.500929e-13
200000,367,354,0,1.2730521e-11,9.3476815e-14,6.760499e-21,1.0460581e-31,5.2043846e-27,1.1049474e-18
200000,134,497,0,-3.510312e-14,4.591882e-16,6.834841e-19,5.8836497e-27,1.3888642e-32,9.820029e-11
200000,254,67,0,5.678672e-13,1.3789971e-12,2.4482455e-36,0.0,2.1351948e-25,3.1652637e-16
200000,16,68,0,-5.430552e-13,1.2372992e-11,1.7868294e-14,9.47066e-20,4.2602194e-17,4.1531217e-10
200000,344,292,0,2.0224965e-13,1.02034924e-13,2.8862283e-19,1.8958668e-27,2.0310044e-26,1.3535156e-19
200000,141,194,0,1.863306e-09,4.3798215e-11,0.0,0.0,1.7202262e-15,4.1649524e-11
200000,255,438,0,4.8096437e-11,7.724914e-11,2.873513e-16,6.734063e-24,2.6159742e-14,5.4612976e-13
200000,65,492,0,-5.229937e-13,9.01503e-11,4.583248e-28,1.75e-43,1.340763e-10,4.4870123e-12
200000,462,110,0,-3.7580228e-13,2.1619405e-13,8.280701e-27,1.2745e-41,1.4197979e-24,2.991674e-09
200000,11,36,0,-1.7125541e-12,2.0334712e-10,5.824364e-11,3.1038746e-13,8.9705306e-11,3.0123255e-09
200000,159,105,0,7.576047e-12,1.2287789e-14,3.88179e-15,6.515522e-21,7.0863365e-25,3.1773655e-09
200000,337,479,0,-2.7691865e-13,4.2176207e-13,3.929921e-12,1.5395383e-15,8.007267e-18,3.0231624e-09
200000,113,421,0,6.6626676e-11,1.4255175e-10,1.19633155e-14,8.367288e-19,1.97041e-12,2.9896259e-09
200000,413,132,0,-1.1450734e-12,7.1032416e-11,1.8737362e-11,2.9993115e-14,2.4404247e-15,1.2469407e-11
200000,19,123,0,-7.04872e-13,3.4392725e-11,2.3442054e-14,4.533159e-20,9.281651e-17,1.2095452e-11
200000,121,490,0,-5.080349e-13,4.093667e-12,1.1804346e-16,2.3252817e-24,2.4685554e-19,5.5832084e-12
200000,241,474,0,-5.828851e-13,6.394406e-11,3.6920866e-17,1.6860502e-25,8.385261e-14,2.9892697e-09
200000,151,176,0,2.6759578e-12,3.9244643e-19,0.0,0.0,0.0,1.8879082e-22
200000,29,368,0,-5.628313e-13,3.5203717e-12,5.723205e-19,3.091249e-28,1.3517981e-22,1.4805048e-11
200000,418,390,0,-3.0045928e-13,1.3422091e-12,1.824906e-30,0.0,2.1377832e-25,8.487488e-14
200000,254,426,0,2.409061e-12,6.900457e-15,1.36816726e-14,8.332451e-21,2.9664323e-25,1.088208e-12
200000,293,438,0,-7.560919e-13,4.5630805e-11,3.4667986e-09,7.1919126e-10,1.1532671e-09,1.1138748e-09
200000,338,453,0,2.8984959e-11,4.6043908e-14,4.1353707e-15,5.2032205e-22,5.385401e-27,1.0942986e-10
200000,136,117,0,5.26652e-12,3.8897684e-14,1.6343e-39,0.0,4.5655434e-32,1.8777918e-13
200000,477,418,0,-1.0865127e-12,3.0332754e-11,9.923306e-19,6.180742e-28,1.1202739e-15,2.7710143e-10
200000,5,249,0,-4.1749902e-13,3.1478078e-12,9.1630486e-14,3.9201326e-18,1.30846806e-20,4.163118e-11
200000,393,174,0,4.7543375e-12,2.4957914e-14,1.2046133e-19,1.1003792e-26,1.4318746e-31,2.9953893e-09
200000,246,495,0,-7.578708e-13,6.0653596e-12,2.081289e-25,3.3742758e-37,5.416609e-22,1.7693718e-19
200000,394,148,0,1.4665451e-10,1.4265424e-12,1.7327407e-11,2.3325224e-14,3.730775e-16,2.9887928e-09
200000,34,493,0,-8.5282497e-13,8.003851e-12,2.210929e-16,2.0917067e-23,6.157543e-19,8.5975297e-19
200000,157,42,0,-4.1651575e-13,2.5569106e-11,4.0494363e-25,7.281528e-39,1.09648104e-16,3.0140823e-09
200000,221,45,0,-5.116113e-13,9.258608e-11,6.106369e-16,9.11549e-23,7.9740863e-13,1.6108355e-10
200000,471,467,0,-8.033171e-13,1.9436748e-10,3.468708e-09,7.1919026e-10,4.8692406e-09,3.7216183e-13
200000,72,21,0,-8.972074e-13,7.315785e-11,3.4622591e-09,7.191878e-10,1.1533502e-09,5.0684453e-11
200000,191,384,0,4.4589746e-10,1.8636603e-22,0.0,0.0,0.0,5.295444e-32
200000,86,37,0,-3.694007e-13,4.32378e-11,1.8813326e-17,1.0196245e-23,4.13277e-15,7.2017154e-13
200000,219,340,0,1.0248793e-10,9.310158e-13,6.679334e-36,0.0,1.0635123e-26,0.0
200000,266,472,0,-2.5171442e-13,2.1779954e-12,7.434302e-17,1.8053654e-24,3.1068023e-24,2.6448277e-13
200000,319,126,0,1.03002516e-10,5.838785e-16,8.6080675e-26,1.936756e-39,1.278e-42,3.2970675e-19
200000,154,7,0,-5.885962e-13,3.8526852e-11,7.8948e-16,2.064277e-22,1.4579939e-15,3.0804672e-09
200000,498,197,0,-9.169783e-13,2.2992393e-11,6.1752357e-25,6.892876e-38,1.2489042e-16,8.232863e-12
200000,488,495,0,-2.6070378e-13,5.8081495e-12,2.597403e-14,2.8894952e-19,6.8131485e-22,3.0807539e-09
200000,38,485,0,-3.655437e-13,1.9013046e-13,6.206154e-13,4.2810352e-17,6.2565835e-20,3.4163607e-14
200000,488,90,0,-6.7115465e-13,6.0140094e-11,4.2939895e-17,5.3564185e-26,1.4022029e-13,2.9959073e-09
200000,60,17,0,-9.581981e-13,7.596915e-12,1.1920271e-22,4.6781384e-33,2.661393e-22,2.0363912e-12
200000,448,184,0,-4.531577e-13,2.1747779e-11,1.6751357e-11,7.9643106e-14,4.1749856e-15,2.4430742e-11
200000,489,123,0,-1.1228086e-12,5.1435807e-11,2.8391559e-10,5.2574122e-11,3.7541574e-11,2.0676265e-11
200000,455,282,0,4.0275387e-12,7.5588485e-12,1.5735177e-20,4.071973e-30,4.59662e-21,2.9890865e-09
200000,49,237,0,-6.856645e-14,6.369524e-15,2.645424e-19,4.877405e-28,4.3435607e-30,2.9887863e-09
200000,450,104,0,-7.2216967e-13,5.6622484e-12,2.4258163e-12,1.4284363e-15,2.1399473e-17,2.9892475e-09
200000,5,135,0,-1.5075154e-12,1.8112675e-10,1.8116852e-23,1.2240646e-35,3.3593466e-09,5.9111355e-11
200000,117,3,0,-5.173923e-13,1.5381333e-11,4.441195e-23,1.1284183e-34,1.5239619e-19,2.9897762e-09
200000,323,101,0,1.0698296e-11,9.775892e-11,3.0770607e-19,1.3491455e-25,8.4552184e-14,5.8596685e-18
200000,368,190,0,1.0024245e-12,1.445948e-12,0.0,0.0,7.445653e-24,3.742449e-28
200000,149,152,0,-3.4178641e-13,1.6800268e-12,1.086707e-39,0.0,4.0723223e-20,6.764575e-21
200000,481,164,0,-1.4175583e-12,1.2100328e-10,3.1683625e-21,4.7427968e-33,1.1908146e-12,2.9887866e-09
200000,452,384,0,-7.546136e-13,8.894607e-11,1.6244431e-16,1.5821873e-22,1.4128089e-12,2.991093e-09
200000,409,14,0,-3.1055135e-12,3.2561573e-10,1.5101286e-15,3.2024186e-22,1.9657493e-11,2.9889646e-09
200000,290,58,0,3.131362e-11,3.6108647e-11,5.492887e-16,1.3442649e-23,4.9924275e-16,4.498834e-14
200000,495,149,0,-1.355071e-12,7.138128e-11,2.3430084e-26,1.47635e-40,2.0592315e-15,2.9887863e-09
200000,494,105,0,-1.0368724e-12,1.2370774e-10,8.839978e-12,3.8682487e-15,3.551973e-09,2.9953948e-09
200000,267,48,0,-8.1015967e-13,7.065042e-12,7.3182995e-21,7.915482e-30,1.3409133e-20,2.9902831e-09
200000,493,188,0,-1.712817e-12,1.4091917e-10,5.390927e-15,7.924335e-21,7.744119e-14,3.9725146e-12
200000,43,29,0,-6.933224e-13,3.025383e-11,3.9104784e-15,5.905702e-22,2.2074625e-17,1.4552787e-10
200000,402,473,0,-2.125787e-13,4.81772e-14,4.23054e-24,3.2151356e-38,9.564236e-26,5.513534e-13
200000,345,63,0,1.8305062e-11,2.1747529e-10,6.123641e-14,1.6958103e-19,3.653054e-13,2.9894425e-09
200000,335,425,0,2.6052274e-10,8.7426803e-17,4.5480185e-15,9.164759e-20,9.9582784e-23,2.9889067e-09
200000,25,433,0,-8.9645544e-13,2.7182648e-11,1.7083983e-17,5.510078e-26,1.3064625e-17,1.4454109e-10
200000,447,420,0,-2.4099047e-13,2.1138322e-13,9.089653e-20,1.3311274e-30,1.688057e-21,2.9901641e-09
200000,410,422,0,2.0163421e-11,5.7616592e-11,2.4020802e-17,9.7569595e-26,1.402203e-13,5.2637156e-15
200000,211,111,0,8.025409e-10,4.769805e-21,2.225059e-29,1e-45,0.0,6.167762e-20
200000,445,40,0,-1.3344136e-12,2.3662006e-10,5.2893475e-12,7.4112825e-15,3.5538776e-09,3.1066445e-09
200000,420,310,0,1.6064559e-12,5.815011e-14,7.7300373e-13,1.04706176e-16,4.0758668e-19,1.6039711e-18
200000,219,457,0,-1.2267262e-13,1.8000587e-14,1.457242e-19,1.4673376e-29,2.1435798e-34,3.1014238e-09
200000,43,36,0,-6.9481286e-13,2.6296071e-11,2.838833e-11,2.4141564e-13,1.5264621e-14,2.9948337e-09
200000,185,8,0,-2.1809822e-13,2.9838278e-12,7.0730013e-23,3.2747564e-33,7.742895e-21,2.6422195e-16
200000,122,8,0,-8.639726e-13,1.0339764e-10,2.4514793e-19,2.7467154e-26,4.759093e-13,3.193711e-09
200000,90,480,0,-1.4186923e-12,7.6832866e-11,3.248325e-14,8.498768e-20,9.190536e-15,1.4702201e-11
200000,484,480,0,-1.067934e-12,3.8341896e-11,1.3938657e-10,2.700166e-12,4.4651194e-13,3.1736769e-09
200000,392,24,0,-1.1031586e-12,1.4078773e-10,7.5016477e-19,1.000509e-28,7.047706e-14,2.9887877e-09
200000,56,363,0,-1.379789e-14,4.820088e-15,1.0965529e-28,5.2e-44,1.2559213e-33,2.3125974e-16
200000,344,481,0,-8.1720795e-13,4.9343574e-11,1.1751083e-15,1.457718e-22,3.3581811e-15,2.7841778e-12
200000,423,334,0,-2.9252696e-13,1.554087e-11,4.3519784e-18,3.8486336e-26,6.4990216e-18,2.9887872e-09
200000,373,350,0,-3.0538086e-13,7.5113554e-11,2.1677278e-20,7.738123e-30,1.4073306e-13,8.3791664e-14
200000,311,1,0,-1.701412e-12,2.7754163e-10,6.1565102e-34,0.0,3.4379262e-09,3.196713e-09
200000,339,355,0,7.5969135e-12,2.3934726e-15,2.032e-42,0.0,1.2965547e-36,2.9887863e-09
200000,209,264,0,1.8329786e-12,6.4920205e-16,1.64e-43,0.0,3.452365e-36,2.9887863e-09
200000,446,4,0,-1.5108781e-12,5.880273e-11,7.3031396e-18,3.0075297e-26,4.260845e-17,3.0285239e-09
200000,349,139,0,4.2744367e-12,2.2753813e-12,3.6205723e-37,0.0,4.2173335e-21,2.3289198e-23
200000,465,246,0,-3.1781034e-13,1.275244e-12,5.8813206e-12,4.962209e-15,7.0729197e-17,2.988809e-09
200000,426,68,0,1.6485671e-10,2.5360497e-11,6.19829e-17,8.6532556e-26,5.609537e-17,2.5406604e-11
200000,104,177,0,1.0138011e-12,5.3015152e-14,2.5326154e-33,0.0,1.0407403e-26,3.0158513e-09
200000,76,37,0,-5.3131756e-13,1.9948689e-11,1.2712404e-19,1.9024436e-27,1.6838112e-16,1.537309e-11
200000,455,37,0,-8.494682e-13,1.6578145e-11,3.250264e-11,1.1487613e-13,5.4197187e-15,3.0396614e-09
200000,40,418,0,1.9714627e-12,4.412438e-11,1.5509723e-12,2.6864666e-16,2.5378584e-16,9.5289186e-11
200000,177,454,0,-2.7306502e-13,4.0271335e-11,3.8303296e-15,1.89947e-20,1.4779986e-14,2.9887868e-09
200000,406,317,0,6.005217e-13,1.905753e-11,3.462259e-09,7.191878e-10,1.1532664e-09,1.3578487e-13
200000,361,144,0,1.0608196e-11,4.6035636e-13,2.12e-43,0.0,1.2956424e-24,3.0338243e-18
200000,437,26,0,-2.2975849e-12,7.027459e-11,3.2125452e-14,3.5837143e-19,1.6281631e-15,3.0235618e-09
200000,492,72,0,-1.3035253e-12,7.9280214e-11,5.2874364e-17,1.1660361e-24,1.1945084e-13,3.13346e-09
200000,162,30,0,-8.402297e-13,1.55398e-10,4.539639e-12,3.4448517e-15,6.876734e-13,1.9333023e-15
200000,474,474,0,-8.2153967e-13,2.2958052e-11,1.328203e-12,3.0026045e-16,2.884486e-16,9.482485e-12
200000,392,189,0,4.114577e-12,5.499323e-15,8.68505e-37,0.0,2.9971676e-35,2.2070477e-14
200000,56,58,0,-2.742073e-13,3.907635e-13,5.5424408e-11,4.1196248e-13,2.347873e-14,2.6643025e-11
200000,47,411,0,8.889184e-11,1.4054348e-10,7.224922e-14,5.579245e-19,7.047706e-14,3.00471e-09
200000,37,471,0,-7.419037e-13,1.40852e-11,2.5259912e-11,5.2584785e-14,9.475985e-16,3.4596386e-14
200000,259,127,0,4.43584e-11,6.233582e-12,7.5555e-41,0.0,1.324479e-20,7.3012194e-22
200000,386,427,0,-1.4521653e-13,4.264485e-11,1.645991e-16,5.6940864e-22,2.7382267e-15,2.988997e-09
200000,433,244,0,-1.1998138e-12,1.14151605e-10,1.189808e-21,1.9179461e-32,3.438523e-13,3.431493e-12
200000,180,54,0,-3.4684964e-13,4.23264e-12,2.8147256e-18,2.1988777e-27,1.1025745e-22,2.9918994e-09
200000,29,34,0,-7.4010676e-13,4.2942067e-11,2.9111963e-11,1.12592254e-13,6.8464585e-15,2.9888625e-09
200000,286,145,0,2.8248818e-12,7.471317e-12,2.1e-44,0.0,4.59662e-21,2.9887863e-09
200000,16,28,0,-1.0481329e-12,2.4626613e-11,5.112379e-13,3.183289e-17,6.1397456e-18,6.193146e-11
200000,31,399,0,-9.067327e-13,1.21586e-10,2.2343087e-11,1.3853514e-13,3.3964824e-09,3.203921e-09
200000,276,44,0,-8.482829e-13,7.66277e-11,1.3822748e-11,3.7145258e-14,3.380385e-15,3.1154355e-09
200000,437,384,0,-3.1673506e-13,2.676555e-11,4.108606e-14,1.0501434e-18,9.241145e-17,3.0981273e-11
200000,163,478,0,-8.9494615e-14,5.2421697e-14,3.0982796e-22,6.211799e-35,1.4836936e-30,1.1852801e-11
200000,32,450,0,-5.6902085e-13,2.662346e-12,6.319262e-12,2.432823e-15,1.2337523e-17,1.4727862e-14
200000,23,465,0,-1.4303463e-12,1.5262078e-11,4.1009345e-21,2.901987e-31,1.7381346e-16,3.4277694e-13
200000,489,492,0,-5.5986834e-13,4.2951327e-11,1.3677784e-17,1.4871174e-25,1.4779986e-14,3.086852e-09
200000,381,374,0,-9.379107e-13,9.791155e-11,4.254134e-25,8.903396e-39,5.882664e-14,4.4767635e-13
200000,320,15,0,-1.01662006e-13,1.482789e-15,2.7979358e-32,0.0,1.7245374e-38,1.1571297e-17
200000,279,159,0,4.3685805e-11,2.9017758e-16,0.0,0.0,2.7700428e-38,3.1134954e-25
200000,177,144,0,2.2885474e-10,4.855226e-16,3.3454828e-37,0.0,1.3169087e-32,9.339631e-12
200000,192,217,0,-9.774335e-15,4.2171097e-12,3.2328848e-37,0.0,1.1585983e-21,0.0
200000,290,408,0,-4.7219894e-13,1.6228812e-11,1.2941864e-17,2.0681584e-24,5.3788965e-19,2.9890028e-09
200000,93,11,0,-1.0856327e-13,4.5814653e-15,1.1821692e-12,4.4598167e-17,5.253797e-20,2.98879e-09
200000,475,497,0,-1.2764857e-13,4.4164627e-14,1.0414366e-14,1.5826358e-20,1.630939e-24,2.9887635e-09
200000,11,206,0,-4.0536506e-13,2.1908746e-11,3.8664216e-15,6.5140865e-21,6.8988647e-16,1.0032136e-12
200000,16,231,0,-3.047462e-14,2.5995492e-15,2.168751e-23,1.7433293e-35,2.0803858e-32,3.0736296e-09
200000,331,428,0,1.1804178e-10,8.739795e-19,9.766654e-15,4.5556158e-20,1.4397758e-23,9.9417666e-14
200000,34,174,0,-1.5679026e-13,1.1438542e-13,1.3114961e-22,1.7185035e-33,1.0230828e-28,3.6081856e-11
200000,369,57,0,-3.8513244e-13,7.7595656e-12,8.021034e-17,3.5017733e-25,4.5968054e-21,3.0575636e-10
200000,376,148,0,1.03407186e-10,1.2340936e-12,1.4817839e-24,2.2000106e-37,1.4243065e-25,3.0158513e-09
200000,88,189,0,3.8507283e-10,1.0323213e-13,9.437802e-13,5.7772795e-17,7.9986246e-20,2.9887863e-09
200000,331,90,0,1.6939765e-10,4.884335e-12,3.207716e-23,4.2e-44,4.850967e-22,9.5282886e-11
200000,103,38,0,-1.0071754e-12,1.3842275e-10,2.6417267e-12,4.806808e-15,1.9706023e-12,3.4461857e-11
200000,358,172,0,7.426722e-12,5.9454416e-13,3.462259e-09,7.191878e-10,1.1532664e-09,5.808371e-16
200000,134,79,0,1.1609072e-11,2.0243266e-15,9.694959e-21,3.052607e-30,5.529183e-37,6.771571e-12
200000,448,18,0,-1.1664677e-12,1.909558e-10,7.894286e-13,1.9325701e-16,1.2490213e-10,2.9956284e-09
200000,276,62,0,-6.08713e-13,2.222311e-11,4.436491e-18,3.9398098e-27,9.103514e-18,2.8412242e-12
200000,264,62,0,-5.8450434e-13,7.0941905e-11,1.6416926e-30,0.0,1.8813458e-13,2.2647922e-13
200000,494,178,0,-1.679163e-12,1.09809745e-10,1.077394e-12,2.0094212e-16,1.0077303e-14,5.7028483e-11
200000,474,139,0,-5.9905206e-13,2.8066847e-11,5.1041723e-13,8.978705e-18,2.870542e-16,1.6906528e-10
200000,485,97,0,-7.4271313e-13,1.0297932e-10,7.892718e-16,2.1774304e-23,3.8067084e-12,3.1160512e-09
200000,486,45,0,-1.4363853e-12,1.711646e-11,2.7105274e-20,1.8350501e-30,8.602112e-18,3.1140326e-11
200000,80,95,0,-1.1358605e-11,2.2887146e-09,3.9623734e-14,1.3015449e-18,4.1188084e-09,1.3825208e-11
200000,138,259,0,3.4669365e-10,1.3869859e-21,1.46e-43,0.0,0.0,2.8055777e-24
200000,176,94,0,9.124837e-12,4.63781e-13,4.3665636e-16,1.5024448e-21,4.5256383e-25,3.1613668e-13
200000,98,167,0,-2.3382002e-13,9.822887e-12,1.3696248e-36,0.0,1.233616e-18,1.3450298e-15
200000,131,395,0,7.571486e-11,1.6698496e-15,2.639026e-16,2.0879234e-23,1.9600531e-28,6.575711e-15
200000,38,48,0,-1.056275e-12,4.66245e-11,5.9842925e-16,5.850104e-23,3.3685723e-17,2.0680957e-14
200000,276,114,0,-1.6772658e-13,1.6254402e-13,2.9261466e-30,0.0,9.598179e-30,5.045129e-11
200000,208,297,0,1.056041e-11,2.1828839e-27,0.0,0.0,0.0,0.0
200000,226,356,0,7.2212757e-12,3.3375269e-15,1.152391e-39,0.0,8.567229e-35,6.55585e-33
200000,470,92,0,-3.1378166e-13,4.8206946e-12,1.7133994e-16,1.1866026e-23,6.783216e-20,4.220731e-13
200000,153,330,0,6.2735225e-12,1.3599279e-20,4.9375244e-20,6.101055e-30,4.0508054e-37,3.5867415e-15
200000,272,337,0,3.3950074e-15,2.159151e-13,3.9057034e-35,0.0,2.356588e-24,4.110756e-36
200000,192,319,0,1.03107405e-10,3.4917101e-25,0.0,0.0,0.0,4.106e-42
200000,177,359,0,2.3592195e-10,1.8648003e-20,0.0,0.0,0.0,1.1219909e-27
200000,119,135,0,1.7224465e-10,3.695255e-12,0.0,0.0,3.8641747e-22,2.8904087e-18
200000,35,380,0,-2.2726699e-13,2.520774e-13,9.769109e-14,1.0553188e-17,4.0782137e-20,3.4700936e-12
200000,467,448,0,-5.545345e-13,2.6589677e-11,2.480999e-25,4.397817e-38,1.8743708e-18,4.182092e-14
200000,340,449,0,8.937154e-11,3.8747094e-15,3.6920694e-17,1.6860502e-25,1.5710474e-31,3.0237741e-09
200000,416,305,0,1.7893406e-11,5.704555e-14,2.2342494e-11,1.3853514e-13,7.832056e-15,3.6123885e-14
200000,389,367,0,-4.3473685e-13,9.2503394e-11,3.6218166e-26,1.43759e-40,1.9042426e-12,2.9632041e-12
200000,450,445,0,-6.8290626e-13,9.586403e-11,3.462259e-09,7.191878e-10,1.1538938e-09,3.919012e-12
200000,409,277,0,2.7393124e-10,1.2856213e-10,3.9823096e-36,0.0,1.05208744e-10,1.0301956e-15
200000,379,475,0,-6.4688543e-13,6.895575e-11,3.462259e-09,7.191878e-10,1.1533502e-09,2.4116952e-12
200000,133,442,0,-1.8690842e-13,9.051686e-13,1.9414097e-16,4.047029e-24,1.4235895e-25,1.250331e-10
200000,241,479,0,-5.4602904e-13,3.3206226e-11,1.8612877e-20,8.4832295e-32,1.734463e-18,2.9888265e-09
200000,440,108,0,-3.674714e-13,7.639726e-11,1.69583e-20,1.3040534e-30,1.9042413e-12,3.0051353e-09
200000,181,362,0,1.8127977e-10,1.3267342e-18,0.0,0.0,0.0,6.298197e-32
200000,22,30,0,-1.5679422e-12,3.2330466e-10,1.701505e-10,6.7886204e-12,4.8855503e-11,3.028638e-09
200000,63,269,0,8.622553e-11,8.743778e-12,2.6186488e-17,5.5693245e-25,1.7019241e-21,1.7638628e-13
200000,84,273,0,3.1895206e-10,2.7134143e-13,5.0090207e-17,3.9967246e-23,5.8894175e-27,2.994765e-09
200000,36,468,0,-9.562122e-13,5.6352947e-11,1.7473924e-10,3.838206e-12,6.676433e-13,1.3299168e-12
200000,73,492,0,-4.295081e-13,1.3095403e-12,5.175576e-21,1.2975572e-30,1.9290304e-25,1.1280815e-13
200000,413,496,0,-7.0082357e-13,1.5832634e-12,3.4622594e-09,7.191878e-10,1.1532664e-09,2.4095967e-11
200000,314,417,0,2.7748464e-14,1.9442155e-15,5.3508344e-19,8.760812e-29,6.260296e-36,7.144678e-11
200000,452,101,0,-3.3474008e-13,8.011046e-12,7.598126e-10,5.473572e-11,2.9065299e-11,2.9950438e-09
200000,482,36,0,-1.6500233e-12,1.6688774e-10,6.849424e-17,3.3300087e-24,6.8762574e-13,2.9911233e-09
200000,28,434,0,-8.038905e-13,4.1804157e-11,1.6858367e-15,1.6480819e-22,1.859846e-14,3.2072447e-09
200000,493,398,0,-9.450776e-13,8.8884615e-11,4.8100926e-15,5.691928e-21,2.3187723e-13,7.358554e-12
200000,389,141,0,1.4496239e-11,1.306775e-11,1.2182897e-13,1.3055466e-18,3.0481717e-18,2.990318e-09
200000,256,239,0,2.9688238e-12,8.171622e-12,2.3232485e-38,0.0,6.816388e-21,2.9887863e-09
200000,307,20,0,-4.0994386e-13,3.4529402e-12,3.369901e-16,6.5952053e-24,7.742897e-21,2.9907785e-09
200000,495,326,0,-3.9783603e-13,5.4344402e-12,1.474039e-11,6.3751515e-14,3.2197967e-15,3.8744986e-13
200000,59,272,0,1.7215488e-11,4.3489344e-12,1.0110212e-19,1.1144106e-27,4.0279577e-24,4.222302e-11
200000,405,225,0,-5.3104256e-14,1.7219105e-13,9.7395834e-23,5.658214e-33,4.436355e-27,2.990476e-09
200000,480,121,0,-1.0703866e-12,1.701061e-11,6.5398173e-15,8.731059e-21,5.1360856e-18,3.1223024e-11
200000,425,385,0,-3.5563395e-13,3.77043e-12,1.3384769e-27,2.33844e-40,4.0405453e-22,3.0159e-09
200000,98,355,0,5.8063268e-12,2.2719275e-09,4.821035e-31,0.0,4.1188084e-09,3.968423e-17
200000,233,340,0,3.5280082e-13,6.2909938e-12,2.8121124e-25,5.1167216e-36,9.045628e-19,3.6856296e-33
200000,184,188,0,1.2893658e-14,5.2355184e-24,0.0,0.0,0.0,7.164574e-28
200000,253,257,0,-2.1671205e-13,1.4329916e-11,0.0,0.0,4.519472e-18,3.5611812e-27
200000,296,217,0,4.6797154e-12,1.593798e-11,0.0,0.0,1.338386e-18,4.649409e-18
200000,40,338,0,-3.1813362e-13,2.2041355e-11,4.9900292e-12,3.423189e-15,5.5086526e-17,7.956704e-13
200000,14,71,0,-3.585496e-13,3.632944e-13,3.4948705e-14,2.791097e-20,1.1006922e-24,1.6419447e-12
200000,140,84,0,4.0549526e-11,1.846865e-15,7.744931e-17,3.5849425e-24,2.8646318e-29,1.937126e-11
200000,183,172,0,3.4230058e-15,6.2140315e-23,0.0,0.0,0.0,1.69223e-16
200000,169,102,0,6.3142753e-13,3.213226e-11,3.2678153e-12,8.064153e-16,4.0405758e-17,1.6740206e-16
200000,166,315,0,3.361387e-13,2.6605414e-21,7.199079e-21,1.3858227e-31,2.344077e-39,1.4022528e-23
200000,456,231,0,-1.0910376e-12,7.532237e-11,1.390496e-21,1.0397045e-31,1.4073306e-13,6.3567294e-15
200000,143,157,0,-2.2255673e-13,1.0658571e-12,0.0,0.0,9.807419e-22,3.9112815e-17
200000,366,22,0,-1.7854024e-12,2.5303093e-10,4.5550052e-15,2.3308374e-21,8.164514e-11,2.9744023e-16
200000,194,46,0,-6.2186264e-13,7.912412e-12,6.046703e-16,6.5245476e-22,8.429935e-21,8.819014e-14
200000,372,256,0,-1.9661077e-13,4.5218356e-12,7.301861e-27,9.7355e-41,2.2071932e-20,6.042499e-15
200000,420,163,0,-8.7312286e-13,3.2102654e-11,9.851277e-17,2.5835474e-23,4.575455e-17,1.7658035e-13
200000,441,377,0,-1.6396383e-13,4.7189417e-13,2.6759835e-17,4.9646346e-24,1.2957544e-24,5.318436e-11
200000,315,121,0,2.3408903e-11,5.9795265e-17,6.5988354e-28,3.405e-42,7.75e-43,2.2006632e-15
200000,415,198,0,6.0750094e-10,2.6210564e-12,1.05433275e-36,0.0,8.707885e-24,3.31697e-20
200000,180,445,0,-1.9762284e-13,3.296563e-14,1.550089e-13,4.6710347e-18,5.4191457e-21,6.356905e-15
200000,55,426,0,4.6706524e-11,9.1694055e-11,1.6205573e-11,2.9261834e-14,7.00824e-15,9.6539526e-11
200000,492,53,0,-8.472552e-13,6.369511e-12,2.9766493e-12,9.532706e-16,4.6900086e-18,2.9888667e-09
200000,473,131,0,-6.3476253e-13,7.670144e-11,1.6507587e-12,1.4065768e-16,3.3817968e-12,2.2724588e-11
200000,448,417,0,-7.82565e-13,8.905029e-12,6.2603986e-18,1.5967699e-27,1.7381211e-16,1.2392019e-12
200000,122,6,0,-9.81464e-13,3.9648765e-10,3.360328e-20,1.6331468e-28,3.8889976e-09,5.212162e-11
200000,273,398,0,-1.9243145e-13,2.4171564e-13,1.975984e-15,2.277186e-21,2.2721763e-25,2.2145897e-14
200000,62,273,0,2.3993177e-11,2.0200721e-11,1.7578061e-15,2.442351e-20,4.6223997e-17,2.9891158e-09
200000,31,299,0,-2.5784398e-13,3.271326e-13,6.18808e-13,1.2170716e-17,5.489064e-21,1.1234606e-12
200000,232,405,0,6.0923527e-15,9.514609e-13,8.1008025e-23,4.6969514e-35,1.5753107e-24,5.2478646e-15
200000,223,405,0,4.702947e-12,1.2613755e-17,2.6340923e-19,4.8773367e-28,3.2840086e-34,1.0885433e-14
200000,369,471,0,-1.1354921e-12,3.1369688e-11,2.0081157e-16,1.7223784e-23,1.2533721e-17,3.8943173e-14
200000,425,49,0,1.8915204e-12,1.0975572e-10,3.4985615e-12,1.0093347e-15,2.7628446e-14,2.9887979e-09
200000,306,28,0,-6.242815e-13,2.8733675e-11,4.5621815e-14,1.124198e-19,2.752605e-18,9.667335e-16
200000,148,66,0,6.3050807e-13,3.8024626e-13,1.0793888e-22,1.869191e-35,7.872371e-28,2.9887874e-09
200000,196,4,0,-2.4917961e-14,1.6015482e-16,9.359667e-13,5.7332637e-16,7.678024e-18,3.0448386e-09
200000,321,337,0,5.571792e-11,2.3823818e-14,0.0,0.0,1.0755789e-33,2.9887863e-09
200000,475,429,0,-5.9680825e-13,1.630272e-11,4.783913e-19,5.3234893e-30,8.9194776e-20,3.0132299e-09
200000,464,153,0,-9.271823e-13,3.9942636e-11,9.879741e-18,1.22812554e-26,8.7231985e-15,2.5021833e-14
200000,436,290,0,3.8322415e-11,2.861543e-11,3.462259e-09,7.191878e-10,1.1532666e-09,4.954789e-11
200000,368,485,0,-3.670105e-13,6.375956e-11,8.3843694e-19,3.9915867e-29,8.113526e-12,3.213321e-12
200000,498,72,0,-4.643099e-13,6.9811305e-12,8.453132e-19,3.991841e-29,5.9310724e-21,1.6902603e-11
200000,473,137,0,-6.938558e-13,4.9412485e-11,2.4910076e-11,5.2572187e-14,1.6622943e-15,8.995021e-11
200000,362,496,0,-3.6531132e-13,7.1359336e-13,1.6588358e-10,8.590495e-12,1.8922628e-12,1.2948016e-12
200000,27,200,0,-1.9173166e-12,3.5118672e-10,1.453736e-14,8.1268476e-21,3.8424642e-11,4.606072e-11
200000,3,445,0,-5.7854015e-13,1.2367257e-11,1.8378906e-16,1.0168417e-24,1.9817914e-18,2.150279e-11
200000,49,219,0,-6.6528223e-13,1.02353216e-10,1.5760587e-11,1.4410123e-13,1.4749918e-10,3.0237688e-09
200000,139,191,0,4.131625e-10,8.3334424e-12,0.0,0.0,2.494593e-18,1.5060363e-11
200000,439,98,0,-4.9979004e-13,3.883918e-12,5.325671e-21,8.163882e-32,8.707977e-21,1.0708967e-12
200000,475,125,0,-7.023315e-13,6.325307e-12,5.129012e-18,2.9712397e-26,1.8432146e-20,2.988947e-09
200000,475,216,0,-6.869543e-13,4.6854375e-11,1.9145727e-24,1.138662e-39,2.755988e-15,8.068399e-12
200000,488,469,0,-4.8397007e-13,4.0346762e-12,1.7419477e-18,5.3875367e-27,1.1833807e-22,3.354185e-10
200000,350,77,0,3.8149447e-10,9.266972e-13,9.28611e-17,4.084126e-25,3.0854202e-23,1.548234e-15
200000,155,458,0,-4.6259454e-13,6.777395e-11,4.95518e-33,0.0,5.5762893e-14,5.276004e-12
200000,364,58,0,-3.0065598e-13,5.262917e-13,1.1578362e-13,5.386396e-18,7.543524e-21,3.0347045e-09
200000,393,445,0,1.6953588e-12,1.9185688e-11,3.3559865e-20,8.872127e-30,1.3151456e-17,1.2789616e-11
200000,50,489,0,-8.205324e-13,1.9495499e-11,3.462259e-09,7.191878e-10,1.1532664e-09,7.061835e-13
200000,1,220,0,-2.6267783e-15,3.4840334e-20,2.2678368e-18,6.082107e-26,3.715106e-31,4.184257e-18
200000,172,53,0,2.069705e-14,1.1892741e-15,1.5485043e-16,4.697049e-22,1.3198206e-25,1.1152377e-10
200000,88,369,0,1.1792095e-11,3.3555218e-12,2.349236e-17,2.4510833e-25,3.7118454e-24,3.5701015e-16
200000,76,22,0,-1.0047951e-12,9.9014e-11,2.3748998e-15,1.4537079e-19,1.6884473e-15,3.9436916e-11
200000,470,16,0,-8.0587533e-13,1.76803e-11,1.6680048e-16,1.4160779e-22,9.248625e-20,4.8068327e-10
200000,423,432,0,1.271474e-11,2.885252e-12,1.2622493e-22,1.3771278e-34,1.4564385e-19,3.0064542e-09
200000,100,46,0,-2.6041695e-12,3.250497e-10,1.3884846e-13,5.0323782e-18,1.9657493e-11,4.3959083e-11
200000,489,469,0,-4.2909952e-13,1.9485772e-12,2.3424493e-18,2.539558e-26,1.2463095e-24,3.0074436e-09
200000,432,325,0,-2.2172158e-13,6.7244617e-12,1.5124505e-17,1.3798502e-26,3.0222387e-21,2.380651e-13
200000,350,442,0,2.303772e-11,7.3828964e-11,3.988375e-26,1.4197e-41,2.6159691e-14,2.312065e-11
200000,247,23,0,-1.3872188e-13,1.8766126e-13,3.5997608e-29,0.0,1.688057e-21,5.5941293e-11
200000,28,74,0,-1.2632607e-12,1.2076776e-10,5.900148e-19,9.246179e-28,1.4514018e-14,2.9899574e-09
200000,130,314,0,2.7084116e-11,1.1976216e-13,4.715198e-32,0.0,3.383797e-23,3.263683e-17
200000,39,383,0,1.06221144e-13,1.0981812e-13,3.4625163e-09,7.191878e-10,1.1532664e-09,2.2455132e-12
200000,487,364,0,-5.0024546e-13,4.390401e-12,3.4628422e-09,7.191879e-10,1.1532664e-09,6.8328676e-11
200000,381,66,0,-3.1366858e-12,3.5987946e-10,6.508073e-13,3.5817622e-16,1.9659196e-11,2.9917195e-09
200000,76,125,0,-7.1361715e-13,9.759829e-12,1.6837047e-15,1.6480808e-22,1.8319357e-21,3.5637235e-13
200000,477,365,0,-2.4453608e-13,7.32813e-13,2.1176689e-12,5.4991216e-16,2.5486547e-18,3.2012466e-09
200000,104,70,0,8.8100256e-11,3.9077245e-11,5.825508e-14,1.3656735e-18,2.5260007e-16,9.8351806e-11
200000,13,27,0,-1.0552506e-12,4.3193706e-11,5.8775193e-16,5.8374924e-23,8.8719655e-16,1.06454755e-10
200000,239,359,0,-1.3322628e-13,2.8895714e-12,0.0,0.0,9.198011e-22,1.0375221e-21
200000,161,482,0,-3.186363e-13,4.4970486e-12,3.617514e-17,1.2413483e-25,3.965825e-19,3.0102685e-09
200000,267,14,0,-2.4157862e-13,3.1903093e-13,2.346418e-18,1.3859897e-27,1.3380548e-22,9.6147236e-11
200000,417,347,0,-3.3958022e-13,1.6923349e-12,2.767894e-29,0.0,9.325916e-24,9.657083e-11
200000,53,332,0,-5.994975e-13,7.08998e-11,1.6217264e-14,2.7358275e-20,3.4482508e-14,3.0844352e-09
200000,389,475,0,-2.4947823e-13,2.0066223e-12,7.53861e-23,0.0,1.0367752e-23,2.9893827e-09
200000,0,114,0,-3.9953178e-13,1.3378634e-12,2.420082e-20,1.4342783e-31,9.807989e-27,1.3777187e-11
200000,44,60,0,-7.437729e-13,9.456847e-11,1.7322553e-16,4.272185e-23,1.340763e-10,4.956584e-11
200000,495,20,0,-1.3566067e-12,1.6899544e-10,3.2584663e-15,1.4955304e-21,2.443687e-12,3.014826e-09
200000,98,468,0,-4.4552393e-13,9.138379e-13,9.4939006e-23,2.562723e-35,7.032468e-22,2.9901128e-09
200000,202,69,0,-3.758167e-15,1.2385387e-18,5.0855735e-21,1.0540945e-31,1.860825e-39,6.2898753e-12
200000,82,306,0,-4.5772464e-14,3.0835123e-14,4.2173386e-30,0.0,2.4836394e-32,2.9887863e-09
200000,18,3,0,-4.2054234e-13,1.4905517e-12,9.653249e-35,0.0,5.1433573e-23,3.2303213e-09
200000,129,128,0,2.2102884e-12,1.7743747e-11,0.0,0.0,9.022631e-17,4.4226263e-13
200000,248,259,0,-1.3691191e-13,1.2268002e-12,0.0,0.0,5.184556e-24,3.8553746e-31
200000,374,156,0,1.8777493e-10,2.447222e-14,8.62924e-29,1e-45,1.0755789e-33,6.7808398e-12
200000,417,444,0,2.8305646e-11,5.459469e-14,5.6891103e-15,7.938206e-21,8.16193e-25,5.97257e-15
200000,130,164,0,1.2164559e-14,1.3057223e-20,0.0,0.0,0.0,1.0720358e-11
200000,392,127,0,9.339682e-12,2.6200042e-11,2.2464794e-18,1.1667528e-24,2.4932023e-17,4.4933514e-12
200000,416,289,0,2.572781e-10,2.88015e-10,1.23638105e-20,4.3103768e-30,3.7583767e-09,2.0341002e-13
200000,113,209,0,9.8460936e-12,9.1348505e-15,0.0,0.0,2.1877915e-36,3.3110488e-13
200000,133,122,0,5.293222e-13,1.6802577e-14,0.0,0.0,1.2101637e-34,7.5292663e-16
200000,96,382,0,-1.527973e-13,2.8109461e-12,9.777179e-28,1.43e-43,1.31981925e-20,5.196267e-17
200000,235,243,0,-1.5174824e-13,1.4173584e-12,9.85812e-34,0.0,1.56887e-23,9.635991e-19
200000,110,72,0,1.8738188e-11,4.538918e-13,6.914251e-14,1.422539e-18,1.5118833e-21,1.252989e-12
200000,234,72,0,1.6118327e-12,9.657915e-13,2.3580137e-20,7.805911e-31,5.0835966e-28,6.484621e-12
200000,93,187,0,1.989685e-10,1.2684764e-15,1.474637e-16,4.2059602e-23,1.3774215e-27,6.6801978e-15
200000,130,100,0,4.2828355e-11,3.4671916e-12,2.1362717e-22,5.458388e-34,4.0405158e-22,1.38278e-11
200000,56,139,0,-4.2872382e-13,2.007077e-13,1.3892388e-26,2.2351e-41,1.764297e-26,1.6696232e-14
200000,401,335,0,-1.6267813e-12,1.4633424e-10,1.5462e-34,0.0,2.8144986e-13,4.1703919e-16
200000,306,218,0,1.5499218e-13,1.7537527e-14,0.0,0.0,1.8352463e-32,4.858711e-23
200000,205,282,0,7.840767e-11,1.6430166e-21,0.0,0.0,0.0,0.0
200000,297,337,0,-1.728257e-13,1.3517596e-11,5.6153e-41,0.0,1.4556668e-18,1.2082437e-27
200000,201,182,0,-1.4191436e-15,9.420344e-19,0.0,0.0,2.94e-43,3.4248427e-26
200000,371,135,0,5.6852e-13,1.62452e-13,1.4735848e-35,0.0,1.3984015e-29,9.1524305e-12
200000,369,423,0,-1.955749e-13,6.23758e-13,3.1280559e-18,9.534427e-27,3.9682927e-22,2.6229548e-13
200000,94,432,0,2.4970833e-12,1.8180261e-10,6.459162e-24,2.077363e-37,1.2000448e-10,8.983869e-11
200000,26,438,0,-7.44232e-13,3.711465e-11,1.720347e-17,1.9829164e-26,1.8258566e-15,1.282126e-10
200000,13,99,0,-4.84964e-13,2.4376688e-12,1.6994008e-18,1.0992645e-26,7.29261e-24,9.278307e-11
200000,36,457,0,-6.317858e-13,4.061983e-11,1.3309221e-15,3.9618006e-22,4.993911e-15,8.247e-12
200000,36,78,0,-8.049451e-13,2.948654e-11,1.3250341e-13,3.4976927e-18,7.315511e-17,1.5463247e-11
200000,18,264,0,-4.8774873e-13,7.945494e-12,5.3889556e-23,4.118387e-34,2.8099312e-20,3.3523415e-13
200000,102,476,0,-7.9303247e-13,2.511448e-11,2.871099e-23,2.7087424e-37,5.6095366e-17,2.7381228e-13
200000,355,495,0,-8.523736e-13,9.10992e-12,4.994596e-12,3.4231983e-15,2.1986136e-16,1.7640239e-14
200000,16,173,0,-8.254685e-13,5.5381364e-12,7.4788564e-13,5.655918e-17,4.814853e-18,1.8820694e-13
200000,47,223,0,-1.6991433e-12,1.7386452e-10,4.837719e-14,1.6733708e-17,2.81494e-13,9.1812453e-11
200000,152,468,0,-1.4844778e-14,1.149657e-15,2.2040016e-29,1e-45,1.5090824e-38,4.194897e-13
200000,456,218,0,-3.4851072e-13,1.2203583e-11,6.2061516e-13,4.2810352e-17,8.980987e-20,6.6746545e-21
200000,49,41,0,-9.670481e-13,1.3667605e-10,4.746854e-17,1.3353697e-25,1.199953e-10,5.3143207e-10
200000,496,245,0,-4.260167e-13,4.785375e-11,1.1264324e-14,4.9572906e-21,4.993927e-15,9.137961e-17
200000,70,17,0,-7.864658e-13,3.8925512e-11,1.5700015e-12,8.2657064e-16,3.668926e-17,5.8712567e-13
200000,424,25,0,-1.6496486e-12,1.13382644e-10,6.9446924e-14,5.6160075e-18,1.6395309e-13,1.1626434e-12
200000,120,39,0,-3.665246e-13,5.1914935e-12,1.5656701e-16,4.697061e-22,5.7488586e-23,9.856598e-13
200000,478,93,0,-6.142661e-13,6.4983255e-11,1.9566118e-16,4.3501246e-23,1.6309985e-13,3.0418216e-12
200000,461,354,0,-6.472138e-14,1.2199992e-15,2.6450408e-14,1.8720312e-20,6.8730305e-25,1.8833461e-12
200000,42,119,0,-9.209541e-13,1.4361797e-11,4.431264e-12,1.9142354e-15,2.916051e-17,4.9051936e-11
200000,398,44,0,-5.822221e-13,3.1671109e-12,2.562384e-15,4.5870485e-21,2.3006392e-22,1.8375824e-12
200000,462,147,0,-4.627046e-13,7.0147508e-12,1.0229957e-21,1.623621e-32,5.5541987e-22,8.3705736e-15
200000,195,489,0,-1.518812e-13,8.652146e-14,3.3383588e-20,1.3976038e-30,1.0295719e-28,4.194404e-15
200000,37,125,0,-1.5449117e-12,1.013806e-10,1.6702317e-13,1.9293272e-18,1.1908083e-12,1.9505576e-10
200000,410,494,0,-9.586181e-13,1.3564314e-11,4.7085198e-15,2.9064245e-19,3.8528215e-21,3.7192393e-12
200000,350,468,0,-3.9528155e-13,2.5362882e-11,1.3257788e-20,7.8746566e-32,4.6243327e-17,8.573059e-12
200000,8,147,0,-1.5643836e-12,6.165314e-11,2.4139978e-30,0.0,2.3014241e-14,4.100014e-11
200000,404,486,0,-1.6212048e-12,1.1388334e-10,3.130848e-23,1.1716171e-33,4.337788e-15,2.2933416e-13
200000,29,203,0,-1.5268924e-12,2.8470169e-11,2.09805e-11,3.5992473e-14,6.506359e-16,8.836494e-13
200000,297,478,0,-5.3218294e-14,4.986051e-16,6.589548e-27,7.333e-42,5.7497906e-36,4.099272e-11
200000,54,13,0,-1.3299984e-12,2.4688893e-10,3.5491197e-18,1.1793167e-24,3.6350516e-09,3.3857953e-10
200000,272,456,0,5.6363e-12,3.564673e-15,1.4217274e-12,4.791675e-16,2.592764e-18,2.0317983e-11
200000,467,68,0,-9.407988e-13,8.7686195e-12,1.1707147e-15,1.1222641e-21,2.222062e-19,7.1054655e-12
200000,9,70,0,-5.609852e-13,1.3426197e-12,2.4743585e-10,1.1511974e-11,5.5041e-12,7.1816354e-13
200000,369,483,0,-3.796284e-13,3.7794323e-11,4.894081e-21,7.3435535e-33,7.188932e-14,1.0478782e-13
200000,476,77,0,-1.2347152e-12,7.405598e-11,6.9026945e-17,1.072706e-23,1.2662825e-15,2.4219002e-11
200000,44,337,0,-4.915466e-13,1.12578565e-10,3.9336354e-15,1.9001172e-20,2.8246194e-12,4.518266e-14
200000,385,470,0,-2.462135e-13,1.8386058e-13,1.2505547e-21,0.0,8.484253e-27,9.735852e-11
200000,49,473,0,-9.114053e-13,6.482128e-11,9.448845e-17,4.3013907e-24,3.7987712e-16,9.266943e-11
200000,40,442,0,-1.0402643e-12,1.1833586e-10,8.878093e-12,4.6779038e-15,2.6301388e-14,4.3350237e-11
200000,235,18,0,-3.5298275e-13,5.679905e-12,2.0852962e-15,7.446603e-23,3.9897522e-21,2.2212588e-12
200000,472,218,0,-4.372164e-13,3.7227543e-12,8.039566e-24,8.206027e-37,3.8252315e-24,1.5231177e-12
200000,20,2,0,-3.4543004e-13,3.31991e-12,4.6914152e-36,0.0,5.3318624e-21,9.5161115e-11
200000,447,28,0,-1.0809122e-12,3.999538e-11,8.016962e-12,3.8114488e-15,2.2771532e-15,9.9647165e-14
200000,479,379,0,1.8599326e-13,1.4516148e-13,1.622276e-11,2.9262024e-14,5.112399e-16,6.957269e-13
200000,484,429,0,-7.682739e-13,2.1270449e-11,4.393327e-15,2.8675026e-21,1.1195459e-15,2.3063585e-13
200000,11,452,0,-1.7113043e-13,7.4901457e-14,4.984816e-13,5.951789e-17,2.2489014e-19,1.5162148e-11
200000,46,193,0,-7.7720876e-13,6.522634e-11,1.300535e-22,3.657836e-34,9.1892334e-15,1.3173718e-11
200000,285,47,0,-5.9931443e-14,5.008728e-12,9.160296e-18,7.999035e-25,1.1730474e-22,4.843153e-16
200000,373,468,0,-1.53784e-12,2.809656e-10,4.3311993e-21,4.8399594e-30,9.186648e-11,1.11513234e-14
200000,41,162,0,-4.7476216e-13,6.3514007e-12,3.1981503e-21,4.7361e-33,4.0162553e-19,2.830872e-13
200000,493,300,0,-1.9075628e-13,1.5047134e-13,9.695843e-21,3.052607e-30,4.619336e-28,2.5757983e-12
200000,127,456,0,-3.0556625e-13,2.0718256e-12,6.5055546e-14,1.8720522e-18,2.2022252e-21,1.456796e-12
200000,24,392,0,-4.852981e-13,7.07711e-11,2.5694746e-13,4.0501102e-17,1.9244666e-14,8.814997e-12
200000,167,479,0,-2.6946718e-14,4.496547e-16,6.469607e-25,9.61732e-40,9.0364144e-38,1.9303161e-11
200000,16,211,0,-2.2376872e-13,1.9468109e-13,4.031119e-12,1.2495538e-15,6.208029e-18,4.0860083e-16
200000,42,69,0,-4.2936688e-13,1.8025794e-13,1.0475307e-16,2.2531995e-24,2.3478269e-27,1.2441195e-10
200000,474,168,0,-2.3707633e-12,3.4278425e-10,5.942764e-24,5.674906e-38,2.914892e-11,1.2498463e-16
200000,12,186,0,-6.0639845e-13,9.031779e-11,4.94079e-11,2.909071e-13,5.5138593e-12,3.732954e-12
200000,46,104,0,-2.1228314e-12,4.9142046e-10,3.4227683e-11,1.4861953e-13,1.836093e-10,1.16634e-11
200000,33,134,0,-1.3782723e-12,3.9465122e-11,7.811703e-15,1.6234502e-20,1.6446186e-16,2.4451351e-14
200000,176,27,0,-1.2494407e-14,1.645798e-17,7.1717225e-20,6.354403e-30,3.7074801e-37,1.575725e-11
200000,6,440,0,-9.855404e-13,7.8775916e-11,2.491012e-11,5.2572187e-14,2.7107194e-14,6.967381e-13
200000,52,460,0,-1.0557501e-12,8.7970416e-11,4.508589e-17,2.2993101e-25,5.4982364e-12,1.1874181e-10
200000,24,31,0,-1.43895e-12,2.4671776e-10,5.5065e-12,1.900114e-15,1.3476394e-10,1.8541847e-11
200000,478,305,0,-7.825338e-13,1.7589942e-11,1.6600476e-12,1.247143e-15,1.824876e-17,1.2594368e-11
200000,9,380,0,-4.4278172e-13,4.1606887e-12,4.668821e-17,5.1151353e-25,8.293967e-21,1.4846998e-14
200000,274,491,0,-6.6467014e-13,4.7737425e-11,1.31706056e-20,5.748232e-33,1.0094335e-15,1.8950268e-11
200000,333,39,0,-4.887791e-13,7.475171e-12,3.7897023e-14,6.8342707e-19,3.41817e-20,3.6800506e-12
200000,46,223,0,-1.8603838e-12,3.4438885e-10,1.1966528e-14,8.367288e-19,2.914892e-11,1.05644084e-10
200000,58,455,0,-4.019405e-13,9.847941e-11,3.3251892e-15,1.1254978e-21,3.7491e-12,1.7620771e-11
200000,80,459,0,-1.3283384e-12,3.6345513e-11,1.6202699e-11,2.926183e-14,5.449461e-16,4.088199e-12
200000,44,339,0,-5.0621166e-13,3.597151e-11,8.492186e-15,1.3737373e-20,4.992429e-16,1.0651348e-13
200000,494,496,0,-1.5200815e-13,4.6830553e-11,1.2516703e-19,9.6174526e-29,1.4021999e-13,7.7616386e-11
200000,13,408,0,-5.3068807e-13,6.0437225e-11,1.5967826e-14,1.1204309e-19,1.4022029e-13,2.8571671e-11
200000,468,455,0,-8.9353915e-13,2.092079e-11,5.4702527e-20,3.2831397e-29,4.2635648e-17,5.2595586e-14
200000,274,493,0,-6.262529e-13,7.996754e-11,2.998359e-22,5.0907142e-36,1.6508259e-12,9.6531616e-11
200000,478,387,0,-1.2696072e-13,1.0464943e-13,4.97776e-15,2.1188793e-21,6.899386e-26,1.2580288e-13
200000,274,476,0,-5.732217e-13,7.1517423e-12,2.1164543e-18,1.1695066e-28,4.0162633e-19,5.1650274e-11
200000,471,487,0,-8.341843e-13,9.825837e-11,6.97686e-12,1.062391e-14,1.6331863e-13,2.747611e-10
200000,450,479,0,-1.1670762e-12,1.5716861e-10,3.692069e-17,1.6860502e-25,1.1928043e-12,8.3350454e-10
200000,236,495,0,-5.907218e-13,8.915136e-12,4.1086123e-14,1.0501434e-18,1.6643104e-17,2.194224e-12
200000,6,39,0,-1.676629e-12,4.248104e-11,2.5675434e-12,4.6973684e-16,2.5996503e-16,4.0300823e-12
200000,130,471,0,-9.641353e-14,5.931463e-14,8.781598e-24,6.0601885e-36,8.57772e-29,8.0549066e-13
200000,351,41,0,-8.822949e-13,1.1409856e-10,6.3194105e-16,2.286002e-22,2.8897915e-14,1.2074114e-12
200000,478,285,0,-1.7741668e-12,6.6991974e-11,5.8162633e-12,4.960337e-15,6.493913e-15,3.594697e-12
200000,227,21,0,-1.2068749e-12,1.0570328e-10,1.1519124e-16,7.423892e-25,9.2998974e-15,1.857368e-12
200000,57,5,0,-9.226529e-13,1.1665391e-11,2.6417267e-12,4.806808e-15,1.9816591e-16,7.7794255e-12
200000,30,69,0,-7.1190157e-13,2.8861705e-11,1.345939e-21,5.196438e-33,2.4915117e-17,6.126437e-11
200000,461,45,0,-2.1937619e-12,8.056423e-11,2.9391206e-14,1.016675e-19,7.225134e-16,4.825809e-11
200000,476,424,0,-7.5163714e-13,9.2792156e-11,1.00882644e-19,1.21776535e-29,7.9740863e-13,2.4808173e-11
200000,408,491,0,-1.3945169e-12,2.0855881e-10,3.2489382e-19,1.8244739e-27,9.566794e-13,2.921354e-14
200000,491,276,0,-2.7594047e-12,3.5994824e-10,2.705493e-20,3.384614e-30,1.2851904e-10,1.6709651e-12
200000,428,4,0,-2.1738566e-12,1.5229028e-10,5.6954e-14,5.9836897e-18,2.3288663e-14,1.0811617e-11
200000,263,471,0,-2.1540328e-13,1.7606711e-12,5.4389412e-18,5.3078783e-27,4.0225684e-22,5.1468643e-12
200000,370,475,0,-6.710289e-13,3.037059e-11,1.6348215e-16,4.2691278e-23,9.241031e-17,4.130531e-17
200000,12,479,0,-3.5009398e-13,1.6338193e-12,6.21644e-13,4.2814316e-17,6.25681e-20,4.3983623e-12
200000,453,170,0,-1.6394408e-12,8.246995e-11,8.607231e-12,2.7456991e-14,1.4200522e-13,4.0894158e-10
200000,472,10,0,-1.0666029e-12,1.453014e-10,2.6290801e-12,5.775267e-16,3.722982e-12,1.1912574e-10
200000,436,42,0,-1.0305408e-12,5.3836484e-11,2.7040528e-11,2.1328082e-13,1.4926511e-14,6.016317e-12
200000,480,262,0,-4.0877347e-13,3.8302334e-12,9.958019e-11,3.726214e-12,7.7026417e-13,1.2660752e-10
