mcsteps,xCOM,yCOM,zCOM,il8,il1,il6,il10,tnf,tgf
270000,84,376,0,1.851927e-09,1.80296e-11,6.787552e-19,2.7514926e-30,1.4741082e-20,3.0225145e-11
270000,432,181,0,1.8520738e-09,3.7759903e-11,6.446475e-14,3.2495821e-19,1.70741e-16,1.6277396e-11
270000,409,105,0,1.8523041e-09,9.898795e-11,6.674898e-25,6.6446423e-38,1.2712226e-10,2.311125e-13
270000,247,394,0,1.8528861e-09,3.270769e-16,2.103894e-17,8.747197e-27,7.746598e-34,7.592149e-12
270000,132,141,0,1.8524308e-09,4.371646e-12,0.0,0.0,7.1089566e-21,1.1867713e-11
270000,286,72,0,1.8522311e-09,4.4821362e-11,8.10071e-17,1.1464831e-25,3.4533146e-17,3.0687686e-10
270000,365,385,0,1.8526607e-09,6.260497e-13,2.1465268e-16,6.6480994e-23,4.0277734e-25,2.240416e-14
270000,379,420,0,1.8524912e-09,2.4585126e-11,4.4365357e-16,3.1049808e-24,1.820041e-17,2.6467153e-11
270000,426,219,0,1.8584736e-09,5.8369976e-14,3.6231762e-15,1.8659203e-22,9.280814e-28,2.8958511e-11
270000,444,225,0,1.8582088e-09,5.583545e-12,5.951527e-14,6.4571197e-19,5.687332e-22,8.0323925e-12
270000,111,224,0,-2.6145347e-15,1.5749666e-20,1.757769e-18,4.64525e-27,3.5016834e-33,2.9636744e-19
270000,492,75,0,-1.8640415e-12,7.865919e-11,2.0513459e-17,2.2352426e-27,4.981428e-15,7.551036e-11
270000,414,339,0,-1.126037e-11,2.2726057e-09,2.367981e-27,1.42e-43,4.1188084e-09,1.5492552e-15
270000,493,160,0,-4.612602e-13,4.5500315e-11,2.5778518e-22,6.1652885e-36,1.7202262e-15,2.4159928e-11
270000,322,467,0,-2.4097434e-13,1.1505913e-12,2.5904414e-14,2.6409463e-19,1.1269703e-22,6.490897e-12
270000,435,498,0,-4.342294e-13,3.0349723e-11,9.722204e-16,3.1021368e-22,1.7457878e-16,9.028068e-11
270000,176,417,0,-3.2246577e-13,5.318618e-12,3.327833e-15,1.2636402e-21,1.1935606e-21,2.771174e-12
270000,427,157,0,-1.1328416e-11,2.3005036e-09,4.484149e-15,9.371404e-21,4.1188084e-09,4.599334e-13
270000,74,31,0,-1.1806772e-11,2.3356252e-09,2.5731183e-13,5.590488e-18,4.1191197e-09,8.2395875e-14
270000,132,349,0,-1.0279256e-12,2.3229856e-11,2.1391133e-22,5.458384e-34,5.6809493e-19,2.6456964e-15
270000,125,422,0,-1.16456515e-11,2.3076958e-09,1.5678123e-13,2.4969311e-18,4.1188124e-09,3.2218853e-11
270000,449,130,0,-1.2096205e-11,2.3488556e-09,1.5314303e-16,3.7538234e-24,4.118928e-09,8.491196e-12
270000,80,19,0,-1.2463189e-11,2.359226e-09,5.578073e-12,7.4540747e-16,4.1188084e-09,7.438419e-12
270000,52,314,0,-8.3851003e-13,2.5085012e-11,1.6632037e-16,1.416075e-22,1.678752e-17,9.1081465e-12
270000,222,164,0,-1.1087348e-11,2.2720688e-09,3.716509e-30,0.0,4.1188084e-09,6.919427e-28
270000,444,466,0,-1.2742827e-11,2.6912368e-09,9.0972416e-14,5.4024955e-19,8.007806e-09,5.207247e-10
270000,52,474,0,-1.1963445e-11,2.3474036e-09,8.393228e-16,1.4621953e-21,4.1262327e-09,1.153084e-11
270000,117,465,0,-1.1307537e-12,5.9527404e-11,1.902626e-18,4.0463018e-29,3.9729673e-16,3.3017224e-12
270000,441,389,0,-1.1693556e-11,2.2787967e-09,2.643049e-12,4.8068082e-15,4.118809e-09,4.160924e-10
270000,55,439,0,-1.7188737e-12,9.791146e-11,6.8406645e-14,1.6924413e-17,5.802393e-15,1.1128807e-12
270000,190,10,0,-1.2058106e-11,2.3224347e-09,4.986612e-13,4.408159e-18,4.1188106e-09,5.2608334e-11
270000,439,60,0,-1.19120816e-11,2.3992102e-09,4.67433e-14,1.379782e-19,4.2315005e-09,3.9662794e-11
270000,4,18,0,-1.148641e-11,2.307345e-09,2.0833237e-10,5.7973445e-11,4.1687036e-09,2.3529337e-10
270000,438,187,0,1.1303032e-10,2.2873685e-09,1.6734481e-12,2.2490914e-16,4.1188084e-09,1.1392352e-10
270000,403,447,0,-3.8913247e-13,3.3630114e-13,1.5316021e-21,4.914755e-35,3.135892e-31,1.9341859e-12
270000,492,39,0,-1.2791506e-11,2.3509008e-09,1.215664e-13,2.2275702e-19,4.1188364e-09,8.6354444e-11
270000,315,48,0,-1.2142324e-11,2.3608004e-09,6.698603e-15,3.711287e-22,4.119055e-09,4.079626e-10
270000,456,159,0,-5.3649213e-13,4.3931515e-11,1.638497e-18,3.637939e-27,2.7971628e-14,8.794764e-14
270000,281,454,0,-1.1314795e-11,2.27264e-09,1.2264911e-13,1.8101872e-18,4.1188084e-09,2.3576343e-17
270000,284,180,0,-1.1019124e-11,2.2719089e-09,3.737e-42,0.0,4.1188084e-09,1.5590873e-27
270000,36,394,0,-4.291029e-13,7.395428e-12,2.8450364e-11,7.3250284e-14,1.3983118e-15,1.641259e-11
270000,366,465,0,-3.6372858e-13,5.920574e-12,3.0611635e-12,3.0526259e-15,4.7146893e-17,4.2129588e-11
270000,450,26,0,-1.0044257e-12,4.2816306e-11,2.9010756e-13,1.6124026e-18,6.5684605e-18,1.1169221e-10
270000,336,39,0,-8.8279443e-13,4.994717e-11,4.7305973e-19,6.880577e-29,1.7202277e-15,1.0382286e-10
270000,191,482,0,-1.1485999e-11,2.280978e-09,8.678572e-27,8.691e-42,4.1188084e-09,1.2830888e-10
270000,287,137,0,-1.8286348e-13,8.624112e-13,4.647103e-21,6.1455405e-34,1.4668181e-26,2.601849e-20
270000,92,72,0,-5.4262573e-13,8.3977105e-12,1.9279656e-12,1.8275777e-16,2.9271882e-19,2.3112158e-10
270000,43,366,0,-2.654573e-13,1.7783056e-13,3.9757004e-22,6.8988198e-34,2.7290707e-29,5.6937207e-12
270000,341,73,0,-6.3049023e-13,2.6010808e-11,7.8340454e-38,0.0,3.6138412e-16,9.842262e-17
270000,72,403,0,-7.295304e-13,1.875325e-11,4.438918e-14,3.9579306e-20,2.4669313e-18,1.9876085e-13
270000,430,411,0,-1.2094373e-11,2.2954054e-09,9.784361e-11,2.2044807e-12,4.119204e-09,2.320254e-12
270000,118,59,0,-1.2610298e-11,2.411106e-09,9.517269e-12,1.9430407e-14,4.120565e-09,5.2778723e-13
270000,197,148,0,-1.1266928e-11,2.2735278e-09,1.00346525e-33,0.0,4.1188084e-09,9.7866985e-11
270000,138,268,0,-3.7376146e-17,1.8869568e-26,5.445142e-38,0.0,0.0,6.109202e-17
270000,334,43,0,-1.1642033e-11,2.344448e-09,3.3255787e-16,3.7592772e-24,4.120981e-09,8.5153204e-11
270000,96,476,0,-7.44425e-13,4.634871e-11,2.8558394e-21,1.07028724e-32,1.15132895e-17,2.3066515e-10
270000,466,352,0,-6.3780215e-13,1.6029003e-11,3.0038542e-23,2.405725e-34,1.2104851e-20,5.0059876e-11
270000,116,490,0,-1.2234136e-11,2.38366e-09,6.049593e-12,3.4277096e-15,4.2459307e-09,1.0592532e-10
270000,25,409,0,-4.794096e-13,2.0293884e-12,1.9995729e-13,7.412831e-19,9.8551124e-23,1.7825288e-10
270000,130,39,0,-1.2255607e-11,2.3763491e-09,2.7946537e-15,2.7378123e-22,4.122615e-09,1.4851337e-10
270000,457,444,0,-1.4322859e-12,4.6474734e-11,6.3401846e-11,5.482012e-13,3.765773e-14,5.198186e-11
270000,202,105,0,-1.1121401e-11,2.2724882e-09,3.9766566e-17,1.7453104e-26,4.1188084e-09,3.3528884e-15
270000,241,411,0,7.438401e-12,7.520666e-12,8.964737e-19,3.2238442e-29,7.289445e-21,2.1831936e-10
270000,68,128,0,-1.2037549e-11,2.2899977e-09,6.0357336e-15,1.801111e-21,4.1188084e-09,2.2136726e-10
270000,39,173,0,-1.1303886e-11,2.2764428e-09,6.973953e-14,7.795941e-20,4.1188084e-09,1.8860644e-11
270000,94,472,0,-9.541186e-13,4.0562075e-11,1.5351745e-20,3.0450396e-31,2.881486e-16,4.7350717e-12
270000,401,495,0,-1.2676314e-12,2.1660191e-11,5.4955304e-14,5.599311e-20,3.772809e-20,2.3107369e-10
270000,285,19,0,-5.486479e-13,3.439873e-12,6.3755396e-17,1.5348717e-23,1.3780491e-21,9.4494456e-12
270000,369,143,0,-1.053877e-13,1.3802685e-14,1.7477058e-26,2.97e-43,2.1441102e-34,2.2023256e-12
270000,186,474,0,-1.2018582e-11,2.2879694e-09,4.2421475e-16,4.9718604e-22,4.1188084e-09,1.2317405e-12
270000,43,401,0,-1.1367451e-11,2.2781594e-09,1.0306695e-14,1.8475717e-21,4.1188084e-09,2.4053836e-12
270000,423,58,0,-1.1510845e-11,2.3065418e-09,1.0439488e-19,2.5424118e-31,4.118812e-09,8.474589e-11
270000,90,393,0,-4.128882e-12,2.3279068e-09,7.389866e-15,1.9155994e-21,4.1188084e-09,1.7463989e-11
270000,201,89,0,-1.6044592e-13,3.1715821e-12,7.0856196e-11,9.869254e-13,6.858193e-14,5.5556417e-11
270000,139,492,0,-5.818821e-13,2.0533379e-11,1.5006057e-17,5.5675626e-27,5.5140294e-18,6.7136607e-13
270000,13,318,0,-1.1751402e-11,2.3547275e-09,4.0180744e-15,4.647255e-21,4.1204595e-09,1.10519704e-10
270000,44,421,0,-1.2233515e-12,1.2266538e-10,3.024892e-14,1.9642469e-19,3.1380494e-13,1.1012946e-12
270000,303,67,0,8.485571e-12,5.847361e-14,9.244975e-16,3.715896e-22,1.2377456e-26,1.6307866e-10
270000,121,45,0,-1.177693e-11,2.2769409e-09,2.9758788e-18,2.0278326e-28,4.1188084e-09,7.4915947e-13
270000,455,426,0,-7.8582795e-13,1.9532936e-11,9.910056e-20,4.3162193e-30,1.3384225e-18,1.4611547e-10
270000,495,127,0,-1.2298109e-11,2.3971871e-09,2.2159881e-16,1.78675e-24,4.118937e-09,1.24600556e-11
270000,133,44,0,-1.2094427e-11,2.3601618e-09,1.1682356e-12,1.1907845e-16,4.1255666e-09,9.6953494e-11
270000,402,140,0,-1.1446304e-11,2.3472957e-09,1.4185477e-23,2.686529e-36,4.1207127e-09,5.328171e-13
270000,36,352,0,-1.1339932e-11,2.272179e-09,3.5135233e-13,5.840161e-17,4.1188084e-09,2.3267134e-10
270000,453,283,0,-5.460789e-13,1.9495941e-12,9.738263e-12,5.6760995e-15,3.2313384e-17,1.640889e-10
270000,176,487,0,-5.913799e-13,1.4698123e-12,1.0832411e-12,3.1294408e-16,1.6041024e-18,1.8240446e-12
270000,40,353,0,-1.1327705e-11,2.2722022e-09,2.860682e-12,3.1157787e-16,4.1188084e-09,1.9019066e-11
270000,346,497,0,-8.5715106e-14,2.0569902e-14,4.654794e-19,5.491145e-29,2.3078343e-33,2.0418287e-10
270000,306,77,0,-7.936415e-12,2.272072e-09,2.2796813e-25,7.6889e-41,4.1188084e-09,3.3557825e-15
270000,300,322,0,-1.0633214e-13,5.2703024e-13,0.0,0.0,2.288796e-29,2.2591607e-29
270000,382,496,0,-1.18221145e-11,2.3687878e-09,1.0099897e-12,3.3824633e-17,7.553387e-09,1.43126734e-11
270000,72,12,0,-1.1823791e-11,2.3403803e-09,4.595536e-15,2.530366e-22,4.118909e-09,7.3455235e-12
270000,234,240,0,-8.7704e-22,2.268323e-38,0.0,0.0,0.0,2.321079e-35
270000,40,467,0,-1.2266582e-12,2.4024407e-11,7.792148e-15,1.9522458e-21,2.388098e-18,6.158375e-11
270000,17,419,0,-1.2102812e-11,2.320823e-09,2.2941088e-14,2.2406118e-20,4.118823e-09,1.8748701e-10
270000,79,489,0,-6.255642e-13,8.6516426e-11,7.802669e-16,1.0928339e-22,1.1689308e-14,6.844984e-11
270000,463,422,0,-1.0945334e-12,1.5716524e-10,5.001714e-14,3.2709518e-19,1.4424265e-10,8.76318e-12
270000,18,494,0,-1.2581066e-11,2.3733346e-09,1.7015052e-10,6.7886204e-12,4.267662e-09,6.7239297e-13
270000,116,98,0,-1.3387925e-13,8.8219986e-14,2.449287e-16,4.7141523e-24,1.3228782e-29,1.748074e-13
270000,214,63,0,-8.2711165e-13,3.6485266e-11,7.936803e-27,1.48781e-40,2.7532572e-18,8.194524e-11
270000,477,457,0,-1.2266888e-11,2.4369213e-09,1.4106904e-19,2.1774155e-29,4.1213077e-09,4.7405004e-11
270000,452,449,0,-1.2910937e-11,2.4699305e-09,2.8659017e-12,3.1157856e-16,4.1194963e-09,4.2032464e-11
270000,34,57,0,-1.1978134e-11,2.3568048e-09,9.412333e-21,2.491887e-32,7.4039455e-09,4.2042225e-12
270000,151,457,0,-3.5022237e-13,1.0268604e-11,1.1459069e-15,6.6463397e-22,1.9603848e-20,3.766516e-14
270000,15,64,0,-1.2268485e-11,2.3701705e-09,2.2324085e-15,9.095172e-22,4.1188346e-09,1.4055455e-10
270000,182,200,0,-3.4949096e-15,6.685879e-19,0.0,0.0,0.0,5.93475e-12
270000,318,69,0,-1.1307558e-11,2.2720819e-09,1.4925291e-15,5.4138077e-22,4.1188084e-09,9.230962e-12
270000,493,480,0,-1.148527e-11,2.3289273e-09,2.7508525e-11,1.2070554e-13,4.1188155e-09,3.663583e-12
270000,475,412,0,-8.681688e-13,7.309981e-12,1.5761121e-15,6.036403e-22,2.0313492e-19,7.750241e-11
270000,454,387,0,-3.270926e-12,4.7201654e-10,6.6293217e-12,4.0799455e-15,2.1834274e-11,7.393562e-11
270000,126,177,0,-3.314946e-13,1.82419e-11,2.0903643e-12,1.7309676e-15,4.19816e-17,2.8094319e-10
270000,96,69,0,-1.1575536e-11,2.2748796e-09,2.1161651e-14,1.1306963e-19,4.1188084e-09,5.471757e-11
270000,81,319,0,-1.1273116e-11,2.2875197e-09,3.7645514e-16,2.6618918e-24,4.1188084e-09,2.0981016e-11
270000,39,453,0,-1.2093876e-11,2.4122861e-09,1.3347316e-12,2.5922647e-16,4.123428e-09,1.1699425e-10
270000,76,473,0,-1.1890902e-11,2.3049225e-09,1.822424e-14,1.608822e-20,4.1188084e-09,8.9287196e-11
270000,157,485,0,-1.1617139e-11,2.2796798e-09,1.4320639e-14,1.13668825e-20,4.1188084e-09,1.0670934e-10
270000,278,453,0,-5.9278564e-13,4.7309344e-12,2.7040424e-11,2.1328082e-13,1.3101126e-14,8.859373e-16
270000,49,62,0,-1.1560916e-11,2.2835296e-09,6.7192224e-11,8.014075e-13,4.1188613e-09,1.2704838e-11
270000,370,492,0,-7.7445575e-13,4.9612783e-11,4.1261836e-16,1.0469225e-24,1.1499248e-14,1.3262351e-10
270000,463,431,0,-1.2301307e-12,1.0385499e-10,1.6129959e-13,7.0389953e-19,8.3995256e-14,1.3265605e-11
270000,205,106,0,-3.5844334e-13,1.4246269e-12,2.5206638e-18,4.5617887e-29,5.5943796e-19,4.985488e-15
270000,41,181,0,-2.2361883e-13,9.366907e-13,1.1185848e-14,2.6390054e-21,6.0591583e-25,7.567654e-12
270000,20,156,0,-1.1779017e-11,2.290849e-09,1.4337842e-14,3.721758e-21,4.1188084e-09,1.9121065e-12
270000,315,392,0,-1.1306514e-11,2.3059292e-09,8.221504e-20,1.1319484e-30,4.118812e-09,2.2497977e-11
270000,458,182,0,-1.2284624e-11,2.340267e-09,2.6390595e-16,2.0879233e-23,4.118811e-09,2.0968546e-11
270000,160,1,0,-6.0543416e-13,2.4207025e-12,3.1746436e-20,9.40647e-31,1.5533347e-25,9.961986e-12
270000,497,257,0,-1.1553441e-11,2.3061566e-09,3.330176e-17,2.2271577e-25,4.118814e-09,3.800512e-12
270000,171,382,0,-1.1725752e-11,2.4726803e-09,2.2184259e-31,0.0,4.1204866e-09,2.1016027e-12
270000,23,449,0,-1.2400659e-11,2.3859592e-09,5.6099673e-14,5.5998544e-20,4.1190593e-09,1.0327438e-11
270000,468,20,0,-1.8586894e-12,3.8335615e-10,2.3997412e-14,5.632756e-20,2.0797744e-10,1.5762121e-10
270000,437,431,0,-1.22343325e-11,2.3595585e-09,2.1284574e-15,4.3201683e-22,4.1262327e-09,2.467906e-10
270000,471,313,0,-1.1294111e-11,2.2916915e-09,2.0448435e-12,3.276065e-16,4.1188084e-09,1.1167056e-12
270000,298,54,0,-9.241969e-12,2.2893771e-09,9.359667e-13,5.7332637e-16,4.1188084e-09,2.0334208e-14
270000,401,425,0,8.7395743e-13,2.6488423e-11,1.3944439e-15,1.8925789e-23,1.29955815e-17,5.772413e-11
270000,305,147,0,-5.728154e-13,2.9938066e-11,4.415645e-37,0.0,1.0598733e-16,4.3381653e-21
270000,123,111,0,-1.1113898e-11,2.2726836e-09,1.385342e-33,0.0,4.1188084e-09,5.0515703e-11
270000,463,83,0,-2.3028216e-12,1.07292945e-10,3.5314067e-13,6.0454053e-18,2.6161826e-14,9.340959e-11
270000,97,427,0,-1.2165438e-11,2.2817326e-09,2.1782038e-12,4.012965e-16,4.1188084e-09,1.3421889e-14
270000,209,253,0,-3.8642502e-19,4.5409285e-32,0.0,0.0,0.0,2.0946135e-14
270000,177,427,0,-2.2712424e-13,3.5739914e-13,1.8431495e-17,5.543693e-26,9.535529e-28,8.598872e-12
270000,208,75,0,-1.1339493e-11,2.2723052e-09,1.2406624e-22,1.6992374e-35,4.1188084e-09,5.5815626e-11
270000,223,209,0,-4.89123e-18,1.3672875e-27,0.0,0.0,0.0,6.9257565e-32
270000,370,195,0,-1.113472e-11,2.2719928e-09,3.6114768e-19,1.403286e-30,4.1188084e-09,5.0737117e-15
270000,284,175,0,-4.7511796e-14,4.5608167e-14,0.0,0.0,3.3761134e-22,1.194464e-25
270000,212,124,0,-1.11621086e-11,2.27212e-09,1.7892327e-25,1.49e-42,4.1188084e-09,8.151133e-17
270000,238,380,0,1.2107425e-11,1.9630272e-16,5.3835637e-21,4.7421074e-31,3.024516e-38,1.533088e-12
270000,400,65,0,-1.029607e-12,5.1905164e-11,1.7091812e-11,2.0147627e-14,7.0138717e-16,1.9693464e-10
270000,108,370,0,4.639668e-13,2.8497528e-13,2.4612177e-26,7.11684e-39,1.2274165e-30,3.206572e-15
270000,263,460,0,-4.0991199e-13,6.504419e-11,6.631304e-20,5.860021e-30,1.6311129e-13,2.952511e-11
270000,311,284,0,-1.104167e-11,2.271909e-09,0.0,0.0,4.1188084e-09,1.0566569e-34
270000,413,389,0,-1.1566627e-11,2.2937006e-09,2.1964346e-15,4.312514e-22,4.1188084e-09,7.401684e-13
270000,237,422,0,-2.971251e-13,1.416845e-11,4.7123455e-12,1.4580771e-15,1.2703431e-17,9.211496e-11
270000,230,312,0,-4.0793175e-14,7.137986e-15,0.0,0.0,1.0959892e-31,4.3889687e-23
270000,370,193,0,-1.1345017e-12,2.8524362e-11,1.8904719e-20,2.9941876e-33,2.4001519e-14,7.711216e-16
270000,293,210,0,-1.9782326e-20,1.5202021e-33,0.0,0.0,0.0,8.993149e-37
270000,326,43,0,-2.9913455e-13,4.7054206e-13,6.386791e-11,2.424799e-13,5.3500596e-15,2.0381097e-10
270000,415,296,0,-7.982845e-14,8.0224456e-14,3.1126762e-21,1.1465416e-33,1.5563697e-28,9.05457e-17
270000,257,358,0,-1.3889194e-13,5.269219e-13,1.6312578e-31,0.0,3.1874634e-26,2.1159547e-14
270000,188,195,0,-6.9573834e-15,1.589366e-17,0.0,0.0,2.80974e-40,1.0749441e-13
270000,2,277,0,-2.8306207e-13,6.238168e-12,7.6715517e-14,4.210401e-19,1.8572024e-21,2.6226446e-11
270000,33,82,0,-6.972777e-13,1.0952814e-11,4.272198e-16,3.155826e-23,1.3430983e-20,2.000863e-11
270000,377,353,0,-3.9581606e-13,1.7743222e-11,4.2879448e-17,2.6507422e-24,9.4078805e-20,4.186915e-15
270000,149,144,0,9.918155e-12,1.4042481e-13,2.2848127e-29,0.0,3.2990604e-30,9.554968e-11
270000,28,197,0,-6.792923e-13,5.4391186e-11,1.299269e-14,2.5910096e-19,1.8598863e-14,1.0034207e-10
270000,57,339,0,-6.4687974e-13,3.708002e-11,1.8043461e-17,1.8936082e-27,1.4580139e-15,2.1056568e-14
270000,232,235,0,-1.4046966e-20,9.877649e-35,0.0,0.0,0.0,4.4451503e-34
270000,218,467,0,-5.231054e-13,7.678784e-12,4.315899e-21,8.988266e-31,4.3741718e-24,7.051059e-12
270000,88,145,0,-9.719039e-13,3.7998188e-11,1.5261034e-25,4.334e-42,1.4977339e-17,4.2355408e-10
270000,168,439,0,-4.6026404e-13,2.0481753e-11,1.5500908e-13,4.6710347e-18,2.86028e-17,1.189428e-13
270000,427,171,0,6.0362174e-11,1.2619454e-11,7.391928e-13,1.6231211e-17,2.0524309e-19,1.02220246e-10
270000,165,36,0,-7.0466734e-13,5.5532738e-11,3.1860736e-22,1.2852328e-32,8.726581e-15,3.5438534e-11
270000,229,168,0,-5.591891e-14,9.082456e-14,1.8359904e-38,0.0,1.9260634e-28,1.1680253e-25
270000,239,467,0,-6.7378205e-13,1.00175215e-10,1.4522362e-13,1.4296545e-18,2.460421e-13,2.3971565e-12
270000,18,118,0,-1.1118334e-12,8.087463e-11,2.3830001e-14,1.8348551e-20,4.432178e-14,8.897776e-12
270000,436,303,0,-9.222825e-13,1.479247e-10,1.6820895e-14,2.7363593e-20,4.792467e-13,1.6128014e-10
270000,359,286,0,-1.758923e-13,1.8224745e-11,0.0,0.0,3.7919506e-18,3.0314939e-16
270000,246,159,0,-6.696198e-15,1.3505268e-17,4e-45,0.0,1e-45,5.6292515e-18
270000,259,319,0,-4.7242813e-17,3.0051582e-26,1.789192e-39,0.0,0.0,9.559498e-18
270000,398,396,0,-7.9532393e-13,8.8668795e-11,8.407557e-15,5.3725914e-21,2.6168792e-14,4.145904e-11
270000,373,211,0,-4.3696532e-13,3.606543e-11,1.1720703e-19,9.405937e-32,3.9856936e-15,2.3765753e-11
270000,101,136,0,-6.2499566e-13,1.7390919e-11,1.4567051e-30,0.0,2.844412e-18,1.148901e-13
270000,250,373,0,2.5906302e-12,3.8686076e-13,4.4787965e-14,4.3699636e-19,1.6932537e-22,1.8245907e-11
270000,361,395,0,6.842144e-11,1.035783e-15,3.2516428e-20,9.547737e-31,4.2073462e-38,1.280203e-12
270000,296,234,0,-5.3939104e-18,6.8637784e-29,4.7922833e-35,0.0,0.0,8.160733e-23
270000,305,366,0,-9.456127e-14,7.551131e-14,8.525957e-21,3.289451e-29,1.0685585e-34,8.0404314e-13
270000,239,352,0,-1.3512725e-14,8.3528486e-17,8.0210334e-17,3.5017725e-25,2.923617e-31,9.6529056e-11
270000,453,341,0,-4.79177e-13,1.1007914e-10,1.0328086e-27,5.2e-43,3.5123207e-09,4.7942284e-12
270000,151,20,0,-9.709309e-13,5.1381184e-11,9.8512685e-17,2.5835472e-23,6.73052e-16,2.5328504e-12
270000,295,238,0,-2.1878383e-17,1.0447672e-26,6.5671494e-35,0.0,0.0,2.374945e-19
270000,439,270,0,-3.8983918e-13,2.6574921e-11,1.3758671e-23,1.0360661e-38,1.4262113e-16,1.7106264e-11
270000,221,328,0,-5.845671e-14,1.4867237e-15,6.074659e-35,0.0,2.4854057e-37,5.1636775e-11
270000,341,278,0,-8.8458503e-14,9.632008e-15,0.0,0.0,8.612294e-33,7.005758e-11
270000,169,75,0,-5.3422766e-13,4.2216345e-11,1.3462418e-18,1.0794061e-27,7.090993e-15,5.774112e-12
270000,242,428,0,-4.0588355e-13,7.349883e-11,2.3164559e-14,6.43481e-21,1.346774e-13,1.944042e-10
270000,388,480,0,-8.9749475e-13,8.543111e-11,9.360923e-12,2.2120872e-14,1.1080027e-11,5.7876027e-11
270000,200,392,0,-1.6251381e-13,4.217007e-12,2.5331714e-12,7.312831e-16,3.489985e-18,5.7826546e-11
270000,393,272,0,-7.671494e-13,1.3788483e-10,3.386767e-36,0.0,3.3003535e-12,8.222956e-20
270000,430,262,0,-6.43871e-13,2.858601e-12,1.7203872e-21,8.778302e-33,1.1340714e-21,5.3932143e-11
270000,337,229,0,-1.6601443e-13,3.6207325e-13,8.2630915e-27,4.6e-44,6.343893e-30,1.406116e-17
270000,152,277,0,-4.7928e-18,2.0306524e-29,0.0,0.0,0.0,1.3281376e-11
270000,471,187,0,-8.217908e-13,5.1685996e-11,5.889102e-13,1.2903308e-17,2.2986036e-14,1.3966497e-10
270000,398,93,0,1.2557203e-11,4.5038254e-11,2.3575813e-19,1.1882986e-29,3.6268836e-16,1.8699098e-10
270000,253,77,0,-7.891364e-13,3.8212607e-11,1.88129e-17,1.0196316e-23,6.730446e-16,4.4082927e-12
270000,389,152,0,-3.8498084e-13,8.4627693e-13,1.2254024e-24,4.4568502e-38,4.7815433e-25,3.6894442e-11
270000,71,303,0,-2.2389934e-13,3.6774546e-12,9.0461965e-20,4.3113464e-29,8.0195694e-24,4.5216542e-11
270000,207,153,0,-7.5829973e-13,1.2243022e-11,1.0518887e-26,5.91e-43,1.2300349e-17,2.6115859e-14
270000,403,231,0,3.1371203e-13,1.8042487e-12,2.9525105e-21,3.4351024e-34,3.3828956e-23,2.3903626e-11
270000,131,232,0,-1.5186091e-16,1.2392384e-24,5.7540994e-21,2.58805e-32,1.30352e-40,2.8326007e-12
270000,273,269,0,-3.4190607e-17,1.081459e-25,0.0,0.0,0.0,7.5533427e-35
270000,345,95,0,-2.8054178e-13,2.332488e-12,3.6940324e-32,0.0,3.3062566e-25,5.4680475e-11
270000,368,378,0,1.5735523e-10,1.241253e-10,5.4999633e-12,1.9000774e-15,1.0520876e-10,2.697817e-11
270000,86,350,0,6.0198916e-14,4.382655e-12,3.256711e-17,1.2289906e-25,4.8076093e-23,7.2563126e-16
270000,225,147,0,-8.370317e-14,9.886625e-14,7.22171e-15,3.1730741e-21,1.0346591e-25,2.1803892e-26
270000,339,132,0,-1.9034839e-13,6.9095483e-13,2.9435142e-22,2.6960058e-35,1.8549312e-25,4.8206933e-12
270000,283,69,0,3.740702e-10,5.7707478e-11,7.391928e-13,1.6231211e-17,1.4800414e-15,1.7642321e-12
270000,96,175,0,-2.0246397e-13,2.6181711e-11,2.1489765e-14,3.6840834e-20,4.4062584e-17,3.508333e-12
270000,134,95,0,-7.628175e-13,1.2141367e-11,3.560076e-22,2.0908793e-35,2.2912916e-16,2.384788e-15
270000,200,74,0,-3.1628067e-13,5.4655594e-12,2.6587015e-20,3.7015377e-29,2.758343e-21,3.3696303e-11
270000,307,474,0,-8.2987904e-14,3.3003336e-15,4.2513486e-16,1.5391883e-22,5.471134e-27,2.1706307e-11
270000,331,433,0,-3.1156428e-13,5.1935133e-11,1.9321328e-17,1.919382e-27,1.1078944e-11,5.4072176e-13
270000,323,271,0,-4.304984e-14,8.791489e-15,1.21093e-40,0.0,4.555695e-37,1.685965e-26
270000,130,344,0,-8.239822e-13,1.00539736e-10,6.446367e-16,1.5174603e-22,1.2712226e-10,1.0313117e-15
270000,208,257,0,-3.1448927e-18,3.1149166e-29,0.0,0.0,0.0,2.5693022e-13
270000,301,294,0,-7.153792e-14,4.975125e-14,0.0,0.0,4.071589e-34,7.0228963e-37
270000,27,287,0,-1.6881195e-13,1.0278606e-12,3.6174656e-17,1.2413446e-25,6.660903e-24,9.034939e-13
270000,11,262,0,-1.4241352e-12,2.6873506e-10,4.3177264e-16,4.9839768e-23,9.780205e-11,3.2665847e-12
270000,356,176,0,-8.027615e-14,2.0681984e-15,1.4814378e-24,2.2000054e-37,2.1876853e-36,4.0080098e-16
270000,32,74,0,-9.222605e-13,7.014839e-11,2.346425e-18,1.3859893e-27,1.17110775e-14,1.11109066e-10
270000,326,103,0,-6.0273054e-13,6.211815e-12,3.1953469e-22,1.2852329e-32,2.582384e-22,8.417716e-12
270000,271,236,0,-8.747745e-21,2.1530473e-38,0.0,0.0,0.0,1.7509148e-34
270000,434,136,0,-2.0595266e-12,1.01705123e-10,4.830539e-15,6.766543e-22,4.163631e-14,1.04558784e-13
270000,393,306,0,-6.2596586e-13,1.1696032e-10,7.241912e-23,7.32851e-35,3.3003485e-12,2.7904046e-13
270000,422,244,0,5.0689986e-13,4.376494e-12,1.0154607e-12,9.4176505e-17,2.0067928e-19,7.968127e-11
270000,278,449,0,-2.7156242e-13,9.572664e-12,5.104173e-13,8.978705e-18,4.41711e-18,1.02801126e-16
270000,475,129,0,-5.440663e-13,2.2408433e-13,1.1842913e-17,9.862623e-27,1.6157246e-29,2.5807592e-10
270000,58,339,0,-5.255254e-13,4.0439017e-11,7.954531e-17,4.0381895e-26,3.358344e-14,1.4413912e-14
270000,9,271,0,-6.891547e-13,1.1228693e-11,7.2341226e-21,1.0776563e-33,3.6950166e-19,1.5295776e-10
270000,268,271,0,-2.678156e-18,2.8651693e-29,0.0,0.0,0.0,6.69765e-40
270000,256,62,0,-7.022324e-13,1.1362241e-11,1.0781243e-31,0.0,1.2536404e-18,2.2299064e-12
270000,284,43,0,-1.216408e-12,2.8026864e-10,3.7433588e-27,5.619e-41,6.502439e-11,1.9036294e-12
270000,252,254,0,-1.0889575e-22,6.49e-43,0.0,0.0,0.0,0.0
270000,62,162,0,-8.234563e-13,7.196681e-11,1.2814385e-14,2.28708e-20,2.199086e-15,5.159724e-11
270000,84,156,0,-2.9779618e-13,8.03172e-11,7.2097197e-31,0.0,5.4982364e-12,3.024619e-11
270000,237,129,0,-2.7097107e-13,1.147026e-11,4.4605015e-34,0.0,1.981781e-18,9.55731e-11
270000,237,273,0,-1.6200129e-20,3.350263e-37,0.0,0.0,0.0,1.1704167e-38
270000,132,259,0,-8.382854e-16,8.774192e-22,2.6413597e-25,7.465975e-39,0.0,4.815134e-19
270000,417,125,0,1.6294728e-12,1.4455865e-11,7.0267212e-12,4.8116787e-15,3.112822e-17,3.8549516e-14
270000,485,365,0,-1.056806e-12,2.9860385e-11,3.0598483e-16,6.9670534e-25,7.732732e-18,9.724732e-11
270000,298,396,0,-3.1076538e-14,6.8992766e-16,2.1038757e-17,8.747196e-27,7.746598e-34,1.0036538e-12
270000,155,347,0,-4.905694e-13,5.437154e-12,1.8735827e-24,1.056976e-39,2.4911309e-22,1.2989573e-12
270000,202,137,0,-7.383916e-13,1.5462832e-10,8.9586485e-29,1e-45,6.876257e-13,1.2764414e-13
270000,430,74,0,-8.75317e-13,6.002213e-11,1.5743687e-17,1.9215226e-26,1.8268667e-15,9.994462e-12
270000,287,139,0,-2.3635643e-13,4.65201e-12,7.2987885e-23,3.6726293e-37,1.6273957e-22,7.493385e-22
270000,394,152,0,-1.2227673e-12,5.324424e-11,1.7835667e-19,2.4299177e-29,1.3579332e-17,6.4035305e-11
270000,123,296,0,-2.6059792e-14,1.1362377e-15,1.911545e-28,1e-45,9.8e-44,7.0784293e-17
270000,317,263,0,-1.5569218e-14,2.5477512e-16,7.4165105e-33,0.0,1.3e-44,2.4613339e-22
270000,396,202,0,-9.229846e-14,4.1743567e-13,1.054742e-19,2.5943414e-30,7.1807666e-26,8.982083e-19
270000,337,313,0,-3.0017395e-13,9.597577e-12,0.0,0.0,8.726242e-20,1.06931e-10
270000,464,5,0,-1.2598988e-12,9.6337854e-11,1.9594318e-13,2.1727398e-18,1.2218771e-13,1.7563151e-10
270000,313,131,0,-1.1802629e-12,3.5767087e-11,4.173108e-18,1.2699324e-27,9.9818287e-17,4.1750726e-13
270000,394,346,0,-1.430518e-13,1.2000602e-11,1.2290485e-12,7.6955564e-17,2.44136e-19,2.07495e-11
270000,43,61,0,-7.2276397e-13,1.5723825e-11,7.0546602e-12,1.245776e-14,2.3382974e-16,3.77239e-14
270000,35,257,0,-9.543854e-14,3.5695252e-14,1.816134e-21,5.510257e-35,9.480592e-36,4.5364594e-15
270000,212,90,0,-1.3651961e-13,3.1019343e-14,1.3130975e-15,6.4824156e-22,2.5647774e-26,2.1329498e-10
270000,165,337,0,-4.4637438e-13,4.4326445e-11,9.860039e-32,0.0,7.4877686e-16,1.2921124e-14
270000,178,153,0,-2.2061149e-13,6.7445177e-12,6.223289e-28,4.37e-43,3.0222387e-21,2.2236967e-11
270000,439,116,0,-1.2048005e-12,9.242232e-12,1.4323477e-18,9.2385523e-29,1.5085441e-22,1.6240559e-15
270000,227,430,0,-2.536441e-13,9.450213e-13,2.6417358e-12,4.806808e-15,1.9243846e-16,1.5739907e-10
270000,63,194,0,-3.8519413e-13,6.586987e-11,1.2264963e-13,1.8101872e-18,8.824527e-12,4.2989314e-14
270000,211,222,0,-1.6497027e-14,3.8218833e-16,0.0,0.0,2.1677369e-36,1.0936279e-18
270000,211,195,0,-2.7017952e-15,1.7473946e-18,0.0,0.0,2.3825e-41,1.7762032e-28
270000,77,109,0,-9.329817e-13,1.07454184e-10,8.528065e-18,1.7490347e-26,1.1909604e-12,1.1281524e-10
270000,208,165,0,-3.4684464e-14,1.2238083e-15,1.7900011e-37,0.0,3.0986393e-35,5.196049e-19
270000,235,312,0,-2.8366586e-14,1.6972885e-15,0.0,0.0,6.4571443e-37,1.1450524e-23
270000,252,273,0,-3.3413172e-22,4.6111e-41,0.0,0.0,0.0,0.0
270000,247,151,0,-2.899107e-15,3.0962645e-19,4.87105e-40,0.0,0.0,6.026951e-14
270000,277,323,0,-9.955076e-15,2.7260697e-17,3.460213e-29,2.845e-42,0.0,9.4274615e-15
270000,443,415,0,-4.2635985e-13,5.5120784e-13,6.9605446e-11,9.8606e-13,6.8569994e-14,2.3207696e-11
270000,176,181,0,-2.9065262e-13,1.0099389e-12,1.091016e-39,0.0,1.3388453e-22,2.9887868e-09
270000,314,27,0,-3.1148445e-13,1.4026816e-11,5.5579196e-13,1.2830805e-17,5.6452326e-19,2.9870315e-11
270000,148,160,0,3.6400557e-13,2.2715947e-11,1.3531828e-24,2.516293e-36,9.037274e-18,2.9887863e-09
270000,307,58,0,3.6754267e-13,6.1476805e-12,2.930107e-18,9.012194e-28,5.0054634e-21,2.3194625e-11
270000,51,241,0,-6.94645e-14,3.2617175e-14,8.7867855e-20,6.848847e-32,6.237703e-31,3.0126053e-09
270000,440,146,0,-5.0117825e-13,9.25615e-12,3.4578263e-14,2.7485044e-20,3.34747e-18,1.4878823e-10
270000,449,343,0,-4.4719512e-13,1.3532673e-11,8.2639943e-22,9.3825395e-33,4.0344876e-19,8.653953e-13
270000,8,235,0,-2.951195e-13,1.8679348e-12,2.1743139e-10,5.755854e-11,4.825945e-11,3.1641516e-11
270000,292,7,0,-2.7588037e-13,2.4451073e-12,3.462586e-09,7.191879e-10,1.1532664e-09,2.528557e-12
270000,460,425,0,-9.835689e-13,8.108983e-11,2.639837e-15,9.489661e-21,6.086031e-15,3.0872016e-09
270000,173,234,0,-1.1879025e-18,2.1850653e-29,1.5283049e-24,3.255528e-36,1.4e-44,3.023162e-09
270000,10,481,0,-2.1975588e-12,1.1276438e-10,1.31184244e-17,3.3218851e-25,4.6323575e-15,3.1297216e-09
270000,165,90,0,-1.9893123e-13,2.3846868e-12,2.2825607e-23,2.5518147e-37,1.0435558e-21,2.9896101e-09
270000,181,498,0,-4.5609225e-13,3.568009e-11,1.4211526e-23,3.675366e-38,2.2138606e-16,2.9087055e-10
270000,472,469,0,-1.1131156e-12,6.4808805e-12,1.0220721e-13,4.3652616e-19,1.8273273e-19,1.7935783e-11
270000,58,159,0,-1.1932422e-12,1.05276385e-10,1.0483076e-14,1.5826796e-20,1.0095702e-13,3.0254454e-09
270000,12,464,0,-1.5634289e-12,3.6944267e-11,3.7133668e-11,1.8009597e-13,4.1941175e-15,3.0036467e-09
270000,383,139,0,-1.6127929e-13,1.4259422e-12,2.87371e-40,0.0,1.4207966e-22,2.9887868e-09
270000,79,438,0,-9.980822e-13,8.6358844e-11,1.8188898e-14,1.2496149e-20,1.7974029e-14,2.996459e-09
270000,90,18,0,-1.4252329e-12,7.732166e-11,3.462891e-09,7.191879e-10,1.1532667e-09,3.980687e-11
270000,238,337,0,-1.3826286e-14,1.3365314e-16,3.61239e-30,0.0,0.0,3.0019986e-09
270000,37,356,0,-3.468413e-13,2.7346425e-13,8.850722e-16,3.3216004e-23,1.7043564e-21,3.1624054e-09
270000,480,298,0,-5.8081664e-13,6.784048e-11,9.104375e-14,8.6017845e-19,1.7819038e-10,5.1141813e-11
270000,174,178,0,-4.861045e-13,3.0992784e-12,1.4843952e-34,0.0,6.9282645e-20,3.0140858e-13
270000,246,434,0,-3.0322205e-13,1.0686295e-11,3.412725e-11,1.2763885e-13,2.7306434e-15,2.9966143e-09
270000,211,22,0,-9.802471e-13,1.0743061e-11,6.1673953e-22,5.4413185e-33,5.874052e-23,3.1991207e-09
270000,238,57,0,-1.0576379e-12,1.0572744e-10,2.485315e-21,2.8303672e-33,3.84682e-14,4.1506455e-11
270000,82,83,0,-7.959198e-13,4.9397424e-11,8.842844e-13,2.1351456e-17,1.3985565e-15,2.9964473e-09
270000,81,145,0,-5.2067584e-13,3.4429907e-11,1.3394168e-21,1.8032566e-33,2.1183957e-16,1.8858094e-10
270000,165,244,0,-4.923701e-22,1.08597e-39,2.8446586e-18,5.8282376e-27,3.9394816e-33,5.6778286e-17
270000,294,344,0,-9.469649e-14,6.443475e-13,3.5081237e-33,0.0,2.9137049e-24,1.541287e-20
270000,177,5,0,-8.8360233e-13,1.0619802e-10,2.1444492e-18,1.5208451e-28,1.6029255e-14,3.0701939e-09
270000,230,193,0,-3.8070636e-18,2.7145355e-27,2.552343e-39,0.0,0.0,4.438198e-28
270000,91,495,0,-5.364683e-13,3.412868e-11,2.594396e-10,5.4774966e-11,4.130068e-11,2.99751e-09
270000,120,247,0,-5.0945535e-14,4.006415e-14,1.3366761e-18,7.707634e-28,7.890562e-34,5.899485e-20
270000,449,32,0,-9.38951e-13,4.6103824e-12,8.319414e-13,1.9914474e-17,9.684522e-21,1.9310577e-11
270000,492,166,0,-4.344074e-13,5.455251e-11,6.9323274e-22,4.367813e-36,6.280054e-14,5.5893477e-11
270000,53,423,0,-1.7304789e-12,1.5674931e-10,6.120603e-15,4.1577477e-20,4.9087904e-12,2.9986287e-09
270000,437,61,0,-1.5867157e-12,8.5717516e-11,9.347556e-15,6.333159e-20,1.4398698e-15,3.0282572e-09
270000,125,420,0,-1.7097497e-12,7.2778686e-11,4.432753e-12,1.914236e-15,2.7997514e-14,2.991225e-09
270000,254,33,0,-6.430511e-13,5.2445274e-11,5.934499e-15,1.389785e-21,7.550902e-15,3.6546766e-09
270000,297,478,0,-2.8472821e-13,1.6841051e-11,2.4449827e-21,2.498585e-33,2.1862363e-19,2.991423e-09
270000,43,214,0,-3.627539e-13,5.36028e-12,4.0296143e-12,3.4698639e-16,5.524534e-19,3.1471656e-09
270000,409,51,0,-6.5337487e-13,1.2836026e-11,3.49383e-09,7.192307e-10,1.153267e-09,1.3180791e-10
270000,51,479,0,-1.2471029e-12,2.3113284e-11,3.462259e-09,7.191878e-10,1.1532664e-09,1.13660005e-10
270000,415,191,0,3.1139245e-12,2.251362e-11,2.4328997e-24,9.121923e-39,1.2504675e-17,2.9923157e-09
270000,66,348,0,-3.7622046e-13,2.2104225e-11,3.044972e-19,4.6678427e-29,1.6721047e-17,2.9902485e-09
270000,336,90,0,-3.373134e-13,6.0945806e-12,1.6216026e-35,0.0,6.049518e-22,2.1464272e-14
270000,301,102,0,-1.2611488e-13,3.1428805e-14,4.292926e-35,0.0,2.683441e-28,3.0008611e-09
270000,214,121,0,-3.4197008e-13,1.6028244e-12,2.5966466e-25,1.0122e-41,3.3761136e-21,3.532757e-15
270000,1,1,0,-6.563062e-14,2.1898941e-11,1.3450895e-18,2.4222746e-27,4.6786715e-14,2.759986e-10
270000,44,278,0,-2.4436892e-13,1.6552234e-11,7.389874e-15,1.9155994e-21,9.102321e-18,1.933101e-13
270000,45,203,0,-5.0051727e-13,2.3766721e-11,3.0050764e-11,8.5194215e-14,1.6864993e-15,3.851373e-09
270000,173,249,0,-1.4578187e-20,1.3621678e-36,3.7433429e-10,3.8941333e-11,2.2860182e-11,3.0201944e-15
270000,62,271,0,-8.295393e-15,9.000389e-18,1.0197179e-16,2.0054013e-23,5.372787e-28,3.0427487e-09
270000,23,90,0,-1.488171e-12,1.9627196e-10,6.271423e-20,7.14692e-31,1.6213478e-10,3.1138716e-09
270000,131,406,0,-1.660146e-13,6.462375e-13,3.462259e-09,7.191878e-10,1.1532664e-09,9.350371e-11
270000,491,102,0,-1.0382794e-12,2.8870262e-11,2.1381768e-12,3.728554e-16,1.7623975e-16,2.9936502e-09
270000,19,394,0,-5.18152e-13,9.0406155e-11,2.0980512e-11,3.5992473e-14,3.07526e-09,1.04216864e-10
270000,313,74,0,-2.8855e-13,8.298732e-12,5.085588e-21,1.0540938e-31,3.5816953e-20,2.9894918e-09
270000,27,350,0,-7.208847e-13,9.953156e-11,5.67808e-13,2.1083122e-17,3.061554e-12,5.176779e-11
270000,344,489,0,-1.2412615e-13,6.357613e-14,4.2461583e-17,2.6505728e-24,2.4175329e-29,3.0544858e-09
270000,418,382,0,-3.7798288e-13,6.2000995e-11,4.231442e-14,1.7208717e-20,3.060096e-12,2.9889693e-09
270000,44,151,0,-1.3071975e-12,1.9992581e-10,5.29487e-12,7.4112825e-15,7.340426e-11,2.990126e-09
270000,38,182,0,-2.5145316e-13,8.86965e-13,3.9475712e-13,3.145874e-17,5.3248792e-20,2.0839983e-12
270000,86,98,0,-3.633598e-13,7.7889567e-13,3.5924517e-17,2.1471382e-24,2.8615548e-29,2.914295e-10
270000,437,25,0,-1.2753686e-12,1.1320149e-10,3.4895178e-09,7.1940115e-10,1.153281e-09,6.8381044e-11
270000,20,401,0,-3.0848756e-13,3.675518e-12,1.424592e-12,4.7916797e-16,2.5932766e-18,3.0663228e-09
270000,369,4,0,-4.6450213e-13,9.226777e-12,1.0523568e-14,2.4419653e-20,4.0636887e-21,2.9960925e-09
270000,53,65,0,-3.098326e-13,7.4823096e-13,9.009557e-15,1.5494652e-21,2.654824e-25,1.3216472e-10
270000,286,312,0,-9.731737e-14,5.263243e-13,2.4356148e-24,8.7337286e-36,2.288796e-29,9.285018e-18
270000,160,260,0,-1.1329213e-20,3.7584186e-37,2.3019444e-28,7e-45,0.0,2.6980613e-14
270000,287,72,0,1.0776249e-09,5.464133e-11,1.678309e-17,4.5690535e-27,7.46682e-16,2.9907365e-09
270000,493,142,0,-1.0306479e-12,5.9192914e-11,5.9251687e-13,7.833116e-18,1.6556473e-16,3.0814016e-09
270000,216,316,0,-1.13452e-13,6.093224e-14,0.0,0.0,8.791702e-33,2.9887866e-09
270000,434,388,0,-8.4326356e-13,1.4023062e-10,2.6792248e-16,1.1458195e-22,5.1283253e-12,1.7821011e-10
270000,177,347,0,-5.0726e-14,6.7926987e-16,2.7804443e-29,0.0,4.0695e-41,3.000454e-09
270000,369,273,0,-2.5449356e-14,7.603065e-17,0.0,0.0,0.0,2.9887868e-09
270000,30,150,0,-9.759929e-13,1.3408556e-10,5.1377702e-15,6.796206e-22,1.340785e-10,4.2857267e-12
270000,203,70,0,-4.670885e-13,3.3910756e-12,6.391474e-20,1.4837774e-30,2.7437287e-25,2.273762e-12
270000,370,471,0,-3.8320852e-13,3.3041417e-11,5.3777932e-14,1.9337886e-18,1.1540864e-16,3.0000573e-09
270000,157,468,0,-6.887332e-13,1.3144556e-11,3.0660584e-14,2.6425175e-20,1.8915501e-17,2.705665e-11
270000,444,51,0,-8.4995346e-13,1.954051e-11,2.2228356e-12,2.3403465e-16,4.6233844e-19,3.1087737e-09
270000,157,29,0,-5.055716e-13,6.608553e-11,2.9513772e-13,3.1014826e-17,3.1781136e-09,3.0013267e-09
270000,273,488,0,-5.2647193e-13,3.79425e-12,1.916481e-11,2.915579e-14,4.816661e-16,1.1167012e-12
270000,420,313,0,-7.035466e-14,2.862975e-14,9.86962e-11,3.418279e-12,6.873658e-13,2.9938936e-09
270000,141,82,0,-7.58367e-13,3.459293e-11,3.71488e-19,8.501715e-28,1.8277879e-16,2.9887863e-09
270000,430,411,0,-1.2094373e-11,2.2954054e-09,9.784361e-11,2.2044807e-12,4.119204e-09,2.320254e-12
270000,172,131,0,-1.6932728e-13,1.5757328e-13,2.0993724e-13,2.7775215e-18,1.1454326e-21,4.8818965e-12
270000,457,449,0,-1.0531629e-12,1.2359226e-10,8.8980455e-12,4.677974e-15,3.3592182e-09,3.0897231e-09
270000,76,101,0,-7.999431e-13,5.2958297e-11,2.5582788e-11,1.8670636e-13,1.7579656e-14,5.9293976e-12
270000,119,169,0,-7.7173283e-13,3.905678e-11,2.1830227e-24,5.541431e-38,2.3156097e-16,1.9383117e-16
270000,320,349,0,-2.1831366e-14,3.922741e-16,3.0209143e-36,0.0,1.0772297e-37,1.2359006e-13
270000,308,394,0,-2.0057889e-13,1.9605963e-11,5.815447e-17,2.6148354e-26,4.6223974e-17,3.007404e-09
270000,49,327,0,-4.912974e-13,1.0892506e-11,4.4510602e-14,3.3511082e-19,2.4947128e-18,2.9891258e-09
270000,272,178,0,-5.9761013e-17,1.0414716e-20,3.392754e-31,0.0,0.0,2.9080946e-20
270000,287,377,0,-8.079626e-15,6.5935088e-18,1.9303979e-24,9.402413e-39,0.0,2.9908651e-09
270000,259,478,0,-2.5185507e-13,2.8874138e-12,9.88479e-12,2.4722093e-14,5.295498e-16,2.9894616e-09
270000,183,57,0,-5.15494e-13,4.0030486e-11,2.3306984e-14,1.8289111e-19,5.9768004e-15,2.988814e-09
270000,217,299,0,-1.1752604e-13,1.2949955e-13,0.0,0.0,2.0094773e-32,1.7695157e-18
270000,100,348,0,-1.191726e-11,2.4214466e-09,5.8945764e-17,2.291279e-25,4.120063e-09,3.081801e-13
270000,176,397,0,-1.4573075e-14,4.523991e-18,8.31369e-34,0.0,0.0,5.105627e-13
270000,265,327,0,-1.9339715e-15,7.086852e-20,3.855e-42,0.0,0.0,2.5854371e-14
270000,173,253,0,-9.6922833e-20,4.8710144e-34,8.086673e-13,1.3455215e-16,5.548987e-19,3.4956948e-14
270000,258,368,0,1.3981307e-13,3.362737e-15,7.7108354e-22,8.1220093e-35,9.894504e-39,2.796527e-11
270000,321,496,0,-1.5455203e-13,2.7456184e-13,1.7890967e-17,1.8270787e-27,3.222319e-30,3.3529763e-13
270000,450,348,0,-5.557082e-13,1.7313635e-11,1.5175378e-19,1.0408438e-27,9.102321e-18,6.715668e-12
270000,139,240,0,-3.7322502e-17,2.6121003e-26,3.6498332e-26,4.19179e-40,0.0,1.8777914e-13
270000,413,347,0,-3.8561453e-13,1.848413e-11,1.1173543e-31,0.0,1.2460175e-17,1.0567918e-15
270000,459,234,0,8.6731655e-12,3.4200247e-11,1.535339e-20,1.1221363e-31,1.3014944e-17,6.1939676e-11
270000,193,312,0,-9.784344e-14,1.2844161e-13,7.5985917e-29,0.0,1.2914714e-29,2.4659533e-16
270000,465,35,0,-1.264995e-12,1.00357986e-10,3.1341496e-13,1.0478322e-17,2.1921731e-14,3.4014493e-11
270000,309,88,0,-8.386987e-14,3.2799553e-12,7.549184e-32,0.0,1.7706646e-23,1.06907674e-13
270000,374,264,0,-1.6512547e-13,2.386906e-12,0.0,0.0,1.588972e-24,1.3631757e-11
270000,436,477,0,-7.5076295e-13,5.0546147e-12,2.304533e-15,2.4443685e-20,3.0693677e-22,3.090408e-09
270000,205,65,0,-7.904621e-13,9.625194e-11,5.4381145e-18,1.5436521e-26,2.7819313e-13,7.441069e-13
270000,383,380,0,5.6215e-12,8.312493e-11,4.196876e-21,4.839899e-30,5.134658e-14,2.9894314e-09
270000,458,267,0,-3.258562e-13,5.029277e-12,3.684051e-10,5.2732863e-11,3.5714095e-11,1.1622654e-10
270000,11,280,0,-2.0466353e-13,2.2810078e-12,1.0808724e-15,1.310943e-23,6.2645954e-25,1.119519e-10
270000,358,20,0,-8.277896e-13,2.5351284e-11,1.9717704e-14,3.595425e-19,3.437818e-18,3.0763998e-09
270000,113,482,0,-1.353924e-12,1.0803545e-10,4.531163e-13,1.4133895e-17,7.697068e-15,2.992352e-09
270000,481,101,0,-8.5983884e-13,6.673885e-11,3.5100034e-10,4.3950538e-11,2.7323477e-11,3.1477136e-09
270000,59,87,0,-4.302629e-13,2.6029396e-12,2.21196e-28,0.0,1.08039305e-23,4.5686187e-13
270000,333,58,0,-4.1781338e-13,7.0193447e-12,2.5741134e-20,7.7940083e-32,7.980299e-21,2.9931366e-09
270000,435,314,0,-6.574597e-14,2.7380218e-14,2.5768032e-13,3.2087058e-18,1.287054e-21,3.710119e-12
270000,305,64,0,3.0953773e-12,1.4298175e-13,5.1238355e-18,1.6561494e-26,1.9187528e-32,3.0299623e-09
270000,392,168,0,-4.961958e-13,6.6128575e-11,5.874654e-29,0.0,1.663695e-10,2.9887903e-09
270000,301,138,0,-3.9887988e-13,3.9104583e-12,5.67061e-33,0.0,1.6426858e-23,7.3770714e-20
270000,46,402,0,-6.851775e-13,1.0030527e-11,1.3641275e-17,3.824508e-27,6.7374156e-19,3.095752e-09
270000,351,411,0,1.9058455e-14,1.5132456e-12,8.209422e-21,2.1815715e-31,7.028175e-25,2.8087716e-14
270000,113,421,0,-8.764919e-13,1.3688712e-11,6.164366e-19,6.774289e-29,3.741079e-21,2.9937672e-09
270000,283,434,0,-8.2313435e-14,1.9310459e-14,1.5307803e-14,8.454046e-21,2.9352018e-25,2.9887868e-09
270000,330,332,0,-6.015303e-14,1.885505e-14,0.0,0.0,1.0905519e-37,2.367605e-16
270000,330,31,0,-1.22757395e-11,2.3170705e-09,1.9262291e-19,1.8283348e-30,4.118809e-09,7.07648e-11
270000,311,119,0,-2.129886e-13,9.3314774e-14,1.7489565e-23,1.4760205e-38,2.8183895e-26,2.0500557e-13
270000,110,137,0,1.4028167e-12,8.0330395e-12,8.9228e-41,0.0,8.969992e-22,1.5017353e-13
270000,10,257,0,-1.3524827e-12,7.1050915e-11,6.465915e-12,1.0592081e-14,3.5266454e-15,3.61485e-11
270000,37,79,0,-7.4766636e-13,1.02620884e-10,1.8699651e-11,9.742546e-14,2.8545573e-14,1.4579131e-11
270000,68,471,0,-1.0009555e-12,1.7644432e-10,5.4723315e-16,2.017502e-23,3.4405265e-12,9.001961e-11
270000,215,345,0,-9.892582e-14,1.6690579e-12,1.04662316e-19,2.8425327e-31,4.9737753e-23,1.4490025e-16
270000,191,338,0,-1.9609395e-14,2.2730222e-17,0.0,0.0,3e-45,1.2153762e-12
270000,462,404,0,-9.314604e-13,1.5790596e-11,1.2518573e-14,7.1616926e-21,8.956059e-19,2.6105656e-11
270000,207,375,0,-1.09456494e-14,2.0518982e-18,1.2254024e-24,4.4568502e-38,0.0,5.762938e-14
270000,116,327,0,-7.8118203e-13,6.79643e-12,2.387678e-11,7.522237e-14,1.5585553e-15,7.2902014e-13
270000,353,191,0,-3.8624152e-13,1.52527e-11,2.3206694e-29,0.0,1.2339538e-18,2.6909563e-19
270000,19,130,0,-4.97912e-13,7.108426e-12,2.183981e-20,1.4042286e-31,2.0350519e-22,1.7356001e-10
270000,188,468,0,-1.36762e-12,1.0186362e-10,1.25409474e-11,1.3850418e-14,9.856672e-13,4.071172e-11
270000,358,87,0,-8.920514e-14,5.364452e-13,2.5942018e-29,0.0,2.71179e-30,9.820555e-11
270000,426,216,0,5.396418e-10,3.8397868e-13,1.1896384e-13,2.1199684e-18,2.2039343e-21,2.1197761e-12
270000,175,24,0,-3.1748638e-13,2.5473295e-13,2.7906255e-17,1.2185965e-26,1.8523519e-31,2.991293e-09
270000,398,483,0,-1.1664399e-12,1.7919183e-10,4.3578064e-13,2.5337738e-17,3.5519778e-09,1.6624797e-10
270000,349,156,0,-4.087314e-13,7.775438e-12,6.2573483e-15,3.5808334e-21,4.5967477e-21,6.8537065e-13
270000,68,435,0,-8.8817555e-13,1.6272563e-11,1.0867268e-12,3.129445e-16,1.6141975e-18,3.3614604e-09
270000,481,430,0,-9.7324e-13,9.705805e-11,2.2268439e-13,4.314648e-18,5.498237e-12,1.4088719e-10
270000,169,181,0,-1.330296e-13,3.4270723e-13,1.3445236e-33,0.0,9.521839e-28,2.9887939e-09
270000,420,429,0,-1.6146856e-12,1.0174709e-10,6.7636057e-16,8.423554e-24,9.8814626e-14,1.6832579e-11
270000,89,276,0,-8.813192e-14,2.0864236e-13,3.4622607e-09,7.191878e-10,1.1532664e-09,8.098214e-11
270000,173,35,0,-4.2519203e-13,2.3996161e-11,2.2647023e-25,1.4883e-41,4.260145e-16,8.615599e-13
270000,199,422,0,-1.2145084e-12,1.5485384e-10,3.462259e-09,7.191878e-10,1.1573409e-09,1.8994015e-15
270000,171,449,0,-3.9907354e-13,5.634524e-11,7.075053e-17,1.6320727e-24,1.4022029e-13,3.0008422e-09
270000,36,471,0,-1.0740272e-12,5.0793165e-11,3.462259e-09,7.191878e-10,1.1532669e-09,6.312183e-11
270000,148,76,0,-5.336842e-13,1.7035056e-11,4.8843164e-15,1.8897224e-21,1.6918374e-19,1.778663e-14
270000,19,174,0,-3.358238e-13,4.0638075e-12,2.99406e-21,6.294758e-33,2.8110622e-21,4.3708002e-11
270000,224,472,0,-5.4572606e-13,9.963585e-11,9.785052e-25,2.9771732e-38,1.8418901e-10,2.996459e-09
270000,355,374,0,2.0760905e-11,4.739757e-12,2.4156912e-14,5.470599e-19,4.5208635e-21,2.9887863e-09
270000,88,99,0,-3.7136364e-13,2.8526144e-12,3.6985908e-19,1.8591298e-28,3.2862445e-24,3.0928449e-09
270000,3,442,0,-3.1712737e-13,7.967609e-14,7.493919e-12,1.1240387e-15,2.0120139e-18,1.4007139e-10
270000,368,187,0,-1.3864307e-13,4.2383347e-14,1.1772587e-26,4e-45,2.6632323e-28,2.1692747e-12
270000,15,325,0,-7.496902e-13,2.2256965e-11,1.0518921e-17,3.4794035e-27,1.6535772e-20,5.3461194e-12
270000,83,7,0,-1.582377e-12,1.6282993e-10,2.1791932e-13,4.3089633e-18,1.5944942e-12,2.3537557e-11
270000,229,405,0,2.4012491e-12,9.610108e-12,1.5080625e-15,6.522888e-22,1.61542e-20,2.0541024e-11
270000,271,432,0,-1.0727472e-14,4.8373733e-18,8.878093e-12,4.6779038e-15,2.5874875e-17,3.2702728e-13
270000,103,475,0,-1.1489113e-12,1.027636e-10,2.9117033e-15,6.651219e-22,5.942655e-12,3.0399245e-09
270000,49,432,0,-1.0690406e-12,2.7828123e-11,9.33188e-11,1.2721406e-12,1.9322506e-13,2.9957343e-09
270000,435,420,0,-1.017167e-12,1.2772632e-10,1.2758647e-10,6.394645e-12,1.1426802e-10,3.1932679e-09
270000,236,37,0,-6.126899e-13,2.3357462e-11,4.1251654e-18,1.568385e-26,1.059793e-16,3.1526244e-09
270000,180,216,0,-3.6102503e-16,1.2183024e-21,1.9528753e-38,0.0,0.0,6.397015e-11
270000,410,300,0,-2.1594964e-14,1.3211186e-16,3.2984164e-15,1.9884812e-21,7.4311726e-26,2.2328143e-16
270000,357,46,0,-1.1992388e-11,2.2873037e-09,8.20804e-13,2.1563699e-17,4.118809e-09,9.197735e-11
270000,42,287,0,-7.6409006e-14,2.7048087e-15,1.0311526e-16,8.137976e-25,8.306193e-31,1.0232002e-12
270000,146,416,0,-2.320937e-13,2.4436989e-11,4.4189146e-14,5.575097e-20,1.8200414e-17,1.266989e-10
270000,442,297,0,-1.0876425e-12,8.3378304e-11,3.688937e-17,7.367334e-25,5.816984e-15,4.972953e-12
270000,255,403,0,4.7799622e-11,7.449567e-15,7.0267173e-12,4.8116787e-15,2.9672517e-17,7.5207603e-13
270000,469,245,0,-3.6124548e-13,9.112494e-12,8.624503e-12,2.7456995e-14,1.2721507e-15,1.6859404e-10
270000,364,345,0,-5.914617e-13,5.4290756e-11,3.3556648e-15,4.3709734e-21,3.178301e-16,2.606538e-13
270000,441,298,0,-9.829909e-13,6.70279e-11,1.5301505e-16,3.653565e-24,1.4993274e-14,4.4896187e-12
270000,342,128,0,-2.8964887e-13,5.128402e-12,1.23142954e-23,5.197567e-37,1.1935206e-21,2.1932042e-12
270000,448,406,0,-7.517832e-13,1.5017312e-11,2.2764837e-14,1.9082473e-19,4.6797198e-21,1.6341768e-11
270000,168,289,0,-1.03493635e-16,8.099691e-24,7.589894e-27,4.23e-43,0.0,2.5923253e-15
270000,56,199,0,-3.971576e-13,8.064389e-12,9.536385e-11,2.803495e-12,5.3318846e-13,2.3090687e-11
270000,244,169,0,-3.700644e-15,5.417024e-19,2.98945e-40,0.0,0.0,6.210191e-16
270000,109,183,0,-1.8107216e-13,1.5779268e-12,4.2829956e-24,9.687769e-39,4.8363688e-26,3.7823786e-11
270000,207,196,0,-7.571979e-15,2.8950034e-17,0.0,0.0,5.61933e-40,5.038502e-25
270000,418,337,0,-4.430473e-13,5.277789e-12,3.6046564e-23,3.146388e-35,2.8749027e-22,1.686869e-13
270000,366,209,0,-4.3179463e-13,2.5564526e-11,7.346568e-24,1.750077e-39,2.4913754e-17,4.424885e-13
270000,231,367,0,2.7377248e-14,2.0646877e-15,1.859103e-17,5.185984e-25,6.31198e-30,1.3516267e-13
270000,487,95,0,-1.0846997e-12,3.41874e-11,5.69013e-11,2.486704e-13,1.25204954e-14,3.371926e-11
270000,472,221,0,-1.9021274e-13,2.1365307e-11,2.1285985e-15,4.3119233e-22,9.104134e-18,1.7203478e-11
270000,265,63,0,9.284024e-13,1.5569624e-11,6.5141993e-22,9.817251e-34,1.7749532e-17,1.3796101e-14
270000,444,393,0,-7.300953e-13,1.1032977e-11,4.8566226e-15,2.456811e-22,2.6023863e-21,1.3092454e-10
270000,61,306,0,-3.699109e-13,2.1497322e-12,3.6956376e-16,5.517504e-22,6.795504e-24,4.826379e-11
270000,222,410,0,-8.1656544e-14,2.0843177e-12,4.058822e-15,7.0655487e-22,1.6571321e-24,2.9906515e-09
270000,232,469,0,-5.682182e-13,4.8611254e-12,3.2124183e-21,1.4129402e-32,9.198897e-22,1.29601815e-11
270000,493,429,0,-9.08541e-13,1.1950286e-11,2.8781562e-13,2.3692777e-18,1.12680676e-20,2.9931967e-11
270000,426,374,0,-7.726101e-13,1.4904719e-10,4.8215533e-13,9.789083e-18,3.551973e-09,3.0386065e-09
270000,423,373,0,-6.285277e-13,6.241367e-11,7.190128e-11,8.074907e-13,5.3970537e-14,8.3752024e-12
270000,38,499,0,-2.1138928e-12,5.919402e-10,4.2331983e-16,1.4995905e-21,1.4558184e-10,1.6467261e-10
270000,397,9,0,-8.102016e-13,7.5765734e-11,1.4658224e-11,1.8132866e-14,1.0094945e-13,7.3156474e-11
270000,68,106,0,-7.1657936e-13,3.2189862e-11,1.3054428e-11,1.11849235e-14,1.6021828e-16,9.108505e-11
270000,491,174,0,-2.3349348e-13,1.0211319e-11,1.8218252e-16,1.7662395e-24,5.356247e-19,4.2252882e-13
270000,341,477,0,-4.858944e-13,2.0575792e-12,3.48539e-14,2.7772327e-20,8.1947716e-23,2.9898635e-09
270000,7,368,0,-9.814168e-13,6.7894496e-11,6.507527e-12,4.07864e-15,1.9929317e-15,3.1730467e-09
270000,373,4,0,-4.2610503e-13,2.0755517e-11,1.4539762e-15,1.5517977e-22,4.569667e-16,5.568613e-13
270000,20,314,0,-5.3713246e-13,3.0952248e-11,2.2346123e-15,1.7825297e-22,8.220269e-18,1.6664684e-11
270000,66,88,0,-9.607796e-13,2.47065e-10,5.26857e-23,6.076325e-37,3.6464025e-09,2.5653155e-10
270000,298,72,0,4.8640255e-11,6.850348e-12,7.1020553e-15,3.439338e-21,3.4843988e-20,8.925229e-11
270000,5,180,0,-4.970413e-13,1.1648757e-11,1.3489403e-21,6.3455715e-34,4.8603175e-20,5.890656e-11
270000,76,444,0,-8.2446734e-13,2.958829e-11,4.9103823e-16,3.388426e-24,2.1316311e-16,3.1692338e-09
270000,481,61,0,-9.845429e-13,3.0297043e-11,2.1085675e-11,3.5992934e-14,1.0599813e-14,3.152807e-09
270000,97,59,0,-3.2433054e-13,5.345241e-12,2.631998e-12,5.775309e-16,2.5343606e-18,3.04009e-09
270000,443,10,0,-5.223386e-13,5.762845e-13,3.6424002e-14,1.3882294e-19,2.9291822e-23,1.6413443e-10
270000,447,464,0,-1.6317567e-12,1.5131667e-10,4.7506456e-12,3.1223102e-15,1.5945245e-12,6.1048014e-11
270000,484,279,0,-1.6824746e-13,5.038237e-14,9.983109e-13,3.3866094e-17,1.810033e-20,2.9916296e-09
270000,479,242,0,-4.8078756e-13,4.7605227e-12,2.1981021e-17,8.790564e-25,1.9073226e-20,3.5080203e-12
270000,29,474,0,-1.2693748e-12,1.2644039e-10,6.123468e-11,5.5404157e-13,1.0285962e-13,3.0021732e-09
270000,25,133,0,-8.1539165e-13,6.064858e-12,1.844557e-17,2.630419e-26,5.489254e-23,2.0608312e-10
270000,5,50,0,-1.1510953e-12,6.122723e-11,6.96073e-14,1.3679309e-18,3.2349414e-16,3.0145577e-09
270000,494,404,0,-1.9548122e-13,4.6291628e-14,8.9479666e-14,5.397082e-19,8.507874e-23,2.2312792e-11
270000,105,33,0,-5.4655586e-13,2.7598424e-11,3.913857e-11,1.9025218e-13,9.770507e-15,2.7152547e-10
270000,453,431,0,-9.0326493e-13,6.80856e-11,3.9451718e-17,2.0540248e-26,6.891211e-14,1.1501102e-10
270000,404,10,0,-6.864391e-13,8.750135e-11,4.2463714e-17,2.6505728e-24,3.1742518e-13,5.2325196e-11
270000,451,3,0,-8.710238e-13,6.08193e-11,3.1119287e-12,2.5551408e-16,1.3061378e-14,6.135852e-11
270000,439,137,0,-2.683363e-12,1.3714173e-10,7.4290026e-13,5.65505e-17,1.9117886e-13,2.9888938e-09
270000,76,389,0,1.7691805e-11,1.4837154e-11,2.2964899e-21,1.8804198e-34,1.3882088e-18,2.1145195e-12
270000,458,197,0,-1.0764393e-12,1.3916455e-10,1.6751524e-11,7.9643106e-14,1.1999947e-10,1.2953728e-11
270000,184,494,0,-5.8011636e-13,1.14663825e-11,4.3430466e-23,5.531525e-37,8.727398e-20,7.493591e-12
270000,446,131,0,-1.5648408e-12,1.0417572e-10,1.2265524e-13,1.8101872e-18,3.438552e-13,3.3749422e-13
270000,137,232,0,-1.6854174e-17,6.019572e-28,5.1746594e-21,1.2975662e-30,2.0183953e-37,1.5320957e-16
270000,490,265,0,-6.6802607e-13,1.10047534e-10,8.719425e-12,9.246539e-15,1.6512182e-12,1.2335202e-10
270000,43,498,0,-1.7397682e-12,1.2273665e-10,3.464173e-09,7.1918854e-10,1.1532688e-09,1.523143e-11
270000,30,387,0,-6.919571e-13,1.25755e-10,1.1428385e-11,8.107772e-15,3.7994182e-12,5.275736e-11
270000,14,255,0,-1.36158e-12,1.9929385e-10,3.4641865e-09,7.1918804e-10,1.1560951e-09,4.0786707e-13
270000,495,266,0,-4.5140988e-13,7.910257e-12,7.0949614e-11,1.1838457e-12,8.705707e-14,1.6998289e-10
270000,454,273,0,-4.039374e-13,6.1805304e-11,1.5417184e-14,8.131154e-21,1.7235517e-10,4.1801354e-11
270000,66,97,0,-7.23671e-13,1.2469879e-11,6.928342e-17,7.8020666e-25,5.3562705e-19,4.3621e-11
270000,462,15,0,-1.259366e-12,1.15791626e-10,1.1975852e-19,1.3380548e-30,3.8067084e-12,2.989094e-09
270000,480,303,0,-4.569541e-13,1.8114447e-11,1.84343e-17,5.543821e-26,1.4335205e-18,1.4699751e-10
270000,498,469,0,-1.4701693e-13,1.366388e-12,1.8121565e-15,2.7367525e-23,1.5101956e-25,2.9855798e-09
270000,54,468,0,-9.415691e-13,1.11137474e-10,1.4579113e-12,1.5226483e-16,1.5393471e-10,2.1866492e-10
270000,49,446,0,-2.0491551e-12,2.4600477e-10,1.2219823e-17,5.0793182e-26,2.2294126e-12,6.9648766e-11
270000,457,41,0,-1.0489889e-12,5.5214975e-11,4.501677e-18,1.4416916e-27,4.731058e-15,4.8039975e-11
270000,382,194,0,-5.6813907e-13,3.471546e-11,7.6306156e-14,4.2103904e-19,9.981754e-17,4.621308e-16
270000,121,468,0,-1.1619256e-12,7.1868386e-11,9.884e-19,4.512442e-30,1.6310586e-13,1.3950054e-11
270000,274,499,0,-6.8330313e-13,1.0854503e-11,1.7038165e-17,5.591285e-26,3.4341581e-22,3.2951137e-09
270000,206,468,0,-6.33306e-13,1.3730687e-11,5.63921e-16,3.9692396e-22,3.0476649e-18,4.8566054e-14
270000,421,3,0,-1.3158901e-12,1.1136874e-10,2.2082237e-11,1.5862694e-14,6.6835863e-15,7.795192e-12
270000,470,496,0,-8.613022e-13,4.603586e-11,2.388499e-18,2.3307781e-27,6.4169242e-15,8.003179e-11
270000,493,74,0,-2.1470104e-12,1.204622e-10,8.4010515e-19,3.643032e-30,4.4170696e-12,3.0043494e-09
270000,18,79,0,-9.745554e-13,2.1156696e-11,9.549606e-16,2.6141725e-22,9.1023385e-18,5.2633864e-10
270000,272,75,0,2.4813249e-11,1.07010876e-13,3.9491696e-15,4.5684854e-21,4.4158274e-25,2.988798e-09
270000,251,58,0,-3.9432625e-13,8.255733e-12,6.561997e-35,0.0,1.1764512e-20,3.0205414e-09
270000,235,455,0,-4.836264e-13,7.663979e-12,3.3275818e-13,2.2425007e-18,9.360532e-22,3.0035718e-09
270000,324,38,0,-1.0936538e-12,2.2788691e-11,2.851765e-11,2.414182e-13,1.592699e-14,3.152598e-09
270000,53,387,0,-3.808155e-13,1.7588087e-11,1.3935284e-12,1.06526946e-16,1.897543e-18,4.5218235e-11
270000,247,22,0,-6.317531e-13,3.4664903e-12,9.131749e-13,2.2013294e-17,1.08641344e-20,2.9978307e-09
270000,167,453,0,-4.0996668e-13,5.2206718e-11,7.475002e-15,5.31766e-22,2.3175343e-16,1.6858686e-11
270000,181,10,0,-7.331567e-13,1.5117404e-11,4.0213273e-17,1.5373732e-24,4.861554e-20,3.053126e-12
270000,365,77,0,-4.9601957e-13,2.984521e-11,3.462259e-09,7.191878e-10,1.1532764e-09,8.1228476e-13
270000,23,130,0,-5.719635e-13,1.6430445e-12,8.041927e-17,3.502921e-25,1.6077987e-23,3.1356355e-09
270000,489,481,0,-7.2719196e-13,6.15741e-11,7.9215383e-13,1.2504101e-17,1.6310003e-13,3.0195766e-09
270000,0,39,0,-8.4511344e-14,7.220325e-12,1.2584305e-20,6.857175e-33,5.484502e-20,2.949735e-11
270000,31,436,0,-3.5403497e-13,5.801055e-12,5.3781367e-12,1.0796493e-15,2.0710005e-18,7.36485e-11
270000,484,221,0,-2.7253875e-13,4.3972496e-11,3.570874e-15,1.7569673e-22,3.1091799e-13,3.2480334e-09
270000,142,260,0,-1.14146234e-17,3.193727e-28,3.7175372e-37,0.0,0.0,2.9887863e-09
270000,489,457,0,-1.1414538e-12,3.0715753e-11,1.6807467e-13,1.4520607e-18,6.1005133e-18,3.1371898e-09
270000,266,108,0,-2.9595613e-13,2.1597755e-11,6.585611e-22,4.4015267e-35,4.569667e-16,5.4271926e-16
270000,29,281,0,-4.7474018e-14,3.4543925e-16,2.7550924e-21,1.3253571e-32,2.4069e-40,2.8017946e-11
270000,58,59,0,-3.3661333e-13,6.2226843e-12,2.860661e-12,3.1157787e-16,5.0025805e-19,4.6259086e-12
270000,38,55,0,-1.1000131e-12,6.240643e-11,9.404755e-18,1.2232517e-24,8.175205e-14,2.9946141e-09
270000,117,280,0,-4.033206e-14,7.876829e-15,1.8418324e-23,1.840669e-37,1.745453e-39,5.6637937e-12
270000,1,181,0,-4.5242065e-13,6.6745074e-13,1.0686003e-20,2.9749605e-32,2.8184133e-26,1.4601688e-11
270000,485,399,0,-7.6946544e-13,2.3332137e-11,6.757078e-16,8.4235285e-24,1.4215537e-18,3.8255787e-11
270000,142,25,0,-1.8772147e-12,2.4571364e-10,8.006873e-18,2.4875213e-25,2.659471e-12,1.9410437e-11
270000,32,66,0,-9.111671e-13,8.9212304e-11,3.2033186e-23,4.764165e-37,3.72202e-12,7.415177e-13
