mcsteps,xCOM,yCOM,zCOM,il8,il1,il6,il10,tnf,tgf
380000,84,376,0,1.9269213e-09,3.8037722e-11,2.0110589e-17,2.9240032e-28,3.1110994e-19,4.9583244e-11
380000,432,181,0,1.9269462e-09,5.2505247e-11,2.7153112e-13,3.4527677e-18,3.3418154e-15,2.6104379e-11
380000,409,105,0,1.9272255e-09,5.903518e-11,1.3983957e-22,2.7789616e-35,1.9482266e-10,2.602726e-12
380000,247,394,0,1.9277222e-09,2.4527831e-14,3.6785368e-16,5.0430024e-25,1.9755506e-27,2.033054e-11
380000,132,141,0,1.9272755e-09,2.218658e-11,1.705e-42,0.0,1.0120541e-18,2.5572607e-11
380000,286,72,0,1.9273252e-09,5.1992854e-11,1.8230743e-15,9.05854e-24,3.6584867e-16,2.107638e-10
380000,365,385,0,1.92759e-09,6.4409875e-12,3.9864102e-15,2.8170403e-21,2.0354198e-22,2.8293454e-13
380000,379,420,0,1.9272668e-09,3.0954933e-11,7.460759e-15,1.8112876e-22,2.5496263e-16,3.4089932e-11
380000,426,219,0,1.9415851e-09,7.4143626e-13,3.5619897e-14,7.8849296e-21,1.3482266e-25,4.90599e-11
380000,444,225,0,1.9413233e-09,1.3653101e-11,4.5298268e-13,1.4133895e-17,2.3307053e-20,1.0509861e-10
380000,116,177,0,-4.693011e-13,3.1053653e-11,1.0518815e-17,3.4794028e-27,3.8935733e-16,1.0285518e-11
380000,6,152,0,-1.1351599e-11,2.2789821e-09,5.319594e-12,1.34354e-15,4.1188084e-09,9.6365804e-11
380000,245,381,0,6.04428e-11,2.0011252e-12,2.137498e-13,1.4577752e-18,3.305193e-22,6.138068e-11
380000,165,349,0,-1.1319367e-11,2.2761484e-09,1.4993214e-17,8.816018e-27,4.1188084e-09,5.3796073e-13
380000,117,242,0,-6.180852e-14,1.8078098e-13,6.043162e-20,2.7774122e-30,1.0995292e-34,1.7001109e-15
380000,32,59,0,-1.2569247e-11,2.3749391e-09,5.4931074e-20,2.4453066e-31,4.118841e-09,1.6717313e-11
380000,394,133,0,-1.1058879e-11,2.292077e-09,1.1524296e-24,2.4776779e-38,4.1188084e-09,1.8730661e-11
380000,279,125,0,-3.305665e-13,1.1801648e-11,6.7522564e-11,2.4052674e-12,2.3875812e-13,5.908826e-13
380000,64,395,0,6.953913e-13,8.788589e-13,1.9854545e-11,2.515019e-14,1.8892533e-16,4.277602e-11
380000,85,220,0,-1.1923507e-13,2.4063737e-12,7.913125e-13,9.2026e-18,1.6081778e-21,8.7883784e-11
380000,482,475,0,-1.1959556e-11,2.3137083e-09,1.18200285e-11,3.0518089e-15,4.1188084e-09,7.123971e-11
380000,425,247,0,1.2144687e-12,1.9321917e-11,2.2259494e-14,1.0354818e-20,1.3250775e-17,1.6934436e-10
380000,87,31,0,-1.2028576e-11,2.3417077e-09,5.1738637e-13,8.978938e-18,4.119045e-09,1.1911362e-11
380000,36,172,0,-1.159894e-11,2.3082454e-09,1.12016195e-11,1.5813348e-14,4.1188093e-09,2.2781677e-10
380000,70,469,0,-1.2498054e-11,2.4403e-09,3.4828062e-16,1.29724594e-23,4.12164e-09,1.7398603e-10
380000,124,487,0,-9.313825e-13,2.893771e-11,3.196784e-11,6.051564e-14,2.454918e-13,3.173065e-11
380000,65,463,0,-1.1958024e-11,2.2813489e-09,1.4780457e-13,1.0739607e-18,4.1188084e-09,1.10243446e-10
380000,458,267,0,-1.14613215e-11,2.280793e-09,2.490582e-10,6.1422326e-11,4.1736543e-09,1.5425482e-10
380000,79,431,0,-1.1976537e-11,2.3227398e-09,5.9373716e-14,2.837305e-20,4.1192805e-09,1.2682512e-10
380000,222,265,0,-1.9496597e-17,3.8624424e-28,0.0,0.0,0.0,9.724961e-21
380000,34,19,0,-1.4619285e-12,5.1776677e-11,1.6199153e-11,1.9553942e-14,1.95425e-14,6.714913e-10
380000,31,366,0,-1.1726108e-11,2.3291271e-09,7.540025e-12,5.6313e-15,4.124751e-09,1.5126289e-10
380000,49,473,0,-1.250222e-11,2.3651403e-09,1.448251e-14,2.433088e-20,4.1188137e-09,4.7395476e-11
380000,170,153,0,-3.0273733e-13,5.0098354e-12,4.987177e-20,9.391602e-32,3.111095e-23,1.5316415e-12
380000,171,52,0,-5.6400815e-13,2.769428e-11,2.0538653e-12,4.0110321e-16,2.0578438e-14,7.804359e-11
380000,174,78,0,-3.3696402e-13,5.3708036e-12,3.614228e-21,8.470095e-33,1.6421446e-21,8.6811024e-11
380000,263,409,0,-5.2688977e-12,2.2798896e-09,1.6045176e-14,1.8600964e-20,4.1188084e-09,1.09490516e-11
380000,35,10,0,-1.200726e-11,2.308994e-09,1.5647444e-10,1.1407702e-11,4.1216963e-09,7.4646594e-11
380000,12,163,0,-6.39969e-13,5.779536e-11,3.1902619e-12,4.5618754e-16,1.3496218e-11,9.222146e-11
380000,458,466,0,-1.2021277e-11,2.2940718e-09,3.9359103e-13,4.944698e-18,4.1188084e-09,2.090846e-11
380000,274,83,0,1.6778925e-11,2.2757642e-09,1.8814833e-13,7.226255e-19,4.1188084e-09,2.1463555e-13
380000,260,153,0,-2.1679874e-15,4.7666093e-21,2.48e-43,0.0,0.0,4.581216e-12
380000,188,195,0,-5.1001273e-14,1.3258452e-14,0.0,0.0,3.1606526e-35,2.5355898e-10
380000,215,126,0,-1.1606897e-11,2.3038653e-09,5.4499588e-24,5.601224e-39,4.1188084e-09,4.1987477e-14
380000,175,395,0,-4.0389575e-13,4.055843e-11,8.390363e-30,0.0,3.7886132e-16,6.1114473e-12
380000,28,56,0,-1.4058096e-12,7.8453403e-11,2.0988394e-17,3.340093e-28,8.659206e-15,1.0521083e-10
380000,126,367,0,-6.6443324e-13,5.0651906e-11,1.1584932e-11,1.7592591e-14,4.2758706e-15,5.7347204e-12
380000,260,42,0,-1.1842017e-11,2.2960478e-09,3.950491e-13,3.1458744e-17,4.1188084e-09,4.1189614e-11
380000,270,409,0,1.1238246e-12,1.2219401e-15,1.4335327e-10,1.2435168e-11,3.3229808e-12,2.416114e-11
380000,349,107,0,-3.3442582e-13,4.4208387e-11,5.4084075e-16,1.6975439e-24,1.8728623e-11,9.76817e-14
380000,373,186,0,-3.5090718e-13,5.8374625e-12,8.1795894e-22,7.135272e-37,7.5681094e-23,2.4114502e-12
380000,466,89,0,-1.6911309e-12,9.982995e-11,8.7690055e-12,1.8036383e-15,1.6452308e-15,1.1588181e-10
380000,458,258,0,-4.9054814e-13,8.019198e-12,9.277501e-13,1.3974535e-17,5.8811298e-21,9.0846775e-11
380000,260,297,0,-1.9850639e-17,1.1914745e-28,3.060185e-29,0.0,0.0,7.372372e-15
380000,206,168,0,-8.208093e-14,3.9751517e-14,1.6332415e-37,0.0,1.0747935e-36,6.245466e-17
380000,382,371,0,5.1661895e-12,3.701433e-11,8.350824e-23,9.167798e-37,7.176063e-17,3.9016785e-12
380000,113,493,0,-2.0007863e-12,1.6824049e-10,7.403304e-12,3.1234903e-15,4.0620146e-12,1.0097499e-10
380000,324,384,0,-4.4405487e-13,2.211392e-11,8.775449e-26,5.189e-42,1.3940651e-15,1.14118694e-10
380000,477,79,0,-1.4036313e-12,1.041126e-10,4.668877e-15,1.04731755e-22,1.5557906e-14,1.4651359e-10
380000,138,317,0,-1.82183e-13,1.7114642e-13,5.620814e-30,0.0,1.3455318e-31,8.6422487e-13
380000,121,326,0,-6.0962357e-13,2.1701318e-11,3.4661124e-14,2.1279e-20,1.2460095e-17,3.1317713e-12
380000,160,302,0,-8.035429e-15,5.2521264e-19,1.1905446e-22,4.0426336e-35,2.5e-44,3.0231133e-18
380000,213,49,0,-9.56865e-13,6.132914e-11,8.7361034e-18,4.192344e-27,7.582271e-16,9.903071e-12
380000,81,170,0,-1.3749246e-13,1.9273642e-14,3.2609005e-18,6.6022666e-29,1.3268097e-30,1.7474563e-12
380000,205,389,0,-7.451183e-14,2.0228226e-13,7.146786e-11,1.3924342e-12,1.08237875e-13,1.0592006e-10
380000,436,299,0,-5.64834e-13,7.050638e-11,2.2782835e-12,1.2640196e-16,1.6084111e-11,4.9146732e-11
380000,205,57,0,-9.552872e-13,4.1940038e-11,3.9763684e-17,1.745308e-26,3.1012749e-18,1.6094166e-12
380000,218,177,0,-1.7783488e-13,4.6761027e-13,8.0695e-41,0.0,3.392444e-26,5.440665e-27
380000,296,115,0,-9.90583e-14,3.921452e-14,1.4740166e-22,2.33751e-38,4.732762e-32,3.012072e-13
380000,430,97,0,3.944005e-12,8.6154896e-11,2.6305442e-12,1.06993774e-16,7.574783e-15,1.09304635e-10
380000,27,321,0,-6.320798e-13,2.5004967e-11,6.110302e-17,9.901234e-27,1.3152359e-19,1.1371309e-10
380000,395,240,0,-1.4712789e-13,3.3094979e-12,2.2511777e-19,2.8843663e-32,3.7266048e-23,5.007393e-12
380000,219,77,0,-5.503386e-13,8.429497e-11,2.970644e-26,2.06e-43,3.483088e-13,1.3695572e-11
380000,62,338,0,-5.327162e-13,9.809683e-12,1.9287619e-13,7.2221475e-19,3.509299e-21,2.145099e-11
380000,488,83,0,-1.0808175e-12,3.164807e-11,8.078373e-11,2.7095748e-12,2.780232e-13,1.1450489e-10
380000,409,201,0,2.6170266e-12,1.563057e-11,7.683914e-27,4.23e-43,8.3567026e-20,7.712114e-15
380000,103,52,0,-9.0577437e-13,2.5645121e-11,2.63565e-18,9.445025e-29,3.2957828e-19,7.7492575e-11
380000,374,417,0,3.0893632e-10,4.2890747e-11,2.9963646e-11,1.7802574e-13,1.2065776e-13,6.514386e-11
380000,372,489,0,-7.9719624e-13,9.0472345e-11,8.2637397e-16,1.3622021e-24,1.7804637e-13,2.897952e-10
380000,158,246,0,-7.207418e-15,5.567244e-17,4.5066173e-21,8.870379e-33,2.6187756e-36,3.7613437e-13
380000,291,337,0,-1.2737375e-13,2.7554497e-11,1.5349969e-29,0.0,1.2935703e-14,4.076251e-13
380000,245,358,0,4.7515116e-14,1.4081868e-17,1.3977329e-18,4.4414323e-28,4.1755629e-35,3.0237935e-13
380000,121,334,0,-5.913033e-13,3.3086284e-11,1.1091066e-14,1.8486713e-21,6.739115e-13,4.995586e-11
380000,132,468,0,-6.743382e-13,1.6880245e-11,1.293215e-13,2.57743e-18,6.679491e-19,4.442927e-10
380000,425,178,0,2.0887256e-10,2.0642774e-11,1.2404577e-17,3.4823688e-28,3.3744906e-16,1.3049811e-10
380000,466,223,0,5.7357365e-12,1.6294268e-12,9.501537e-12,4.6927095e-15,1.1875693e-17,3.2165398e-10
380000,309,190,0,-1.237649e-13,6.906088e-14,3.1705972e-19,1.2706834e-28,5.9281194e-33,2.3917025e-12
380000,341,284,0,-3.0846574e-13,7.560986e-12,0.0,0.0,4.59662e-21,2.4882346e-11
380000,179,154,0,-2.3898358e-13,1.2083037e-11,3.0047388e-26,3.21e-42,1.0767016e-19,1.3777516e-11
380000,432,488,0,-7.415828e-13,4.199254e-11,2.0346402e-11,4.898908e-14,1.8256101e-15,9.944155e-11
380000,449,425,0,-9.320053e-13,1.8632259e-11,1.1283793e-14,3.1956246e-20,6.921823e-20,2.180854e-10
380000,168,478,0,-4.00648e-13,1.0866436e-12,3.037213e-13,8.817951e-19,4.7275298e-23,6.959065e-11
380000,402,241,0,-1.6168775e-13,3.3175143e-11,1.7445469e-14,8.063676e-22,1.8976656e-13,1.0638317e-10
380000,19,379,0,-1.7150912e-12,1.06928105e-10,2.8660017e-14,4.06824e-20,3.2489924e-09,2.8375698e-11
380000,235,149,0,-5.4793145e-14,1.828736e-13,1.1901633e-22,6.7497377e-37,1.2453598e-33,3.0124284e-19
380000,146,302,0,-3.9997475e-14,2.2579357e-14,1.6427922e-27,8.7853e-41,1.4198022e-36,1.1989717e-16
380000,459,245,0,1.9912188e-12,6.203899e-11,5.570916e-12,1.079787e-15,3.10907e-09,2.0534479e-11
380000,495,48,0,-2.0281801e-12,1.4907492e-10,2.0507278e-18,2.0100616e-29,2.3752725e-10,6.4428775e-11
380000,291,28,0,-9.895792e-13,1.2117436e-10,4.7535378e-20,2.1871318e-31,1.4136691e-13,4.3060104e-11
380000,359,166,0,-3.264436e-13,9.540568e-12,4.2023898e-18,4.739033e-28,5.374863e-23,1.7895626e-12
380000,82,327,0,-4.6970565e-13,3.392136e-11,1.0656778e-14,1.1430178e-21,9.387178e-12,1.1154119e-11
380000,159,116,0,-2.9278033e-14,2.8995397e-15,2.6323475e-29,0.0,7.50398e-40,1.1508452e-14
380000,419,158,0,8.8280403e-13,5.564661e-12,8.7113835e-20,1.5117182e-31,9.354783e-24,5.0991204e-11
380000,141,245,0,-1.20666e-13,1.2678015e-13,2.4013384e-25,1.1173e-40,6.1740914e-26,1.005326e-12
380000,224,274,0,-1.04116615e-16,4.9791255e-26,0.0,0.0,0.0,3.0131472e-25
380000,447,123,0,-1.4510122e-12,6.9337376e-11,1.1245094e-16,9.8101627e-26,5.7000796e-16,4.1164235e-13
380000,253,368,0,1.4387579e-12,3.168475e-14,2.5853348e-17,4.8278334e-26,2.0094734e-32,8.838223e-11
380000,132,343,0,-7.9248527e-13,8.611474e-11,8.709989e-15,1.5405292e-21,1.2673912e-11,4.6257185e-15
380000,213,114,0,-3.0627524e-13,4.620181e-12,4.0688888e-20,3.925217e-31,4.4712816e-21,5.081497e-11
380000,269,450,0,-4.084363e-13,2.197851e-11,2.5064619e-11,8.5463314e-14,2.034239e-15,2.2784543e-11
380000,304,106,0,-2.5219144e-13,1.1937386e-12,2.5885924e-35,0.0,1.5974634e-26,2.0090367e-11
380000,389,136,0,-1.9088543e-13,8.5769087e-13,5.219419e-23,2.9903325e-35,9.673733e-28,5.108414e-12
380000,317,136,0,-6.8969944e-13,4.0955222e-11,1.7027739e-16,4.3607895e-26,3.7689184e-17,7.310704e-15
380000,291,116,0,-1.2382443e-13,2.911648e-13,3.3302403e-18,8.6335956e-30,2.13954e-29,1.7201802e-12
380000,371,479,0,-5.802128e-13,3.254159e-11,6.6386153e-18,5.485704e-27,2.643392e-13,5.8091004e-11
380000,360,343,0,-4.9591044e-13,3.1850522e-11,7.257327e-18,2.1318386e-27,9.851639e-13,1.1599378e-11
380000,328,330,0,-8.64965e-14,1.6525736e-14,1e-45,0.0,4.2237784e-38,9.119056e-15
380000,127,295,0,-4.3771193e-14,9.666716e-14,1.6766448e-15,2.2721048e-21,2.330839e-25,1.552566e-14
380000,234,233,0,-9.997983e-18,2.621071e-26,0.0,0.0,0.0,9.7691775e-21
380000,240,251,0,-1.2662129e-21,2.7608e-40,0.0,0.0,0.0,7.461495e-13
380000,171,417,0,-2.9336673e-13,2.173325e-11,2.298741e-11,4.378647e-14,7.6969746e-16,1.9425947e-12
380000,438,166,0,2.7740012e-11,1.05264616e-10,3.7982218e-14,6.4687437e-20,5.0619367e-15,1.2748404e-10
380000,300,231,0,-2.9873767e-16,1.10280885e-23,3.5939788e-29,0.0,0.0,1.0797775e-19
380000,90,141,0,-9.620032e-13,9.8612084e-11,2.5101537e-21,7.3624776e-36,3.8281303e-13,1.38643515e-11
380000,397,57,0,-9.09761e-13,7.5501286e-11,2.4432205e-12,1.098564e-16,1.6636952e-10,8.939884e-11
380000,301,217,0,-5.875066e-17,8.457568e-27,5.7798805e-30,0.0,0.0,2.846765e-26
380000,372,126,0,-1.8343343e-13,1.023406e-12,1.3296164e-19,8.939784e-29,3.817856e-28,2.2213965e-13
380000,423,232,0,6.310476e-11,6.1629674e-11,1.08544e-14,3.6733395e-22,1.3935901e-14,4.1833204e-12
380000,323,225,0,-3.530256e-14,1.6328504e-15,4.5596315e-19,3.557287e-29,1.0489561e-36,1.2456219e-15
380000,259,38,0,-8.391528e-13,3.945718e-11,9.086706e-14,7.0580226e-20,3.4833843e-17,1.23411e-10
380000,462,75,0,-1.6623202e-12,9.255491e-11,6.8613116e-15,2.3416061e-21,8.731623e-14,4.4383694e-10
380000,388,260,0,-2.736105e-13,9.146119e-12,2.2240163e-27,0.0,9.883526e-21,3.1281928e-15
380000,368,268,0,-7.575267e-14,1.0658778e-14,0.0,0.0,1.2771e-41,7.973727e-12
380000,278,120,0,-3.929984e-13,9.779761e-11,3.5610891e-12,3.4495798e-16,1.2712226e-10,6.989019e-13
380000,229,496,0,-5.3313414e-13,4.3591464e-11,8.508646e-35,0.0,3.8046948e-14,9.440965e-12
380000,245,407,0,6.031815e-11,2.675865e-12,3.4001342e-13,1.3742886e-18,8.2455926e-23,6.977715e-11
380000,119,223,0,-1.9181557e-15,1.3244029e-21,1.2247176e-11,9.560684e-15,5.931231e-17,5.3256e-16
380000,457,282,0,-6.982867e-13,4.161017e-11,1.980526e-13,1.984779e-18,1.1783273e-17,1.8681171e-11
380000,10,204,0,-4.70069e-13,5.6160437e-12,7.129247e-11,9.860882e-13,6.857e-14,1.3433551e-10
380000,173,122,0,-3.28802e-13,5.807415e-11,8.22441e-18,9.33787e-28,1.6309972e-13,2.0975521e-13
380000,221,439,0,-5.291606e-13,8.1163666e-11,1.0154775e-12,6.4005926e-17,2.1020474e-10,6.898238e-11
380000,263,340,0,-6.4307283e-14,2.925439e-13,8.4e-43,0.0,5.227217e-33,1.2184855e-10
380000,384,75,0,-5.3712807e-13,4.7028846e-11,7.99477e-11,8.525456e-12,2.0809894e-10,1.4937233e-10
380000,437,403,0,-1.332533e-12,4.7274032e-11,1.0192316e-13,3.4979475e-19,3.2709573e-19,1.08329685e-10
380000,421,35,0,-8.870629e-13,3.0268437e-11,2.0874576e-15,7.4466033e-23,1.8912488e-15,4.008079e-11
380000,280,369,0,-1.2497559e-14,2.1017742e-16,3.9148155e-19,4.949755e-31,3.5743e-40,4.5617268e-14
380000,241,246,0,-4.6996073e-21,1.9067128e-36,0.0,0.0,0.0,2.2070463e-14
380000,7,63,0,-1.3693793e-12,5.724608e-11,4.5488916e-13,3.855776e-17,1.4618017e-14,4.4405715e-11
380000,363,42,0,-1.4633311e-12,1.5834763e-10,9.51337e-13,1.10647226e-16,8.241666e-12,9.35034e-11
380000,482,163,0,-3.5279332e-13,9.126625e-12,1.4048705e-15,6.810149e-24,4.4791887e-21,2.2648505e-11
380000,172,325,0,-2.4556418e-13,6.6046548e-12,6.52675e-29,0.0,2.410736e-22,1.2412807e-16
380000,306,270,0,-1.00172624e-13,2.2395285e-11,3.83e-43,0.0,6.7432097e-16,9.258868e-23
380000,430,261,0,-5.8237367e-13,1.8683763e-11,6.2244633e-19,4.740066e-29,8.99693e-19,5.240639e-11
380000,242,313,0,-1.9989967e-14,8.2513127e-16,0.0,0.0,3e-45,4.7120254e-17
380000,360,458,0,-4.8936094e-13,3.0783633e-11,7.033905e-17,4.5455068e-26,8.707935e-15,7.68238e-11
380000,223,128,0,-5.9589047e-13,5.5706082e-11,3.0217075e-21,1.7784094e-33,2.1502897e-11,5.7774476e-16
380000,354,380,0,7.715895e-11,1.3690781e-12,7.974366e-16,2.1775227e-23,4.330729e-28,2.1719414e-12
380000,78,73,0,-8.078722e-13,4.9081746e-11,3.6447435e-11,5.897843e-13,8.981537e-12,9.535049e-11
380000,497,225,0,-7.618009e-13,6.917494e-11,7.8500404e-16,1.0995619e-24,6.346897e-12,1.294235e-10
380000,254,187,0,-2.1959784e-17,2.2082374e-27,3.4448193e-13,2.1381436e-18,3.1390888e-22,2.565944e-13
380000,28,330,0,-6.018107e-13,2.8965615e-11,8.0649524e-14,1.5911106e-19,1.1706823e-16,2.257723e-11
380000,239,36,0,-6.540546e-13,3.5694094e-11,2.3297816e-16,4.615553e-23,8.527076e-13,1.759729e-10
380000,6,129,0,-6.4425516e-13,1.4709527e-11,5.8276057e-13,8.6255145e-17,1.47744e-18,9.312886e-11
380000,231,488,0,-7.453202e-13,2.4090247e-11,1.6029154e-28,0.0,1.840705e-18,7.378399e-11
380000,172,184,0,-2.0843204e-13,3.2018704e-11,9.000869e-34,0.0,5.5660216e-15,6.617438e-11
380000,371,133,0,-2.1984495e-13,3.0320692e-12,1.5538707e-25,4.7302e-40,9.330871e-24,5.3043455e-12
380000,236,258,0,-1.3358558e-20,2.346396e-39,0.0,0.0,0.0,2.4266091e-14
380000,173,49,0,-5.9412474e-13,3.3106937e-11,3.2685977e-16,1.8839436e-23,7.308704e-13,5.041052e-11
380000,131,10,0,-5.4158257e-13,2.1389177e-12,8.90297e-17,1.6566772e-26,4.402586e-26,1.0411448e-10
380000,92,313,0,-2.2666625e-13,1.9266203e-12,3.180052e-16,9.453495e-25,1.9456518e-26,2.4985104e-14
380000,371,363,0,4.298335e-12,2.7568784e-11,1.6791308e-20,3.359967e-33,6.6000267e-16,2.3063905e-13
380000,219,8,0,-6.694892e-13,2.5558151e-11,1.6130853e-15,4.089105e-23,2.1316009e-16,2.2160038e-10
380000,285,287,0,-3.9724803e-15,4.8067666e-20,1.4181378e-32,0.0,0.0,2.3087613e-21
380000,207,11,0,-9.20675e-13,2.8590848e-11,2.4064997e-12,2.082046e-16,6.7446894e-16,3.1442726e-09
380000,183,57,0,-6.175136e-13,3.2616562e-11,3.0052593e-13,7.164235e-18,2.7630372e-14,2.3954672e-10
380000,445,145,0,-6.64602e-13,9.796204e-12,3.7817617e-11,6.294835e-13,5.3134797e-14,3.0193337e-09
380000,443,377,0,-9.0213573e-13,1.0658528e-10,3.1623537e-18,2.5181813e-27,5.2697018e-12,3.0034055e-09
380000,143,474,0,-6.9625946e-13,8.745207e-11,7.583928e-17,6.6880495e-25,2.1506655e-10,1.298225e-11
380000,48,205,0,-6.8169087e-13,7.5344814e-11,1.0801598e-11,1.4153697e-14,3.2133205e-09,1.0686869e-10
380000,321,62,0,-1.1424103e-12,1.6628156e-10,2.3890059e-12,9.882266e-16,8.740862e-12,3.1257166e-09
380000,137,111,0,2.939366e-13,2.6843968e-12,4.4444014e-36,0.0,1.2090999e-23,6.1856054e-12
380000,197,341,0,-7.851906e-14,3.3350733e-14,8.411603e-35,0.0,6.284494e-37,3.2644984e-11
380000,165,380,0,-4.871566e-13,2.3751947e-11,7.8642545e-24,4.2722886e-38,1.5239396e-16,6.6154776e-11
380000,325,122,0,-5.9135867e-13,4.70261e-11,9.258113e-13,5.1614833e-17,2.256531e-15,3.018289e-09
380000,378,44,0,-1.1208991e-12,9.096497e-11,1.6663922e-11,1.9569471e-14,1.2712058e-13,3.081556e-09
380000,296,124,0,-1.2464622e-13,2.9539596e-12,2.9462847e-19,1.527262e-29,2.1637615e-23,3.1363576e-09
380000,212,58,0,-1.0061629e-12,6.801347e-11,1.5102084e-22,2.0012286e-36,1.1319853e-14,1.4901128e-10
380000,484,213,0,-3.033406e-13,7.595958e-12,4.1963716e-14,6.1617718e-21,1.7632625e-19,3.130611e-09
380000,414,377,0,-4.94312e-13,2.0789618e-11,1.7935111e-13,3.335281e-19,2.8107514e-19,2.9899185e-09
380000,498,204,0,-9.869883e-14,1.3274748e-15,1.8014101e-12,5.835221e-16,3.2386096e-18,3.087608e-09
380000,247,155,0,-1.008029e-14,1.006275e-16,4.4620844e-38,0.0,0.0,2.9888882e-09
380000,373,112,0,-1.7923091e-13,1.1838476e-11,1.856343e-12,2.7260895e-16,8.6584185e-19,3.0391394e-09
380000,275,90,0,7.051859e-12,1.10372e-11,1.3609114e-14,8.330647e-21,2.1038394e-19,2.9888403e-09
380000,21,197,0,-9.567143e-13,3.2256992e-11,8.2263476e-12,6.5424956e-15,1.0930136e-16,3.1523013e-09
380000,117,433,0,-6.6832656e-13,5.291411e-12,1.2652433e-14,1.5006885e-21,1.3395691e-20,3.0199487e-09
380000,130,214,0,-1.4248098e-15,7.239527e-21,4.3612813e-19,3.1640195e-28,7.966164e-35,3.0825387e-09
380000,71,478,0,-2.1505256e-12,1.09058367e-10,1.2160916e-13,3.1789383e-19,8.48494e-12,3.1030978e-09
380000,153,220,0,-1.4522034e-14,4.2466373e-16,3.5336314e-09,7.2079737e-10,1.1533986e-09,3.9673794e-12
380000,272,291,0,-3.0430336e-16,3.9195635e-24,3.9893322e-25,3.033137e-39,0.0,2.541021e-16
380000,208,244,0,-5.5255326e-16,5.048205e-22,9.312e-42,0.0,0.0,2.2032361e-13
380000,105,401,0,-3.598782e-13,1.1162585e-11,1.7233563e-20,1.116873e-31,1.4966227e-19,1.1034528e-12
380000,197,349,0,-9.1700004e-14,1.1564581e-12,7.458195e-30,0.0,2.5289902e-26,3.286409e-11
380000,181,335,0,-3.7864406e-14,5.0302593e-17,4.855094e-39,0.0,1e-45,1.7556297e-13
380000,129,334,0,-6.6499e-13,2.5839492e-11,1.6114909e-13,7.0389177e-19,1.6819053e-17,1.4983167e-12
380000,245,14,0,-8.535237e-13,1.1364357e-10,3.8445604e-11,7.923037e-13,2.247692e-10,2.4130095e-10
380000,419,424,0,-2.0086858e-12,1.2746662e-10,1.6417068e-12,4.1179506e-17,1.8820305e-13,1.8165866e-11
380000,457,196,0,-1.712588e-13,1.04582225e-10,6.5187304e-12,4.078641e-15,1.8942281e-10,6.9006995e-11
380000,424,370,0,-4.684809e-13,6.468816e-11,2.3083358e-11,2.8492183e-14,2.0008542e-10,4.6656196e-11
380000,38,249,0,-1.2078686e-13,1.5748801e-12,9.68581e-24,3.9766836e-36,6.198912e-26,5.326247e-12
380000,244,330,0,-1.7148145e-14,2.3263164e-16,2.1543785e-37,0.0,0.0,2.103198e-11
380000,370,7,0,-5.8686053e-13,3.437907e-11,1.0917003e-11,3.1045787e-14,1.2095404e-14,2.2012266e-10
380000,357,477,0,-4.7995874e-13,2.2732847e-11,3.0170096e-11,1.7802852e-13,4.6075153e-15,5.282807e-11
380000,379,93,0,-8.278122e-14,1.3079729e-12,4.0942258e-21,6.945105e-35,1.6672715e-25,4.8532567e-11
380000,273,15,0,-2.810667e-13,1.1965255e-11,1.3351085e-19,4.2170676e-31,5.7021646e-18,3.02947e-09
380000,21,387,0,-1.1716236e-12,1.7489371e-10,3.5179887e-10,4.3950548e-11,1.17e-10,3.1411356e-09
380000,57,489,0,-1.4142133e-12,1.0752169e-10,2.6351625e-12,5.433066e-16,9.471829e-13,3.0450886e-09
380000,366,440,0,2.8871165e-12,3.1038803e-11,6.4322665e-11,7.500949e-13,8.397723e-14,3.0406135e-09
380000,337,222,0,-1.9160988e-13,6.483331e-12,1.1487212e-18,5.825209e-30,2.9843058e-19,2.9903156e-09
380000,196,308,0,-9.4379494e-14,4.1640587e-14,6.382073e-26,2.458e-42,1.0387854e-31,8.087822e-14
380000,411,260,0,-6.887853e-13,9.35966e-11,4.5296525e-13,1.4133895e-17,4.0608107e-12,2.3692903e-12
380000,28,101,0,-1.2298995e-12,8.2085845e-11,4.3286894e-17,2.1757323e-27,8.933059e-12,8.925024e-11
380000,113,391,0,-1.8998949e-13,1.4688155e-11,6.973948e-14,7.795941e-20,4.731405e-20,1.440972e-10
380000,184,376,0,-5.250698e-13,7.2009364e-11,9.549043e-33,0.0,2.2444296e-10,4.1199245e-12
380000,261,386,0,2.9073775e-11,1.3428652e-11,1.1092413e-18,2.8842368e-30,7.8136414e-17,5.6365756e-11
380000,13,334,0,-8.534705e-13,3.1526073e-11,1.4087506e-17,2.214618e-27,3.665173e-15,4.9794262e-11
380000,220,328,0,-1.213941e-13,1.4211797e-13,5.6168406e-32,0.0,7.750676e-32,8.59805e-11
380000,63,297,0,-3.7002733e-13,5.937987e-11,2.5702297e-13,4.0501095e-17,1.0905948e-15,5.4550905e-11
380000,372,211,0,-4.350299e-13,2.2267648e-11,1.0598517e-18,6.221278e-31,3.8927384e-16,3.960412e-11
380000,415,68,0,-8.509131e-13,3.2226173e-11,2.8013389e-16,2.7103577e-25,9.2410375e-17,1.3556525e-11
380000,326,401,0,-3.9566768e-13,3.1814426e-11,1.3187951e-18,3.6358977e-30,2.135724e-16,1.5798479e-10
380000,361,462,0,-4.1151932e-13,5.4714818e-12,3.9832203e-16,4.0012713e-24,4.2291663e-23,5.786595e-11
380000,428,208,0,1.0026822e-10,1.6930022e-11,2.0483908e-11,4.8992545e-14,9.32588e-16,3.374237e-11
380000,302,209,0,-5.293279e-16,2.2403612e-22,2.1677278e-20,7.738136e-30,1.4763969e-36,4.2176072e-26
380000,490,382,0,-1.6811543e-12,5.3330486e-11,3.017517e-16,1.7713106e-24,8.4400883e-16,2.670961e-12
380000,392,372,0,-6.224784e-13,7.6775655e-11,8.406789e-15,5.3725914e-21,3.999006e-15,3.0732092e-09
380000,170,16,0,-3.870604e-13,2.3101332e-12,7.842902e-11,8.6992046e-12,3.019046e-12,3.0684326e-09
380000,434,77,0,-9.639843e-13,6.156214e-11,1.0690492e-17,2.6503377e-28,6.346897e-12,3.0989302e-09
380000,31,249,0,-1.2406177e-13,8.8517586e-15,2.0245263e-20,1.0313076e-33,1.211e-40,3.0153384e-09
380000,65,50,0,-8.62412e-13,9.4060315e-11,2.0483816e-12,3.276068e-16,7.7560836e-13,3.1782414e-09
380000,316,486,0,-1.8368007e-13,1.2745982e-13,1.1100636e-10,3.4359514e-12,6.87509e-13,2.9918021e-09
380000,271,404,0,1.8242875e-12,9.498192e-17,5.871993e-13,5.638646e-17,1.03291426e-19,2.9953606e-09
380000,173,246,0,-3.5224e-18,6.456185e-29,2.1597682e-11,5.6992686e-14,1.1159943e-15,2.994548e-09
380000,446,206,0,1.7047483e-11,5.3998236e-11,3.7368585e-12,2.2382205e-16,8.484842e-12,6.177164e-12
380000,436,312,0,-1.1274394e-11,2.27411e-09,2.7883413e-11,1.0824233e-13,4.118811e-09,1.4001329e-11
380000,366,208,0,-3.8729678e-13,3.4677258e-11,2.8521632e-21,1.2049494e-35,1.3056391e-14,1.6230722e-12
380000,383,339,0,-3.2880683e-13,9.219874e-12,2.8665106e-14,7.734783e-21,3.0636256e-20,4.8583316e-12
380000,391,290,0,-2.8234985e-13,3.2102958e-13,1.00439314e-32,0.0,1.2659774e-26,2.2875908e-15
380000,404,160,0,-1.0521712e-12,8.283863e-11,2.0448357e-12,3.276065e-16,2.3252925e-14,1.946342e-12
380000,418,353,0,-2.248003e-13,3.1700933e-12,6.921846e-24,1.0783156e-38,3.0385168e-22,1.5670338e-11
380000,143,270,0,-1.487743e-13,3.8968343e-13,7.2013e-40,0.0,3.2042687e-25,1.7348319e-12
380000,38,216,0,-3.9158124e-13,1.3630933e-12,3.6893366e-12,1.1153415e-15,2.6251598e-18,2.0021008e-10
380000,204,66,0,-7.0074507e-13,5.821212e-11,8.2758327e-16,8.9723335e-24,3.5241403e-15,1.930576e-10
380000,26,248,0,-2.2665095e-13,7.6925296e-14,1.01344124e-16,6.78037e-26,6.879874e-33,5.109417e-11
380000,86,209,0,-1.9345011e-13,1.726872e-11,3.1397307e-15,1.8014474e-22,9.9403775e-18,2.784722e-13
380000,374,360,0,1.1051803e-12,4.1418826e-12,1.4319561e-20,3.0912048e-32,1.6147156e-25,1.3708932e-12
380000,364,91,0,-1.0383561e-13,3.7050088e-13,2.6385065e-22,3.5185158e-33,7.7817638e-28,1.6241947e-10
380000,237,364,0,2.7789294e-13,2.836071e-16,2.7061917e-15,4.2847018e-23,4.968971e-29,4.223982e-13
380000,439,86,0,-1.0645092e-12,1.6927751e-11,5.319153e-12,1.3435399e-15,3.678907e-18,3.2534047e-09
380000,431,188,0,2.3619054e-10,7.031803e-11,8.1424416e-11,8.343319e-12,2.9725426e-12,3.0524014e-09
380000,244,68,0,-6.284171e-13,1.877066e-11,1.359992e-15,5.277887e-21,7.984746e-18,1.4879972e-10
380000,325,418,0,-1.1848595e-13,9.770251e-15,6.0607373e-22,1.2788552e-37,3.929579e-39,3.0591698e-09
380000,30,369,0,-1.1244762e-12,7.858278e-11,9.8112985e-14,1.6796265e-18,2.7202308e-17,3.2009904e-09
380000,465,316,0,-7.0918477e-13,2.4368237e-11,1.27990665e-11,2.366951e-14,2.1019051e-16,2.993475e-09
380000,15,400,0,-6.514191e-13,7.0542977e-12,1.4458358e-13,6.920854e-19,1.5885446e-22,3.469721e-09
380000,367,435,0,1.2763497e-11,5.4928115e-12,1.6392368e-10,8.414984e-12,1.936128e-12,3.052033e-09
380000,56,114,0,-8.048167e-13,4.447475e-11,2.7318356e-16,9.2786516e-26,4.623443e-15,3.4329005e-11
380000,49,110,0,-9.318541e-13,8.09327e-11,3.3343062e-20,4.601906e-32,3.1253304e-13,1.2205443e-11
380000,414,481,0,-1.0311168e-12,7.274942e-11,1.5185183e-19,5.625771e-32,1.1102623e-11,1.2186843e-11
380000,25,251,0,-3.2636835e-13,6.786516e-13,3.6432872e-18,4.170097e-29,3.731933e-28,3.0199423e-09
380000,338,106,0,-5.960396e-13,1.9868525e-11,4.0107837e-17,2.0565648e-26,4.3021803e-20,1.2424569e-13
380000,25,263,0,-4.5241605e-13,7.590718e-11,8.422275e-23,5.8816873e-37,2.1568611e-10,3.127621e-09
380000,483,392,0,-1.0877311e-12,2.5457652e-11,4.762911e-14,1.03191985e-20,3.502656e-20,2.9955656e-09
380000,425,452,0,-1.0958386e-12,1.01741386e-10,1.0995061e-12,4.1963647e-17,2.2047522e-10,3.0730969e-09
380000,398,79,0,3.4774223e-13,3.3047426e-11,6.827788e-11,2.2901553e-12,4.110969e-13,2.9932177e-09
380000,457,471,0,-9.514888e-13,2.0138724e-11,1.1166776e-12,1.721555e-17,8.976497e-17,3.4796963e-09
380000,38,43,0,-1.4524765e-12,9.629644e-11,3.0054723e-11,2.7103198e-13,5.8547996e-13,3.165704e-09
380000,422,471,0,-8.980071e-13,4.1427004e-11,3.87273e-13,1.3650181e-18,3.3436126e-17,3.1781182e-09
380000,122,299,0,-5.840548e-14,4.3555515e-14,1.3281248e-15,3.961667e-22,1.1785689e-26,5.5337382e-15
380000,479,234,0,-1.4521735e-13,6.283853e-13,4.6974824e-14,3.3523774e-19,1.1931705e-22,3.0032152e-09
380000,272,486,0,-5.6259977e-13,5.5591733e-12,9.057078e-12,6.5587417e-15,4.26736e-17,5.0095705e-11
380000,479,146,0,-1.184165e-12,3.1969087e-11,2.6881172e-18,3.74926e-29,2.822468e-17,3.0126874e-09
380000,13,306,0,-6.0941286e-13,2.453775e-11,1.3977382e-11,3.475644e-14,8.157778e-16,3.112411e-09
380000,73,339,0,-6.9760164e-13,4.9395748e-11,2.0191755e-17,2.937032e-28,3.3839428e-15,3.0205116e-09
380000,71,92,0,-9.100411e-13,9.0728994e-11,1.49991e-14,1.328397e-21,3.8714602e-13,3.0593832e-09
380000,293,64,0,1.06992734e-10,7.660255e-12,3.624551e-11,1.615025e-13,3.6557895e-15,2.997606e-09
380000,469,244,0,-9.8919794e-14,9.481587e-12,1.9061495e-11,4.1710792e-14,7.716385e-16,3.0916707e-09
380000,104,5,0,-1.7896576e-12,1.4231036e-10,1.3237987e-19,1.9232765e-30,1.7153156e-13,3.3864533e-09
380000,131,488,0,-6.2240946e-13,2.5610571e-11,8.2946656e-11,8.15273e-12,2.6288568e-12,3.1196095e-09
380000,408,108,0,5.7641636e-10,4.8700523e-11,3.5895542e-22,7.0613604e-37,4.2808918e-13,2.9889986e-09
380000,83,81,0,-7.151921e-13,3.825454e-11,3.1719924e-12,1.0011255e-15,2.2104225e-17,3.1510203e-09
380000,221,435,0,-4.3532484e-13,3.5170217e-11,3.4623013e-09,7.191878e-10,1.1532665e-09,1.7772166e-11
380000,244,388,0,2.5520763e-10,1.0504147e-13,3.5763117e-18,6.6526255e-29,1.9383199e-35,3.4453093e-11
380000,14,40,0,-1.7055649e-12,1.2901705e-10,3.4625045e-09,7.191878e-10,1.3909863e-09,1.6433417e-12
380000,58,387,0,4.365901e-13,2.2704423e-11,2.170085e-13,5.896712e-19,2.870091e-16,3.0762375e-09
380000,471,211,0,-1.6470079e-13,1.7787832e-11,3.0433058e-12,7.3653813e-16,1.9339419e-18,3.0459388e-09
380000,5,56,0,-1.3260998e-12,1.1763983e-10,1.3116485e-13,4.4924903e-19,2.2480563e-11,3.3295022e-09
380000,37,360,0,-5.2546503e-13,3.2917464e-12,4.1782373e-14,5.562409e-20,3.085106e-24,3.8962056e-09
380000,380,471,0,-5.664841e-13,7.411146e-12,1.8446669e-17,1.8711041e-25,2.855132e-23,2.9972151e-09
380000,85,7,0,-1.5492011e-12,9.1440196e-11,1.0799401e-11,1.4153697e-14,2.6777864e-13,2.999171e-09
380000,379,169,0,-3.4616868e-13,2.8927078e-11,4.0917572e-35,0.0,1.2760644e-16,2.9888487e-09
380000,32,242,0,-7.322603e-14,6.7074506e-15,1.0287475e-16,6.9893816e-26,7.101779e-33,3.7361048e-10
380000,393,416,0,4.2580908e-11,1.4370195e-11,6.205863e-13,5.8838924e-18,1.0424991e-21,1.5380119e-11
380000,129,370,0,-1.1496128e-11,2.3516888e-09,6.827786e-11,2.2901553e-12,4.1257877e-09,2.015172e-12
380000,375,314,0,-1.11289155e-11,2.2719144e-09,9.228516e-23,5.6319194e-38,4.1188084e-09,4.609291e-12
380000,21,474,0,-1.3363302e-12,3.5636293e-11,2.2816065e-12,1.1305931e-16,4.865979e-18,2.4952596e-11
380000,266,206,0,-3.900206e-14,8.129008e-15,2.514435e-24,7.573256e-39,6.0149763e-33,7.841675e-27
380000,37,429,0,-6.804881e-13,3.4359987e-11,1.2866437e-11,4.6141835e-14,2.4552252e-13,4.16108e-11
380000,349,497,0,-1.1705312e-13,5.622736e-14,4.595884e-15,2.530366e-22,9.275501e-28,6.549856e-11
380000,489,98,0,-1.1125215e-12,9.8202786e-11,1.1089306e-10,1.6527881e-11,2.3477228e-10,1.200046e-10
380000,463,468,0,-9.284855e-13,5.4307676e-11,2.9455542e-11,1.626203e-13,1.343856e-13,3.545128e-11
380000,387,172,0,-4.4255536e-13,1.36254315e-11,3.128632e-31,0.0,4.6384822e-20,1.1123393e-12
380000,7,201,0,-4.9371005e-13,2.1972089e-11,6.629572e-12,3.4304568e-15,2.1893707e-17,1.9294948e-10
380000,194,112,0,-2.0791237e-13,1.2266815e-11,1.9184303e-11,3.850573e-14,3.257841e-16,2.1671278e-12
380000,458,487,0,-1.1437882e-12,1.0962402e-10,3.1759464e-13,5.9071925e-18,1.8868842e-11,7.246884e-11
380000,412,105,0,6.060409e-10,6.5085375e-11,4.047348e-21,4.143576e-35,1.0102999e-14,3.5969892e-13
380000,457,180,0,7.8625187e-13,2.1804224e-10,1.8936046e-16,4.3776914e-25,1.94883e-10,2.3064424e-11
380000,41,235,0,-6.653881e-14,6.132705e-14,2.2203545e-12,8.5736384e-17,8.5941655e-20,6.5578494e-11
380000,159,287,0,-2.1322298e-16,1.1055189e-24,1.509553e-32,0.0,0.0,1.8284336e-13
380000,175,295,0,-4.750418e-15,1.3055451e-18,7.389866e-15,1.9155994e-21,2.4797786e-26,1.378871e-11
380000,245,53,0,-6.705515e-13,8.77453e-11,1.2648253e-17,2.0687489e-24,1.8943586e-10,5.840338e-11
380000,120,313,0,-2.581862e-13,8.33699e-12,3.8458612e-20,2.2920042e-32,3.0863183e-21,2.9896103e-09
380000,475,15,0,-1.3185919e-12,7.7106085e-11,8.9570095e-14,5.397082e-19,5.5205413e-14,3.1848308e-09
380000,68,187,0,-3.0199725e-13,3.5710317e-12,3.4628964e-09,7.191879e-10,1.1532664e-09,1.0333931e-10
380000,378,449,0,1.6103097e-13,9.430773e-12,2.4519443e-19,1.6093701e-29,1.3371752e-23,3.0784524e-09
380000,70,233,0,-8.6318085e-14,2.9483927e-13,4.3085353e-12,2.8970335e-16,2.0057055e-19,4.5902664e-13
380000,19,38,0,-1.7188166e-12,1.00146884e-10,1.0134222e-15,5.587145e-23,3.3417584e-14,9.509257e-12
380000,468,117,0,-1.2408137e-12,9.752897e-11,3.0512897e-12,6.359494e-16,5.6788087e-13,7.218511e-11
380000,440,307,0,-4.5453731e-13,2.037503e-11,1.620142e-10,1.0876072e-11,2.6758344e-12,2.9225403e-11
380000,386,10,0,-9.736964e-13,1.3700595e-10,1.6863456e-15,3.1257388e-22,5.498305e-12,4.223352e-11
380000,489,482,0,-9.171654e-13,5.9574685e-11,1.114407e-12,1.164397e-17,7.6079585e-12,3.265358e-09
380000,77,25,0,-1.3885436e-12,7.419558e-11,8.46399e-11,7.953647e-12,2.5475943e-12,3.0583973e-09
380000,322,17,0,-1.0037359e-12,2.2340246e-11,6.731404e-17,1.432979e-26,1.2412043e-18,1.1037792e-11
380000,80,244,0,-1.5804832e-13,2.377278e-11,3.4005296e-13,1.3742886e-18,1.4899493e-15,3.1948362e-09
380000,275,482,0,-6.0077437e-13,2.5002616e-11,1.5653741e-15,1.892514e-23,8.300244e-19,4.6731174e-11
380000,106,470,0,-1.1803227e-12,6.6987936e-11,1.1448241e-11,8.107773e-15,2.7677256e-13,3.1409695e-09
380000,406,445,0,-9.0211025e-13,9.473838e-12,3.6330183e-17,5.1584185e-27,2.7249677e-22,3.4082854e-09
380000,50,439,0,-1.3737539e-12,6.931393e-11,2.9343773e-15,4.8112613e-21,1.4299826e-13,3.0935001e-09
380000,261,18,0,-3.2237025e-13,4.275827e-13,1.2928939e-13,6.479323e-19,9.200637e-23,3.1047902e-09
380000,214,55,0,-1.0452099e-12,1.08346054e-10,1.7945579e-19,4.5956394e-31,1.946604e-10,3.7738968e-11
380000,41,306,0,-4.3970855e-13,1.14479355e-11,2.65968e-18,2.4299378e-29,8.7129785e-21,3.042048e-09
380000,191,174,0,-5.758624e-14,2.2290108e-15,1.443e-42,0.0,3.7063e-41,4.6542506e-13
380000,435,240,0,2.4834466e-11,1.3448367e-11,1.1223887e-15,1.6914339e-23,1.977061e-19,3.0262204e-09
380000,31,79,0,-1.2397302e-12,2.7905851e-11,2.1184186e-15,1.2105323e-21,9.291238e-19,3.1275025e-09
380000,473,369,0,-1.0915488e-12,4.883788e-11,5.395776e-23,4.6777625e-37,1.1542515e-16,6.8373904e-11
380000,466,454,0,-8.8812285e-13,4.434452e-11,2.4351066e-12,4.62247e-16,1.4299854e-13,3.1723209e-09
380000,402,20,0,-6.054705e-13,1.9863902e-11,1.279992e-15,1.4331536e-23,4.46992e-16,1.6768903e-10
380000,440,442,0,-2.0151114e-12,7.845293e-11,1.3993064e-11,1.2987972e-14,1.1841412e-16,3.0159337e-09
380000,200,436,0,-5.719304e-13,1.836536e-11,3.9156588e-13,7.318906e-18,5.617132e-19,3.124762e-09
380000,456,428,0,-1.1641782e-12,4.212004e-11,5.666007e-17,2.3001079e-25,2.0708702e-13,2.2819396e-10
380000,461,497,0,-2.5580777e-13,6.447278e-11,1.846738e-11,3.1275153e-14,5.7141162e-12,9.604701e-11
380000,419,4,0,-9.393128e-13,1.08742904e-10,1.4036948e-10,1.67059e-11,2.0586188e-10,3.0075202e-09
380000,382,53,0,-9.725913e-13,3.820473e-11,1.7623146e-17,5.9321185e-27,1.4665987e-17,4.8427755e-11
380000,483,62,0,-1.2465657e-12,2.3687129e-11,1.9036077e-12,8.568774e-17,1.5255178e-18,6.5678024e-10
380000,308,422,0,-5.768091e-14,5.1151256e-16,1.5607335e-17,7.279653e-28,7.0429596e-36,3.116563e-09
380000,222,51,0,-1.0007094e-12,9.1050445e-11,4.692909e-12,1.4520406e-15,2.010028e-10,1.2671447e-11
380000,492,22,0,-1.5959841e-12,1.7594387e-10,8.277656e-15,1.3691227e-20,2.0526805e-10,3.0788447e-09
380000,255,457,0,-3.255634e-13,6.196421e-12,1.36951e-16,2.9115754e-25,8.3639426e-22,3.0199405e-09
380000,67,31,0,-1.6373658e-12,6.3100664e-11,7.6493265e-12,1.4514179e-14,5.1962e-16,3.0481153e-09
380000,432,81,0,-7.3194516e-13,5.9966955e-11,2.7044192e-14,3.8883794e-21,1.5867726e-14,3.16864e-09
380000,412,395,0,-1.3811203e-12,9.592501e-11,7.1883085e-12,2.7498787e-15,1.5362355e-14,8.652523e-13
380000,28,457,0,-2.1583857e-12,1.3574442e-10,1.1280264e-14,2.4532363e-21,3.439107e-13,3.0081055e-09
380000,441,497,0,-4.8390084e-13,4.2302143e-12,1.5426974e-10,1.0869537e-11,2.6757908e-12,1.7978839e-10
380000,346,480,0,-4.4414114e-13,2.0430489e-11,2.2263155e-14,1.0354818e-20,5.7727956e-17,3.0197767e-09
380000,90,71,0,-7.453671e-13,1.5657054e-11,1.7317809e-11,2.2174226e-14,1.6355759e-16,3.15816e-09
380000,285,319,0,-7.8799644e-14,1.9240044e-12,2.3584127e-18,2.534754e-26,9.794429e-25,3.854938e-15
380000,268,477,0,-4.827469e-13,6.4609346e-11,5.269623e-15,1.7557092e-22,9.387725e-12,7.221725e-11
380000,403,464,0,-7.245004e-13,2.6982834e-11,5.223638e-16,5.847366e-24,5.7555765e-19,3.024416e-09
380000,499,185,0,-1.8879814e-13,9.2064086e-14,2.8891693e-11,8.5532465e-14,3.861479e-15,3.2923138e-09
380000,464,59,0,-1.1939274e-12,6.9288374e-11,1.3915674e-12,2.2332982e-16,6.853066e-13,4.0908554e-11
380000,18,333,0,-7.224424e-13,3.9226455e-11,6.878119e-21,1.0274329e-34,3.776612e-13,4.473885e-11
380000,497,116,0,-1.2163622e-12,7.425586e-11,1.12303e-13,6.413869e-20,2.2440866e-10,3.207981e-09
380000,423,386,0,-7.485382e-13,2.8504495e-12,2.0855025e-10,1.5918884e-11,4.0358736e-12,1.7692705e-11
380000,92,43,0,-6.1642846e-13,6.3571396e-12,1.8421964e-19,1.4185747e-30,1.1045853e-24,4.4560546e-11
380000,387,15,0,-1.0180187e-12,1.09689965e-10,8.276606e-16,8.9723335e-24,1.6636993e-10,3.0211313e-09
380000,369,3,0,-5.028451e-13,1.1480671e-11,1.9203289e-14,2.4322955e-20,2.9974026e-21,3.202895e-09
380000,253,437,0,-3.4960384e-13,3.760129e-12,1.6193247e-13,1.4700925e-19,2.6943279e-20,1.3562163e-11
380000,212,164,0,-1.488534e-13,7.2135e-14,1.6729771e-29,0.0,8.7477055e-30,3.1055166e-18
380000,7,276,0,-4.2811626e-13,4.0741256e-12,1.0029755e-14,3.9191814e-22,1.1259961e-23,8.590225e-11
380000,477,227,0,-3.762835e-15,2.9619132e-13,2.3144283e-14,6.4349074e-21,8.152533e-26,3.0609792e-09
380000,468,475,0,-1.2996289e-12,1.01273726e-10,6.722595e-11,8.014075e-13,9.609109e-12,4.923303e-11
380000,468,4,0,-1.408283e-12,9.019956e-11,9.589321e-11,6.0602864e-12,1.7722279e-12,3.214006e-09
380000,70,167,0,-2.9327216e-13,6.5419306e-13,2.4370978e-16,8.620636e-24,2.848027e-26,2.9946283e-09
380000,220,37,0,-8.2581034e-13,4.9874115e-12,2.635234e-12,5.433066e-16,1.1143516e-18,4.5755698e-11
380000,354,9,0,-9.113114e-13,8.1538803e-11,6.6131225e-18,1.4628785e-27,2.7509436e-12,3.4701948e-09
380000,210,8,0,-1.0396927e-12,5.3482222e-11,6.7522564e-11,2.4052674e-12,2.1530529e-10,1.499274e-10
380000,233,467,0,-5.575903e-13,1.2609726e-11,5.9818645e-17,1.1690358e-25,2.1438918e-21,1.0013163e-10
380000,77,461,0,-2.4541406e-12,3.9250736e-10,3.7119956e-12,2.6240064e-15,4.7482646e-11,3.014325e-09
380000,67,56,0,-5.4081755e-13,1.6221949e-11,4.638978e-13,3.7193076e-18,2.5577162e-17,3.0163434e-09
380000,448,135,0,-1.0780271e-12,2.2278767e-11,2.1680958e-12,5.49934e-16,2.8203918e-18,3.1312272e-11
380000,459,119,0,-1.133377e-12,1.8541915e-11,4.2009275e-13,6.5060423e-18,3.0024594e-21,3.0057024e-09
380000,446,56,0,-8.287842e-13,2.964514e-11,6.4722906e-12,1.521711e-15,7.4415e-17,3.2634766e-09
380000,192,77,0,-2.8521966e-13,5.5640423e-12,7.923633e-20,1.7261482e-31,1.0624478e-21,2.9891125e-09
380000,3,496,0,-3.0466428e-12,1.4266072e-10,7.4455817e-11,1.8335778e-12,2.2260045e-13,2.9906149e-09
380000,325,14,0,-1.0943815e-12,6.151481e-11,1.2234412e-20,1.0966775e-31,8.724459e-15,2.9908143e-09
380000,320,381,0,-3.9821531e-13,1.7866218e-12,7.865991e-23,1.2696768e-36,2.240064e-27,7.486306e-11
380000,494,455,0,-6.95585e-13,7.036798e-11,3.4706482e-09,7.191905e-10,1.3730668e-09,1.3049112e-10
380000,55,421,0,-1.3588676e-12,1.2455757e-10,8.603058e-13,2.698409e-17,1.2793264e-11,6.631564e-11
380000,430,120,0,4.45856e-13,3.248165e-11,3.4622618e-09,7.191878e-10,1.1532664e-09,2.5364827e-11
380000,26,446,0,-1.2058506e-12,1.2107029e-10,5.4492245e-16,1.937732e-25,5.9155827e-13,3.1061362e-09
380000,84,111,0,-8.1365855e-13,7.025275e-11,4.7124046e-17,8.251739e-24,1.5186704e-11,2.0703121e-09
380000,1,389,0,-6.390763e-13,1.3005479e-11,8.778988e-17,1.6466014e-25,3.6231002e-20,3.377792e-09
380000,141,419,0,-1.6295831e-13,9.461524e-12,6.686713e-11,2.5202655e-12,2.5692951e-13,3.183019e-09
380000,79,54,0,-6.053478e-13,4.542634e-11,1.7494915e-12,9.220068e-17,7.6079585e-12,3.009116e-09
380000,159,426,0,-4.548625e-13,1.1458738e-10,4.4389195e-14,3.9579306e-20,1.1999529e-10,9.2688995e-11
380000,86,51,0,-5.84579e-13,6.242116e-11,3.557273e-15,2.4450396e-20,8.934029e-12,3.0068956e-09
380000,10,387,0,-8.878085e-13,7.009933e-11,1.6704892e-14,3.6012804e-20,8.113526e-12,3.2655834e-09
380000,484,48,0,-1.5939841e-12,1.282136e-10,7.4957115e-12,3.123629e-15,4.796644e-12,2.0269748e-10
380000,5,302,0,-6.524182e-13,1.5423211e-11,3.4818592e-09,7.1923034e-10,1.1532667e-09,5.3120845e-11
380000,345,436,0,-8.4627075e-13,8.520964e-11,1.8813414e-18,3.878948e-30,2.6159691e-14,1.0959416e-11
380000,316,80,0,-6.694476e-13,3.445518e-11,9.042441e-24,1.386333e-36,3.2962936e-13,3.0271508e-09
380000,47,189,0,-3.8894026e-13,1.4056532e-11,1.2307368e-11,2.1518738e-14,2.629344e-16,3.0645344e-09
380000,320,494,0,-2.2805862e-13,1.2606973e-12,1.7646619e-15,6.04138e-23,1.031327e-26,1.00673445e-11
