mcsteps,xCOM,yCOM,zCOM,il8,il1,il6,il10,tnf,tgf
990000,84,376,0,2.117551e-09,4.2378667e-11,2.2068095e-14,9.388798e-23,4.738683e-16,2.1528353e-10
990000,432,181,0,2.1206885e-09,2.855641e-11,2.3258745e-12,8.72323e-16,4.2961023e-13,1.1740829e-10
990000,409,105,0,2.1176103e-09,2.2655116e-11,3.5526276e-17,1.5704336e-28,3.4210293e-10,1.07472004e-10
990000,247,394,0,2.1178526e-09,4.584477e-11,1.03957024e-13,1.9077669e-20,2.5704153e-10,1.6363838e-10
990000,132,141,0,2.117936e-09,2.3256933e-11,9.1008996e-21,1.6459807e-35,2.5807986e-15,2.6619804e-10
990000,286,72,0,2.1177604e-09,2.4644805e-11,4.8196907e-13,3.5188382e-19,6.020699e-14,1.8766436e-10
990000,365,385,0,2.1210769e-09,9.262392e-12,4.337481e-13,8.237714e-18,6.676945e-18,1.5463424e-10
990000,379,420,0,2.1210071e-09,2.2574505e-11,7.4596357e-13,2.817125e-18,5.4558514e-14,2.580723e-10
990000,426,219,0,2.1928854e-09,7.501338e-12,4.967384e-12,1.3766746e-15,4.700434e-18,1.9872458e-10
990000,444,225,0,2.190774e-09,1.8912049e-11,4.6524082e-12,4.9917405e-15,6.2086556e-17,1.9849591e-10
990000,89,494,0,-1.004669e-12,3.3648726e-11,3.810493e-11,2.1983591e-12,3.4513217e-10,4.796713e-10
990000,416,180,0,1.1213597e-10,5.172449e-11,7.921976e-18,1.825613e-31,6.6329524e-12,1.9680703e-10
990000,197,126,0,-4.3033472e-13,1.904858e-11,3.0332165e-14,7.169006e-21,3.5151065e-13,4.7428193e-11
990000,386,28,0,-7.3428676e-13,2.161581e-11,7.807747e-13,2.0631584e-18,3.696551e-15,2.564611e-10
990000,18,311,0,-6.2327e-13,4.5744353e-11,3.326594e-11,1.447362e-13,9.840971e-12,2.152961e-10
990000,310,262,0,-1.9974506e-13,4.085046e-12,1.7460556e-11,2.1556571e-13,1.0251762e-14,1.5830273e-11
990000,450,434,0,-1.2799767e-12,5.125674e-11,2.200285e-13,7.692753e-20,2.7456344e-14,5.0059606e-10
990000,426,276,0,-2.108478e-13,1.4209452e-11,9.0866205e-14,2.7906218e-20,3.8499504e-17,3.667824e-10
990000,251,415,0,5.029177e-11,1.0598356e-11,8.332021e-14,9.6620247e-20,8.67548e-12,1.7054928e-10
990000,252,103,0,-1.6517807e-13,2.6655757e-11,2.057179e-12,1.2636433e-16,5.783403e-19,1.300791e-10
990000,483,478,0,-7.735195e-13,4.5936026e-11,3.8778713e-11,9.875367e-12,1.3832086e-11,4.4793635e-10
990000,246,417,0,3.8997038e-11,1.1611214e-11,5.247292e-15,2.2082852e-24,6.086649e-15,2.2363288e-10
990000,103,459,0,-1.0213078e-12,2.5692741e-11,1.1710788e-11,1.5733666e-14,1.0005816e-15,1.9468967e-10
990000,197,238,0,-6.379618e-14,9.783593e-12,4.3163088e-14,1.2710522e-21,1.1576929e-17,1.3944546e-10
990000,185,205,0,-4.1576284e-14,2.314772e-14,1.2018519e-24,1.5825e-41,0.0,9.394217e-11
990000,13,232,0,-3.1872936e-13,1.14844904e-11,6.993164e-12,1.9014744e-14,6.9365506e-11,6.932738e-10
990000,135,326,0,-3.9542138e-13,1.5351357e-11,4.983358e-17,2.493813e-29,2.743432e-15,2.1010056e-10
990000,314,464,0,-2.9959528e-13,7.735722e-12,2.637701e-12,6.486302e-16,3.9596863e-15,2.0089833e-10
990000,253,30,0,-4.797245e-13,2.6757208e-11,5.220675e-13,9.003623e-18,6.11269e-13,6.592684e-10
990000,183,417,0,-4.4279885e-13,1.0569688e-11,2.1556939e-11,1.3860609e-12,7.642409e-13,1.4389427e-10
990000,216,84,0,-4.5233787e-13,1.3873058e-11,5.87596e-14,3.0562637e-20,7.0271094e-15,9.6054345e-11
990000,242,185,0,-2.5459168e-14,1.0589161e-15,1.6074518e-17,6.9865855e-30,1.70932e-40,4.9852508e-11
990000,15,224,0,-3.3687712e-13,1.4399439e-11,2.2331564e-12,2.250175e-16,4.1695786e-15,2.1753387e-10
990000,255,446,0,-2.0801023e-13,1.4861543e-11,1.1663466e-11,8.556908e-14,3.939433e-13,2.5521013e-10
990000,380,48,0,-8.2362806e-13,3.0880343e-11,2.809192e-11,1.9098977e-13,2.047798e-14,3.387162e-10
990000,416,211,0,1.9041359e-10,1.700714e-11,7.145316e-13,1.36827965e-17,2.7619425e-14,1.3768818e-10
990000,113,417,0,-4.6671e-13,5.4114397e-11,4.5245033e-13,4.4437532e-18,2.213751e-12,1.6633003e-10
990000,212,185,0,-1.13468534e-13,1.6453939e-11,4.7385796e-27,0.0,5.0768973e-14,1.5665495e-11
990000,72,76,0,-5.2954033e-13,2.6389179e-11,8.75741e-12,1.0621513e-14,2.0100195e-14,3.966434e-10
990000,315,303,0,-1.8312604e-13,1.0944e-11,1.1013501e-24,0.0,8.491464e-12,3.6033552e-12
990000,401,12,0,-6.119972e-13,2.6530176e-11,4.335763e-12,4.5606854e-15,7.8729356e-11,6.45013e-10
990000,334,341,0,-1.03339395e-13,5.1912615e-12,6.2633123e-31,0.0,3.5696873e-20,1.01732504e-10
990000,490,429,0,-1.0854824e-12,5.4314928e-11,1.5935234e-11,9.868221e-15,6.285588e-12,6.408329e-10
990000,27,243,0,-2.7206934e-13,9.003446e-13,2.1105888e-12,1.263833e-16,1.0063692e-20,2.7404867e-10
990000,124,379,0,1.565612e-12,1.4749877e-11,1.2736186e-14,3.7617145e-23,1.1243898e-13,7.53724e-11
990000,286,430,0,-1.892307e-14,1.9036678e-12,3.837698e-11,1.7368744e-11,1.9916884e-11,1.3055496e-10
990000,405,452,0,7.9710473e-13,2.4133185e-11,3.2103896e-16,4.110978e-26,3.6729334e-14,2.8656594e-10
990000,428,459,0,-9.508767e-13,2.2316671e-11,2.1080991e-11,1.1765509e-13,1.1737807e-15,3.0116148e-10
990000,248,209,0,-3.2847267e-14,9.72539e-13,4.6088132e-20,2.2779468e-36,7.264705e-27,2.0624331e-12
990000,22,376,0,-8.9992586e-13,5.295878e-11,7.785189e-12,1.5686517e-14,7.7775565e-15,2.0426484e-10
990000,76,80,0,-5.417084e-13,2.7569447e-11,1.1510002e-11,1.00384524e-13,6.634127e-14,2.1502572e-10
990000,133,345,0,-5.448824e-13,3.7259765e-11,2.3131684e-13,1.0894363e-19,6.9631245e-11,4.4886244e-11
990000,105,345,0,2.6923847e-12,3.4985452e-11,8.1409147e-16,1.612412e-26,2.4647327e-17,2.510517e-10
990000,184,155,0,-1.54504e-13,8.770656e-12,8.610763e-18,1.5952613e-29,4.4787703e-18,1.03959015e-10
990000,405,319,0,-2.2461185e-13,1.9525015e-12,2.474001e-12,2.5847374e-16,5.1736057e-20,1.2500702e-10
990000,94,478,0,-1.0798217e-12,4.5330684e-11,5.2791583e-15,5.05722e-24,3.6222986e-10,4.491375e-10
990000,229,88,0,-4.88076e-13,1.9530433e-11,1.9901191e-13,8.2297705e-20,9.4901056e-14,1.7346144e-10
990000,329,468,0,-4.5143015e-13,3.1559217e-11,3.5095312e-11,1.0412285e-11,5.318584e-11,1.0192778e-10
990000,335,151,0,-1.2193324e-12,8.270026e-11,1.01396885e-19,8.255668e-34,1.4084589e-13,5.5267776e-11
990000,29,80,0,-9.465001e-13,4.3483498e-11,5.1767388e-14,2.309715e-20,2.0081671e-13,4.6948895e-10
990000,313,262,0,-2.1189917e-13,4.156975e-12,2.3799116e-12,1.7847498e-16,1.7270546e-19,8.242961e-11
990000,33,361,0,-5.566e-13,2.1714665e-11,2.15876e-11,1.4043208e-12,1.4892094e-13,4.9014076e-10
990000,168,493,0,-6.0828024e-13,2.071299e-11,2.8533651e-12,5.3338935e-16,3.2825314e-12,5.9946853e-10
990000,418,216,0,3.4125788e-10,1.4633805e-11,2.2685234e-11,1.4701916e-13,3.2342822e-15,2.2384382e-10
990000,127,27,0,-1.1792876e-12,5.3122937e-11,7.989543e-14,1.3407919e-20,1.7286546e-09,2.844034e-10
990000,186,99,0,-3.2592226e-13,1.5152978e-11,5.677205e-18,2.1079012e-32,1.4944555e-19,2.5138358e-10
990000,290,28,0,1.9080378e-13,4.2947416e-11,3.1472512e-14,1.4182339e-21,7.0249175e-11,2.89372e-10
990000,60,264,0,-1.1457786e-13,1.1141903e-13,3.1590324e-11,7.421657e-13,5.3918204e-14,2.945046e-10
990000,238,373,0,4.0311785e-11,9.164961e-14,8.564584e-16,5.1647287e-26,5.507062e-35,9.328482e-11
990000,44,185,0,-4.656159e-13,2.0238112e-11,3.3956202e-12,7.134363e-16,5.0957506e-12,4.2570864e-10
990000,197,90,0,-3.6411667e-13,1.4127672e-11,7.8547915e-12,1.098423e-14,9.1411035e-17,2.2415557e-10
990000,336,168,0,-2.751117e-13,4.594512e-12,6.180879e-14,6.505451e-21,5.061444e-25,1.3857689e-10
990000,421,351,0,-3.2946096e-13,6.794023e-12,3.914941e-15,4.502635e-22,5.8555e-19,1.3475092e-10
990000,190,492,0,-6.861535e-13,3.7774343e-11,1.5163485e-11,1.7806584e-13,6.5578194e-12,4.269091e-10
990000,408,278,0,-2.85713e-13,1.3532801e-11,4.2971732e-20,2.5787834e-36,4.070694e-14,8.3196255e-11
990000,291,1,0,-3.9923384e-13,5.702451e-12,4.3008045e-11,5.931858e-12,1.8812844e-12,3.4332284e-10
990000,151,493,0,-6.022875e-13,3.2776698e-11,8.296424e-12,4.465899e-15,3.1474685e-13,2.8859257e-10
990000,433,249,0,3.3589305e-11,1.4781202e-11,2.3936933e-14,4.9077676e-21,6.782342e-20,2.6354555e-10
990000,344,439,0,1.6972963e-12,3.4948516e-11,1.3129622e-13,3.0501102e-20,4.5247465e-12,2.0123503e-10
990000,353,250,0,-2.3604035e-13,1.1171434e-11,4.713791e-25,0.0,3.9007243e-14,4.7932432e-11
990000,190,173,0,-1.431472e-13,9.1041e-13,1.7885414e-13,7.605499e-20,2.3325345e-25,3.6076232e-11
990000,289,479,0,-4.0116494e-13,2.469428e-11,1.5040112e-11,5.2244403e-14,3.546023e-10,1.2729649e-10
990000,234,491,0,-4.5725755e-13,2.3855525e-11,7.057043e-20,1.970357e-35,5.7367734e-13,2.3737384e-10
990000,80,240,0,-1.5740847e-13,8.290615e-12,1.7748806e-11,5.865134e-13,2.944815e-14,3.4269718e-10
990000,40,340,0,-4.63289e-13,1.5078647e-11,3.9067512e-12,2.0513054e-15,1.7040334e-15,3.5515252e-10
990000,253,121,0,-5.1624286e-13,4.0685986e-11,8.7800044e-21,5.9506316e-37,3.286102e-10,4.5497425e-11
990000,145,126,0,6.327975e-11,1.0428257e-12,2.925718e-23,1.61e-43,8.0678415e-32,4.2098244e-10
990000,400,236,0,1.09167e-11,9.217993e-12,3.269579e-15,6.5352344e-25,9.051995e-13,1.14699444e-10
990000,360,305,0,-2.3186913e-13,4.5446134e-12,4.5102917e-24,7e-45,6.099227e-23,2.0856518e-11
990000,176,1,0,-8.1942325e-13,3.6249018e-11,8.6842094e-14,1.0073139e-20,3.42813e-10,7.542459e-10
990000,358,252,0,-2.1945024e-13,4.579769e-12,5.64548e-25,1e-44,2.1987868e-23,3.023057e-11
990000,350,324,0,-3.1367262e-13,9.249063e-12,5.411481e-19,1.1851883e-33,1.1667967e-19,1.0323329e-11
990000,165,80,0,-6.2133333e-13,1.9609784e-11,1.3721957e-12,5.764131e-17,7.750814e-14,2.145879e-10
990000,440,342,0,-4.447333e-13,2.4265702e-11,2.075469e-12,6.3039427e-16,1.9363218e-12,1.5293962e-10
990000,62,294,0,-2.3278352e-13,1.7846521e-11,8.699607e-12,1.07085454e-14,1.8253338e-16,1.9420736e-10
990000,145,34,0,-8.1829693e-13,2.9843333e-11,6.139343e-12,5.43865e-16,5.0619674e-16,1.0176561e-09
990000,32,322,0,-5.3122095e-13,1.4275544e-11,6.6535523e-12,7.5796484e-16,1.9751795e-18,4.0879744e-10
990000,99,179,0,-1.172226e-13,9.146584e-12,6.753516e-13,3.6404e-18,1.7452175e-18,1.7325455e-10
990000,151,26,0,-7.419175e-13,3.0595138e-11,5.8184776e-11,3.7267242e-12,4.016686e-11,4.2972761e-10
990000,451,92,0,-3.5700734e-13,6.259214e-11,6.6447404e-14,4.9614212e-21,6.838002e-12,4.0730433e-10
990000,75,498,0,-1.2029187e-12,4.5481636e-11,4.4291726e-16,4.9241083e-26,2.5809044e-17,2.1880839e-10
990000,133,69,0,-6.0962455e-13,2.5490488e-11,6.0865386e-15,7.103078e-24,3.5383455e-15,3.0637934e-10
990000,239,117,0,-6.826182e-13,2.9018425e-11,4.4134823e-24,0.0,6.863241e-16,1.2229999e-10
990000,136,398,0,-2.6773527e-13,1.6604697e-11,1.3834544e-11,3.093103e-13,7.259644e-14,1.16388905e-10
990000,251,493,0,-4.2304647e-13,1.0545499e-11,2.7876258e-13,5.8709594e-19,1.0256978e-18,3.5608105e-10
990000,22,69,0,-1.1107808e-12,6.0641256e-11,6.78746e-12,1.3256064e-14,3.3910647e-10,2.2484378e-10
990000,383,312,0,-2.887038e-13,7.0201696e-12,8.6402386e-19,5.7387413e-31,2.8784015e-22,1.2249257e-10
990000,413,310,0,-2.3262027e-13,1.0662668e-12,1.3383236e-11,1.0401545e-13,1.0931985e-15,1.6541658e-10
990000,388,365,0,1.1121561e-11,4.0663736e-11,2.0976521e-16,1.6554766e-27,3.101133e-11,2.2970739e-10
990000,40,212,0,-3.9835688e-13,1.8154176e-11,3.087682e-11,1.6391163e-11,2.1585029e-11,3.6746817e-10
990000,331,68,0,7.980698e-15,1.9494635e-11,4.272781e-13,1.6801026e-18,1.7326654e-13,2.247162e-10
990000,268,269,0,-2.2975923e-14,2.2944092e-15,3.631619e-29,0.0,0.0,7.130595e-11
990000,136,30,0,-9.661265e-13,5.6732976e-11,7.8869786e-11,3.5224955e-11,1.0003927e-10,5.350846e-10
990000,291,142,0,-3.337693e-13,2.1320631e-11,2.4695754e-19,3.836622e-35,4.0707184e-14,5.734145e-11
990000,468,150,0,-2.532452e-13,2.4765785e-11,1.4408521e-11,1.2992655e-14,3.0077926e-15,2.0205139e-10
990000,466,185,0,5.971943e-12,2.9643225e-11,3.8900338e-11,3.025535e-11,9.549063e-11,3.6629835e-10
990000,366,94,0,5.613678e-13,6.8676656e-13,3.246636e-17,1.3162751e-28,2.4423118e-30,1.3951222e-10
990000,195,10,0,-1.0709683e-12,4.3300818e-11,3.537944e-11,1.7197305e-12,1.6414016e-13,8.3329577e-10
990000,217,247,0,-2.6900426e-14,3.9942232e-15,2.1675573e-31,0.0,1.3786e-41,1.01825076e-10
990000,132,307,0,-2.1190538e-13,7.6464555e-12,2.7466954e-12,2.23344e-16,8.308545e-12,7.5282974e-11
990000,46,439,0,-1.1391645e-12,4.1260738e-11,7.1303575e-13,6.095508e-19,3.1976474e-12,4.274658e-10
990000,282,468,0,-4.759426e-13,2.1654213e-11,8.176005e-16,3.8702334e-25,8.2593336e-14,1.6563965e-10
990000,154,451,0,-3.807025e-13,1.7953472e-11,3.8933817e-10,2.9304673e-11,8.980328e-11,3.5857756e-10
990000,481,72,0,-1.2422412e-12,4.3826335e-11,1.9690098e-12,3.1894774e-16,6.858898e-13,6.5258177e-10
990000,228,93,0,-5.418045e-13,3.249663e-11,1.600103e-15,7.5815986e-26,3.9314216e-10,3.4184075e-10
990000,302,333,0,-1.4199713e-13,2.6478927e-11,7.935369e-18,1.5336582e-30,1.721868e-11,9.245175e-11
990000,450,13,0,-9.415507e-13,4.0533292e-11,2.7437132e-11,9.753429e-12,1.3389867e-11,4.840503e-10
990000,54,384,0,9.8859835e-12,2.5039446e-11,5.330886e-12,5.15036e-16,2.2803653e-12,1.7182655e-10
990000,308,497,0,-2.8722383e-13,1.7001699e-11,9.5776245e-14,2.21951e-20,3.0660842e-13,1.5618358e-10
990000,183,187,0,-9.7845634e-14,2.2907002e-12,9.618658e-13,2.4026136e-17,2.9946214e-21,5.1008597e-11
990000,387,375,0,3.2820503e-11,3.337379e-11,7.2201983e-13,4.7824584e-18,2.635838e-15,1.00795976e-10
990000,277,273,0,-6.263972e-14,2.6800812e-14,1.9182116e-30,0.0,2.9688515e-37,2.316246e-11
990000,438,204,0,1.513112e-10,3.4768435e-11,2.2748619e-11,9.968318e-14,3.3918598e-10,1.9866522e-10
990000,410,116,0,2.2336635e-10,2.1902261e-11,2.368377e-14,4.100107e-21,2.4850473e-15,3.203082e-10
990000,374,102,0,4.835674e-12,7.004681e-12,8.209567e-15,1.11164875e-23,1.5123413e-16,1.8520178e-10
990000,253,457,0,-4.74475e-13,7.726479e-12,7.649411e-12,1.2151937e-14,5.8104455e-17,1.6039517e-10
990000,216,373,0,3.1894407e-12,3.5729275e-13,9.0630946e-14,7.207135e-21,2.9265226e-27,3.2672842e-10
990000,43,382,0,7.708256e-13,3.3157366e-11,1.3858424e-12,2.2741228e-17,9.353336e-13,5.5851557e-10
990000,229,211,0,-7.648574e-14,5.3432194e-12,1.8175542e-32,0.0,7.706616e-23,1.4686314e-12
990000,498,37,0,-1.441981e-12,7.135937e-11,4.094431e-11,1.1411729e-12,8.217613e-12,5.317444e-10
990000,381,437,0,9.4533006e-11,8.093941e-12,1.4483586e-13,3.4650576e-20,4.898895e-16,2.0759051e-10
990000,83,336,0,1.5854742e-12,1.3510163e-11,4.4009116e-16,2.8361023e-27,5.008115e-20,1.2843272e-10
990000,16,394,0,-9.753017e-13,4.5707008e-11,3.7313427e-11,6.0200673e-12,5.5879086e-11,6.7542694e-10
990000,439,119,0,6.1940305e-12,6.1362686e-11,1.0972785e-11,1.4154207e-14,1.883542e-12,2.770836e-10
990000,393,364,0,4.6703635e-12,4.0855243e-11,1.5296868e-14,8.669761e-23,6.551449e-14,3.165863e-10
990000,216,73,0,-5.7751015e-13,2.1974847e-11,4.7939202e-14,1.0035143e-19,7.6355946e-13,7.606792e-10
990000,341,2,0,-5.529976e-13,2.676561e-11,1.3114254e-16,9.050788e-28,3.868971e-11,2.708899e-10
990000,316,453,0,-3.0892625e-13,7.2398303e-12,2.130681e-11,1.4396466e-12,1.5338434e-13,2.225399e-10
990000,429,236,0,1.6876188e-10,2.2849774e-11,2.8235164e-14,9.095556e-22,5.3146306e-13,2.7014552e-10
990000,99,186,0,-1.9541196e-13,4.0194675e-12,5.2449957e-15,2.030386e-24,2.845717e-23,1.3304531e-10
990000,426,278,0,-2.494405e-13,9.652249e-12,8.941931e-15,1.1743823e-22,3.341106e-20,2.733978e-10
990000,117,104,0,1.1705383e-12,6.188296e-11,5.0616593e-15,2.119999e-24,3.0686396e-13,3.1829275e-10
990000,446,431,0,-1.2469278e-12,5.5303963e-11,3.351953e-14,2.639896e-22,9.174329e-13,4.8145693e-10
990000,82,313,0,-2.613163e-13,1.1804275e-11,6.04655e-14,2.2239225e-21,2.992308e-16,4.1636442e-10
990000,222,372,0,7.000357e-12,4.9904314e-13,4.0902668e-12,3.0665066e-15,6.313957e-18,4.2122364e-10
990000,10,195,0,-5.538368e-13,2.3489545e-11,7.331689e-12,2.0320132e-15,3.2589793e-14,2.8052535e-10
990000,401,171,0,7.485065e-12,2.840772e-11,1.0780114e-16,3.769002e-27,4.4406397e-15,1.4378365e-10
990000,201,287,0,-1.7679532e-13,8.961804e-12,1.6129862e-26,0.0,5.3384686e-21,4.278899e-11
990000,148,367,0,-3.161111e-13,1.474091e-11,2.2257635e-11,1.1634102e-13,3.4410316e-10,1.4729998e-10
990000,207,105,0,-3.767311e-13,1.0664471e-11,4.4545497e-15,8.271893e-25,3.021299e-15,1.8273442e-10
990000,436,21,0,-7.8515807e-13,3.780825e-11,1.7529653e-11,1.8453987e-13,7.79562e-13,4.258997e-10
990000,450,254,0,1.4248356e-11,2.7503057e-11,2.0440113e-11,1.0518211e-13,6.2300876e-12,2.2190313e-10
990000,329,251,0,-1.6853382e-13,1.4960407e-12,1.8744274e-15,2.0967807e-25,5.794718e-26,2.3577545e-10
990000,181,65,0,-4.70772e-13,1.4929717e-11,4.3372925e-13,7.907587e-19,9.046665e-12,7.6369695e-11
990000,421,57,0,-4.7742794e-13,4.343779e-11,8.0180606e-14,8.168544e-21,5.282767e-12,4.1994608e-10
990000,454,333,0,-5.1760576e-13,1.4247181e-11,1.5070149e-19,2.2620848e-34,1.0351716e-16,1.7034518e-10
990000,187,27,0,-7.329675e-13,4.2010628e-11,2.9885767e-11,5.9804774e-12,3.3902073e-10,3.9062292e-10
990000,435,256,0,1.0976321e-11,1.519644e-11,1.3550767e-14,9.477177e-22,1.698079e-16,2.1476114e-10
990000,178,25,0,-6.971848e-13,3.1917788e-11,1.3494039e-12,9.8903365e-17,1.7341823e-17,5.0814897e-10
990000,377,292,0,-2.122666e-13,1.4708228e-11,7.848279e-31,0.0,6.3796004e-12,2.1773179e-11
990000,4,162,0,-6.0368626e-13,1.6277799e-11,1.947133e-14,1.3854864e-21,2.0518195e-17,3.076901e-10
990000,288,137,0,-3.5142982e-13,7.737829e-12,9.234044e-16,3.2190942e-26,1.0234791e-21,1.1171739e-10
990000,411,57,0,-3.5668053e-13,4.4382924e-11,1.8261103e-11,4.4495102e-13,1.3700284e-10,1.3730823e-10
990000,103,26,0,-1.1274738e-12,3.0755575e-11,5.2416786e-12,2.756057e-15,1.7519563e-15,2.894272e-10
990000,333,90,0,-5.7032965e-13,2.6961617e-11,2.855155e-14,5.7436965e-22,1.6583481e-19,2.4458196e-11
990000,186,194,0,-7.2312965e-14,8.391948e-13,1.6593606e-16,1.3328484e-25,2.0156996e-29,7.208567e-11
990000,378,138,0,3.6189297e-13,9.534953e-12,3.8490368e-16,2.791044e-26,3.3913408e-10,1.5345092e-10
990000,456,16,0,-1.0331037e-12,5.4430852e-11,1.1938718e-12,2.1677434e-17,2.64778e-11,3.3326578e-10
990000,33,255,0,-2.1433941e-13,2.4752119e-12,8.9993984e-14,2.2393038e-20,6.226762e-26,4.93474e-10
990000,199,27,0,-8.0165713e-13,2.736105e-11,2.5600055e-11,2.2302325e-12,5.421924e-13,2.9889752e-10
990000,82,65,0,-5.5114144e-13,2.3559531e-11,2.4412698e-11,1.4939578e-12,1.570592e-09,2.2619914e-10
990000,172,253,0,-1.1839302e-14,4.262391e-17,1.5320252e-11,4.0109477e-13,3.1482914e-14,1.4722853e-10
990000,451,236,0,1.806774e-10,3.0728805e-11,6.152778e-12,2.1536918e-15,2.6462927e-12,2.377055e-10
990000,38,50,0,-1.1956884e-12,5.546608e-11,1.5620814e-11,3.9369753e-13,1.1835653e-10,7.804257e-10
990000,482,152,0,-5.594985e-13,3.101238e-11,1.5793925e-13,3.680269e-20,4.671307e-13,2.7658606e-10
990000,370,345,0,1.4767137e-12,2.334643e-11,3.4101964e-11,1.0326912e-11,1.5504785e-09,1.4431932e-10
990000,198,155,0,-2.605121e-13,1.5785413e-11,2.8540934e-23,1.28e-43,4.1107445e-17,5.292605e-11
990000,328,126,0,-3.8175788e-13,1.5829482e-11,1.14450715e-11,1.1272696e-13,2.0710833e-14,3.2034801e-09
990000,333,293,0,-3.1874747e-13,2.3860735e-11,2.7615368e-34,0.0,1.8497556e-12,3.1088075e-12
990000,257,313,0,-3.8477786e-14,1.35446845e-14,7.5936667e-20,1.2467636e-34,7e-45,5.689828e-12
990000,54,66,0,-6.569154e-13,1.6279715e-11,2.0899428e-12,2.5433021e-17,2.6582744e-19,3.464392e-10
990000,386,19,0,-6.758416e-13,3.4686178e-11,9.038775e-12,4.9967875e-15,6.838313e-13,3.356038e-10
990000,280,193,0,-4.795225e-14,1.0967498e-12,1.1972161e-15,1.3155026e-24,3.0062846e-29,2.7248765e-13
990000,302,38,0,2.4195745e-12,3.9770815e-11,3.4497646e-12,2.9380209e-16,1.5598554e-14,2.6197708e-10
990000,406,301,0,-2.3542274e-13,1.6272735e-11,1.4136574e-12,6.629313e-17,4.5388058e-11,1.0661298e-10
990000,260,193,0,-2.1823235e-14,9.137925e-15,2.4725031e-11,1.9712613e-12,1.9891644e-13,4.5497568e-11
990000,206,336,0,-2.7539378e-13,1.961991e-11,9.0851274e-23,2.23e-43,3.425879e-11,4.040217e-12
990000,412,5,0,-6.1046475e-13,2.247537e-11,6.9945026e-12,1.17425795e-14,7.5523203e-13,3.3360145e-10
990000,229,54,0,-7.268257e-13,5.71274e-11,1.8405224e-11,4.9239036e-13,7.469181e-11,1.3614378e-10
990000,261,467,0,-4.1284516e-13,7.327481e-12,1.988895e-12,3.5614265e-16,1.1056679e-19,2.5754987e-10
990000,497,476,0,-1.4301686e-13,1.07145395e-11,1.8890731e-11,1.6048853e-12,2.1807237e-13,2.4636135e-10
990000,471,215,0,1.5931097e-11,1.862578e-11,2.4891098e-12,1.4527911e-16,3.5701442e-11,2.0620912e-10
990000,156,64,0,-5.8345955e-13,2.8479736e-11,1.4859369e-14,1.2892503e-22,1.7536439e-12,3.1129008e-09
990000,171,132,0,1.6351655e-12,1.2240437e-11,9.439795e-12,9.016242e-15,2.0256303e-17,1.341819e-10
990000,365,227,0,-3.5083877e-13,2.1584939e-11,1.0758712e-10,1.02074954e-11,2.9936175e-12,5.686965e-10
990000,80,191,0,-2.5230995e-13,1.872272e-11,1.1602227e-15,8.39737e-25,6.8916156e-13,4.998268e-10
990000,39,263,0,-1.6332342e-13,5.334107e-12,5.5414198e-11,1.0587517e-11,5.6823383e-12,1.9446839e-10
990000,393,461,0,3.9490435e-13,2.7111334e-11,1.7932506e-11,2.7848248e-13,8.68429e-12,3.618732e-10
990000,498,274,0,-5.581927e-13,1.3717294e-11,8.1453e-12,3.3601357e-15,2.9882055e-18,3.1872271e-10
990000,270,288,0,-1.4997974e-14,3.2617646e-18,2.821126e-19,5.3105116e-31,5.53409e-40,9.2607005e-11
990000,256,201,0,-2.4730033e-14,1.22604275e-14,1.1464168e-13,1.0486174e-19,5.631648e-25,2.7949065e-13
990000,218,464,0,-5.1474184e-13,1.6305873e-11,3.1672557e-13,2.2831407e-18,5.479828e-15,3.651683e-10
990000,450,137,0,-3.9877308e-13,2.8546889e-11,3.7439312e-11,5.6732574e-12,1.5130642e-12,4.764066e-10
990000,305,452,0,-2.4949823e-13,8.77168e-12,2.6414412e-14,8.719151e-22,1.700449e-15,2.601315e-10
990000,326,380,0,1.9624638e-12,1.0275913e-11,3.8688408e-18,5.5980626e-32,9.843105e-21,4.7501298e-11
990000,193,85,0,-3.8966746e-13,1.5598021e-11,9.546707e-13,6.058196e-17,1.2593721e-15,1.6701365e-10
990000,446,412,0,-1.0885111e-12,3.8486162e-11,3.0974823e-11,6.006722e-12,8.937466e-12,3.730806e-09
990000,412,206,0,8.278068e-11,1.0252203e-11,2.151735e-15,2.5122133e-24,4.954476e-21,3.098077e-09
990000,325,459,0,-4.1087676e-13,1.9192843e-11,2.0972737e-11,1.4733645e-12,3.155984e-11,3.1682397e-09
990000,67,204,0,-2.5522206e-13,1.5437228e-11,8.78846e-12,1.921582e-14,6.2695763e-13,3.382281e-09
990000,195,19,0,-8.8019343e-13,2.1844184e-11,1.2993724e-11,5.2501945e-14,5.0178293e-14,3.6917422e-09
990000,269,20,0,-4.973798e-13,4.371266e-12,1.6972176e-12,6.3317275e-17,4.1655394e-21,3.3960357e-09
990000,374,184,0,-3.4850885e-13,1.3000287e-11,1.6507631e-12,1.4065768e-16,4.2426047e-19,3.197703e-09
990000,219,135,0,-6.6258186e-13,4.547421e-11,9.395332e-13,5.0521687e-17,4.511064e-14,1.9874803e-10
990000,119,405,0,1.3260478e-13,2.100799e-11,2.6434016e-14,5.703723e-22,4.8701772e-18,3.36007e-10
990000,361,393,0,3.0919967e-10,3.3261907e-12,6.729781e-15,7.775349e-24,7.884664e-24,2.6346023e-10
990000,228,57,0,-7.295527e-13,6.759487e-11,4.4759235e-12,4.9914957e-15,9.65448e-11,2.028489e-10
990000,132,21,0,-9.322702e-13,3.73885e-11,6.9590296e-14,4.8351223e-21,8.8402425e-16,6.1274014e-10
990000,382,332,0,-2.7617597e-13,1.9358052e-11,1.7307524e-14,3.2631104e-22,3.4554554e-10,1.7512641e-10
990000,151,352,0,-4.4078185e-13,2.5132488e-11,5.7595366e-16,6.3267276e-25,1.8497954e-09,8.879394e-11
990000,211,181,0,-1.2171267e-13,1.5869635e-11,1.526358e-25,2.54e-43,6.203934e-11,4.5509527e-10
990000,110,190,0,-1.3213816e-13,9.464026e-12,1.5217883e-18,7.5867956e-33,3.9026653e-15,2.649943e-10
990000,140,33,0,-9.079194e-13,4.361316e-11,7.201656e-11,5.698077e-12,1.479854e-12,4.307533e-10
990000,278,493,0,-5.1175595e-13,3.3779122e-11,3.6730285e-11,1.5553778e-12,1.6165662e-09,2.4409755e-10
990000,303,0,0,-3.988393e-13,3.5040814e-12,2.2440218e-13,1.0239687e-19,1.0471649e-24,4.70084e-10
990000,363,32,0,-8.243613e-13,3.852893e-11,2.125123e-11,1.422183e-12,1.4931036e-13,3.2038672e-10
990000,181,283,0,-7.623774e-14,7.843107e-13,2.1032422e-19,2.2328041e-33,1.4304805e-27,3.0780338e-09
990000,369,464,0,2.2397711e-13,1.8014715e-11,3.5753612e-11,1.7765532e-11,1.9177784e-11,3.3804775e-09
990000,481,216,0,2.6534473e-12,1.1474416e-11,1.3698655e-12,2.0816491e-17,4.1634885e-16,3.393282e-09
990000,417,85,0,4.8580324e-11,3.5637757e-11,5.921851e-12,3.8305297e-16,5.7108195e-14,3.7233587e-09
990000,114,377,0,1.2140969e-11,2.0538458e-11,1.7129712e-14,9.5786716e-23,3.7000377e-15,3.154019e-09
990000,342,486,0,-3.4871216e-13,4.4828702e-12,2.9793666e-14,4.4113314e-22,2.3365597e-24,3.2869047e-09
990000,80,41,0,-8.739407e-13,4.2342796e-11,3.675394e-12,1.8707074e-15,2.112378e-12,3.300038e-09
990000,493,35,0,-1.4059073e-12,6.683529e-11,9.947521e-12,5.1839285e-15,6.8648184e-11,3.4801284e-09
990000,381,460,0,1.4593272e-12,2.608579e-11,8.4726914e-13,2.2590064e-17,4.0721017e-14,3.1628007e-09
990000,238,447,0,-2.582546e-13,1.735987e-11,2.4599748e-11,7.220807e-14,7.237155e-12,3.3115366e-09
990000,366,3,0,-5.775938e-13,1.6067262e-11,3.6138547e-12,3.8632937e-16,6.8214016e-14,3.5040912e-09
990000,417,119,0,1.0838433e-10,2.3987689e-11,5.906971e-12,4.033368e-15,1.1819297e-17,3.1527798e-09
990000,119,462,0,-7.9313e-13,3.9240687e-11,3.3862793e-15,6.837902e-25,4.270492e-12,3.2669667e-09
990000,147,106,0,2.6097833e-12,7.00568e-13,1.5754095e-17,1.8391276e-28,2.1127706e-26,3.1648901e-09
990000,96,301,0,-1.6965555e-13,7.3855965e-12,6.120058e-13,5.4028352e-18,7.1221146e-14,3.2291025e-09
990000,468,334,0,-6.162338e-13,2.8595779e-11,3.899586e-17,2.526573e-30,4.486832e-15,3.1524747e-09
990000,61,366,0,2.7888442e-11,1.7919213e-11,2.2818535e-12,2.1168697e-16,1.212032e-13,3.1153276e-09
990000,337,81,0,-4.8216314e-13,2.9412757e-11,1.2060363e-18,2.5723915e-30,7.1065945e-13,3.2975007e-09
990000,291,497,0,-4.1603114e-13,9.22176e-12,7.6954895e-18,4.3029225e-30,3.733617e-22,3.4336818e-09
990000,95,447,0,-1.0341889e-12,3.954909e-11,4.72844e-13,3.3024208e-18,5.4034004e-12,3.2050176e-09
990000,303,415,0,-7.855265e-14,1.586348e-13,3.7772997e-12,2.5211012e-15,2.4571386e-18,3.1349614e-09
990000,363,9,0,-6.0651104e-13,2.5179407e-11,3.029899e-12,2.6888725e-16,1.6090025e-13,3.7258125e-09
990000,314,40,0,4.706564e-13,2.1700058e-11,2.8825496e-13,5.38235e-19,1.6045494e-19,3.25851e-09
990000,462,468,0,-1.1158443e-12,3.9363516e-11,1.43393995e-11,2.8566776e-13,5.630937e-13,3.2944227e-09
990000,51,304,0,-4.2365517e-13,1.0226799e-11,1.6256085e-11,5.6607025e-13,2.1702026e-14,3.233001e-09
990000,113,305,0,-1.9576597e-13,3.4878754e-12,1.4129945e-11,2.4359873e-13,6.9775512e-15,3.1174865e-09
990000,147,224,0,-6.489477e-14,5.5174793e-12,1.8108836e-11,5.5084098e-14,1.1109281e-15,3.071749e-09
990000,418,232,0,1.4429098e-10,3.1727718e-11,6.7382215e-12,1.9014538e-14,7.735347e-13,3.2948013e-09
990000,37,400,0,-8.1860343e-13,5.846254e-11,1.3542322e-11,2.916144e-13,4.37777e-14,3.490541e-09
990000,431,51,0,-7.297187e-13,1.9720114e-11,2.2501103e-11,1.5212771e-12,4.4926706e-13,3.2603518e-09
990000,136,430,0,-2.8984768e-13,1.1795623e-12,4.321674e-13,8.209506e-19,4.799425e-24,3.3737668e-09
990000,239,127,0,-4.4345544e-13,8.857771e-12,2.4309733e-23,2.7e-44,4.4988217e-14,3.270811e-09
990000,196,66,0,-6.0968906e-13,6.108312e-11,1.4945468e-11,4.2291672e-13,1.4373722e-11,3.7011063e-09
990000,243,379,0,1.1896929e-10,1.6615494e-12,9.986723e-13,8.276607e-17,4.9499153e-20,3.088481e-09
990000,189,234,0,-6.455605e-14,9.8343165e-12,2.7390782e-11,9.492668e-13,5.982276e-14,3.09375e-09
990000,59,431,0,-1.0193178e-12,3.528876e-11,6.0798987e-12,4.4133214e-16,4.4128142e-15,3.6497239e-09
990000,400,24,0,-6.589939e-13,2.0403337e-11,9.178998e-12,3.66764e-14,7.7828206e-14,3.5639518e-09
990000,352,358,0,1.2301782e-11,2.940026e-11,2.215807e-16,4.663574e-26,3.3184334e-16,3.040489e-09
990000,131,196,0,-3.3667445e-14,1.8863429e-12,1.1028646e-11,1.21031e-14,5.9808315e-17,3.050926e-09
990000,290,217,0,-1.5979519e-14,1.10867795e-14,1.1608344e-15,1.2327062e-25,3.0858977e-34,2.9956904e-09
990000,392,165,0,4.458117e-13,3.8179897e-11,3.8129076e-17,7.277802e-30,1.7123684e-13,3.082484e-09
990000,409,448,0,7.684107e-13,3.5360218e-11,1.3454954e-14,2.4220567e-22,1.1678011e-13,3.3597987e-09
990000,20,168,0,-5.917304e-13,1.810987e-11,5.2210538e-11,3.7783422e-11,9.165686e-11,3.4113739e-09
990000,367,419,0,2.0065978e-10,1.0905308e-11,1.1717917e-12,2.0085381e-17,5.9858955e-16,3.1681968e-09
990000,142,223,0,-5.65959e-14,1.0594907e-12,1.1274378e-12,6.752699e-18,1.1525291e-22,3.1721434e-09
990000,166,32,0,-6.0366355e-13,2.3529269e-11,1.5355858e-12,1.838624e-16,8.443643e-12,3.2617078e-09
990000,244,329,0,-7.454597e-14,2.6692526e-13,3.1467667e-27,0.0,3.8146546e-36,3.062361e-09
990000,37,225,0,-2.7895402e-13,3.3347422e-12,1.6485059e-12,4.8276428e-17,2.2746512e-20,3.9284838e-09
990000,187,30,0,-7.088509e-13,3.6633956e-11,8.2945656e-12,4.195794e-14,7.645583e-12,3.7363876e-09
990000,357,225,0,-3.4644263e-13,1.5341409e-11,5.166887e-12,6.2235072e-15,1.8975088e-16,3.1063463e-09
990000,139,421,0,-3.1554276e-13,4.0375294e-12,3.3564627e-11,2.5563434e-12,8.827455e-13,3.2743102e-09
990000,78,183,0,-2.9446546e-13,2.1586902e-11,1.7375185e-14,2.7302092e-22,3.9210597e-12,3.3948764e-09
990000,102,336,0,4.2086958e-13,2.0890893e-11,3.2926218e-15,5.683906e-25,4.7243595e-14,3.1100094e-09
990000,477,212,0,4.6202382e-12,1.3948355e-11,2.6308162e-11,5.9989084e-12,2.326608e-12,3.290166e-09
990000,382,318,0,-3.088467e-13,9.5827886e-12,4.6518603e-18,1.8227802e-32,1.7825769e-19,3.2377017e-09
990000,453,30,0,-1.0151097e-12,3.4693342e-11,3.25021e-11,2.683758e-11,9.643017e-11,3.6827577e-09
990000,194,116,0,-3.2985339e-13,6.914495e-12,1.5822888e-11,5.864254e-13,2.3565781e-14,3.0479146e-09
990000,448,176,0,9.940838e-11,7.103859e-11,2.0608222e-11,2.4572857e-12,3.4191347e-10,3.1303347e-09
990000,43,2,0,-1.9354914e-13,2.476943e-11,1.3510356e-12,9.574051e-17,4.555361e-11,3.1066796e-09
990000,214,17,0,-8.1452835e-13,3.1786355e-11,2.297786e-14,2.81425e-22,1.0821005e-13,3.3218708e-09
990000,401,314,0,-2.2684621e-13,5.2350177e-12,4.032453e-11,1.8501065e-11,1.7633443e-11,3.3997598e-09
990000,419,461,0,-8.088437e-13,3.0809685e-11,5.3477486e-11,1.0318797e-11,1.0254655e-11,3.4951755e-09
990000,230,20,0,-6.573507e-13,2.2701865e-11,1.5184784e-10,5.841096e-11,1.3780437e-10,3.5567638e-09
990000,205,418,0,-1.2437501e-13,2.6180075e-11,2.9595246e-12,1.2893075e-16,7.6260366e-11,3.4694554e-09
990000,355,438,0,1.23227045e-11,1.3198762e-11,8.7775605e-14,4.3019395e-20,2.283084e-20,3.5116576e-09
990000,473,190,0,1.4293479e-12,4.6793933e-11,5.881555e-12,6.802663e-15,7.966276e-13,3.3965925e-10
990000,201,389,0,1.1950865e-13,1.7157161e-11,1.7450695e-11,4.923789e-13,1.6017454e-14,3.6683337e-10
990000,448,244,0,7.444908e-11,1.6195517e-11,6.4165496e-12,1.6087796e-15,1.2969353e-17,3.6174513e-10
990000,142,354,0,-4.588831e-13,1.36768825e-11,9.968732e-18,2.7420458e-30,7.837676e-17,1.0618755e-10
990000,93,408,0,6.4553692e-12,2.0566672e-11,2.6599894e-15,8.154078e-25,6.6769675e-13,4.8621485e-10
990000,268,357,0,1.0302466e-12,1.5097198e-11,5.5193932e-18,1.0504204e-29,2.941586e-19,1.2064692e-10
990000,22,486,0,-1.7217716e-12,5.4055996e-11,1.0910009e-11,1.4109338e-14,7.60613e-12,3.9958528e-10
990000,435,256,0,1.0976321e-11,1.519644e-11,1.3550767e-14,9.477177e-22,1.698079e-16,2.1476114e-10
990000,178,233,0,-3.199313e-14,2.7796348e-14,3.3974367e-15,3.6032837e-23,9.8386695e-30,1.0451324e-10
990000,402,146,0,1.3637597e-12,4.0433937e-11,2.4842257e-13,4.4580237e-19,7.638e-13,8.616733e-11
990000,385,472,0,-4.7600183e-13,2.2382542e-11,2.0378468e-11,3.2970488e-13,7.957896e-12,2.5651545e-10
990000,35,2,0,-1.9145269e-13,1.7232249e-11,3.25494e-11,2.6039684e-11,9.649838e-11,1.2873348e-10
990000,131,384,0,8.3169725e-14,2.5417461e-12,5.7720257e-13,3.5462503e-18,1.2039832e-22,7.8192397e-10
990000,17,473,0,-1.6820118e-12,5.1181424e-11,3.4564324e-11,1.6956056e-11,2.7706339e-11,3.471129e-09
990000,463,482,0,-8.700886e-13,4.563906e-11,3.3730382e-12,1.1218503e-16,7.7666454e-13,3.555274e-09
990000,126,143,0,4.4364756e-10,3.6335154e-11,4.1442638e-18,4.6850243e-30,1.2069429e-11,3.2384129e-09
990000,367,176,0,-3.9377312e-13,1.8908479e-11,7.76937e-21,1.2264936e-32,6.666703e-11,3.0465939e-09
990000,478,366,0,-1.0191069e-12,5.7503172e-11,7.473825e-13,1.4090527e-17,1.5704226e-09,3.305196e-09
990000,291,409,0,4.095965e-13,2.2512515e-12,2.0342212e-13,7.4982313e-20,8.517021e-23,3.1109748e-09
990000,294,166,0,-1.3652997e-13,1.5926372e-13,1.4187445e-31,0.0,8.8348e-41,2.9909029e-09
990000,461,159,0,3.3089718e-12,3.1068325e-11,3.0251382e-13,1.2239866e-18,3.573788e-11,3.427808e-09
990000,427,447,0,-1.0534254e-12,5.353005e-11,1.3427302e-11,1.196427e-13,1.5989139e-12,3.4623162e-09
990000,301,75,0,1.2245178e-10,3.0290093e-11,5.5155133e-14,1.9682343e-21,3.3195733e-13,3.4112115e-09
990000,316,95,0,2.472429e-12,1.7942828e-11,7.8258423e-13,9.122765e-18,7.356427e-21,3.1565481e-09
990000,39,196,0,-4.769472e-13,1.9306322e-11,1.9112115e-11,1.9290591e-13,3.0293303e-12,3.3943746e-09
990000,133,274,0,-2.0498742e-13,1.9513911e-11,2.1901393e-23,2.2e-44,3.645826e-16,3.2272072e-09
990000,231,348,0,2.1562126e-13,2.5280333e-12,4.1631938e-13,5.124301e-18,1.6021479e-21,3.0143097e-09
990000,188,292,0,-1.2947396e-13,1.2428128e-11,1.1127722e-16,9.4818364e-29,1.2150164e-18,2.992051e-09
990000,261,12,0,-4.608047e-13,1.018635e-11,8.950032e-12,2.9317423e-14,2.186395e-16,3.7285868e-09
990000,485,385,0,-1.1445322e-12,6.336998e-11,3.1450073e-15,1.7326458e-25,1.5188857e-09,3.7143852e-09
990000,73,307,0,-2.6394284e-13,2.936614e-12,5.8767086e-13,7.306858e-18,3.7099944e-22,3.1266474e-09
990000,30,124,0,-8.467249e-13,2.7205859e-11,4.2992873e-11,2.9367418e-11,9.5794095e-11,3.3226593e-09
990000,241,483,0,-4.2250245e-13,2.4033333e-11,7.175004e-15,1.7241639e-22,3.430128e-10,3.487092e-09
990000,44,460,0,-1.5776525e-12,9.162011e-11,1.0323015e-10,5.1309144e-11,9.5098276e-11,3.4197911e-09
990000,310,28,0,-4.997714e-13,3.263844e-11,9.407012e-12,8.963553e-15,5.865125e-17,3.1610303e-09
990000,25,486,0,-1.6635287e-12,5.551909e-11,2.075145e-11,4.4918908e-13,7.109173e-11,3.3001477e-09
990000,479,421,0,-1.2073085e-12,6.611211e-11,7.1952696e-12,1.0543826e-14,2.5422229e-11,3.5370673e-09
990000,52,202,0,-3.8099062e-13,2.5228318e-11,2.5881202e-11,5.2911874e-13,4.91305e-13,3.1746437e-09
990000,85,120,0,-4.9329404e-13,2.5738684e-11,2.0922463e-11,2.8757655e-13,5.1666977e-13,3.3144474e-09
990000,189,496,0,-6.811683e-13,4.752269e-11,7.332152e-13,3.4735154e-17,3.4556244e-10,3.5495207e-09
990000,131,429,0,-3.5691445e-13,4.5875547e-12,2.128559e-12,4.9304946e-16,3.5672895e-19,3.6897614e-09
990000,484,115,0,-9.497503e-13,4.5655004e-11,1.3961052e-11,3.0930876e-13,3.6287914e-11,3.3221164e-09
990000,393,496,0,-8.5590487e-13,3.5548068e-11,4.06985e-11,9.695577e-12,1.15053835e-11,3.2964214e-09
990000,156,280,0,-7.3336655e-14,9.881521e-15,1.0815964e-28,0.0,1e-45,3.1355283e-09
990000,241,402,0,2.5851069e-10,2.8351635e-11,1.2224472e-11,6.118061e-14,4.6574583e-16,3.191118e-09
990000,444,479,0,-8.9390415e-13,5.797547e-11,2.6088803e-11,2.2103502e-12,3.2892165e-11,3.293518e-09
990000,159,499,0,-5.815636e-13,1.1344487e-11,2.3886706e-12,5.1992077e-17,1.1323104e-20,3.5332466e-09
990000,227,12,0,-6.53016e-13,1.6129093e-11,2.5262698e-15,5.844879e-23,7.295715e-17,3.2666245e-09
990000,466,434,0,-1.2989274e-12,6.279457e-11,6.7776934e-12,2.4823728e-15,3.8408245e-14,3.7565635e-09
990000,219,70,0,-6.2652075e-13,2.2250311e-11,2.0028676e-16,7.8907e-25,1.1891601e-15,3.518578e-09
990000,302,172,0,-1.4096436e-13,1.5208243e-13,1.4600388e-24,2.157e-42,3.828803e-39,3.0297571e-09
990000,168,18,0,-6.409519e-13,6.9031204e-12,2.7235372e-11,9.452069e-12,1.1344154e-11,3.3923897e-09
990000,417,11,0,-6.256454e-13,1.8934783e-11,4.8867846e-12,7.487949e-15,5.859455e-16,3.5960424e-09
990000,467,235,0,2.8978979e-11,3.4798022e-12,1.0392161e-11,5.0002083e-15,3.683945e-18,3.3268863e-09
990000,116,42,0,-1.2366564e-12,3.758673e-11,1.0472946e-14,4.0681095e-22,7.4485404e-17,3.3928798e-09
990000,492,386,0,-1.170589e-12,7.542762e-11,2.0505456e-14,3.3594933e-21,7.354748e-12,3.5882832e-09
990000,458,370,0,-9.774158e-13,4.6067948e-11,6.8316537e-12,1.1321007e-14,8.2208735e-13,3.341991e-09
990000,215,467,0,-5.2673404e-13,1.8377312e-11,2.8895371e-12,1.0324549e-16,1.0512066e-16,3.33955e-09
990000,128,147,0,3.871645e-10,2.8563405e-11,4.3463767e-22,3.1705356e-38,7.271774e-13,3.2777157e-09
990000,411,470,0,-7.526387e-13,3.1388437e-11,6.602761e-13,9.308193e-19,7.591362e-17,3.44843e-09
990000,342,478,0,-4.3716723e-13,1.8328722e-11,1.5416002e-12,2.2069213e-17,9.781919e-17,3.2734322e-09
990000,17,119,0,-8.6743373e-13,3.3878563e-11,9.611372e-13,1.3420742e-17,2.3377318e-12,3.2255978e-09
990000,434,329,0,-4.093978e-13,1.32443344e-11,1.431177e-16,4.7453797e-28,1.061459e-20,3.109515e-09
990000,96,438,0,-9.480785e-13,3.3397996e-11,3.2838978e-11,1.0186306e-11,9.906352e-12,3.355902e-09
990000,162,406,0,-5.3191446e-13,1.027483e-11,2.4526757e-14,1.9892192e-22,6.0384664e-23,3.151086e-09
990000,142,46,0,-8.2933644e-13,4.045612e-11,3.75691e-11,8.392175e-14,5.727167e-11,3.561236e-09
990000,231,36,0,-6.7388174e-13,1.7667432e-11,9.4335754e-12,1.1109932e-14,7.588675e-12,3.460183e-09
990000,440,79,0,8.218658e-13,4.7388593e-11,4.043224e-14,3.814545e-21,1.887534e-12,3.449145e-09
990000,164,181,0,2.3754388e-14,2.1e-12,3.7577036e-16,1.1470855e-26,7.459541e-28,3.0987777e-09
990000,56,241,0,-2.2154097e-13,4.3584416e-12,9.4670304e-14,2.2032532e-20,7.3987536e-23,3.3132972e-09
990000,114,300,0,-1.6641991e-13,8.2611007e-13,1.004062e-12,1.0442729e-17,2.0714999e-22,3.0559213e-09
990000,43,409,0,-7.9357804e-13,3.699275e-11,2.1711458e-13,1.5235243e-19,7.909664e-13,3.4625172e-09
990000,380,61,0,-6.1383667e-13,3.7588575e-11,4.706385e-11,1.075265e-11,7.0303326e-11,3.2864262e-09
990000,103,352,0,1.0754677e-11,3.5923698e-11,3.328397e-13,1.7339478e-18,1.7617025e-09,3.0700391e-09
990000,109,447,0,-8.442934e-13,5.6236436e-11,7.874219e-12,1.9026518e-14,6.918483e-12,3.150622e-09
990000,445,466,0,-1.1060158e-12,6.575115e-11,8.123939e-12,9.359218e-15,6.6696515e-10,3.4617371e-09
990000,393,400,0,4.0350234e-11,1.7938834e-11,3.491657e-13,1.7276365e-18,1.8317414e-09,3.4409033e-09
990000,13,151,0,-6.798454e-13,2.8759136e-11,9.1094854e-11,4.6816308e-11,8.565836e-11,3.8106647e-09
990000,487,275,0,-6.081241e-13,2.59386e-11,1.503659e-11,6.959231e-14,3.0726254e-13,3.3291647e-09
990000,97,48,0,-1.0078086e-12,2.792757e-11,8.752594e-13,7.350883e-17,1.5096057e-13,3.589587e-09
990000,492,0,0,-1.0434615e-12,5.15246e-11,4.351786e-12,1.0940087e-16,7.364881e-12,3.693816e-09
990000,27,387,0,-8.9850463e-13,3.879363e-11,3.096e-11,9.637558e-12,1.1845883e-11,3.6070225e-09
990000,61,40,0,-1.0715924e-12,4.628774e-11,3.8739498e-11,5.4144775e-12,1.2609536e-12,3.2203256e-09
990000,474,49,0,-1.1942472e-12,4.8228484e-11,3.5208468e-11,6.0062615e-12,2.38022e-12,3.7438594e-09
990000,474,33,0,-1.220028e-12,5.2365796e-11,3.3824325e-11,6.0527273e-12,2.4353304e-12,3.9381973e-09
990000,359,441,0,1.4593885e-11,1.5957066e-11,1.9183442e-12,1.634967e-17,5.971968e-14,3.696621e-09
990000,426,363,0,-4.2846082e-13,6.1605083e-12,2.7928452e-12,2.7776429e-16,1.8015452e-18,3.1212992e-09
990000,400,103,0,2.8949845e-10,1.7680482e-11,1.1337777e-14,8.349524e-23,6.3321755e-17,3.2461127e-09
990000,486,404,0,-9.716749e-13,3.854187e-11,2.8424457e-11,1.0696154e-12,6.226149e-11,3.5468675e-09
990000,174,422,0,-3.5831733e-13,1.2216187e-11,1.1654644e-12,1.7419582e-17,6.757209e-11,3.1396061e-09
990000,373,446,0,2.1586039e-11,2.209298e-11,4.480774e-13,2.0507356e-18,4.9448784e-17,3.8136196e-09
990000,467,29,0,-1.1519943e-12,4.821657e-11,5.8169723e-12,2.606042e-15,3.3966472e-11,3.6682963e-09
990000,278,320,0,-1.6306222e-13,1.0395502e-11,2.3397822e-15,1.04414395e-23,7.200153e-21,3.0189629e-09
990000,483,306,0,-9.670071e-13,1.3958501e-10,5.854288e-11,3.5197665e-12,4.5477953e-12,3.5348202e-09
990000,129,153,0,1.8553761e-10,1.3214147e-11,3.1934941e-24,3.9204e-41,3.1274808e-14,3.3233838e-09
990000,405,350,0,-2.461001e-13,1.5477102e-11,8.7319464e-13,1.9558992e-17,6.5973057e-13,3.1969718e-09
990000,27,271,0,-2.8153882e-13,7.235802e-12,1.0233809e-14,3.6472637e-22,6.529668e-20,3.173798e-09
990000,137,408,0,-3.8272616e-13,1.6794968e-11,3.340066e-11,7.2555314e-13,3.6119555e-14,3.2628442e-09
990000,123,354,0,1.2547983e-13,3.3246024e-11,1.157774e-11,1.9969642e-14,8.234834e-11,3.2469274e-09
990000,360,99,0,4.09745e-14,2.5859063e-12,8.483733e-17,5.8432985e-29,1.7148604e-22,5.05227e-10
990000,145,465,0,-1.1532356e-11,2.295225e-09,2.9081754e-11,6.125613e-14,4.1999355e-09,3.1943978e-10
990000,318,252,0,-1.475189e-13,1.6137272e-11,3.3837986e-15,4.4235916e-24,4.586206e-13,1.0507299e-11
990000,30,39,0,-1.3661818e-12,4.8979737e-11,2.5752518e-11,1.6397246e-13,3.942142e-15,5.3979143e-10
990000,387,203,0,1.2817231e-12,3.0385354e-12,4.39103e-12,2.8990679e-15,3.0375807e-18,2.2184421e-10
990000,12,18,0,-8.272536e-13,6.387735e-11,2.620104e-12,1.3541949e-15,7.590479e-14,5.314143e-10
990000,73,307,0,-2.6394284e-13,2.936614e-12,5.8767086e-13,7.306858e-18,3.7099944e-22,3.1266474e-09
990000,411,59,0,-1.4999087e-13,4.166337e-11,5.3077313e-12,8.5487385e-15,9.864576e-13,9.0640176e-11
990000,92,25,0,-1.1183545e-12,3.155355e-11,3.0242928e-12,9.2472625e-17,2.1741119e-17,1.6724179e-10
990000,151,22,0,-7.43884e-13,3.4840852e-11,4.334974e-12,9.363374e-16,4.932605e-13,5.5208516e-10
990000,247,75,0,1.8535562e-12,3.3446634e-11,3.268e-12,8.685957e-16,3.3653177e-10,2.7353805e-10
990000,326,0,0,-6.1421967e-13,1.112077e-11,4.357516e-11,1.5776859e-12,1.06757824e-13,3.8339157e-10
990000,144,149,0,1.387572e-10,3.544675e-12,8.9262e-14,7.4634626e-20,7.967055e-22,4.2713992e-11
990000,9,43,0,-7.695873e-13,6.046469e-11,2.1941613e-11,5.5647533e-13,3.4618233e-10,5.3533766e-10
990000,476,353,0,-7.0694015e-13,2.4994787e-11,8.685222e-12,3.6670594e-14,1.4936952e-13,4.2157364e-10
990000,280,36,0,3.2463674e-12,1.9919559e-11,2.8485027e-16,1.7051373e-26,1.6367686e-17,3.272049e-09
990000,301,396,0,-4.8860625e-14,1.8958617e-12,2.0406403e-13,7.8916024e-19,1.7956965e-23,3.1297487e-09
990000,255,59,0,6.096327e-12,2.135389e-11,3.2104482e-11,3.244545e-13,1.0417734e-14,3.363567e-09
990000,51,7,0,-6.504952e-13,4.9098413e-11,4.4157043e-11,1.8504007e-11,1.8610505e-11,3.4964913e-09
990000,391,89,0,3.277068e-11,2.963503e-11,1.3874793e-13,3.3775946e-20,3.7851142e-16,3.3285226e-09
990000,457,400,0,-1.0926727e-12,5.2284795e-11,1.9829029e-11,1.8008674e-13,7.7720133e-13,3.6291326e-09
990000,36,74,0,-8.682173e-13,3.0785124e-11,3.2648307e-12,5.765203e-16,9.0466705e-12,3.3462466e-09
990000,221,421,0,2.9461776e-12,1.8990118e-12,1.0644011e-12,3.8819576e-17,3.4481206e-21,3.166029e-09
990000,62,354,0,9.886477e-12,2.1863717e-11,5.7935693e-13,1.6976447e-18,6.7386316e-15,3.2883503e-09
990000,45,167,0,-6.3183654e-13,2.1036714e-11,4.677872e-13,1.1935304e-18,9.964828e-16,3.663226e-09
990000,114,304,0,-1.9128904e-13,2.5396616e-12,6.7780967e-12,1.2127968e-14,3.158797e-17,1.761662e-10
990000,464,461,0,-1.1605969e-12,3.9907775e-11,3.1454093e-11,5.981976e-12,2.664517e-12,3.5623886e-09
990000,474,441,0,-1.2327885e-12,4.975952e-11,6.5456395e-12,4.834781e-15,8.743687e-12,3.4880399e-09
990000,392,446,0,1.4229627e-11,1.5875986e-11,3.4254216e-15,2.037611e-24,2.8659247e-17,3.1657355e-09
990000,482,286,0,-6.003124e-13,1.2252426e-11,4.3278627e-11,2.8528393e-11,9.604382e-11,3.2515413e-09
990000,477,260,0,-4.1155198e-13,2.5692712e-11,1.0024441e-12,1.0782951e-17,9.051995e-13,4.5128176e-10
990000,143,497,0,-6.3668634e-13,2.3034121e-11,7.839214e-15,1.2906667e-21,4.75061e-15,3.2721892e-09
990000,91,411,0,3.83858e-12,2.3293966e-11,3.6962915e-14,5.725021e-22,8.675481e-12,3.4643353e-09
990000,77,259,0,-2.3587195e-13,1.2526098e-11,1.1774948e-12,1.8404903e-17,4.04945e-20,3.1182252e-09
990000,12,63,0,-1.0998366e-12,4.9046822e-11,1.1341597e-12,8.8934985e-18,3.387591e-10,3.4342094e-09
990000,443,279,0,-3.2393847e-13,1.4821448e-11,1.924602e-12,2.8467634e-16,8.8416025e-16,3.306398e-09
990000,304,367,0,-1.2145962e-13,2.6995509e-12,2.4557906e-13,1.8441922e-19,2.0525632e-24,3.091497e-09
990000,85,60,0,-5.778434e-13,1.9763191e-11,2.4826355e-11,4.7947356e-13,4.3767683e-14,3.1717136e-09
990000,224,396,0,3.872669e-11,1.9133905e-11,4.1742027e-12,5.4811507e-16,3.4319688e-14,3.105176e-09
990000,186,42,0,-6.066957e-13,2.5501625e-11,3.039823e-13,1.3378704e-18,8.522225e-12,3.4876524e-09
990000,350,162,0,-3.4589798e-13,1.8078582e-11,1.4144254e-13,2.6654165e-20,2.5831503e-12,3.0390959e-09
990000,248,100,0,-3.2760982e-13,6.611667e-11,3.6271374e-13,2.221865e-18,1.1943186e-13,3.1167664e-09
990000,271,102,0,6.2443176e-12,2.5593557e-11,6.320832e-14,8.42219e-20,7.54238e-11,3.0490421e-09
990000,324,161,0,-2.973438e-13,3.1774916e-11,3.5079365e-22,9.338e-42,3.3877873e-10,1.0195439e-10
990000,487,499,0,-2.0223774e-14,2.7943782e-12,3.0897644e-14,2.4773756e-21,6.535693e-16,2.781737e-09
990000,427,156,0,2.581866e-11,5.1412773e-11,1.0725954e-12,6.9545514e-17,3.310157e-10,3.1898477e-09
990000,65,176,0,-4.0848862e-13,1.2944024e-11,3.9126003e-12,1.8708351e-15,2.9826466e-18,3.2769334e-09
990000,488,174,0,-2.921687e-13,9.306855e-12,2.3044839e-12,3.5646286e-16,7.067075e-18,3.3383616e-09
990000,344,99,0,-3.79998e-13,1.7907847e-11,7.589637e-12,1.2151935e-14,1.2096645e-15,3.0820446e-09
990000,310,63,0,2.5399672e-11,2.3346327e-11,4.354918e-12,4.560686e-15,8.789394e-17,3.2993586e-09
990000,1,206,0,-5.080427e-13,1.4571495e-11,2.519226e-12,4.3988107e-16,5.671101e-13,3.3035847e-09
990000,61,205,0,-2.994238e-13,7.709693e-12,2.837728e-13,1.8768603e-19,2.6430392e-22,3.3543535e-09
990000,44,350,0,-1.09062424e-13,2.5737822e-11,3.3773456e-11,2.7654004e-11,9.6382555e-11,3.2211278e-09
990000,76,295,0,-1.9863104e-13,7.419445e-12,1.6906011e-11,2.0171541e-13,5.091646e-15,3.2888705e-09
990000,31,111,0,-8.44215e-13,2.285827e-11,2.9914824e-11,1.4467723e-13,5.298567e-15,3.1075038e-09
990000,330,35,0,-1.0281053e-12,6.84199e-11,6.7832144e-13,2.5772659e-18,8.821308e-14,3.5437642e-09
990000,3,166,0,-5.972457e-13,1.7818975e-11,1.2996129e-15,2.8524964e-25,1.5860077e-16,3.3634855e-09
990000,313,17,0,-6.1483967e-13,3.5448113e-11,8.23668e-12,4.7504833e-14,1.848727e-14,3.783483e-09
990000,58,387,0,1.6355299e-11,2.8160679e-11,5.8359355e-12,5.408952e-15,8.86893e-14,3.2083824e-09
990000,142,395,0,-2.7068143e-13,2.9121594e-11,2.7915696e-11,2.225808e-12,6.247188e-11,3.1938567e-09
990000,77,42,0,-8.7725714e-13,4.306682e-11,8.27891e-12,4.0609873e-14,3.6985873e-11,3.3657983e-09
990000,108,394,0,1.2085511e-11,1.6118521e-11,2.1629035e-12,7.392606e-16,2.6507642e-16,3.2134517e-09
990000,337,121,0,-3.9249038e-13,2.5259439e-11,5.8641802e-12,3.436333e-15,1.2353305e-13,3.2512641e-09
990000,497,468,0,-1.6310995e-13,8.7316e-12,1.0845801e-12,9.926193e-18,1.2301393e-16,3.1114347e-09
990000,390,221,0,4.1941754e-12,2.5146248e-12,1.5735751e-13,5.651924e-19,2.8058732e-23,3.1177472e-09
990000,499,247,0,-5.619493e-13,2.4886388e-11,1.7584e-12,7.348674e-17,2.0203572e-19,3.6567418e-09
990000,42,4,0,-3.3257847e-13,3.6062073e-11,2.4820217e-12,9.024609e-17,3.918398e-11,3.1375977e-09
990000,67,445,0,-1.174111e-12,3.7910775e-11,6.3635993e-12,4.4242665e-15,3.1108649e-15,3.6407657e-09
990000,426,323,0,-3.6908549e-13,2.922393e-11,4.369889e-12,4.991451e-15,6.7184695e-12,3.0940923e-09
990000,282,143,0,-3.9558905e-13,2.601279e-11,5.888017e-18,1.1210214e-29,7.946155e-12,3.0413185e-09
990000,336,45,0,-7.056673e-13,3.386119e-11,1.4206582e-13,2.140092e-20,6.0629834e-11,3.2787457e-09
990000,383,436,0,1.0339375e-10,7.563426e-12,7.117385e-13,9.337318e-18,6.8238265e-20,3.136692e-09
990000,67,475,0,-1.4294855e-12,7.557494e-11,1.8886187e-13,4.5495754e-20,3.442949e-10,3.5789038e-09
990000,311,18,0,-6.112193e-13,3.9972844e-11,1.4106661e-11,2.9757043e-13,5.169415e-12,3.4197416e-09
990000,489,482,0,-4.829042e-13,3.6821934e-11,3.9583257e-11,5.565753e-13,3.7490948e-11,3.5943941e-09
990000,54,474,0,-1.5892271e-12,7.5079255e-11,7.0550983e-12,1.7479448e-15,1.0401721e-10,4.4587787e-09
990000,48,415,0,-8.4496077e-13,6.4581784e-11,1.30692705e-11,1.1184096e-14,7.774365e-12,3.4333985e-09
990000,483,90,0,-1.1126844e-12,3.7009118e-11,2.0143515e-11,8.933884e-14,5.5559606e-15,3.34316e-09
990000,18,257,0,-4.3542313e-13,3.240488e-11,1.4001912e-11,5.6302287e-14,4.6850705e-15,3.1232e-09
990000,78,8,0,-1.1781017e-12,5.263933e-11,3.2963e-11,1.12379093e-13,2.985036e-13,3.3727878e-09
990000,427,422,0,-8.7609347e-13,9.2141086e-11,1.9069845e-11,1.4386878e-13,3.776475e-10,3.6882308e-09
990000,97,439,0,-9.478572e-13,3.3437753e-11,2.2552798e-11,1.3860629e-12,6.6732443e-13,3.3365712e-09
990000,264,470,0,-3.7746238e-13,1.27779965e-11,3.5295267e-12,1.1665131e-15,6.4091942e-15,3.2545424e-09
990000,477,309,0,-1.0126725e-12,3.2151087e-11,6.568915e-13,1.571865e-17,2.0512859e-16,3.3405947e-09
990000,258,441,0,5.794394e-14,1.8100887e-11,2.1158101e-12,4.9304724e-16,2.4134614e-15,3.1368883e-09
990000,466,307,0,-7.123032e-13,1.7046514e-11,1.1091088e-11,8.556547e-14,2.6460509e-15,3.3412564e-09
990000,198,179,0,-1.2167464e-13,1.4024871e-12,7.200261e-16,3.0120045e-24,1.2623697e-26,3.1376397e-09
990000,313,108,0,3.157188e-13,1.557053e-11,8.8519e-16,7.318459e-25,6.1881898e-15,3.0594494e-09
990000,459,44,0,-1.0162522e-12,3.8531255e-11,1.5864778e-13,6.129381e-20,2.9565966e-12,3.4831502e-09
990000,429,418,0,-9.640497e-13,6.639732e-11,2.9251768e-11,5.8558865e-13,1.685774e-12,3.6226149e-09
990000,479,402,0,-1.0344254e-12,3.2494226e-11,4.2635778e-12,8.758363e-16,8.126771e-12,3.7562917e-09
990000,51,251,0,-9.048386e-14,2.088348e-12,1.9858433e-18,2.9875391e-28,6.056629e-25,3.3437466e-09
990000,404,52,0,-6.180508e-13,3.1856875e-11,1.1340686e-11,2.4352497e-14,1.3692131e-12,3.1433995e-09
990000,447,419,0,-1.1250277e-12,2.1044489e-11,2.7618317e-11,1.971934e-12,1.9891665e-13,3.3234115e-09
990000,193,430,0,-4.66391e-13,3.1416418e-11,8.29415e-12,3.048133e-14,5.106375e-13,3.250934e-09
990000,275,377,0,7.534088e-12,2.0098293e-11,4.4207567e-12,5.6806447e-15,5.2389782e-17,3.1195917e-09
990000,425,439,0,-9.517867e-13,6.480231e-11,2.5133607e-14,3.0040146e-22,7.072649e-12,3.236334e-09
990000,98,316,0,-2.6180514e-13,9.9288815e-12,3.7437424e-16,9.453258e-28,1.9430196e-14,3.3933756e-09
990000,78,212,0,-1.5838146e-13,3.1412963e-12,3.9843066e-11,5.216084e-11,4.745614e-10,3.210583e-09
990000,136,60,0,-7.246229e-13,3.2296547e-11,1.882642e-11,4.491044e-13,3.4274517e-11,3.237041e-09
990000,375,284,0,-1.8359453e-13,5.413532e-12,2.6831482e-37,0.0,2.9905126e-21,3.0385245e-09
990000,79,26,0,-1.1306581e-12,5.1669856e-11,3.0710493e-11,3.7379838e-13,5.83102e-14,3.838021e-09
990000,280,418,0,1.5691637e-12,3.0680152e-12,1.755599e-14,3.134087e-23,3.7843763e-22,3.0846357e-09
990000,336,198,0,-1.1179416e-11,2.2729316e-09,7.378052e-17,6.333731e-29,4.1188084e-09,8.319797e-11
990000,314,202,0,-7.260602e-14,1.6943749e-12,2.6870938e-14,9.400793e-22,1.6993666e-26,4.559708e-12
990000,29,140,0,-8.5283245e-13,5.0429588e-11,8.847308e-12,2.5361196e-14,7.628117e-12,4.0086315e-10
990000,412,450,0,-1.0737336e-13,4.1334065e-11,1.4584296e-14,7.5482105e-23,6.717975e-12,6.5238137e-10
990000,438,89,0,-4.7323933e-12,2.3088411e-09,3.5980507e-11,1.7095258e-11,4.1730006e-09,3.253061e-10
990000,63,309,0,-3.4019226e-13,1.0936503e-11,4.3030423e-11,1.0593974e-11,8.380274e-12,1.783212e-10
990000,373,403,0,1.4780474e-10,3.7277932e-12,2.7820175e-11,9.736652e-13,6.210007e-14,1.5188395e-10
990000,208,162,0,-1.9197523e-13,5.8688245e-12,2.246869e-21,1.273713e-39,5.8957303e-19,7.5641604e-11
990000,148,211,0,-7.315513e-14,1.1506901e-11,6.4976106e-13,5.863393e-18,4.5904125e-15,1.4747238e-10
990000,182,215,0,-3.1344827e-14,3.883021e-14,2.2631985e-19,8.917371e-34,7.189e-42,1.8979074e-10
990000,442,470,0,-1.0243855e-12,7.164036e-11,3.985218e-13,1.1591013e-18,3.440832e-10,3.1863248e-10
990000,114,155,0,4.0080016e-11,2.6640936e-11,1.8542684e-13,2.8561644e-19,6.66877e-11,2.2118062e-10
990000,254,396,0,3.8405326e-10,1.772506e-11,7.222949e-13,1.00509426e-17,1.6160542e-14,2.225265e-10
990000,252,112,0,-4.774506e-13,2.0905857e-11,6.194747e-16,4.2525433e-26,5.7376887e-18,1.0352146e-10
990000,464,211,0,3.4507924e-11,1.8060348e-11,1.01696e-11,4.4730468e-14,4.4718776e-16,2.9524533e-10
990000,323,359,0,7.645956e-14,6.3734313e-12,2.3329252e-15,3.8841615e-25,2.1550955e-16,3.680542e-11
990000,210,150,0,-3.4858086e-13,1.4468951e-11,1.0237154e-14,1.7235382e-23,6.670866e-16,9.059017e-12
990000,188,113,0,-3.1068477e-13,7.1064534e-12,4.92584e-13,9.003499e-18,3.69655e-15,6.169084e-11
990000,193,112,0,-3.0999544e-13,8.061052e-12,1.08257734e-11,1.190206e-13,6.3389193e-15,3.069225e-09
990000,24,106,0,-9.372141e-13,3.6097125e-11,3.696178e-11,5.0417504e-13,1.9119809e-13,3.2194831e-09
990000,490,204,0,-9.524988e-14,1.3742358e-12,2.2177152e-13,9.228754e-20,1.4644244e-25,3.5597416e-09
990000,29,130,0,-8.5288395e-13,3.0687678e-11,1.072286e-11,4.1800578e-14,3.9776973e-11,3.590035e-09
990000,210,447,0,-4.3316156e-13,1.667209e-11,8.8679055e-12,3.0484448e-14,7.791093e-11,3.3004743e-09
990000,344,207,0,-2.0579929e-13,1.8877835e-12,8.650276e-12,6.6938425e-14,1.7205752e-15,3.0351361e-09
990000,358,6,0,-5.9008034e-13,2.4468079e-11,6.6916073e-12,3.9738834e-15,1.5791304e-15,5.2224287e-09
990000,491,379,0,-1.1833224e-12,5.372512e-11,1.3303966e-11,4.2718833e-14,2.7606903e-16,3.4354843e-09
990000,431,230,0,3.4209088e-10,5.866596e-11,1.582868e-13,1.2950081e-19,1.5217557e-14,3.2024963e-09
990000,391,37,0,-7.533048e-13,3.540487e-11,1.3928888e-13,2.0808203e-20,7.083061e-12,3.1931278e-09
990000,21,288,0,-3.1817615e-13,4.4280434e-12,1.1531653e-11,1.7803777e-14,9.000924e-17,3.2640823e-09
990000,489,14,0,-1.1159302e-12,2.919184e-11,9.795027e-12,7.0610183e-15,1.9976616e-13,3.509606e-09
990000,0,5,0,-1.41155855e-14,3.384668e-12,1.344008e-12,2.6653146e-16,6.9199906e-12,2.728857e-09
990000,458,365,0,-9.938881e-13,5.120096e-11,3.7460694e-12,1.9274262e-15,9.762978e-12,5.5601097e-09
990000,460,125,0,-1.0255426e-12,5.1197924e-11,3.4930046e-09,7.2099665e-10,1.1852879e-09,5.2785115e-10
990000,89,26,0,-1.1051837e-12,4.0512926e-11,9.878593e-12,2.5726237e-15,2.2576884e-15,3.3743093e-09
990000,8,466,0,-1.7580128e-12,9.842148e-11,9.4541675e-12,1.94044e-14,9.908641e-11,3.398709e-09
990000,80,355,0,5.005322e-11,2.291327e-11,2.690626e-14,6.314548e-22,8.1329785e-16,3.506034e-10
990000,165,411,0,-4.8285545e-13,1.0335963e-11,5.3702355e-12,2.5400652e-15,1.7137794e-16,3.3240521e-09
990000,388,476,0,-6.240643e-13,3.09016e-11,4.6602763e-11,1.06794365e-11,1.7121507e-11,3.3325476e-09
990000,275,358,0,4.809832e-13,1.8927876e-12,3.2434006e-14,1.3719942e-20,1.5797179e-25,1.1752097e-10
990000,497,98,0,-1.025289e-12,5.1430048e-11,1.678789e-11,5.9769166e-14,1.04281635e-11,3.3488439e-09
990000,12,117,0,-9.126489e-13,3.998022e-11,3.4678623e-14,1.2157301e-21,8.537175e-15,2.3865643e-10
990000,368,263,0,-1.5998852e-13,2.3723343e-12,7.302642e-34,0.0,1.9114057e-26,1.5456195e-10
990000,15,352,0,-9.0524837e-13,3.3550097e-11,1.2740655e-11,1.2121013e-14,8.467432e-11,3.3210765e-09
990000,27,31,0,-1.3606918e-12,8.3125284e-11,1.3733555e-10,4.6071398e-12,3.8147466e-10,3.5415197e-09
990000,482,383,0,-1.1451769e-12,6.510363e-11,2.5241645e-15,3.248803e-25,9.0713445e-13,7.870727e-10
990000,92,358,0,6.4440765e-11,1.5116653e-11,1.14767675e-11,9.1403014e-14,5.253921e-15,1.6281869e-10
990000,497,286,0,-5.7833496e-13,2.3413963e-11,4.015233e-12,3.0263104e-15,3.4103917e-10,3.8602116e-10
990000,412,478,0,-7.983339e-13,4.1596424e-11,5.5931627e-15,1.2256712e-22,2.5801444e-12,8.556658e-10
990000,453,420,0,-1.1499838e-12,3.511373e-11,9.025684e-12,1.9679759e-14,3.6560563e-13,3.5481378e-09
990000,407,493,0,-8.794628e-13,4.8885992e-11,7.279536e-11,2.5265291e-12,4.0095073e-11,3.6314514e-09
990000,412,496,0,-8.640093e-13,5.7851265e-11,3.4691274e-11,1.6398088e-11,2.502548e-11,4.0569284e-10
990000,461,472,0,-1.0705186e-12,3.2871126e-11,9.403924e-12,1.4913337e-15,2.4051997e-17,3.4385046e-09
990000,101,55,0,-8.981502e-13,1.7061323e-11,8.295836e-12,3.8116e-15,2.3524992e-17,5.274163e-10
990000,421,309,0,-2.8564206e-13,5.029037e-12,2.8113779e-11,5.970121e-12,2.124809e-12,3.1733145e-09
990000,420,400,0,-2.632359e-13,4.985507e-11,8.502877e-12,6.945107e-15,7.4976726e-11,3.1122218e-09
990000,286,495,0,-4.609656e-13,2.4083853e-11,3.3022386e-14,1.4480348e-21,1.7520465e-14,3.1494993e-09
990000,23,389,0,-9.611684e-13,4.388941e-11,2.8595524e-11,3.4715324e-13,3.7996377e-14,3.4186063e-09
990000,395,438,0,3.267805e-11,2.3081995e-11,6.6839915e-12,2.1169659e-14,3.1533131e-12,3.3307668e-09
990000,25,260,0,-3.3473636e-13,1.724911e-11,2.681381e-14,1.7062018e-21,1.5614637e-12,3.1611647e-09
990000,379,421,0,1.3447453e-09,2.1742354e-11,5.2468647e-13,3.9887089e-19,4.56619e-15,2.2577426e-10
990000,482,64,0,-1.2696703e-12,3.6970923e-11,6.438315e-12,3.619798e-15,5.4261104e-13,4.9011023e-10
990000,438,74,0,2.7689217e-13,4.3506213e-11,2.2890022e-16,3.3932504e-26,9.577143e-13,3.43854e-09
990000,438,14,0,-7.7895226e-13,1.7958503e-11,7.125738e-14,7.99274e-21,3.0081533e-18,3.9483225e-10
990000,9,214,0,-4.3194834e-13,8.365193e-12,1.7197164e-11,4.5933865e-14,2.8338853e-16,3.4781136e-09
990000,428,281,0,-2.7905507e-13,4.799999e-12,1.2325503e-15,2.1579884e-24,1.0866229e-23,1.6142276e-10
990000,72,367,0,1.2744265e-10,2.2717037e-11,9.066627e-12,2.3383371e-14,3.5812244e-15,3.1079874e-09
990000,315,67,0,1.32463875e-11,4.5606588e-11,8.202397e-12,3.6670235e-14,2.8473222e-11,3.2023764e-09
990000,314,33,0,-3.7626057e-13,2.1696266e-11,1.177193e-12,9.348038e-17,8.467826e-13,3.2182532e-09
990000,161,448,0,-3.9813888e-13,1.4122757e-11,2.8637545e-11,1.5959976e-11,2.2268591e-11,1.7953336e-10
990000,218,314,0,-2.7374836e-13,1.6058063e-11,3.4043688e-35,0.0,3.2959167e-17,3.115689e-09
990000,433,370,0,-7.8664e-13,3.1719093e-11,1.4703778e-11,2.1950506e-13,2.708795e-12,3.1856167e-09
990000,4,33,0,-3.8155663e-13,2.5043946e-11,7.950058e-13,1.3963636e-17,9.965158e-14,3.4809629e-09
990000,475,357,0,-7.786587e-13,2.6640917e-11,2.3084846e-12,3.9347394e-17,3.2982356e-10,8.957108e-10
990000,24,38,0,-1.315483e-12,5.3371998e-11,7.658972e-12,2.7210122e-15,1.5635075e-09,3.4985086e-09
990000,409,320,0,-2.341942e-13,4.254074e-12,1.7192716e-13,2.4265293e-20,1.4872304e-20,3.2283516e-09
990000,427,23,0,-7.072006e-13,3.1616463e-11,1.6604985e-11,1.5092631e-13,1.09457006e-10,3.5963954e-09
990000,6,271,0,-4.685731e-13,2.1789143e-11,2.6213437e-12,8.835781e-17,1.2676723e-16,5.1063076e-10
990000,313,129,0,-3.987968e-13,2.9626336e-11,7.343585e-14,5.345954e-20,3.1922333e-11,3.0446494e-09
990000,57,5,0,-7.687287e-13,3.9994542e-11,3.0233654e-12,4.891575e-17,2.2864918e-11,3.3204222e-09
990000,265,86,0,2.7135287e-11,2.661062e-11,1.548645e-11,6.1034816e-14,1.2639619e-11,3.083912e-09
990000,306,43,0,4.158973e-12,3.584054e-11,2.093873e-13,1.4655298e-19,3.3727812e-11,3.348728e-09
990000,28,310,0,-5.3015513e-13,3.3078245e-11,1.1847612e-11,9.1403684e-14,1.3547209e-14,3.277589e-09
990000,437,56,0,-7.6305254e-13,3.296071e-11,4.3436307e-11,1.0275562e-11,9.858566e-12,3.4335286e-09
990000,239,10,0,-5.877826e-13,3.1020304e-11,3.7414202e-13,4.531426e-19,3.4487915e-10,5.624563e-10
990000,490,475,0,-5.278114e-13,3.040782e-11,1.1030607e-10,6.457772e-12,1.6710635e-12,4.936658e-10
990000,27,155,0,-7.342586e-13,4.0935182e-11,2.0560715e-11,4.939995e-13,5.9779406e-13,3.2302916e-09
990000,440,15,0,-8.07867e-13,1.9682441e-11,1.4120598e-13,2.221428e-20,3.2819598e-18,3.306437e-09
990000,482,376,0,-1.1583152e-12,5.4921536e-11,7.8113385e-14,6.74062e-21,7.715627e-11,6.8281264e-10
990000,441,378,0,-8.496387e-13,3.2351476e-11,7.65811e-13,1.9413662e-16,6.726093e-12,3.3356484e-09
990000,234,48,0,-6.6001816e-13,2.7716458e-11,1.9383713e-12,5.5480943e-17,7.5296803e-16,1.8173855e-10
990000,455,37,0,-1.0103476e-12,3.252669e-11,2.9357046e-12,7.933242e-16,4.725901e-14,3.4901615e-09
990000,18,210,0,-4.696939e-13,3.1629352e-11,2.0954925e-11,1.0986297e-13,2.5949708e-15,3.2364522e-09
990000,412,440,0,1.6580193e-12,6.360307e-11,1.4432814e-11,4.5104895e-13,3.4089936e-10,3.840627e-09
990000,52,100,0,-6.0595826e-13,2.3318217e-11,5.2178617e-16,4.4929284e-27,7.113217e-11,3.3417085e-09
990000,157,50,0,-6.158225e-13,3.200204e-11,4.518323e-12,1.3798921e-15,8.527826e-12,2.1153558e-10
990000,266,21,0,-7.055902e-13,9.70246e-12,1.3300298e-11,1.04700835e-13,9.233311e-16,3.6246735e-09
990000,236,432,0,1.7647103e-12,1.9503213e-11,1.6176895e-12,5.973406e-17,8.890168e-14,3.5013723e-09
990000,203,494,0,-6.3235913e-13,3.1422323e-11,6.8384263e-13,9.7765684e-18,6.446618e-11,3.6696515e-09
990000,122,176,0,3.6388453e-12,3.493981e-11,3.2014797e-12,5.0524435e-16,3.0743438e-10,3.4155456e-09
990000,253,425,0,9.332943e-12,1.4346102e-11,6.51412e-13,3.3859406e-18,3.8354434e-11,3.3493e-09
990000,474,7,0,-1.1004708e-12,5.2816206e-11,4.2175634e-12,2.941437e-16,8.314905e-12,3.5591539e-09
990000,414,83,0,4.153981e-11,2.8716186e-11,1.7395167e-11,3.1509036e-14,1.4807662e-13,3.3962906e-09
990000,21,291,0,-3.5211493e-13,7.6366465e-12,3.660616e-12,1.4770774e-16,1.03641595e-17,3.2620324e-09
990000,236,369,0,1.977793e-11,3.615412e-14,1.0375807e-14,4.713948e-23,2.0843298e-30,3.116998e-09
990000,9,201,0,-5.152001e-13,1.6494764e-11,2.154681e-11,2.4328372e-13,6.6739827e-15,3.3131753e-10
990000,43,255,0,-1.2200856e-13,1.9227473e-12,3.4622782e-09,7.191878e-10,1.1532664e-09,9.321415e-11
990000,473,24,0,-1.1727355e-12,4.361436e-11,2.8633793e-11,5.9587257e-12,2.0753158e-12,3.376024e-09
990000,6,367,0,-9.907025e-13,4.5100867e-11,2.2420529e-11,5.805324e-13,3.666987e-11,3.4495988e-09
990000,32,176,0,-5.3898086e-13,2.0587676e-11,3.4636147e-09,7.191879e-10,1.1533113e-09,2.2815662e-10
