mcsteps,xCOM,yCOM,zCOM,il8,il1,il6,il10,tnf,tgf
560000,84,376,0,2.0084576e-09,4.6412856e-11,5.8038396e-16,5.703982e-26,7.440646e-18,8.7292416e-11
560000,432,181,0,2.0084965e-09,4.3433323e-11,9.148896e-13,4.055125e-17,3.414402e-14,4.5457495e-11
560000,409,105,0,2.0085857e-09,4.0184224e-11,3.6742917e-20,1.9032047e-32,2.707717e-10,5.653852e-11
560000,247,394,0,2.0090345e-09,6.6105307e-12,5.6684796e-15,4.3896957e-23,5.932268e-22,3.16941e-11
560000,132,141,0,2.0088113e-09,3.162625e-11,2.2538812e-34,0.0,4.2427645e-17,3.968344e-11
560000,286,72,0,2.008764e-09,4.4512727e-11,3.0048904e-14,8.910164e-22,3.5649245e-15,1.2338502e-10
560000,365,385,0,2.009244e-09,1.18293075e-11,4.6907858e-14,1.0375759e-19,2.6589842e-20,2.3733157e-12
560000,379,420,0,2.0090785e-09,3.5484168e-11,8.5661255e-14,1.2458657e-20,2.9011139e-15,8.334596e-11
560000,426,219,0,2.0403192e-09,3.2945296e-12,3.1370314e-13,9.747905e-19,6.438187e-22,7.135297e-11
560000,444,225,0,2.0400124e-09,2.037285e-11,1.8691014e-12,2.306354e-16,7.8242166e-19,2.3908875e-10
560000,324,285,0,-1.1263945e-11,2.2783653e-09,3.5e-43,0.0,4.1188084e-09,2.0673768e-11
560000,201,254,0,-1.0376633e-15,5.7823206e-22,1.5592988e-32,0.0,0.0,6.204257e-11
560000,224,113,0,-9.71634e-13,9.7928964e-11,2.0068964e-27,0.0,2.0008564e-10,4.4797884e-11
560000,256,482,0,-3.636608e-13,3.222949e-12,3.9943146e-11,7.4400176e-13,2.986065e-14,1.8171453e-10
560000,442,62,0,-1.0406433e-12,6.3787864e-11,3.155882e-13,5.871571e-19,7.9317155e-14,1.9632561e-10
560000,371,238,0,-3.528696e-13,5.4545465e-12,4.096028e-20,1.03621425e-33,1.1002872e-22,3.0960366e-11
560000,449,146,0,-6.438829e-13,2.6162142e-11,1.2618363e-10,5.6509533e-11,6.8810305e-11,1.2725714e-10
560000,439,209,0,1.0416861e-10,5.919637e-11,3.4770065e-11,5.036723e-13,1.3020012e-12,3.111818e-11
560000,172,142,0,-9.8949284e-14,4.3237638e-13,1.1197275e-12,1.31887124e-17,1.0836056e-21,1.2216699e-11
560000,99,40,0,-9.867632e-13,6.291947e-11,1.3717249e-12,2.526903e-16,8.484845e-12,8.526485e-11
560000,166,366,0,-3.179759e-13,2.474188e-12,2.547193e-12,1.5369541e-16,4.582246e-20,7.513532e-12
560000,94,463,0,-1.3768781e-12,8.610717e-11,1.1112309e-15,2.7888824e-24,1.3087679e-14,8.162582e-11
560000,214,186,0,-1.8999261e-13,3.874713e-11,2.829474e-39,0.0,2.1914689e-14,3.1626107e-13
560000,497,96,0,-1.1460301e-12,9.684081e-11,5.728547e-12,4.3463614e-16,8.6023125e-15,1.6889472e-10
560000,252,345,0,-4.6505665e-13,3.179493e-11,1.0218894e-26,0.0,2.5259653e-16,1.5552079e-11
560000,85,448,0,-1.373375e-12,9.399614e-11,9.481517e-16,2.7241724e-25,2.2296441e-14,2.4117294e-10
560000,148,256,0,-1.1694161e-13,6.0646453e-13,1.4156394e-28,0.0,1.3881769e-26,1.4339806e-11
560000,243,261,0,-6.8919515e-19,3.2779798e-36,0.0,0.0,0.0,7.8655175e-14
560000,430,267,0,-4.5283303e-13,5.175039e-11,2.878906e-19,1.5990078e-32,7.9050747e-13,3.20789e-11
560000,222,294,0,-3.886243e-14,1.5098962e-14,0.0,0.0,1e-45,2.0956268e-12
560000,287,366,0,-1.4542095e-14,1.4758522e-17,4.178307e-14,8.084796e-20,4.350012e-24,8.192613e-12
560000,185,101,0,-3.8925807e-13,7.2610438e-12,1.4675517e-20,3.8714226e-36,2.0004613e-24,6.1278115e-11
560000,264,270,0,-1.2175531e-16,4.524396e-25,1e-45,0.0,0.0,4.3553813e-13
560000,287,178,0,-9.549282e-14,2.2395275e-11,1.6170618e-33,0.0,6.7432097e-16,1.1902771e-15
560000,313,142,0,-4.982355e-13,5.6702518e-11,7.7396075e-21,1.6112082e-36,2.5366113e-12,3.433445e-13
560000,90,377,0,3.623797e-10,4.6027904e-11,2.2792418e-13,7.1346623e-19,6.984983e-14,6.890141e-11
560000,362,413,0,3.8904987e-11,2.4469406e-11,3.4926226e-15,1.7405976e-22,8.179752e-17,1.10109e-11
560000,157,7,0,-7.2493086e-13,4.472916e-11,3.6860714e-13,5.9973464e-19,5.6148234e-15,1.4997192e-10
560000,440,240,0,6.9909654e-11,1.5727204e-11,6.03113e-12,1.3969446e-15,6.8837677e-18,3.029858e-10
560000,299,137,0,-4.2462434e-13,7.1279124e-12,1.4544201e-24,2.4e-44,9.878066e-25,3.9970284e-11
560000,7,179,0,-7.623706e-13,6.210967e-11,1.0895236e-17,7.404292e-30,2.2321053e-13,2.3655358e-10
560000,54,118,0,-9.259866e-13,4.71365e-11,9.5156715e-15,5.517237e-23,1.9034503e-12,1.06300406e-10
560000,275,365,0,8.215527e-14,8.526201e-15,1.1043732e-16,4.795014e-27,2.0206325e-35,2.1091075e-11
560000,468,6,0,-1.3076905e-12,6.0732044e-11,1.6340353e-11,1.0941856e-13,8.9895e-15,5.253012e-10
560000,278,114,0,-3.0365497e-13,1.3642888e-11,3.875314e-14,3.1078213e-20,2.527712e-19,5.329958e-13
560000,322,116,0,-4.93256e-13,3.276056e-11,2.7353931e-14,4.629086e-21,1.1259894e-16,6.884143e-11
560000,307,337,0,-2.705714e-13,1.6758695e-11,6.0231136e-29,0.0,7.773516e-13,1.9359996e-11
560000,138,267,0,-1.1857251e-13,6.456623e-12,2.527426e-28,0.0,2.9843063e-19,3.836786e-12
560000,140,485,0,-6.8907965e-13,2.4137204e-11,2.3508375e-15,1.3193347e-23,4.2581625e-15,6.473128e-11
560000,498,164,0,-3.562509e-13,9.870984e-12,1.7372229e-20,2.4531698e-33,7.8175005e-22,7.4620976e-11
560000,81,273,0,-1.9100533e-13,1.8725748e-12,5.1205947e-13,1.5844816e-18,4.1149326e-23,2.0717697e-11
560000,347,155,0,-3.8559789e-13,2.6221412e-11,4.5899465e-14,4.962824e-20,8.494266e-14,2.5883472e-11
560000,230,369,0,2.261555e-12,6.469154e-14,7.7101215e-14,5.623367e-20,9.482427e-25,1.5419556e-11
560000,36,167,0,-7.46609e-13,2.0239355e-11,7.595433e-11,1.947289e-11,9.8748084e-12,2.6971256e-10
560000,469,499,0,-6.069999e-14,5.9179276e-12,9.11394e-16,9.121658e-24,4.951637e-16,4.295482e-11
560000,466,361,0,-8.839558e-13,3.1773882e-11,1.5247972e-15,8.4661915e-23,6.3813636e-17,7.3547266e-11
560000,192,427,0,-6.115106e-13,4.0919552e-11,1.8167176e-13,1.8854273e-19,1.021094e-15,5.091849e-12
560000,479,340,0,-5.075568e-13,8.334405e-12,7.418808e-12,1.5649513e-15,1.5889022e-18,1.304177e-10
560000,24,465,0,-1.6361962e-12,3.883895e-11,1.07974644e-13,2.2526128e-20,3.116223e-18,3.8998577e-10
560000,159,253,0,-2.8868797e-14,4.4651947e-15,5.3216284e-18,8.1940814e-29,2.7130374e-37,1.416933e-11
560000,228,443,0,-4.8593925e-13,4.1564602e-11,2.2197612e-13,2.0823038e-19,1.7128268e-12,1.2438296e-10
560000,414,214,0,1.0278402e-10,5.1546267e-11,7.1845626e-17,2.6586254e-25,3.0418081e-09,1.4170032e-10
560000,356,419,0,1.34278075e-11,2.524591e-11,2.2164098e-20,3.050407e-34,7.11847e-14,3.7407986e-11
560000,339,10,0,-5.890903e-13,4.8711703e-12,1.2335896e-15,2.048245e-24,4.7288332e-26,1.4027512e-10
560000,385,381,0,2.2761607e-11,4.2049822e-11,9.66789e-15,1.3842872e-21,2.0572664e-15,7.223391e-11
560000,174,392,0,-3.017958e-13,1.35790545e-11,1.3442577e-27,0.0,3.2932635e-18,2.7878637e-11
560000,21,6,0,-1.0733134e-12,1.5677047e-10,5.249548e-11,4.209646e-12,8.231339e-13,2.0700239e-10
560000,395,135,0,5.147298e-13,6.431475e-11,4.4730327e-22,8.031731e-37,1.8813325e-13,4.7970097e-11
560000,219,105,0,-5.9174887e-13,3.8914705e-11,1.2550135e-24,1.7e-44,6.168821e-16,6.115373e-11
560000,307,318,0,-1.0300319e-13,1.6433804e-13,2.7784514e-17,1.5821731e-25,1.8732981e-31,7.4466117e-13
560000,393,120,0,1.6156939e-11,7.0879544e-12,4.452859e-17,3.329072e-27,2.0378893e-21,3.4337318e-11
560000,237,294,0,-4.066941e-15,5.722904e-20,0.0,0.0,0.0,1.2561682e-20
560000,29,493,0,-1.8126653e-12,8.011707e-11,5.944436e-12,2.2790232e-15,5.260707e-13,1.5404042e-10
560000,110,117,0,9.010537e-13,3.8084752e-12,7.176795e-25,3.4995008e-38,9.680508e-25,4.548107e-11
560000,277,65,0,1.3572543e-10,2.5939109e-11,3.546416e-11,1.4052023e-12,1.8815606e-13,3.7083104e-11
560000,417,177,0,6.168444e-11,1.3713386e-10,8.123852e-20,3.3005002e-34,2.915773e-11,6.776196e-11
560000,246,445,0,-3.420762e-13,1.4110453e-12,2.8225717e-11,1.3394728e-13,3.19048e-15,1.8721671e-10
560000,452,107,0,-1.1576693e-12,4.9471965e-11,8.00067e-12,1.675206e-15,4.5936496e-17,2.9088557e-10
560000,356,67,0,-8.0603335e-13,3.8386294e-11,2.2526305e-19,7.395682e-32,1.1771612e-15,3.6274588e-11
560000,326,53,0,-6.7757903e-13,2.5571711e-11,1.0708576e-11,5.688068e-15,8.8996336e-17,8.6838044e-11
560000,428,236,0,7.366875e-11,4.224114e-11,1.1349867e-15,1.3191037e-23,5.144869e-13,6.137802e-11
560000,347,315,0,-2.6970968e-13,1.3816814e-12,1.2709845e-29,0.0,6.8371995e-30,2.1462489e-12
560000,27,444,0,-1.1623528e-12,5.8051158e-11,1.1913307e-13,3.0311235e-20,2.535215e-09,2.9124203e-10
560000,124,251,0,-3.2923436e-13,1.3747963e-12,9.325495e-15,1.4386743e-22,5.5943295e-19,8.105567e-13
560000,226,170,0,-1.2822663e-13,3.673418e-12,3.555917e-30,0.0,2.6486551e-24,9.128464e-19
560000,189,480,0,-9.067132e-13,5.88023e-11,3.7732275e-14,1.7372792e-19,2.4813707e-14,1.1097334e-10
560000,49,150,0,-9.566021e-13,5.6658917e-11,3.181451e-12,6.315051e-16,1.7950644e-15,1.5738191e-10
560000,338,255,0,-2.0865175e-13,8.47131e-12,7.891372e-26,0.0,5.4981005e-19,3.256759e-11
560000,129,32,0,-1.3230904e-12,1.244339e-10,2.8061955e-13,5.0829266e-19,2.4283414e-10,5.034132e-11
560000,460,72,0,-1.3666775e-12,8.892706e-11,2.3037908e-12,3.940411e-16,1.2822818e-12,1.9298264e-10
560000,345,250,0,-2.9566456e-13,2.9357513e-11,4.318921e-28,0.0,4.3746e-15,1.5819956e-11
560000,342,425,0,8.82493e-14,1.1345476e-11,1.8095894e-22,5.787145e-39,4.8240425e-18,1.4936295e-11
560000,484,384,0,-1.4338016e-12,1.2321659e-10,1.5362503e-17,1.225542e-29,3.9792367e-11,1.2556646e-10
560000,262,206,0,-2.5910094e-14,8.945479e-15,2.428021e-19,1.7248214e-31,1.9783164e-37,6.1146373e-22
560000,348,84,0,-4.9946055e-13,1.6401868e-11,8.551598e-24,7.72874e-40,2.1052576e-19,3.7529632e-11
560000,34,468,0,-1.6664317e-12,1.14755094e-10,1.7187928e-11,2.496911e-14,3.814723e-12,1.3781393e-10
560000,398,330,0,-2.976287e-13,2.6839204e-11,9.187126e-19,2.440423e-31,1.1540493e-16,1.5287653e-11
560000,413,177,0,2.758006e-11,1.2402404e-10,5.206636e-22,2.3004866e-37,4.4615434e-13,1.669245e-10
560000,207,73,0,-6.303328e-13,4.095438e-11,1.0810515e-17,1.2221626e-24,6.1957535e-13,5.509787e-11
560000,340,445,0,-5.9125843e-13,2.5693576e-11,6.5764525e-12,6.1544508e-15,2.3712977e-17,1.7383041e-10
560000,275,329,0,-1.0059791e-13,3.4170515e-14,1.7153115e-21,1.1672925e-31,5.8487394e-31,3.1601402e-10
560000,54,312,0,-4.571228e-13,5.439658e-11,4.0599668e-12,1.4357028e-15,2.2440866e-10,4.3031818e-11
560000,46,451,0,-1.6722602e-12,8.109413e-11,2.9184085e-13,5.7076486e-19,1.759449e-13,8.7594466e-11
560000,490,146,0,-7.9778805e-13,5.4429617e-11,3.0623797e-13,2.5420135e-18,2.2446465e-11,1.5154705e-10
560000,172,129,0,-2.1659424e-13,7.2364554e-12,1.0872056e-12,1.1393796e-17,4.609676e-21,2.5879693e-10
560000,173,87,0,-4.3733252e-13,4.7906557e-12,1.4887543e-21,1.7159411e-37,2.2944582e-26,1.2271338e-10
560000,295,282,0,-8.1511485e-14,2.0021003e-14,4.217766e-34,0.0,1.7669514e-31,4.5242534e-16
560000,359,92,0,-1.8327106e-13,5.351116e-13,1.5555379e-21,1.7707072e-35,5.981865e-34,7.770712e-11
560000,345,122,0,-4.3159316e-13,2.1085803e-11,5.1649147e-16,8.725003e-26,4.302314e-19,1.0042528e-11
560000,405,354,0,-4.2116896e-13,2.3293919e-11,1.0872552e-21,1.0793792e-37,5.595153e-17,6.134143e-11
560000,37,316,0,-5.166853e-13,1.5721726e-11,4.2545197e-16,1.1373322e-24,1.3058684e-19,2.0128771e-10
560000,212,276,0,-1.0783787e-14,1.0019283e-16,0.0,0.0,0.0,9.362039e-11
560000,443,80,0,-1.1611276e-12,1.0888931e-10,4.6380353e-16,1.01971865e-25,3.1344694e-10,2.0114786e-10
560000,327,43,0,-8.196408e-13,2.1482512e-11,4.438028e-11,2.8141394e-13,3.880281e-15,1.3285839e-10
560000,284,152,0,-3.115693e-13,1.7963273e-11,1.4428731e-28,0.0,7.6162696e-19,6.018118e-16
560000,272,265,0,-1.036336e-15,6.0563753e-21,3e-45,0.0,0.0,9.503349e-13
560000,336,278,0,-2.0505395e-13,7.4933445e-12,2.7e-44,0.0,7.3431765e-19,1.00367405e-11
560000,381,153,0,-3.9874104e-13,3.3788723e-12,4.9272397e-26,2.1e-43,3.7090275e-24,5.329604e-11
560000,262,221,0,-3.8774623e-15,4.7943967e-19,1.19446984e-32,0.0,0.0,1.0934474e-16
560000,218,11,0,-7.8858263e-13,4.5109954e-11,9.7325034e-15,8.714636e-23,2.7395788e-10,2.5679e-10
560000,159,128,0,2.0944633e-12,5.7223074e-11,4.6070665e-17,4.0656463e-28,2.1497407e-14,3.216194e-11
560000,231,203,0,-9.447872e-14,3.1388351e-12,1.4902454e-33,0.0,1.4846497e-24,4.404206e-13
560000,449,176,0,3.9100154e-11,1.2119059e-10,1.7155841e-11,1.5629518e-13,2.645156e-09,3.716937e-11
560000,378,300,0,-2.712426e-13,1.0861903e-11,1.5639672e-32,0.0,2.1025649e-19,9.98695e-12
560000,212,28,0,-1.120228e-12,1.12264066e-10,2.0719984e-15,1.7343506e-22,3.60958e-14,2.3547834e-11
560000,466,234,0,1.0771441e-11,1.6179497e-12,2.2356327e-12,7.276246e-17,1.8125012e-20,2.0073071e-10
560000,257,112,0,-3.2363603e-13,1.0488035e-12,2.4143847e-17,1.4589702e-26,2.2878702e-28,3.1911068e-11
560000,433,99,0,7.5933e-12,6.8446616e-11,7.8250476e-11,9.315976e-12,3.5631617e-12,1.4675638e-10
560000,420,464,0,-8.665139e-13,3.595104e-11,1.6821926e-11,8.822726e-15,2.4369463e-16,4.663404e-10
560000,258,162,0,-3.3537037e-15,3.8449168e-20,3.072833e-31,0.0,0.0,1.0180195e-13
560000,411,300,0,-2.3567536e-13,4.469535e-12,1.4946498e-13,2.9773348e-19,5.0711794e-20,1.9759808e-12
560000,287,263,0,-1.7993816e-14,9.96792e-15,2.753651e-27,1.2665e-41,9.98e-43,7.60607e-15
560000,221,147,0,-1.8900199e-13,4.983998e-12,1.42022765e-11,3.9267343e-14,4.0679374e-16,3.2622124e-17
560000,486,93,0,-1.1314279e-12,2.7073946e-11,1.0266312e-10,1.7904041e-11,7.0909494e-12,3.4585104e-10
560000,422,141,0,-9.104525e-13,8.387947e-11,3.361337e-16,1.02376433e-25,3.526751e-11,2.9615324e-11
560000,385,366,0,3.704985e-12,8.573133e-11,7.618892e-21,3.4975285e-35,2.9510932e-11,3.4430684e-11
560000,217,437,0,-4.2552707e-13,4.3106685e-11,2.4541098e-11,1.3926283e-13,6.402809e-13,3.741663e-11
560000,254,181,0,-1.080912e-15,9.919288e-23,1.1083474e-15,2.7888815e-24,4.0484025e-31,6.685485e-11
560000,70,238,0,-8.112749e-14,5.840446e-13,6.0818724e-12,4.6164857e-16,2.1699178e-19,3.0386678e-09
560000,97,284,0,-1.6082654e-13,6.9420416e-12,9.477721e-13,4.0554333e-17,2.0152584e-19,3.005051e-09
560000,306,285,0,-3.2667475e-13,1.2173934e-11,9.494824e-32,0.0,5.7022374e-18,2.1649345e-12
560000,195,389,0,-1.7659119e-13,2.749315e-11,2.6668724e-14,7.596301e-21,2.60626e-10,3.5850955e-12
560000,111,378,0,4.562676e-12,2.569468e-11,9.231539e-15,4.66237e-22,1.5696033e-16,1.03804014e-10
560000,128,390,0,-2.5746874e-13,3.0948243e-12,2.2164675e-17,6.917021e-29,9.813669e-25,6.4810234e-11
560000,189,421,0,-4.8200593e-13,2.6104044e-11,4.890424e-13,1.04301544e-17,2.1903581e-16,6.201788e-11
560000,262,178,0,-4.2486732e-15,1.4596148e-18,8.339544e-18,1.5717288e-28,5.513116e-37,2.6002776e-12
560000,323,394,0,-3.7822008e-13,3.2583485e-11,1.2911892e-18,5.0571207e-32,3.9020597e-15,1.7495672e-11
560000,389,451,0,6.2708383e-13,4.86486e-11,2.7003158e-15,2.294608e-22,3.6121487e-15,5.13694e-11
560000,43,153,0,-9.425712e-13,6.4101564e-11,5.760599e-11,3.6241184e-12,5.305001e-13,1.4019855e-10
560000,50,223,0,-1.6872387e-13,2.633904e-12,5.3721616e-13,1.5853794e-18,4.7609308e-23,7.312044e-11
560000,310,320,0,-8.781677e-14,1.1143084e-13,3.886365e-20,1.6033868e-31,1.7120544e-35,8.0436925e-14
560000,363,308,0,-2.875616e-13,7.311291e-12,3.422583e-25,7.7e-44,7.18484e-24,1.1321427e-14
560000,298,42,0,4.4335767e-13,5.6825725e-11,3.7264145e-13,2.3586451e-18,1.9033368e-13,1.797289e-10
560000,300,64,0,5.496988e-11,1.9437052e-12,3.8052114e-12,6.750598e-16,6.1552195e-19,2.9415154e-10
560000,418,59,0,-9.308445e-13,8.72361e-11,1.7625143e-14,3.812052e-22,7.217449e-15,1.8177723e-10
560000,469,189,0,-6.543888e-13,7.4231316e-11,2.274699e-12,8.1173245e-17,6.30604e-14,1.6798386e-10
560000,467,41,0,-1.302157e-12,1.00812546e-10,1.1973777e-12,1.7488332e-17,8.960153e-12,1.03841644e-10
560000,450,341,0,-5.6040545e-13,2.185649e-11,5.669456e-18,1.8430883e-29,5.4342024e-13,3.2814522e-11
560000,352,391,0,7.881837e-11,1.913528e-11,2.404217e-13,4.8161614e-19,1.7744698e-15,4.2522528e-13
560000,140,281,0,-1.0082238e-13,1.1379185e-12,5.1372846e-31,0.0,8.85353e-26,1.3765147e-10
560000,479,319,0,-7.850921e-13,8.4893634e-11,1.9300224e-16,1.9458609e-26,4.557197e-13,6.696607e-11
560000,267,374,0,3.6391857e-12,2.5146157e-12,3.9273234e-11,7.4399975e-13,2.986065e-14,7.674734e-12
560000,29,192,0,-5.3757096e-13,4.1825696e-11,1.6552278e-10,2.1012167e-10,7.9942264e-10,2.1077848e-10
560000,415,274,0,-4.0541905e-13,2.248566e-11,1.5827831e-18,2.3270419e-29,4.8225177e-14,2.0572904e-11
560000,489,154,0,-6.025748e-13,2.0769456e-11,1.5981272e-16,2.8589467e-27,1.2568212e-19,2.0404047e-11
560000,363,421,0,5.6956526e-11,2.7336166e-11,2.2610271e-16,1.2922738e-26,1.8431503e-14,4.8171873e-11
560000,380,444,0,9.960871e-12,1.6122858e-11,1.8554523e-18,4.1279534e-31,1.6240209e-17,1.12592324e-10
560000,45,351,0,-5.4933337e-13,3.7747576e-11,5.4807697e-11,3.9260734e-12,6.0896215e-13,1.2703208e-10
560000,329,121,0,-4.594838e-13,1.8455817e-11,2.5441795e-11,8.546396e-14,1.8248503e-15,3.861811e-11
560000,21,310,0,-8.5163766e-13,1.1677792e-10,2.4154694e-11,8.693789e-14,3.0166028e-10,3.1521235e-09
560000,371,245,0,-2.0927003e-13,3.1231012e-12,7.435462e-26,2.1e-44,2.6251383e-23,7.5092675e-11
560000,369,362,0,1.1651375e-11,3.497671e-11,4.246858e-18,4.125978e-29,1.7099355e-13,9.109075e-13
560000,365,168,0,-6.514071e-13,2.270395e-11,2.78463e-20,7.899264e-35,3.0483243e-18,4.7619977e-11
560000,445,166,0,2.4829673e-11,4.5722908e-11,1.8415513e-14,1.0398197e-20,1.5863213e-16,4.017731e-11
560000,461,205,0,5.9328107e-12,7.299014e-11,6.1580073e-12,1.1009213e-15,3.5116612e-13,2.797507e-10
560000,157,296,0,-1.2260511e-14,2.4853953e-18,2.3189032e-24,6.062e-42,0.0,1.8631952e-14
560000,453,290,0,-5.067459e-13,1.9612364e-11,2.9406887e-14,3.620856e-21,9.158099e-15,7.394646e-11
560000,40,423,0,-8.4381406e-13,3.6220117e-11,1.2251172e-10,5.607808e-11,6.987574e-11,5.9930776e-11
560000,3,238,0,-3.6852644e-13,1.8546926e-12,1.566966e-12,2.9545538e-17,2.8706091e-21,2.4060542e-10
560000,135,252,0,-1.7453907e-13,3.2690645e-11,1.6748119e-22,1.8267552e-37,4.7288198e-15,2.4182557e-11
560000,374,290,0,-2.0808488e-13,2.374462e-11,1.7497e-41,0.0,3.3953045e-14,2.1055279e-11
560000,292,97,0,6.520352e-12,2.1605892e-11,3.6224619e-16,1.4337988e-24,8.851524e-19,5.734322e-12
560000,65,254,0,-4.5411896e-14,7.179185e-14,5.1065274e-15,4.9252264e-22,2.4629068e-27,7.29984e-11
560000,265,235,0,-9.4270386e-17,2.3337548e-25,4.92e-43,0.0,0.0,2.9887863e-09
560000,306,406,0,-1.09772936e-13,1.0980034e-12,1.1016924e-12,1.1020868e-16,1.1804386e-19,3.1900513e-09
560000,181,379,0,-4.2552263e-13,2.738903e-11,1.3029659e-28,0.0,6.207915e-15,3.0131335e-09
560000,3,446,0,-1.21178935e-11,2.2772866e-09,6.7781225e-11,1.0461662e-11,4.1240593e-09,2.0586886e-10
560000,239,170,0,-3.2928216e-14,2.0504394e-14,3.541256e-33,0.0,1.65e-43,1.6021764e-14
560000,332,452,0,-5.8733037e-13,3.5915722e-11,1.1451982e-13,7.666736e-20,1.0082025e-17,1.2619923e-10
560000,165,169,0,-1.9453555e-13,7.4753944e-12,1.109318e-13,1.08167417e-19,5.185705e-20,7.656546e-11
560000,444,454,0,-1.5624684e-12,9.935706e-11,3.2029563e-11,2.0150091e-13,2.4565822e-10,2.1368855e-10
560000,360,111,0,-1.8917292e-13,1.1474649e-12,4.6657106e-13,9.670706e-19,2.2188586e-23,1.4752803e-10
560000,21,233,0,-2.8154969e-13,6.4074063e-12,6.4353076e-12,4.445921e-15,1.489467e-17,1.2125571e-10
560000,275,150,0,-1.0936097e-13,6.4471513e-13,1.332683e-27,0.0,3.6040165e-31,8.1928766e-17
560000,74,56,0,-6.12258e-13,1.09695334e-11,1.7981842e-11,1.4233108e-13,5.393408e-15,3.7288634e-11
560000,474,165,0,-4.527829e-13,4.3685893e-12,8.425485e-13,6.191945e-17,5.935417e-20,1.6925807e-10
560000,353,239,0,-4.0162028e-13,3.731698e-11,4.4973604e-22,9.279643e-38,2.2221215e-14,2.1651856e-11
560000,141,190,0,-7.821405e-14,8.927035e-12,1.0566812e-20,4.5651107e-35,5.48514e-18,4.680523e-11
560000,276,266,0,-2.6965692e-15,5.667919e-19,7.1951e-41,0.0,0.0,1.4038365e-12
560000,248,273,0,-4.694014e-18,8.4283555e-33,0.0,0.0,0.0,3.558457e-14
560000,201,24,0,-9.282399e-13,2.0877019e-11,3.1139823e-11,2.2831856e-13,6.4091447e-15,2.5409386e-10
560000,20,126,0,-8.30239e-13,2.3418241e-11,1.04741545e-14,1.8967532e-21,4.328303e-16,3.3126955e-09
560000,345,52,0,-7.7756264e-13,6.096845e-11,4.386837e-15,8.2086515e-24,1.8728623e-11,3.106343e-09
560000,395,354,0,-4.662167e-13,2.5557154e-11,3.8913284e-16,2.5828593e-25,1.3273261e-17,3.0071745e-09
560000,238,35,0,-6.5280534e-13,3.0355177e-11,9.17467e-15,5.184988e-22,7.22576e-15,3.2012486e-09
560000,312,96,0,3.0622887e-14,1.9506197e-11,3.759933e-29,0.0,1.2248711e-19,3.089138e-09
560000,332,194,0,-1.4457742e-13,6.0987467e-13,1.3238506e-21,5.026862e-37,7.249543e-29,8.3409394e-14
560000,443,177,0,1.2778265e-10,1.1786767e-10,5.3876844e-11,4.0227366e-12,7.898282e-13,3.1351288e-09
560000,465,144,0,-7.8599806e-13,2.370169e-11,5.4135433e-12,3.0758659e-15,1.9875898e-16,9.312285e-11
560000,421,39,0,-7.5472793e-13,1.6419578e-11,3.8342378e-16,1.0531691e-25,4.2882226e-18,3.30782e-09
560000,432,460,0,-9.85071e-13,2.6471228e-11,1.2835577e-12,1.5483168e-17,1.4972638e-18,3.0849059e-09
560000,158,118,0,5.2809634e-13,2.5017288e-13,1.345552e-24,2.33e-43,9.9943395e-34,3.0052478e-09
560000,391,308,0,-3.3985081e-13,3.162482e-11,3.272541e-17,2.1116649e-27,4.822519e-14,3.0381697e-09
560000,3,14,0,-4.186809e-13,4.682406e-11,1.179001e-11,1.7350531e-14,2.7395824e-10,3.217125e-09
560000,256,462,0,-3.2291297e-13,6.072062e-12,7.3969434e-16,9.331331e-25,1.2226737e-22,3.0936105e-09
560000,132,58,0,-9.534299e-13,7.1744256e-11,4.8900044e-13,2.1701247e-17,2.7015532e-09,3.0584721e-09
560000,53,159,0,-8.994803e-13,7.917546e-11,3.2409867e-12,4.166331e-16,2.0568387e-11,3.1691818e-09
560000,358,339,0,-4.4209737e-13,1.8971236e-11,3.17794e-17,1.0355142e-28,1.4539446e-17,3.0124074e-09
560000,83,200,0,-2.2318649e-13,1.8132999e-12,2.8581443e-17,7.5525608e-28,2.2231506e-29,2.9976452e-09
560000,114,55,0,-1.020808e-12,7.5055406e-11,7.1774725e-11,1.0343276e-11,4.9638973e-12,3.1200624e-09
560000,357,495,0,-2.518589e-13,1.2546356e-12,8.603381e-13,7.1622955e-18,5.256838e-22,3.1136587e-09
560000,224,221,0,-2.4599251e-14,1.998869e-16,3e-45,0.0,9.71082e-40,4.3123808e-20
560000,243,83,0,-4.0864862e-13,1.422754e-11,3.3143176e-11,6.003929e-13,2.6349415e-14,4.662853e-11
560000,242,403,0,1.6681315e-10,3.5519914e-12,1.0729662e-12,1.6568497e-17,3.2159926e-21,4.8057325e-11
560000,164,208,0,-1.2771028e-14,1.9223947e-17,9.564996e-21,5.6875958e-36,8.4e-43,3.317669e-11
560000,204,273,0,-1.9556107e-14,8.263221e-15,0.0,0.0,1e-45,1.08602844e-13
560000,291,235,0,-1.4759158e-15,9.944746e-22,2.2562299e-32,0.0,0.0,1.0008394e-15
560000,366,187,0,-3.796266e-13,1.6406055e-11,5.723635e-23,2.7744e-41,6.0933784e-19,6.9709565e-11
560000,171,408,0,-2.1072784e-13,2.1648731e-11,1.7326833e-13,5.940243e-19,4.0303253e-13,3.2060394e-12
560000,403,58,0,-8.623886e-13,5.5980432e-11,1.3656013e-13,2.6460664e-20,2.8850775e-10,4.9429013e-11
560000,243,375,0,2.8493806e-11,3.9372593e-13,2.6155048e-14,2.0305202e-21,3.728079e-27,9.3444086e-11
560000,194,181,0,-1.02127637e-13,3.081372e-13,3.1228607e-16,3.2657636e-23,3.419929e-28,4.751661e-13
560000,305,262,0,-9.4987284e-14,6.5818974e-12,3.1035363e-10,4.9714042e-11,3.3598683e-11,4.415639e-15
560000,449,37,0,-1.1202911e-12,4.7670624e-11,8.455447e-13,5.651362e-18,2.1071196e-15,1.6807489e-10
560000,204,96,0,-2.9837108e-13,1.5978205e-11,2.4747851e-12,4.789229e-16,8.520083e-13,8.637305e-11
560000,447,115,0,-1.1442271e-12,8.749434e-11,1.6042976e-11,2.1352183e-14,1.4499663e-12,1.2178221e-10
560000,225,201,0,-9.614919e-14,3.631658e-14,3.9924238e-38,0.0,1.9518403e-32,7.420203e-15
560000,203,113,0,-3.4148864e-13,2.8982552e-11,2.6409534e-12,5.7647824e-16,1.4618381e-14,1.9428736e-10
560000,396,151,0,-8.317303e-13,9.1235804e-11,7.508977e-15,1.2785584e-22,1.2234441e-11,1.4109645e-10
560000,234,90,0,-5.6827123e-13,2.168461e-11,1.8378807e-13,1.424742e-19,1.8376098e-19,4.190041e-11
560000,387,124,0,2.7874313e-12,3.794125e-12,9.021601e-12,8.654861e-15,5.968482e-17,3.0772158e-09
560000,296,477,0,-4.1161763e-13,6.175182e-11,9.0014943e-14,8.5892563e-19,3.866005e-13,3.2786078e-09
560000,438,321,0,-5.1966417e-13,1.125003e-11,8.709197e-15,1.5680436e-21,9.055262e-22,3.1215157e-09
560000,96,407,0,3.3088235e-13,3.4806658e-11,9.385891e-17,2.9435676e-27,1.0664641e-13,3.081355e-09
560000,260,2,0,-5.783119e-13,3.30731e-11,3.6191623e-11,1.4412256e-13,4.3467325e-15,3.1199965e-09
560000,25,77,0,-1.2947554e-12,1.0249423e-10,3.8310216e-15,1.3873782e-23,7.215637e-14,3.5059373e-09
560000,381,357,0,8.5235465e-13,2.7818239e-11,2.0928354e-17,1.8273192e-27,2.707717e-10,2.9988827e-09
560000,135,3,0,-5.838444e-13,5.3406823e-12,4.8113075e-16,5.554011e-25,4.1593894e-25,3.080113e-09
560000,119,176,0,-3.785931e-13,7.189426e-11,2.6516346e-14,1.6606381e-21,4.5795155e-13,3.2087346e-09
560000,48,48,0,-1.2582371e-12,7.859401e-11,6.775227e-15,9.280404e-23,2.007982e-15,3.0863823e-09
560000,416,394,0,-1.0868542e-12,1.05787774e-10,4.0582481e-13,2.7891408e-19,1.270035e-11,3.0098393e-09
560000,477,408,0,-1.2764578e-12,1.0526661e-10,1.7980094e-12,6.1128045e-17,1.1160694e-11,3.5216827e-09
560000,331,68,0,-6.9242013e-13,2.5933247e-11,7.150937e-20,2.057564e-33,2.2724446e-14,3.0938396e-09
560000,37,297,0,-3.8624887e-13,3.3583972e-11,9.400395e-12,4.9126695e-15,7.979843e-15,3.2004204e-09
560000,371,493,0,-6.568324e-13,4.3599385e-11,3.1980693e-13,3.3820905e-19,1.2038314e-12,3.2935303e-09
560000,88,352,0,9.218072e-12,1.9943129e-11,1.2898356e-12,4.6877146e-17,1.425623e-14,2.993112e-09
560000,38,184,0,-5.1937594e-13,2.4050853e-11,1.7845482e-11,1.7071345e-13,7.0971307e-15,3.1033371e-09
560000,444,492,0,-6.561342e-13,3.6325064e-11,9.119918e-12,6.170259e-15,9.851818e-13,3.1509604e-09
560000,8,61,0,-1.2998404e-12,6.1254356e-11,3.5593663e-13,2.0872238e-18,2.4649497e-15,3.1154646e-09
560000,234,469,0,-5.268899e-13,2.4893013e-11,2.331155e-15,7.1974675e-24,1.6074955e-15,1.0405645e-10
560000,108,164,0,1.7118239e-13,8.1920706e-11,1.978889e-14,4.7443635e-22,2.5704167e-10,3.027099e-09
560000,196,237,0,-2.9042591e-13,1.8385274e-11,8.257013e-16,7.466645e-24,3.962995e-18,3.0934786e-09
560000,437,496,0,-6.0780103e-13,1.7742972e-11,5.910179e-12,7.153204e-15,3.400805e-15,3.1606548e-09
560000,86,431,0,-1.1662181e-12,3.9732613e-11,2.497259e-14,1.7032022e-20,2.3680024e-16,3.061124e-09
560000,126,24,0,-1.2342868e-12,7.098508e-11,9.10295e-18,1.0368269e-28,1.7571549e-12,3.0397727e-09
560000,484,308,0,-8.5939106e-13,4.0498493e-11,3.462259e-09,7.191878e-10,1.1532665e-09,1.656172e-10
560000,163,499,0,-5.426419e-13,1.2511124e-11,4.5372734e-18,1.3999201e-29,2.485656e-19,7.5375414e-11
560000,313,491,0,-2.759615e-13,1.2595626e-11,2.5724687e-12,1.2035212e-16,3.6984998e-19,8.887879e-11
560000,87,176,0,-3.2321717e-13,4.981743e-11,3.2147885e-11,4.1063772e-13,4.798417e-12,2.7998033e-11
560000,405,253,0,-3.1223217e-13,4.248798e-11,5.2338706e-12,1.9901096e-15,5.742056e-13,3.0168887e-09
560000,246,5,0,-7.4061585e-13,6.1066596e-11,1.3582982e-15,1.3231815e-23,2.651141e-12,3.2512573e-09
560000,98,102,0,-4.8284787e-13,5.0720178e-11,1.0493552e-17,8.63094e-28,9.4812795e-12,3.0986624e-09
560000,404,317,0,-1.4997614e-13,3.0548906e-13,7.6981616e-12,3.5334382e-15,8.909747e-18,3.0391418e-09
560000,77,381,0,2.2645172e-10,6.848737e-11,3.771382e-18,9.40457e-30,2.004369e-12,3.0808252e-09
560000,351,310,0,-2.6061165e-13,2.4367108e-12,3.3252576e-30,0.0,2.8273606e-29,2.058293e-11
560000,422,204,0,7.2456235e-11,4.2235996e-11,2.681798e-13,1.8684316e-18,5.196625e-13,3.0866698e-09
560000,13,37,0,-1.4137987e-12,9.842714e-11,2.0394724e-11,4.89891e-14,2.8296118e-10,3.019068e-09
560000,381,480,0,-7.469083e-13,2.638252e-11,1.25722085e-14,4.829336e-21,2.9030787e-18,3.0327254e-09
560000,391,337,0,-3.0370566e-13,9.926595e-12,2.1192705e-12,6.087545e-16,1.7500853e-18,3.007592e-09
560000,12,445,0,-1.1210142e-12,7.465707e-11,1.2774284e-10,1.7552657e-11,7.1325827e-12,2.953655e-10
560000,89,373,0,3.7850542e-10,6.053077e-11,6.948502e-16,9.198684e-25,5.315968e-10,3.0043499e-09
560000,486,101,0,-1.1017388e-12,4.468816e-11,2.0228087e-11,9.758539e-14,9.793676e-15,3.1695058e-09
560000,7,411,0,-7.853355e-13,2.4770937e-11,3.6255835e-11,6.754958e-13,3.1970066e-14,3.247624e-09
560000,460,190,0,1.9557353e-12,3.7486514e-11,4.9720335e-13,9.032512e-18,2.1071003e-15,3.0560452e-09
560000,303,46,0,1.0179118e-12,5.042456e-11,5.7448095e-13,3.015438e-18,1.4617863e-14,3.157918e-09
560000,25,497,0,-2.1121945e-12,8.787644e-11,4.243839e-14,3.549782e-21,3.311918e-15,3.2405458e-09
560000,80,484,0,-1.2249692e-12,5.3963004e-11,1.1194876e-11,1.3947419e-14,1.2290245e-13,3.263724e-09
560000,257,70,0,2.5603482e-12,1.4311195e-11,3.2649036e-19,1.1623602e-31,4.632786e-21,3.0557312e-09
560000,151,422,0,-2.1981242e-13,9.326004e-12,3.7691603e-11,9.588647e-13,9.889495e-14,3.0418938e-09
560000,48,377,0,-1.0421076e-13,3.1172717e-11,4.0647007e-11,3.3974866e-13,9.612681e-15,3.0674991e-09
560000,306,32,0,-8.759904e-13,6.558022e-11,8.843023e-11,1.2082323e-10,8.796335e-10,8.578859e-11
560000,208,267,0,-5.2735276e-15,6.437286e-18,0.0,0.0,0.0,2.988968e-09
560000,81,239,0,-1.2082443e-13,1.6518228e-11,1.5829057e-11,7.542725e-14,1.3001008e-13,3.159406e-09
560000,403,427,0,7.507705e-12,3.610969e-11,2.727167e-13,1.5796667e-19,2.60626e-10,9.7904296e-11
560000,452,498,0,-1.5232593e-13,1.2425145e-11,1.26632e-12,1.7859303e-17,2.7697816e-10,3.104513e-09
560000,404,227,0,1.17809686e-11,6.5897925e-12,6.9836347e-19,1.9809165e-32,5.1610496e-22,3.0449814e-09
560000,443,472,0,-1.3343418e-12,1.4062844e-10,4.1749814e-14,2.2163295e-21,5.1900192e-11,3.0864291e-09
560000,86,98,0,-5.8764376e-13,6.322121e-12,1.3178784e-14,5.4886596e-21,1.5348118e-25,3.325655e-09
560000,155,336,0,-5.5202766e-13,3.4288964e-11,2.6511292e-28,0.0,7.511551e-17,2.9892326e-09
560000,460,29,0,-1.4931793e-12,2.4667698e-10,2.3117163e-11,5.6338984e-14,3.7182941e-09,3.3573357e-09
560000,429,424,0,-1.5895708e-12,1.5105589e-10,9.329838e-12,2.4497186e-15,2.2108945e-10,3.2371743e-09
560000,445,82,0,-1.2346585e-12,8.647398e-11,6.9523337e-16,1.6337302e-25,2.381882e-11,3.119346e-09
560000,23,419,0,-8.1916125e-13,7.6215596e-11,9.325458e-13,4.3070495e-16,2.3503905e-12,3.2535856e-09
560000,54,3,0,-8.7856415e-13,9.084646e-11,1.135087e-11,6.8198913e-15,4.7167768e-14,3.0698124e-09
560000,166,51,0,-7.140305e-13,2.1214521e-11,1.5924487e-11,1.9553239e-14,6.589379e-16,3.1002552e-09
560000,389,264,0,-2.8827475e-13,1.9400636e-11,3.577228e-26,0.0,6.3689597e-15,2.989511e-09
560000,291,469,0,-3.7731355e-13,7.2453224e-12,7.680512e-13,3.8092484e-17,5.0762336e-20,2.9950764e-09
560000,475,369,0,-1.0748007e-12,5.2979905e-11,2.926144e-19,3.3033397e-31,5.205573e-16,3.1685612e-09
560000,286,287,0,-1.7843244e-14,3.8425514e-17,8.246419e-28,0.0,1.3e-43,2.9887863e-09
560000,465,47,0,-1.2063084e-12,9.336851e-11,5.714475e-13,8.2677356e-18,4.09153e-11,3.1352763e-09
560000,41,2,0,-2.7879297e-13,4.4925206e-11,2.0002294e-12,5.2360003e-16,2.5599804e-12,2.9923735e-09
560000,122,480,0,-1.0275372e-12,3.5440213e-11,4.9309588e-11,5.7913933e-13,4.4431303e-14,3.0116185e-09
560000,468,224,0,1.0240892e-11,4.623024e-12,1.8585042e-12,3.799042e-17,3.905696e-21,3.192097e-09
560000,194,494,0,-9.0577426e-13,5.3239916e-11,2.1825395e-14,2.4013308e-21,3.7766163e-13,3.0863587e-09
560000,60,342,0,-4.199872e-13,3.4607497e-11,1.6108191e-15,2.7212615e-24,1.4687265e-11,3.069298e-09
560000,245,476,0,-4.2061496e-13,2.1581572e-11,4.3823335e-16,3.5545205e-25,8.5200775e-13,3.1109937e-09
560000,75,455,0,-1.4978698e-12,9.814516e-11,5.541063e-11,3.9260756e-12,2.6638428e-10,3.026406e-09
560000,106,409,0,-6.417785e-13,3.0871337e-11,3.616475e-13,2.4389216e-18,1.9560005e-15,3.0324734e-09
560000,391,46,0,-8.8255233e-13,3.2126288e-11,3.9993104e-13,1.1383981e-17,1.7187674e-20,3.0624356e-09
560000,69,230,0,-8.9016705e-14,3.8928214e-12,1.4995087e-11,2.8390247e-14,2.6399081e-16,2.9984089e-09
560000,88,339,0,-8.1322346e-14,7.519012e-12,8.9246966e-20,4.292133e-33,2.7177572e-21,2.995282e-09
560000,5,40,0,-6.9242913e-13,6.418881e-11,1.8793491e-11,9.7425763e-14,2.8377564e-10,3.4241316e-09
560000,462,455,0,-1.2519243e-12,4.763161e-11,5.7929256e-12,1.3903852e-15,1.3691039e-11,3.253142e-09
560000,420,135,0,2.2352626e-13,9.733455e-11,1.9472065e-12,1.3685367e-16,2.5704158e-10,3.2758207e-09
560000,363,380,0,4.1345088e-10,7.907768e-12,1.004847e-11,9.0759335e-15,2.9355207e-17,4.4511617e-10
560000,134,130,0,1.4218797e-10,4.507824e-12,1.3692872e-36,0.0,7.916412e-23,8.139262e-11
560000,255,187,0,-1.8376488e-15,8.755609e-22,4.8341114e-12,7.8162247e-16,6.608078e-19,8.049078e-12
560000,364,297,0,-1.3169076e-13,2.2700113e-13,1.0148593e-34,0.0,6.5285296e-33,2.5672392e-13
560000,380,132,0,-4.3511073e-14,5.627623e-12,3.0785406e-14,1.23578126e-20,8.497235e-22,9.368143e-12
560000,114,99,0,-1.1451351e-11,2.2747868e-09,3.9383107e-13,8.4658394e-19,4.1188084e-09,8.123767e-11
560000,127,250,0,-1.1087477e-11,2.2719469e-09,4.2524392e-17,1.1070379e-27,4.1188084e-09,1.38267895e-11
560000,175,397,0,-2.451261e-13,4.0072445e-11,1.8270325e-23,2.423792e-39,6.759495e-12,8.961562e-12
560000,328,260,0,-1.129116e-13,2.2501527e-14,4.575367e-24,1.8206e-41,1.196644e-39,1.7293223e-14
560000,181,167,0,-2.2785867e-13,1.0603241e-11,3.1526729e-21,5.388494e-33,6.953312e-18,4.5020157e-14
560000,129,314,0,-2.1245668e-13,1.5838207e-12,1.8244492e-17,3.639358e-26,8.398379e-28,8.9949756e-11
560000,381,327,0,-4.1378665e-13,6.683215e-11,2.918125e-16,8.10779e-26,4.0607548e-12,2.6446513e-11
560000,150,48,0,-7.3144453e-13,2.8234843e-11,1.5044192e-12,7.617185e-17,2.0523157e-16,1.1282715e-10
560000,270,231,0,-6.020621e-16,5.9361084e-22,1.75892e-35,0.0,0.0,5.623008e-16
560000,279,424,0,-1.7740527e-14,2.267047e-15,1.5405773e-14,2.8850178e-22,1.6204992e-28,3.9420096e-11
560000,240,246,0,-6.953721e-18,3.1888823e-29,0.0,0.0,0.0,3.5107806e-12
560000,291,184,0,-6.917941e-14,1.9096573e-12,6.4475796e-26,3.5e-44,3.6527964e-26,1.386397e-15
560000,9,77,0,-1.1725899e-12,4.215928e-11,6.816739e-11,1.760388e-12,1.8683083e-13,1.5384125e-10
560000,319,122,0,-5.15176e-13,6.470129e-11,2.4796403e-13,2.1181398e-19,1.5570249e-12,1.0110751e-10
560000,330,348,0,-1.2579498e-13,7.6784994e-14,5.271996e-32,0.0,1.30384e-40,1.1985683e-10
560000,312,15,0,-7.1413914e-13,5.050414e-11,9.60093e-13,6.869209e-17,2.0577063e-14,3.1774363e-09
560000,53,275,0,-1.304212e-13,9.809516e-12,8.2363594e-16,3.2720235e-25,1.9056343e-18,1.5383536e-10
560000,355,484,0,-3.730055e-13,2.36756e-11,3.4790673e-12,4.297118e-16,8.494307e-14,4.2198488e-11
560000,131,492,0,-7.7033746e-13,2.2669264e-11,1.1233768e-11,1.6122613e-14,6.319351e-17,3.1037928e-09
560000,215,18,0,-9.466695e-13,4.5115876e-11,6.888471e-17,1.0979866e-27,4.61555e-17,8.6107524e-11
560000,390,215,0,2.6722664e-13,2.5903318e-12,1.6301821e-11,1.0941848e-13,3.6846564e-15,3.9114174e-11
560000,400,18,0,-6.875483e-13,2.7015761e-11,1.0058838e-13,9.0195095e-20,6.1177836e-15,3.323177e-10
560000,423,298,0,-2.0325546e-13,2.8138273e-12,3.637556e-14,1.3205317e-20,1.948806e-25,1.3234011e-10
560000,144,34,0,-1.0158097e-12,3.634157e-11,2.3580354e-12,4.675266e-17,6.044616e-17,1.3183317e-10
560000,427,9,0,-7.6362614e-13,2.6129786e-11,1.0199961e-10,5.3595448e-11,7.489693e-11,1.6601298e-10
560000,302,362,0,-8.2348414e-14,4.1547064e-14,4.712345e-12,1.4580771e-15,6.975851e-18,3.0042313e-09
560000,85,154,0,-5.12785e-13,2.5789006e-11,1.6021052e-23,2.13685e-40,5.7419043e-13,3.1611267e-09
560000,2,300,0,-4.7276544e-13,2.7334548e-11,9.544401e-12,4.6811424e-15,1.9171238e-15,3.27682e-09
560000,434,218,0,3.6905004e-10,3.7797536e-11,3.0866185e-11,6.2478e-13,4.3118693e-13,3.0813352e-09
560000,55,19,0,-1.1278324e-12,3.6117834e-11,8.6076186e-14,1.5360977e-20,3.665172e-15,3.275712e-09
560000,53,406,0,-7.042141e-13,4.416612e-11,1.5213239e-18,1.4057749e-31,2.330381e-15,5.5145638e-11
560000,142,61,0,-6.950474e-13,2.2641038e-11,1.0825398e-11,7.377453e-15,2.105661e-17,9.9024934e-11
560000,303,113,0,-1.8776032e-13,1.50588e-13,3.462259e-09,7.191878e-10,1.1532664e-09,6.674577e-11
560000,326,451,0,-4.772464e-13,2.930286e-11,5.6732342e-14,4.226013e-20,1.3629214e-12,1.7902074e-10
560000,315,467,0,-2.8756522e-13,6.6634133e-12,1.4603681e-13,2.5426966e-19,3.7407325e-22,1.1971472e-10
560000,499,97,0,-1.1515946e-12,1.1265845e-10,8.406378e-13,1.5136174e-18,2.116794e-11,4.262101e-09
560000,420,154,0,1.8258901e-12,2.4570611e-11,4.4617055e-18,1.1075837e-28,4.912423e-17,5.441646e-11
560000,409,291,0,-2.56045e-13,7.2509277e-12,1.5038707e-19,6.366606e-31,2.2637136e-21,1.7091404e-12
560000,460,494,0,-4.8287443e-13,4.7188062e-11,8.510501e-11,4.4625896e-12,2.7065305e-11,1.4894519e-10
560000,155,3,0,-7.85312e-13,7.270814e-11,2.6189996e-14,2.0305204e-21,2.3536248e-10,3.1774068e-09
560000,2,308,0,-6.623315e-13,3.1105257e-11,6.9668067e-13,3.2644143e-18,1.891249e-15,3.1018719e-09
560000,378,109,0,1.5001093e-12,2.613105e-11,1.3776559e-14,1.111886e-21,3.3953045e-14,3.0255267e-09
560000,138,26,0,-1.146485e-12,9.206418e-11,1.4217788e-11,1.9884317e-14,1.8034602e-11,3.095743e-09
560000,33,422,0,-7.5229314e-13,3.0744917e-11,1.4658292e-12,1.2450922e-16,1.7746725e-15,3.025999e-09
560000,445,491,0,-6.940453e-13,3.9605864e-11,1.8052984e-12,6.1131843e-17,9.851639e-13,1.6365856e-10
560000,96,477,0,-1.2531178e-12,1.1255566e-10,4.528557e-17,1.0656971e-27,1.03125035e-11,3.1498142e-09
560000,431,493,0,-7.078833e-13,3.5962344e-11,1.25367616e-11,5.2774888e-15,1.5055375e-13,5.8926475e-11
560000,68,427,0,-1.0565705e-12,4.2348784e-11,4.075942e-14,2.0764095e-21,1.4187801e-11,9.581249e-11
560000,445,88,0,-1.1902396e-12,6.343244e-11,1.3807716e-13,2.542271e-19,3.6779706e-17,3.0642269e-09
560000,475,323,0,-7.210122e-13,5.754378e-11,2.0538833e-17,9.9358774e-29,2.7754322e-14,3.7359726e-11
560000,177,53,0,-6.140616e-13,6.7816266e-11,3.1916435e-13,1.7701036e-18,2.0521765e-10,2.825874e-11
560000,452,429,0,-1.3210802e-12,4.1085954e-11,3.1057416e-16,5.708444e-26,2.7277553e-11,3.5779735e-09
560000,21,289,0,-2.7828467e-13,5.2150363e-12,9.340418e-13,2.2435039e-17,1.1003616e-20,1.0291203e-10
560000,114,472,0,-1.192661e-12,8.451291e-11,1.1105209e-10,4.953364e-12,1.2013363e-12,4.5709263e-11
560000,212,47,0,-8.904286e-13,4.3030114e-11,1.09852504e-16,3.3085433e-25,1.0420535e-16,6.041447e-10
560000,269,10,0,-3.934236e-13,2.0094933e-11,3.4622594e-09,7.191878e-10,1.1532669e-09,1.1675809e-10
560000,171,17,0,-4.966741e-13,5.0745757e-12,3.0196335e-11,6.9963864e-13,3.4002003e-14,3.194468e-09
560000,474,62,0,-1.2963407e-12,9.079138e-11,2.292693e-11,5.1265422e-14,2.5343824e-11,1.1964478e-10
560000,31,185,0,-4.8433745e-13,2.1907103e-11,1.4392154e-10,1.243517e-11,3.3241578e-12,3.0722325e-09
560000,487,46,0,-1.6475026e-12,9.072784e-11,5.0717694e-12,1.6719596e-15,3.3675578e-12,1.7725493e-10
560000,450,164,0,7.779391e-12,2.8317841e-11,1.0130713e-16,5.393606e-27,2.8004815e-10,3.0226521e-09
560000,32,213,0,-5.743364e-13,3.9269393e-11,7.173513e-13,8.645476e-18,3.671886e-16,3.058933e-09
560000,470,355,0,-7.42065e-13,2.1758203e-11,5.722524e-16,1.327281e-24,5.909638e-17,3.2746557e-09
560000,112,1,0,-1.3249185e-12,8.284876e-11,9.465936e-14,4.592312e-19,1.3693953e-11,1.3964503e-10
560000,78,120,0,-7.5486443e-13,4.2407824e-11,3.901759e-12,6.7572747e-16,2.5704153e-10,2.6880828e-10
560000,476,53,0,-1.331231e-12,5.5986597e-11,5.9846184e-11,1.5601683e-12,2.756759e-13,1.6602733e-10
560000,55,123,0,-1.0402704e-12,4.945956e-11,1.9810683e-12,7.8802486e-17,8.527076e-13,1.3690418e-10
560000,16,343,0,-9.839821e-13,7.7002495e-11,3.4637317e-09,7.191879e-10,1.3634708e-09,1.3217498e-10
560000,35,120,0,-9.396164e-13,5.173276e-11,5.870785e-11,4.117941e-12,2.5219818e-12,3.1931728e-09
560000,327,465,0,-5.8277683e-13,2.8228213e-11,6.6380915e-11,2.6349268e-12,2.7585201e-13,3.0128773e-09
560000,36,442,0,-1.360341e-12,1.5178563e-11,2.3055731e-11,1.636151e-13,2.373392e-15,2.6373098e-10
560000,69,357,0,9.421882e-12,3.5533895e-11,6.761021e-11,9.800538e-12,4.1167425e-12,8.902895e-11
560000,408,358,0,-4.1261395e-13,7.08017e-12,8.0284906e-22,4.6372858e-36,3.6464546e-22,3.0708536e-09
560000,51,356,0,-2.6184117e-13,3.8965414e-11,1.8708212e-11,9.742546e-14,5.794405e-13,3.1035e-09
560000,446,84,0,-1.268782e-12,6.4750934e-11,1.829973e-15,2.005105e-24,2.04609e-15,8.066396e-11
560000,307,456,0,-2.489379e-13,8.567073e-12,5.669803e-14,1.3996971e-19,7.105248e-21,3.5786345e-09
560000,0,252,0,-7.066501e-13,9.07362e-12,3.140446e-14,6.2228947e-21,8.098596e-23,3.4577814e-09
560000,431,453,0,-1.1268206e-12,3.4056896e-11,3.4945127e-09,7.196211e-10,1.1533045e-09,3.2780129e-10
560000,121,490,0,-1.1919956e-12,6.570634e-11,7.538374e-11,1.9472883e-11,9.877412e-12,3.1165015e-09
560000,248,491,0,-3.953129e-13,6.042663e-12,2.2233932e-14,5.874999e-22,9.945293e-22,1.3554852e-10
560000,49,105,0,-7.352175e-13,4.801464e-11,1.284647e-18,2.3905775e-30,3.7551224e-15,3.2307825e-09
560000,136,0,0,-5.8148614e-13,6.4245822e-12,1.4573244e-16,5.155608e-26,5.848672e-23,4.165962e-11
560000,492,23,0,-1.4492015e-12,1.3511246e-10,9.325282e-14,2.0204733e-19,3.4699982e-11,3.050344e-10
560000,2,42,0,-3.3635285e-13,2.6755563e-11,3.55493e-09,7.2168754e-10,1.1537288e-09,3.244754e-10
560000,187,49,0,-6.141638e-13,2.1833224e-11,2.1177745e-11,6.6011094e-14,1.992033e-14,1.4083154e-09
560000,486,361,0,-7.957671e-13,1.4956373e-11,3.4502693e-15,7.641692e-24,2.0227471e-23,7.5334364e-11
560000,269,425,0,1.6465982e-13,6.991237e-15,6.141402e-15,3.772347e-23,6.920838e-30,5.2946345e-11
560000,499,29,0,-1.6929592e-12,8.7802245e-11,3.6090708e-09,7.2518813e-10,1.1560999e-09,1.358248e-10
560000,18,44,0,-1.47848e-12,1.1471165e-10,8.577691e-12,1.8676667e-14,2.1588158e-14,3.1563014e-09
560000,471,79,0,-1.7119634e-12,1.442025e-10,9.123293e-13,1.02045194e-17,1.337075e-13,2.0071236e-10
560000,448,123,0,-1.2865212e-12,6.354535e-11,3.4734384e-15,6.2447517e-23,2.5372494e-14,1.6739764e-11
560000,194,25,0,-8.773903e-13,4.474708e-11,2.5966837e-13,2.467208e-18,2.2889813e-14,2.5646607e-10
560000,486,313,0,-8.15158e-13,3.4941976e-11,4.750654e-16,4.2880355e-23,3.2135576e-17,3.2394132e-09
560000,307,418,0,-7.4270275e-14,2.5999598e-14,1.8353466e-14,5.418807e-21,4.0498036e-26,1.2649218e-10
560000,476,404,0,-1.1786973e-12,6.549041e-11,1.4103261e-11,3.3557907e-14,7.67504e-16,3.2165155e-09
560000,354,4,0,-6.7020136e-13,3.9728724e-11,3.9413575e-14,3.739617e-20,2.0018618e-15,3.154901e-09
560000,30,301,0,-5.899935e-13,6.45853e-11,4.646416e-12,7.423593e-16,7.163869e-15,7.59804e-11
560000,2,312,0,-7.3039627e-13,1.8567942e-11,5.1153197e-14,4.5573217e-21,1.1767502e-16,1.05870125e-10
560000,312,68,0,5.1942517e-12,1.0215794e-10,2.8794618e-13,4.969039e-19,1.4525556e-11,9.795221e-11
560000,134,391,0,-2.7969743e-13,1.3462882e-11,1.0568948e-13,2.1322487e-20,9.386271e-20,4.8961002e-11
560000,437,29,0,-9.823327e-13,6.364038e-11,1.617481e-10,5.599258e-11,7.816428e-11,3.2630496e-09
560000,384,487,0,-9.20834e-13,5.7360287e-11,6.5681727e-13,1.7879592e-17,1.0554165e-12,1.1964801e-10
560000,135,57,0,-9.280459e-13,6.3797106e-11,1.3780069e-11,3.089436e-14,2.5365774e-11,3.1924834e-09
560000,467,238,0,5.607754e-12,2.216429e-12,1.0839556e-13,3.1225503e-20,1.8825028e-25,3.1926524e-09
560000,487,466,0,-1.0080504e-12,6.5698814e-11,4.1055846e-14,3.0381007e-21,1.5304985e-13,3.0826275e-09
560000,41,27,0,-1.3610475e-12,5.777916e-11,7.606021e-15,3.1240598e-22,1.4187873e-11,3.2850116e-09
560000,245,456,0,-3.4963582e-13,8.562532e-12,2.712862e-11,2.1328093e-13,1.3100572e-14,1.12314005e-10
