mcsteps,xCOM,yCOM,zCOM,il8,il1,il6,il10,tnf,tgf
280000,84,376,0,1.8600078e-09,2.022627e-11,9.875125e-19,4.5122124e-30,2.064894e-20,3.223214e-11
280000,432,181,0,1.860169e-09,4.1319746e-11,7.6306176e-14,4.2103904e-19,2.532138e-16,1.7235583e-11
280000,409,105,0,1.8603883e-09,9.260628e-11,1.2025304e-24,1.282099e-37,1.340763e-10,2.9094115e-13
280000,247,394,0,1.8609653e-09,4.691526e-16,2.9025983e-17,1.3510785e-26,1.2325775e-33,8.81278e-12
280000,132,141,0,1.8604808e-09,5.976982e-12,0.0,0.0,1.405537e-20,1.3301097e-11
280000,286,72,0,1.8603356e-09,4.6438322e-11,1.1624157e-16,1.8534456e-25,4.5359342e-17,4.1280623e-10
280000,365,385,0,1.8607325e-09,9.408766e-13,3.0479435e-16,1.0235595e-22,9.31286e-25,3.1062995e-14
280000,379,420,0,1.8605687e-09,2.5431721e-11,6.174519e-16,4.8628273e-24,2.4913754e-17,2.7551784e-11
280000,426,219,0,1.8671729e-09,8.213265e-14,4.690698e-15,2.7526664e-22,1.5653931e-27,3.1083875e-11
280000,444,225,0,1.8669126e-09,6.403782e-12,7.725403e-14,9.303428e-19,8.779972e-22,9.5888185e-12
280000,87,211,0,-2.489345e-13,5.460438e-11,1.02939894e-16,7.932337e-24,1.6309972e-13,3.8208266e-13
280000,479,91,0,-1.0536696e-12,5.7784878e-11,3.853246e-15,1.2769708e-21,4.7574173e-15,1.7399593e-10
280000,388,347,0,-1.1155105e-11,2.2721243e-09,3.2981243e-13,4.6203588e-18,4.1188084e-09,1.1473679e-10
280000,479,160,0,-2.8540413e-13,1.6415269e-12,5.555573e-13,1.2830804e-17,6.142529e-21,9.0876693e-13
280000,300,443,0,-3.6802335e-13,3.1616904e-11,5.377974e-21,1.1997691e-31,1.1753927e-16,8.555668e-12
280000,441,494,0,-5.718859e-13,7.1787706e-12,4.802975e-11,2.9026133e-13,1.561363e-14,6.574365e-11
280000,190,424,0,-6.2924774e-13,5.335128e-12,1.9946842e-17,6.6580477e-26,9.849091e-22,4.7276034e-13
280000,443,180,0,5.4393802e-11,2.3512057e-09,2.855427e-12,3.693492e-16,4.118812e-09,1.2630987e-12
280000,60,45,0,-1.203834e-11,2.3156324e-09,3.0940065e-19,3.460485e-30,4.1188315e-09,3.8191746e-12
280000,159,369,0,-1.3341628e-13,6.5679883e-13,2.430984e-16,1.6659117e-24,1.3291784e-26,2.14912e-17
280000,113,414,0,-1.2121705e-11,2.416164e-09,5.0683937e-17,7.94807e-25,4.2315005e-09,1.6968436e-10
280000,55,23,0,-1.17607426e-11,2.2949462e-09,2.8262386e-13,1.712354e-18,4.1188084e-09,9.6407805e-11
280000,23,273,0,-3.3844216e-13,7.3012446e-13,6.852667e-25,6.1063e-40,1.6023658e-25,1.1325763e-11
280000,216,184,0,-1.1139767e-11,2.2721307e-09,0.0,0.0,4.1188084e-09,4.1061896e-34
280000,416,472,0,-1.2029568e-11,2.3053839e-09,6.352252e-18,2.8826813e-27,4.1188084e-09,2.3270079e-10
280000,75,475,0,-1.281066e-11,2.3646467e-09,2.3735896e-13,1.2912178e-18,4.11881e-09,2.7389083e-10
280000,100,457,0,-5.1082565e-13,1.7972542e-13,1.0304839e-13,3.5946705e-19,4.5567083e-23,9.9552656e-14
280000,455,410,0,-1.1923661e-11,2.3193405e-09,6.617206e-12,8.968485e-15,4.1188093e-09,5.6675827e-11
280000,40,452,0,-2.5945101e-12,2.0076785e-10,3.9843536e-12,1.5396141e-15,2.5974526e-12,6.720202e-11
280000,188,22,0,-1.1761682e-11,2.3571471e-09,3.5611618e-11,7.63168e-14,4.1255737e-09,3.3834387e-11
280000,422,72,0,-1.1579294e-11,2.3256819e-09,5.555574e-13,1.2830804e-17,4.1232253e-09,9.125955e-11
280000,7,5,0,-1.1809929e-11,2.420814e-09,5.8162637e-12,4.960337e-15,4.122109e-09,2.1922442e-10
280000,438,220,0,1.9446537e-10,2.2728837e-09,2.7275374e-14,7.715903e-21,4.1188084e-09,9.521587e-11
280000,400,451,0,-4.102309e-13,1.3298723e-12,1.24320045e-23,5.4519226e-38,5.1845556e-24,9.533041e-13
280000,15,45,0,-1.2777564e-11,2.3994358e-09,7.8641494e-12,3.5130694e-15,4.296999e-09,5.229977e-12
280000,298,39,0,-1.1498838e-11,2.2801085e-09,1.7928954e-17,2.0642423e-27,4.1188084e-09,1.01712146e-10
280000,435,140,0,-1.5348632e-12,4.4813e-11,8.09382e-17,2.7590457e-25,1.9845552e-17,1.1035317e-11
280000,276,204,0,-1.1019121e-11,2.2719089e-09,1.1453902e-34,0.0,4.1188084e-09,5.806539e-34
280000,21,400,0,-3.706974e-13,6.712618e-12,2.2680454e-13,4.3108253e-18,4.338602e-21,1.5026244e-10
280000,360,480,0,-5.3714097e-13,7.912047e-11,1.09351804e-13,4.937202e-19,1.6508259e-12,1.3961445e-12
280000,479,29,0,-1.1862773e-11,2.3276763e-09,1.4092763e-15,1.1769615e-23,4.3188937e-09,9.732763e-11
280000,321,22,0,-6.6768704e-13,6.8915006e-11,1.3130974e-15,6.4824156e-22,1.3626536e-14,9.66836e-12
280000,190,498,0,-1.2259792e-11,2.336782e-09,3.207597e-23,0.0,4.1188097e-09,1.2817697e-13
280000,296,114,0,-3.651423e-14,7.740423e-16,3.164795e-25,2.99e-42,9.567083e-34,1.285132e-14
280000,91,92,0,-3.5288902e-13,3.005313e-11,3.7247067e-15,1.6794202e-22,8.707935e-15,2.3425723e-11
280000,32,365,0,-6.8399567e-13,8.849206e-11,4.7123442e-12,1.4580771e-15,4.9068475e-12,4.776061e-11
280000,345,102,0,-5.525308e-13,5.1163962e-11,7.3599465e-25,3.23564e-40,1.0094374e-15,3.7163415e-12
280000,63,387,0,7.5888006e-14,2.9858788e-10,1.0641381e-13,4.8184315e-19,3.8421284e-11,2.3673268e-11
280000,448,411,0,-1.1573316e-11,2.2884064e-09,3.2232869e-12,4.564749e-16,4.1188084e-09,7.322487e-11
280000,118,86,0,-1.1357756e-11,2.2956412e-09,1.8230436e-14,5.1836097e-20,4.1188093e-09,5.7772263e-11
280000,120,279,0,-2.2986953e-14,8.908682e-16,9.360284e-27,1.56e-43,1.11e-43,3.9661351e-13
280000,304,43,0,-1.1315539e-11,2.2724578e-09,2.6042774e-17,4.834518e-26,4.1188084e-09,8.393e-11
280000,88,496,0,-5.1636825e-13,4.6340373e-11,2.963274e-11,2.710303e-13,5.564597e-12,2.4219736e-11
280000,487,354,0,-3.4206768e-13,2.0566094e-11,1.737521e-14,3.632052e-20,1.2755633e-16,1.7489653e-13
280000,122,4,0,-1.1260811e-11,2.2786806e-09,3.9193576e-10,3.4215306e-10,5.0489417e-09,5.2601645e-11
280000,108,35,0,-1.1770699e-11,2.2899411e-09,4.4516097e-13,1.9272934e-17,4.1188084e-09,2.4897813e-11
280000,476,418,0,-1.2243402e-11,2.350682e-09,9.773795e-17,2.223053e-23,4.1188133e-09,8.2845134e-11
280000,204,116,0,-1.1057714e-11,2.2719098e-09,4.172521e-14,5.562407e-20,4.1188084e-09,9.599173e-14
280000,272,404,0,3.7295284e-13,5.243273e-19,7.864749e-14,9.31017e-19,3.8199783e-22,1.6498955e-12
280000,120,105,0,-1.1154697e-11,2.2719322e-09,4.9455894e-25,1.92028e-40,4.1188084e-09,1.6713433e-11
280000,43,183,0,-1.1255846e-11,2.2773068e-09,2.7284432e-14,7.7159036e-21,4.1188084e-09,9.372022e-11
280000,114,497,0,-1.353248e-12,9.5526254e-11,7.952589e-15,5.021543e-22,3.5460871e-15,4.937513e-11
280000,363,27,0,-6.2266696e-13,2.8705471e-12,3.2668516e-14,6.47546e-19,8.1737683e-22,8.7536145e-11
280000,249,30,0,-9.626573e-13,4.1715093e-11,1.6041195e-18,5.2415426e-28,2.554928e-16,1.1882337e-11
280000,365,133,0,-3.1986891e-13,5.190276e-11,5.263608e-29,3e-45,1.8813323e-13,4.1630536e-11
280000,182,448,0,-1.2008412e-11,2.3233946e-09,1.3107766e-18,3.4770172e-26,4.118812e-09,3.602141e-11
280000,420,62,0,-1.2139088e-11,2.3886408e-09,4.7233956e-21,4.379671e-32,4.119033e-09,5.752696e-11
280000,181,95,0,-1.1362703e-11,2.3116957e-09,1.8412403e-29,0.0,4.1192365e-09,1.4142097e-13
280000,118,8,0,-4.0166782e-13,1.6270544e-11,2.4981484e-13,1.2001491e-18,5.514195e-18,3.3412394e-11
280000,0,321,0,-1.481381e-11,2.5299898e-09,7.110284e-11,3.7255079e-13,4.1287707e-09,9.025631e-15
280000,311,78,0,1.9802042e-13,3.5391577e-12,4.9348796e-26,6.6839e-41,3.5244115e-23,9.770607e-13
280000,133,45,0,-1.4204821e-11,2.6812035e-09,6.557956e-13,1.6638042e-17,4.2924007e-09,6.7658726e-11
280000,463,386,0,-1.0573141e-12,3.3411465e-11,9.539685e-18,7.114368e-27,8.7079375e-15,3.6124155e-12
280000,472,142,0,-1.2010801e-11,2.3939206e-09,1.2463785e-18,7.0893644e-29,4.118893e-09,2.2291911e-11
280000,143,45,0,-1.1441833e-11,2.2733022e-09,7.5333137e-13,1.6782375e-17,4.1188084e-09,4.9980527e-11
280000,403,180,0,-1.10271705e-11,2.2719326e-09,3.598166e-19,7.934677e-27,4.1188084e-09,2.330527e-16
280000,428,293,0,-1.7277628e-13,1.4699225e-13,6.18808e-13,1.2170716e-17,5.4890635e-21,2.3555216e-10
280000,183,489,0,-6.4841497e-13,3.2383126e-12,6.408886e-18,1.4160531e-23,9.132482e-20,3.735544e-13
280000,16,342,0,-1.16048985e-11,2.2793545e-09,2.1858464e-14,5.5250273e-21,4.1188084e-09,1.1530075e-10
280000,309,494,0,-1.1133304e-11,2.2727655e-09,2.6057658e-15,1.3555053e-21,4.1188084e-09,8.0602754e-11
280000,312,71,0,-1.1040098e-11,2.3616153e-09,2.3622475e-18,1.5421171e-27,4.119794e-09,2.636729e-11
280000,360,41,0,-1.2199101e-11,2.2956659e-09,4.0009815e-14,8.5992934e-20,4.1188084e-09,2.658748e-10
280000,104,19,0,-1.20052085e-11,2.285238e-09,3.2215897e-18,7.4975186e-28,4.1188084e-09,1.6869896e-13
280000,237,231,0,-3.1848998e-21,2.0692275e-36,0.0,0.0,0.0,8.5268726e-38
280000,60,471,0,-9.308089e-13,5.700245e-11,7.0379313e-11,1.0834568e-12,3.884006e-13,3.0182146e-12
280000,2,406,0,-1.1700201e-11,2.343368e-09,5.3048888e-11,3.4849294e-13,4.118854e-09,6.614064e-11
280000,101,490,0,-6.9411274e-13,1.7818667e-11,2.594484e-10,5.4774966e-11,4.1294183e-11,8.9373994e-11
280000,476,414,0,-1.1825206e-12,4.0222086e-11,2.2243384e-16,2.0917838e-23,9.995843e-17,1.2085802e-10
280000,31,489,0,-1.2200354e-11,2.3474913e-09,3.5687515e-11,2.2252726e-13,4.1228825e-09,5.0820407e-11
280000,109,66,0,-4.5049942e-13,1.3182008e-11,1.0832411e-12,3.1294408e-16,1.6677242e-18,6.348023e-11
280000,240,72,0,-6.0124854e-13,5.3297762e-11,3.0660745e-20,7.3021465e-31,8.068997e-15,1.2775152e-10
280000,478,435,0,-1.20755845e-11,2.2924758e-09,5.985137e-12,3.4273848e-15,4.1188084e-09,4.0064927e-11
280000,415,462,0,-1.15672125e-11,2.2952693e-09,4.8029716e-11,2.9026133e-13,4.118824e-09,6.55538e-11
280000,46,69,0,4.3298967e-12,5.0202995e-11,5.5472696e-15,4.0591203e-21,3.3581811e-15,2.8797624e-12
280000,160,478,0,-1.215477e-12,7.542422e-11,5.6056095e-14,5.599839e-20,1.4073306e-13,5.0454845e-11
280000,148,191,0,-3.2791695e-14,1.40041516e-14,1.0680686e-34,0.0,4.4937214e-36,6.2776815e-17
280000,17,457,0,-1.236878e-11,2.351919e-09,7.9119974e-11,8.9876305e-13,4.1188746e-09,1.0278874e-10
280000,476,434,0,-1.5438722e-12,2.76202e-11,1.2901443e-13,6.4795105e-19,1.7381659e-16,1.1296947e-11
280000,476,357,0,-1.14908595e-11,2.298958e-09,1.3318886e-15,1.1642698e-22,4.1188084e-09,2.9057517e-11
280000,177,170,0,-3.4089135e-13,1.3407238e-11,2.594209e-29,0.0,1.7860455e-18,1.0751308e-15
280000,2,437,0,-1.26332235e-11,2.3381979e-09,2.3882935e-10,5.6409582e-11,4.1636765e-09,3.2830252e-10
280000,69,468,0,-1.1821274e-11,2.3283302e-09,1.854255e-16,5.9783804e-24,4.1188097e-09,1.5460191e-10
280000,150,490,0,-1.1981858e-11,2.4364986e-09,3.0401516e-23,1.1041047e-37,4.1204036e-09,9.362523e-11
280000,273,458,0,-4.8048983e-13,7.5880656e-11,3.915645e-13,7.318906e-18,6.115681e-12,4.2811176e-13
280000,52,32,0,-1.24836365e-11,2.3867435e-09,4.3072022e-17,1.667418e-26,4.1188093e-09,1.579787e-11
280000,372,9,0,-6.527047e-13,7.772183e-11,2.2987404e-11,4.378647e-14,6.1164476e-12,5.7764408e-11
280000,466,455,0,-7.6671693e-13,3.35369e-11,3.9299185e-12,1.5395383e-15,4.6525963e-16,2.2357356e-10
280000,194,99,0,-1.656894e-13,2.0271788e-12,5.8295075e-20,3.6754602e-32,3.3062075e-25,1.9804537e-10
280000,1,173,0,-6.2679934e-13,1.866999e-11,2.3104527e-28,1e-45,7.5908855e-19,3.411389e-10
280000,17,177,0,-1.1390857e-11,2.2873492e-09,5.1928517e-18,1.9353582e-26,4.1188084e-09,6.658655e-11
280000,153,15,0,-8.5923656e-13,6.249535e-11,9.437925e-13,5.7772795e-17,2.7559235e-15,1.1092062e-12
280000,488,272,0,-1.140082e-11,2.2771516e-09,2.938968e-13,1.9071274e-18,4.1188084e-09,6.3023566e-11
280000,198,367,0,-1.11233835e-11,2.2723257e-09,6.2514865e-34,0.0,4.1188084e-09,3.0383814e-18
280000,483,429,0,-1.2081037e-11,2.4217999e-09,4.537348e-14,1.8699021e-19,4.259789e-09,7.1568404e-11
280000,459,30,0,-9.840032e-13,6.861432e-11,4.0465023e-12,1.2367075e-15,3.1095517e-13,3.1499658e-10
280000,420,430,0,-1.2595035e-11,2.3492508e-09,1.4656514e-16,3.8109469e-25,4.118815e-09,3.3465678e-11
280000,471,266,0,-1.1516987e-11,2.3025395e-09,1.3836061e-12,5.7704395e-16,4.1188093e-09,6.435261e-11
280000,303,20,0,-1.12694324e-11,2.2724174e-09,9.34152e-12,2.18673e-14,4.118809e-09,8.791011e-12
280000,367,436,0,4.204674e-12,3.8755444e-12,4.4723367e-10,6.175117e-11,3.9620193e-11,8.110496e-11
280000,306,128,0,-3.9218436e-13,2.4049608e-12,5.5488985e-24,7.905412e-37,4.2173335e-21,3.1364647e-14
280000,110,148,0,-9.851351e-12,2.2944833e-09,1.8570258e-33,0.0,4.1188084e-09,4.4226878e-13
280000,467,101,0,-1.0641056e-12,4.027373e-11,1.1966633e-17,1.6962032e-25,6.5038535e-15,1.7578638e-11
280000,206,246,0,-1.4838975e-17,5.273037e-26,0.0,0.0,0.0,9.5254445e-15
280000,226,410,0,1.2276028e-13,2.7413004e-11,1.1689763e-12,3.540852e-17,7.3169115e-17,6.324591e-11
280000,229,58,0,-1.259189e-11,2.4337494e-09,4.5552276e-15,2.3308374e-21,4.126237e-09,2.971296e-13
280000,241,221,0,-5.528669e-22,5.898887e-38,0.0,0.0,0.0,6.5557e-41
280000,386,177,0,-1.1111839e-11,2.272056e-09,1.1096908e-30,0.0,4.1188084e-09,1.6931154e-19
280000,290,164,0,-9.461567e-15,1.8633753e-18,0.0,0.0,0.0,5.897547e-20
280000,234,380,0,6.0159083e-12,4.3993114e-17,6.271463e-20,7.1469196e-31,4.940495e-39,4.3890735e-13
280000,410,44,0,-6.1730764e-13,1.32115655e-11,6.507725e-12,4.07864e-15,2.6239588e-17,1.4602439e-10
280000,75,353,0,2.0627983e-13,3.6843726e-11,1.4190756e-16,7.055802e-25,4.9924286e-16,1.5804418e-14
280000,269,484,0,-4.2153886e-13,2.3939858e-12,8.646533e-13,2.278226e-17,1.227032e-20,8.235844e-12
280000,316,254,0,-1.1025056e-11,2.2719089e-09,8.252792e-24,2.5482245e-38,4.1188084e-09,8.2507754e-16
280000,412,391,0,-1.2561139e-11,2.3627864e-09,9.9523364e-15,1.9806153e-21,4.118812e-09,4.1624153e-13
280000,214,452,0,-2.9320643e-13,4.684084e-12,4.346759e-18,5.4303174e-27,3.111095e-23,2.0549645e-12
280000,227,331,0,-6.758859e-14,1.3757207e-14,4.553935e-33,0.0,2.7452275e-34,1.2873158e-14
280000,356,206,0,-2.3856654e-13,6.1994626e-13,9.86602e-22,2.8302752e-34,1.2958957e-24,6.4773516e-15
280000,288,190,0,-9.250593e-16,8.202804e-19,5.1576e-41,0.0,0.0,8.7833167e-29
280000,311,54,0,-4.4368892e-13,3.722052e-11,1.604474e-14,1.8600966e-20,3.616023e-16,2.1594048e-11
280000,419,273,0,-4.859572e-13,1.1454234e-10,7.6417706e-22,3.8971263e-33,1.1269196e-10,5.77228e-11
280000,230,334,0,-4.9651106e-14,1.5801716e-14,3.6704042e-31,0.0,4.996728e-36,5.3951408e-15
280000,209,177,0,-2.0449298e-13,1.6182062e-12,0.0,0.0,2.133001e-21,2.2907863e-26
280000,3,267,0,-1.0129109e-12,1.1454327e-10,2.3294553e-22,2.0573812e-34,3.8067084e-12,4.668675e-13
280000,48,83,0,-3.3209373e-13,5.483706e-12,1.9942534e-17,6.657679e-26,4.2292177e-23,2.7467742e-10
280000,358,370,0,1.3298669e-11,4.109107e-11,2.589047e-17,3.9064303e-26,4.993911e-15,5.6146677e-14
280000,151,130,0,2.0515937e-12,6.846444e-13,5.5250427e-27,1e-43,4.751162e-24,6.675532e-11
280000,52,196,0,-4.213921e-13,3.521558e-11,6.4187865e-12,1.5277654e-15,6.800589e-16,1.05489575e-10
280000,49,362,0,-2.8415516e-13,2.6395636e-11,8.768853e-21,4.1136612e-33,5.71751e-17,9.564784e-13
280000,213,258,0,-1.6890354e-18,1.760742e-30,0.0,0.0,0.0,1.4727277e-16
280000,175,447,0,-4.4705982e-13,3.0083427e-12,8.802297e-20,2.83407e-29,4.1720384e-24,9.8919505e-11
280000,111,191,0,-1.4610863e-13,1.7667623e-11,1.6643097e-29,0.0,1.7842896e-18,4.043833e-14
280000,176,409,0,-2.0974276e-13,3.5934049e-12,3.0843762e-20,7.772604e-30,7.161836e-22,3.1852363e-17
280000,451,175,0,3.0503141e-12,1.3778807e-10,2.5729476e-13,5.5904878e-18,7.488922e-14,2.2960345e-13
280000,187,491,0,-7.043028e-13,1.059345e-11,4.7083796e-15,2.9064245e-19,5.500115e-20,2.2178903e-11
280000,243,172,0,-2.69381e-15,1.3698972e-19,1.789583e-37,0.0,0.0,4.360626e-15
280000,201,7,0,-1.2864736e-12,9.2924814e-11,5.894914e-14,1.2649177e-19,9.854575e-13,9.983959e-13
280000,24,91,0,-1.5065043e-12,2.2228169e-10,1.7490184e-18,5.1173774e-28,1.7092751e-10,3.6429523e-10
280000,461,314,0,-5.194036e-13,8.034652e-11,3.836092e-11,1.8014758e-13,5.9551357e-12,8.456748e-12
280000,340,266,0,-2.8170774e-13,1.7838777e-11,1e-44,0.0,1.6838112e-16,2.1571128e-19
280000,234,191,0,-7.244899e-18,5.164133e-28,9.668436e-34,0.0,0.0,3.601928e-24
280000,245,303,0,-5.841348e-17,7.896716e-25,0.0,0.0,0.0,1.5081801e-28
280000,424,399,0,-1.1897089e-12,5.0188863e-11,1.0522083e-14,7.776676e-22,1.1583023e-16,5.459011e-12
280000,366,213,0,-5.247035e-13,9.545234e-12,2.1548461e-22,2.648876e-33,1.61746e-20,5.5296485e-13
280000,109,124,0,-5.566539e-14,4.1891943e-13,1.0220568e-38,0.0,2.6412992e-26,1.15551535e-11
280000,281,352,0,-3.9856854e-14,2.7212582e-14,6.841179e-20,2.7591566e-28,3.775673e-34,1.4443555e-12
280000,377,384,0,5.060754e-11,1.2607507e-11,8.883352e-18,4.1146082e-26,1.4471976e-20,8.238741e-12
280000,314,209,0,-1.6711424e-15,1.0385037e-19,1.485952e-39,0.0,0.0,9.912618e-21
280000,319,338,0,-3.4067746e-14,1.2062628e-14,0.0,0.0,1.7104288e-37,1.6755364e-11
280000,203,342,0,-8.965775e-14,9.472645e-14,1.5320676e-31,0.0,6.80089e-30,1.7237384e-12
280000,457,341,0,-5.740352e-13,2.2378327e-11,5.7675155e-31,0.0,4.569667e-16,1.9409288e-11
280000,142,7,0,-8.8898686e-13,1.7392664e-10,4.011873e-18,2.9613355e-27,3.674149e-09,1.3304892e-10
280000,297,266,0,-1.0199676e-13,4.0229083e-12,0.0,0.0,2.374037e-22,1.05881316e-20
280000,425,270,0,-7.80801e-13,1.5159352e-10,1.5318817e-22,7.836806e-36,3.632879e-09,2.1239928e-11
280000,228,285,0,-1.1387679e-16,3.7416015e-25,0.0,0.0,0.0,2.0227574e-26
280000,331,240,0,-2.1422272e-13,5.5970804e-11,5.855352e-16,7.4502006e-23,1.4022029e-13,1.5856258e-16
280000,170,103,0,-1.5770213e-13,1.8997663e-13,2.104015e-37,0.0,2.2919317e-28,2.8956774e-13
280000,247,435,0,-2.8577474e-13,3.7035704e-12,2.5846093e-11,9.645809e-14,2.1137015e-15,1.2508368e-10
280000,393,9,0,-9.761518e-13,5.0218035e-11,1.6791011e-11,2.3214024e-14,9.095769e-15,2.3434943e-10
280000,197,384,0,-1.5328525e-13,1.8208065e-12,2.5367967e-18,4.379068e-28,1.4590905e-23,2.818261e-15
280000,419,246,0,2.5232874e-14,9.995905e-12,6.852891e-11,8.9194694e-13,6.030627e-14,5.4029663e-11
280000,435,268,0,-4.1964292e-13,1.3852168e-11,2.6163708e-28,0.0,3.8587795e-20,1.2425323e-10
280000,349,225,0,-4.910519e-13,9.741229e-11,4.856487e-22,6.2612495e-34,6.7581253e-12,3.5584535e-14
280000,157,289,0,-7.458239e-17,1.9720223e-25,1.3672729e-36,0.0,0.0,9.846485e-16
280000,497,179,0,-7.942612e-14,2.9893463e-14,5.320159e-22,6.70745e-35,1.00829355e-35,2.9998974e-13
280000,418,104,0,1.1247826e-10,1.1746124e-11,4.716947e-20,4.1699143e-31,7.3553695e-20,3.8571354e-13
280000,232,47,0,-7.717985e-13,4.186253e-12,4.011807e-14,2.719045e-19,1.3663036e-22,3.8927635e-15
280000,388,166,0,-2.663103e-13,1.1412838e-11,1.2083607e-30,0.0,6.4068143e-20,2.5645493e-13
280000,36,281,0,-6.5196167e-14,1.9488375e-15,5.443896e-19,2.7740183e-30,1.600221e-38,7.616426e-11
280000,202,163,0,-1.6572454e-13,4.836029e-12,3.41248e-40,0.0,1.8135648e-21,9.542354e-15
280000,423,243,0,1.0951423e-12,1.8143078e-12,1.0671966e-13,4.818438e-19,1.0030199e-22,3.774714e-11
280000,126,242,0,-6.8065666e-15,5.216819e-18,5.0493058e-26,6.6852e-41,0.0,1.423572e-15
280000,246,262,0,-1.8091632e-23,3e-45,0.0,0.0,0.0,2.51e-43
280000,371,86,0,-1.917325e-13,9.305995e-13,3.4910725e-16,8.8598824e-23,2.8017123e-27,3.1255298e-12
280000,357,374,0,3.2461773e-11,4.785452e-12,1.171328e-15,4.1058872e-22,5.3878417e-21,6.359422e-11
280000,117,344,0,-1.1520391e-12,2.5861882e-10,3.3043516e-20,2.5728923e-30,5.6325875e-11,1.2759233e-12
280000,240,132,0,-8.7724e-14,7.906047e-14,4.217675e-34,0.0,3.2856873e-30,1.5060363e-11
280000,344,95,0,-3.0162794e-13,4.368052e-12,1.773894e-32,0.0,3.7916315e-23,9.716842e-11
280000,289,50,0,1.5064136e-12,3.9874656e-11,7.288936e-18,1.22313475e-24,8.707945e-15,7.2964723e-10
280000,37,157,0,-9.001956e-13,1.2287528e-10,3.6519714e-14,1.31452635e-20,1.4463924e-12,5.752504e-11
280000,154,101,0,-6.2572296e-14,2.3055703e-14,5.1107735e-29,1e-44,7.942456e-36,2.0231506e-16
280000,215,95,0,-1.7554664e-13,3.1127872e-12,8.4398246e-20,2.4738403e-31,8.138812e-23,7.623826e-12
280000,275,480,0,-6.6019754e-13,1.6918888e-11,1.0927877e-18,1.2900683e-28,2.81457e-21,1.3253715e-11
280000,343,437,0,-3.89908e-13,1.6503892e-11,8.862429e-18,7.1356667e-28,5.584056e-19,2.2571401e-11
280000,343,270,0,-2.655501e-13,1.5513696e-11,0.0,0.0,6.4990216e-18,3.997635e-16
280000,167,356,0,-2.872674e-13,4.3799738e-11,4.4389175e-14,3.9579306e-20,1.7202262e-15,2.774669e-11
280000,232,238,0,-1.21798985e-20,1.9695107e-35,0.0,0.0,0.0,4.4365886e-33
280000,279,327,0,-1.5910308e-14,2.6869404e-17,2.0802577e-34,0.0,0.0,8.91023e-18
280000,65,288,0,-1.8610424e-13,1.0526056e-12,8.6677715e-14,3.5304542e-19,4.731568e-23,1.1795173e-10
280000,459,208,0,6.5362375e-13,2.0895051e-10,9.993739e-11,4.6372784e-12,3.7170147e-09,1.6524526e-10
280000,339,182,0,-2.351387e-13,5.8422754e-13,2.5331714e-12,7.312831e-16,3.488828e-18,1.1746311e-10
280000,16,34,0,-1.772762e-12,7.756316e-11,1.3993359e-15,4.1149796e-23,2.0789444e-16,4.723283e-11
280000,332,90,0,-5.634761e-13,3.0378191e-12,4.579571e-35,0.0,2.0368138e-23,3.8188802e-14
280000,259,218,0,-6.15816e-21,0.0,2.1313557e-37,0.0,0.0,3.4725712e-37
280000,442,125,0,-2.2399604e-12,2.8194605e-10,1.1071389e-14,7.890698e-21,7.343217e-11,5.00827e-16
280000,378,273,0,-5.2943347e-14,1.4083366e-15,0.0,0.0,1.1315538e-37,3.8969113e-14
280000,385,268,0,-4.4498435e-13,8.426455e-12,7.937982e-39,0.0,1.664191e-17,1.7148688e-16
280000,254,427,0,-4.7844324e-13,3.06118e-11,7.909798e-15,5.0213766e-22,1.4282426e-16,1.4145149e-10
280000,439,130,0,-1.7587626e-12,1.0623465e-10,6.554684e-11,7.147268e-13,1.0311254e-12,4.104169e-15
280000,54,331,0,-4.5883257e-13,8.4097755e-12,8.937006e-11,2.200657e-12,3.9558664e-13,9.721017e-11
280000,482,282,0,-2.2669223e-13,3.6678007e-14,4.4531384e-12,1.9143055e-15,1.0245017e-17,1.9313062e-11
280000,279,249,0,-3.182342e-17,8.8532026e-27,0.0,0.0,0.0,1.5932483e-21
280000,250,59,0,-4.0919663e-13,1.1370087e-11,1.214899e-34,0.0,2.6917837e-20,1.3206052e-10
280000,283,23,0,-5.8563245e-13,8.155808e-12,2.4940362e-21,5.289073e-32,3.656747e-23,6.309199e-11
280000,255,246,0,-1.8773612e-22,4.3e-43,0.0,0.0,0.0,6.95e-43
280000,24,171,0,-3.7462446e-13,1.2545979e-12,1.3231662e-16,2.2244845e-25,1.3157056e-22,1.1314695e-11
280000,106,135,0,-3.551737e-14,5.4945156e-11,4.5700465e-35,0.0,1.0308178e-11,7.0248366e-14
280000,219,102,0,-2.617719e-13,5.5995035e-11,3.8410732e-28,0.0,1.4022029e-13,5.4893572e-12
280000,211,261,0,-1.1981541e-17,9.986467e-28,0.0,0.0,0.0,4.0807782e-16
280000,148,260,0,-9.17005e-19,7.6431154e-32,1.62391e-40,0.0,0.0,2.0705651e-14
280000,412,116,0,6.017301e-11,8.110074e-12,6.960581e-17,5.1212562e-24,7.9110966e-20,3.032744e-12
280000,463,360,0,-9.172561e-13,1.2181463e-11,3.7130718e-30,0.0,5.337918e-20,5.9009506e-11
280000,314,376,0,-5.8634814e-13,1.0148988e-10,4.1747876e-18,2.4761113e-24,7.541596e-14,6.337722e-14
280000,152,380,0,-2.1578797e-13,5.476742e-12,5.770016e-24,7.2077533e-37,3.3787094e-22,7.9285765e-15
280000,233,161,0,-1.2710957e-13,1.0369112e-11,1.0021619e-33,0.0,2.6917824e-20,9.3429074e-26
280000,423,48,0,-2.7614578e-13,1.1002917e-13,5.860669e-14,8.202391e-19,3.9006905e-22,3.3272583e-11
280000,297,134,0,-1.8503656e-13,3.7838442e-14,4.11566e-26,7.6e-44,2.358419e-33,1.5771575e-15
280000,373,159,0,-2.4039318e-13,1.5713203e-12,8.948e-26,3.9521e-41,3.6952459e-25,4.249184e-14
280000,97,286,0,-8.769519e-14,1.2382726e-12,7.714715e-14,4.2113246e-19,6.46612e-23,8.315507e-13
280000,312,233,0,-4.08913e-15,1.3267342e-18,3.0522432e-19,3.3157344e-30,2.1677558e-38,2.9452848e-15
280000,366,232,0,-3.299174e-13,1.4613537e-12,4.5117124e-17,2.0500947e-24,2.6561906e-25,5.1719705e-12
280000,304,313,0,-1.0701772e-13,3.332043e-14,0.0,0.0,1.3476693e-35,4.069661e-31
280000,444,473,0,-1.8755735e-12,1.790154e-10,7.1170683e-16,2.2893694e-24,1.5909643e-10,5.941157e-12
280000,272,116,0,-2.904593e-13,5.796293e-13,6.787552e-19,2.7514928e-30,6.4408852e-27,2.2738671e-15
280000,381,369,0,9.028576e-13,5.050001e-11,2.664065e-26,2.182e-42,5.017097e-16,9.950853e-12
280000,35,70,0,-7.125038e-13,2.8212233e-11,5.0839404e-19,6.6744306e-29,5.802639e-17,2.9135666e-11
280000,31,241,0,-2.2616535e-14,1.3663644e-17,8.371595e-17,4.7162473e-25,4.286854e-31,1.327451e-10
280000,213,130,0,-3.8659551e-13,7.526935e-12,5.6218153e-24,4.8285926e-38,3.3483066e-20,1.4545818e-20
280000,178,325,0,-4.5950338e-14,9.607556e-16,1.1033218e-30,0.0,6.314067e-38,5.2155645e-19
280000,213,136,0,-2.8099875e-13,1.7241921e-12,1.4978997e-18,2.2803656e-28,3.897205e-24,7.191147e-21
280000,488,96,0,-1.2079616e-12,1.2696329e-10,7.4887145e-11,1.3932409e-12,5.9065453e-13,9.8935686e-11
280000,249,441,0,-1.1661058e-13,8.449886e-15,2.1239038e-15,4.311436e-22,5.516558e-27,1.08939927e-10
280000,54,213,0,-4.0268334e-13,5.813476e-12,3.390026e-16,2.6093227e-24,7.1900933e-22,8.596545e-12
280000,191,238,0,-7.8979e-16,6.435801e-21,4.964175e-35,0.0,0.0,3.1575406e-14
280000,206,214,0,-4.300133e-14,7.305268e-15,0.0,0.0,5.3545938e-36,2.0804149e-18
280000,99,93,0,-3.2525659e-13,1.2809692e-11,2.7074159e-17,2.844466e-25,3.0555807e-17,3.8334565e-11
280000,186,140,0,-1.3537159e-12,1.3590958e-10,9.5677817e-20,7.289167e-31,2.8144972e-13,3.6826706e-14
280000,213,316,0,-1.6745074e-13,2.8754635e-13,0.0,0.0,1.326514e-27,9.009496e-12
280000,271,292,0,-2.070919e-17,9.6150165e-28,1.7222033e-29,1.5e-44,0.0,9.91776e-25
280000,235,106,0,-2.7224552e-13,2.7138524e-13,1.7396154e-28,0.0,6.372142e-28,1.0199268e-15
280000,285,317,0,-8.277888e-14,1.1990825e-12,3.2078073e-23,1.1332e-41,1.607749e-23,1.4727277e-16
280000,458,396,0,-1.1093473e-12,5.361034e-11,3.4632028e-09,7.191879e-10,1.1532665e-09,1.6871962e-10
280000,171,187,0,-2.6594913e-13,7.883794e-11,1.9872e-41,0.0,1.6508259e-12,2.9887919e-09
280000,318,34,0,-2.7806972e-13,2.6398638e-11,8.537606e-17,1.1589226e-25,5.71751e-17,9.188376e-11
280000,142,187,0,-1.0555884e-13,5.578764e-12,1.8818038e-27,3.77e-43,1.28261535e-20,2.9887863e-09
280000,301,55,0,9.790698e-13,7.127516e-12,3.8421906e-15,4.549252e-21,2.7651527e-18,7.6699104e-15
280000,26,203,0,-7.788986e-13,3.843931e-11,7.0561864e-12,1.245776e-14,1.2319976e-15,2.9892198e-09
280000,480,170,0,-2.7445093e-13,3.1420615e-12,4.5295188e-13,1.4133895e-17,7.790324e-21,2.793346e-12
280000,473,335,0,-7.932744e-13,1.295446e-10,5.3512356e-20,3.1826083e-32,2.3808947e-12,1.7610351e-12
280000,13,251,0,-1.1725027e-12,1.2557912e-10,9.108275e-12,4.6830495e-15,1.1102511e-13,2.988952e-09
280000,265,12,0,-2.9793288e-13,3.0955143e-12,2.0667647e-18,7.360253e-26,1.31981925e-20,3.138906e-09
280000,461,434,0,-1.7367042e-12,1.9211e-10,9.184331e-15,6.9561886e-22,4.9312486e-12,3.0232126e-09
280000,155,226,0,-1.6454341e-19,1.9048119e-34,8.647883e-12,9.246442e-15,1.3978798e-16,2.9888043e-09
280000,18,493,0,-3.7662902e-12,4.036739e-10,2.839156e-10,5.2574122e-11,6.091438e-11,2.9900793e-09
280000,177,99,0,-4.2708052e-13,2.8199169e-11,1.5800396e-33,0.0,4.0674307e-18,2.9916059e-09
280000,165,491,0,-5.959913e-13,9.368758e-11,1.2097572e-14,5.0907478e-21,6.7601467e-12,9.876294e-12
280000,5,409,0,-7.0165645e-13,7.1257666e-11,5.249358e-11,3.4847377e-13,4.5455078e-14,3.0542475e-09
280000,63,176,0,-1.9675273e-13,3.5582393e-13,1.3935967e-12,1.0652695e-16,1.5635312e-19,3.0302247e-09
280000,477,450,0,-1.0439864e-12,1.8427248e-11,8.27642e-22,8.064334e-35,4.466534e-18,3.11474e-09
280000,371,149,0,-4.776353e-14,2.125121e-16,9.398728e-24,1.109809e-37,1.07e-42,3.0155842e-09
280000,88,457,0,-2.4826191e-12,2.450425e-10,1.26625495e-17,6.452424e-26,4.6956865e-12,3.0546092e-09
280000,103,4,0,-2.0349326e-12,8.523773e-11,1.6067974e-20,1.5432281e-31,4.5626234e-15,3.1031275e-09
280000,258,340,0,-2.4603236e-14,9.155238e-16,2.5e-44,0.0,6e-45,2.98946e-09
280000,37,361,0,-2.9937126e-13,2.104371e-12,7.736697e-15,1.6177758e-20,2.8695038e-24,3.2366823e-09
280000,485,328,0,-5.942057e-13,2.1467399e-11,1.6115706e-13,7.0389203e-19,2.1181136e-19,2.6669877e-10
280000,179,186,0,-1.4905073e-13,2.1330238e-12,0.0,0.0,3.8632144e-22,2.9887965e-09
280000,210,450,0,-2.7774714e-13,4.2458186e-11,6.463049e-17,1.0896288e-23,3.475185e-13,3.1115508e-09
280000,203,10,0,-7.823536e-13,7.556413e-12,2.8640623e-14,8.865214e-21,4.841399e-22,3.0058438e-09
280000,211,11,0,-8.4893914e-13,4.6356877e-11,9.763427e-13,3.3814005e-17,1.1938605e-16,1.5798933e-10
280000,78,107,0,-1.1559449e-12,1.371936e-10,1.5304473e-16,3.651548e-24,6.393151e-12,3.202352e-09
280000,88,165,0,-1.10865405e-13,3.2525916e-13,5.0228862e-20,6.101316e-30,1.1940024e-28,4.5405447e-11
280000,189,262,0,-3.5277993e-16,3.614815e-22,1.0690222e-34,0.0,0.0,1.9778565e-13
280000,301,344,0,-8.425209e-14,6.1320754e-14,2.662031e-39,0.0,7.460812e-36,1.7755401e-20
280000,176,1,0,-9.352848e-13,1.4275656e-10,6.31226e-18,1.9435798e-26,1.4086178e-10,3.1449745e-09
280000,218,175,0,-1.6534019e-14,9.5559994e-17,1.345e-42,0.0,1.41789e-40,4.4481176e-30
280000,101,462,0,-7.2543246e-13,1.8145774e-12,2.3467917e-14,4.532323e-20,5.637838e-23,2.9888503e-09
280000,154,259,0,-4.9334816e-20,1.0257242e-35,4.011718e-33,0.0,0.0,3.4879379e-15
280000,414,66,0,-8.117821e-13,8.699347e-12,8.0284076e-20,4.1411655e-31,3.3534393e-20,1.1876588e-13
280000,473,158,0,-3.309974e-13,5.217026e-13,2.3726993e-10,5.640946e-11,4.48645e-11,2.2961206e-11
280000,13,442,0,-7.8798914e-13,9.910347e-12,1.1166554e-11,1.0318024e-14,1.515215e-16,2.9945766e-09
280000,427,83,0,-6.3309915e-13,9.781522e-11,3.2890055e-11,1.1237907e-13,2.174794e-12,2.9957854e-09
280000,113,409,0,-9.429534e-13,5.4548095e-11,3.8963965e-20,1.8198974e-31,2.2567448e-15,3.0134928e-09
280000,252,40,0,-5.483339e-13,1.3107141e-11,2.2949835e-20,4.0492783e-33,1.37498e-19,2.9912832e-09
280000,265,449,0,-4.1509377e-13,5.2291817e-12,3.2406128e-10,4.8004076e-11,3.155375e-11,2.9923e-09
280000,25,189,0,-3.982059e-13,3.6575578e-12,3.8086318e-14,9.56535e-20,1.0517423e-22,2.9912322e-09
280000,398,22,0,-6.9026826e-13,6.852555e-11,9.834208e-13,5.484854e-17,1.7235517e-10,2.9995795e-09
280000,58,478,0,-9.899866e-13,8.951607e-11,1.3247117e-15,2.2471825e-22,1.4086085e-10,3.0042813e-09
280000,410,189,0,2.6685782e-13,3.52076e-11,5.111018e-22,3.447336e-31,6.778739e-17,2.9888254e-09
280000,58,338,0,-6.863879e-13,2.3718425e-11,5.4065917e-16,1.5497408e-24,4.57036e-16,2.9888747e-09
280000,328,110,0,-6.105767e-13,4.645567e-12,4.9844184e-13,5.951788e-17,2.319994e-19,3.0512922e-14
280000,266,80,0,2.4278656e-12,2.1315956e-11,1.2690609e-11,4.976364e-14,4.945471e-15,3.003279e-09
280000,238,114,0,-8.2434786e-13,9.525772e-11,3.380989e-35,0.0,3.4385025e-13,8.438279e-14
280000,0,7,0,-7.218074e-14,2.2721554e-11,9.447231e-15,6.439008e-20,1.3780076e-10,9.74005e-12
280000,36,287,0,-1.06890286e-13,1.5867653e-14,7.1020557e-15,3.439338e-21,1.1543632e-25,1.8977368e-10
280000,28,170,0,-3.8338487e-13,1.1158326e-12,7.371415e-14,2.1753876e-19,2.7618383e-23,2.9970055e-09
280000,196,231,0,-3.556985e-14,5.1139534e-15,0.0,0.0,1.0982413e-34,3.2974194e-09
280000,55,319,0,-6.0273054e-13,7.930095e-11,4.0167166e-17,1.5626577e-24,1.194341e-13,3.0341762e-09
280000,21,117,0,-1.0561219e-12,8.804433e-11,8.8780944e-12,4.6779038e-15,5.5788795e-14,3.0146372e-09
280000,148,393,0,-2.8040328e-13,1.6423807e-12,3.6345932e-10,4.157429e-11,2.51127e-11,3.0817267e-09
280000,20,95,0,-1.573951e-12,5.5089638e-11,3.047281e-19,4.6678686e-29,4.9620137e-18,3.2220506e-09
280000,21,386,0,-7.294284e-13,9.8094866e-12,3.46261e-09,7.191879e-10,1.1532664e-09,8.5739346e-11
280000,297,36,0,-8.120206e-13,2.0368148e-11,1.8385942e-16,4.3755994e-25,1.3185159e-18,3.0700738e-09
280000,9,364,0,-9.004569e-13,1.932801e-11,5.1861903e-14,1.127736e-19,1.9847469e-20,2.651817e-10
280000,318,7,0,-3.3133365e-13,3.5738723e-12,2.6800895e-19,1.3693669e-27,4.0467017e-22,3.0193188e-09
280000,392,398,0,-3.2201592e-15,6.5426276e-11,5.3811657e-21,9.098128e-33,9.1892334e-15,3.0571217e-09
280000,52,128,0,-1.3055521e-12,1.1305049e-11,1.6790351e-10,7.99551e-12,1.7123906e-12,3.1255318e-09
280000,23,178,0,-3.0096878e-13,1.6994829e-12,2.43628e-19,8.404804e-31,3.681429e-21,1.9100985e-10
280000,88,130,0,-5.3046174e-13,2.7512504e-12,1.3130974e-15,6.4824156e-22,5.042997e-24,1.0316962e-11
280000,453,60,0,-6.901557e-13,1.21455936e-11,5.7862803e-12,1.8121472e-15,8.705047e-18,3.0060183e-09
280000,12,394,0,-4.2543543e-13,5.198801e-12,3.854087e-10,2.9301648e-11,1.5771221e-11,3.2249945e-09
280000,419,47,0,-5.3587234e-13,3.4188169e-12,8.815695e-15,7.767246e-21,5.3321868e-21,3.0167433e-09
280000,27,89,0,-1.2344091e-12,1.0744367e-10,1.0043092e-16,1.906182e-25,8.385659e-14,1.3880601e-10
280000,295,318,0,-1.654109e-13,4.5739586e-11,3.462259e-09,7.191878e-10,1.1535431e-09,4.237218e-24
280000,137,214,0,-3.9769875e-16,2.8227044e-22,9.1953534e-23,5.6066898e-36,1e-45,2.48508e-13
280000,228,69,0,-8.985069e-13,3.910553e-11,7.3987727e-26,2.028056e-39,2.498297e-16,3.416015e-09
280000,439,118,0,-1.7446511e-12,3.3213543e-11,1.6831543e-19,6.980408e-31,8.744997e-18,2.9887877e-09
280000,243,335,0,-4.181844e-15,2.1698803e-19,2.6270927e-35,0.0,0.0,3.109962e-09
280000,433,380,0,-6.973574e-13,6.595112e-12,4.0100604e-18,8.543441e-28,1.193559e-21,1.0072806e-10
280000,174,353,0,-2.5721512e-13,8.7368063e-13,1.6960626e-21,1.4493925e-34,6.858765e-27,3.0023355e-09
280000,361,285,0,-1.5520145e-13,9.256083e-12,0.0,0.0,5.011035e-20,2.9887952e-09
280000,483,187,0,-2.995534e-13,2.465045e-12,3.765378e-17,7.1711505e-26,2.4796e-24,2.4775939e-12
280000,195,61,0,-7.7261467e-13,5.5347272e-11,1.6881975e-10,5.5760652e-12,1.0660908e-12,9.448774e-12
280000,381,452,0,-7.0394515e-13,2.8376055e-11,4.031448e-21,1.36113365e-33,9.979904e-16,2.9922615e-09
280000,152,459,0,-3.2302543e-13,3.9827993e-12,1.067713e-15,3.229807e-21,1.6991405e-22,1.0711749e-13
280000,424,39,0,-4.1412907e-13,1.6220841e-12,5.0608622e-18,8.252157e-28,8.702141e-27,3.008174e-09
280000,178,14,0,-4.838471e-13,6.696469e-11,5.125563e-16,4.7063672e-23,3.2489924e-09,3.0232008e-09
280000,238,7,0,-6.4806667e-13,2.969965e-11,3.7188254e-19,1.31920145e-30,2.5496195e-16,3.3500989e-09
280000,413,318,0,-7.5530856e-14,1.2275259e-12,3.8093758e-16,8.081917e-24,5.184579e-24,2.9887868e-09
280000,116,84,0,-6.9362506e-13,4.085939e-11,3.123003e-16,3.2658037e-23,5.9776394e-15,3.051567e-09
280000,413,414,0,-5.471367e-13,3.8248675e-12,3.462259e-09,7.191878e-10,1.1532664e-09,5.313688e-11
280000,179,128,0,-1.1843407e-13,3.639026e-14,2.6013423e-13,3.9108926e-18,1.6606993e-21,3.513014e-16
280000,453,448,0,-3.1634445e-12,2.4755642e-10,3.0059975e-11,8.5194215e-14,6.200028e-13,3.0517673e-09
280000,93,106,0,-6.4251897e-13,3.2286014e-11,1.2608675e-27,4e-45,2.207947e-17,6.4489243e-12
280000,140,160,0,3.501139e-12,4.2171995e-12,1.131558e-33,0.0,1.1585983e-21,7.233882e-15
280000,336,348,0,-2.9748898e-14,9.056714e-14,0.0,0.0,2.0511892e-34,1.6605872e-17
280000,320,421,0,-6.013883e-14,3.8477535e-15,8.196013e-23,1.2060788e-37,1.3228836e-33,3.0075789e-09
280000,59,301,0,-4.7145144e-13,9.45024e-11,3.9475712e-13,3.145874e-17,1.0623283e-13,3.2276166e-09
280000,267,188,0,-1.2346405e-18,3.271918e-26,5.4381145e-18,1.5436521e-26,1.166932e-32,9.106596e-20
280000,276,339,0,-5.0126332e-14,6.26545e-14,6.97325e-40,0.0,4.9397137e-35,2.9887885e-09
280000,269,488,0,-4.1145112e-13,3.6057157e-13,9.144089e-11,1.1194507e-12,7.8094845e-14,3.115283e-09
280000,201,39,0,-1.0181065e-12,2.4414476e-10,8.865416e-23,1.6438479e-32,3.7557735e-09,2.9888996e-09
280000,193,288,0,-1.7986837e-13,3.9389603e-11,1.4459097e-33,0.0,3.9847337e-14,2.07804e-14
280000,74,333,0,-1.197502e-11,2.4366877e-09,1.25075e-15,4.6680573e-22,4.126115e-09,5.7393135e-12
280000,184,412,0,-1.6705394e-13,4.0250225e-12,2.639026e-16,2.0879233e-23,2.3740387e-22,8.885523e-15
280000,290,331,0,-1.3725216e-13,2.9738304e-12,1e-45,0.0,3.7115933e-24,2.4002678e-25
280000,170,273,0,-9.805636e-17,1.733915e-24,5.117233e-35,0.0,0.0,3.4691564e-15
280000,244,338,0,-3.4760201e-15,3.483785e-19,4.892433e-33,0.0,0.0,9.274625e-11
280000,333,494,0,-6.024775e-13,5.686885e-11,9.901838e-15,7.030941e-22,2.767236e-13,1.691624e-11
280000,441,361,0,-7.3043123e-13,7.318421e-11,1.822422e-21,5.113143e-31,5.1606076e-12,9.803769e-11
280000,107,238,0,-7.641472e-14,2.532842e-14,2.2259794e-29,0.0,2.5175806e-34,2.0323356e-14
280000,400,366,0,-8.0250975e-13,3.2746094e-11,4.751226e-26,6.80088e-40,4.589485e-16,4.792071e-12
280000,478,241,0,-3.6841436e-13,1.9459113e-12,7.745128e-17,3.5849413e-24,1.03765075e-23,9.786966e-12
280000,169,316,0,-3.2846084e-13,3.825199e-11,9.974782e-25,1.693531e-39,8.7231985e-15,3.2283723e-25
280000,423,41,0,-3.4851644e-13,3.8924286e-13,3.306863e-17,1.1886795e-26,3.8588488e-28,6.599484e-11
280000,333,71,0,-3.986965e-13,4.010516e-11,7.755932e-29,0.0,7.090993e-15,5.7160604e-12
280000,389,268,0,-4.0029305e-13,1.6610902e-12,2.3930875e-35,0.0,4.0492844e-25,3.1847278e-19
280000,426,434,0,-1.5313718e-12,4.864039e-11,6.059402e-20,2.2430616e-31,3.2496578e-17,3.023061e-09
280000,200,26,0,-7.483439e-13,2.4236867e-12,1.3822748e-11,3.7145258e-14,1.626697e-15,1.7727377e-11
280000,392,375,0,-8.9598977e-13,1.5657987e-10,9.84981e-14,2.6209348e-18,8.9688215e-11,3.0055425e-09
280000,452,268,0,-4.6258976e-13,2.2835598e-11,1.7445904e-13,7.266541e-18,3.593501e-18,3.0769733e-09
280000,33,278,0,-6.831645e-14,4.5678988e-15,9.876024e-19,4.5132972e-30,1.7778457e-38,7.2865415e-11
280000,357,31,0,-8.603116e-13,3.5736525e-11,1.4541067e-14,8.127404e-21,1.6502105e-16,3.1274978e-09
280000,128,14,0,-8.549848e-13,2.0995315e-11,4.9467706e-19,5.867152e-30,3.739855e-17,3.0747276e-09
280000,479,113,0,-1.1547019e-12,3.715283e-11,3.9960333e-16,4.0022262e-24,8.7105675e-18,4.4125734e-09
280000,47,105,0,-8.76683e-13,6.924636e-11,1.3048906e-23,3.148709e-38,1.0066676e-13,9.885232e-11
280000,313,46,0,-1.1365689e-12,3.3977543e-11,1.1747103e-16,9.422237e-25,9.157302e-17,3.0314304e-09
280000,411,343,0,-4.1034884e-13,2.380473e-12,5.5385927e-28,1.571e-42,1.2100848e-24,2.0617002e-15
280000,304,68,0,7.360254e-12,4.0682364e-13,7.0363126e-17,1.3537597e-24,2.1254748e-26,3.0965288e-09
280000,412,177,0,3.1922548e-12,2.0518696e-11,4.3095767e-29,0.0,2.7525954e-17,2.9888556e-09
280000,300,153,0,-4.2635787e-13,3.546934e-11,3e-45,0.0,2.755851e-15,1.3081929e-18
280000,47,398,0,-3.8056036e-13,4.3694044e-13,5.6041733e-16,1.7202677e-23,4.773518e-25,2.9968594e-09
280000,331,414,0,-3.0015083e-13,1.3366412e-12,3.953139e-26,8.8e-44,9.91992e-22,4.3210197e-12
280000,117,407,0,-6.775073e-13,2.0098761e-11,4.2781512e-19,4.733137e-30,2.2197704e-16,2.9962175e-09
280000,260,436,0,-2.9667498e-13,2.6926904e-13,6.6651277e-19,3.9072147e-29,2.3573463e-24,3.0111376e-09
280000,337,322,0,-2.4744022e-13,3.4676318e-12,8.727e-42,0.0,4.0405163e-22,3.3649175e-17
280000,110,141,0,1.9075535e-12,2.6116035e-11,5.5088e-41,0.0,2.322592e-18,7.498397e-12
280000,496,274,0,-2.8033896e-13,4.9487194e-13,1.2500436e-12,6.3053636e-17,9.1097556e-20,2.046499e-12
280000,59,73,0,-2.1103666e-13,6.3419712e-12,2.1990056e-24,5.740215e-39,2.7531915e-20,6.268945e-11
280000,104,468,0,-1.0730084e-12,2.150341e-11,3.37683e-10,4.6088168e-11,2.9458457e-11,1.1220561e-10
280000,230,363,0,-3.3735198e-14,5.6716974e-14,4.2575024e-14,1.2511942e-19,1.536694e-23,5.2607668e-14
280000,231,378,0,1.8035153e-12,1.3356324e-17,3.5041382e-21,7.261487e-32,1.639005e-39,1.994378e-13
280000,476,364,0,-8.07172e-13,4.184592e-11,6.584553e-22,6.3731846e-34,8.346189e-15,1.3258557e-10
280000,241,340,0,-8.5641435e-15,3.0580834e-17,1.021338e-28,0.0,0.0,3.5921537e-11
280000,118,309,0,-1.9306694e-13,2.0624336e-12,5.4381145e-18,1.5436521e-26,1.3902448e-25,2.9612638e-14
280000,362,206,0,-3.670289e-13,6.841644e-11,1.1030425e-25,4.763e-42,2.4548777e-12,1.4525063e-14
280000,18,114,0,-1.1856962e-12,1.2297169e-10,1.8370516e-13,3.2773727e-18,1.408611e-10,1.4972926e-10
280000,173,447,0,-3.9075337e-13,1.0227814e-11,1.5482905e-18,5.956515e-27,1.9603798e-20,1.0470571e-10
280000,344,61,0,-3.7679186e-13,3.8679664e-11,6.24697e-26,4.93e-43,5.187033e-13,2.483197e-16
280000,457,263,0,-3.2669825e-13,1.7650923e-12,3.853383e-11,1.9982583e-13,4.78348e-15,4.599141e-10
280000,162,52,0,-5.032426e-13,6.755812e-11,3.6455302e-29,0.0,8.113526e-12,2.9932918e-09
280000,389,483,0,-1.0188495e-12,5.2849662e-11,2.0983553e-11,4.0211774e-14,1.4700958e-14,3.0469491e-09
280000,334,180,0,-2.0481892e-13,2.5806685e-11,2.399741e-14,5.632756e-20,3.3426934e-17,2.7029936e-11
280000,60,417,0,-7.2583405e-13,4.193166e-11,7.103411e-14,2.7890855e-18,3.8656385e-13,2.9888108e-09
280000,468,434,0,-1.0043077e-12,2.3692923e-11,2.9487543e-13,2.0305114e-17,7.586012e-20,4.0030743e-11
280000,158,207,0,-1.4318127e-16,5.960169e-25,3.6850596e-22,2.4032615e-35,3e-45,2.9945078e-09
280000,423,415,0,-1.0715157e-12,6.91835e-11,5.0551165e-12,1.791882e-15,6.7595057e-12,4.845449e-12
280000,77,293,0,-1.6776088e-13,5.4027885e-12,1.6003624e-12,8.2659346e-16,1.0587953e-17,3.046062e-09
280000,189,488,0,-1.5916236e-12,1.3579805e-10,3.462259e-09,7.191878e-10,1.1535478e-09,1.967068e-10
280000,229,402,0,4.7125264e-12,4.1213352e-12,3.1138443e-15,4.6072494e-21,4.897391e-23,3.1130198e-09
280000,186,458,0,-9.758086e-13,3.0187478e-11,6.4504566e-16,8.25791e-22,6.10115e-18,3.1115748e-09
280000,63,450,0,-9.753804e-13,1.176874e-10,7.239795e-14,6.4942307e-19,1.819059e-10,3.0773661e-09
280000,152,60,0,-6.9331563e-13,7.254522e-11,6.4840736e-22,1.0722386e-32,6.0339764e-15,6.774523e-13
280000,496,159,0,-3.8576962e-13,3.9326103e-12,5.683902e-20,7.068871e-31,7.239335e-23,5.4652283e-11
280000,202,469,0,-7.6740925e-13,2.3645714e-12,1.8604852e-17,9.9356353e-26,2.2022306e-23,2.9933105e-09
280000,311,379,0,-4.0144813e-13,9.771507e-12,3.2609313e-18,6.602363e-29,2.4183926e-21,2.9887879e-09
280000,77,89,0,-1.2626234e-12,2.2127668e-10,5.339179e-16,3.4444797e-23,1.6795566e-12,2.9955933e-09
280000,15,425,0,-1.2860761e-12,4.9716623e-11,2.174368e-10,5.755854e-11,4.8259497e-11,1.356791e-10
280000,366,145,0,-9.9866235e-14,1.8083196e-14,6.5856017e-22,4.4015278e-35,1.411759e-33,2.3638957e-11
280000,12,317,0,-2.1953097e-12,1.4440049e-10,2.1801417e-14,5.2011792e-20,1.4324223e-13,1.662403e-10
280000,59,30,0,-1.3439149e-12,8.8789844e-11,6.507518e-12,4.07864e-15,3.110165e-13,1.7470685e-11
280000,243,396,0,3.6104725e-10,9.566232e-16,6.431346e-18,6.0926865e-26,3.7151196e-31,9.15677e-13
280000,268,421,0,7.389853e-15,2.0927535e-17,3.0550437e-19,4.667852e-29,3.218802e-36,2.5918972e-13
280000,121,472,0,-1.5451206e-12,2.350059e-10,3.185118e-16,9.454365e-25,6.4966206e-11,2.9936047e-09
280000,43,398,0,-7.8349686e-13,9.304396e-12,5.5555815e-13,1.2830804e-17,2.2911622e-16,3.0346248e-09
280000,472,460,0,-1.316675e-12,1.1956007e-10,1.8311257e-14,5.183621e-20,4.4261795e-12,3.0524818e-09
280000,246,13,0,-1.0897963e-12,7.7803236e-11,7.267411e-12,4.812878e-15,2.76889e-13,3.0400444e-09
280000,183,216,0,-2.238355e-15,2.8499875e-19,1.7654e-41,0.0,0.0,2.8611343e-12
280000,407,298,0,-3.2356116e-14,3.2015032e-16,3.88584e-17,2.238553e-25,2.0933152e-31,3.1268592e-16
280000,354,30,0,-1.1638955e-11,2.2978928e-09,3.8418213e-15,1.899471e-20,4.1188084e-09,1.7161271e-10
280000,6,277,0,-2.894067e-13,5.868757e-12,2.1221699e-14,6.910535e-21,2.2976343e-21,5.8439906e-11
280000,120,411,0,-8.3941334e-13,5.6605512e-11,4.4389175e-14,3.9579306e-20,2.298601e-14,3.8256218e-11
280000,462,309,0,-3.5307567e-13,1.0022378e-11,7.696856e-12,1.3719506e-15,2.5740783e-18,1.6359141e-11
280000,261,402,0,1.5519959e-11,3.046146e-17,1.8218374e-16,1.7662395e-24,1.9100138e-30,2.6212771e-12
280000,430,206,0,3.446556e-11,7.3805285e-12,6.9011717e-15,8.7348916e-21,4.091312e-21,1.07045074e-10
280000,410,334,0,-1.12361455e-13,6.6258208e-15,4.54591e-25,1.76045e-40,7.155998e-30,5.759046e-12
280000,454,322,0,-4.4955714e-13,1.8490344e-12,1.682784e-17,2.0480254e-27,1.5868956e-24,1.15105724e-10
280000,330,96,0,-6.072863e-13,2.6871873e-11,3.755912e-28,5.8454e-41,4.6224447e-17,6.463206e-12
280000,452,425,0,-7.015557e-13,9.292678e-12,4.9710663e-17,7.241131e-25,1.1430333e-19,2.7543606e-10
280000,144,312,0,-1.080049e-13,7.316126e-14,1e-45,0.0,1.8611718e-31,4.0765152e-16
280000,73,223,0,-1.0650174e-13,2.7760086e-12,2.8252938e-14,8.4627535e-19,2.8675832e-21,8.2510284e-13
280000,237,156,0,-7.745823e-14,6.4197194e-13,9.700769e-33,0.0,1.3290214e-26,7.25741e-22
280000,142,205,0,-6.9257645e-15,1.1751123e-17,1.0787509e-21,6.001349e-32,2.820671e-39,1.3475424e-15
280000,186,163,0,-1.200283e-13,2.0206529e-13,7.28104e-36,0.0,6.821613e-30,1.1532698e-16
280000,427,321,0,-2.0503092e-13,3.4141724e-11,1.0523581e-14,2.4419653e-20,4.9924275e-16,1.6854793e-12
280000,382,165,0,-3.206101e-13,7.340289e-12,4.7428406e-36,0.0,7.910578e-20,5.6364033e-13
280000,237,362,0,1.42010825e-14,4.37885e-17,4.1353457e-15,5.20322e-22,5.3666785e-27,9.900948e-15
280000,485,122,0,-8.7074776e-13,2.4765417e-11,7.233312e-14,9.664231e-20,4.6224156e-17,2.6571936e-11
280000,474,203,0,-1.2784055e-12,9.088849e-11,1.1374231e-13,1.3329639e-18,1.9245305e-14,7.841864e-11
280000,264,55,0,-4.0071188e-13,6.057042e-11,1.292824e-21,2.4423555e-32,6.5962636e-15,1.2668418e-10
280000,475,394,0,-9.652979e-13,1.2972956e-11,7.147103e-11,1.5000578e-12,1.1986499e-13,7.206596e-11
280000,59,304,0,-4.1734379e-13,1.4203317e-11,5.953826e-14,7.141874e-20,1.7426661e-19,1.9407473e-10
280000,224,424,0,-1.2168027e-13,1.208242e-14,2.9272625e-17,1.3355471e-24,1.2958078e-29,3.0126308e-09
280000,264,454,0,-4.280995e-13,7.560997e-11,1.2204101e-13,1.3055503e-18,8.824528e-12,8.066652e-11
280000,491,421,0,-7.2172726e-13,5.624415e-11,4.8030014e-11,2.9026133e-13,1.6501188e-14,3.1851882e-11
280000,416,346,0,-4.0295496e-13,9.719224e-11,2.1386823e-33,0.0,1.2712226e-10,2.9887888e-09
280000,414,344,0,-4.7195684e-13,2.6240753e-11,2.1158785e-31,0.0,3.3428933e-17,1.7848158e-12
280000,48,27,0,-1.0957807e-12,5.8945716e-11,3.2825056e-18,3.550989e-27,3.9872907e-14,2.8645625e-10
280000,397,485,0,-1.2154331e-12,1.3460107e-10,6.1090755e-12,3.429195e-15,1.01417837e-13,2.8747607e-10
280000,66,104,0,-7.908627e-13,9.031109e-11,8.045133e-12,6.5421263e-15,2.15801e-13,1.779719e-10
280000,485,161,0,-4.309868e-13,5.929564e-11,2.8599799e-18,7.77931e-28,1.402203e-13,1.1083569e-11
280000,356,14,0,-8.8806696e-13,5.8266083e-12,6.946799e-19,5.1852155e-27,1.3592429e-20,3.1788796e-09
280000,7,383,0,-5.954271e-13,5.0305138e-12,6.966157e-21,4.6400064e-33,4.294976e-22,3.1498186e-09
280000,388,41,0,-9.96393e-13,2.2146994e-10,1.0359158e-15,1.2528043e-21,6.4966206e-11,5.5310367e-11
280000,42,311,0,-3.7727392e-13,7.8374525e-13,2.576693e-22,1.2659417e-36,7.623136e-28,3.1355157e-12
280000,41,80,0,-6.653365e-13,1.5387192e-10,1.6881975e-10,5.5760652e-12,4.6771025e-12,3.7533622e-11
280000,294,95,0,5.7901107e-13,3.8266626e-11,1.2928735e-20,3.2415033e-30,8.7231985e-15,3.5651104e-13
280000,13,162,0,-6.6789266e-13,5.467805e-11,1.0148626e-11,1.2107608e-14,3.5757424e-15,1.4802445e-10
280000,45,494,0,-1.3638092e-12,7.433118e-11,4.0806405e-10,4.7171624e-11,3.7649456e-11,3.0446565e-09
280000,453,69,0,-1.0091099e-12,6.649752e-11,1.104195e-15,4.0454374e-23,1.2057436e-15,2.9973566e-09
280000,59,60,0,-2.9803574e-13,2.1605439e-12,2.4069505e-13,1.1994537e-18,1.6632518e-22,2.9964045e-09
280000,463,34,0,-1.102831e-12,1.0858925e-10,3.9136798e-11,1.9025218e-13,4.8235466e-13,1.2660623e-10
280000,455,439,0,-1.2544702e-12,7.841223e-12,3.7181976e-11,1.8009659e-13,4.1928868e-15,9.26435e-11
280000,1,288,0,-1.6353374e-13,9.736847e-12,4.3883976e-12,8.11845e-16,1.5485329e-18,3.2430492e-09
280000,473,207,0,-9.832497e-13,3.328666e-11,3.2567163e-12,3.937309e-16,1.0047498e-16,1.8407686e-10
280000,52,484,0,-1.1959403e-12,2.834368e-11,7.1686876e-16,9.77593e-21,7.1345526e-17,3.1146674e-09
280000,46,127,0,-1.286771e-12,1.1297705e-10,3.3292428e-13,5.4019526e-18,1.4151674e-14,2.0753442e-11
280000,0,23,0,-5.696032e-14,1.4605724e-13,2.5702556e-14,1.012749e-20,1.3698757e-25,2.6875357e-09
280000,3,402,0,-6.729822e-13,5.2375712e-12,3.056692e-11,7.930469e-14,1.5829591e-15,3.7013326e-10
280000,133,45,0,-1.4204821e-11,2.6812035e-09,6.557956e-13,1.6638042e-17,4.2924007e-09,6.7658726e-11
280000,471,440,0,-7.75569e-13,4.7560237e-11,1.9576493e-18,1.2139436e-28,2.7672358e-13,2.1598279e-11
280000,415,11,0,-5.66173e-13,1.639187e-11,1.03295377e-13,1.7053055e-19,3.626023e-17,1.2520703e-10
280000,445,7,0,-6.708598e-13,9.075625e-12,6.973999e-14,7.795941e-20,1.4059324e-20,8.3501865e-11
280000,475,127,0,-5.4975284e-13,4.4965073e-13,4.6924037e-18,2.98675e-27,1.273662e-29,3.4279444e-09
280000,92,393,0,4.822876e-12,8.002743e-11,1.995178e-14,6.999729e-20,7.1182135e-14,1.6709445e-11
280000,443,232,0,1.8965357e-10,1.5547297e-10,1.2134958e-12,2.4893944e-16,5.853451e-14,3.0640514e-11
280000,218,488,0,-6.625322e-13,8.046605e-11,6.448408e-25,9.61721e-40,6.7580815e-12,1.4859624e-11
280000,431,117,0,-5.513197e-13,3.0813553e-11,4.317649e-16,4.9839768e-23,1.1842212e-15,8.2514567e-13
280000,99,209,0,-1.4628347e-13,1.9651348e-11,7.0824695e-27,3.1e-44,1.2755633e-16,3.845866e-11
280000,476,229,0,-4.8784578e-14,6.129994e-15,1.2181972e-13,1.3055466e-18,5.0779817e-22,3.271031e-11
280000,31,497,0,-1.6283117e-12,8.6310105e-11,4.176498e-16,1.09170145e-23,4.4317485e-14,3.1086085e-09
280000,10,382,0,-8.933465e-13,5.315623e-11,1.4412386e-20,7.877631e-32,3.8274494e-16,4.3941753e-11
280000,487,246,0,-7.989542e-13,2.481327e-11,8.890945e-22,2.3008001e-34,3.2133099e-18,3.0176124e-09
280000,464,218,0,2.819395e-12,1.0517038e-12,7.146792e-11,1.3924342e-12,1.08237875e-13,1.0788817e-10
280000,445,299,0,-9.443658e-13,1.5996604e-10,3.462259e-09,7.191878e-10,1.154218e-09,1.6961457e-10
280000,81,96,0,-5.313698e-13,3.4326064e-12,3.217904e-13,5.3984458e-18,2.4540732e-21,4.3023498e-11
280000,466,4,0,-1.333237e-12,1.4185572e-10,1.8910741e-11,2.91502e-14,6.3043073e-12,3.1114498e-09
280000,492,299,0,-7.0784356e-13,2.3376186e-11,2.1327406e-20,2.4253535e-31,1.6718409e-17,5.9056544e-11
280000,479,491,0,-1.443581e-12,1.5194969e-10,3.2637685e-15,2.1495272e-21,3.4410846e-10,3.0048681e-09
280000,64,474,0,-1.0746282e-12,8.124229e-11,2.1852147e-14,5.5250257e-21,9.845022e-15,1.6249951e-11
280000,50,435,0,-1.0948808e-12,1.0564093e-11,6.5081057e-13,3.5817622e-16,4.6620445e-18,7.436642e-12
280000,479,73,0,-1.40765e-12,7.211632e-11,3.3275837e-13,2.2425007e-18,1.15001706e-14,4.2018895e-11
280000,396,213,0,-9.751917e-14,3.543447e-11,2.399741e-14,5.632756e-20,1.8258566e-15,3.98386e-14
280000,96,460,0,-1.0936162e-12,1.6233308e-11,9.136992e-19,3.825456e-29,4.0670426e-19,2.453078e-12
280000,291,6,0,-2.6780623e-13,1.6607934e-12,3.9798487e-11,2.9731526e-13,3.9999196e-14,3.0017537e-09
280000,206,486,0,-5.7301993e-13,2.0356829e-11,9.923266e-19,6.1807396e-28,6.578969e-20,2.515447e-12
280000,409,493,0,-1.4476903e-12,1.3823555e-10,3.5351672e-12,5.577924e-16,3.2177372e-09,1.1805188e-12
280000,494,16,0,-1.0204042e-12,7.95916e-11,3.4625138e-09,7.191878e-10,1.159382e-09,2.382682e-10
280000,493,78,0,-1.6730075e-12,2.1087214e-10,8.020625e-16,2.3223515e-24,3.7159742e-09,3.0164042e-09
280000,7,91,0,-1.4888103e-12,1.5353563e-10,1.1948256e-17,4.0225142e-26,3.303044e-12,2.1112759e-11
280000,286,31,0,-9.206588e-13,1.2820348e-10,1.2107251e-25,2.74185e-40,1.07109365e-11,3.2820002e-09
280000,268,37,0,-5.3685355e-13,4.1462814e-12,9.19162e-14,8.589501e-19,5.65627e-21,2.9920564e-09
280000,242,444,0,-2.7368456e-13,1.2468867e-12,2.3915053e-18,4.6302e-29,1.9603694e-26,3.2226983e-09
280000,301,24,0,-3.599816e-13,6.988065e-12,6.2586316e-15,1.3905844e-21,2.9844284e-19,3.0302327e-09
280000,18,372,0,-7.9661153e-13,4.0608295e-11,1.474039e-11,6.3751515e-14,8.7859255e-15,8.588366e-11
280000,233,25,0,-6.11987e-13,2.4861578e-11,2.682924e-16,2.8729034e-22,7.9884205e-20,2.988847e-09
280000,165,451,0,-4.1210142e-13,3.1468442e-11,1.2277321e-12,5.161051e-17,5.7859974e-17,4.9671365e-12
280000,213,466,0,-5.731904e-13,1.2070389e-11,9.766948e-15,4.5556158e-20,1.1635739e-19,4.126397e-12
280000,368,83,0,-2.727001e-13,1.2279807e-11,1.1583437e-15,3.095244e-22,2.1834342e-19,2.9888112e-09
280000,35,122,0,-1.0403923e-12,7.350523e-11,1.7333433e-11,9.394293e-15,1.881971e-13,3.0008231e-09
280000,472,496,0,-9.237495e-13,1.8749695e-10,4.0162408e-19,8.161555e-29,8.164365e-11,3.0674554e-09
280000,491,46,0,-1.9246466e-12,7.720249e-11,1.2262988e-15,6.0430336e-23,2.732022e-16,1.0575652e-11
280000,28,434,0,-3.8417083e-13,1.6228336e-11,1.2255692e-14,9.721427e-22,3.5791406e-18,1.2462345e-10
280000,23,233,0,-1.5754456e-13,1.2052974e-13,1.0637698e-12,8.123986e-17,1.2354443e-19,2.9982599e-09
280000,100,269,0,-2.1798627e-13,2.3073154e-12,8.634975e-24,8.414762e-39,2.9161568e-26,2.9907852e-09
280000,18,434,0,-1.324889e-12,5.1422457e-11,7.132653e-11,1.0835146e-12,8.24848e-14,3.1359404e-09
280000,279,147,0,-1.2735932e-13,5.0480735e-12,6.59709e-29,0.0,2.3660115e-22,4.394184e-25
280000,4,313,0,-4.2450307e-13,5.6461266e-11,9.094005e-15,7.768078e-21,1.4022029e-13,2.6922492e-11
280000,88,79,0,-5.9315524e-13,9.258558e-11,9.680795e-11,2.8039743e-12,7.2545615e-13,7.518122e-11
280000,47,41,0,-1.7228148e-12,5.9490156e-11,3.327582e-13,2.2425007e-18,6.5326233e-18,2.9897727e-09
280000,89,300,0,-2.9647096e-13,1.3112426e-11,3.443593e-12,1.2209618e-15,9.218362e-18,8.511335e-11
280000,37,232,0,-3.1918387e-14,2.1270306e-15,3.5183725e-10,2.119833e-11,1.075796e-11,5.1740747e-11
280000,454,421,0,-6.99677e-13,8.504674e-12,4.859365e-15,1.889268e-21,6.571438e-22,4.113515e-11
280000,135,493,0,-5.9010273e-13,4.5608208e-11,6.2399443e-15,3.5379884e-22,4.48718e-16,4.8816586e-11
280000,485,51,0,-1.5526466e-12,8.011942e-11,2.9759845e-14,7.49405e-21,2.1925941e-15,1.9865637e-10
