mcsteps,xCOM,yCOM,zCOM,il8,il1,il6,il10,tnf,tgf
740000,84,376,0,2.063618e-09,4.5339104e-11,4.2685772e-15,2.3070223e-24,6.1046684e-17,1.311239e-10
740000,432,181,0,2.0645063e-09,3.5513755e-11,1.6409722e-12,1.9982014e-16,1.3000672e-13,7.092726e-11
740000,409,105,0,2.0637896e-09,3.085462e-11,1.3477983e-18,1.7138836e-30,3.1510533e-10,8.8757446e-11
740000,247,394,0,2.0638278e-09,1.0675154e-10,2.7748e-14,9.403577e-22,1.2712226e-10,5.8076e-11
740000,132,141,0,2.0640945e-09,2.976339e-11,8.4818066e-26,7.221e-42,3.6536602e-16,1.15504446e-10
740000,286,72,0,2.0639672e-09,3.4888634e-11,1.4264099e-13,1.8783574e-20,1.5211082e-14,2.572338e-10
740000,365,385,0,2.0652178e-09,1.1450231e-11,1.6988455e-13,1.0014257e-18,4.700446e-19,2.8818437e-11
740000,379,420,0,2.0651185e-09,3.049815e-11,3.0264953e-13,2.0107401e-19,1.3196755e-14,1.1305829e-10
740000,426,219,0,2.1141682e-09,5.6911476e-12,1.6153357e-12,8.5428567e-17,1.5456082e-19,1.11153975e-10
740000,444,225,0,2.1133795e-09,2.1441859e-11,3.3727702e-12,1.1986394e-15,7.307322e-18,1.9669229e-10
740000,176,473,0,-5.794718e-13,1.553226e-11,1.6978571e-13,2.3771767e-19,4.243518e-21,6.4228173e-10
740000,460,145,0,-6.2606436e-13,2.2494093e-11,5.6279363e-11,1.0733945e-11,6.40228e-12,8.386804e-11
740000,200,286,0,-2.3277707e-13,5.2929705e-12,1.499611e-29,0.0,1.5961161e-19,5.5583357e-11
740000,373,140,0,-2.420763e-13,1.0695522e-11,1.5286327e-21,1.71587e-37,3.9789637e-16,9.489701e-12
740000,382,91,0,5.0499644e-12,1.3356353e-11,4.475512e-16,2.934156e-25,2.478972e-20,1.2269132e-10
740000,373,145,0,-3.0943897e-13,3.5646776e-12,1.5285958e-20,2.330713e-36,1.4942684e-23,3.664784e-11
740000,7,422,0,-9.44032e-13,3.7256725e-11,3.1356206e-13,1.7494334e-19,1.8471127e-14,3.0290787e-10
740000,195,377,0,-2.7979257e-13,2.524687e-11,9.067904e-19,1.4293997e-32,3.1244552e-11,2.5781578e-11
740000,219,23,0,-8.7203015e-13,8.2336096e-11,9.4430674e-17,9.48753e-28,3.0534203e-10,6.554683e-11
740000,325,169,0,-3.3341214e-13,2.8987245e-11,1.7512499e-19,4.963885e-34,3.627164e-15,4.0828074e-11
740000,51,27,0,-1.3052818e-12,8.601291e-11,2.1077064e-13,9.750443e-19,2.7965453e-11,4.7730925e-10
740000,335,367,0,1.6360745e-12,1.5078976e-11,8.328792e-19,1.1273258e-31,1.0338985e-15,1.5549954e-11
740000,124,2,0,-7.909733e-13,2.7580237e-11,8.075839e-11,7.1072e-12,1.6381578e-12,2.4379837e-10
740000,319,216,0,-4.058412e-14,1.25292495e-14,7.8453195e-23,3.842372e-39,2.73362e-39,1.5193929e-12
740000,232,229,0,-9.824835e-15,3.747425e-17,7e-45,0.0,0.0,3.682413e-14
740000,490,298,0,-6.7901376e-13,4.7333342e-11,3.230124e-15,2.5706397e-24,2.7120838e-13,1.6390851e-10
740000,136,345,0,-6.372625e-13,5.096313e-11,1.631046e-15,8.696098e-25,6.0739283e-12,2.0991138e-11
740000,313,190,0,-1.5246918e-13,9.874921e-12,1.6413313e-16,7.085239e-27,5.861493e-21,2.4126387e-11
740000,222,45,0,-8.241154e-13,2.4620606e-11,2.782387e-11,2.5435605e-13,1.8374516e-14,5.92888e-10
740000,320,327,0,-8.9833434e-14,2.0420255e-13,9.1579046e-29,0.0,2.0344195e-37,1.589783e-10
740000,216,248,0,-8.343886e-15,1.0301768e-17,3.554994e-36,0.0,3e-44,1.0250208e-10
740000,325,159,0,-3.4534772e-13,3.556735e-11,2.0307173e-25,0.0,4.1343862e-11,1.8288987e-11
740000,41,236,0,-1.11922224e-13,1.7410098e-12,8.7755974e-12,2.4446428e-15,2.5823144e-18,4.3209503e-10
740000,239,343,0,-5.2777007e-14,9.092389e-14,7.5943196e-18,2.8300162e-30,9.7848806e-36,1.06046956e-10
740000,189,107,0,-2.9423778e-13,1.31779344e-11,2.5935273e-14,2.7555308e-22,3.921041e-12,1.7049802e-10
740000,2,242,0,-4.4776113e-13,6.4760484e-12,2.5648876e-13,1.3584898e-18,1.5427228e-22,2.2755223e-10
740000,244,26,0,-6.314428e-13,4.7668428e-11,2.988813e-11,7.498753e-13,4.2400347e-11,1.4137351e-10
740000,375,67,0,-7.3536636e-13,4.5995343e-11,2.7260206e-12,2.080999e-16,4.201611e-12,4.645329e-10
740000,36,54,0,-1.2543538e-12,7.275383e-11,2.5815244e-13,9.31028e-19,4.1221952e-13,3.1971753e-10
740000,128,359,0,-5.204112e-13,2.7913708e-11,2.9627467e-11,1.6262064e-13,4.1887478e-15,1.854263e-10
740000,36,397,0,-8.549009e-13,2.9632286e-11,4.0151382e-11,5.3094204e-12,1.1764446e-12,2.4394034e-10
740000,411,117,0,1.5271782e-10,2.349814e-11,1.5985473e-14,2.251302e-21,1.6005303e-16,5.2708612e-11
740000,432,79,0,1.178485e-12,4.057102e-11,1.3840578e-13,2.4599731e-20,2.5405214e-11,3.5805547e-10
740000,71,312,0,-3.2305888e-13,2.0900794e-12,1.0393409e-12,1.5343477e-17,1.402254e-21,6.4571175e-11
740000,150,313,0,-2.0397075e-13,1.1729036e-11,2.0553345e-27,0.0,1.6313424e-18,1.7367358e-11
740000,175,59,0,-5.526825e-13,2.6969128e-11,1.364542e-10,5.7627427e-11,6.534187e-11,5.9872725e-11
740000,91,496,0,-9.844832e-13,4.209367e-11,7.7064764e-11,8.472209e-11,5.778237e-10,2.9570704e-10
740000,108,318,0,-3.589721e-13,3.1098818e-11,1.616557e-14,1.5720177e-22,4.5738974e-16,4.249459e-11
740000,379,118,0,3.0954456e-12,1.38797515e-11,1.2902804e-13,6.464219e-20,1.1115163e-14,3.3152342e-11
740000,84,450,0,-1.2939048e-12,6.911143e-11,1.1765224e-13,1.8578223e-20,7.549783e-16,2.965141e-10
740000,76,36,0,-1.1167905e-12,5.5205618e-11,3.7277635e-14,4.3281507e-21,2.2475238e-16,1.0880607e-10
740000,54,422,0,-1.0838847e-12,7.652605e-11,3.3365003e-12,1.0322509e-15,2.1294688e-09,1.9575215e-10
740000,482,382,0,-1.2664982e-12,8.267653e-11,1.4122681e-16,4.354983e-28,1.0843741e-14,2.094272e-10
740000,305,73,0,4.8144922e-11,4.1499096e-11,1.3273481e-15,2.7297038e-25,2.589813e-15,4.853381e-10
740000,457,241,0,3.7310113e-11,2.7553659e-11,1.3182974e-12,9.7110375e-17,8.019692e-16,1.2526875e-10
740000,494,35,0,-1.6064091e-12,8.8372976e-11,7.423482e-12,2.428565e-15,3.1082314e-10,3.6697223e-10
740000,166,231,0,-2.697275e-14,1.7269696e-14,3.4597587e-17,6.364754e-28,1.1598225e-36,7.9814454e-11
740000,378,461,0,-7.308351e-14,3.1341253e-11,1.3377994e-13,4.3326195e-20,4.2499476e-15,8.200102e-11
740000,411,242,0,1.0838775e-11,1.8731346e-11,4.7006084e-12,1.4922117e-16,3.3190432e-13,1.8495235e-10
740000,108,409,0,-2.5823717e-13,3.8395256e-11,3.5883202e-13,6.478834e-19,3.783945e-12,1.6187891e-10
740000,358,216,0,-3.994929e-13,2.3701959e-11,1.2068897e-14,1.291475e-22,1.3685754e-13,8.053605e-11
740000,445,307,0,-4.7331686e-13,1.0415866e-11,4.2942043e-12,9.669992e-16,1.2592404e-18,1.4914474e-10
740000,161,153,0,4.108753e-12,4.2924844e-11,1.2552113e-13,2.0622975e-19,2.3471465e-13,7.445709e-11
740000,411,171,0,2.1882357e-11,5.5663925e-11,8.083882e-19,4.4643877e-32,2.536542e-12,9.079117e-11
740000,11,139,0,-7.264047e-13,2.9046295e-11,9.437309e-12,7.573561e-15,5.3480534e-15,2.3730173e-10
740000,259,66,0,9.099702e-12,4.4133138e-11,4.5132184e-19,3.251602e-30,1.7345736e-11,1.8481647e-10
740000,206,253,0,-2.0369442e-14,1.4951824e-16,5.374845e-32,0.0,3.5e-44,4.5764698e-11
740000,474,285,0,-6.0824544e-13,2.3692652e-11,8.6606035e-12,2.6721572e-14,1.2174593e-15,1.6948606e-10
740000,214,296,0,-3.1428319e-13,1.4258512e-11,1.8398922e-36,0.0,1.1634365e-19,2.1407381e-11
740000,123,59,0,-8.8979773e-13,5.9172896e-11,3.6785995e-12,3.0106775e-16,1.1110889e-15,9.3929656e-11
740000,215,154,0,-2.2485387e-13,1.0826548e-11,1.7920481e-15,1.3487736e-24,1.8430639e-18,3.067742e-14
740000,305,169,0,-1.682648e-13,3.499417e-13,2.3548092e-30,0.0,3.5781078e-32,6.6834566e-11
740000,457,173,0,1.1841513e-11,6.4360954e-11,3.142816e-15,1.2580067e-23,2.4915405e-11,7.778551e-11
740000,222,406,0,9.290274e-12,4.6955968e-12,1.5737061e-11,1.2274874e-13,2.1235673e-15,1.12636345e-10
740000,9,321,0,-7.8355367e-13,4.4379406e-11,1.7064246e-11,3.0148337e-13,5.1157516e-12,1.0830476e-10
740000,265,37,0,-2.3581956e-13,7.962436e-11,9.551454e-12,1.08882e-14,3.6300739e-12,1.9303649e-10
740000,198,12,0,-1.1150677e-12,2.4422032e-11,2.7983029e-11,1.6022189e-13,2.3333265e-15,1.9511133e-10
740000,489,247,0,-5.3239997e-13,4.3495936e-11,1.6270413e-15,3.4059338e-25,4.498184e-12,1.5888595e-10
740000,354,280,0,-2.3877173e-13,2.4113898e-11,0.0,0.0,2.2888415e-11,5.3660125e-11
740000,462,397,0,-1.213871e-12,7.451117e-11,1.5512583e-11,5.5805936e-14,2.9564579e-10,4.8154547e-10
740000,225,179,0,-9.678533e-14,1.0050136e-12,8.50933e-35,0.0,1.9260581e-29,1.6130853e-12
740000,99,438,0,-1.0083709e-12,3.6098013e-11,2.3229441e-11,2.0832882e-13,3.1329347e-10,2.6729968e-10
740000,356,462,0,-4.5995624e-13,1.4440547e-11,1.2997865e-16,6.982242e-27,2.2575074e-16,2.2779849e-10
740000,28,245,0,-2.350946e-13,3.2430146e-13,1.0469149e-13,1.392426e-20,1.390281e-26,2.4998817e-10
740000,229,252,0,-2.340823e-15,2.9662212e-20,0.0,0.0,0.0,1.8110641e-11
740000,217,92,0,-4.2250513e-13,5.3928663e-12,3.2566392e-16,1.7567158e-25,4.3063106e-22,9.134444e-11
740000,72,74,0,-5.657473e-13,4.4399425e-11,9.932669e-12,7.295456e-15,2.5712323e-12,1.3002485e-10
740000,432,356,0,-4.0539075e-13,5.045506e-12,1.1888909e-12,1.5214566e-17,1.2857696e-21,2.0661427e-10
740000,334,343,0,-1.7817131e-13,3.711496e-12,1.3008613e-34,0.0,5.5022725e-24,2.0622179e-10
740000,23,360,0,-7.961893e-13,1.5037697e-11,1.2564804e-12,2.4616438e-17,1.271628e-17,3.414086e-10
740000,350,197,0,-3.018809e-13,3.211206e-11,4.0626322e-18,1.3293882e-30,2.127527e-13,1.217801e-10
740000,362,466,0,-4.298155e-13,6.6487323e-12,5.011603e-13,5.954563e-18,6.6534573e-22,1.7189522e-10
740000,63,442,0,-1.2739848e-12,7.5859014e-11,3.416535e-11,9.267966e-13,3.0963224e-10,1.6908067e-10
740000,412,321,0,-2.3408817e-13,1.151285e-11,4.572117e-13,6.992592e-18,5.301152e-16,3.3902625e-10
740000,2,263,0,-6.910197e-13,5.2527326e-11,1.8895425e-11,3.402066e-14,4.1788513e-13,7.710478e-11
740000,278,92,0,3.063667e-11,5.4399818e-11,3.0991572e-12,2.6968854e-16,1.3691063e-11,3.9509975e-11
740000,417,353,0,-3.2117324e-13,6.0065963e-12,3.281339e-14,2.8738865e-19,8.807135e-19,1.3720457e-10
740000,255,479,0,-3.6945273e-13,3.605788e-12,1.064876e-11,1.5489356e-14,8.071877e-17,1.9565356e-10
740000,61,393,0,7.300037e-12,9.487507e-12,6.121202e-11,8.254321e-11,5.720185e-10,7.806987e-11
740000,459,435,0,-1.4359729e-12,9.772614e-11,3.1682927e-12,7.585559e-16,4.5227472e-13,2.7480165e-10
740000,431,66,0,-7.0836224e-13,4.746748e-11,2.3866993e-16,7.572565e-27,1.1874935e-12,3.1813793e-10
740000,136,135,0,3.3968695e-10,2.0811596e-11,3.7041743e-26,6.268e-41,1.772747e-11,9.357166e-11
740000,187,120,0,-3.2933888e-13,5.022362e-12,7.330436e-15,1.5217163e-23,4.2027258e-27,4.1027216e-11
740000,291,250,0,-2.969886e-14,1.1251574e-15,6.685212e-25,6.78e-43,0.0,4.8190913e-11
740000,327,5,0,-5.371719e-13,2.1800872e-11,3.5246665e-12,2.70569e-16,4.0192807e-16,7.173741e-11
740000,385,216,0,2.1080005e-13,1.0126431e-11,1.0423767e-12,9.319283e-18,2.5552428e-20,8.24207e-11
740000,333,319,0,-1.6829589e-13,1.8795805e-11,5.8002783e-36,0.0,2.284665e-09,2.690857e-11
740000,104,401,0,3.2251354e-12,1.9149609e-11,7.406053e-17,1.1173351e-26,1.7621745e-18,2.1697119e-10
740000,167,341,0,-3.7914536e-13,1.5667237e-11,8.882743e-21,1.7760108e-35,1.4885717e-17,1.29784785e-11
740000,344,166,0,-3.0323012e-13,1.4500439e-11,9.168235e-16,5.680907e-25,1.0489222e-17,7.230162e-11
740000,338,13,0,-6.2739776e-13,6.3657413e-12,6.213325e-14,7.7094235e-21,7.781891e-26,1.9756269e-10
740000,310,271,0,-3.671828e-13,1.0749255e-11,8.14919e-14,2.496264e-19,8.04459e-20,1.5981233e-10
740000,228,151,0,-1.4787485e-13,4.7472894e-12,4.207798e-15,3.929848e-24,2.210244e-19,1.5377535e-12
740000,323,290,0,-4.259732e-13,2.4314648e-11,3.542163e-33,0.0,8.191429e-17,2.1127725e-11
740000,10,123,0,-8.606532e-13,3.812608e-11,1.3833891e-14,2.8655157e-22,1.2079533e-15,1.3213915e-10
740000,131,171,0,5.669143e-12,1.095772e-11,4.690095e-15,1.339974e-23,2.4523118e-16,8.2857e-11
740000,247,109,0,-5.289404e-13,4.8112736e-11,2.5866383e-17,1.4021376e-29,1.0782467e-11,2.3050367e-11
740000,119,71,0,-6.1290247e-13,1.160495e-11,1.1666978e-12,1.3077191e-17,8.839307e-22,4.8330706e-10
740000,306,284,0,-4.6218194e-13,3.1203703e-11,6.0401884e-26,2.0337e-41,5.768794e-16,2.9346052e-12
740000,458,198,0,1.0231773e-11,5.7513643e-11,3.1224377e-11,8.001831e-13,4.6628708e-11,1.08007187e-10
740000,103,399,0,5.531745e-12,1.9105358e-11,3.382652e-16,3.8530392e-26,6.923325e-19,2.6983482e-10
740000,269,42,0,1.5214195e-12,3.1716046e-11,3.2063786e-11,1.7618753e-12,2.9500333e-13,1.1459896e-10
740000,88,81,0,-5.735297e-13,2.5679694e-11,8.066997e-11,9.937433e-11,6.1403677e-10,1.7328704e-10
740000,419,104,0,2.1459663e-10,2.87884e-11,2.3321458e-15,7.5748325e-24,1.8134211e-17,1.0692924e-10
740000,431,146,0,9.0741905e-13,7.5876166e-11,5.6839426e-15,2.6478353e-23,2.7404498e-10,1.2696617e-10
740000,329,370,0,4.3856872e-13,1.559224e-11,6.0953777e-18,1.6084434e-28,1.3687405e-12,2.9443013e-12
740000,127,179,0,5.737203e-13,2.260404e-11,4.692302e-11,4.7153167e-12,8.4295163e-13,9.1353376e-11
740000,29,344,0,-6.715755e-13,5.7756373e-11,2.8324246e-12,1.0949906e-16,2.05892e-12,1.8132386e-10
740000,209,257,0,-9.0947805e-14,2.0194611e-13,2.7332315e-37,0.0,1.8851231e-29,3.4938538e-11
740000,337,142,0,-3.429033e-13,1.4991567e-11,3.090455e-20,1.89479e-36,6.0933407e-19,2.5712226e-11
740000,336,232,0,-2.0258327e-13,6.0796533e-12,1.19306005e-17,5.950897e-30,1.1512194e-21,5.5972366e-12
740000,351,303,0,-1.988086e-13,4.4804557e-13,1.444863e-32,0.0,2.9472146e-35,2.9809592e-11
740000,442,263,0,5.63411e-13,1.8772837e-11,7.238299e-15,2.3022397e-22,1.2006957e-18,2.2003752e-10
740000,304,310,0,-1.5138936e-13,3.3914236e-12,2.3167188e-16,1.23327055e-26,5.7161816e-27,1.3462852e-12
740000,401,83,0,2.1459464e-11,3.9195935e-11,4.6810563e-12,1.1976631e-15,3.9279398e-13,2.004642e-10
740000,117,328,0,-5.412813e-13,2.6838039e-11,1.664054e-11,3.0932667e-13,1.9044985e-14,3.0955754e-09
740000,147,330,0,-4.3806256e-13,1.1913505e-11,2.724003e-24,2.65e-43,9.929388e-19,3.0009737e-09
740000,136,416,0,-2.949489e-13,7.022393e-12,5.167804e-11,9.793439e-13,3.741558e-14,5.8696625e-10
740000,130,367,0,-4.0240738e-13,5.1244883e-11,5.2302083e-11,3.8335776e-11,9.16935e-11,1.2471091e-10
740000,115,394,0,1.152542e-12,2.6977608e-11,2.4441058e-14,3.8590712e-22,8.832027e-16,4.3402928e-10
740000,224,235,0,-4.639259e-15,4.4842355e-19,5.4662617e-37,0.0,0.0,5.052746e-13
740000,329,470,0,-5.2828835e-13,5.0770315e-11,1.8093135e-11,1.9281976e-13,2.34153e-09,5.029549e-11
740000,479,405,0,-1.1009295e-12,4.7010458e-11,1.433153e-12,1.5528651e-16,7.795969e-16,3.85847e-10
740000,170,165,0,-9.302783e-14,2.2258834e-11,1.0743858e-11,6.816246e-15,3.649096e-12,1.4245642e-11
740000,3,358,0,-1.0215261e-12,6.717019e-11,1.2931217e-13,1.9897633e-20,3.1096437e-10,6.956845e-11
740000,380,269,0,-2.0269963e-13,6.594064e-12,3.3233484e-33,0.0,3.5114438e-22,1.12135634e-10
740000,283,397,0,1.2465637e-12,9.435489e-12,8.206859e-12,6.490876e-15,1.0502733e-17,2.1737638e-10
740000,313,109,0,-2.6653874e-13,1.5579446e-11,4.9867745e-18,1.2783768e-27,5.8135345e-17,1.5723917e-11
740000,464,8,0,-1.1926731e-12,4.2452226e-11,9.246323e-13,7.7912415e-18,2.749128e-16,4.889874e-10
740000,326,469,0,-4.807606e-13,3.3078665e-11,1.3741525e-11,2.6407655e-14,2.3722793e-13,8.4337044e-11
740000,478,125,0,-9.418346e-13,1.69911e-11,3.4960186e-12,2.961576e-16,2.5301852e-18,3.463374e-10
740000,496,115,0,-1.0881807e-12,5.7861358e-11,7.2144057e-12,1.091412e-15,3.246683e-10,3.5254877e-10
740000,478,267,0,-6.9417204e-13,5.822369e-11,3.0569935e-11,1.6232304e-12,4.5359284e-13,3.0261663e-10
740000,475,493,0,-5.704905e-13,9.196309e-11,6.8310385e-11,2.2901553e-12,2.7253902e-13,6.060814e-10
740000,497,297,0,-6.2433235e-13,9.8438445e-12,2.4475716e-16,5.032559e-27,5.483237e-24,1.2091282e-10
740000,46,311,0,-4.2611818e-13,1.0391426e-11,2.9741796e-15,1.2938276e-24,1.3203836e-20,2.2187424e-10
740000,90,440,0,-1.0880778e-12,5.1243246e-11,8.8727756e-13,6.9263758e-18,1.1381034e-13,1.8218974e-10
740000,133,200,0,-5.973975e-14,5.3519813e-13,3.6750422e-11,9.935567e-13,4.7875125e-14,5.1024666e-12
740000,302,194,0,-5.4280565e-14,1.2369272e-14,1.0251771e-11,9.924336e-15,3.2949e-17,4.6894736e-12
740000,42,226,0,-1.8816123e-13,7.4038025e-13,1.2304266e-11,5.1495463e-14,3.3899982e-16,3.8350705e-11
740000,244,251,0,-4.1563348e-17,6.804251e-27,0.0,0.0,0.0,9.7958294e-11
740000,228,140,0,-2.8269092e-13,1.7544459e-12,2.2260405e-13,3.280424e-19,3.4087686e-24,1.3243212e-13
740000,488,359,0,-7.602735e-13,1.6654489e-11,3.199545e-14,5.9738753e-22,6.8786077e-17,5.849399e-11
740000,303,296,0,-2.3988203e-13,4.9396173e-12,9.7286875e-26,4e-45,1.1512184e-21,2.7275298e-11
740000,356,441,0,4.21638e-12,1.5384628e-11,3.8055737e-14,5.4433735e-22,1.1308196e-18,8.435565e-11
740000,253,69,0,2.4831441e-12,2.2605131e-11,3.7492505e-16,5.6439904e-26,2.7407142e-17,1.0153197e-10
740000,398,143,0,7.177418e-14,3.8252217e-11,1.0456576e-16,8.850187e-28,1.3198688e-14,6.123473e-11
740000,436,358,0,-4.7495374e-13,1.3182118e-11,3.606602e-11,1.3271469e-12,1.6963828e-13,2.5711192e-10
740000,191,412,0,-2.7917452e-13,1.6530262e-11,1.3312848e-15,2.2399587e-25,4.4150666e-16,1.3186312e-10
740000,430,111,0,2.8411263e-11,6.9769794e-11,1.0644208e-13,4.243018e-20,5.3531984e-12,5.959131e-11
740000,138,370,0,-3.4707133e-13,1.05184516e-11,4.958454e-13,4.554482e-18,4.7071902e-20,1.2236122e-10
740000,136,181,0,3.7943154e-13,8.111271e-12,3.6311093e-14,3.213964e-20,1.6914688e-18,2.3913694e-11
740000,118,187,0,-2.5264448e-13,2.0463194e-11,2.200814e-14,3.3814092e-22,9.2279e-15,1.1955364e-10
740000,390,159,0,-6.536562e-13,7.119429e-11,1.3630613e-17,6.9937943e-29,5.9426058e-12,1.0340214e-10
740000,263,51,0,3.94325e-12,3.9979863e-11,6.2532275e-14,1.6051711e-20,4.7018015e-15,1.431736e-10
740000,150,290,0,-2.585993e-13,2.9871019e-12,5.3219174e-28,0.0,7.743091e-21,5.751817e-12
740000,220,139,0,-1.1614454e-11,2.2893987e-09,1.7259878e-11,2.387422e-13,4.118821e-09,3.1114475e-12
740000,347,52,0,-7.7143e-13,4.448878e-11,1.1344329e-13,2.1185138e-20,3.628168e-11,2.0243775e-10
740000,177,236,0,-1.8223963e-14,2.324284e-16,7.023359e-17,1.3983224e-27,2.252353e-36,1.839824e-10
740000,368,395,0,2.123028e-10,7.313699e-12,8.899746e-13,2.1699085e-17,2.6163049e-18,7.0730054e-11
740000,361,140,0,-3.919542e-13,5.2697353e-11,4.230007e-17,3.2785002e-28,2.1020444e-10,9.896532e-12
740000,52,233,0,-8.8849867e-14,1.3400288e-13,3.7477307e-13,1.2047894e-18,1.6875773e-23,6.975634e-10
740000,239,87,0,-4.3027105e-13,1.5288219e-11,3.7873857e-11,1.0670306e-12,3.015971e-13,1.180069e-10
740000,191,149,0,-3.1586062e-13,2.3047264e-11,1.394379e-22,3.7162e-41,6.65607e-15,1.8042363e-11
740000,152,191,0,-1.0952357e-13,1.0127759e-12,3.8141278e-22,5.67636e-36,1.0408023e-24,1.3205234e-10
740000,426,90,0,2.433449e-11,5.6850243e-11,8.194471e-12,1.8789681e-14,2.4917495e-11,1.8487072e-10
740000,88,198,0,-1.80053e-13,1.549303e-12,2.4999745e-19,7.4645576e-34,8.919336e-32,1.4981018e-11
740000,350,281,0,-3.5264627e-13,2.0166783e-11,0.0,0.0,2.861742e-17,3.4718544e-11
740000,295,341,0,-1.3619719e-13,8.499711e-12,6.07998e-22,1.0919422e-35,2.8814724e-16,2.5227752e-11
740000,139,478,0,-6.5612175e-13,3.5234968e-11,5.2365542e-12,3.3629247e-15,5.0398984e-11,8.2083444e-11
740000,262,108,0,-8.009149e-14,4.707648e-12,1.4106169e-14,1.1159204e-22,2.2599116e-20,2.9944378e-09
740000,212,73,0,-6.06717e-13,2.8396934e-11,3.9898637e-13,5.2419362e-17,1.6501603e-16,3.1755525e-09
740000,343,183,0,-2.4161714e-13,1.5976245e-11,3.779505e-12,5.8290303e-16,6.6548867e-15,3.0106262e-09
740000,379,397,0,7.7517485e-11,4.3099703e-12,2.1095929e-11,2.6703973e-13,5.1500035e-15,3.128866e-09
740000,43,485,0,-1.791401e-12,1.1596681e-10,1.7501532e-12,1.7242207e-16,5.776927e-10,3.2311682e-09
740000,220,222,0,-4.689341e-14,2.417425e-14,5.792005e-35,0.0,3.397735e-34,1.2248859e-15
740000,236,219,0,-4.222152e-14,3.07401e-13,4.0800637e-37,0.0,9.593768e-30,3.1911875e-13
740000,254,171,0,-6.047119e-15,3.1501534e-18,2.141763e-21,2.2880674e-36,0.0,7.0686026e-11
740000,168,497,0,-5.4816736e-13,1.6012244e-11,2.9305022e-14,2.3904775e-21,8.820263e-17,1.0773547e-10
740000,418,13,0,-6.58514e-13,1.7149664e-11,9.614994e-13,3.2276164e-17,7.565377e-19,4.4989523e-10
740000,278,396,0,4.3599343e-12,1.6217246e-11,2.9262495e-11,1.4317745e-13,2.3186398e-15,3.1235042e-11
740000,378,147,0,-3.3140838e-13,4.5116844e-12,2.5893236e-23,2.4893e-41,3.3677864e-23,2.3245787e-11
740000,265,348,0,-1.1083761e-13,1.2987716e-11,4.3607776e-20,9.647701e-33,2.2555143e-15,6.256756e-11
740000,441,67,0,-9.637247e-13,4.4639695e-11,6.3273615e-15,7.436085e-24,4.0372822e-16,2.4196484e-10
740000,172,29,0,-8.471851e-13,2.1240787e-11,9.130763e-16,2.8056183e-25,1.1060991e-17,1.1788888e-10
740000,25,83,0,-1.1131554e-12,5.5566596e-11,9.834461e-17,1.7343612e-28,3.114082e-10,3.6010833e-10
740000,210,217,0,-6.263509e-14,5.838556e-13,6.0753803e-29,0.0,1.4932913e-30,1.5541485e-11
740000,153,11,0,-7.087101e-13,4.4021776e-11,4.893774e-11,1.0723858e-11,5.1790242e-11,8.3540297e-10
740000,343,13,0,-6.2871236e-13,1.6734347e-11,7.0890715e-12,3.0059749e-15,4.1767166e-18,7.668631e-11
740000,141,94,0,-2.7287664e-13,1.2459129e-11,1.0299578e-17,2.8998927e-28,2.6430269e-14,1.188561e-10
740000,235,40,0,-6.83303e-13,2.7015957e-11,9.0139246e-13,3.6381412e-17,1.5353695e-13,3.1896965e-09
740000,142,402,0,-2.827739e-13,9.467398e-12,9.263045e-12,6.00885e-15,1.0743926e-17,3.012437e-09
740000,173,119,0,-4.3727538e-13,3.5775646e-11,6.930523e-17,1.9805004e-27,1.827354e-13,2.9993967e-09
740000,381,192,0,-2.9886773e-13,2.3403125e-11,2.579635e-13,2.3719096e-18,2.0085862e-14,3.0490903e-09
740000,424,295,0,-2.479927e-13,2.2304662e-12,5.1645965e-13,9.41686e-18,1.2084926e-21,3.300562e-09
740000,201,456,0,-6.1409845e-13,2.9831082e-11,3.0885274e-11,1.4912007e-12,1.1554637e-13,3.137794e-09
740000,233,413,0,2.0637667e-11,3.3872627e-11,1.5466154e-11,1.5521925e-13,2.5717916e-14,3.0956224e-09
740000,54,99,0,-5.9632784e-13,3.015335e-11,1.8604102e-16,9.451481e-28,1.6301231e-12,3.1533196e-09
740000,351,106,0,-2.7629459e-13,2.2486856e-11,8.2117954e-14,2.8674106e-20,4.639479e-12,3.047291e-09
740000,31,146,0,-9.50328e-13,4.7368876e-11,6.3280505e-12,4.2387197e-15,2.7692768e-14,3.2153578e-09
740000,333,18,0,-7.1890193e-13,2.82528e-11,3.426675e-14,8.800842e-22,9.879889e-15,3.2165324e-09
740000,44,344,0,-4.869242e-13,2.7909728e-11,3.6270557e-12,1.6949809e-15,2.3890006e-11,3.1838545e-09
740000,113,323,0,-4.499261e-13,4.871848e-11,8.723765e-12,3.758841e-14,2.2430757e-11,3.0318652e-09
740000,157,136,0,1.4540593e-11,3.7096964e-11,1.4526139e-14,1.9610891e-21,4.8831595e-14,2.2187456e-10
740000,142,289,0,-4.4523456e-13,1.2844221e-11,1.468963e-22,7.94126e-40,3.239591e-20,7.677934e-12
740000,306,209,0,-1.988979e-14,6.744095e-16,1.7536136e-15,2.23313e-23,1.26050926e-29,3.0115136e-13
740000,89,156,0,-3.5983553e-13,2.7036326e-11,4.231264e-20,1.8699387e-35,8.178515e-15,3.556964e-10
740000,235,271,0,-5.0618008e-14,4.1151798e-14,9.830463e-39,0.0,2.7681056e-30,2.008631e-12
740000,312,357,0,-1.206172e-13,2.7783028e-12,3.2762027e-15,6.243721e-23,8.330936e-25,5.4193205e-11
740000,83,59,0,-5.871898e-13,2.2222491e-11,1.9569046e-11,3.2882605e-14,3.0968184e-16,1.6815668e-10
740000,244,284,0,-1.1401732e-15,2.176176e-22,1.1544436e-19,9.802657e-31,5.848944e-39,9.034804e-14
740000,306,417,0,-9.179751e-14,1.06857286e-13,2.2846422e-13,1.806816e-18,2.187093e-22,1.16074095e-10
740000,256,319,0,-3.3853166e-14,1.3769256e-15,9.234239e-26,0.0,1.163e-41,8.138157e-12
740000,355,267,0,-1.822284e-13,2.9329928e-12,1.022e-42,0.0,2.172048e-26,3.5053953e-13
740000,455,490,0,-6.4815324e-13,4.3123855e-11,2.6962856e-11,1.9110817e-13,5.0509396e-15,1.3975325e-10
740000,195,168,0,-1.5893294e-13,4.4122353e-12,9.7006774e-21,4.5403311e-35,9.128513e-21,7.90939e-11
740000,349,462,0,-5.8536856e-13,2.7734696e-11,1.4296137e-13,1.0288214e-19,6.56655e-19,2.5163116e-10
740000,236,451,0,-3.9983378e-13,2.3375744e-11,1.875531e-11,1.677644e-13,1.1430524e-12,3.1349592e-09
740000,222,80,0,-5.145053e-13,2.5561895e-11,9.249395e-18,1.0654909e-28,4.0602786e-12,3.0737939e-09
740000,470,417,0,-1.3774304e-12,8.48588e-11,3.2537438e-11,2.986667e-14,2.8868627e-10,3.347347e-09
740000,352,61,0,-7.8086425e-13,4.7047557e-11,6.7217226e-18,9.7677016e-29,1.9442707e-09,3.0372842e-09
740000,496,163,0,-3.8241017e-13,1.485153e-11,1.4355947e-18,9.744422e-31,2.2575305e-16,3.08455e-09
740000,295,75,0,2.3493843e-10,3.6128166e-11,1.6163932e-13,9.016746e-19,2.9727533e-14,3.1553404e-09
740000,393,399,0,1.9584065e-11,2.7614959e-11,2.444198e-14,4.1087176e-21,2.9371647e-10,3.2676288e-09
740000,294,345,0,-9.4923737e-14,2.3476791e-12,1.1595858e-18,1.2315214e-31,4.869037e-22,3.057605e-09
740000,486,95,0,-1.1090187e-12,3.159388e-11,7.6032736e-11,1.9868869e-11,1.21472e-11,3.5933323e-09
740000,81,192,0,-2.7414128e-13,2.0044978e-11,1.9266987e-18,5.2385422e-30,6.7994086e-14,3.4179253e-09
740000,335,201,0,-1.3161657e-13,2.8283167e-13,5.883971e-17,1.2475763e-28,3.5284736e-35,3.0133127e-09
740000,482,21,0,-1.2672643e-12,4.3260107e-11,4.568516e-13,6.992597e-18,2.6823967e-13,3.5170193e-09
740000,64,471,0,-1.5882719e-12,6.898451e-11,6.3541004e-12,5.4831776e-15,4.8000436e-12,3.1278267e-09
740000,338,59,0,-6.569022e-13,1.8387085e-11,4.0862964e-17,8.262766e-28,2.8968407e-18,3.1801668e-09
740000,365,465,0,-3.857102e-13,1.1728431e-11,8.249892e-12,2.4272388e-14,3.4918115e-16,3.1780647e-09
740000,382,401,0,6.907911e-11,3.7399628e-12,2.650291e-13,1.7630729e-19,2.079534e-22,3.2175393e-09
740000,88,73,0,-5.950271e-13,2.91619e-11,8.0132956e-11,4.063704e-11,8.964549e-11,3.280563e-09
740000,378,126,0,8.8440973e-13,2.6753218e-12,5.860492e-12,4.0656137e-15,1.32067135e-17,2.9980733e-09
740000,383,200,0,-1.5028153e-13,1.0799462e-11,3.6779794e-11,5.554204e-12,1.3827344e-12,4.3386607e-11
740000,454,288,0,-4.961657e-13,1.8709017e-11,4.959872e-13,1.5241671e-18,3.847388e-18,3.070208e-09
740000,129,320,0,-3.3893063e-13,5.8524717e-12,5.593653e-19,1.0273924e-32,4.5174526e-24,3.1377019e-09
740000,381,482,0,-7.215075e-13,3.5703274e-11,9.491038e-14,1.2519398e-19,4.6061732e-15,3.223155e-09
740000,232,6,0,-6.0918425e-13,1.6775314e-11,1.4797929e-18,1.15790345e-32,4.4981913e-17,3.08571e-09
740000,38,375,0,-6.4000975e-13,5.455601e-11,5.065112e-14,7.151065e-21,1.1238668e-12,3.1563772e-09
740000,499,32,0,-1.5822252e-12,8.192357e-11,5.0068987e-11,3.2001943e-13,5.0711263e-14,3.6041772e-09
740000,432,376,0,-6.505868e-13,2.9185033e-11,4.7910536e-13,2.1343065e-18,1.450223e-13,3.1933964e-09
740000,59,308,0,-3.5827805e-13,1.7433055e-11,1.0222881e-11,1.8074914e-14,2.2256246e-16,3.0682208e-09
740000,496,434,0,-1.0676188e-12,4.8545452e-11,5.7447647e-11,1.903817e-11,2.052824e-11,3.6383163e-09
740000,154,43,0,-6.6849824e-13,2.246448e-11,1.4311697e-14,9.86064e-22,3.921052e-12,3.0706602e-09
740000,23,356,0,-7.682316e-13,1.630195e-11,6.3266254e-12,4.2386477e-15,7.478831e-18,3.1798801e-09
740000,267,452,0,-3.6082937e-13,1.9827969e-11,2.947096e-11,8.252316e-13,4.5492063e-14,3.2751357e-09
740000,238,434,0,1.076792e-13,3.178204e-11,8.947755e-14,2.6503583e-20,1.4100959e-13,3.1341374e-09
740000,305,11,0,-5.167008e-13,2.4715986e-11,6.41818e-12,5.827738e-15,2.844324e-11,3.1329597e-09
740000,24,188,0,-5.253766e-13,1.02418135e-11,5.406625e-12,3.09291e-16,1.1106915e-19,3.2715064e-09
740000,78,0,0,-1.2329443e-12,4.530937e-11,2.5706006e-15,6.28105e-25,4.763643e-11,3.3618908e-09
740000,24,31,0,-1.5977806e-12,1.08376225e-10,1.58963e-10,5.835653e-11,9.0273386e-11,3.3325196e-09
740000,40,70,0,-8.569557e-13,2.266908e-11,1.5064519e-13,7.2649836e-19,2.5397937e-19,3.3893617e-09
740000,119,17,0,-1.1318548e-12,6.23304e-11,7.617452e-16,5.5435968e-25,2.4337507e-12,3.0895957e-09
740000,94,170,0,-3.2331557e-13,1.2531486e-11,1.8492373e-12,2.2943206e-16,6.628454e-16,3.0725396e-09
740000,371,24,0,-8.329482e-13,4.4767905e-11,2.2761088e-14,6.3736467e-21,2.2865572e-11,3.3020533e-09
740000,113,200,0,-8.8916586e-14,6.02634e-13,3.5872675e-19,5.2444453e-30,4.523602e-28,3.043773e-09
740000,467,291,0,-5.4016297e-13,1.4651176e-11,2.6272816e-12,3.2419183e-16,3.349845e-17,3.220063e-09
740000,163,100,0,-2.1546706e-13,9.757954e-12,4.5168386e-23,6.06e-41,8.8353184e-20,3.160111e-09
740000,378,4,0,-6.103914e-13,1.6566195e-11,1.3778488e-14,7.252449e-23,1.6021529e-18,3.220079e-09
740000,135,477,0,-6.8425094e-13,2.8639736e-11,8.901076e-11,1.3331334e-12,1.8075205e-13,3.1368146e-09
740000,475,353,0,-6.5183644e-13,3.4225525e-11,3.2474216e-12,1.0319982e-15,3.2382885e-15,3.1782477e-09
740000,64,422,0,-9.339899e-13,3.543956e-11,1.5753584e-11,1.07547977e-13,1.7939243e-15,3.0480611e-09
740000,413,479,0,-8.847363e-13,5.590294e-11,2.5906646e-16,8.147592e-26,3.1465285e-14,3.2040064e-09
740000,426,348,0,-3.505513e-13,7.601425e-12,7.588326e-17,4.0419057e-26,2.9329186e-23,3.113437e-09
740000,54,418,0,-1.1670675e-12,7.314031e-11,4.330266e-13,7.9075933e-19,4.8206573e-14,3.244995e-09
740000,409,393,0,-9.234841e-14,7.310335e-11,1.942814e-11,1.3534212e-13,2.170698e-09,3.054705e-09
740000,304,7,0,-4.2223663e-13,1.35630725e-11,2.806907e-13,1.1503698e-18,7.4859865e-17,3.12829e-09
740000,97,176,0,-3.21435e-13,1.1610637e-11,2.2801533e-12,9.9798117e-17,8.105989e-15,3.0254277e-09
740000,201,420,0,-3.4968122e-13,4.722224e-11,3.8622824e-11,8.1412204e-13,2.9623404e-10,3.1390486e-09
740000,136,34,0,-1.1267444e-12,6.644631e-11,9.3072994e-11,4.2439628e-11,8.82455e-11,3.1316605e-09
740000,453,9,0,-1.0679819e-12,5.044341e-11,2.1035592e-11,2.875771e-13,2.9442122e-11,3.5613632e-09
740000,148,41,0,-8.043135e-13,3.1697013e-11,2.2144962e-13,4.1868905e-19,1.7221476e-16,3.0957763e-09
740000,322,264,0,-3.175723e-13,1.7795985e-11,5.487784e-16,1.3442281e-23,1.2460092e-17,2.9887877e-09
740000,186,433,0,-6.002507e-13,3.986593e-11,1.9050703e-15,6.645969e-24,6.6116214e-14,3.0532212e-09
740000,123,162,0,2.40777e-11,1.6628589e-11,1.6501032e-20,3.100692e-34,1.450218e-13,3.0303624e-09
740000,444,177,0,1.4080473e-10,9.8690965e-11,5.0355387e-11,1.9515152e-11,1.5332026e-11,3.2439216e-09
740000,14,121,0,-8.958906e-13,3.7686385e-11,4.7712354e-15,6.3527702e-24,6.5183897e-16,3.0795642e-09
740000,160,394,0,-2.5494467e-13,2.7926361e-12,4.565374e-16,1.4587065e-24,1.4949039e-24,3.0129903e-09
740000,78,218,0,-1.3324457e-13,1.3163103e-12,3.5530864e-12,2.3075045e-15,9.802087e-18,3.0450467e-09
740000,272,405,0,9.97277e-12,1.22650475e-11,8.197392e-12,1.2895134e-14,6.3343844e-17,3.072026e-09
740000,494,400,0,-9.495243e-13,3.31644e-11,2.253333e-12,1.0577739e-16,8.494269e-14,3.3962972e-09
740000,357,497,0,-2.9505716e-13,9.193757e-13,3.4112258e-13,5.6781017e-19,5.8051962e-24,3.2446907e-09
740000,91,396,0,3.250513e-11,4.4083317e-11,1.3617718e-10,1.3397058e-11,3.861053e-12,3.056169e-09
740000,124,135,0,2.160846e-10,3.2319557e-11,1.3607379e-14,8.330639e-21,1.875207e-11,3.1435465e-09
740000,229,130,0,-4.1865315e-13,1.3428721e-11,3.1046475e-18,2.202953e-31,5.2982506e-21,2.9914509e-09
740000,308,368,0,-1.7948604e-13,9.8585515e-12,2.7596688e-12,1.1304218e-15,3.835271e-18,3.0057443e-09
740000,486,124,0,-9.854507e-13,3.2232907e-11,5.2138784e-13,4.5562353e-18,1.0339103e-15,3.1285308e-09
740000,435,486,0,-7.930357e-13,3.2741157e-11,1.7269378e-12,3.3024938e-17,5.3368365e-11,3.2918925e-09
740000,36,76,0,-8.7978176e-13,3.8928027e-11,7.6917e-12,4.8754607e-15,3.2734593e-10,3.1793876e-09
740000,421,240,0,4.0539884e-11,9.603278e-12,6.881184e-12,1.3419103e-15,6.6961997e-19,3.2720193e-09
740000,114,44,0,-1.1099289e-12,4.2726846e-11,1.7108043e-14,1.1928582e-21,4.228433e-17,3.2014598e-09
740000,193,381,0,-2.6338762e-13,1.7558217e-11,1.6467665e-17,6.592455e-30,1.7573632e-16,2.9958076e-09
740000,28,397,0,-1.1817009e-11,2.3073456e-09,1.2703478e-11,1.2726089e-14,4.4389674e-09,2.1514349e-10
740000,391,41,0,-8.33679e-13,4.3257332e-11,3.4458187e-13,6.05778e-19,3.2861533e-12,3.0751182e-10
740000,223,401,0,5.153852e-12,2.2784301e-09,4.3006695e-11,5.0700525e-12,4.1198303e-09,8.2881e-11
740000,264,175,0,-1.2032658e-14,3.4157607e-16,4.391005e-19,1.9172042e-32,2.31e-43,1.4669249e-12
740000,132,364,0,-4.5917025e-13,2.778569e-11,1.2183817e-11,4.695473e-14,3.649273e-12,6.35204e-11
740000,215,220,0,-5.754631e-14,7.078325e-14,2.2621865e-31,0.0,2.1945518e-36,2.049873e-13
740000,104,427,0,-9.531828e-13,3.6150114e-11,1.2262965e-11,5.1495456e-14,3.4034837e-16,9.035323e-11
740000,252,299,0,-2.3172975e-15,2.4948914e-20,1.520268e-16,3.651188e-24,1.11056125e-29,1.367111e-11
740000,299,82,0,7.572601e-11,3.663549e-11,2.0864885e-14,8.0975464e-22,2.3154297e-12,1.4438484e-10
740000,115,381,0,3.9867606e-12,3.5194993e-11,6.33009e-14,4.644137e-21,3.1853803e-10,1.1722666e-10
740000,320,403,0,-2.0522576e-13,1.3769682e-11,9.683327e-13,1.5706365e-17,3.3360022e-17,3.554652e-11
740000,179,74,0,-3.9556225e-13,8.758054e-12,3.1101973e-19,6.1119495e-31,3.6775618e-19,7.6031625e-11
740000,68,290,0,-2.2338846e-13,1.6876445e-11,2.9496086e-11,1.971901e-12,3.8436414e-13,2.1156854e-10
740000,117,87,0,-6.161275e-13,5.345016e-11,4.009489e-13,2.4319215e-18,3.2479033e-11,2.4457192e-10
740000,161,0,0,-6.5276056e-13,1.795778e-11,8.92571e-16,1.3258244e-24,1.9078254e-22,1.3147385e-10
740000,330,171,0,-3.0261432e-13,7.515122e-12,1.1802412e-15,2.213601e-25,2.926026e-22,1.3018485e-10
740000,331,242,0,-1.7076587e-13,1.10179236e-11,9.868229e-14,4.3096045e-20,1.6160542e-14,1.3393236e-12
740000,332,103,0,-5.1392706e-13,4.113909e-11,3.2113154e-14,2.506934e-21,2.2563171e-13,4.77237e-11
740000,137,212,0,-4.633672e-14,2.9066495e-14,1.2774401e-15,5.581368e-25,9.940798e-33,3.1327732e-09
740000,53,417,0,-1.2147443e-12,1.1916333e-10,7.3887626e-14,6.4506153e-21,3.5611728e-14,3.175932e-09
740000,60,112,0,-7.3685237e-13,2.5941898e-11,3.3240188e-12,2.3002093e-16,2.6434497e-11,3.182205e-09
740000,211,49,0,-8.3202835e-13,4.8214023e-11,3.2680083e-12,8.0641523e-16,3.297163e-13,2.0091444e-10
740000,382,215,0,-9.127164e-14,2.1328057e-11,1.2961878e-13,5.7332114e-20,2.882287e-16,3.0283736e-09
740000,11,90,0,-1.2070494e-12,8.085943e-11,7.717191e-14,1.3690356e-20,3.505748e-12,3.225213e-09
740000,244,480,0,-4.2297676e-13,2.6370605e-11,1.7400833e-14,3.7718138e-22,5.6302036e-11,3.3220193e-09
740000,490,395,0,-1.0918186e-12,2.6787223e-11,1.6544184e-13,8.5313883e-19,2.8062784e-13,3.1164633e-09
740000,220,44,0,-8.2956856e-13,2.249261e-11,4.5119754e-12,7.563375e-16,2.4945759e-14,3.163985e-09
740000,98,417,0,-6.509199e-13,6.466697e-11,3.246687e-12,1.1131367e-15,5.1397362e-11,2.810282e-10
740000,472,48,0,-1.2601915e-12,6.1632366e-11,1.4557723e-11,4.268246e-14,3.5590115e-14,3.6394285e-09
740000,490,108,0,-1.0751079e-12,5.811783e-11,4.897564e-11,1.2265288e-12,1.0644952e-13,3.2194893e-09
740000,360,3,0,-6.1026596e-13,2.750611e-11,8.0833375e-11,9.027906e-12,3.3046224e-12,3.441953e-09
740000,241,29,0,-6.417154e-13,5.4171483e-11,1.7364008e-11,2.0792717e-13,3.5377877e-12,1.779427e-10
740000,2,427,0,-1.0909841e-12,8.1159524e-11,5.5982107e-13,1.816033e-18,1.7129207e-12,3.357316e-09
740000,290,95,0,2.1893605e-11,2.3439823e-11,1.7508111e-13,3.3623837e-19,1.6411622e-17,3.0117961e-09
740000,465,454,0,-1.2354003e-12,3.3878095e-11,8.4937135e-12,2.927965e-14,1.917069e-13,3.3300198e-09
740000,287,7,0,-4.4651194e-13,2.1691177e-11,3.642693e-11,2.2546282e-13,3.667319e-15,3.228515e-09
740000,364,129,0,-3.0220103e-13,2.893438e-11,2.8529387e-18,2.2792585e-30,2.2182364e-13,3.0757425e-09
740000,212,109,0,-4.4367526e-13,5.7593383e-12,2.5385574e-17,7.2464264e-29,3.6865917e-26,3.0432994e-09
740000,127,186,0,-8.9615185e-14,4.3522876e-12,7.342857e-12,1.0086981e-14,4.4703663e-17,1.22347e-10
740000,3,316,0,-7.435146e-13,3.4571592e-11,7.4917746e-12,5.504896e-15,1.6170462e-14,4.9029947e-11
740000,485,3,0,-1.1496674e-12,5.6159875e-11,1.1788387e-10,2.5404175e-11,1.7340384e-11,3.3130705e-09
740000,439,51,0,-8.5062827e-13,3.3822493e-11,6.208002e-11,5.5271755e-12,3.0861083e-10,3.4363843e-09
740000,338,409,0,1.5905581e-12,1.3432647e-11,5.8436977e-18,5.3478415e-31,8.1378757e-17,3.1589298e-09
740000,186,442,0,-6.9286634e-13,3.031321e-11,1.3209731e-11,1.9794335e-14,7.573044e-17,6.98324e-11
740000,369,496,0,-5.558038e-13,1.440965e-11,6.5829465e-13,5.558012e-18,7.773172e-19,3.8043595e-09
740000,497,360,0,-7.9185335e-13,4.1091616e-11,8.4426937e-13,5.5237463e-18,5.4362324e-11,3.0176843e-09
740000,261,15,0,-4.6256017e-13,6.7667803e-12,1.7633644e-12,3.77767e-17,7.834093e-21,3.1618816e-09
740000,91,498,0,-9.868731e-13,4.9207034e-11,5.4023553e-11,1.0784296e-11,7.12767e-12,3.1883953e-09
740000,278,21,0,-5.2632134e-13,2.583692e-11,3.1030337e-16,1.0469574e-26,6.5999674e-16,3.2317837e-09
740000,36,388,0,-8.8886873e-13,5.3669576e-11,5.6559504e-13,3.4293918e-18,4.094961e-15,3.2761571e-09
740000,91,427,0,-1.015385e-12,8.157233e-11,7.52326e-12,4.181846e-15,1.3702676e-11,3.0865304e-09
740000,35,237,0,-1.4319169e-13,4.706841e-13,1.125463e-11,1.4953333e-14,5.682435e-17,3.1336915e-09
740000,44,233,0,-1.1237328e-13,4.839567e-13,2.825551e-11,2.1237545e-12,4.670694e-13,1.369357e-10
740000,77,47,0,-8.142352e-13,5.152918e-11,6.600054e-11,4.2352642e-11,8.9510156e-11,3.1780032e-09
740000,29,190,0,-5.220006e-13,2.6962975e-11,5.8152184e-11,1.0444963e-11,5.410241e-12,3.2196104e-09
740000,417,21,0,-6.725844e-13,2.24277e-11,3.29492e-11,1.491374e-12,3.2744824e-10,3.3213654e-09
740000,15,125,0,-8.299427e-13,3.4369462e-11,3.755786e-16,2.3628122e-26,3.2288272e-10,3.1695553e-09
740000,354,69,0,-6.9951694e-13,3.1589592e-11,1.8153072e-17,4.369639e-29,3.1313441e-12,3.0090563e-09
740000,497,45,0,-1.6750269e-12,1.2388159e-10,9.365351e-13,5.1615147e-17,4.0162743e-10,3.6669978e-10
740000,406,6,0,-6.3468393e-13,3.3667964e-11,1.0049414e-14,3.223386e-22,2.9574962e-13,3.2040923e-09
740000,251,469,0,-3.4153014e-13,5.0292834e-12,1.8572938e-13,3.246648e-20,1.9576814e-24,3.1392973e-09
740000,417,206,0,9.407597e-11,1.7709785e-11,1.0908592e-13,4.459269e-20,1.1072614e-18,3.0178808e-09
740000,137,489,0,-6.9399743e-13,1.9574904e-11,9.415272e-13,2.0303022e-17,5.242793e-16,3.0517133e-09
740000,487,227,0,-1.0061539e-13,7.7285634e-12,2.4660948e-12,1.3614076e-16,4.0298084e-20,3.1730927e-09
740000,474,72,0,-1.3452542e-12,6.3621754e-11,4.1240674e-11,1.0710315e-11,7.68528e-12,3.4385963e-09
740000,88,295,0,-1.6983867e-13,5.8827778e-12,5.017983e-13,3.2676823e-18,1.4478464e-20,3.0255896e-09
740000,404,336,0,-3.018951e-13,1.5186723e-11,2.6781053e-17,4.5410864e-29,1.728374e-18,3.0365312e-09
740000,366,337,0,-4.471266e-13,2.2457937e-11,2.0841647e-12,1.273579e-16,7.021001e-18,3.0012364e-09
740000,465,402,0,-1.2081738e-12,6.560688e-11,6.578787e-13,3.5484286e-18,5.831745e-14,3.528929e-09
740000,55,151,0,-8.1497054e-13,2.8443038e-11,7.9258526e-14,3.7112557e-21,1.501841e-15,3.394943e-09
740000,304,113,0,-1.0706619e-13,6.6644975e-13,2.4805727e-10,5.5657687e-11,4.31017e-11,3.0630383e-09
740000,479,131,0,-9.035723e-13,2.617205e-11,8.467198e-12,6.0695124e-15,1.1080673e-15,3.3078744e-09
740000,58,2,0,-8.3594595e-13,5.7824658e-11,6.5178163e-13,7.8353434e-18,2.0568288e-11,3.2753313e-09
740000,9,270,0,-5.5471654e-13,3.458601e-11,3.1915082e-13,4.1074774e-18,3.0625798e-15,3.0943514e-09
740000,307,132,0,-4.1981644e-13,2.99442e-11,1.8048136e-18,6.4469517e-31,1.461829e-17,3.0634797e-09
740000,454,423,0,-1.2281521e-12,4.9551425e-11,4.13048e-13,6.913053e-19,2.7277553e-11,3.314344e-09
740000,349,488,0,-3.1546852e-13,1.0091353e-11,1.1977291e-11,2.7532938e-14,6.9526555e-16,3.356081e-09
740000,77,471,0,-1.5165742e-12,7.605583e-11,2.0120376e-13,8.79537e-19,2.0029692e-12,3.5402767e-09
740000,154,418,0,-2.2565982e-13,1.309939e-11,1.7377913e-11,2.0034204e-13,9.862409e-15,3.131042e-09
740000,31,452,0,-1.7246843e-12,1.07224084e-10,2.278475e-13,7.668299e-20,1.5966561e-11,3.1691607e-09
740000,182,29,0,-7.610823e-13,3.8147513e-11,4.645941e-12,9.35003e-16,3.830329e-11,3.141204e-09
740000,419,467,0,-8.464567e-13,4.0871743e-11,4.5168006e-12,2.8376393e-16,2.5928207e-11,3.4235035e-09
740000,43,410,0,-8.7945677e-13,4.2681737e-11,2.7472697e-14,7.715909e-21,1.41457975e-14,3.0606766e-09
740000,483,357,0,-1.3621798e-12,2.8894664e-11,6.163958e-12,2.9859142e-15,1.0166383e-15,3.1303438e-09
740000,272,18,0,-4.45571e-13,4.718532e-12,7.8363465e-15,4.8897792e-23,4.937185e-22,3.2028458e-09
740000,435,30,0,-8.7911677e-13,4.841578e-11,8.8836286e-11,2.0904499e-11,1.4766579e-11,3.5004266e-09
740000,462,158,0,3.5352014e-13,4.602419e-11,1.920907e-13,2.1912244e-19,4.6829624e-12,3.275726e-09
740000,448,450,0,-1.4960725e-12,1.3624837e-10,9.229791e-12,3.0601796e-14,1.9085087e-12,3.4916647e-09
740000,20,457,0,-1.6737087e-12,8.653948e-11,1.1784705e-10,2.0748766e-11,1.5262628e-11,3.3432972e-09
740000,16,286,0,-2.9115184e-13,1.8210702e-12,2.0516494e-10,7.327036e-11,7.9335115e-11,3.2692364e-09
740000,57,394,0,2.5405641e-12,2.0460304e-11,1.5643738e-11,1.4412466e-13,2.753429e-15,3.11318e-09
740000,59,327,0,-4.602128e-13,1.0753891e-11,8.491165e-12,2.768286e-15,3.4251607e-18,3.2491856e-09
740000,35,172,0,-6.262795e-13,5.074897e-11,1.6788711e-11,3.0148185e-13,2.4567168e-10,3.275629e-09
740000,258,392,0,1.7921017e-10,7.2028846e-12,3.4228406e-16,6.274845e-27,7.160581e-22,3.0245715e-09
740000,329,35,0,-8.6053343e-13,7.329947e-11,5.9130706e-13,1.680104e-18,8.224119e-15,3.1047138e-09
740000,464,87,0,-1.4064234e-12,9.505101e-11,4.7181554e-11,1.59168e-12,3.5655954e-11,3.244893e-09
740000,200,115,0,-3.2790266e-13,1.5511106e-11,2.560231e-11,1.0925301e-12,8.0929987e-14,3.0727363e-09
740000,465,291,0,-5.265724e-13,1.5209358e-11,9.634141e-13,8.743421e-18,3.2799766e-20,3.2224026e-09
740000,111,89,0,-5.415488e-13,3.7305308e-11,5.906752e-12,3.4403094e-15,3.5268264e-11,3.3712273e-09
740000,183,75,0,-3.8693313e-13,4.3244336e-12,1.9521252e-20,2.6104938e-36,5.2673978e-23,3.0635163e-09
740000,442,200,0,6.360893e-11,5.1888317e-11,4.7095036e-12,3.3189442e-15,1.2148273e-13,3.091099e-09
740000,414,462,0,-8.4229986e-13,4.6522293e-11,1.3876902e-10,1.7327978e-11,2.8585026e-10,3.2260887e-09
740000,153,469,0,-5.5040683e-13,2.46149e-11,3.4622878e-09,7.191878e-10,1.1532664e-09,5.6326076e-11
740000,103,8,0,-1.4431642e-12,1.0623215e-10,2.4905433e-13,7.3628887e-19,6.5637656e-10,3.2607228e-09
740000,260,18,0,-4.756798e-13,5.3345943e-12,1.7694448e-12,4.025342e-17,4.565437e-21,3.1692777e-09
740000,438,435,0,-1.4395517e-12,8.962922e-11,1.7217157e-11,2.4653557e-13,1.1687552e-12,7.121835e-10
740000,135,59,0,-8.2253757e-13,4.751085e-11,1.6115283e-11,9.7871696e-14,4.3515004e-11,2.7341282e-10
740000,79,380,0,3.877996e-10,7.105453e-11,4.2701538e-16,3.37353e-26,4.03359e-11,3.2357605e-10
740000,158,411,0,-1.1234488e-11,2.275522e-09,1.3302651e-13,8.110193e-20,4.1188084e-09,7.294171e-11
740000,395,411,0,4.3849313e-11,2.2905267e-09,4.2998573e-11,5.0700525e-12,4.121247e-09,6.20542e-11
740000,234,195,0,-5.1268648e-14,2.419999e-13,1.4664859e-24,2.124e-42,3.281763e-32,1.6634756e-11
740000,489,112,0,-1.0686486e-12,7.3169665e-11,6.9087666e-11,5.396046e-12,1.1698124e-12,1.7756706e-10
740000,484,355,0,-1.1658762e-11,2.2885656e-09,1.40707125e-11,3.635961e-14,4.1188106e-09,8.2888515e-11
740000,383,437,0,6.351593e-11,7.698708e-12,1.233191e-13,7.1777506e-20,1.1085625e-19,4.6197556e-11
740000,418,131,0,8.959682e-12,5.3928053e-11,4.1355242e-11,1.0692068e-11,7.836096e-12,1.0359e-10
740000,307,402,0,-1.55143e-13,3.1315241e-12,1.3592767e-12,2.708319e-17,1.3616966e-21,1.3721274e-10
740000,360,265,0,-1.6082769e-13,4.832994e-13,1.796837e-39,0.0,8.4513464e-35,2.4502825e-11
740000,212,335,0,-4.1934511e-13,7.547687e-11,7.46152e-23,2.877e-41,1.624298e-11,6.8692396e-12
740000,245,66,0,-1.9736139e-13,1.6456702e-11,1.4733456e-11,9.901887e-15,2.9610915e-17,1.2144441e-10
740000,400,358,0,-3.179289e-13,3.909606e-11,2.8049996e-17,2.3952882e-26,4.814474e-12,8.020511e-11
740000,450,53,0,-9.343889e-13,3.9127854e-11,3.7085404e-12,1.3834129e-15,1.9937482e-13,5.4121335e-10
740000,39,381,0,-6.6386317e-13,4.3955724e-11,8.998961e-15,8.630576e-23,1.5260064e-15,1.8570365e-10
740000,224,289,0,-1.1008597e-13,1.1537246e-13,9.906562e-39,0.0,6.8008634e-30,1.3539731e-13
740000,323,129,0,-4.3288905e-13,2.2520407e-11,4.929588e-11,1.9447291e-11,1.4947068e-11,2.518018e-11
740000,392,152,0,-6.107235e-13,4.865272e-11,4.3095003e-16,2.1679037e-25,8.799329e-14,1.6460351e-10
740000,106,350,0,1.7464296e-12,5.3298e-11,1.0239156e-15,6.918634e-25,1.3899816e-13,3.3751887e-11
740000,454,293,0,-4.7178814e-13,2.2060586e-11,3.9958512e-15,4.662515e-24,1.7734326e-12,1.9850857e-10
740000,450,288,0,-4.751353e-13,1.8763893e-11,1.6534103e-12,3.036486e-16,5.604239e-16,9.332179e-11
740000,389,123,0,1.086457e-11,7.0032166e-12,1.4355248e-12,6.0804015e-17,1.7521926e-20,1.7746406e-10
740000,65,135,0,-9.105519e-13,6.1673056e-11,2.0339782e-11,3.1906108e-13,2.0637253e-13,3.1400633e-09
740000,65,111,0,-7.037546e-13,1.9790218e-11,8.1241944e-11,6.1464154e-12,1.0564271e-12,3.17607e-09
740000,30,470,0,-1.5788456e-12,7.93094e-11,6.3140834e-12,1.1463666e-15,8.692294e-12,2.0020961e-10
740000,341,426,0,6.9311706e-13,1.26292275e-11,1.1231506e-19,4.9208907e-34,1.6160542e-14,1.2763052e-10
740000,125,125,0,6.361144e-11,1.9257874e-12,4.15674e-18,8.125466e-28,2.0978489e-25,1.589419e-11
740000,26,276,0,-2.747075e-13,3.089617e-12,2.0367227e-17,2.3467305e-28,1.401432e-23,1.0045271e-10
740000,483,58,0,-1.3940574e-12,3.8512478e-11,2.4970625e-11,1.3071732e-13,1.7770035e-12,2.8425573e-10
740000,380,9,0,-6.549411e-13,3.543491e-11,3.841031e-14,8.941323e-21,3.78394e-12,9.022779e-11
740000,241,12,0,-6.4609743e-13,5.3949768e-11,2.6786377e-12,1.8896614e-16,2.67909e-11,7.4125855e-10
740000,92,114,0,-5.487401e-13,4.3566328e-11,3.495559e-09,7.19453e-10,1.1552391e-09,2.0983024e-10
740000,92,237,0,-2.7049627e-13,5.6832035e-12,7.2251365e-16,4.200978e-25,1.20033536e-20,3.1416783e-09
740000,213,451,0,-4.4341012e-13,1.06454125e-11,4.5868206e-14,2.5341338e-21,6.8786063e-17,1.4854919e-10
740000,254,449,0,-3.3123428e-13,2.0374917e-11,7.520727e-12,1.14378865e-14,1.9265596e-11,1.466869e-10
740000,306,79,0,3.2493157e-11,5.3930065e-11,4.4023467e-19,4.20654e-31,1.8420149e-11,4.6118928e-11
740000,11,11,0,-8.119418e-13,7.1196146e-11,3.5324799e-12,3.6628894e-16,3.76597e-12,3.6669973e-10
740000,370,290,0,-1.6931565e-13,7.759966e-12,1.5952794e-37,0.0,4.8588294e-19,3.527393e-11
740000,39,19,0,-1.1876992e-12,2.564069e-11,3.5676608e-11,1.3893618e-12,1.0568974e-13,3.3207865e-09
740000,285,474,0,-4.4645502e-13,2.5908912e-11,3.470512e-13,2.5412469e-17,7.112181e-18,1.4492091e-10
740000,67,443,0,-1.2236035e-12,4.6344272e-11,3.2011533e-12,1.1856047e-16,4.101211e-14,3.355845e-09
740000,281,453,0,-3.4295635e-13,2.9331145e-11,3.8112933e-12,2.9401945e-15,2.829562e-10,2.5237562e-10
740000,102,41,0,-9.822296e-13,7.835056e-11,4.5415714e-13,1.866856e-18,3.6688746e-11,1.2806238e-10
740000,491,494,0,-2.1997176e-13,2.2440218e-11,7.843292e-12,1.526601e-14,3.1644308e-15,1.1844656e-10
740000,415,50,0,-7.7959915e-13,3.70404e-11,2.2435085e-11,5.121476e-14,2.4250185e-12,3.0909368e-09
740000,19,442,0,-1.2768155e-12,1.3685307e-10,8.251398e-12,5.25133e-15,1.4759785e-10,3.345873e-09
740000,183,31,0,-7.073693e-13,3.852025e-11,1.7943634e-12,7.391327e-17,2.5364862e-12,2.986235e-10
740000,208,69,0,-6.414868e-13,2.9752225e-11,8.607311e-12,2.7456991e-14,2.6092166e-15,9.9225406e-11
740000,141,431,0,-2.0625273e-13,1.4181394e-12,1.774428e-13,1.901502e-19,1.8856328e-24,1.3653446e-10
740000,463,6,0,-1.1803382e-12,4.9049126e-11,2.1626305e-12,8.1611115e-17,1.6936742e-14,3.4599076e-10
740000,215,402,0,2.9917178e-12,1.7363293e-11,3.794027e-12,2.6116893e-15,2.4247154e-12,3.1421332e-09
740000,268,429,0,3.270755e-13,4.58118e-13,3.4628562e-09,7.191878e-10,1.1532664e-09,1.9689046e-10
740000,50,444,0,-1.3715098e-12,1.1489522e-10,1.3620869e-14,7.6057336e-23,7.179524e-11,3.013139e-10
740000,450,484,0,-9.039983e-13,6.421157e-11,2.75789e-12,1.1258521e-16,2.442048e-12,1.78768e-10
740000,71,6,0,-1.1292412e-12,4.4170525e-11,3.0604135e-12,6.5889973e-16,4.4903625e-12,1.3505433e-10
740000,100,6,0,-1.4910242e-12,1.07582124e-10,1.2828389e-13,6.7426393e-20,4.904377e-12,2.0275928e-10
740000,4,396,0,-8.7849205e-13,5.0757083e-11,6.4667084e-11,4.215906e-12,6.581592e-13,2.6947627e-10
740000,37,324,0,-4.848165e-13,1.8619509e-11,3.4744148e-09,7.192244e-10,1.1570506e-09,2.6235888e-10
740000,474,178,0,-2.4080897e-13,1.9536452e-11,4.9451953e-11,1.5028892e-12,8.705001e-14,1.6969944e-10
740000,446,348,0,-5.455007e-13,1.9988998e-11,2.802019e-12,6.8770907e-16,9.134255e-19,7.882329e-11
740000,498,47,0,-1.6774356e-12,1.2826744e-10,3.2230447e-14,1.6879944e-20,1.5067107e-11,3.3278585e-10
740000,325,29,0,-8.863922e-13,8.4962815e-11,4.738763e-15,1.3842705e-22,1.8334383e-12,3.460802e-10
740000,5,271,0,-5.510519e-13,2.4190833e-11,2.2298571e-12,5.620782e-17,1.9049244e-16,1.1482265e-10
740000,107,24,0,-1.261699e-12,6.2733124e-11,1.1235417e-12,6.730098e-17,3.071858e-14,3.037369e-09
740000,103,14,0,-1.389136e-12,8.3804796e-11,1.7373296e-13,6.3813107e-19,4.1275505e-15,1.6854192e-10
740000,483,319,0,-6.944459e-13,5.7386006e-11,3.1689188e-13,1.9426099e-19,1.6214442e-12,1.9759401e-10
740000,153,463,0,-5.084514e-13,3.7649266e-11,2.527566e-13,1.0570508e-17,2.3398368e-11,3.565275e-11
740000,45,218,0,-3.0383313e-13,1.3192617e-11,5.159224e-11,1.9577026e-11,1.439043e-11,2.5713112e-10
740000,462,480,0,-1.0609752e-12,5.615073e-11,8.107797e-12,1.4532005e-15,3.09456e-10,1.8836725e-10
740000,439,496,0,-6.091795e-13,1.44001495e-11,6.998489e-11,1.9234232e-12,2.98597e-13,3.6443182e-10
740000,43,126,0,-1.0075509e-12,6.6979707e-11,9.477321e-12,2.290697e-14,2.0429356e-09,2.5572422e-10
740000,2,33,0,-2.7920027e-13,1.9331236e-11,2.0699344e-13,5.516346e-18,1.2740826e-11,3.1499447e-09
740000,492,418,0,-1.0072275e-12,4.251164e-11,9.308701e-12,4.75018e-15,2.235135e-11,3.2354557e-09
740000,499,288,0,-5.712967e-13,3.085516e-11,3.3082489e-13,2.4482892e-19,3.557049e-12,3.463582e-09
740000,137,12,0,-7.8047806e-13,2.5776497e-11,1.6756652e-16,1.3328496e-25,4.6377255e-12,1.6130364e-10
740000,191,95,0,-3.9043142e-13,2.9548253e-11,1.1599647e-15,3.472495e-25,1.621406e-12,1.5424514e-10
740000,488,134,0,-9.105806e-13,4.755152e-11,2.0624884e-11,7.274919e-14,4.7400844e-11,3.0557443e-10
740000,40,139,0,-1.0410711e-12,7.757013e-11,4.680581e-11,1.3940488e-12,4.5476617e-12,3.1025176e-09
740000,483,194,0,-3.9348836e-13,2.0161112e-11,1.6852233e-13,2.979183e-19,2.1104314e-13,1.7831142e-10
740000,212,404,0,1.2887899e-12,1.1334176e-11,2.713218e-12,2.5769543e-16,2.485886e-16,8.5867397e-11
740000,85,494,0,-1.0704142e-12,5.2861573e-11,2.8239865e-12,4.5161457e-16,1.6165085e-12,2.4619753e-10
740000,472,456,0,-1.2364489e-12,5.151696e-11,7.171379e-13,6.3232817e-18,1.2225084e-15,2.8529074e-10
740000,293,480,0,-4.0570254e-13,3.7297263e-11,4.5472605e-14,8.86852e-20,3.3208072e-10,3.1677085e-09
740000,96,481,0,-1.0886517e-12,4.715611e-11,5.5138196e-14,5.877176e-21,4.8306472e-14,2.0648414e-10
740000,453,57,0,-9.724027e-13,2.5203624e-11,3.334967e-11,8.96203e-14,7.455227e-16,3.2515146e-09
740000,209,8,0,-1.0255422e-12,4.291137e-11,4.0483124e-11,1.0691994e-11,2.0507473e-09,3.1537344e-09
740000,28,176,0,-5.546498e-13,1.9002907e-11,5.5421552e-14,2.7208844e-21,2.8862618e-12,1.4747592e-10
740000,470,222,0,1.2931663e-11,1.2994742e-11,1.5195755e-12,6.678412e-17,2.0752146e-16,2.452992e-10
740000,246,496,0,-4.206443e-13,6.0778518e-12,6.124395e-17,1.5082184e-28,4.310977e-21,1.780482e-10
740000,486,7,0,-1.1417504e-12,4.7032593e-11,1.01176914e-10,1.2675839e-11,6.809815e-12,2.447777e-10
740000,362,23,0,-8.1341764e-13,3.3485863e-11,8.122089e-11,4.897484e-11,1.2083984e-10,1.6641008e-10
740000,3,474,0,-2.307206e-12,1.3925455e-10,5.691445e-12,2.544995e-15,4.0834168e-14,3.7291965e-09
740000,115,11,0,-1.15372e-12,3.4457888e-11,5.378148e-14,1.7420422e-21,1.9545721e-15,5.0726273e-10
740000,13,438,0,-1.2069058e-12,6.542935e-11,4.324146e-11,1.8274423e-12,1.1771266e-12,3.1470182e-10
740000,33,156,0,-8.187883e-13,4.3572947e-11,1.40667695e-11,7.05559e-15,3.007646e-12,1.790434e-10
740000,466,26,0,-1.2646607e-12,6.6241186e-11,9.171087e-13,4.849051e-18,4.0331013e-11,4.194957e-10
740000,361,47,0,-9.911873e-13,6.285619e-11,4.093311e-11,5.253257e-12,1.1394764e-12,1.6076969e-10
740000,386,34,0,-8.353538e-13,2.5337378e-11,1.6792521e-12,1.0637349e-16,4.309286e-18,1.284072e-10
740000,494,403,0,-8.9079135e-13,3.647135e-11,7.161491e-12,9.8228336e-15,1.5327102e-12,2.2996376e-09
740000,315,38,0,-6.198303e-13,1.7108655e-11,1.3231541e-13,4.334646e-20,1.7844886e-19,1.6870784e-10
740000,2,363,0,-1.0511698e-12,7.057268e-11,4.1242916e-12,2.0515415e-15,2.5928946e-11,9.289497e-11
740000,33,492,0,-1.7620662e-12,7.4724275e-11,2.9642e-11,9.247697e-13,4.262466e-12,2.192318e-10
740000,194,462,0,-7.850172e-13,8.6209845e-11,2.232272e-12,4.011479e-16,6.012028e-11,2.6013605e-10
740000,12,256,0,-6.3088656e-13,6.6283305e-11,7.591684e-11,4.1931133e-12,7.8990365e-12,3.0688325e-09
740000,49,286,0,-1.9262146e-13,2.439131e-12,1.3984435e-11,6.1821926e-14,3.911775e-16,1.8759763e-10
740000,19,218,0,-4.4679448e-13,3.1811182e-11,4.892893e-11,1.0723858e-11,3.28378e-11,2.173261e-09
740000,44,215,0,-3.7055032e-13,1.900812e-11,3.3940916e-11,1.4573874e-12,1.3633493e-13,2.457939e-10
740000,13,424,0,-9.256067e-13,5.2256557e-11,3.0819604e-11,1.524827e-12,1.0848538e-13,4.5493387e-10
740000,1,190,0,-7.128893e-13,7.4541553e-11,1.0994407e-11,4.467878e-15,3.024121e-10,3.2189802e-09
