mcsteps,xCOM,yCOM,zCOM,il8,il1,il6,il10,tnf,tgf
290000,84,376,0,1.8677864e-09,2.2412712e-11,1.4139386e-18,7.2769254e-30,2.8496463e-20,3.419732e-11
290000,432,181,0,1.867951e-09,4.4256956e-11,8.947967e-14,5.397082e-19,3.6162097e-16,1.817416e-11
290000,409,105,0,1.8681665e-09,8.706561e-11,2.112073e-24,2.4083498e-37,1.4086085e-10,3.596391e-13
290000,247,394,0,1.868739e-09,6.5764363e-16,3.9451258e-17,2.0540248e-26,1.9300855e-33,1.0050112e-11
290000,132,141,0,1.868238e-09,7.708297e-12,0.0,0.0,2.580458e-20,1.4716329e-11
290000,286,72,0,1.8681328e-09,4.779556e-11,1.6358059e-16,2.9355661e-25,5.868196e-17,4.3118445e-10
290000,365,385,0,1.8685034e-09,1.3288406e-12,4.232932e-16,1.5391877e-22,1.9745993e-24,4.19767e-14
290000,379,420,0,1.8683026e-09,2.6078898e-11,8.4359034e-16,7.468723e-24,3.342693e-17,2.8525536e-11
290000,426,219,0,1.8755966e-09,1.122931e-13,5.9982016e-15,4.018465e-22,2.619099e-27,3.317786e-11
290000,444,225,0,1.8753366e-09,7.225989e-12,9.823389e-14,1.3107679e-18,1.321293e-21,1.1239384e-11
290000,79,182,0,-1.4931898e-13,5.063364e-12,2.1796227e-20,1.4040863e-31,8.059648e-22,9.6401276e-11
290000,19,80,0,-1.0466686e-12,4.847405e-11,1.7049114e-16,9.06607e-24,3.358344e-14,1.6197546e-10
290000,398,357,0,-1.140484e-11,2.3069255e-09,2.4973538e-24,5.44071e-39,4.1188093e-09,1.3196837e-12
290000,464,180,0,-9.485812e-13,4.271697e-11,1.1583051e-12,7.924329e-17,7.326572e-17,1.2327081e-10
290000,286,408,0,5.791357e-16,7.611355e-24,1.7259561e-18,8.5391075e-29,1.878384e-36,1.3297535e-10
290000,454,494,0,-4.3835253e-13,3.9804847e-11,1.7175322e-11,1.6919287e-14,1.4835882e-14,9.218892e-11
290000,189,435,0,-6.148177e-13,1.8713893e-11,2.221322e-19,1.0697452e-27,1.8086608e-19,1.5738294e-10
290000,438,153,0,-1.14276305e-11,2.274698e-09,8.713103e-13,2.1328733e-17,4.1188084e-09,2.9761093e-11
290000,156,362,0,-2.1022103e-13,1.7982829e-13,3.6424002e-14,1.3882294e-19,1.9624201e-23,1.5686576e-16
290000,104,363,0,-1.02522955e-11,2.4016527e-09,3.560076e-22,2.0908781e-35,4.120779e-09,8.314825e-20
290000,30,12,0,-1.2143728e-11,2.3082536e-09,2.1998878e-11,5.700987e-14,4.11881e-09,6.710141e-10
290000,18,266,0,-7.622481e-13,4.767693e-11,5.2895443e-23,4.1643017e-36,5.9768e-15,3.36897e-11
290000,237,207,0,-1.1019121e-11,2.2719089e-09,7.10287e-40,0.0,4.1188084e-09,7.124123e-32
290000,395,455,0,-1.1563171e-11,2.2773763e-09,5.533668e-17,6.9452855e-26,4.1188084e-09,5.3900972e-14
290000,105,445,0,-8.4579967e-13,1.6953727e-11,1.9975556e-10,5.829268e-11,5.1485868e-11,2.2923091e-12
290000,450,397,0,-1.1924239e-11,2.3086912e-09,3.1601624e-15,1.6338324e-21,4.1188084e-09,2.2043936e-12
290000,51,472,0,-1.7677392e-12,1.1192047e-10,4.3209404e-15,9.657217e-21,2.4659382e-13,6.142962e-11
290000,177,54,0,-1.14612625e-11,2.292501e-09,6.5981707e-16,5.553006e-23,4.1188084e-09,3.796759e-13
290000,467,81,0,-1.2850369e-11,2.358127e-09,4.9434866e-12,2.350302e-15,4.1188177e-09,1.0663411e-11
290000,2,22,0,-1.1395858e-11,2.2743294e-09,1.687777e-12,6.9684395e-17,4.1188084e-09,2.65235e-11
290000,414,214,0,3.0216718e-11,2.2722504e-09,9.959683e-23,3.0485206e-34,4.1188084e-09,2.363085e-15
290000,388,492,0,-9.973756e-13,2.5615407e-11,4.975919e-12,3.9758587e-15,7.465215e-17,6.2139224e-11
290000,29,31,0,-1.2829489e-11,2.4549367e-09,8.688718e-14,1.2913162e-19,4.294224e-09,4.0980264e-11
290000,326,31,0,-1.226009e-11,2.28343e-09,5.4964507e-17,3.5080467e-25,4.1188084e-09,1.2374028e-10
290000,438,141,0,-1.3415866e-12,4.3176282e-11,3.672357e-14,1.3883187e-19,1.1005706e-16,1.3878448e-11
290000,21,386,0,-1.1775687e-11,2.2825832e-09,2.8982183e-09,6.8983363e-10,5.258855e-09,9.609216e-11
290000,325,53,0,-5.9042175e-13,2.1146309e-11,3.1207507e-13,2.4087264e-18,6.094724e-18,6.346317e-12
290000,202,1,0,-1.3485524e-11,2.3546083e-09,3.060175e-12,9.535904e-16,4.1188315e-09,9.0225605e-12
290000,311,117,0,-2.0252142e-13,1.1614056e-13,1.6945977e-24,7.271e-41,1.0299887e-28,5.8606725e-14
290000,108,92,0,-6.87553e-13,2.5063422e-11,6.123468e-11,5.5404157e-13,3.3497016e-14,2.2877887e-10
290000,31,374,0,-1.2279785e-12,1.10915e-10,1.9726744e-13,8.790958e-19,2.2046874e-15,1.0061293e-12
290000,362,97,0,-6.8434834e-14,1.3959701e-14,5.709002e-26,2.0379e-41,2.5862506e-36,9.5427465e-11
290000,48,396,0,-2.928885e-13,2.3983297e-13,2.3502483e-14,7.325855e-20,9.472295e-24,2.840606e-11
290000,429,393,0,-1.1826048e-11,2.2925768e-09,8.740712e-13,2.1328776e-17,4.1188084e-09,2.6312195e-11
290000,120,91,0,-1.1460871e-11,2.335208e-09,1.5180418e-15,4.8151467e-23,4.1218686e-09,3.4906503e-12
290000,127,259,0,-6.019209e-15,1.2203734e-18,1.7835667e-19,2.4299178e-29,1.619747e-36,4.291779e-21
290000,68,490,0,-1.2210247e-12,2.1489956e-11,4.8780263e-18,1.2784954e-27,2.8372262e-17,5.3572615e-12
290000,442,338,0,-6.362732e-13,3.9204757e-11,2.1677278e-20,7.7381164e-30,8.8719734e-16,7.455466e-12
290000,111,31,0,-1.2031189e-11,2.3440647e-09,4.302684e-13,8.164301e-17,4.118814e-09,2.5913575e-12
290000,113,23,0,-1.2066679e-11,2.3812219e-09,6.391445e-20,1.4837764e-30,4.1188346e-09,1.0605182e-14
290000,457,437,0,-1.24134834e-11,2.2979554e-09,1.14077055e-11,3.4515048e-14,4.1188097e-09,1.7966796e-11
290000,253,120,0,-1.1136022e-11,2.2721582e-09,6.4977724e-30,0.0,4.1188084e-09,1.0371768e-10
290000,265,419,0,6.8555994e-14,4.883852e-16,5.1702397e-19,1.976608e-29,4.069081e-37,2.4658403e-13
290000,107,110,0,-1.11445185e-11,2.2719857e-09,1.13412316e-23,2.3657453e-36,4.1188084e-09,2.2792483e-13
290000,71,178,0,-1.109618e-11,2.2719115e-09,5.685384e-19,1.3444877e-27,4.1188084e-09,5.120425e-11
290000,118,476,0,-1.3225624e-12,5.518277e-11,7.1136375e-13,7.987351e-17,1.8260948e-15,1.5384577e-13
290000,374,38,0,-1.2137274e-11,2.3395348e-09,8.884412e-12,4.677905e-15,4.1188106e-09,2.3992062e-11
290000,377,142,0,-2.2085838e-13,1.7821071e-11,3.049497e-34,0.0,1.6838112e-16,7.625324e-15
290000,210,440,0,-1.1363687e-11,2.3066271e-09,3.6632346e-11,1.4977733e-13,4.118959e-09,2.1716201e-13
290000,221,102,0,-1.1296601e-11,2.291467e-09,1.1514834e-29,0.0,4.1188084e-09,2.2455779e-12
290000,109,10,0,-1.0789927e-12,2.6308013e-11,2.1882514e-21,1.8878143e-34,8.236128e-18,3.300496e-11
290000,483,299,0,-1.17088865e-11,2.36486e-09,2.3090396e-16,8.8337575e-24,4.1195425e-09,3.253977e-11
290000,313,82,0,-8.399194e-14,2.8353665e-11,5.231272e-29,3e-45,1.1394572e-14,1.0084321e-11
290000,144,39,0,-1.1510247e-11,2.2883044e-09,8.2730334e-13,1.3455676e-16,4.1188084e-09,5.5364543e-11
290000,419,167,0,-4.962968e-12,2.3433042e-09,2.2277369e-17,3.8434716e-25,4.126922e-09,1.5418512e-11
290000,409,270,0,-3.0096506e-13,2.688441e-13,2.935593e-22,1.7112424e-35,6.888293e-30,6.107423e-16
290000,161,472,0,-5.8100465e-13,2.1894625e-11,2.285524e-14,2.2406072e-20,6.654845e-17,1.4933863e-11
290000,11,342,0,-1.1890385e-11,2.3203148e-09,2.196346e-12,9.875044e-16,4.1188093e-09,5.862069e-11
290000,295,26,0,-1.1604392e-11,2.279089e-09,6.436972e-19,2.3955307e-30,4.1188084e-09,1.6232549e-12
290000,313,67,0,-1.1367301e-11,2.2779123e-09,4.562193e-14,1.124198e-19,4.1188084e-09,1.8066348e-10
290000,366,61,0,-1.217048e-11,2.4596913e-09,4.0550717e-20,4.134007e-31,4.3052757e-09,6.3996806e-13
290000,90,31,0,-1.1535839e-11,2.2905533e-09,8.6443914e-17,2.0560447e-24,4.1188084e-09,2.8645586e-12
290000,235,218,0,-1.4400963e-16,7.630688e-20,0.0,0.0,0.0,1.3433745e-36
290000,73,477,0,-1.6629954e-12,9.033621e-11,2.8262386e-13,1.712354e-18,1.7235517e-10,1.7240945e-10
290000,487,409,0,-1.1535749e-11,2.2758841e-09,3.255065e-13,2.9758958e-18,4.1188084e-09,4.0481063e-11
290000,76,492,0,-1.1526867e-11,2.3264346e-09,1.7491952e-18,5.1173774e-28,4.3136312e-09,2.0002547e-10
290000,490,419,0,-6.6977495e-13,1.1306318e-10,1.1681088e-11,1.5503417e-14,1.1999554e-10,7.859985e-12
290000,30,485,0,-1.2357227e-11,2.380123e-09,3.4270666e-12,8.0704913e-16,4.1232275e-09,1.9238218e-10
290000,92,111,0,-7.676738e-13,1.5818112e-10,3.2911024e-30,0.0,1.4102396e-10,2.2717604e-11
290000,221,58,0,-1.2865837e-12,5.4682966e-11,2.4297066e-17,2.3553062e-26,1.7331839e-13,2.5535966e-11
290000,127,24,0,-1.1973282e-12,9.032696e-11,1.6833437e-22,1.6813558e-34,2.7118636e-14,2.1434712e-11
290000,180,174,0,-4.700761e-13,8.270535e-12,2.0697372e-35,0.0,4.0623486e-19,3.6590145e-16
290000,484,487,0,-1.2199535e-11,2.35546e-09,5.0138306e-14,1.9547858e-20,4.1188715e-09,1.305718e-10
290000,481,424,0,-9.70253e-13,2.1143746e-11,3.267537e-13,1.2549325e-17,4.221685e-19,2.2160535e-10
290000,11,374,0,-1.2299225e-11,2.3710316e-09,3.2470645e-16,8.135185e-25,4.1192845e-09,1.6483927e-11
290000,147,90,0,-2.3188954e-13,1.9403782e-11,8.945877e-19,1.3314601e-28,1.8081375e-16,1.5081094e-17
290000,13,443,0,-1.1813201e-11,2.2934838e-09,4.456851e-11,2.3757244e-13,4.118821e-09,4.241383e-10
290000,283,423,0,-1.401519e-14,4.3381798e-17,4.8305154e-15,6.766543e-22,7.1863934e-27,3.6189735e-11
290000,50,59,0,-1.215135e-11,2.3360232e-09,1.082767e-11,6.817395e-15,4.1188115e-09,1.10876395e-11
290000,348,478,0,-5.4639415e-13,6.9426284e-11,3.4279705e-13,2.5412085e-17,4.431741e-14,1.1343705e-11
290000,484,448,0,-1.1237353e-12,1.3591606e-11,1.8765585e-18,5.120256e-28,2.2878208e-19,2.250481e-12
290000,479,188,0,-5.7911174e-13,1.846592e-11,1.3494576e-15,1.17896446e-23,6.970621e-19,5.810082e-12
290000,21,206,0,-1.1779262e-11,2.3265136e-09,9.710948e-12,7.667657e-15,4.1188133e-09,2.0910856e-12
290000,162,10,0,-5.10323e-13,4.29699e-11,1.764553e-11,3.514166e-14,3.3700377e-15,2.341396e-11
290000,196,378,0,-1.1116507e-11,2.2719397e-09,4.273917e-24,9.512898e-39,4.1188084e-09,9.599239e-14
290000,487,405,0,-1.1778171e-11,2.307941e-09,3.9036784e-15,7.010452e-23,4.118813e-09,1.6049394e-10
290000,472,47,0,-1.5211834e-12,5.2125675e-11,1.2031606e-12,3.5493827e-17,2.3525078e-16,2.4887004e-10
290000,446,401,0,-1.18813084e-11,2.334211e-09,8.7297374e-18,2.300257e-27,4.1191193e-09,1.6578949e-12
290000,443,250,0,-1.041446e-11,2.282637e-09,3.9178365e-19,3.0236926e-29,4.1188084e-09,2.4227597e-11
290000,321,29,0,-1.159795e-11,2.2826347e-09,1.8902274e-18,4.2864066e-29,4.1188084e-09,3.9921916e-12
290000,375,454,0,-6.9516344e-13,5.5894768e-11,3.6997417e-20,1.1525674e-31,4.41699e-12,6.666441e-12
290000,285,126,0,-2.0438263e-13,2.1190699e-11,4.2410285e-12,8.115897e-16,6.914204e-16,3.844584e-12
290000,485,91,0,-8.608113e-13,5.5194005e-12,2.2794586e-11,1.1717541e-13,6.4361045e-15,2.5194253e-11
290000,173,243,0,-1.6364133e-19,8.337482e-33,2.3306984e-14,1.8289111e-19,6.6862796e-23,9.943419e-12
290000,223,460,0,-5.336927e-13,8.211027e-11,3.4796325e-20,6.292139e-33,2.4503546e-13,1.0386323e-11
290000,229,92,0,-1.153198e-11,2.4387932e-09,4.8919603e-21,7.804053e-34,4.200452e-09,9.1304776e-11
290000,266,231,0,-6.0587264e-22,1.5450536e-35,0.0,0.0,0.0,2.453854e-39
290000,403,163,0,-1.189187e-11,2.3387345e-09,8.4099456e-16,9.3418865e-23,4.118815e-09,1.9157295e-12
290000,278,199,0,-7.5907705e-14,4.6940913e-14,9.0859447e-23,0.0,2.8635683e-25,1.071943e-31
290000,219,412,0,-8.449416e-14,2.9617219e-13,8.925896e-15,6.913037e-21,3.579311e-25,3.1694998e-12
290000,425,12,0,-6.550275e-13,6.356934e-12,2.299843e-11,4.378648e-14,7.667035e-16,3.1696976e-10
290000,102,369,0,5.7861086e-12,1.5335466e-11,1.7764802e-25,4.658e-42,2.1110178e-19,5.1223255e-17
290000,217,482,0,-1.7996055e-12,3.9700437e-10,1.3180508e-18,1.995765e-28,3.8477176e-11,8.62166e-13
290000,314,248,0,-1.1062057e-11,2.2719169e-09,1.2595311e-19,3.1387554e-31,4.1188084e-09,9.228915e-12
290000,382,424,0,3.0964079e-10,2.2731468e-09,4.7123606e-13,3.6242025e-18,4.1188084e-09,6.287035e-11
290000,191,354,0,-1.878453e-13,1.11144505e-11,1.1981328e-36,0.0,3.4652474e-21,2.1096487e-14
290000,365,183,0,-3.3287167e-13,5.7505503e-13,6.1546304e-32,0.0,7.917711e-24,6.199412e-11
290000,268,200,0,-4.1005543e-15,2.7753337e-17,4.4942475e-23,1.7692896e-36,1.5872771e-37,8.791927e-27
290000,337,32,0,-1.0291359e-12,1.3825478e-10,1.3818214e-17,4.2937788e-27,1.4086148e-10,3.0338642e-12
290000,402,246,0,-6.6964533e-13,8.374742e-11,1.3616053e-12,6.2945354e-17,2.6159744e-14,6.811114e-13
290000,186,357,0,-3.2978042e-13,4.4173127e-11,1.1431053e-30,0.0,5.9425967e-12,2.2477412e-16
290000,217,175,0,-3.233902e-14,7.9107975e-16,2.192e-42,0.0,1.0976127e-33,5.083574e-29
290000,477,294,0,-1.0223115e-12,1.6312506e-10,1.901184e-11,2.9151106e-14,6.8810734e-13,5.464789e-11
290000,65,111,0,-5.4813527e-13,1.1312709e-11,4.4872873e-11,5.3460133e-13,4.0979617e-14,7.935569e-11
290000,356,367,0,4.5065856e-12,6.966153e-11,1.5715997e-18,2.825575e-27,1.6023036e-10,9.42805e-15
290000,123,163,0,9.696005e-13,6.72627e-11,1.5978203e-27,1.635e-42,5.5762893e-14,1.351161e-13
290000,51,237,0,-3.3593933e-14,1.4693362e-15,1.6243272e-16,1.050022e-25,1.0204835e-32,1.9086854e-11
290000,75,332,0,-2.3721682e-12,3.054815e-10,7.107508e-15,5.657349e-21,3.3994414e-09,5.7891972e-12
290000,199,266,0,-1.9193565e-15,8.627951e-20,0.0,0.0,0.0,5.2316948e-15
290000,153,438,0,-1.9000037e-13,1.0683927e-13,7.926344e-13,1.04740336e-16,4.0759033e-19,1.9845774e-11
290000,101,169,0,-4.2779417e-13,1.8202622e-11,2.5943514e-10,5.4774966e-11,4.129418e-11,1.5282182e-11
290000,158,412,0,-1.2005003e-13,1.6975317e-13,2.434374e-16,6.47712e-25,7.616212e-28,1.0456219e-11
290000,468,171,0,-7.564723e-13,3.0406767e-11,3.4578294e-14,2.7485027e-20,1.3393771e-18,1.5534346e-10
290000,180,17,0,-4.674168e-13,3.0042902e-11,1.3611269e-13,3.182388e-18,2.1183344e-16,6.3812905e-12
290000,243,168,0,-7.556865e-15,1.067392e-17,4.7437e-41,0.0,0.0,1.7453295e-16
290000,195,15,0,-5.414569e-13,4.3893902e-11,2.1520391e-10,1.1423571e-11,2.1291367e-10,1.407362e-10
290000,482,52,0,-1.4118112e-12,1.3493313e-10,3.835723e-12,4.925368e-16,5.570127e-12,9.249755e-11
290000,468,284,0,-6.797756e-13,1.05691055e-11,1.6938827e-10,7.3941174e-12,1.5395062e-12,1.3680225e-10
290000,351,241,0,-5.5186286e-13,1.03016415e-11,2.5829051e-33,0.0,1.36475e-20,9.2671155e-11
290000,228,186,0,-6.0879757e-16,1.0489297e-19,8.213e-42,0.0,0.0,1.272412e-25
290000,235,285,0,-1.30507586e-17,2.2301944e-28,0.0,0.0,0.0,3.5544589e-31
290000,408,409,0,-5.7558163e-13,1.2709333e-11,1.8313738e-16,1.7686782e-24,1.981781e-18,5.5561694e-11
290000,345,195,0,-2.5013428e-13,3.3157022e-11,3.2726273e-24,5.7728084e-37,4.7288198e-15,3.179771e-17
290000,145,134,0,2.4992198e-11,1.875697e-15,6.257849e-31,0.0,4.8043757e-35,1.3685403e-10
290000,313,365,0,-3.3538645e-13,3.2792321e-12,1.5697018e-12,8.2656704e-16,1.0471623e-17,8.005492e-17
290000,393,367,0,-1.2346674e-12,1.2905074e-10,1.822384e-21,5.113151e-31,3.3934652e-12,1.7575406e-10
290000,301,184,0,-1.3409472e-15,8.13144e-20,0.0,0.0,4e-45,1.4969115e-17
290000,335,352,0,-6.185518e-14,1.444351e-14,4.655e-42,0.0,5.57569e-33,2.2628231e-14
290000,179,332,0,-1.97962e-14,2.6130063e-17,1.3830367e-38,0.0,3e-45,5.1087187e-15
290000,486,352,0,-3.0599538e-13,8.606778e-12,6.592095e-13,1.480559e-16,7.0061024e-19,3.260103e-13
290000,115,499,0,-1.337985e-12,7.495454e-11,1.3443057e-16,6.4147574e-26,7.481467e-17,5.604835e-11
290000,321,250,0,-5.8258994e-14,4.860534e-15,1.2662549e-17,6.452424e-26,7.217444e-30,1.361157e-13
290000,390,240,0,-5.1790698e-14,1.1696709e-14,5.452961e-25,7.058e-42,5.6062546e-35,7.881527e-12
290000,254,241,0,-4.8059644e-23,3e-45,0.0,0.0,0.0,3.4e-44
290000,312,244,0,-7.6488003e-14,5.838501e-14,1.9941035e-18,1.2069289e-28,1.222421e-23,3.0820804e-10
290000,184,135,0,-4.6554026e-13,1.2636889e-11,8.406783e-15,5.3725914e-21,4.260217e-17,3.7809645e-16
290000,304,419,0,-1.8183695e-14,1.1006311e-17,3.4539344e-14,4.1616785e-20,1.8104585e-24,7.684308e-11
290000,435,15,0,-6.7219933e-13,2.3024376e-11,1.9174576e-17,1.76801e-26,2.181946e-15,1.8673159e-11
290000,150,404,0,-3.740452e-13,2.8616214e-11,8.044979e-12,6.542126e-15,2.1300929e-16,2.7912794e-12
290000,437,292,0,-5.2919935e-13,6.765716e-11,4.4389175e-14,3.9579306e-20,6.891211e-14,9.828058e-11
290000,430,263,0,-7.4731605e-13,1.1804963e-11,1.7661255e-21,2.3869337e-33,8.0318157e-19,4.840175e-11
290000,341,240,0,-3.381364e-13,9.0806815e-12,1.4872554e-25,1.246332e-39,2.1854511e-20,2.4278651e-14
290000,166,321,0,-4.1936173e-13,2.2383855e-11,1.2246301e-31,0.0,6.100157e-18,2.3048234e-22
290000,473,169,0,-4.260709e-13,3.0981882e-12,2.3378194e-14,7.324237e-20,1.3142157e-23,8.616763e-11
290000,403,92,0,2.7691413e-11,2.42522e-11,2.8113174e-15,1.1286718e-22,6.613325e-18,7.589724e-12
290000,262,495,0,-4.2786992e-13,2.496898e-11,7.920948e-15,1.2456818e-21,1.2461605e-17,5.7486255e-11
290000,430,145,0,-1.0187202e-12,5.6332296e-11,3.5145667e-20,8.033135e-32,8.875294e-16,1.1925228e-11
290000,10,247,0,-8.671408e-13,1.7337051e-10,4.3173906e-12,5.0873275e-16,1.4696317e-11,3.2069903e-13
290000,242,169,0,-7.994286e-15,1.2844359e-17,6.7615e-41,0.0,0.0,1.4847265e-16
290000,398,245,0,-4.3326912e-13,9.850489e-12,1.091172e-15,1.6807909e-23,4.464188e-20,3.5475586e-15
290000,123,224,0,-2.1933181e-16,1.2423861e-24,1.8907506e-11,2.91502e-14,4.8166333e-16,3.9978393e-17
290000,261,254,0,-4.3140287e-20,1.03332274e-35,0.0,0.0,0.0,2.508796e-36
290000,387,69,0,-6.565415e-13,9.670678e-12,1.6730233e-13,3.112079e-18,2.870327e-21,1.8349781e-10
290000,328,379,0,-4.0657356e-13,2.273199e-12,7.664524e-33,0.0,4.8311558e-23,7.284288e-13
290000,116,332,0,-5.231305e-13,5.0704636e-12,1.5069614e-12,5.616363e-17,3.1511917e-20,1.6411256e-11
290000,244,97,0,-1.04872674e-13,1.2784703e-13,1.9144619e-17,3.2124194e-26,1.2924458e-29,9.034498e-11
290000,331,94,0,-6.2059673e-13,1.2717217e-11,4.5362316e-30,6e-45,1.2608874e-19,5.6504575e-12
290000,249,63,0,-3.9590545e-13,1.5036581e-12,1.20273535e-30,1.5e-44,6.1455827e-26,8.350669e-11
290000,20,174,0,-5.1762023e-13,2.3966614e-12,4.855447e-21,2.060573e-33,1.6110025e-22,6.2330245e-11
290000,167,83,0,-2.8599708e-13,6.3504666e-12,1.358146e-18,6.6450036e-29,2.393466e-19,8.2052094e-11
290000,207,93,0,-1.3347167e-13,4.133351e-12,1.3332811e-12,4.4828984e-17,2.3416414e-20,8.776781e-11
290000,285,471,0,-5.6023664e-13,1.39359115e-11,2.1211995e-29,0.0,1.7049157e-20,1.3458533e-14
290000,334,431,0,-3.3103153e-13,4.678783e-11,5.264014e-19,1.2570609e-28,4.280892e-13,5.581114e-13
290000,327,297,0,-3.707213e-13,7.0316984e-13,0.0,0.0,1.22456835e-23,9.501705e-23
290000,106,352,0,-8.6672336e-13,5.3208788e-11,1.4103082e-19,2.1774144e-29,1.4780061e-14,2.9380344e-14
290000,200,246,0,-4.129492e-17,1.5050579e-24,1.223483e-39,0.0,0.0,1.2474477e-12
290000,306,310,0,-1.422205e-13,3.4276548e-13,1.6176603e-29,0.0,4.8605257e-31,1.4797171e-32
290000,79,313,0,-2.1530434e-13,1.6046365e-12,4.1958403e-19,5.537478e-30,6.7192984e-26,2.1855672e-11
290000,486,190,0,-2.0792225e-13,2.5830588e-12,4.2330894e-20,2.4713687e-32,3.6699064e-24,5.4414316e-12
290000,356,163,0,-4.7229066e-13,6.6267214e-11,5.7624964e-16,2.265881e-22,8.385261e-14,1.5911914e-13
290000,0,49,0,-2.7354274e-13,2.4038048e-12,5.6138312e-18,2.6496553e-27,5.8854743e-24,8.990578e-12
290000,315,70,0,-1.382008e-12,1.784983e-11,9.245003e-16,3.715896e-22,1.099105e-17,1.786154e-11
290000,243,223,0,-6.2456303e-19,1.0148153e-25,0.0,0.0,0.0,1.8594e-41
290000,462,131,0,-1.049191e-12,4.374555e-11,1.142843e-11,8.107772e-15,2.3053564e-15,5.1469284e-11
290000,372,318,0,-1.3499923e-13,4.34079e-14,2.0646317e-19,3.2674793e-30,1.5411383e-31,1.8804925e-12
290000,380,288,0,-6.503358e-13,9.531553e-11,0.0,0.0,4.759092e-13,4.620233e-15
290000,243,446,0,-2.5092897e-13,1.1610879e-12,5.9876685e-18,6.0779215e-28,2.872394e-25,7.549926e-11
290000,433,145,0,-9.506737e-13,8.509233e-11,1.1732026e-18,2.1411524e-28,1.4023849e-13,1.02913886e-10
290000,45,310,0,-3.3739312e-13,6.1545506e-13,4.586147e-19,1.6481021e-30,1.1646716e-27,2.9066726e-11
290000,427,275,0,-4.5101162e-13,1.4482182e-11,1.96767e-28,0.0,1.5859408e-20,9.206146e-12
290000,246,240,0,-3.4153855e-24,1e-45,0.0,0.0,0.0,3e-44
290000,253,50,0,-7.763626e-13,2.3719337e-11,4.523116e-25,6.66106e-40,3.1349262e-18,6.9545034e-12
290000,270,33,0,-3.3028766e-13,4.2739102e-12,9.099768e-15,2.6071747e-21,1.62707e-23,4.536325e-13
290000,248,286,0,-5.639411e-20,1.2212538e-35,0.0,0.0,0.0,1.24201e-38
290000,30,204,0,-8.125875e-13,6.5663676e-11,8.7131496e-13,2.1328733e-17,4.6893726e-14,4.6236795e-12
290000,74,176,0,-2.1761943e-13,3.548126e-13,2.3577232e-22,2.8164982e-34,3.3761144e-21,1.211717e-11
290000,221,65,0,-1.5909119e-12,6.145887e-11,1.1799566e-23,1.2776389e-37,3.3581824e-15,3.884925e-11
290000,186,263,0,-4.968519e-16,6.739987e-22,3.86918e-32,0.0,0.0,7.762962e-12
290000,155,305,0,-7.350785e-15,1.9990559e-18,1.5348761e-30,0.0,0.0,2.757567e-23
290000,410,84,0,3.0557265e-12,9.83014e-12,2.1597682e-11,5.6992686e-14,1.1160011e-15,2.0661396e-11
290000,453,348,0,-6.327606e-13,8.7968126e-11,3.0406428e-22,1.819816e-32,4.9068406e-12,2.0722549e-11
290000,311,380,0,-3.7088656e-13,4.9051106e-12,1.9658424e-17,2.2183331e-27,3.219717e-23,4.0634643e-10
290000,158,351,0,-5.602159e-13,1.2080516e-10,1.9941035e-18,1.2069289e-28,2.3808947e-12,1.4387982e-13
290000,263,203,0,-1.5296289e-16,2.3572969e-20,6.5461374e-22,6.373174e-34,9.53e-43,1.15984624e-26
290000,463,68,0,-1.4363603e-12,1.784912e-10,3.153121e-11,9.8233135e-14,8.9690214e-11,1.324352e-10
290000,298,138,0,-4.0542502e-13,1.2106154e-12,9.623805e-30,0.0,2.3126448e-25,2.8717182e-18
290000,351,170,0,-3.6880367e-13,1.0394141e-11,1.549617e-22,7.841397e-36,1.6146072e-19,8.722834e-14
290000,169,303,0,-2.6500417e-15,8.334529e-19,1.8839893e-15,3.1091984e-21,3.6277396e-25,4.2448603e-22
290000,307,266,0,-1.2185118e-13,1.5868504e-11,7.759e-42,0.0,2.2376886e-18,1.4325736e-24
290000,365,257,0,-1.094515e-13,3.3884467e-13,1e-45,0.0,9.041978e-30,4.4132475e-17
290000,297,291,0,-2.4117556e-14,1.7424707e-16,1e-45,0.0,3.1e-44,8.5278505e-35
290000,449,443,0,-1.7697659e-12,1.4566087e-10,6.176211e-14,5.672636e-20,1.894213e-10,7.386832e-11
290000,296,88,0,6.672693e-12,9.010643e-12,1.088468e-15,1.1073537e-21,5.516868e-20,2.961243e-11
290000,391,372,0,-1.0179963e-12,4.471961e-11,4.5117124e-17,2.0500957e-24,1.7603413e-17,1.4986372e-11
290000,51,81,0,-2.601626e-13,3.1071144e-12,5.0675814e-19,3.2503265e-28,1.625762e-23,1.2988224e-10
290000,21,245,0,-3.1055914e-13,5.7934484e-13,8.798885e-14,9.218964e-19,4.0360419e-22,1.2133053e-10
290000,192,162,0,-1.8858886e-13,7.458722e-12,1.202e-42,0.0,1.1430328e-19,2.2586035e-13
290000,168,351,0,-2.0867368e-13,1.2344779e-12,1.9941035e-18,1.2069289e-28,1.0348812e-23,3.2998675e-12
290000,191,108,0,-2.004317e-13,6.718013e-11,2.4514525e-15,3.5157887e-23,7.424375e-12,3.549698e-11
290000,480,126,0,-6.240715e-13,1.4162723e-12,4.146863e-16,1.0909326e-23,2.1356336e-25,2.099234e-10
290000,229,440,0,-6.303976e-13,3.4367998e-11,1.0925626e-16,5.0595645e-25,3.6603394e-17,3.6251408e-11
290000,37,219,0,-2.274567e-13,1.8024783e-12,7.937286e-15,1.9357743e-21,2.317152e-24,7.6981775e-11
290000,203,224,0,-1.7228222e-13,5.9309367e-12,0.0,0.0,1.9307837e-21,4.0990217e-13
290000,201,209,0,-2.063861e-14,7.9430726e-16,0.0,0.0,3.2353836e-37,1.1756411e-18
290000,109,68,0,-4.762392e-13,1.101935e-11,3.915645e-13,7.318906e-18,4.110502e-21,9.357784e-11
290000,209,163,0,-8.318758e-14,1.3080405e-14,1.14887115e-33,0.0,2.2064093e-27,4.21194e-18
290000,204,342,0,-9.975397e-14,2.0164271e-13,2.5018464e-30,0.0,7.000189e-28,1.3333908e-12
290000,300,313,0,-1.6683722e-13,1.203006e-12,1.4828297e-19,2.2827289e-27,3.3128368e-27,1.9768226e-27
290000,254,72,0,-4.8562066e-13,1.3093427e-11,1.662716e-22,5.244671e-33,3.347523e-18,1.6910985e-10
290000,286,312,0,-1.0168564e-13,6.8202453e-13,5.1060164e-23,3.841177e-34,5.434836e-29,3.463615e-17
290000,489,405,0,-1.6213917e-12,4.2217223e-11,5.0159604e-14,2.1558614e-20,2.4002974e-14,3.1903922e-09
290000,318,28,0,-7.49534e-13,3.3544213e-11,1.1092032e-15,1.12638175e-23,7.372997e-17,2.0162632e-11
290000,335,35,0,-1.147303e-12,1.4025174e-10,7.247372e-20,1.6025505e-31,4.7710364e-14,7.371621e-12
290000,43,177,0,-4.6792615e-13,6.5534323e-12,1.7929032e-18,2.6928605e-29,5.3348985e-20,2.9922878e-09
290000,0,193,0,-8.549938e-13,2.3574946e-11,1.714353e-11,4.8327753e-15,2.2455906e-17,2.798637e-11
290000,476,318,0,-8.599741e-13,3.3467094e-11,6.4401627e-18,1.8072715e-28,1.0624951e-16,5.8563926e-12
290000,1,254,0,-6.6070614e-13,5.8336534e-12,7.8175e-16,1.0928483e-22,1.7942369e-22,3.0207061e-09
290000,265,27,0,-3.5252053e-13,5.2052803e-11,4.956956e-12,8.760996e-16,4.783765e-12,2.9901877e-09
290000,446,432,0,-1.2941425e-12,1.0477173e-10,6.723101e-19,2.5402384e-29,1.409115e-13,3.1169705e-09
290000,496,479,0,-7.402766e-13,4.572607e-11,3.858715e-11,2.20548e-13,9.424108e-15,2.9927871e-09
290000,185,1,0,-1.8759083e-12,3.3997975e-11,3.9235146e-11,4.3918428e-13,3.2496385e-14,3.0305541e-10
290000,10,407,0,-6.146729e-13,3.3582091e-12,2.8422414e-12,1.5578636e-15,1.0157525e-17,3.2234722e-09
290000,491,456,0,-1.0618486e-12,3.4991298e-11,1.2765373e-12,6.00153e-17,1.1483588e-16,3.1010015e-09
290000,352,164,0,-5.167871e-13,1.0438135e-10,3.2139147e-18,7.490809e-28,1.02386985e-13,2.9887939e-09
290000,77,437,0,-9.998707e-13,1.35891e-10,2.2218932e-12,2.340346e-16,1.8406988e-12,3.0510188e-09
290000,91,18,0,-1.4305362e-12,6.6661725e-11,3.1419942e-10,1.6567518e-11,8.161861e-12,3.0446605e-09
290000,260,345,0,-1.04177165e-13,1.5957574e-13,8.517e-42,0.0,1.2705364e-30,2.9903566e-09
290000,488,335,0,-3.9634135e-13,4.9306188e-11,5.58525e-17,3.508119e-25,4.993976e-15,1.09139704e-10
290000,200,196,0,-1.8061575e-13,8.942069e-13,0.0,0.0,3.0853918e-23,2.9887863e-09
290000,203,432,0,-2.620979e-13,1.499721e-13,9.72815e-14,3.1449967e-18,3.750791e-21,3.174155e-09
290000,203,496,0,-1.0077396e-12,1.6538308e-10,1.492088e-30,0.0,1.9710828e-12,3.2163106e-09
290000,209,16,0,-7.2393507e-13,1.0290883e-11,4.9602e-16,6.1221324e-23,1.1432087e-19,5.2239563e-11
290000,112,150,0,1.7168312e-12,1.4669198e-11,1.7697495e-32,0.0,4.149559e-18,9.517769e-15
290000,191,267,0,-3.9673202e-15,1.8201694e-18,7.2009e-41,0.0,0.0,1.91349e-15
290000,296,342,0,-1.3167005e-13,3.733271e-12,4.5916434e-35,0.0,1.6897974e-22,6.488309e-19
290000,201,3,0,-2.7363983e-12,1.5276846e-10,1.48126e-11,2.4054892e-14,1.1927206e-12,2.9888276e-09
290000,250,184,0,-8.119895e-18,7.6269624e-29,1.2149519e-19,3.2110383e-30,5.9315877e-38,6.8094326e-13
290000,117,420,0,-1.127054e-12,8.021234e-11,2.0607102e-15,8.0705387e-23,1.0310352e-15,3.0014997e-09
290000,128,302,0,-1.1381354e-13,6.1249335e-12,3.462259e-09,7.191878e-10,1.1532664e-09,8.249441e-13
290000,413,49,0,-7.508042e-13,6.5062235e-12,7.2600224e-11,1.1839864e-12,8.705726e-14,2.8549996e-11
290000,466,172,0,-8.837043e-13,6.22448e-11,6.55079e-15,1.0316277e-21,1.3775683e-16,3.1091265e-09
290000,3,455,0,-7.7802337e-13,1.5774812e-11,2.9723194e-13,3.101531e-17,1.2522394e-18,3.355181e-09
290000,414,91,0,2.3486097e-11,3.6158736e-11,5.6056298e-14,5.599839e-20,3.692755e-16,3.0026717e-09
290000,112,379,0,-1.9519903e-13,3.106696e-11,1.1754921e-17,3.4676085e-26,2.353705e-18,3.0061051e-09
290000,219,48,0,-8.0125457e-13,6.642704e-11,1.5094828e-13,2.4553603e-18,1.3237225e-14,2.9960714e-09
290000,285,445,0,-2.2353578e-13,6.0329103e-12,1.1957357e-20,5.179277e-33,1.9017426e-19,2.988787e-09
290000,25,193,0,-5.120907e-13,3.612389e-11,1.329174e-12,3.0026047e-16,1.1484474e-15,3.0403005e-09
290000,401,22,0,-5.4259033e-13,3.1786636e-11,7.1028206e-15,3.439338e-21,6.503853e-15,3.0016853e-09
290000,76,449,0,-9.051646e-13,8.514336e-12,3.0187723e-13,5.7772718e-18,3.5049953e-21,2.9952845e-09
290000,334,89,0,-4.5945897e-13,5.4520503e-12,1.37222e-35,0.0,4.2291672e-23,2.7630323e-14
290000,234,100,0,-2.6108147e-13,5.3002147e-12,3.3862757e-23,3.595353e-38,3.491326e-20,2.9893827e-09
290000,235,121,0,-3.4810745e-13,1.4341281e-11,5.344781e-39,0.0,4.519472e-18,9.42549e-12
290000,498,11,0,-8.9299434e-13,8.868597e-12,1.763051e-10,1.1991627e-11,3.103256e-12,1.9628986e-11
290000,496,290,0,-5.316055e-13,3.741265e-11,1.4999287e-14,1.328397e-21,1.4579939e-15,3.6811495e-11
290000,69,185,0,-2.0515581e-13,3.8501862e-13,5.214701e-15,8.820123e-22,1.1896772e-26,3.0043092e-09
290000,210,253,0,-8.2491336e-19,1.6987588e-31,0.0,0.0,0.0,2.9887992e-09
290000,72,327,0,-7.95574e-13,3.2512753e-11,1.05920845e-11,6.8161038e-15,7.2982116e-16,3.0662908e-09
290000,48,116,0,-1.1932907e-12,2.0100697e-10,9.458824e-20,1.4747871e-31,9.7565095e-11,2.9910094e-09
290000,141,383,0,-6.5633635e-14,2.1311133e-15,9.037718e-20,4.423556e-30,8.447849e-37,2.9890954e-09
290000,6,56,0,-1.4059178e-12,1.3350951e-10,3.024537e-14,1.8175191e-19,1.7245584e-10,3.0207035e-09
290000,1,390,0,-4.2092016e-13,1.6365477e-11,5.2407073e-17,2.5502083e-25,3.121901e-19,3.0264993e-09
290000,319,21,0,-5.725323e-13,2.8753328e-11,5.3908487e-14,2.4791621e-19,1.7033901e-16,3.042216e-09
290000,475,382,0,-1.6998817e-12,2.6762134e-10,2.4509152e-19,1.6093703e-29,8.690078e-11,8.796419e-12
290000,291,12,0,-4.6395884e-13,8.009495e-12,2.6450904e-14,9.384832e-20,1.902323e-19,2.9928064e-09
290000,441,393,0,-1.066625e-12,2.7556854e-11,4.91364e-16,1.5024718e-21,3.2628076e-17,3.0950562e-09
290000,35,211,0,-6.012933e-13,3.533922e-11,9.882667e-12,2.4722093e-14,5.4262847e-16,1.03701166e-10
290000,131,132,0,1.1735236e-10,6.34774e-13,0.0,0.0,7.421982e-25,2.4575115e-11
290000,467,62,0,-1.478008e-12,1.3797007e-10,1.5318166e-14,3.2592302e-21,3.6585765e-12,3.1153142e-09
290000,34,336,0,-3.20954e-13,1.08404286e-13,4.3122685e-15,2.8661703e-21,1.102613e-25,3.0335976e-09
290000,399,20,0,-6.4926694e-13,5.6417433e-11,1.0396538e-14,5.153831e-21,1.0308178e-11,3.0186003e-09
290000,44,126,0,-1.3107307e-12,1.3169414e-10,5.771367e-13,2.1229018e-17,1.6636989e-10,1.5905714e-11
290000,273,274,0,-4.427369e-17,1.142848e-25,0.0,0.0,0.0,2.9887863e-09
290000,154,201,0,-2.0055868e-15,3.213151e-20,1.4092238e-25,3.02571e-40,0.0,1.7509461e-12
290000,216,81,0,-4.6580014e-13,8.025801e-11,5.1662564e-23,5.9790637e-38,3.7165145e-12,2.9913745e-09
290000,212,322,0,-3.22211e-13,6.906354e-11,5.9e-44,0.0,4.431737e-14,2.9888474e-09
290000,436,361,0,-4.400621e-13,3.868489e-12,3.462259e-09,7.191878e-10,1.1532664e-09,2.619302e-10
290000,220,339,0,-9.243337e-14,4.473868e-12,7.592889e-23,2.3574453e-35,6.651994e-23,2.9887897e-09
290000,489,193,0,-1.1203424e-13,3.175381e-13,1.9666795e-21,1.0385102e-33,4.3835472e-26,1.4042111e-12
290000,168,54,0,-4.028063e-13,6.6962555e-12,3.462259e-09,7.191878e-10,1.1532664e-09,2.0667945e-10
290000,384,452,0,-7.397145e-13,8.567141e-11,8.382849e-19,3.991569e-29,1.6636952e-10,2.9997154e-09
290000,180,492,0,-9.141366e-13,6.253736e-11,9.314847e-18,2.5521728e-27,5.809632e-15,4.8028127e-12
290000,202,26,0,-1.0178878e-12,1.4895524e-11,3.8512873e-10,2.9301644e-11,1.5771221e-11,3.019736e-09
290000,126,101,0,-4.699718e-13,1.2963409e-11,6.4352325e-23,6.658677e-35,7.360857e-20,3.0905913e-09
290000,429,456,0,-7.243959e-13,4.0145283e-11,1.0071132e-13,1.3111189e-18,1.7464296e-16,3.0567e-09
290000,175,135,0,-6.504758e-14,1.1215501e-15,2.4921147e-11,5.2572198e-14,9.47504e-16,1.3987776e-13
290000,443,419,0,-5.0251014e-13,1.6194699e-12,3.6994916e-13,9.1141366e-18,4.695024e-21,3.064938e-09
290000,76,119,0,-6.023573e-13,4.6302587e-11,5.9801175e-18,2.0325098e-27,1.330597e-15,6.5377107e-11
290000,157,183,0,-8.81665e-15,2.046236e-18,2.210491e-33,0.0,0.0,4.7223006e-15
290000,338,363,0,-3.3662865e-13,9.901846e-13,6.116375e-28,7.3e-44,3.4146488e-23,1.472904e-11
290000,340,412,0,-1.5307005e-13,5.4157444e-14,1.7450822e-25,1.7125e-41,2.6820137e-28,3.1382001e-09
290000,21,295,0,-4.113371e-13,1.3326778e-11,8.264281e-14,1.3368948e-18,2.2428253e-19,3.0301124e-09
290000,283,206,0,-1.6861085e-14,1.2972986e-15,3.462259e-09,7.191878e-10,1.1532664e-09,8.455316e-39
290000,286,342,0,-6.569277e-14,8.258649e-14,3.434619e-28,2.14057e-40,1.0750017e-33,2.9887863e-09
290000,268,474,0,-5.5389574e-13,9.643506e-11,3.986433e-15,2.8170403e-21,1.1079412e-11,3.0057226e-09
290000,228,279,0,-1.4350717e-17,2.6415593e-28,0.0,0.0,0.0,2.0045844e-28
290000,176,387,0,-3.153451e-13,1.9903604e-12,1.2190206e-37,0.0,7.280632e-24,7.017019e-11
290000,292,356,0,-4.5463037e-15,2.9526194e-19,9.910238e-17,6.886712e-23,5.6868047e-27,7.6718044e-14
290000,169,247,0,-8.004989e-21,1.8334206e-37,2.6281557e-12,5.7752633e-16,2.5304367e-18,1.4337854e-15
290000,214,382,0,9.342773e-15,7.1277083e-19,3.5600788e-22,2.0908781e-35,3e-45,5.1978293e-11
290000,322,486,0,-2.0063683e-13,8.67289e-13,2.438972e-12,5.4438855e-16,4.978898e-18,2.8044194e-11
290000,442,371,0,-8.867527e-13,4.569844e-11,1.3123889e-22,1.7185011e-33,2.1867949e-16,2.1368374e-11
290000,89,230,0,-7.738834e-14,5.576605e-13,2.5098917e-13,1.6032186e-17,2.5040878e-20,2.9964863e-12
290000,379,328,0,-2.2285903e-13,8.452119e-12,8.066042e-17,1.7572274e-25,3.464553e-21,1.7546765e-13
290000,477,227,0,-9.638478e-14,7.169344e-14,1.6837054e-15,1.6480806e-22,1.6004189e-27,5.470442e-12
290000,169,286,0,-3.3239682e-16,3.0776549e-22,2.391048e-28,0.0,0.0,3.867095e-13
290000,415,68,0,-7.471477e-13,2.137869e-11,1.9991495e-17,6.944325e-27,6.0943342e-18,2.4539658e-12
290000,345,47,0,-8.2685275e-13,3.187624e-11,1.7346181e-14,5.079154e-21,1.1004973e-16,1.4507801e-11
290000,365,230,0,-3.8563383e-13,4.806008e-12,2.9441917e-14,1.9639801e-19,2.3686663e-22,1.9216543e-13
290000,401,437,0,-1.2027286e-12,1.7035687e-10,7.033838e-13,7.390541e-18,4.637422e-13,3.0882277e-09
290000,200,29,0,-9.737898e-13,8.0677765e-12,3.534527e-12,2.1403193e-15,2.7962116e-17,1.7389028e-12
290000,445,259,0,-5.3788045e-13,2.4627796e-11,6.241102e-20,4.0240816e-32,1.0161453e-18,2.9952962e-09
290000,30,340,0,-1.0006053e-12,1.5070516e-10,8.036645e-20,2.8461155e-29,1.2544413e-12,1.0741527e-11
290000,329,27,0,-1.9795378e-12,6.7779604e-10,1.4729523e-20,3.0953843e-32,4.0153703e-09,3.0478036e-09
290000,125,5,0,-6.2315425e-13,4.9612237e-12,2.488182e-11,6.5838624e-14,1.3268959e-15,3.063764e-09
290000,54,128,0,-1.4465255e-12,2.6719021e-11,1.9032402e-11,4.1710786e-14,7.7399854e-16,1.1728082e-10
290000,383,325,0,-1.7246981e-13,3.703262e-12,9.487869e-22,2.7600805e-35,4.993373e-21,5.4696508e-12
290000,411,181,0,2.8816916e-12,1.05723815e-11,1.2533378e-25,2.2397389e-38,7.2797663e-19,2.9894245e-09
290000,324,201,0,-1.2212877e-13,3.8479913e-13,7.411259e-33,0.0,2.1250834e-26,1.9962138e-17
290000,36,404,0,-4.5442683e-13,2.5207041e-11,1.2477733e-14,8.468627e-21,2.5496195e-16,3.0205898e-09
290000,320,410,0,-1.706909e-13,5.308554e-12,1.1119965e-14,9.503648e-22,2.0341555e-22,2.9910037e-09
290000,343,283,0,-2.8962878e-13,1.0781403e-12,0.0,0.0,9.807418e-22,2.9804978e-11
290000,126,120,0,2.647189e-12,4.1842785e-13,6.4e-44,0.0,1.4304612e-28,1.3935419e-13
290000,458,293,0,-5.2210504e-13,2.2955693e-11,1.4122739e-21,4.435893e-35,1.6838892e-16,1.5127559e-11
290000,67,49,0,-8.554227e-13,1.7120184e-10,6.325926e-12,2.4328243e-15,3.437034e-09,1.574273e-10
290000,79,468,0,-9.483148e-13,1.3539138e-11,4.250775e-18,3.8697656e-27,2.2073106e-18,5.1194942e-12
290000,213,378,0,-2.375847e-15,6.2061322e-18,7.3509895e-25,3.23564e-40,0.0,1.7802328e-10
290000,281,375,0,-2.4221265e-14,2.1264519e-15,1.0081152e-18,8.883061e-28,2.37208e-34,3.7331415e-14
290000,470,366,0,-1.0602418e-12,1.4622013e-10,5.185553e-28,1e-45,9.754205e-11,2.9374096e-12
290000,230,352,0,-8.120767e-14,3.7793762e-13,3.2192434e-13,5.398446e-18,2.360114e-21,1.701962e-14
290000,140,293,0,-2.1577453e-14,1.3756559e-15,1e-45,0.0,2.07e-43,1.3078167e-18
290000,362,230,0,-4.0014875e-13,1.6692434e-12,9.728149e-14,3.1449967e-18,3.7509672e-21,7.26723e-14
290000,53,93,0,-4.2107295e-13,1.5012908e-11,9.0040615e-23,7.443889e-35,1.07751545e-19,2.1621581e-11
290000,200,416,0,-6.7242934e-13,2.7630486e-11,1.5568578e-16,4.697049e-22,1.0598118e-16,6.1566854e-13
290000,325,59,0,-8.7969475e-13,6.486777e-11,4.2003412e-14,1.621312e-20,1.15053425e-14,1.1651474e-11
290000,451,280,0,-6.1149664e-13,4.0771823e-11,1.5396921e-10,1.0869529e-11,2.68729e-12,1.2836953e-11
290000,392,474,0,-8.414706e-13,6.6724286e-11,1.6131627e-14,3.4899432e-18,9.2493206e-14,2.9922853e-09
290000,297,208,0,-2.143365e-18,7.9444726e-28,0.0,0.0,0.0,1.8985741e-32
290000,81,405,0,-3.2500372e-13,7.0823412e-12,1.2668151e-17,5.853189e-26,1.9017509e-19,3.0070908e-09
290000,4,433,0,-1.1365141e-12,8.1638994e-11,1.285839e-11,7.206698e-15,5.8600985e-14,1.561792e-10
290000,198,219,0,-2.557796e-13,6.7239554e-11,0.0,0.0,5.5762893e-14,2.991022e-09
290000,449,406,0,-9.15321e-13,2.867136e-11,2.1246465e-13,1.2493782e-17,7.6396825e-19,5.033789e-11
290000,73,297,0,-2.6146018e-13,1.8010387e-11,1.8234007e-14,1.6088563e-20,2.237694e-18,3.014063e-09
290000,191,496,0,-1.8171819e-12,1.4654386e-10,2.730389e-20,4.079428e-28,1.436482e-12,2.9904168e-09
290000,226,423,0,-1.5349252e-13,9.178075e-14,2.2239288e-15,9.053806e-22,3.1813787e-26,3.0404042e-09
290000,229,442,0,-6.421283e-13,6.908973e-11,3.9514955e-15,2.523037e-22,1.6309983e-13,2.9922675e-09
290000,53,455,0,-1.4237559e-12,1.0980235e-10,4.7123447e-12,1.4580771e-15,3.7160643e-12,2.9914535e-09
290000,175,36,0,-5.1011333e-13,1.2293808e-11,4.008791e-24,2.328847e-39,4.7783238e-18,9.3685094e-12
290000,483,181,0,-2.6424568e-13,9.6790345e-12,3.4634866e-09,7.191879e-10,1.1532664e-09,1.2274047e-12
290000,173,475,0,-2.5627322e-13,9.320988e-13,7.4796e-19,1.178664e-28,2.4235201e-27,3.019526e-09
290000,78,111,0,-8.7116653e-13,7.7914175e-11,4.5889974e-19,1.0004313e-29,5.5763445e-14,3.2800198e-09
290000,22,390,0,-7.778595e-13,5.0910297e-11,3.673631e-13,6.2458042e-18,2.7561935e-15,2.996837e-09
290000,375,131,0,-1.7459805e-13,5.166128e-13,1.0962717e-28,0.0,6.101664e-26,5.7574793e-16
290000,473,328,0,-5.9670075e-13,8.336268e-11,2.17145e-23,7.4556046e-38,1.4747921e-10,8.822943e-12
290000,80,484,0,-7.456831e-13,7.6622174e-11,3.1902601e-12,4.5618754e-16,1.0268916e-14,8.452536e-12
290000,249,408,0,2.9993456e-11,6.2263666e-12,4.2410285e-12,8.115897e-16,1.7832746e-18,1.533349e-11
290000,286,406,0,8.671801e-16,1.4135647e-23,5.516664e-17,6.935161e-26,1.8338085e-32,5.15121e-11
290000,124,458,0,-8.139099e-13,5.163321e-12,3.0426706e-18,7.591476e-26,4.223428e-21,3.1755787e-09
290000,49,417,0,-1.1214203e-12,7.0578515e-11,5.9361114e-21,1.3799086e-32,2.7610257e-15,2.9888212e-09
290000,170,214,0,-2.1500677e-17,8.754447e-26,1.5489758e-27,3e-44,0.0,2.8770183e-12
290000,438,353,0,-4.9234873e-13,4.3728375e-11,2.3030216e-13,7.8450355e-18,5.5674637e-15,6.513499e-12
290000,43,267,0,-2.1607642e-13,2.6188697e-11,2.750692e-11,1.2070554e-13,2.8405815e-15,4.3162553e-14
290000,137,418,0,-1.7156857e-13,8.8612033e-13,1.1716471e-10,6.6642017e-12,1.7809465e-12,6.7457797e-12
290000,466,280,0,-1.1222764e-12,7.828413e-11,8.023716e-14,2.4961925e-19,1.3626556e-14,1.8411039e-12
290000,233,396,0,2.99624e-11,1.0492705e-11,1.1428941e-11,8.107772e-15,4.9578734e-17,1.2734701e-10
290000,407,204,0,9.606766e-13,2.410686e-13,1.1847129e-27,1.7e-44,1.7749848e-27,1.73742e-18
290000,395,293,0,-1.9125134e-13,9.1675094e-14,1.693302e-29,0.0,4.2631967e-29,4.658327e-19
290000,450,317,0,-3.5299378e-13,1.2087469e-12,1.3075898e-16,9.064485e-26,1.3965889e-26,1.1610972e-10
290000,345,85,0,-4.796005e-13,3.8458117e-12,3.001636e-39,0.0,3.1683835e-22,8.517416e-14
290000,446,436,0,-1.533662e-12,8.6009366e-11,2.9105301e-16,6.734161e-24,4.2355295e-16,5.26326e-11
290000,121,332,0,-4.1812178e-13,2.5858881e-11,1.0864749e-15,1.3122501e-23,1.7457833e-16,2.3787193e-11
290000,59,247,0,-1.2702137e-14,2.871894e-17,1.15133e-19,1.1096285e-31,7.5075e-41,2.8272396e-13
290000,200,154,0,-3.7156796e-13,2.3214638e-12,1.14887115e-33,0.0,1.3078669e-22,2.999993e-11
290000,133,188,0,-1.5833594e-13,3.350458e-11,4.654717e-19,5.4911434e-29,1.03815834e-13,3.3318134e-16
290000,178,149,0,-1.13115124e-13,2.1296014e-13,4.049929e-23,3.4604063e-35,4.1715513e-29,1.4785706e-10
290000,463,357,0,-6.809863e-13,1.2410365e-11,8.416768e-28,4.8e-44,1.7859783e-18,4.7327653e-10
290000,372,130,0,-1.8288517e-13,3.164555e-13,7.31396e-26,1.21435e-40,1.6133071e-28,9.6022054e-14
290000,249,346,0,-8.278066e-15,2.2385797e-18,6.797098e-30,0.0,0.0,2.607146e-13
290000,453,139,0,-4.624183e-13,3.2670466e-12,9.302094e-13,4.30705e-16,5.2965582e-18,1.1274968e-10
290000,448,208,0,1.1733584e-11,2.009876e-11,7.046686e-11,1.0834572e-12,7.748545e-14,1.2204054e-11
290000,256,19,0,-3.6352575e-13,5.738002e-13,1.2903609e-13,6.480112e-19,9.2801976e-23,5.620644e-12
290000,449,400,0,-1.4312882e-12,7.789808e-11,3.1255606e-16,1.948651e-24,4.011505e-15,2.9908698e-09
290000,58,297,0,-4.2623042e-13,1.0192507e-10,3.4623628e-09,7.191878e-10,1.3314595e-09,1.1793704e-10
290000,231,426,0,-2.3991326e-13,9.816355e-13,6.3191115e-12,2.432823e-15,1.2337523e-17,2.9969331e-09
290000,266,455,0,-4.336173e-13,4.557405e-11,9.1931535e-14,3.9201417e-18,9.2386703e-14,7.231614e-11
290000,7,416,0,-5.8771504e-13,2.1652199e-11,1.880334e-12,8.5684615e-17,1.12054e-19,1.05313425e-10
290000,400,323,0,-2.5962819e-14,5.1221757e-17,1.2379199e-19,2.0262909e-28,1.3013846e-34,3.1694924e-09
290000,403,334,0,-7.296308e-14,2.9964044e-13,6.0888525e-24,1.373344e-38,4.8516167e-32,9.652946e-11
290000,82,491,0,-5.9931915e-13,5.1561068e-11,1.5887332e-17,4.4072133e-27,1.5753314e-15,7.733746e-11
290000,406,481,0,-1.1615576e-12,3.9541922e-11,4.247614e-16,3.1557017e-23,2.856143e-15,4.33619e-10
290000,58,96,0,-5.2397545e-13,4.3248433e-11,2.9546242e-20,5.8080526e-33,3.475185e-13,1.9673501e-12
290000,1,124,0,-9.345252e-13,8.9637416e-11,7.484032e-24,1.1681115e-36,1.8942994e-10,7.67805e-14
290000,355,19,0,-8.021894e-13,7.1420474e-11,2.1177443e-17,6.381521e-25,4.431737e-14,3.0126786e-09
290000,14,411,0,-5.88022e-13,8.428697e-11,8.543176e-12,7.548579e-15,1.9042918e-12,3.1484095e-09
290000,417,40,0,-7.2008876e-13,7.2052385e-11,5.7878655e-17,2.61472e-26,6.8912134e-14,6.2513276e-12
290000,39,325,0,-4.4112142e-13,6.092757e-11,7.391928e-13,1.6231211e-17,3.3817955e-12,4.1384465e-10
290000,49,97,0,-5.718419e-13,4.5354775e-11,5.2971486e-20,1.6246279e-31,3.3839458e-15,3.0929144e-09
290000,276,120,0,-7.6989847e-13,2.3766072e-10,1.4736893e-13,2.5524405e-19,5.6325788e-11,9.1212235e-15
290000,43,166,0,-4.5756476e-13,2.291924e-12,5.945473e-15,1.3898112e-21,3.863389e-22,8.997241e-11
290000,96,6,0,-2.1394074e-12,1.4394226e-10,7.024358e-14,1.0531072e-18,3.2286104e-13,2.995817e-09
290000,484,37,0,-1.3447971e-12,7.135768e-11,7.110564e-11,1.7205583e-12,6.4921354e-12,3.1828284e-09
290000,39,66,0,-6.507942e-13,1.3017394e-11,1.2476666e-16,2.2033302e-25,1.4296144e-17,2.9890346e-09
290000,15,20,0,-1.7232325e-12,1.1992515e-10,2.365817e-14,1.1020493e-20,1.5344441e-11,7.575179e-11
290000,432,435,0,-1.3599966e-12,8.060346e-11,3.486245e-15,4.338031e-22,3.476267e-13,2.8853123e-10
290000,30,297,0,-6.311239e-13,2.4572941e-11,3.2985122e-13,4.6203588e-18,1.457832e-20,3.0602116e-09
290000,434,208,0,4.0111817e-11,4.6970136e-12,3.4623375e-09,7.191878e-10,1.1532664e-09,1.1705348e-10
290000,89,497,0,-5.17365e-13,3.187369e-11,6.8634924e-11,8.9194743e-13,6.9014185e-14,3.008527e-09
290000,488,122,0,-1.052542e-12,7.0835345e-11,5.1042455e-13,4.6822426e-17,8.113526e-12,6.1850694e-12
290000,470,37,0,-1.6528213e-12,5.8212886e-11,3.71476e-11,9.5023625e-14,1.3098927e-13,3.0015612e-09
290000,22,414,0,-6.944439e-13,3.6712793e-11,3.6900554e-15,7.0148344e-22,5.5660216e-15,1.003303e-10
290000,152,53,0,-5.704131e-13,1.8357912e-11,3.462259e-09,7.191878e-10,1.1532664e-09,7.1033626e-12
290000,462,445,0,-1.2518643e-12,6.244892e-11,2.4591673e-13,6.17789e-19,6.736288e-16,4.6893453e-12
290000,388,474,0,-7.789325e-13,1.4392143e-10,3.4622591e-09,7.191878e-10,1.3330459e-09,5.892864e-11
290000,463,32,0,-1.1033953e-12,1.08271836e-10,3.510011e-10,4.3950538e-11,2.8131669e-11,9.622774e-11
290000,479,132,0,-8.5033516e-13,1.1404695e-11,1.6507539e-12,1.4065768e-16,6.6246755e-19,3.0550515e-09
290000,120,366,0,-6.958961e-13,9.72616e-11,1.8218252e-16,1.7662395e-24,2.1724718e-12,1.6895662e-13
290000,465,242,0,3.1960298e-14,6.749944e-12,1.0950621e-14,1.0524882e-20,2.8131542e-21,2.6067298e-11
290000,190,479,0,-1.1520996e-12,5.027287e-11,6.5919433e-21,9.0751504e-29,4.1409615e-15,4.796436e-11
290000,420,140,0,-1.0839781e-12,7.691252e-11,3.462302e-17,7.1508706e-26,1.0496285e-13,3.9532435e-12
290000,115,173,0,-8.305793e-13,1.04466095e-10,1.6777885e-21,2.6088701e-33,3.2489929e-09,4.5773755e-14
290000,484,232,0,-2.0786548e-13,1.1176097e-12,3.462259e-09,7.191878e-10,1.1532664e-09,8.75714e-13
290000,9,493,0,-4.324494e-12,4.5712362e-10,2.4019734e-11,1.6176794e-13,1.4316892e-12,3.108539e-09
290000,493,380,0,-1.2273527e-12,4.432236e-11,2.6446615e-15,5.872297e-22,2.912222e-16,1.8122651e-11
290000,491,269,0,-7.276868e-13,1.4388105e-10,2.0577116e-12,3.2761376e-16,9.754205e-11,3.1731622e-09
290000,461,218,0,8.284404e-12,5.146651e-14,3.4993952e-09,7.1936795e-10,1.1532706e-09,7.552993e-11
290000,428,284,0,-1.2133686e-13,5.552385e-15,7.605167e-20,7.564203e-31,2.5916354e-37,3.0484528e-09
290000,125,86,0,-3.3345687e-13,4.794864e-12,2.5943514e-10,5.4774966e-11,4.1294176e-11,8.414013e-14
290000,7,281,0,-2.008481e-13,2.2924232e-11,1.879043e-12,8.568458e-17,5.81763e-16,1.3899693e-10
290000,48,496,0,-1.3669489e-12,5.8550734e-11,1.1590715e-12,4.397393e-17,2.4489292e-13,1.1744455e-10
290000,52,430,0,-1.1808644e-12,4.1583972e-11,3.4861607e-09,7.1927e-10,1.1532703e-09,4.6054313e-11
290000,452,70,0,-9.359792e-13,4.6291717e-11,7.4238646e-17,1.2290709e-25,6.733483e-16,1.2843174e-10
290000,387,196,0,-1.5988143e-13,2.7406715e-13,1.2252643e-14,9.721392e-22,6.237078e-24,9.434076e-17
290000,87,464,0,-2.033263e-12,1.5809962e-10,3.1721297e-20,1.7657402e-32,3.1694084e-13,1.6184583e-10
290000,302,9,0,-2.7812914e-13,2.9194307e-11,7.630616e-14,4.2103904e-19,3.6693808e-17,3.0024327e-09
290000,209,470,0,-8.663588e-13,1.7597448e-10,9.2273614e-14,3.922865e-18,3.3264656e-12,8.1796635e-12
290000,401,472,0,-8.449635e-13,7.834301e-11,1.2263766e-14,2.2701032e-20,1.8628692e-15,1.4260877e-10
290000,474,3,0,-1.5979818e-12,1.2102742e-10,8.002279e-14,9.309305e-19,2.49171e-14,3.0018321e-09
290000,480,102,0,-9.536009e-13,8.86718e-11,5.192445e-11,3.4846968e-13,5.133462e-13,3.2945955e-09
290000,24,72,0,-1.351431e-12,1.1650989e-10,1.0523568e-14,2.4419653e-20,5.1611137e-12,1.6999356e-13
290000,266,499,0,-5.8963484e-13,6.0007825e-11,2.795717e-16,8.843836e-24,2.8258639e-14,3.2917724e-09
290000,245,450,0,-2.1541724e-13,1.7871278e-13,1.2213264e-18,9.787063e-28,1.390968e-29,3.1608614e-09
290000,315,19,0,-4.5443082e-13,6.579181e-13,4.0769966e-12,6.071115e-16,1.0617465e-18,3.1015717e-09
290000,49,391,0,-2.8475803e-13,6.8812508e-12,1.001413e-10,4.3367753e-12,9.469029e-13,5.7340526e-12
290000,225,33,0,-7.006658e-13,9.4340005e-12,2.9627526e-11,2.710303e-13,1.7580662e-14,3.0761473e-09
290000,232,467,0,-5.651012e-13,4.4117093e-12,1.7857183e-19,2.4299384e-29,1.0754937e-24,5.4216913e-12
290000,177,453,0,-5.169299e-13,2.2836266e-11,6.167194e-23,4.1512263e-37,9.119037e-18,1.4513138e-10
290000,366,52,0,-1.1072743e-12,7.463098e-11,8.713103e-13,2.1328733e-17,2.7509436e-12,3.1183622e-09
290000,486,26,0,-1.3922385e-12,3.6173915e-11,9.575381e-16,1.4562196e-22,8.338374e-16,3.4220682e-09
290000,464,49,0,-1.287673e-12,7.0662e-11,1.5093611e-13,1.552126e-17,5.1186373e-17,1.4831353e-10
290000,37,436,0,-5.069066e-13,9.278773e-12,6.25913e-12,1.5211215e-15,3.0719792e-18,6.7045132e-12
290000,32,271,0,-1.8387123e-13,5.2077515e-13,5.13541e-16,2.3785452e-23,3.5171394e-27,2.9896114e-09
290000,105,300,0,-1.0229199e-13,9.078425e-13,1.1205568e-15,9.705927e-23,2.3969681e-27,2.9889207e-09
290000,499,479,0,-7.667995e-14,8.927711e-12,1.1319617e-12,7.246484e-17,1.131289e-16,2.6902334e-09
290000,256,135,0,-3.5796087e-13,3.0079867e-12,4.6730182e-35,0.0,9.132482e-20,2.6430955e-17
290000,9,315,0,-7.2708446e-13,3.97582e-11,5.778547e-14,3.3920383e-20,2.755851e-15,2.8833702e-10
290000,79,81,0,-8.1928767e-13,5.8088284e-11,1.0163451e-12,9.417656e-17,1.8813338e-13,3.6080672e-12
290000,51,61,0,-1.9802495e-12,5.882807e-11,8.2870264e-12,1.6765767e-14,2.20393e-15,3.0050495e-09
290000,46,287,0,-9.171053e-14,3.2607777e-14,2.137498e-13,1.4577752e-18,2.2567016e-22,4.1661934e-11
290000,27,231,0,-1.2835883e-13,7.873282e-14,1.663248e-10,4.9752455e-12,9.240857e-13,3.0159162e-09
290000,431,421,0,-1.8237378e-12,1.5443714e-10,1.5906408e-10,1.14144e-11,1.3696272e-10,1.9398275e-11
290000,132,9,0,-3.10845e-13,1.2642112e-12,3.34698e-18,2.0318898e-28,4.8416165e-27,1.2823739e-10
290000,450,77,0,-1.0788156e-12,9.6851714e-11,2.496418e-23,4.0009515e-38,4.342614e-12,5.8401274e-12
