mcsteps,xCOM,yCOM,zCOM,il8,il1,il6,il10,tnf,tgf
0,84,376,0,8.526701e-10,0.0,0.0,0.0,0.0,0.0
0,432,181,0,8.526701e-10,0.0,0.0,0.0,0.0,0.0
0,409,105,0,8.526701e-10,0.0,0.0,0.0,0.0,0.0
0,247,394,0,8.526701e-10,0.0,0.0,0.0,0.0,0.0
0,132,141,0,8.526701e-10,0.0,0.0,0.0,0.0,0.0
0,286,72,0,8.526701e-10,0.0,0.0,0.0,0.0,0.0
0,365,385,0,8.526701e-10,0.0,0.0,0.0,0.0,0.0
0,379,420,0,8.526701e-10,0.0,0.0,0.0,0.0,0.0
0,426,219,0,8.526701e-10,0.0,0.0,0.0,0.0,0.0
0,444,225,0,8.526701e-10,0.0,0.0,0.0,0.0,0.0
0,479,482,0,0.0,0.0,0.0,0.0,0.0,0.0
0,210,25,0,0.0,0.0,0.0,0.0,0.0,0.0
0,38,149,0,0.0,0.0,0.0,0.0,0.0,0.0
0,475,240,0,8.2059094e-24,0.0,0.0,0.0,0.0,0.0
0,470,461,0,0.0,0.0,0.0,0.0,0.0,0.0
0,451,497,0,0.0,0.0,0.0,0.0,0.0,0.0
0,16,13,0,0.0,0.0,0.0,0.0,0.0,0.0
0,461,427,0,0.0,0.0,0.0,0.0,0.0,0.0
0,482,351,0,0.0,0.0,0.0,0.0,0.0,0.0
0,242,17,0,0.0,0.0,0.0,0.0,0.0,0.0
0,10,33,0,0.0,0.0,0.0,0.0,0.0,0.0
0,61,42,0,0.0,0.0,0.0,0.0,0.0,0.0
0,283,20,0,3.153299e-35,0.0,0.0,0.0,0.0,0.0
0,474,68,0,0.0,0.0,0.0,0.0,0.0,0.0
0,484,67,0,0.0,0.0,0.0,0.0,0.0,0.0
0,12,420,0,0.0,0.0,0.0,0.0,0.0,0.0
0,320,35,0,0.0,0.0,0.0,0.0,0.0,0.0
0,2,228,0,0.0,0.0,0.0,0.0,0.0,0.0
0,496,405,0,0.0,0.0,0.0,0.0,0.0,0.0
0,455,57,0,0.0,0.0,0.0,0.0,0.0,0.0
0,28,348,0,0.0,0.0,0.0,0.0,0.0,0.0
0,468,250,0,5.5812063e-24,0.0,0.0,0.0,0.0,0.0
0,470,217,0,5.9136467e-21,0.0,0.0,0.0,0.0,0.0
0,34,231,0,0.0,0.0,0.0,0.0,0.0,0.0
0,23,331,0,0.0,0.0,0.0,0.0,0.0,0.0
0,492,406,0,0.0,0.0,0.0,0.0,0.0,0.0
0,452,475,0,0.0,0.0,0.0,0.0,0.0,0.0
0,412,459,0,0.0,0.0,0.0,0.0,0.0,0.0
0,22,487,0,0.0,0.0,0.0,0.0,0.0,0.0
0,14,370,0,0.0,0.0,0.0,0.0,0.0,0.0
0,478,69,0,0.0,0.0,0.0,0.0,0.0,0.0
0,476,138,0,0.0,0.0,0.0,0.0,0.0,0.0
0,276,2,0,0.0,0.0,0.0,0.0,0.0,0.0
0,182,482,0,0.0,0.0,0.0,0.0,0.0,0.0
0,462,188,0,2.5566883e-22,0.0,0.0,0.0,0.0,0.0
0,165,489,0,0.0,0.0,0.0,0.0,0.0,0.0
0,38,225,0,0.0,0.0,0.0,0.0,0.0,0.0
0,463,485,0,0.0,0.0,0.0,0.0,0.0,0.0
0,202,459,0,0.0,0.0,0.0,0.0,0.0,0.0
0,467,113,0,0.0,0.0,0.0,0.0,0.0,0.0
0,472,465,0,0.0,0.0,0.0,0.0,0.0,0.0
0,464,497,0,0.0,0.0,0.0,0.0,0.0,0.0
0,40,46,0,0.0,0.0,0.0,0.0,0.0,0.0
0,475,481,0,0.0,0.0,0.0,0.0,0.0,0.0
0,231,43,0,0.0,0.0,0.0,0.0,0.0,0.0
0,417,474,0,0.0,0.0,0.0,0.0,0.0,0.0
0,472,207,0,2.0612205e-23,0.0,0.0,0.0,0.0,0.0
0,18,151,0,0.0,0.0,0.0,0.0,0.0,0.0
0,437,464,0,0.0,0.0,0.0,0.0,0.0,0.0
0,304,491,0,0.0,0.0,0.0,0.0,0.0,0.0
0,324,478,0,0.0,0.0,0.0,0.0,0.0,0.0
0,67,29,0,0.0,0.0,0.0,0.0,0.0,0.0
0,354,464,0,0.0,0.0,0.0,0.0,0.0,0.0
0,16,31,0,0.0,0.0,0.0,0.0,0.0,0.0
0,492,327,0,0.0,0.0,0.0,0.0,0.0,0.0
0,35,463,0,0.0,0.0,0.0,0.0,0.0,0.0
0,15,433,0,0.0,0.0,0.0,0.0,0.0,0.0
0,464,489,0,0.0,0.0,0.0,0.0,0.0,0.0
0,492,269,0,0.0,0.0,0.0,0.0,0.0,0.0
0,136,42,0,0.0,0.0,0.0,0.0,0.0,0.0
0,489,459,0,0.0,0.0,0.0,0.0,0.0,0.0
0,29,471,0,0.0,0.0,0.0,0.0,0.0,0.0
0,481,28,0,0.0,0.0,0.0,0.0,0.0,0.0
0,465,426,0,0.0,0.0,0.0,0.0,0.0,0.0
0,34,40,0,0.0,0.0,0.0,0.0,0.0,0.0
0,213,474,0,0.0,0.0,0.0,0.0,0.0,0.0
0,17,442,0,0.0,0.0,0.0,0.0,0.0,0.0
0,230,16,0,0.0,0.0,0.0,0.0,0.0,0.0
0,210,461,0,0.0,0.0,0.0,0.0,0.0,0.0
0,465,397,0,0.0,0.0,0.0,0.0,0.0,0.0
0,488,429,0,0.0,0.0,0.0,0.0,0.0,0.0
0,110,479,0,0.0,0.0,0.0,0.0,0.0,0.0
0,226,488,0,0.0,0.0,0.0,0.0,0.0,0.0
0,15,491,0,0.0,0.0,0.0,0.0,0.0,0.0
0,405,492,0,0.0,0.0,0.0,0.0,0.0,0.0
0,481,41,0,0.0,0.0,0.0,0.0,0.0,0.0
0,153,36,0,0.0,0.0,0.0,0.0,0.0,0.0
0,365,42,0,0.0,0.0,0.0,0.0,0.0,0.0
0,457,183,0,4.4410267e-20,0.0,0.0,0.0,0.0,0.0
0,455,293,0,0.0,0.0,0.0,0.0,0.0,0.0
0,458,27,0,0.0,0.0,0.0,0.0,0.0,0.0
0,448,20,0,0.0,0.0,0.0,0.0,0.0,0.0
0,475,107,0,0.0,0.0,0.0,0.0,0.0,0.0
0,480,121,0,0.0,0.0,0.0,0.0,0.0,0.0
0,463,100,0,0.0,0.0,0.0,0.0,0.0,0.0
0,29,287,0,0.0,0.0,0.0,0.0,0.0,0.0
0,489,116,0,0.0,0.0,0.0,0.0,0.0,0.0
0,34,275,0,0.0,0.0,0.0,0.0,0.0,0.0
0,287,471,0,0.0,0.0,0.0,0.0,0.0,0.0
0,365,475,0,0.0,0.0,0.0,0.0,0.0,0.0
0,254,463,0,0.0,0.0,0.0,0.0,0.0,0.0
0,56,475,0,0.0,0.0,0.0,0.0,0.0,0.0
0,42,470,0,0.0,0.0,0.0,0.0,0.0,0.0
0,329,39,0,0.0,0.0,0.0,0.0,0.0,0.0
0,477,62,0,0.0,0.0,0.0,0.0,0.0,0.0
0,475,298,0,0.0,0.0,0.0,0.0,0.0,0.0
0,26,478,0,0.0,0.0,0.0,0.0,0.0,0.0
0,37,18,0,0.0,0.0,0.0,0.0,0.0,0.0
0,461,426,0,0.0,0.0,0.0,0.0,0.0,0.0
0,221,12,0,0.0,0.0,0.0,0.0,0.0,0.0
0,96,487,0,0.0,0.0,0.0,0.0,0.0,0.0
0,450,10,0,0.0,0.0,0.0,0.0,0.0,0.0
0,50,29,0,0.0,0.0,0.0,0.0,0.0,0.0
0,11,44,0,0.0,0.0,0.0,0.0,0.0,0.0
0,29,16,0,0.0,0.0,0.0,0.0,0.0,0.0
0,116,6,0,0.0,0.0,0.0,0.0,0.0,0.0
0,142,455,0,0.0,0.0,0.0,0.0,0.0,0.0
0,467,19,0,0.0,0.0,0.0,0.0,0.0,0.0
0,44,205,0,0.0,0.0,0.0,0.0,0.0,0.0
0,460,405,0,0.0,0.0,0.0,0.0,0.0,0.0
0,223,493,0,0.0,0.0,0.0,0.0,0.0,0.0
0,492,64,0,0.0,0.0,0.0,0.0,0.0,0.0
0,329,495,0,0.0,0.0,0.0,0.0,0.0,0.0
0,170,493,0,0.0,0.0,0.0,0.0,0.0,0.0
0,9,87,0,0.0,0.0,0.0,0.0,0.0,0.0
0,31,377,0,9.998583e-36,0.0,0.0,0.0,0.0,0.0
0,327,472,0,0.0,0.0,0.0,0.0,0.0,0.0
0,213,488,0,0.0,0.0,0.0,0.0,0.0,0.0
0,227,473,0,0.0,0.0,0.0,0.0,0.0,0.0
0,26,277,0,0.0,0.0,0.0,0.0,0.0,0.0
0,67,30,0,0.0,0.0,0.0,0.0,0.0,0.0
0,481,466,0,0.0,0.0,0.0,0.0,0.0,0.0
0,287,23,0,1.4473304e-31,0.0,0.0,0.0,0.0,0.0
0,164,486,0,0.0,0.0,0.0,0.0,0.0,0.0
0,404,10,0,0.0,0.0,0.0,0.0,0.0,0.0
0,336,476,0,0.0,0.0,0.0,0.0,0.0,0.0
0,481,47,0,0.0,0.0,0.0,0.0,0.0,0.0
0,310,39,0,1.3885662e-26,0.0,0.0,0.0,0.0,0.0
0,475,47,0,0.0,0.0,0.0,0.0,0.0,0.0
0,475,22,0,0.0,0.0,0.0,0.0,0.0,0.0
0,20,345,0,0.0,0.0,0.0,0.0,0.0,0.0
0,4,77,0,0.0,0.0,0.0,0.0,0.0,0.0
0,22,452,0,0.0,0.0,0.0,0.0,0.0,0.0
0,490,82,0,0.0,0.0,0.0,0.0,0.0,0.0
0,24,294,0,0.0,0.0,0.0,0.0,0.0,0.0
0,488,324,0,0.0,0.0,0.0,0.0,0.0,0.0
0,21,10,0,0.0,0.0,0.0,0.0,0.0,0.0
0,456,185,0,8.3383276e-20,0.0,0.0,0.0,0.0,0.0
0,495,230,0,4.5530593e-34,0.0,0.0,0.0,0.0,0.0
0,308,459,0,0.0,0.0,0.0,0.0,0.0,0.0
0,449,496,0,0.0,0.0,0.0,0.0,0.0,0.0
0,305,22,0,0.0,0.0,0.0,0.0,0.0,0.0
0,229,489,0,0.0,0.0,0.0,0.0,0.0,0.0
0,42,445,0,0.0,0.0,0.0,0.0,0.0,0.0
0,490,414,0,0.0,0.0,0.0,0.0,0.0,0.0
0,477,447,0,0.0,0.0,0.0,0.0,0.0,0.0
0,334,3,0,0.0,0.0,0.0,0.0,0.0,0.0
0,444,455,0,0.0,0.0,0.0,0.0,0.0,0.0
0,40,426,0,0.0,0.0,0.0,0.0,0.0,0.0
0,181,45,0,0.0,0.0,0.0,0.0,0.0,0.0
0,101,39,0,0.0,0.0,0.0,0.0,0.0,0.0
0,20,90,0,0.0,0.0,0.0,0.0,0.0,0.0
0,111,21,0,0.0,0.0,0.0,0.0,0.0,0.0
0,19,447,0,0.0,0.0,0.0,0.0,0.0,0.0
0,497,495,0,0.0,0.0,0.0,0.0,0.0,0.0
0,1,249,0,0.0,0.0,0.0,0.0,0.0,0.0
0,16,169,0,0.0,0.0,0.0,0.0,0.0,0.0
0,474,336,0,0.0,0.0,0.0,0.0,0.0,0.0
0,407,15,0,0.0,0.0,0.0,0.0,0.0,0.0
0,356,9,0,0.0,0.0,0.0,0.0,0.0,0.0
0,473,238,0,8.9956056e-23,0.0,0.0,0.0,0.0,0.0
0,408,26,0,0.0,0.0,0.0,0.0,0.0,0.0
0,438,497,0,0.0,0.0,0.0,0.0,0.0,0.0
0,8,466,0,0.0,0.0,0.0,0.0,0.0,0.0
0,456,487,0,0.0,0.0,0.0,0.0,0.0,0.0
0,157,12,0,0.0,0.0,0.0,0.0,0.0,0.0
0,473,24,0,0.0,0.0,0.0,0.0,0.0,0.0
0,5,19,0,0.0,0.0,0.0,0.0,0.0,0.0
0,267,19,0,0.0,0.0,0.0,0.0,0.0,0.0
0,469,380,0,0.0,0.0,0.0,0.0,0.0,0.0
0,451,24,0,0.0,0.0,0.0,0.0,0.0,0.0
0,492,472,0,0.0,0.0,0.0,0.0,0.0,0.0
0,71,19,0,0.0,0.0,0.0,0.0,0.0,0.0
0,79,45,0,0.0,0.0,0.0,0.0,0.0,0.0
0,485,119,0,0.0,0.0,0.0,0.0,0.0,0.0
0,479,430,0,0.0,0.0,0.0,0.0,0.0,0.0
0,479,308,0,0.0,0.0,0.0,0.0,0.0,0.0
0,481,259,0,0.0,0.0,0.0,0.0,0.0,0.0
0,375,494,0,0.0,0.0,0.0,0.0,0.0,0.0
0,470,450,0,0.0,0.0,0.0,0.0,0.0,0.0
0,456,474,0,0.0,0.0,0.0,0.0,0.0,0.0
0,175,43,0,0.0,0.0,0.0,0.0,0.0,0.0
0,210,464,0,0.0,0.0,0.0,0.0,0.0,0.0
0,481,262,0,0.0,0.0,0.0,0.0,0.0,0.0
0,8,30,0,0.0,0.0,0.0,0.0,0.0,0.0
0,469,174,0,6.1363528e-25,0.0,0.0,0.0,0.0,0.0
0,487,12,0,0.0,0.0,0.0,0.0,0.0,0.0
0,79,19,0,0.0,0.0,0.0,0.0,0.0,0.0
0,34,467,0,0.0,0.0,0.0,0.0,0.0,0.0
0,47,182,0,0.0,0.0,0.0,0.0,0.0,0.0
0,35,48,0,0.0,0.0,0.0,0.0,0.0,0.0
0,243,473,0,0.0,0.0,0.0,0.0,0.0,0.0
0,298,34,0,6.984683e-26,0.0,0.0,0.0,0.0,0.0
0,222,16,0,0.0,0.0,0.0,0.0,0.0,0.0
0,37,241,0,0.0,0.0,0.0,0.0,0.0,0.0
0,409,19,0,0.0,0.0,0.0,0.0,0.0,0.0
0,33,14,0,0.0,0.0,0.0,0.0,0.0,0.0
0,31,344,0,0.0,0.0,0.0,0.0,0.0,0.0
0,272,456,0,0.0,0.0,0.0,0.0,0.0,0.0
0,17,279,0,0.0,0.0,0.0,0.0,0.0,0.0
0,138,483,0,0.0,0.0,0.0,0.0,0.0,0.0
0,164,483,0,0.0,0.0,0.0,0.0,0.0,0.0
0,455,157,0,1.9789822e-23,0.0,0.0,0.0,0.0,0.0
0,416,478,0,0.0,0.0,0.0,0.0,0.0,0.0
0,488,73,0,0.0,0.0,0.0,0.0,0.0,0.0
0,75,466,0,0.0,0.0,0.0,0.0,0.0,0.0
0,93,15,0,0.0,0.0,0.0,0.0,0.0,0.0
0,302,5,0,0.0,0.0,0.0,0.0,0.0,0.0
0,42,484,0,0.0,0.0,0.0,0.0,0.0,0.0
0,28,115,0,0.0,0.0,0.0,0.0,0.0,0.0
0,158,2,0,0.0,0.0,0.0,0.0,0.0,0.0
0,138,491,0,0.0,0.0,0.0,0.0,0.0,0.0
0,456,14,0,0.0,0.0,0.0,0.0,0.0,0.0
0,6,457,0,0.0,0.0,0.0,0.0,0.0,0.0
0,101,13,0,0.0,0.0,0.0,0.0,0.0,0.0
0,496,45,0,0.0,0.0,0.0,0.0,0.0,0.0
0,454,22,0,0.0,0.0,0.0,0.0,0.0,0.0
0,115,488,0,0.0,0.0,0.0,0.0,0.0,0.0
0,314,28,0,0.0,0.0,0.0,0.0,0.0,0.0
0,372,483,0,0.0,0.0,0.0,0.0,0.0,0.0
0,330,457,0,0.0,0.0,0.0,0.0,0.0,0.0
0,477,127,0,0.0,0.0,0.0,0.0,0.0,0.0
0,497,344,0,0.0,0.0,0.0,0.0,0.0,0.0
0,448,455,0,0.0,0.0,0.0,0.0,0.0,0.0
0,39,148,0,0.0,0.0,0.0,0.0,0.0,0.0
0,43,444,0,0.0,0.0,0.0,0.0,0.0,0.0
0,324,459,0,0.0,0.0,0.0,0.0,0.0,0.0
0,316,462,0,0.0,0.0,0.0,0.0,0.0,0.0
0,452,393,0,0.0,0.0,0.0,0.0,0.0,0.0
0,264,492,0,0.0,0.0,0.0,0.0,0.0,0.0
0,461,114,0,0.0,0.0,0.0,0.0,0.0,0.0
0,13,342,0,0.0,0.0,0.0,0.0,0.0,0.0
0,459,254,0,3.9344523e-23,0.0,0.0,0.0,0.0,0.0
0,32,23,0,0.0,0.0,0.0,0.0,0.0,0.0
0,34,348,0,0.0,0.0,0.0,0.0,0.0,0.0
0,416,44,0,0.0,0.0,0.0,0.0,0.0,0.0
0,47,15,0,0.0,0.0,0.0,0.0,0.0,0.0
0,471,45,0,0.0,0.0,0.0,0.0,0.0,0.0
0,23,98,0,0.0,0.0,0.0,0.0,0.0,0.0
0,479,10,0,0.0,0.0,0.0,0.0,0.0,0.0
0,455,89,0,0.0,0.0,0.0,0.0,0.0,0.0
0,53,4,0,0.0,0.0,0.0,0.0,0.0,0.0
0,205,26,0,0.0,0.0,0.0,0.0,0.0,0.0
0,491,207,0,0.0,0.0,0.0,0.0,0.0,0.0
0,37,222,0,0.0,0.0,0.0,0.0,0.0,0.0
0,18,492,0,0.0,0.0,0.0,0.0,0.0,0.0
0,11,330,0,0.0,0.0,0.0,0.0,0.0,0.0
0,455,19,0,0.0,0.0,0.0,0.0,0.0,0.0
0,479,158,0,0.0,0.0,0.0,0.0,0.0,0.0
0,37,137,0,0.0,0.0,0.0,0.0,0.0,0.0
0,411,477,0,0.0,0.0,0.0,0.0,0.0,0.0
0,5,238,0,0.0,0.0,0.0,0.0,0.0,0.0
0,491,163,0,0.0,0.0,0.0,0.0,0.0,0.0
0,28,397,0,0.0,0.0,0.0,0.0,0.0,0.0
0,486,39,0,0.0,0.0,0.0,0.0,0.0,0.0
0,320,474,0,0.0,0.0,0.0,0.0,0.0,0.0
0,480,489,0,0.0,0.0,0.0,0.0,0.0,0.0
0,461,490,0,0.0,0.0,0.0,0.0,0.0,0.0
0,463,492,0,0.0,0.0,0.0,0.0,0.0,0.0
0,480,445,0,0.0,0.0,0.0,0.0,0.0,0.0
0,239,473,0,0.0,0.0,0.0,0.0,0.0,0.0
0,418,45,0,0.0,0.0,0.0,0.0,0.0,0.0
0,28,123,0,0.0,0.0,0.0,0.0,0.0,0.0
0,47,365,0,2.3600327e-25,0.0,0.0,0.0,0.0,0.0
0,115,46,0,0.0,0.0,0.0,0.0,0.0,0.0
0,299,467,0,0.0,0.0,0.0,0.0,0.0,0.0
0,400,25,0,0.0,0.0,0.0,0.0,0.0,0.0
0,7,491,0,0.0,0.0,0.0,0.0,0.0,0.0
0,469,443,0,0.0,0.0,0.0,0.0,0.0,0.0
0,295,42,0,1.5341815e-22,0.0,0.0,0.0,0.0,0.0
0,485,254,0,0.0,0.0,0.0,0.0,0.0,0.0
0,81,27,0,0.0,0.0,0.0,0.0,0.0,0.0
0,473,245,0,3.5567987e-24,0.0,0.0,0.0,0.0,0.0
0,483,369,0,0.0,0.0,0.0,0.0,0.0,0.0
0,14,317,0,0.0,0.0,0.0,0.0,0.0,0.0
0,485,471,0,0.0,0.0,0.0,0.0,0.0,0.0
0,416,5,0,0.0,0.0,0.0,0.0,0.0,0.0
0,454,489,0,0.0,0.0,0.0,0.0,0.0,0.0
0,212,494,0,0.0,0.0,0.0,0.0,0.0,0.0
0,192,490,0,0.0,0.0,0.0,0.0,0.0,0.0
0,421,24,0,0.0,0.0,0.0,0.0,0.0,0.0
0,32,261,0,0.0,0.0,0.0,0.0,0.0,0.0
0,395,40,0,0.0,0.0,0.0,0.0,0.0,0.0
0,33,298,0,0.0,0.0,0.0,0.0,0.0,0.0
0,336,40,0,0.0,0.0,0.0,0.0,0.0,0.0
0,16,80,0,0.0,0.0,0.0,0.0,0.0,0.0
0,275,495,0,0.0,0.0,0.0,0.0,0.0,0.0
0,6,347,0,0.0,0.0,0.0,0.0,0.0,0.0
0,191,25,0,0.0,0.0,0.0,0.0,0.0,0.0
0,330,17,0,0.0,0.0,0.0,0.0,0.0,0.0
0,14,68,0,0.0,0.0,0.0,0.0,0.0,0.0
0,244,20,0,0.0,0.0,0.0,0.0,0.0,0.0
0,460,400,0,0.0,0.0,0.0,0.0,0.0,0.0
0,394,44,0,0.0,0.0,0.0,0.0,0.0,0.0
0,167,40,0,0.0,0.0,0.0,0.0,0.0,0.0
0,40,232,0,0.0,0.0,0.0,0.0,0.0,0.0
0,44,42,0,0.0,0.0,0.0,0.0,0.0,0.0
0,492,141,0,0.0,0.0,0.0,0.0,0.0,0.0
0,21,358,0,0.0,0.0,0.0,0.0,0.0,0.0
0,395,23,0,0.0,0.0,0.0,0.0,0.0,0.0
0,37,28,0,0.0,0.0,0.0,0.0,0.0,0.0
0,277,3,0,0.0,0.0,0.0,0.0,0.0,0.0
0,3,399,0,0.0,0.0,0.0,0.0,0.0,0.0
0,3,275,0,0.0,0.0,0.0,0.0,0.0,0.0
0,153,489,0,0.0,0.0,0.0,0.0,0.0,0.0
0,93,12,0,0.0,0.0,0.0,0.0,0.0,0.0
0,130,480,0,0.0,0.0,0.0,0.0,0.0,0.0
0,458,107,0,7.619487e-32,0.0,0.0,0.0,0.0,0.0
0,329,26,0,0.0,0.0,0.0,0.0,0.0,0.0
0,477,54,0,0.0,0.0,0.0,0.0,0.0,0.0
0,43,438,0,0.0,0.0,0.0,0.0,0.0,0.0
0,110,471,0,0.0,0.0,0.0,0.0,0.0,0.0
0,490,265,0,0.0,0.0,0.0,0.0,0.0,0.0
0,491,492,0,0.0,0.0,0.0,0.0,0.0,0.0
0,433,474,0,0.0,0.0,0.0,0.0,0.0,0.0
0,328,43,0,0.0,0.0,0.0,0.0,0.0,0.0
0,272,19,0,0.0,0.0,0.0,0.0,0.0,0.0
0,469,265,0,0.0,0.0,0.0,0.0,0.0,0.0
0,481,34,0,0.0,0.0,0.0,0.0,0.0,0.0
0,16,400,0,0.0,0.0,0.0,0.0,0.0,0.0
0,298,474,0,0.0,0.0,0.0,0.0,0.0,0.0
0,61,37,0,0.0,0.0,0.0,0.0,0.0,0.0
0,466,452,0,0.0,0.0,0.0,0.0,0.0,0.0
0,285,12,0,0.0,0.0,0.0,0.0,0.0,0.0
0,157,11,0,0.0,0.0,0.0,0.0,0.0,0.0
0,15,202,0,0.0,0.0,0.0,0.0,0.0,0.0
0,29,121,0,0.0,0.0,0.0,0.0,0.0,0.0
0,493,470,0,0.0,0.0,0.0,0.0,0.0,0.0
0,46,451,0,0.0,0.0,0.0,0.0,0.0,0.0
0,30,73,0,0.0,0.0,0.0,0.0,0.0,0.0
0,473,299,0,0.0,0.0,0.0,0.0,0.0,0.0
0,477,330,0,0.0,0.0,0.0,0.0,0.0,0.0
0,14,243,0,0.0,0.0,0.0,0.0,0.0,0.0
0,38,193,0,0.0,0.0,0.0,0.0,0.0,0.0
0,486,369,0,0.0,0.0,0.0,0.0,0.0,0.0
0,454,398,0,0.0,0.0,0.0,0.0,0.0,0.0
0,458,100,0,5.5521984e-32,0.0,0.0,0.0,0.0,0.0
0,261,487,0,0.0,0.0,0.0,0.0,0.0,0.0
0,16,322,0,0.0,0.0,0.0,0.0,0.0,0.0
0,26,179,0,0.0,0.0,0.0,0.0,0.0,0.0
0,418,46,0,0.0,0.0,0.0,0.0,0.0,0.0
0,295,30,0,2.0050899e-27,0.0,0.0,0.0,0.0,0.0
0,43,55,0,0.0,0.0,0.0,0.0,0.0,0.0
0,194,476,0,0.0,0.0,0.0,0.0,0.0,0.0
0,16,186,0,0.0,0.0,0.0,0.0,0.0,0.0
0,79,10,0,0.0,0.0,0.0,0.0,0.0,0.0
0,237,464,0,0.0,0.0,0.0,0.0,0.0,0.0
0,363,475,0,0.0,0.0,0.0,0.0,0.0,0.0
0,293,39,0,1.9462816e-23,0.0,0.0,0.0,0.0,0.0
0,484,478,0,0.0,0.0,0.0,0.0,0.0,0.0
0,259,462,0,0.0,0.0,0.0,0.0,0.0,0.0
0,17,114,0,0.0,0.0,0.0,0.0,0.0,0.0
0,484,455,0,0.0,0.0,0.0,0.0,0.0,0.0
0,467,458,0,0.0,0.0,0.0,0.0,0.0,0.0
0,457,95,0,1.5000729e-32,0.0,0.0,0.0,0.0,0.0
0,347,23,0,0.0,0.0,0.0,0.0,0.0,0.0
0,459,478,0,0.0,0.0,0.0,0.0,0.0,0.0
0,95,474,0,0.0,0.0,0.0,0.0,0.0,0.0
0,244,452,0,0.0,0.0,0.0,0.0,0.0,0.0
0,265,475,0,0.0,0.0,0.0,0.0,0.0,0.0
0,84,29,0,0.0,0.0,0.0,0.0,0.0,0.0
0,452,128,0,0.0,0.0,0.0,0.0,0.0,0.0
0,489,277,0,0.0,0.0,0.0,0.0,0.0,0.0
0,60,4,0,0.0,0.0,0.0,0.0,0.0,0.0
0,458,30,0,0.0,0.0,0.0,0.0,0.0,0.0
0,31,372,0,7.2915936e-37,0.0,0.0,0.0,0.0,0.0
0,479,256,0,0.0,0.0,0.0,0.0,0.0,0.0
0,31,285,0,0.0,0.0,0.0,0.0,0.0,0.0
0,42,439,0,0.0,0.0,0.0,0.0,0.0,0.0
0,299,30,0,2.5485655e-28,0.0,0.0,0.0,0.0,0.0
0,369,8,0,0.0,0.0,0.0,0.0,0.0,0.0
0,25,493,0,0.0,0.0,0.0,0.0,0.0,0.0
0,261,462,0,0.0,0.0,0.0,0.0,0.0,0.0
0,360,473,0,0.0,0.0,0.0,0.0,0.0,0.0
0,454,445,0,0.0,0.0,0.0,0.0,0.0,0.0
0,183,458,0,0.0,0.0,0.0,0.0,0.0,0.0
0,30,476,0,0.0,0.0,0.0,0.0,0.0,0.0
0,333,474,0,0.0,0.0,0.0,0.0,0.0,0.0
0,469,492,0,0.0,0.0,0.0,0.0,0.0,0.0
0,243,456,0,0.0,0.0,0.0,0.0,0.0,0.0
0,215,466,0,0.0,0.0,0.0,0.0,0.0,0.0
0,476,271,0,0.0,0.0,0.0,0.0,0.0,0.0
0,490,486,0,0.0,0.0,0.0,0.0,0.0,0.0
0,483,176,0,4.5530593e-34,0.0,0.0,0.0,0.0,0.0
0,491,195,0,0.0,0.0,0.0,0.0,0.0,0.0
0,264,488,0,0.0,0.0,0.0,0.0,0.0,0.0
0,122,19,0,0.0,0.0,0.0,0.0,0.0,0.0
0,249,33,0,0.0,0.0,0.0,0.0,0.0,0.0
0,214,481,0,0.0,0.0,0.0,0.0,0.0,0.0
0,19,75,0,0.0,0.0,0.0,0.0,0.0,0.0
0,347,28,0,0.0,0.0,0.0,0.0,0.0,0.0
0,439,476,0,0.0,0.0,0.0,0.0,0.0,0.0
0,408,8,0,0.0,0.0,0.0,0.0,0.0,0.0
0,92,21,0,0.0,0.0,0.0,0.0,0.0,0.0
0,270,36,0,9.5166996e-26,0.0,0.0,0.0,0.0,0.0
0,493,469,0,0.0,0.0,0.0,0.0,0.0,0.0
0,4,378,0,0.0,0.0,0.0,0.0,0.0,0.0
0,493,85,0,0.0,0.0,0.0,0.0,0.0,0.0
0,479,311,0,0.0,0.0,0.0,0.0,0.0,0.0
0,4,234,0,0.0,0.0,0.0,0.0,0.0,0.0
0,169,16,0,0.0,0.0,0.0,0.0,0.0,0.0
0,38,458,0,0.0,0.0,0.0,0.0,0.0,0.0
0,22,26,0,0.0,0.0,0.0,0.0,0.0,0.0
0,484,42,0,0.0,0.0,0.0,0.0,0.0,0.0
0,494,368,0,0.0,0.0,0.0,0.0,0.0,0.0
0,28,337,0,0.0,0.0,0.0,0.0,0.0,0.0
0,15,266,0,0.0,0.0,0.0,0.0,0.0,0.0
0,38,415,0,0.0,0.0,0.0,0.0,0.0,0.0
0,491,493,0,0.0,0.0,0.0,0.0,0.0,0.0
0,95,484,0,0.0,0.0,0.0,0.0,0.0,0.0
0,18,303,0,0.0,0.0,0.0,0.0,0.0,0.0
0,288,20,0,1.2014691e-34,0.0,0.0,0.0,0.0,0.0
0,142,35,0,0.0,0.0,0.0,0.0,0.0,0.0
0,459,387,0,0.0,0.0,0.0,0.0,0.0,0.0
0,454,102,0,1.4428541e-28,0.0,0.0,0.0,0.0,0.0
0,375,18,0,0.0,0.0,0.0,0.0,0.0,0.0
0,287,474,0,0.0,0.0,0.0,0.0,0.0,0.0
0,350,472,0,0.0,0.0,0.0,0.0,0.0,0.0
0,287,459,0,0.0,0.0,0.0,0.0,0.0,0.0
0,490,270,0,0.0,0.0,0.0,0.0,0.0,0.0
0,364,41,0,0.0,0.0,0.0,0.0,0.0,0.0
0,468,202,0,1.9793759e-23,0.0,0.0,0.0,0.0,0.0
0,454,424,0,0.0,0.0,0.0,0.0,0.0,0.0
0,335,43,0,0.0,0.0,0.0,0.0,0.0,0.0
0,290,5,0,0.0,0.0,0.0,0.0,0.0,0.0
0,400,453,0,1.0750472e-25,0.0,0.0,0.0,0.0,0.0
0,201,7,0,0.0,0.0,0.0,0.0,0.0,0.0
0,37,278,0,0.0,0.0,0.0,0.0,0.0,0.0
0,457,4,0,0.0,0.0,0.0,0.0,0.0,0.0
0,145,45,0,0.0,0.0,0.0,0.0,0.0,0.0
0,179,18,0,0.0,0.0,0.0,0.0,0.0,0.0
0,316,28,0,0.0,0.0,0.0,0.0,0.0,0.0
0,34,418,0,0.0,0.0,0.0,0.0,0.0,0.0
0,152,37,0,0.0,0.0,0.0,0.0,0.0,0.0
0,121,468,0,0.0,0.0,0.0,0.0,0.0,0.0
0,5,278,0,0.0,0.0,0.0,0.0,0.0,0.0
0,479,455,0,0.0,0.0,0.0,0.0,0.0,0.0
0,458,389,0,0.0,0.0,0.0,0.0,0.0,0.0
0,62,37,0,0.0,0.0,0.0,0.0,0.0,0.0
0,4,153,0,0.0,0.0,0.0,0.0,0.0,0.0
0,249,35,0,0.0,0.0,0.0,0.0,0.0,0.0
0,171,470,0,0.0,0.0,0.0,0.0,0.0,0.0
0,4,56,0,0.0,0.0,0.0,0.0,0.0,0.0
0,12,44,0,0.0,0.0,0.0,0.0,0.0,0.0
0,343,9,0,0.0,0.0,0.0,0.0,0.0,0.0
0,32,67,0,0.0,0.0,0.0,0.0,0.0,0.0
0,200,495,0,0.0,0.0,0.0,0.0,0.0,0.0
0,496,409,0,0.0,0.0,0.0,0.0,0.0,0.0
0,74,486,0,0.0,0.0,0.0,0.0,0.0,0.0
0,22,94,0,0.0,0.0,0.0,0.0,0.0,0.0
0,4,441,0,0.0,0.0,0.0,0.0,0.0,0.0
0,84,14,0,0.0,0.0,0.0,0.0,0.0,0.0
0,95,491,0,0.0,0.0,0.0,0.0,0.0,0.0
0,38,311,0,0.0,0.0,0.0,0.0,0.0,0.0
0,19,301,0,0.0,0.0,0.0,0.0,0.0,0.0
0,452,283,0,0.0,0.0,0.0,0.0,0.0,0.0
0,494,459,0,0.0,0.0,0.0,0.0,0.0,0.0
0,474,237,0,5.84173e-23,0.0,0.0,0.0,0.0,0.0
0,486,317,0,0.0,0.0,0.0,0.0,0.0,0.0
0,53,16,0,0.0,0.0,0.0,0.0,0.0,0.0
0,492,355,0,0.0,0.0,0.0,0.0,0.0,0.0
0,40,54,0,0.0,0.0,0.0,0.0,0.0,0.0
0,22,155,0,0.0,0.0,0.0,0.0,0.0,0.0
0,36,14,0,0.0,0.0,0.0,0.0,0.0,0.0
0,478,285,0,0.0,0.0,0.0,0.0,0.0,0.0
0,141,490,0,0.0,0.0,0.0,0.0,0.0,0.0
0,273,45,0,4.4147933e-22,0.0,0.0,0.0,0.0,0.0
0,493,478,0,0.0,0.0,0.0,0.0,0.0,0.0
0,155,466,0,0.0,0.0,0.0,0.0,0.0,0.0
0,5,482,0,0.0,0.0,0.0,0.0,0.0,0.0
0,26,394,0,0.0,0.0,0.0,0.0,0.0,0.0
0,487,150,0,0.0,0.0,0.0,0.0,0.0,0.0
0,12,426,0,0.0,0.0,0.0,0.0,0.0,0.0
0,482,204,0,0.0,0.0,0.0,0.0,0.0,0.0
0,452,418,0,0.0,0.0,0.0,0.0,0.0,0.0
0,10,427,0,0.0,0.0,0.0,0.0,0.0,0.0
0,466,253,0,2.4396579e-24,0.0,0.0,0.0,0.0,0.0
0,452,231,0,2.7653959e-14,0.0,0.0,0.0,0.0,0.0
0,31,408,0,0.0,0.0,0.0,0.0,0.0,0.0
0,463,91,0,0.0,0.0,0.0,0.0,0.0,0.0
0,496,366,0,0.0,0.0,0.0,0.0,0.0,0.0
0,495,344,0,0.0,0.0,0.0,0.0,0.0,0.0
0,38,404,0,0.0,0.0,0.0,0.0,0.0,0.0
0,480,474,0,0.0,0.0,0.0,0.0,0.0,0.0
0,43,470,0,0.0,0.0,0.0,0.0,0.0,0.0
0,200,40,0,0.0,0.0,0.0,0.0,0.0,0.0
0,393,13,0,0.0,0.0,0.0,0.0,0.0,0.0
0,374,496,0,0.0,0.0,0.0,0.0,0.0,0.0
0,455,58,0,0.0,0.0,0.0,0.0,0.0,0.0
0,44,44,0,0.0,0.0,0.0,0.0,0.0,0.0
0,450,453,0,0.0,0.0,0.0,0.0,0.0,0.0
0,347,477,0,0.0,0.0,0.0,0.0,0.0,0.0
0,299,42,0,4.0339933e-23,0.0,0.0,0.0,0.0,0.0
0,10,277,0,0.0,0.0,0.0,0.0,0.0,0.0
0,458,467,0,0.0,0.0,0.0,0.0,0.0,0.0
0,302,4,0,0.0,0.0,0.0,0.0,0.0,0.0
0,113,42,0,0.0,0.0,0.0,0.0,0.0,0.0
0,76,458,0,0.0,0.0,0.0,0.0,0.0,0.0
0,190,454,0,0.0,0.0,0.0,0.0,0.0,0.0
0,219,478,0,0.0,0.0,0.0,0.0,0.0,0.0
0,187,22,0,0.0,0.0,0.0,0.0,0.0,0.0
0,35,126,0,0.0,0.0,0.0,0.0,0.0,0.0
0,457,291,0,0.0,0.0,0.0,0.0,0.0,0.0
0,16,472,0,0.0,0.0,0.0,0.0,0.0,0.0
0,77,42,0,0.0,0.0,0.0,0.0,0.0,0.0
0,379,458,0,4.902074e-25,0.0,0.0,0.0,0.0,0.0
0,452,236,0,1.0085176e-15,0.0,0.0,0.0,0.0,0.0
0,476,156,0,0.0,0.0,0.0,0.0,0.0,0.0
0,41,299,0,0.0,0.0,0.0,0.0,0.0,0.0
0,348,470,0,0.0,0.0,0.0,0.0,0.0,0.0
0,486,267,0,0.0,0.0,0.0,0.0,0.0,0.0
0,8,481,0,0.0,0.0,0.0,0.0,0.0,0.0
0,33,258,0,0.0,0.0,0.0,0.0,0.0,0.0
0,403,477,0,0.0,0.0,0.0,0.0,0.0,0.0
0,10,269,0,0.0,0.0,0.0,0.0,0.0,0.0
0,491,247,0,0.0,0.0,0.0,0.0,0.0,0.0
0,14,489,0,0.0,0.0,0.0,0.0,0.0,0.0
0,464,398,0,0.0,0.0,0.0,0.0,0.0,0.0
0,463,224,0,9.7723035e-18,0.0,0.0,0.0,0.0,0.0
0,230,479,0,0.0,0.0,0.0,0.0,0.0,0.0
0,32,337,0,0.0,0.0,0.0,0.0,0.0,0.0
0,486,468,0,0.0,0.0,0.0,0.0,0.0,0.0
0,484,197,0,0.0,0.0,0.0,0.0,0.0,0.0
0,491,22,0,0.0,0.0,0.0,0.0,0.0,0.0
0,23,453,0,0.0,0.0,0.0,0.0,0.0,0.0
0,159,40,0,0.0,0.0,0.0,0.0,0.0,0.0
0,265,23,0,0.0,0.0,0.0,0.0,0.0,0.0
0,31,434,0,0.0,0.0,0.0,0.0,0.0,0.0
0,66,39,0,0.0,0.0,0.0,0.0,0.0,0.0
0,105,476,0,0.0,0.0,0.0,0.0,0.0,0.0
0,23,224,0,0.0,0.0,0.0,0.0,0.0,0.0
0,49,19,0,0.0,0.0,0.0,0.0,0.0,0.0
0,482,139,0,0.0,0.0,0.0,0.0,0.0,0.0
0,366,464,0,4.519374e-30,0.0,0.0,0.0,0.0,0.0
0,389,467,0,7.9712676e-32,0.0,0.0,0.0,0.0,0.0
0,47,306,0,0.0,0.0,0.0,0.0,0.0,0.0
0,286,472,0,0.0,0.0,0.0,0.0,0.0,0.0
0,29,60,0,0.0,0.0,0.0,0.0,0.0,0.0
0,316,15,0,0.0,0.0,0.0,0.0,0.0,0.0
0,452,364,0,0.0,0.0,0.0,0.0,0.0,0.0
0,453,310,0,0.0,0.0,0.0,0.0,0.0,0.0
0,141,6,0,0.0,0.0,0.0,0.0,0.0,0.0
0,282,32,0,6.081183e-26,0.0,0.0,0.0,0.0,0.0
0,457,350,0,0.0,0.0,0.0,0.0,0.0,0.0
0,332,19,0,0.0,0.0,0.0,0.0,0.0,0.0
0,26,82,0,0.0,0.0,0.0,0.0,0.0,0.0
0,3,29,0,0.0,0.0,0.0,0.0,0.0,0.0
0,61,452,0,0.0,0.0,0.0,0.0,0.0,0.0
0,30,341,0,0.0,0.0,0.0,0.0,0.0,0.0
0,494,36,0,0.0,0.0,0.0,0.0,0.0,0.0
0,338,11,0,0.0,0.0,0.0,0.0,0.0,0.0
0,372,44,0,0.0,0.0,0.0,0.0,0.0,0.0
0,452,25,0,0.0,0.0,0.0,0.0,0.0,0.0
0,471,252,0,2.2987394e-25,0.0,0.0,0.0,0.0,0.0
0,460,41,0,0.0,0.0,0.0,0.0,0.0,0.0
0,248,486,0,0.0,0.0,0.0,0.0,0.0,0.0
0,33,383,0,8.643877e-35,0.0,0.0,0.0,0.0,0.0
0,37,257,0,0.0,0.0,0.0,0.0,0.0,0.0
0,118,461,0,0.0,0.0,0.0,0.0,0.0,0.0
0,229,46,0,0.0,0.0,0.0,0.0,0.0,0.0
0,484,100,0,0.0,0.0,0.0,0.0,0.0,0.0
0,358,489,0,0.0,0.0,0.0,0.0,0.0,0.0
0,296,454,0,0.0,0.0,0.0,0.0,0.0,0.0
0,489,243,0,0.0,0.0,0.0,0.0,0.0,0.0
0,21,325,0,0.0,0.0,0.0,0.0,0.0,0.0
0,39,491,0,0.0,0.0,0.0,0.0,0.0,0.0
0,195,471,0,0.0,0.0,0.0,0.0,0.0,0.0
0,470,494,0,0.0,0.0,0.0,0.0,0.0,0.0
0,491,253,0,0.0,0.0,0.0,0.0,0.0,0.0
0,282,492,0,0.0,0.0,0.0,0.0,0.0,0.0
0,471,466,0,0.0,0.0,0.0,0.0,0.0,0.0
0,17,490,0,0.0,0.0,0.0,0.0,0.0,0.0
0,43,65,0,0.0,0.0,0.0,0.0,0.0,0.0
0,490,76,0,0.0,0.0,0.0,0.0,0.0,0.0
0,27,280,0,0.0,0.0,0.0,0.0,0.0,0.0
0,26,328,0,0.0,0.0,0.0,0.0,0.0,0.0
0,497,420,0,0.0,0.0,0.0,0.0,0.0,0.0
0,44,95,0,0.0,0.0,0.0,0.0,0.0,0.0
0,431,455,0,0.0,0.0,0.0,0.0,0.0,0.0
0,446,33,0,0.0,0.0,0.0,0.0,0.0,0.0
0,203,41,0,0.0,0.0,0.0,0.0,0.0,0.0
0,490,285,0,0.0,0.0,0.0,0.0,0.0,0.0
0,33,343,0,0.0,0.0,0.0,0.0,0.0,0.0
0,201,28,0,0.0,0.0,0.0,0.0,0.0,0.0
0,407,35,0,0.0,0.0,0.0,0.0,0.0,0.0
0,376,474,0,5.4011805e-38,0.0,0.0,0.0,0.0,0.0
0,203,42,0,0.0,0.0,0.0,0.0,0.0,0.0
0,367,41,0,0.0,0.0,0.0,0.0,0.0,0.0
0,25,19,0,0.0,0.0,0.0,0.0,0.0,0.0
0,26,300,0,0.0,0.0,0.0,0.0,0.0,0.0
0,411,34,0,0.0,0.0,0.0,0.0,0.0,0.0
0,453,365,0,0.0,0.0,0.0,0.0,0.0,0.0
0,164,481,0,0.0,0.0,0.0,0.0,0.0,0.0
0,37,387,0,6.5457726e-32,0.0,0.0,0.0,0.0,0.0
0,45,486,0,0.0,0.0,0.0,0.0,0.0,0.0
0,38,52,0,0.0,0.0,0.0,0.0,0.0,0.0
0,124,4,0,0.0,0.0,0.0,0.0,0.0,0.0
0,213,463,0,0.0,0.0,0.0,0.0,0.0,0.0
0,22,424,0,0.0,0.0,0.0,0.0,0.0,0.0
0,293,476,0,0.0,0.0,0.0,0.0,0.0,0.0
0,36,22,0,0.0,0.0,0.0,0.0,0.0,0.0
0,339,483,0,0.0,0.0,0.0,0.0,0.0,0.0
0,64,31,0,0.0,0.0,0.0,0.0,0.0,0.0
0,397,46,0,0.0,0.0,0.0,0.0,0.0,0.0
0,470,174,0,2.5323384e-25,0.0,0.0,0.0,0.0,0.0
0,6,244,0,0.0,0.0,0.0,0.0,0.0,0.0
0,485,492,0,0.0,0.0,0.0,0.0,0.0,0.0
0,162,46,0,0.0,0.0,0.0,0.0,0.0,0.0
0,180,11,0,0.0,0.0,0.0,0.0,0.0,0.0
0,476,91,0,0.0,0.0,0.0,0.0,0.0,0.0
0,195,3,0,0.0,0.0,0.0,0.0,0.0,0.0
0,376,21,0,0.0,0.0,0.0,0.0,0.0,0.0
0,480,21,0,0.0,0.0,0.0,0.0,0.0,0.0
0,480,137,0,0.0,0.0,0.0,0.0,0.0,0.0
0,387,12,0,0.0,0.0,0.0,0.0,0.0,0.0
0,460,7,0,0.0,0.0,0.0,0.0,0.0,0.0
0,474,176,0,5.7475027e-27,0.0,0.0,0.0,0.0,0.0
0,469,374,0,0.0,0.0,0.0,0.0,0.0,0.0
0,334,489,0,0.0,0.0,0.0,0.0,0.0,0.0
0,470,315,0,0.0,0.0,0.0,0.0,0.0,0.0
0,117,29,0,0.0,0.0,0.0,0.0,0.0,0.0
0,355,467,0,0.0,0.0,0.0,0.0,0.0,0.0
0,244,456,0,0.0,0.0,0.0,0.0,0.0,0.0
0,406,14,0,0.0,0.0,0.0,0.0,0.0,0.0
0,9,40,0,0.0,0.0,0.0,0.0,0.0,0.0
0,6,143,0,0.0,0.0,0.0,0.0,0.0,0.0
0,194,474,0,0.0,0.0,0.0,0.0,0.0,0.0
0,226,460,0,0.0,0.0,0.0,0.0,0.0,0.0
0,460,126,0,0.0,0.0,0.0,0.0,0.0,0.0
0,95,469,0,0.0,0.0,0.0,0.0,0.0,0.0
0,43,225,0,0.0,0.0,0.0,0.0,0.0,0.0
0,193,494,0,0.0,0.0,0.0,0.0,0.0,0.0
0,453,485,0,0.0,0.0,0.0,0.0,0.0,0.0
0,458,195,0,6.5459193e-22,0.0,0.0,0.0,0.0,0.0
0,205,32,0,0.0,0.0,0.0,0.0,0.0,0.0
0,339,480,0,0.0,0.0,0.0,0.0,0.0,0.0
0,47,106,0,0.0,0.0,0.0,0.0,0.0,0.0
0,234,471,0,0.0,0.0,0.0,0.0,0.0,0.0
0,366,13,0,0.0,0.0,0.0,0.0,0.0,0.0
0,474,153,0,0.0,0.0,0.0,0.0,0.0,0.0
0,120,25,0,0.0,0.0,0.0,0.0,0.0,0.0
0,453,7,0,0.0,0.0,0.0,0.0,0.0,0.0
0,45,321,0,0.0,0.0,0.0,0.0,0.0,0.0
0,132,6,0,0.0,0.0,0.0,0.0,0.0,0.0
0,3,323,0,0.0,0.0,0.0,0.0,0.0,0.0
0,100,461,0,0.0,0.0,0.0,0.0,0.0,0.0
0,479,44,0,0.0,0.0,0.0,0.0,0.0,0.0
0,95,28,0,0.0,0.0,0.0,0.0,0.0,0.0
0,422,461,0,0.0,0.0,0.0,0.0,0.0,0.0
0,274,47,0,3.2501748e-21,0.0,0.0,0.0,0.0,0.0
0,211,4,0,0.0,0.0,0.0,0.0,0.0,0.0
0,30,470,0,0.0,0.0,0.0,0.0,0.0,0.0
0,13,489,0,0.0,0.0,0.0,0.0,0.0,0.0
0,46,3,0,0.0,0.0,0.0,0.0,0.0,0.0
0,262,456,0,0.0,0.0,0.0,0.0,0.0,0.0
0,235,452,0,0.0,0.0,0.0,0.0,0.0,0.0
0,458,343,0,0.0,0.0,0.0,0.0,0.0,0.0
0,46,477,0,0.0,0.0,0.0,0.0,0.0,0.0
0,38,455,0,0.0,0.0,0.0,0.0,0.0,0.0
0,12,442,0,0.0,0.0,0.0,0.0,0.0,0.0
0,201,18,0,0.0,0.0,0.0,0.0,0.0,0.0
0,11,483,0,0.0,0.0,0.0,0.0,0.0,0.0
0,221,37,0,0.0,0.0,0.0,0.0,0.0,0.0
0,204,477,0,0.0,0.0,0.0,0.0,0.0,0.0
0,487,274,0,0.0,0.0,0.0,0.0,0.0,0.0
0,466,161,0,7.987366e-26,0.0,0.0,0.0,0.0,0.0
0,496,434,0,0.0,0.0,0.0,0.0,0.0,0.0
0,372,453,0,1.9462816e-23,0.0,0.0,0.0,0.0,0.0
0,473,35,0,0.0,0.0,0.0,0.0,0.0,0.0
0,462,454,0,0.0,0.0,0.0,0.0,0.0,0.0
0,14,462,0,0.0,0.0,0.0,0.0,0.0,0.0
0,486,477,0,0.0,0.0,0.0,0.0,0.0,0.0
0,169,460,0,0.0,0.0,0.0,0.0,0.0,0.0
0,37,191,0,0.0,0.0,0.0,0.0,0.0,0.0
0,418,21,0,0.0,0.0,0.0,0.0,0.0,0.0
0,478,299,0,0.0,0.0,0.0,0.0,0.0,0.0
0,48,486,0,0.0,0.0,0.0,0.0,0.0,0.0
0,18,226,0,0.0,0.0,0.0,0.0,0.0,0.0
0,420,493,0,0.0,0.0,0.0,0.0,0.0,0.0
0,497,7,0,0.0,0.0,0.0,0.0,0.0,0.0
0,478,137,0,0.0,0.0,0.0,0.0,0.0,0.0
0,199,45,0,0.0,0.0,0.0,0.0,0.0,0.0
0,126,463,0,0.0,0.0,0.0,0.0,0.0,0.0
0,17,137,0,0.0,0.0,0.0,0.0,0.0,0.0
0,270,42,0,1.16753536e-23,0.0,0.0,0.0,0.0,0.0
0,277,461,0,0.0,0.0,0.0,0.0,0.0,0.0
0,463,332,0,0.0,0.0,0.0,0.0,0.0,0.0
0,6,425,0,0.0,0.0,0.0,0.0,0.0,0.0
0,460,312,0,0.0,0.0,0.0,0.0,0.0,0.0
0,30,251,0,0.0,0.0,0.0,0.0,0.0,0.0
0,221,467,0,0.0,0.0,0.0,0.0,0.0,0.0
0,76,477,0,0.0,0.0,0.0,0.0,0.0,0.0
0,434,46,0,0.0,0.0,0.0,0.0,0.0,0.0
0,5,6,0,0.0,0.0,0.0,0.0,0.0,0.0
0,12,495,0,0.0,0.0,0.0,0.0,0.0,0.0
0,13,132,0,0.0,0.0,0.0,0.0,0.0,0.0
0,461,423,0,0.0,0.0,0.0,0.0,0.0,0.0
0,217,488,0,0.0,0.0,0.0,0.0,0.0,0.0
0,36,5,0,0.0,0.0,0.0,0.0,0.0,0.0
0,440,475,0,0.0,0.0,0.0,0.0,0.0,0.0
0,235,496,0,0.0,0.0,0.0,0.0,0.0,0.0
0,463,204,0,1.6359641e-21,0.0,0.0,0.0,0.0,0.0
0,464,490,0,0.0,0.0,0.0,0.0,0.0,0.0
0,29,409,0,0.0,0.0,0.0,0.0,0.0,0.0
0,268,6,0,0.0,0.0,0.0,0.0,0.0,0.0
0,457,186,0,2.9086407e-20,0.0,0.0,0.0,0.0,0.0
0,497,281,0,0.0,0.0,0.0,0.0,0.0,0.0
0,466,85,0,0.0,0.0,0.0,0.0,0.0,0.0
0,378,8,0,0.0,0.0,0.0,0.0,0.0,0.0
0,479,2,0,0.0,0.0,0.0,0.0,0.0,0.0
0,240,480,0,0.0,0.0,0.0,0.0,0.0,0.0
0,43,20,0,0.0,0.0,0.0,0.0,0.0,0.0
0,14,156,0,0.0,0.0,0.0,0.0,0.0,0.0
0,274,9,0,0.0,0.0,0.0,0.0,0.0,0.0
0,25,33,0,0.0,0.0,0.0,0.0,0.0,0.0
0,347,478,0,0.0,0.0,0.0,0.0,0.0,0.0
0,429,23,0,0.0,0.0,0.0,0.0,0.0,0.0
0,480,467,0,0.0,0.0,0.0,0.0,0.0,0.0
0,470,9,0,0.0,0.0,0.0,0.0,0.0,0.0
0,49,469,0,0.0,0.0,0.0,0.0,0.0,0.0
0,463,27,0,0.0,0.0,0.0,0.0,0.0,0.0
0,40,351,0,0.0,0.0,0.0,0.0,0.0,0.0
0,194,469,0,0.0,0.0,0.0,0.0,0.0,0.0
0,286,495,0,0.0,0.0,0.0,0.0,0.0,0.0
0,449,4,0,0.0,0.0,0.0,0.0,0.0,0.0
0,458,123,0,0.0,0.0,0.0,0.0,0.0,0.0
0,11,31,0,0.0,0.0,0.0,0.0,0.0,0.0
0,329,474,0,0.0,0.0,0.0,0.0,0.0,0.0
0,475,91,0,0.0,0.0,0.0,0.0,0.0,0.0
0,464,438,0,0.0,0.0,0.0,0.0,0.0,0.0
0,489,33,0,0.0,0.0,0.0,0.0,0.0,0.0
0,298,489,0,0.0,0.0,0.0,0.0,0.0,0.0
0,140,463,0,0.0,0.0,0.0,0.0,0.0,0.0
0,496,307,0,0.0,0.0,0.0,0.0,0.0,0.0
0,200,457,0,0.0,0.0,0.0,0.0,0.0,0.0
0,474,59,0,0.0,0.0,0.0,0.0,0.0,0.0
0,38,47,0,0.0,0.0,0.0,0.0,0.0,0.0
0,454,428,0,0.0,0.0,0.0,0.0,0.0,0.0
0,5,225,0,0.0,0.0,0.0,0.0,0.0,0.0
0,352,479,0,0.0,0.0,0.0,0.0,0.0,0.0
0,401,469,0,0.0,0.0,0.0,0.0,0.0,0.0
0,459,426,0,0.0,0.0,0.0,0.0,0.0,0.0
0,223,470,0,0.0,0.0,0.0,0.0,0.0,0.0
0,460,38,0,0.0,0.0,0.0,0.0,0.0,0.0
0,9,33,0,0.0,0.0,0.0,0.0,0.0,0.0
0,35,18,0,0.0,0.0,0.0,0.0,0.0,0.0
0,23,497,0,0.0,0.0,0.0,0.0,0.0,0.0
0,56,470,0,0.0,0.0,0.0,0.0,0.0,0.0
0,15,13,0,0.0,0.0,0.0,0.0,0.0,0.0
0,229,5,0,0.0,0.0,0.0,0.0,0.0,0.0
0,477,478,0,0.0,0.0,0.0,0.0,0.0,0.0
0,493,481,0,0.0,0.0,0.0,0.0,0.0,0.0
0,150,20,0,0.0,0.0,0.0,0.0,0.0,0.0
0,299,468,0,0.0,0.0,0.0,0.0,0.0,0.0
0,292,480,0,0.0,0.0,0.0,0.0,0.0,0.0
0,496,389,0,0.0,0.0,0.0,0.0,0.0,0.0
0,467,230,0,1.6427097e-19,0.0,0.0,0.0,0.0,0.0
0,160,16,0,0.0,0.0,0.0,0.0,0.0,0.0
0,220,478,0,0.0,0.0,0.0,0.0,0.0,0.0
0,188,9,0,0.0,0.0,0.0,0.0,0.0,0.0
0,14,259,0,0.0,0.0,0.0,0.0,0.0,0.0
0,29,462,0,0.0,0.0,0.0,0.0,0.0,0.0
0,125,478,0,0.0,0.0,0.0,0.0,0.0,0.0
0,44,45,0,0.0,0.0,0.0,0.0,0.0,0.0
0,8,93,0,0.0,0.0,0.0,0.0,0.0,0.0
0,470,173,0,2.0719195e-25,0.0,0.0,0.0,0.0,0.0
0,104,452,0,0.0,0.0,0.0,0.0,0.0,0.0
0,477,465,0,0.0,0.0,0.0,0.0,0.0,0.0
0,425,5,0,0.0,0.0,0.0,0.0,0.0,0.0
0,8,340,0,0.0,0.0,0.0,0.0,0.0,0.0
0,10,443,0,0.0,0.0,0.0,0.0,0.0,0.0
0,345,463,0,0.0,0.0,0.0,0.0,0.0,0.0
0,164,461,0,0.0,0.0,0.0,0.0,0.0,0.0
0,29,81,0,0.0,0.0,0.0,0.0,0.0,0.0
0,35,312,0,0.0,0.0,0.0,0.0,0.0,0.0
0,5,166,0,0.0,0.0,0.0,0.0,0.0,0.0
0,45,43,0,0.0,0.0,0.0,0.0,0.0,0.0
0,436,19,0,0.0,0.0,0.0,0.0,0.0,0.0
0,484,427,0,0.0,0.0,0.0,0.0,0.0,0.0
0,298,12,0,0.0,0.0,0.0,0.0,0.0,0.0
0,489,21,0,0.0,0.0,0.0,0.0,0.0,0.0
0,497,477,0,0.0,0.0,0.0,0.0,0.0,0.0
0,236,493,0,0.0,0.0,0.0,0.0,0.0,0.0
0,256,43,0,0.0,0.0,0.0,0.0,0.0,0.0
0,53,483,0,0.0,0.0,0.0,0.0,0.0,0.0
0,163,20,0,0.0,0.0,0.0,0.0,0.0,0.0
0,45,313,0,0.0,0.0,0.0,0.0,0.0,0.0
0,470,331,0,0.0,0.0,0.0,0.0,0.0,0.0
0,456,164,0,6.412463e-22,0.0,0.0,0.0,0.0,0.0
0,475,304,0,0.0,0.0,0.0,0.0,0.0,0.0
0,462,373,0,0.0,0.0,0.0,0.0,0.0,0.0
0,2,258,0,0.0,0.0,0.0,0.0,0.0,0.0
0,27,69,0,0.0,0.0,0.0,0.0,0.0,0.0
0,85,13,0,0.0,0.0,0.0,0.0,0.0,0.0
0,87,12,0,0.0,0.0,0.0,0.0,0.0,0.0
0,72,27,0,0.0,0.0,0.0,0.0,0.0,0.0
0,491,467,0,0.0,0.0,0.0,0.0,0.0,0.0
0,454,137,0,0.0,0.0,0.0,0.0,0.0,0.0
0,490,34,0,0.0,0.0,0.0,0.0,0.0,0.0
0,490,44,0,0.0,0.0,0.0,0.0,0.0,0.0
0,44,465,0,0.0,0.0,0.0,0.0,0.0,0.0
0,6,99,0,0.0,0.0,0.0,0.0,0.0,0.0
0,493,33,0,0.0,0.0,0.0,0.0,0.0,0.0
0,490,245,0,0.0,0.0,0.0,0.0,0.0,0.0
0,37,108,0,0.0,0.0,0.0,0.0,0.0,0.0
0,64,470,0,0.0,0.0,0.0,0.0,0.0,0.0
0,308,28,0,0.0,0.0,0.0,0.0,0.0,0.0
0,454,316,0,0.0,0.0,0.0,0.0,0.0,0.0
0,2,36,0,0.0,0.0,0.0,0.0,0.0,0.0
0,14,76,0,0.0,0.0,0.0,0.0,0.0,0.0
0,216,26,0,0.0,0.0,0.0,0.0,0.0,0.0
0,469,4,0,0.0,0.0,0.0,0.0,0.0,0.0
0,427,461,0,0.0,0.0,0.0,0.0,0.0,0.0
0,307,8,0,0.0,0.0,0.0,0.0,0.0,0.0
0,245,6,0,0.0,0.0,0.0,0.0,0.0,0.0
0,38,174,0,0.0,0.0,0.0,0.0,0.0,0.0
0,459,485,0,0.0,0.0,0.0,0.0,0.0,0.0
0,41,102,0,0.0,0.0,0.0,0.0,0.0,0.0
0,286,31,0,2.7119617e-26,0.0,0.0,0.0,0.0,0.0
0,199,36,0,0.0,0.0,0.0,0.0,0.0,0.0
0,77,21,0,0.0,0.0,0.0,0.0,0.0,0.0
0,26,471,0,0.0,0.0,0.0,0.0,0.0,0.0
0,46,452,0,0.0,0.0,0.0,0.0,0.0,0.0
0,466,225,0,6.927096e-19,0.0,0.0,0.0,0.0,0.0
0,58,38,0,0.0,0.0,0.0,0.0,0.0,0.0
0,28,69,0,0.0,0.0,0.0,0.0,0.0,0.0
0,355,15,0,0.0,0.0,0.0,0.0,0.0,0.0
0,328,23,0,0.0,0.0,0.0,0.0,0.0,0.0
0,308,33,0,0.0,0.0,0.0,0.0,0.0,0.0
0,473,381,0,0.0,0.0,0.0,0.0,0.0,0.0
0,38,364,0,2.563761e-31,0.0,0.0,0.0,0.0,0.0
0,257,456,0,0.0,0.0,0.0,0.0,0.0,0.0
0,460,214,0,5.1612517e-18,0.0,0.0,0.0,0.0,0.0
0,485,22,0,0.0,0.0,0.0,0.0,0.0,0.0
0,457,167,0,1.3550308e-21,0.0,0.0,0.0,0.0,0.0
0,386,459,0,1.00894016e-25,0.0,0.0,0.0,0.0,0.0
0,386,486,0,0.0,0.0,0.0,0.0,0.0,0.0
0,47,45,0,0.0,0.0,0.0,0.0,0.0,0.0
0,280,485,0,0.0,0.0,0.0,0.0,0.0,0.0
0,23,6,0,0.0,0.0,0.0,0.0,0.0,0.0
0,387,492,0,0.0,0.0,0.0,0.0,0.0,0.0
0,14,352,0,0.0,0.0,0.0,0.0,0.0,0.0
0,493,285,0,0.0,0.0,0.0,0.0,0.0,0.0
0,43,399,0,0.0,0.0,0.0,0.0,0.0,0.0
0,8,163,0,0.0,0.0,0.0,0.0,0.0,0.0
0,219,453,0,0.0,0.0,0.0,0.0,0.0,0.0
0,36,349,0,0.0,0.0,0.0,0.0,0.0,0.0
0,357,45,0,0.0,0.0,0.0,0.0,0.0,0.0
0,258,7,0,0.0,0.0,0.0,0.0,0.0,0.0
0,8,74,0,0.0,0.0,0.0,0.0,0.0,0.0
0,17,9,0,0.0,0.0,0.0,0.0,0.0,0.0
0,469,322,0,0.0,0.0,0.0,0.0,0.0,0.0
0,24,493,0,0.0,0.0,0.0,0.0,0.0,0.0
0,24,114,0,0.0,0.0,0.0,0.0,0.0,0.0
0,465,66,0,0.0,0.0,0.0,0.0,0.0,0.0
0,491,278,0,0.0,0.0,0.0,0.0,0.0,0.0
0,383,25,0,0.0,0.0,0.0,0.0,0.0,0.0
0,39,194,0,0.0,0.0,0.0,0.0,0.0,0.0
0,494,8,0,0.0,0.0,0.0,0.0,0.0,0.0
0,330,486,0,0.0,0.0,0.0,0.0,0.0,0.0
0,495,467,0,0.0,0.0,0.0,0.0,0.0,0.0
0,445,16,0,0.0,0.0,0.0,0.0,0.0,0.0
0,454,97,0,2.681317e-29,0.0,0.0,0.0,0.0,0.0
0,20,406,0,0.0,0.0,0.0,0.0,0.0,0.0
0,476,480,0,0.0,0.0,0.0,0.0,0.0,0.0
0,486,248,0,0.0,0.0,0.0,0.0,0.0,0.0
0,152,6,0,0.0,0.0,0.0,0.0,0.0,0.0
0,44,7,0,0.0,0.0,0.0,0.0,0.0,0.0
0,464,458,0,0.0,0.0,0.0,0.0,0.0,0.0
0,229,453,0,0.0,0.0,0.0,0.0,0.0,0.0
0,124,484,0,0.0,0.0,0.0,0.0,0.0,0.0
0,497,14,0,0.0,0.0,0.0,0.0,0.0,0.0
0,387,496,0,0.0,0.0,0.0,0.0,0.0,0.0
0,466,470,0,0.0,0.0,0.0,0.0,0.0,0.0
0,77,468,0,0.0,0.0,0.0,0.0,0.0,0.0
0,393,479,0,0.0,0.0,0.0,0.0,0.0,0.0
0,355,463,0,0.0,0.0,0.0,0.0,0.0,0.0
0,487,146,0,0.0,0.0,0.0,0.0,0.0,0.0
0,15,86,0,0.0,0.0,0.0,0.0,0.0,0.0
0,174,34,0,0.0,0.0,0.0,0.0,0.0,0.0
0,104,482,0,0.0,0.0,0.0,0.0,0.0,0.0
0,309,478,0,0.0,0.0,0.0,0.0,0.0,0.0
0,331,21,0,0.0,0.0,0.0,0.0,0.0,0.0
0,379,39,0,0.0,0.0,0.0,0.0,0.0,0.0
0,234,26,0,0.0,0.0,0.0,0.0,0.0,0.0
0,496,9,0,0.0,0.0,0.0,0.0,0.0,0.0
0,452,39,0,0.0,0.0,0.0,0.0,0.0,0.0
0,467,340,0,0.0,0.0,0.0,0.0,0.0,0.0
0,456,42,0,0.0,0.0,0.0,0.0,0.0,0.0
0,473,226,0,1.3713317e-21,0.0,0.0,0.0,0.0,0.0
0,480,158,0,0.0,0.0,0.0,0.0,0.0,0.0
0,481,458,0,0.0,0.0,0.0,0.0,0.0,0.0
0,17,419,0,0.0,0.0,0.0,0.0,0.0,0.0
0,32,28,0,0.0,0.0,0.0,0.0,0.0,0.0
0,173,23,0,0.0,0.0,0.0,0.0,0.0,0.0
0,13,147,0,0.0,0.0,0.0,0.0,0.0,0.0
0,350,37,0,0.0,0.0,0.0,0.0,0.0,0.0
0,101,15,0,0.0,0.0,0.0,0.0,0.0,0.0
0,9,20,0,0.0,0.0,0.0,0.0,0.0,0.0
0,166,19,0,0.0,0.0,0.0,0.0,0.0,0.0
0,458,420,0,0.0,0.0,0.0,0.0,0.0,0.0
0,460,481,0,0.0,0.0,0.0,0.0,0.0,0.0
0,477,44,0,0.0,0.0,0.0,0.0,0.0,0.0
0,27,106,0,0.0,0.0,0.0,0.0,0.0,0.0
0,226,9,0,0.0,0.0,0.0,0.0,0.0,0.0
0,430,496,0,0.0,0.0,0.0,0.0,0.0,0.0
0,488,337,0,0.0,0.0,0.0,0.0,0.0,0.0
0,472,303,0,0.0,0.0,0.0,0.0,0.0,0.0
0,11,461,0,0.0,0.0,0.0,0.0,0.0,0.0
0,373,42,0,0.0,0.0,0.0,0.0,0.0,0.0
0,454,120,0,0.0,0.0,0.0,0.0,0.0,0.0
0,133,40,0,0.0,0.0,0.0,0.0,0.0,0.0
0,476,425,0,0.0,0.0,0.0,0.0,0.0,0.0
0,13,125,0,0.0,0.0,0.0,0.0,0.0,0.0
0,33,302,0,0.0,0.0,0.0,0.0,0.0,0.0
0,18,412,0,0.0,0.0,0.0,0.0,0.0,0.0
0,484,137,0,0.0,0.0,0.0,0.0,0.0,0.0
0,27,196,0,0.0,0.0,0.0,0.0,0.0,0.0
0,43,467,0,0.0,0.0,0.0,0.0,0.0,0.0
0,419,25,0,0.0,0.0,0.0,0.0,0.0,0.0
0,20,423,0,0.0,0.0,0.0,0.0,0.0,0.0
0,446,17,0,0.0,0.0,0.0,0.0,0.0,0.0
0,472,231,0,1.7742745e-21,0.0,0.0,0.0,0.0,0.0
0,466,45,0,0.0,0.0,0.0,0.0,0.0,0.0
0,52,472,0,0.0,0.0,0.0,0.0,0.0,0.0
0,253,2,0,0.0,0.0,0.0,0.0,0.0,0.0
0,41,474,0,0.0,0.0,0.0,0.0,0.0,0.0
0,36,255,0,0.0,0.0,0.0,0.0,0.0,0.0
0,17,324,0,0.0,0.0,0.0,0.0,0.0,0.0
0,236,476,0,0.0,0.0,0.0,0.0,0.0,0.0
0,31,461,0,0.0,0.0,0.0,0.0,0.0,0.0
0,483,278,0,0.0,0.0,0.0,0.0,0.0,0.0
0,95,20,0,0.0,0.0,0.0,0.0,0.0,0.0
0,357,476,0,0.0,0.0,0.0,0.0,0.0,0.0
0,114,2,0,0.0,0.0,0.0,0.0,0.0,0.0
0,91,480,0,0.0,0.0,0.0,0.0,0.0,0.0
0,188,5,0,0.0,0.0,0.0,0.0,0.0,0.0
0,495,24,0,0.0,0.0,0.0,0.0,0.0,0.0
0,114,18,0,0.0,0.0,0.0,0.0,0.0,0.0
0,7,422,0,0.0,0.0,0.0,0.0,0.0,0.0
0,36,17,0,0.0,0.0,0.0,0.0,0.0,0.0
0,477,303,0,0.0,0.0,0.0,0.0,0.0,0.0
0,380,457,0,1.1777422e-24,0.0,0.0,0.0,0.0,0.0
0,464,139,0,0.0,0.0,0.0,0.0,0.0,0.0
0,79,497,0,0.0,0.0,0.0,0.0,0.0,0.0
0,47,167,0,0.0,0.0,0.0,0.0,0.0,0.0
0,28,269,0,0.0,0.0,0.0,0.0,0.0,0.0
0,454,230,0,9.853172e-15,0.0,0.0,0.0,0.0,0.0
0,481,116,0,0.0,0.0,0.0,0.0,0.0,0.0
0,482,298,0,0.0,0.0,0.0,0.0,0.0,0.0
0,259,26,0,0.0,0.0,0.0,0.0,0.0,0.0
0,268,461,0,0.0,0.0,0.0,0.0,0.0,0.0
0,21,128,0,0.0,0.0,0.0,0.0,0.0,0.0
0,274,457,0,0.0,0.0,0.0,0.0,0.0,0.0
0,488,12,0,0.0,0.0,0.0,0.0,0.0,0.0
0,3,28,0,0.0,0.0,0.0,0.0,0.0,0.0
0,481,482,0,0.0,0.0,0.0,0.0,0.0,0.0
0,71,459,0,0.0,0.0,0.0,0.0,0.0,0.0
0,407,461,0,0.0,0.0,0.0,0.0,0.0,0.0
0,470,238,0,9.708288e-22,0.0,0.0,0.0,0.0,0.0
0,6,492,0,0.0,0.0,0.0,0.0,0.0,0.0
0,19,37,0,0.0,0.0,0.0,0.0,0.0,0.0
0,280,474,0,0.0,0.0,0.0,0.0,0.0,0.0
0,32,129,0,0.0,0.0,0.0,0.0,0.0,0.0
0,464,466,0,0.0,0.0,0.0,0.0,0.0,0.0
0,468,346,0,0.0,0.0,0.0,0.0,0.0,0.0
0,224,14,0,0.0,0.0,0.0,0.0,0.0,0.0
0,47,250,0,0.0,0.0,0.0,0.0,0.0,0.0
0,147,462,0,0.0,0.0,0.0,0.0,0.0,0.0
0,263,486,0,0.0,0.0,0.0,0.0,0.0,0.0
0,113,474,0,0.0,0.0,0.0,0.0,0.0,0.0
0,41,406,0,0.0,0.0,0.0,0.0,0.0,0.0
0,151,472,0,0.0,0.0,0.0,0.0,0.0,0.0
0,301,471,0,0.0,0.0,0.0,0.0,0.0,0.0
0,41,329,0,0.0,0.0,0.0,0.0,0.0,0.0
0,15,147,0,0.0,0.0,0.0,0.0,0.0,0.0
0,478,242,0,3.3037616e-25,0.0,0.0,0.0,0.0,0.0
0,331,466,0,0.0,0.0,0.0,0.0,0.0,0.0
0,445,470,0,0.0,0.0,0.0,0.0,0.0,0.0
0,249,465,0,0.0,0.0,0.0,0.0,0.0,0.0
0,454,185,0,4.778171e-19,0.0,0.0,0.0,0.0,0.0
0,366,22,0,0.0,0.0,0.0,0.0,0.0,0.0
0,425,483,0,0.0,0.0,0.0,0.0,0.0,0.0
0,265,11,0,0.0,0.0,0.0,0.0,0.0,0.0
0,15,265,0,0.0,0.0,0.0,0.0,0.0,0.0
0,465,69,0,0.0,0.0,0.0,0.0,0.0,0.0
0,80,23,0,0.0,0.0,0.0,0.0,0.0,0.0
0,383,405,0,2.0934597e-16,0.0,0.0,0.0,0.0,0.0
0,77,419,0,1.0921907e-27,0.0,0.0,0.0,0.0,0.0
0,269,256,0,0.0,0.0,0.0,0.0,0.0,0.0
0,149,176,0,1.4628671e-25,0.0,0.0,0.0,0.0,0.0
0,199,235,0,0.0,0.0,0.0,0.0,0.0,0.0
0,353,312,0,0.0,0.0,0.0,0.0,0.0,0.0
0,192,81,0,0.0,0.0,0.0,0.0,0.0,0.0
0,373,335,0,5.510472e-34,0.0,0.0,0.0,0.0,0.0
0,280,121,0,1.6735947e-32,0.0,0.0,0.0,0.0,0.0
0,264,299,0,0.0,0.0,0.0,0.0,0.0,0.0
0,281,236,0,0.0,0.0,0.0,0.0,0.0,0.0
0,225,363,0,2.8569798e-25,0.0,0.0,0.0,0.0,0.0
0,438,137,0,3.4928158e-28,0.0,0.0,0.0,0.0,0.0
0,353,402,0,1.4606757e-18,0.0,0.0,0.0,0.0,0.0
0,137,133,0,4.7778486e-14,0.0,0.0,0.0,0.0,0.0
0,302,104,0,2.4528833e-24,0.0,0.0,0.0,0.0,0.0
0,282,136,0,0.0,0.0,0.0,0.0,0.0,0.0
0,312,150,0,0.0,0.0,0.0,0.0,0.0,0.0
0,446,381,0,0.0,0.0,0.0,0.0,0.0,0.0
0,209,110,0,0.0,0.0,0.0,0.0,0.0,0.0
0,232,329,0,0.0,0.0,0.0,0.0,0.0,0.0
0,383,212,0,1.0921907e-27,0.0,0.0,0.0,0.0,0.0
0,71,191,0,0.0,0.0,0.0,0.0,0.0,0.0
0,439,210,0,2.915901e-16,0.0,0.0,0.0,0.0,0.0
0,183,240,0,0.0,0.0,0.0,0.0,0.0,0.0
0,143,61,0,0.0,0.0,0.0,0.0,0.0,0.0
0,182,371,0,0.0,0.0,0.0,0.0,0.0,0.0
0,431,445,0,0.0,0.0,0.0,0.0,0.0,0.0
0,309,136,0,0.0,0.0,0.0,0.0,0.0,0.0
0,221,285,0,0.0,0.0,0.0,0.0,0.0,0.0
0,66,70,0,0.0,0.0,0.0,0.0,0.0,0.0
0,131,436,0,0.0,0.0,0.0,0.0,0.0,0.0
0,292,272,0,0.0,0.0,0.0,0.0,0.0,0.0
0,298,230,0,0.0,0.0,0.0,0.0,0.0,0.0
0,247,429,0,6.985184e-24,0.0,0.0,0.0,0.0,0.0
0,121,120,0,1.1597048e-19,0.0,0.0,0.0,0.0,0.0
0,412,102,0,6.468946e-12,0.0,0.0,0.0,0.0,0.0
0,109,261,0,0.0,0.0,0.0,0.0,0.0,0.0
0,316,229,0,0.0,0.0,0.0,0.0,0.0,0.0
0,124,71,0,0.0,0.0,0.0,0.0,0.0,0.0
0,335,231,0,0.0,0.0,0.0,0.0,0.0,0.0
0,61,101,0,0.0,0.0,0.0,0.0,0.0,0.0
0,210,177,0,0.0,0.0,0.0,0.0,0.0,0.0
0,398,362,0,3.189316e-26,0.0,0.0,0.0,0.0,0.0
0,267,111,0,2.7233564e-28,0.0,0.0,0.0,0.0,0.0
0,219,390,0,2.5295185e-21,0.0,0.0,0.0,0.0,0.0
0,85,223,0,0.0,0.0,0.0,0.0,0.0,0.0
0,426,213,0,1.4062646e-12,0.0,0.0,0.0,0.0,0.0
0,153,167,0,1.7185376e-23,0.0,0.0,0.0,0.0,0.0
0,355,310,0,0.0,0.0,0.0,0.0,0.0,0.0
0,284,244,0,0.0,0.0,0.0,0.0,0.0,0.0
0,159,105,0,0.0,0.0,0.0,0.0,0.0,0.0
0,339,135,0,0.0,0.0,0.0,0.0,0.0,0.0
0,397,178,0,6.1323175e-24,0.0,0.0,0.0,0.0,0.0
0,213,87,0,0.0,0.0,0.0,0.0,0.0,0.0
0,119,156,0,3.3756314e-18,0.0,0.0,0.0,0.0,0.0
0,147,326,0,0.0,0.0,0.0,0.0,0.0,0.0
0,114,181,0,1.2935943e-28,0.0,0.0,0.0,0.0,0.0
0,363,308,0,0.0,0.0,0.0,0.0,0.0,0.0
0,423,68,0,8.6522067e-26,0.0,0.0,0.0,0.0,0.0
0,403,248,0,6.8492207e-25,0.0,0.0,0.0,0.0,0.0
0,314,222,0,0.0,0.0,0.0,0.0,0.0,0.0
0,292,219,0,0.0,0.0,0.0,0.0,0.0,0.0
0,58,66,0,0.0,0.0,0.0,0.0,0.0,0.0
0,319,60,0,5.0031973e-24,0.0,0.0,0.0,0.0,0.0
0,182,88,0,0.0,0.0,0.0,0.0,0.0,0.0
0,137,246,0,0.0,0.0,0.0,0.0,0.0,0.0
0,376,112,0,1.9462816e-23,0.0,0.0,0.0,0.0,0.0
0,233,96,0,0.0,0.0,0.0,0.0,0.0,0.0
0,83,122,0,0.0,0.0,0.0,0.0,0.0,0.0
0,205,303,0,0.0,0.0,0.0,0.0,0.0,0.0
0,368,352,0,3.5524477e-23,0.0,0.0,0.0,0.0,0.0
0,223,130,0,0.0,0.0,0.0,0.0,0.0,0.0
0,83,426,0,9.065656e-33,0.0,0.0,0.0,0.0,0.0
0,207,153,0,0.0,0.0,0.0,0.0,0.0,0.0
0,112,184,0,0.0,0.0,0.0,0.0,0.0,0.0
0,443,282,0,1.6674e-41,0.0,0.0,0.0,0.0,0.0
0,248,197,0,0.0,0.0,0.0,0.0,0.0,0.0
0,193,296,0,0.0,0.0,0.0,0.0,0.0,0.0
0,374,280,0,0.0,0.0,0.0,0.0,0.0,0.0
0,99,113,0,0.0,0.0,0.0,0.0,0.0,0.0
0,212,63,0,0.0,0.0,0.0,0.0,0.0,0.0
0,66,91,0,0.0,0.0,0.0,0.0,0.0,0.0
0,385,362,0,2.3669614e-22,0.0,0.0,0.0,0.0,0.0
0,265,88,0,9.382438e-21,0.0,0.0,0.0,0.0,0.0
0,210,327,0,0.0,0.0,0.0,0.0,0.0,0.0
0,168,270,0,0.0,0.0,0.0,0.0,0.0,0.0
0,320,104,0,0.0,0.0,0.0,0.0,0.0,0.0
0,263,398,0,8.8197716e-17,0.0,0.0,0.0,0.0,0.0
0,399,369,0,5.0301454e-25,0.0,0.0,0.0,0.0,0.0
0,434,418,0,2.946098e-39,0.0,0.0,0.0,0.0,0.0
0,282,118,0,2.4453232e-29,0.0,0.0,0.0,0.0,0.0
0,376,358,0,9.627479e-22,0.0,0.0,0.0,0.0,0.0
0,99,130,0,6.895893e-24,0.0,0.0,0.0,0.0,0.0
0,274,380,0,2.8865352e-22,0.0,0.0,0.0,0.0,0.0
0,315,247,0,0.0,0.0,0.0,0.0,0.0,0.0
0,362,357,0,2.8695883e-21,0.0,0.0,0.0,0.0,0.0
0,270,362,0,7.798076e-26,0.0,0.0,0.0,0.0,0.0
0,292,392,0,1.3536763e-28,0.0,0.0,0.0,0.0,0.0
0,67,419,0,0.0,0.0,0.0,0.0,0.0,0.0
0,401,382,0,2.545216e-24,0.0,0.0,0.0,0.0,0.0
0,302,192,0,0.0,0.0,0.0,0.0,0.0,0.0
0,306,365,0,0.0,0.0,0.0,0.0,0.0,0.0
0,258,427,0,6.895893e-24,0.0,0.0,0.0,0.0,0.0
0,393,286,0,0.0,0.0,0.0,0.0,0.0,0.0
0,206,197,0,0.0,0.0,0.0,0.0,0.0,0.0
0,285,376,0,3.589831e-27,0.0,0.0,0.0,0.0,0.0
0,401,203,0,5.179551e-22,0.0,0.0,0.0,0.0,0.0
0,408,198,0,3.618011e-21,0.0,0.0,0.0,0.0,0.0
0,218,263,0,0.0,0.0,0.0,0.0,0.0,0.0
0,139,232,0,0.0,0.0,0.0,0.0,0.0,0.0
0,73,109,0,0.0,0.0,0.0,0.0,0.0,0.0
0,132,258,0,0.0,0.0,0.0,0.0,0.0,0.0
0,291,311,0,0.0,0.0,0.0,0.0,0.0,0.0
0,210,445,0,0.0,0.0,0.0,0.0,0.0,0.0
0,155,140,0,2.7835217e-19,0.0,0.0,0.0,0.0,0.0
0,133,179,0,4.835302e-25,0.0,0.0,0.0,0.0,0.0
0,353,229,0,0.0,0.0,0.0,0.0,0.0,0.0
0,133,115,0,1.9478161e-20,0.0,0.0,0.0,0.0,0.0
0,163,169,0,0.0,0.0,0.0,0.0,0.0,0.0
0,197,113,0,0.0,0.0,0.0,0.0,0.0,0.0
0,420,368,0,0.0,0.0,0.0,0.0,0.0,0.0
0,385,234,0,3.9894339e-28,0.0,0.0,0.0,0.0,0.0
0,200,272,0,0.0,0.0,0.0,0.0,0.0,0.0
0,247,185,0,0.0,0.0,0.0,0.0,0.0,0.0
0,276,358,0,0.0,0.0,0.0,0.0,0.0,0.0
0,391,444,0,7.156378e-21,0.0,0.0,0.0,0.0,0.0
0,294,277,0,0.0,0.0,0.0,0.0,0.0,0.0
0,192,329,0,0.0,0.0,0.0,0.0,0.0,0.0
0,216,199,0,0.0,0.0,0.0,0.0,0.0,0.0
0,433,434,0,0.0,0.0,0.0,0.0,0.0,0.0
0,389,223,0,9.586624e-25,0.0,0.0,0.0,0.0,0.0
0,439,342,0,0.0,0.0,0.0,0.0,0.0,0.0
0,236,328,0,0.0,0.0,0.0,0.0,0.0,0.0
0,132,315,0,0.0,0.0,0.0,0.0,0.0,0.0
0,310,334,0,0.0,0.0,0.0,0.0,0.0,0.0
0,252,199,0,0.0,0.0,0.0,0.0,0.0,0.0
0,399,368,0,3.3037616e-25,0.0,0.0,0.0,0.0,0.0
0,312,218,0,0.0,0.0,0.0,0.0,0.0,0.0
0,250,304,0,0.0,0.0,0.0,0.0,0.0,0.0
0,242,445,0,4.5530593e-34,0.0,0.0,0.0,0.0,0.0
0,290,383,0,2.214263e-28,0.0,0.0,0.0,0.0,0.0
0,319,236,0,0.0,0.0,0.0,0.0,0.0,0.0
0,188,356,0,0.0,0.0,0.0,0.0,0.0,0.0
0,265,310,0,0.0,0.0,0.0,0.0,0.0,0.0
0,140,225,0,0.0,0.0,0.0,0.0,0.0,0.0
0,391,138,0,4.6540954e-25,0.0,0.0,0.0,0.0,0.0
0,431,261,0,3.035123e-25,0.0,0.0,0.0,0.0,0.0
0,346,263,0,0.0,0.0,0.0,0.0,0.0,0.0
0,269,106,0,3.3037616e-25,0.0,0.0,0.0,0.0,0.0
0,93,291,0,0.0,0.0,0.0,0.0,0.0,0.0
0,366,167,0,0.0,0.0,0.0,0.0,0.0,0.0
0,191,400,0,0.0,0.0,0.0,0.0,0.0,0.0
0,153,145,0,1.1429066e-18,0.0,0.0,0.0,0.0,0.0
0,397,176,0,4.8750243e-24,0.0,0.0,0.0,0.0,0.0
0,234,170,0,0.0,0.0,0.0,0.0,0.0,0.0
0,160,280,0,0.0,0.0,0.0,0.0,0.0,0.0
0,56,83,0,0.0,0.0,0.0,0.0,0.0,0.0
0,445,227,0,5.2160554e-11,0.0,0.0,0.0,0.0,0.0
0,84,371,0,3.6740884e-12,0.0,0.0,0.0,0.0,0.0
0,409,190,0,5.1893728e-20,0.0,0.0,0.0,0.0,0.0
0,202,104,0,0.0,0.0,0.0,0.0,0.0,0.0
0,182,328,0,0.0,0.0,0.0,0.0,0.0,0.0
0,270,248,0,0.0,0.0,0.0,0.0,0.0,0.0
0,90,150,0,2.0050899e-27,0.0,0.0,0.0,0.0,0.0
0,88,101,0,0.0,0.0,0.0,0.0,0.0,0.0
0,422,395,0,0.0,0.0,0.0,0.0,0.0,0.0
0,161,380,0,0.0,0.0,0.0,0.0,0.0,0.0
0,204,195,0,0.0,0.0,0.0,0.0,0.0,0.0
0,189,407,0,0.0,0.0,0.0,0.0,0.0,0.0
0,109,105,0,0.0,0.0,0.0,0.0,0.0,0.0
0,200,168,0,0.0,0.0,0.0,0.0,0.0,0.0
0,53,421,0,0.0,0.0,0.0,0.0,0.0,0.0
0,87,225,0,0.0,0.0,0.0,0.0,0.0,0.0
0,240,161,0,0.0,0.0,0.0,0.0,0.0,0.0
0,201,112,0,0.0,0.0,0.0,0.0,0.0,0.0
0,308,107,0,6.4410805e-27,0.0,0.0,0.0,0.0,0.0
0,229,282,0,0.0,0.0,0.0,0.0,0.0,0.0
0,112,114,0,1.49289e-23,0.0,0.0,0.0,0.0,0.0
0,383,196,0,0.0,0.0,0.0,0.0,0.0,0.0
0,343,195,0,0.0,0.0,0.0,0.0,0.0,0.0
0,269,344,0,0.0,0.0,0.0,0.0,0.0,0.0
0,95,190,0,0.0,0.0,0.0,0.0,0.0,0.0
0,187,318,0,0.0,0.0,0.0,0.0,0.0,0.0
0,97,167,0,0.0,0.0,0.0,0.0,0.0,0.0
0,84,260,0,0.0,0.0,0.0,0.0,0.0,0.0
0,222,380,0,1.3550308e-21,0.0,0.0,0.0,0.0,0.0
0,234,124,0,0.0,0.0,0.0,0.0,0.0,0.0
0,201,193,0,0.0,0.0,0.0,0.0,0.0,0.0
0,127,87,0,0.0,0.0,0.0,0.0,0.0,0.0
0,274,337,0,0.0,0.0,0.0,0.0,0.0,0.0
0,270,108,0,9.5166996e-26,0.0,0.0,0.0,0.0,0.0
0,362,164,0,0.0,0.0,0.0,0.0,0.0,0.0
0,408,169,0,7.156378e-21,0.0,0.0,0.0,0.0,0.0
0,398,62,0,2.214263e-28,0.0,0.0,0.0,0.0,0.0
0,255,378,0,2.2023058e-17,0.0,0.0,0.0,0.0,0.0
0,292,216,0,0.0,0.0,0.0,0.0,0.0,0.0
0,85,423,0,6.618355e-30,0.0,0.0,0.0,0.0,0.0
0,146,112,0,6.0128367e-23,0.0,0.0,0.0,0.0,0.0
0,418,145,0,2.324305e-25,0.0,0.0,0.0,0.0,0.0
0,313,127,0,0.0,0.0,0.0,0.0,0.0,0.0
0,393,80,0,5.176694e-22,0.0,0.0,0.0,0.0,0.0
0,241,340,0,0.0,0.0,0.0,0.0,0.0,0.0
0,256,364,0,1.5341815e-22,0.0,0.0,0.0,0.0,0.0
0,410,264,0,0.0,0.0,0.0,0.0,0.0,0.0
0,158,222,0,0.0,0.0,0.0,0.0,0.0,0.0
0,313,370,0,0.0,0.0,0.0,0.0,0.0,0.0
0,335,100,0,0.0,0.0,0.0,0.0,0.0,0.0
0,306,226,0,0.0,0.0,0.0,0.0,0.0,0.0
0,67,60,0,0.0,0.0,0.0,0.0,0.0,0.0
0,103,192,0,0.0,0.0,0.0,0.0,0.0,0.0
0,169,128,0,1.248968e-25,0.0,0.0,0.0,0.0,0.0
0,211,447,0,0.0,0.0,0.0,0.0,0.0,0.0
0,127,394,0,0.0,0.0,0.0,0.0,0.0,0.0
0,145,174,0,3.5484265e-24,0.0,0.0,0.0,0.0,0.0
0,315,269,0,0.0,0.0,0.0,0.0,0.0,0.0
0,78,443,0,0.0,0.0,0.0,0.0,0.0,0.0
0,115,316,0,0.0,0.0,0.0,0.0,0.0,0.0
0,129,251,0,0.0,0.0,0.0,0.0,0.0,0.0
0,52,138,0,0.0,0.0,0.0,0.0,0.0,0.0
0,374,200,0,0.0,0.0,0.0,0.0,0.0,0.0
0,163,285,0,0.0,0.0,0.0,0.0,0.0,0.0
0,179,223,0,0.0,0.0,0.0,0.0,0.0,0.0
0,302,275,0,0.0,0.0,0.0,0.0,0.0,0.0
0,262,368,0,3.966257e-22,0.0,0.0,0.0,0.0,0.0
0,15,53,0,0.0,0.0,0.0,0.0,0.0,0.0
0,472,472,0,0.0,0.0,0.0,0.0,0.0,0.0
0,137,16,0,0.0,0.0,0.0,0.0,0.0,0.0
0,390,474,0,0.0,0.0,0.0,0.0,0.0,0.0
0,397,464,0,0.0,0.0,0.0,0.0,0.0,0.0
0,306,18,0,0.0,0.0,0.0,0.0,0.0,0.0
0,452,243,0,4.4357697e-18,0.0,0.0,0.0,0.0,0.0
0,466,1,0,0.0,0.0,0.0,0.0,0.0,0.0
0,34,340,0,0.0,0.0,0.0,0.0,0.0,0.0
0,423,11,0,0.0,0.0,0.0,0.0,0.0,0.0
0,406,484,0,0.0,0.0,0.0,0.0,0.0,0.0
0,492,113,0,0.0,0.0,0.0,0.0,0.0,0.0
0,5,12,0,0.0,0.0,0.0,0.0,0.0,0.0
0,20,433,0,0.0,0.0,0.0,0.0,0.0,0.0
0,411,45,0,0.0,0.0,0.0,0.0,0.0,0.0
0,277,486,0,0.0,0.0,0.0,0.0,0.0,0.0
0,2,30,0,0.0,0.0,0.0,0.0,0.0,0.0
0,240,485,0,0.0,0.0,0.0,0.0,0.0,0.0
0,171,13,0,0.0,0.0,0.0,0.0,0.0,0.0
0,483,354,0,0.0,0.0,0.0,0.0,0.0,0.0
0,466,377,0,0.0,0.0,0.0,0.0,0.0,0.0
0,375,481,0,0.0,0.0,0.0,0.0,0.0,0.0
0,151,23,0,0.0,0.0,0.0,0.0,0.0,0.0
0,278,29,0,6.999038e-28,0.0,0.0,0.0,0.0,0.0
0,429,10,0,0.0,0.0,0.0,0.0,0.0,0.0
0,144,483,0,0.0,0.0,0.0,0.0,0.0,0.0
0,2,388,0,0.0,0.0,0.0,0.0,0.0,0.0
0,208,3,0,0.0,0.0,0.0,0.0,0.0,0.0
0,27,489,0,0.0,0.0,0.0,0.0,0.0,0.0
0,431,497,0,0.0,0.0,0.0,0.0,0.0,0.0
0,488,59,0,0.0,0.0,0.0,0.0,0.0,0.0
0,468,27,0,0.0,0.0,0.0,0.0,0.0,0.0
0,454,294,0,0.0,0.0,0.0,0.0,0.0,0.0
0,4,122,0,0.0,0.0,0.0,0.0,0.0,0.0
0,7,83,0,0.0,0.0,0.0,0.0,0.0,0.0
0,465,177,0,3.192761e-23,0.0,0.0,0.0,0.0,0.0
0,479,34,0,0.0,0.0,0.0,0.0,0.0,0.0
0,25,405,0,0.0,0.0,0.0,0.0,0.0,0.0
0,494,344,0,0.0,0.0,0.0,0.0,0.0,0.0
0,64,493,0,0.0,0.0,0.0,0.0,0.0,0.0
0,487,113,0,0.0,0.0,0.0,0.0,0.0,0.0
0,306,458,0,0.0,0.0,0.0,0.0,0.0,0.0
0,128,454,0,0.0,0.0,0.0,0.0,0.0,0.0
0,453,172,0,2.6504043e-19,0.0,0.0,0.0,0.0,0.0
0,453,407,0,0.0,0.0,0.0,0.0,0.0,0.0
0,159,25,0,0.0,0.0,0.0,0.0,0.0,0.0
0,300,40,0,5.515258e-24,0.0,0.0,0.0,0.0,0.0
0,334,47,0,0.0,0.0,0.0,0.0,0.0,0.0
0,282,36,0,2.30826e-24,0.0,0.0,0.0,0.0,0.0
0,218,493,0,0.0,0.0,0.0,0.0,0.0,0.0
0,337,471,0,0.0,0.0,0.0,0.0,0.0,0.0
0,149,466,0,0.0,0.0,0.0,0.0,0.0,0.0
0,19,225,0,0.0,0.0,0.0,0.0,0.0,0.0
0,32,45,0,0.0,0.0,0.0,0.0,0.0,0.0
0,64,491,0,0.0,0.0,0.0,0.0,0.0,0.0
0,2,220,0,0.0,0.0,0.0,0.0,0.0,0.0
0,6,489,0,0.0,0.0,0.0,0.0,0.0,0.0
0,273,460,0,0.0,0.0,0.0,0.0,0.0,0.0
0,492,3,0,0.0,0.0,0.0,0.0,0.0,0.0
0,476,385,0,0.0,0.0,0.0,0.0,0.0,0.0
0,486,304,0,0.0,0.0,0.0,0.0,0.0,0.0
0,493,276,0,0.0,0.0,0.0,0.0,0.0,0.0
0,289,6,0,0.0,0.0,0.0,0.0,0.0,0.0
0,335,24,0,0.0,0.0,0.0,0.0,0.0,0.0
0,7,428,0,0.0,0.0,0.0,0.0,0.0,0.0
0,25,275,0,0.0,0.0,0.0,0.0,0.0,0.0
0,22,227,0,0.0,0.0,0.0,0.0,0.0,0.0
0,20,284,0,0.0,0.0,0.0,0.0,0.0,0.0
0,488,46,0,0.0,0.0,0.0,0.0,0.0,0.0
0,14,247,0,0.0,0.0,0.0,0.0,0.0,0.0
0,6,471,0,0.0,0.0,0.0,0.0,0.0,0.0
0,37,155,0,0.0,0.0,0.0,0.0,0.0,0.0
0,46,114,0,0.0,0.0,0.0,0.0,0.0,0.0
0,458,431,0,0.0,0.0,0.0,0.0,0.0,0.0
0,456,277,0,0.0,0.0,0.0,0.0,0.0,0.0
0,494,210,0,0.0,0.0,0.0,0.0,0.0,0.0
0,45,100,0,0.0,0.0,0.0,0.0,0.0,0.0
0,493,173,0,0.0,0.0,0.0,0.0,0.0,0.0
0,175,19,0,0.0,0.0,0.0,0.0,0.0,0.0
0,11,403,0,0.0,0.0,0.0,0.0,0.0,0.0
0,355,27,0,0.0,0.0,0.0,0.0,0.0,0.0
0,264,2,0,0.0,0.0,0.0,0.0,0.0,0.0
0,353,494,0,0.0,0.0,0.0,0.0,0.0,0.0
0,377,474,0,4.2596725e-37,0.0,0.0,0.0,0.0,0.0
0,26,84,0,0.0,0.0,0.0,0.0,0.0,0.0
0,452,41,0,0.0,0.0,0.0,0.0,0.0,0.0
0,488,121,0,0.0,0.0,0.0,0.0,0.0,0.0
0,155,18,0,0.0,0.0,0.0,0.0,0.0,0.0
0,160,496,0,0.0,0.0,0.0,0.0,0.0,0.0
0,33,144,0,0.0,0.0,0.0,0.0,0.0,0.0
0,328,494,0,0.0,0.0,0.0,0.0,0.0,0.0
0,431,462,0,0.0,0.0,0.0,0.0,0.0,0.0
0,240,487,0,0.0,0.0,0.0,0.0,0.0,0.0
0,306,471,0,0.0,0.0,0.0,0.0,0.0,0.0
0,10,441,0,0.0,0.0,0.0,0.0,0.0,0.0
0,371,467,0,4.8113774e-31,0.0,0.0,0.0,0.0,0.0
0,4,325,0,0.0,0.0,0.0,0.0,0.0,0.0
0,489,240,0,0.0,0.0,0.0,0.0,0.0,0.0
0,146,9,0,0.0,0.0,0.0,0.0,0.0,0.0
0,41,488,0,0.0,0.0,0.0,0.0,0.0,0.0
0,271,485,0,0.0,0.0,0.0,0.0,0.0,0.0
0,19,321,0,0.0,0.0,0.0,0.0,0.0,0.0
0,208,489,0,0.0,0.0,0.0,0.0,0.0,0.0
0,27,25,0,0.0,0.0,0.0,0.0,0.0,0.0
0,4,398,0,0.0,0.0,0.0,0.0,0.0,0.0
0,488,67,0,0.0,0.0,0.0,0.0,0.0,0.0
0,488,241,0,0.0,0.0,0.0,0.0,0.0,0.0
0,476,145,0,0.0,0.0,0.0,0.0,0.0,0.0
0,472,19,0,0.0,0.0,0.0,0.0,0.0,0.0
0,26,389,0,0.0,0.0,0.0,0.0,0.0,0.0
0,339,13,0,0.0,0.0,0.0,0.0,0.0,0.0
0,112,28,0,0.0,0.0,0.0,0.0,0.0,0.0
0,472,118,0,0.0,0.0,0.0,0.0,0.0,0.0
0,452,485,0,0.0,0.0,0.0,0.0,0.0,0.0
0,480,13,0,0.0,0.0,0.0,0.0,0.0,0.0
0,22,10,0,0.0,0.0,0.0,0.0,0.0,0.0
0,375,470,0,8.653674e-33,0.0,0.0,0.0,0.0,0.0
0,6,414,0,0.0,0.0,0.0,0.0,0.0,0.0
0,461,212,0,8.438764e-19,0.0,0.0,0.0,0.0,0.0
0,24,101,0,0.0,0.0,0.0,0.0,0.0,0.0
0,12,447,0,0.0,0.0,0.0,0.0,0.0,0.0
0,452,154,0,1.49289e-23,0.0,0.0,0.0,0.0,0.0
0,421,452,0,0.0,0.0,0.0,0.0,0.0,0.0
0,467,72,0,0.0,0.0,0.0,0.0,0.0,0.0
0,187,467,0,0.0,0.0,0.0,0.0,0.0,0.0
0,36,191,0,0.0,0.0,0.0,0.0,0.0,0.0
0,261,40,0,1.8329075e-26,0.0,0.0,0.0,0.0,0.0
0,493,465,0,0.0,0.0,0.0,0.0,0.0,0.0
0,298,477,0,0.0,0.0,0.0,0.0,0.0,0.0
0,2,49,0,0.0,0.0,0.0,0.0,0.0,0.0
0,247,462,0,0.0,0.0,0.0,0.0,0.0,0.0
0,179,47,0,0.0,0.0,0.0,0.0,0.0,0.0
0,481,270,0,0.0,0.0,0.0,0.0,0.0,0.0
0,30,463,0,0.0,0.0,0.0,0.0,0.0,0.0
0,487,321,0,0.0,0.0,0.0,0.0,0.0,0.0
0,422,476,0,0.0,0.0,0.0,0.0,0.0,0.0
0,457,335,0,0.0,0.0,0.0,0.0,0.0,0.0
0,438,21,0,0.0,0.0,0.0,0.0,0.0,0.0
0,468,180,0,2.8486343e-24,0.0,0.0,0.0,0.0,0.0
0,463,237,0,3.3426508e-19,0.0,0.0,0.0,0.0,0.0
0,22,305,0,0.0,0.0,0.0,0.0,0.0,0.0
0,438,37,0,0.0,0.0,0.0,0.0,0.0,0.0
0,24,122,0,0.0,0.0,0.0,0.0,0.0,0.0
0,482,42,0,0.0,0.0,0.0,0.0,0.0,0.0
0,460,281,0,0.0,0.0,0.0,0.0,0.0,0.0
0,454,325,0,0.0,0.0,0.0,0.0,0.0,0.0
0,476,108,0,0.0,0.0,0.0,0.0,0.0,0.0
0,32,322,0,0.0,0.0,0.0,0.0,0.0,0.0
0,473,394,0,0.0,0.0,0.0,0.0,0.0,0.0
0,11,42,0,0.0,0.0,0.0,0.0,0.0,0.0
0,23,475,0,0.0,0.0,0.0,0.0,0.0,0.0
0,479,70,0,0.0,0.0,0.0,0.0,0.0,0.0
0,43,388,0,2.1746432e-27,0.0,0.0,0.0,0.0,0.0
0,35,161,0,0.0,0.0,0.0,0.0,0.0,0.0
0,6,427,0,0.0,0.0,0.0,0.0,0.0,0.0
0,20,141,0,0.0,0.0,0.0,0.0,0.0,0.0
0,243,491,0,0.0,0.0,0.0,0.0,0.0,0.0
0,310,6,0,0.0,0.0,0.0,0.0,0.0,0.0
0,11,102,0,0.0,0.0,0.0,0.0,0.0,0.0
0,323,34,0,0.0,0.0,0.0,0.0,0.0,0.0
0,388,5,0,0.0,0.0,0.0,0.0,0.0,0.0
0,12,83,0,0.0,0.0,0.0,0.0,0.0,0.0
0,35,50,0,0.0,0.0,0.0,0.0,0.0,0.0
0,65,41,0,0.0,0.0,0.0,0.0,0.0,0.0
0,88,13,0,0.0,0.0,0.0,0.0,0.0,0.0
0,380,456,0,2.8486343e-24,0.0,0.0,0.0,0.0,0.0
0,222,42,0,0.0,0.0,0.0,0.0,0.0,0.0
0,6,339,0,0.0,0.0,0.0,0.0,0.0,0.0
0,39,128,0,0.0,0.0,0.0,0.0,0.0,0.0
0,490,196,0,0.0,0.0,0.0,0.0,0.0,0.0
0,479,42,0,0.0,0.0,0.0,0.0,0.0,0.0
0,466,332,0,0.0,0.0,0.0,0.0,0.0,0.0
0,492,497,0,0.0,0.0,0.0,0.0,0.0,0.0
0,38,160,0,0.0,0.0,0.0,0.0,0.0,0.0
0,401,10,0,0.0,0.0,0.0,0.0,0.0,0.0
0,285,40,0,9.702508e-23,0.0,0.0,0.0,0.0,0.0
0,479,483,0,0.0,0.0,0.0,0.0,0.0,0.0
0,200,47,0,0.0,0.0,0.0,0.0,0.0,0.0
0,462,490,0,0.0,0.0,0.0,0.0,0.0,0.0
0,489,49,0,0.0,0.0,0.0,0.0,0.0,0.0
0,145,489,0,0.0,0.0,0.0,0.0,0.0,0.0
0,183,43,0,0.0,0.0,0.0,0.0,0.0,0.0
0,113,14,0,0.0,0.0,0.0,0.0,0.0,0.0
0,346,457,0,0.0,0.0,0.0,0.0,0.0,0.0
0,32,27,0,0.0,0.0,0.0,0.0,0.0,0.0
0,63,33,0,0.0,0.0,0.0,0.0,0.0,0.0
0,311,461,0,0.0,0.0,0.0,0.0,0.0,0.0
0,11,472,0,0.0,0.0,0.0,0.0,0.0,0.0
0,294,475,0,0.0,0.0,0.0,0.0,0.0,0.0
0,435,462,0,0.0,0.0,0.0,0.0,0.0,0.0
0,438,4,0,0.0,0.0,0.0,0.0,0.0,0.0
0,24,50,0,0.0,0.0,0.0,0.0,0.0,0.0
0,110,5,0,0.0,0.0,0.0,0.0,0.0,0.0
0,337,4,0,0.0,0.0,0.0,0.0,0.0,0.0
0,96,463,0,0.0,0.0,0.0,0.0,0.0,0.0
0,39,224,0,0.0,0.0,0.0,0.0,0.0,0.0
0,61,494,0,0.0,0.0,0.0,0.0,0.0,0.0
0,90,466,0,0.0,0.0,0.0,0.0,0.0,0.0
0,35,471,0,0.0,0.0,0.0,0.0,0.0,0.0
0,15,72,0,0.0,0.0,0.0,0.0,0.0,0.0
0,44,132,0,0.0,0.0,0.0,0.0,0.0,0.0
0,115,40,0,0.0,0.0,0.0,0.0,0.0,0.0
0,14,287,0,0.0,0.0,0.0,0.0,0.0,0.0
0,463,39,0,0.0,0.0,0.0,0.0,0.0,0.0
0,4,380,0,0.0,0.0,0.0,0.0,0.0,0.0
0,461,386,0,0.0,0.0,0.0,0.0,0.0,0.0
0,452,151,0,1.7104934e-24,0.0,0.0,0.0,0.0,0.0
0,10,385,0,0.0,0.0,0.0,0.0,0.0,0.0
0,54,460,0,0.0,0.0,0.0,0.0,0.0,0.0
0,66,453,0,0.0,0.0,0.0,0.0,0.0,0.0
0,33,351,0,0.0,0.0,0.0,0.0,0.0,0.0
0,482,284,0,0.0,0.0,0.0,0.0,0.0,0.0
0,177,452,0,0.0,0.0,0.0,0.0,0.0,0.0
0,497,362,0,0.0,0.0,0.0,0.0,0.0,0.0
0,454,342,0,0.0,0.0,0.0,0.0,0.0,0.0
0,40,356,0,0.0,0.0,0.0,0.0,0.0,0.0
0,41,293,0,0.0,0.0,0.0,0.0,0.0,0.0
0,472,26,0,0.0,0.0,0.0,0.0,0.0,0.0
0,22,215,0,0.0,0.0,0.0,0.0,0.0,0.0
0,441,39,0,0.0,0.0,0.0,0.0,0.0,0.0
0,375,463,0,1.8945346e-27,0.0,0.0,0.0,0.0,0.0
0,477,347,0,0.0,0.0,0.0,0.0,0.0,0.0
0,36,40,0,0.0,0.0,0.0,0.0,0.0,0.0
0,43,332,0,0.0,0.0,0.0,0.0,0.0,0.0
0,13,214,0,0.0,0.0,0.0,0.0,0.0,0.0
0,68,27,0,0.0,0.0,0.0,0.0,0.0,0.0
0,170,494,0,0.0,0.0,0.0,0.0,0.0,0.0
0,134,458,0,0.0,0.0,0.0,0.0,0.0,0.0
0,479,32,0,0.0,0.0,0.0,0.0,0.0,0.0
0,183,471,0,0.0,0.0,0.0,0.0,0.0,0.0
0,157,480,0,0.0,0.0,0.0,0.0,0.0,0.0
0,136,485,0,0.0,0.0,0.0,0.0,0.0,0.0
0,240,477,0,0.0,0.0,0.0,0.0,0.0,0.0
0,433,483,0,0.0,0.0,0.0,0.0,0.0,0.0
0,495,471,0,0.0,0.0,0.0,0.0,0.0,0.0
0,487,6,0,0.0,0.0,0.0,0.0,0.0,0.0
0,356,481,0,0.0,0.0,0.0,0.0,0.0,0.0
0,402,29,0,0.0,0.0,0.0,0.0,0.0,0.0
0,495,70,0,0.0,0.0,0.0,0.0,0.0,0.0
0,47,30,0,0.0,0.0,0.0,0.0,0.0,0.0
0,327,462,0,0.0,0.0,0.0,0.0,0.0,0.0
0,17,327,0,0.0,0.0,0.0,0.0,0.0,0.0
0,283,459,0,0.0,0.0,0.0,0.0,0.0,0.0
0,45,164,0,0.0,0.0,0.0,0.0,0.0,0.0
0,201,39,0,0.0,0.0,0.0,0.0,0.0,0.0
0,29,101,0,0.0,0.0,0.0,0.0,0.0,0.0
0,258,453,0,0.0,0.0,0.0,0.0,0.0,0.0
0,3,199,0,0.0,0.0,0.0,0.0,0.0,0.0
0,459,72,0,0.0,0.0,0.0,0.0,0.0,0.0
0,268,472,0,0.0,0.0,0.0,0.0,0.0,0.0
0,461,225,0,6.014088e-17,0.0,0.0,0.0,0.0,0.0
0,15,27,0,0.0,0.0,0.0,0.0,0.0,0.0
0,73,488,0,0.0,0.0,0.0,0.0,0.0,0.0
0,59,468,0,0.0,0.0,0.0,0.0,0.0,0.0
0,19,242,0,0.0,0.0,0.0,0.0,0.0,0.0
0,391,464,0,2.0517699e-29,0.0,0.0,0.0,0.0,0.0
0,198,13,0,0.0,0.0,0.0,0.0,0.0,0.0
0,15,332,0,0.0,0.0,0.0,0.0,0.0,0.0
0,493,379,0,0.0,0.0,0.0,0.0,0.0,0.0
0,459,38,0,0.0,0.0,0.0,0.0,0.0,0.0
0,437,26,0,0.0,0.0,0.0,0.0,0.0,0.0
0,16,421,0,0.0,0.0,0.0,0.0,0.0,0.0
0,471,447,0,0.0,0.0,0.0,0.0,0.0,0.0
0,47,123,0,0.0,0.0,0.0,0.0,0.0,0.0
0,27,51,0,0.0,0.0,0.0,0.0,0.0,0.0
0,476,456,0,0.0,0.0,0.0,0.0,0.0,0.0
0,493,260,0,0.0,0.0,0.0,0.0,0.0,0.0
0,496,65,0,0.0,0.0,0.0,0.0,0.0,0.0
0,456,463,0,0.0,0.0,0.0,0.0,0.0,0.0
0,41,85,0,0.0,0.0,0.0,0.0,0.0,0.0
0,169,28,0,0.0,0.0,0.0,0.0,0.0,0.0
0,37,251,0,0.0,0.0,0.0,0.0,0.0,0.0
0,472,263,0,0.0,0.0,0.0,0.0,0.0,0.0
0,170,475,0,0.0,0.0,0.0,0.0,0.0,0.0
0,400,454,0,4.5366173e-26,0.0,0.0,0.0,0.0,0.0
0,454,493,0,0.0,0.0,0.0,0.0,0.0,0.0
0,478,472,0,0.0,0.0,0.0,0.0,0.0,0.0
0,465,4,0,0.0,0.0,0.0,0.0,0.0,0.0
0,33,266,0,0.0,0.0,0.0,0.0,0.0,0.0
0,9,467,0,0.0,0.0,0.0,0.0,0.0,0.0
0,40,275,0,0.0,0.0,0.0,0.0,0.0,0.0
0,229,14,0,0.0,0.0,0.0,0.0,0.0,0.0
0,13,126,0,0.0,0.0,0.0,0.0,0.0,0.0
0,80,452,0,0.0,0.0,0.0,0.0,0.0,0.0
0,16,16,0,0.0,0.0,0.0,0.0,0.0,0.0
0,479,302,0,0.0,0.0,0.0,0.0,0.0,0.0
0,369,473,0,0.0,0.0,0.0,0.0,0.0,0.0
0,496,337,0,0.0,0.0,0.0,0.0,0.0,0.0
0,21,17,0,0.0,0.0,0.0,0.0,0.0,0.0
0,478,72,0,0.0,0.0,0.0,0.0,0.0,0.0
0,7,217,0,0.0,0.0,0.0,0.0,0.0,0.0
0,473,316,0,0.0,0.0,0.0,0.0,0.0,0.0
0,29,59,0,0.0,0.0,0.0,0.0,0.0,0.0
0,478,22,0,0.0,0.0,0.0,0.0,0.0,0.0
0,30,16,0,0.0,0.0,0.0,0.0,0.0,0.0
0,24,464,0,0.0,0.0,0.0,0.0,0.0,0.0
0,21,176,0,0.0,0.0,0.0,0.0,0.0,0.0
0,6,416,0,0.0,0.0,0.0,0.0,0.0,0.0
0,487,387,0,0.0,0.0,0.0,0.0,0.0,0.0
0,246,456,0,0.0,0.0,0.0,0.0,0.0,0.0
0,6,493,0,0.0,0.0,0.0,0.0,0.0,0.0
0,475,15,0,0.0,0.0,0.0,0.0,0.0,0.0
0,39,225,0,0.0,0.0,0.0,0.0,0.0,0.0
0,18,195,0,0.0,0.0,0.0,0.0,0.0,0.0
0,7,93,0,0.0,0.0,0.0,0.0,0.0,0.0
0,15,47,0,0.0,0.0,0.0,0.0,0.0,0.0
0,44,423,0,0.0,0.0,0.0,0.0,0.0,0.0
0,480,320,0,0.0,0.0,0.0,0.0,0.0,0.0
0,235,38,0,0.0,0.0,0.0,0.0,0.0,0.0
0,452,278,0,0.0,0.0,0.0,0.0,0.0,0.0
0,467,122,0,0.0,0.0,0.0,0.0,0.0,0.0
0,16,315,0,0.0,0.0,0.0,0.0,0.0,0.0
0,35,29,0,0.0,0.0,0.0,0.0,0.0,0.0
0,23,492,0,0.0,0.0,0.0,0.0,0.0,0.0
0,438,494,0,0.0,0.0,0.0,0.0,0.0,0.0
0,116,15,0,0.0,0.0,0.0,0.0,0.0,0.0
0,25,94,0,0.0,0.0,0.0,0.0,0.0,0.0
0,465,332,0,0.0,0.0,0.0,0.0,0.0,0.0
0,31,231,0,0.0,0.0,0.0,0.0,0.0,0.0
0,186,456,0,0.0,0.0,0.0,0.0,0.0,0.0
0,187,45,0,0.0,0.0,0.0,0.0,0.0,0.0
0,470,241,0,2.4570594e-22,0.0,0.0,0.0,0.0,0.0
0,23,222,0,0.0,0.0,0.0,0.0,0.0,0.0
0,373,31,0,0.0,0.0,0.0,0.0,0.0,0.0
0,14,424,0,0.0,0.0,0.0,0.0,0.0,0.0
0,462,471,0,0.0,0.0,0.0,0.0,0.0,0.0
0,438,9,0,0.0,0.0,0.0,0.0,0.0,0.0
0,33,484,0,0.0,0.0,0.0,0.0,0.0,0.0
0,197,29,0,0.0,0.0,0.0,0.0,0.0,0.0
0,492,19,0,0.0,0.0,0.0,0.0,0.0,0.0
0,370,453,0,1.219117e-23,0.0,0.0,0.0,0.0,0.0
0,480,3,0,0.0,0.0,0.0,0.0,0.0,0.0
0,460,473,0,0.0,0.0,0.0,0.0,0.0,0.0
0,16,310,0,0.0,0.0,0.0,0.0,0.0,0.0
0,492,18,0,0.0,0.0,0.0,0.0,0.0,0.0
0,40,74,0,0.0,0.0,0.0,0.0,0.0,0.0
0,477,154,0,0.0,0.0,0.0,0.0,0.0,0.0
0,68,482,0,0.0,0.0,0.0,0.0,0.0,0.0
0,44,257,0,0.0,0.0,0.0,0.0,0.0,0.0
0,30,44,0,0.0,0.0,0.0,0.0,0.0,0.0
0,454,491,0,0.0,0.0,0.0,0.0,0.0,0.0
0,37,454,0,0.0,0.0,0.0,0.0,0.0,0.0
0,456,159,0,3.660105e-23,0.0,0.0,0.0,0.0,0.0
0,38,327,0,0.0,0.0,0.0,0.0,0.0,0.0
0,54,4,0,0.0,0.0,0.0,0.0,0.0,0.0
0,55,11,0,0.0,0.0,0.0,0.0,0.0,0.0
0,44,208,0,0.0,0.0,0.0,0.0,0.0,0.0
0,8,404,0,0.0,0.0,0.0,0.0,0.0,0.0
0,476,147,0,0.0,0.0,0.0,0.0,0.0,0.0
0,491,353,0,0.0,0.0,0.0,0.0,0.0,0.0
0,88,476,0,0.0,0.0,0.0,0.0,0.0,0.0
0,47,356,0,2.2340685e-27,0.0,0.0,0.0,0.0,0.0
0,217,486,0,0.0,0.0,0.0,0.0,0.0,0.0
0,382,46,0,0.0,0.0,0.0,0.0,0.0,0.0
0,495,217,0,0.0,0.0,0.0,0.0,0.0,0.0
0,91,490,0,0.0,0.0,0.0,0.0,0.0,0.0
0,277,19,0,0.0,0.0,0.0,0.0,0.0,0.0
0,462,153,0,8.355709e-27,0.0,0.0,0.0,0.0,0.0
0,455,41,0,0.0,0.0,0.0,0.0,0.0,0.0
0,25,31,0,0.0,0.0,0.0,0.0,0.0,0.0
0,497,467,0,0.0,0.0,0.0,0.0,0.0,0.0
0,3,449,0,0.0,0.0,0.0,0.0,0.0,0.0
0,358,32,0,0.0,0.0,0.0,0.0,0.0,0.0
0,492,274,0,0.0,0.0,0.0,0.0,0.0,0.0
0,494,451,0,0.0,0.0,0.0,0.0,0.0,0.0
0,462,330,0,0.0,0.0,0.0,0.0,0.0,0.0
0,472,347,0,0.0,0.0,0.0,0.0,0.0,0.0
0,29,315,0,0.0,0.0,0.0,0.0,0.0,0.0
0,155,21,0,0.0,0.0,0.0,0.0,0.0,0.0
0,488,2,0,0.0,0.0,0.0,0.0,0.0,0.0
0,304,10,0,0.0,0.0,0.0,0.0,0.0,0.0
0,41,402,0,0.0,0.0,0.0,0.0,0.0,0.0
0,459,268,0,8.553382e-30,0.0,0.0,0.0,0.0,0.0
0,437,41,0,0.0,0.0,0.0,0.0,0.0,0.0
0,37,267,0,0.0,0.0,0.0,0.0,0.0,0.0
0,294,464,0,0.0,0.0,0.0,0.0,0.0,0.0
0,361,36,0,0.0,0.0,0.0,0.0,0.0,0.0
0,40,362,0,2.9159258e-30,0.0,0.0,0.0,0.0,0.0
0,373,32,0,0.0,0.0,0.0,0.0,0.0,0.0
0,466,395,0,0.0,0.0,0.0,0.0,0.0,0.0
0,213,12,0,0.0,0.0,0.0,0.0,0.0,0.0
0,219,497,0,0.0,0.0,0.0,0.0,0.0,0.0
0,209,466,0,0.0,0.0,0.0,0.0,0.0,0.0
0,16,350,0,0.0,0.0,0.0,0.0,0.0,0.0
0,343,497,0,0.0,0.0,0.0,0.0,0.0,0.0
0,36,457,0,0.0,0.0,0.0,0.0,0.0,0.0
0,459,203,0,7.8556535e-21,0.0,0.0,0.0,0.0,0.0
0,170,25,0,0.0,0.0,0.0,0.0,0.0,0.0
0,18,446,0,0.0,0.0,0.0,0.0,0.0,0.0
0,16,61,0,0.0,0.0,0.0,0.0,0.0,0.0
0,5,161,0,0.0,0.0,0.0,0.0,0.0,0.0
0,12,124,0,0.0,0.0,0.0,0.0,0.0,0.0
0,78,29,0,0.0,0.0,0.0,0.0,0.0,0.0
0,23,40,0,0.0,0.0,0.0,0.0,0.0,0.0
0,2,497,0,0.0,0.0,0.0,0.0,0.0,0.0
0,49,486,0,0.0,0.0,0.0,0.0,0.0,0.0
0,298,19,0,0.0,0.0,0.0,0.0,0.0,0.0
0,473,416,0,0.0,0.0,0.0,0.0,0.0,0.0
0,464,21,0,0.0,0.0,0.0,0.0,0.0,0.0
0,30,335,0,0.0,0.0,0.0,0.0,0.0,0.0
0,254,475,0,0.0,0.0,0.0,0.0,0.0,0.0
0,463,275,0,0.0,0.0,0.0,0.0,0.0,0.0
0,380,466,0,2.8452648e-29,0.0,0.0,0.0,0.0,0.0
0,491,15,0,0.0,0.0,0.0,0.0,0.0,0.0
0,14,55,0,0.0,0.0,0.0,0.0,0.0,0.0
0,451,37,0,0.0,0.0,0.0,0.0,0.0,0.0
0,35,191,0,0.0,0.0,0.0,0.0,0.0,0.0
0,482,327,0,0.0,0.0,0.0,0.0,0.0,0.0
0,33,307,0,0.0,0.0,0.0,0.0,0.0,0.0
0,483,146,0,0.0,0.0,0.0,0.0,0.0,0.0
0,150,492,0,0.0,0.0,0.0,0.0,0.0,0.0
0,438,11,0,0.0,0.0,0.0,0.0,0.0,0.0
0,13,274,0,0.0,0.0,0.0,0.0,0.0,0.0
0,184,24,0,0.0,0.0,0.0,0.0,0.0,0.0
0,285,484,0,0.0,0.0,0.0,0.0,0.0,0.0
0,35,386,0,0.0,0.0,0.0,0.0,0.0,0.0
0,430,469,0,0.0,0.0,0.0,0.0,0.0,0.0
0,9,193,0,0.0,0.0,0.0,0.0,0.0,0.0
0,454,109,0,1.0050868e-28,0.0,0.0,0.0,0.0,0.0
0,442,490,0,0.0,0.0,0.0,0.0,0.0,0.0
0,28,178,0,0.0,0.0,0.0,0.0,0.0,0.0
0,36,353,0,0.0,0.0,0.0,0.0,0.0,0.0
0,477,87,0,0.0,0.0,0.0,0.0,0.0,0.0
0,19,402,0,0.0,0.0,0.0,0.0,0.0,0.0
0,486,33,0,0.0,0.0,0.0,0.0,0.0,0.0
0,489,487,0,0.0,0.0,0.0,0.0,0.0,0.0
0,428,463,0,0.0,0.0,0.0,0.0,0.0,0.0
0,37,336,0,0.0,0.0,0.0,0.0,0.0,0.0
0,489,40,0,0.0,0.0,0.0,0.0,0.0,0.0
0,405,490,0,0.0,0.0,0.0,0.0,0.0,0.0
0,460,262,0,3.6685246e-26,0.0,0.0,0.0,0.0,0.0
0,16,232,0,0.0,0.0,0.0,0.0,0.0,0.0
0,25,5,0,0.0,0.0,0.0,0.0,0.0,0.0
0,34,16,0,0.0,0.0,0.0,0.0,0.0,0.0
0,197,464,0,0.0,0.0,0.0,0.0,0.0,0.0
0,126,34,0,0.0,0.0,0.0,0.0,0.0,0.0
0,328,460,0,0.0,0.0,0.0,0.0,0.0,0.0
0,39,339,0,0.0,0.0,0.0,0.0,0.0,0.0
0,25,272,0,0.0,0.0,0.0,0.0,0.0,0.0
0,53,37,0,0.0,0.0,0.0,0.0,0.0,0.0
0,308,469,0,0.0,0.0,0.0,0.0,0.0,0.0
0,59,44,0,0.0,0.0,0.0,0.0,0.0,0.0
0,466,465,0,0.0,0.0,0.0,0.0,0.0,0.0
0,469,426,0,0.0,0.0,0.0,0.0,0.0,0.0
0,474,358,0,0.0,0.0,0.0,0.0,0.0,0.0
0,323,24,0,0.0,0.0,0.0,0.0,0.0,0.0
0,458,20,0,0.0,0.0,0.0,0.0,0.0,0.0
0,481,183,0,7.619487e-32,0.0,0.0,0.0,0.0,0.0
0,497,36,0,0.0,0.0,0.0,0.0,0.0,0.0
0,104,468,0,0.0,0.0,0.0,0.0,0.0,0.0
0,426,13,0,0.0,0.0,0.0,0.0,0.0,0.0
0,455,35,0,0.0,0.0,0.0,0.0,0.0,0.0
0,165,20,0,0.0,0.0,0.0,0.0,0.0,0.0
0,457,329,0,0.0,0.0,0.0,0.0,0.0,0.0
0,164,495,0,0.0,0.0,0.0,0.0,0.0,0.0
0,483,87,0,0.0,0.0,0.0,0.0,0.0,0.0
0,7,7,0,0.0,0.0,0.0,0.0,0.0,0.0
0,429,456,0,0.0,0.0,0.0,0.0,0.0,0.0
0,237,489,0,0.0,0.0,0.0,0.0,0.0,0.0
0,491,145,0,0.0,0.0,0.0,0.0,0.0,0.0
0,467,104,0,0.0,0.0,0.0,0.0,0.0,0.0
0,376,28,0,0.0,0.0,0.0,0.0,0.0,0.0
0,257,458,0,0.0,0.0,0.0,0.0,0.0,0.0
0,322,486,0,0.0,0.0,0.0,0.0,0.0,0.0
0,27,190,0,0.0,0.0,0.0,0.0,0.0,0.0
0,454,306,0,0.0,0.0,0.0,0.0,0.0,0.0
0,10,235,0,0.0,0.0,0.0,0.0,0.0,0.0
0,47,382,0,7.308131e-25,0.0,0.0,0.0,0.0,0.0
0,17,388,0,0.0,0.0,0.0,0.0,0.0,0.0
0,492,126,0,0.0,0.0,0.0,0.0,0.0,0.0
0,433,35,0,0.0,0.0,0.0,0.0,0.0,0.0
0,478,367,0,0.0,0.0,0.0,0.0,0.0,0.0
0,37,22,0,0.0,0.0,0.0,0.0,0.0,0.0
0,46,276,0,0.0,0.0,0.0,0.0,0.0,0.0
0,146,30,0,0.0,0.0,0.0,0.0,0.0,0.0
0,157,2,0,0.0,0.0,0.0,0.0,0.0,0.0
0,459,119,0,0.0,0.0,0.0,0.0,0.0,0.0
0,47,204,0,0.0,0.0,0.0,0.0,0.0,0.0
0,17,470,0,0.0,0.0,0.0,0.0,0.0,0.0
0,19,320,0,0.0,0.0,0.0,0.0,0.0,0.0
0,478,282,0,0.0,0.0,0.0,0.0,0.0,0.0
0,19,441,0,0.0,0.0,0.0,0.0,0.0,0.0
0,381,10,0,0.0,0.0,0.0,0.0,0.0,0.0
0,28,55,0,0.0,0.0,0.0,0.0,0.0,0.0
0,202,41,0,0.0,0.0,0.0,0.0,0.0,0.0
0,14,304,0,0.0,0.0,0.0,0.0,0.0,0.0
0,278,47,0,1.369865e-20,0.0,0.0,0.0,0.0,0.0
0,114,13,0,0.0,0.0,0.0,0.0,0.0,0.0
0,463,13,0,0.0,0.0,0.0,0.0,0.0,0.0
0,496,54,0,0.0,0.0,0.0,0.0,0.0,0.0
0,476,197,0,0.0,0.0,0.0,0.0,0.0,0.0
0,55,39,0,0.0,0.0,0.0,0.0,0.0,0.0
0,125,41,0,0.0,0.0,0.0,0.0,0.0,0.0
0,457,200,0,2.2306672e-21,0.0,0.0,0.0,0.0,0.0
0,472,176,0,5.2918034e-26,0.0,0.0,0.0,0.0,0.0
0,266,463,0,0.0,0.0,0.0,0.0,0.0,0.0
0,42,135,0,0.0,0.0,0.0,0.0,0.0,0.0
0,466,71,0,0.0,0.0,0.0,0.0,0.0,0.0
0,11,323,0,0.0,0.0,0.0,0.0,0.0,0.0
0,25,427,0,0.0,0.0,0.0,0.0,0.0,0.0
0,41,165,0,0.0,0.0,0.0,0.0,0.0,0.0
0,387,6,0,0.0,0.0,0.0,0.0,0.0,0.0
0,47,247,0,0.0,0.0,0.0,0.0,0.0,0.0
0,449,485,0,0.0,0.0,0.0,0.0,0.0,0.0
0,10,457,0,0.0,0.0,0.0,0.0,0.0,0.0
0,11,355,0,0.0,0.0,0.0,0.0,0.0,0.0
0,174,481,0,0.0,0.0,0.0,0.0,0.0,0.0
0,128,25,0,0.0,0.0,0.0,0.0,0.0,0.0
0,459,218,0,7.4794736e-17,0.0,0.0,0.0,0.0,0.0
0,23,262,0,0.0,0.0,0.0,0.0,0.0,0.0
0,266,484,0,0.0,0.0,0.0,0.0,0.0,0.0
0,5,132,0,0.0,0.0,0.0,0.0,0.0,0.0
0,18,36,0,0.0,0.0,0.0,0.0,0.0,0.0
0,4,102,0,0.0,0.0,0.0,0.0,0.0,0.0
0,22,205,0,0.0,0.0,0.0,0.0,0.0,0.0
0,75,469,0,0.0,0.0,0.0,0.0,0.0,0.0
0,456,19,0,0.0,0.0,0.0,0.0,0.0,0.0
0,369,471,0,0.0,0.0,0.0,0.0,0.0,0.0
0,41,160,0,0.0,0.0,0.0,0.0,0.0,0.0
0,480,152,0,0.0,0.0,0.0,0.0,0.0,0.0
0,38,449,0,0.0,0.0,0.0,0.0,0.0,0.0
0,355,472,0,0.0,0.0,0.0,0.0,0.0,0.0
0,470,387,0,0.0,0.0,0.0,0.0,0.0,0.0
0,481,392,0,0.0,0.0,0.0,0.0,0.0,0.0
0,392,462,0,2.5485655e-28,0.0,0.0,0.0,0.0,0.0
0,16,424,0,0.0,0.0,0.0,0.0,0.0,0.0
0,483,380,0,0.0,0.0,0.0,0.0,0.0,0.0
0,337,478,0,0.0,0.0,0.0,0.0,0.0,0.0
0,32,246,0,0.0,0.0,0.0,0.0,0.0,0.0
0,77,469,0,0.0,0.0,0.0,0.0,0.0,0.0
0,24,275,0,0.0,0.0,0.0,0.0,0.0,0.0
0,6,303,0,0.0,0.0,0.0,0.0,0.0,0.0
0,79,480,0,0.0,0.0,0.0,0.0,0.0,0.0
0,6,399,0,0.0,0.0,0.0,0.0,0.0,0.0
0,474,117,0,0.0,0.0,0.0,0.0,0.0,0.0
0,11,469,0,0.0,0.0,0.0,0.0,0.0,0.0
0,37,294,0,0.0,0.0,0.0,0.0,0.0,0.0
0,116,22,0,0.0,0.0,0.0,0.0,0.0,0.0
0,412,475,0,0.0,0.0,0.0,0.0,0.0,0.0
0,25,402,0,0.0,0.0,0.0,0.0,0.0,0.0
0,495,373,0,0.0,0.0,0.0,0.0,0.0,0.0
0,11,432,0,0.0,0.0,0.0,0.0,0.0,0.0
0,419,494,0,0.0,0.0,0.0,0.0,0.0,0.0
0,4,218,0,0.0,0.0,0.0,0.0,0.0,0.0
0,473,395,0,0.0,0.0,0.0,0.0,0.0,0.0
0,482,18,0,0.0,0.0,0.0,0.0,0.0,0.0
0,467,12,0,0.0,0.0,0.0,0.0,0.0,0.0
0,92,483,0,0.0,0.0,0.0,0.0,0.0,0.0
0,21,192,0,0.0,0.0,0.0,0.0,0.0,0.0
0,4,376,0,0.0,0.0,0.0,0.0,0.0,0.0
0,157,28,0,0.0,0.0,0.0,0.0,0.0,0.0
0,475,93,0,0.0,0.0,0.0,0.0,0.0,0.0
0,25,380,0,0.0,0.0,0.0,0.0,0.0,0.0
0,439,24,0,0.0,0.0,0.0,0.0,0.0,0.0
0,12,111,0,0.0,0.0,0.0,0.0,0.0,0.0
0,231,479,0,0.0,0.0,0.0,0.0,0.0,0.0
0,323,19,0,0.0,0.0,0.0,0.0,0.0,0.0
0,480,404,0,0.0,0.0,0.0,0.0,0.0,0.0
0,51,44,0,0.0,0.0,0.0,0.0,0.0,0.0
0,23,319,0,0.0,0.0,0.0,0.0,0.0,0.0
0,3,394,0,0.0,0.0,0.0,0.0,0.0,0.0
0,270,41,0,5.3703966e-24,0.0,0.0,0.0,0.0,0.0
0,476,20,0,0.0,0.0,0.0,0.0,0.0,0.0
0,489,442,0,0.0,0.0,0.0,0.0,0.0,0.0
0,38,36,0,0.0,0.0,0.0,0.0,0.0,0.0
0,23,22,0,0.0,0.0,0.0,0.0,0.0,0.0
0,20,69,0,0.0,0.0,0.0,0.0,0.0,0.0
0,7,489,0,0.0,0.0,0.0,0.0,0.0,0.0
0,392,8,0,0.0,0.0,0.0,0.0,0.0,0.0
0,458,464,0,0.0,0.0,0.0,0.0,0.0,0.0
0,43,330,0,0.0,0.0,0.0,0.0,0.0,0.0
0,63,5,0,0.0,0.0,0.0,0.0,0.0,0.0
0,123,480,0,0.0,0.0,0.0,0.0,0.0,0.0
0,455,9,0,0.0,0.0,0.0,0.0,0.0,0.0
0,305,478,0,0.0,0.0,0.0,0.0,0.0,0.0
0,11,491,0,0.0,0.0,0.0,0.0,0.0,0.0
0,92,42,0,0.0,0.0,0.0,0.0,0.0,0.0
0,23,122,0,0.0,0.0,0.0,0.0,0.0,0.0
0,422,481,0,0.0,0.0,0.0,0.0,0.0,0.0
0,139,36,0,0.0,0.0,0.0,0.0,0.0,0.0
0,42,326,0,0.0,0.0,0.0,0.0,0.0,0.0
0,467,185,0,5.544123e-24,0.0,0.0,0.0,0.0,0.0
0,30,278,0,0.0,0.0,0.0,0.0,0.0,0.0
0,253,38,0,0.0,0.0,0.0,0.0,0.0,0.0
0,2,245,0,0.0,0.0,0.0,0.0,0.0,0.0
0,463,239,0,1.17005e-19,0.0,0.0,0.0,0.0,0.0
0,480,366,0,0.0,0.0,0.0,0.0,0.0,0.0
0,21,74,0,0.0,0.0,0.0,0.0,0.0,0.0
0,497,455,0,0.0,0.0,0.0,0.0,0.0,0.0
0,494,317,0,0.0,0.0,0.0,0.0,0.0,0.0
0,24,380,0,0.0,0.0,0.0,0.0,0.0,0.0
0,479,265,0,0.0,0.0,0.0,0.0,0.0,0.0
0,348,37,0,0.0,0.0,0.0,0.0,0.0,0.0
0,6,44,0,0.0,0.0,0.0,0.0,0.0,0.0
0,46,471,0,0.0,0.0,0.0,0.0,0.0,0.0
0,415,453,0,0.0,0.0,0.0,0.0,0.0,0.0
0,351,489,0,0.0,0.0,0.0,0.0,0.0,0.0
0,294,479,0,0.0,0.0,0.0,0.0,0.0,0.0
0,454,462,0,0.0,0.0,0.0,0.0,0.0,0.0
0,457,467,0,0.0,0.0,0.0,0.0,0.0,0.0
0,47,194,0,0.0,0.0,0.0,0.0,0.0,0.0
0,98,22,0,0.0,0.0,0.0,0.0,0.0,0.0
0,35,259,0,0.0,0.0,0.0,0.0,0.0,0.0
0,442,481,0,0.0,0.0,0.0,0.0,0.0,0.0
0,483,488,0,0.0,0.0,0.0,0.0,0.0,0.0
0,437,18,0,0.0,0.0,0.0,0.0,0.0,0.0
0,476,356,0,0.0,0.0,0.0,0.0,0.0,0.0
0,185,489,0,0.0,0.0,0.0,0.0,0.0,0.0
0,462,429,0,0.0,0.0,0.0,0.0,0.0,0.0
0,2,41,0,0.0,0.0,0.0,0.0,0.0,0.0
0,454,128,0,0.0,0.0,0.0,0.0,0.0,0.0
0,458,18,0,0.0,0.0,0.0,0.0,0.0,0.0
0,10,473,0,0.0,0.0,0.0,0.0,0.0,0.0
0,485,144,0,0.0,0.0,0.0,0.0,0.0,0.0
0,26,429,0,0.0,0.0,0.0,0.0,0.0,0.0
0,496,416,0,0.0,0.0,0.0,0.0,0.0,0.0
0,9,49,0,0.0,0.0,0.0,0.0,0.0,0.0
0,487,92,0,0.0,0.0,0.0,0.0,0.0,0.0
0,7,158,0,0.0,0.0,0.0,0.0,0.0,0.0
0,28,248,0,0.0,0.0,0.0,0.0,0.0,0.0
0,482,229,0,3.9481034e-25,0.0,0.0,0.0,0.0,0.0
0,215,21,0,0.0,0.0,0.0,0.0,0.0,0.0
0,142,17,0,0.0,0.0,0.0,0.0,0.0,0.0
0,41,108,0,0.0,0.0,0.0,0.0,0.0,0.0
0,87,487,0,0.0,0.0,0.0,0.0,0.0,0.0
0,66,17,0,0.0,0.0,0.0,0.0,0.0,0.0
0,472,452,0,0.0,0.0,0.0,0.0,0.0,0.0
0,483,462,0,0.0,0.0,0.0,0.0,0.0,0.0
0,47,57,0,0.0,0.0,0.0,0.0,0.0,0.0
0,6,396,0,0.0,0.0,0.0,0.0,0.0,0.0
0,378,41,0,0.0,0.0,0.0,0.0,0.0,0.0
0,45,347,0,0.0,0.0,0.0,0.0,0.0,0.0
0,496,373,0,0.0,0.0,0.0,0.0,0.0,0.0
0,52,495,0,0.0,0.0,0.0,0.0,0.0,0.0
0,90,472,0,0.0,0.0,0.0,0.0,0.0,0.0
0,22,468,0,0.0,0.0,0.0,0.0,0.0,0.0
0,3,315,0,0.0,0.0,0.0,0.0,0.0,0.0
0,486,465,0,0.0,0.0,0.0,0.0,0.0,0.0
0,9,266,0,0.0,0.0,0.0,0.0,0.0,0.0
0,453,83,0,0.0,0.0,0.0,0.0,0.0,0.0
0,231,467,0,0.0,0.0,0.0,0.0,0.0,0.0
0,468,156,0,0.0,0.0,0.0,0.0,0.0,0.0
0,318,490,0,0.0,0.0,0.0,0.0,0.0,0.0
0,476,321,0,0.0,0.0,0.0,0.0,0.0,0.0
0,302,466,0,0.0,0.0,0.0,0.0,0.0,0.0
0,12,436,0,0.0,0.0,0.0,0.0,0.0,0.0
0,210,489,0,0.0,0.0,0.0,0.0,0.0,0.0
0,491,494,0,0.0,0.0,0.0,0.0,0.0,0.0
0,43,57,0,0.0,0.0,0.0,0.0,0.0,0.0
0,76,22,0,0.0,0.0,0.0,0.0,0.0,0.0
0,15,362,0,0.0,0.0,0.0,0.0,0.0,0.0
0,19,205,0,0.0,0.0,0.0,0.0,0.0,0.0
0,24,17,0,0.0,0.0,0.0,0.0,0.0,0.0
0,417,465,0,0.0,0.0,0.0,0.0,0.0,0.0
0,44,37,0,0.0,0.0,0.0,0.0,0.0,0.0
0,322,25,0,0.0,0.0,0.0,0.0,0.0,0.0
0,452,30,0,0.0,0.0,0.0,0.0,0.0,0.0
0,343,22,0,0.0,0.0,0.0,0.0,0.0,0.0
0,452,373,0,0.0,0.0,0.0,0.0,0.0,0.0
0,394,458,0,2.0610068e-26,0.0,0.0,0.0,0.0,0.0
0,29,473,0,0.0,0.0,0.0,0.0,0.0,0.0
0,24,366,0,0.0,0.0,0.0,0.0,0.0,0.0
0,22,162,0,0.0,0.0,0.0,0.0,0.0,0.0
0,2,222,0,0.0,0.0,0.0,0.0,0.0,0.0
0,462,413,0,0.0,0.0,0.0,0.0,0.0,0.0
0,474,468,0,0.0,0.0,0.0,0.0,0.0,0.0
0,14,228,0,0.0,0.0,0.0,0.0,0.0,0.0
0,486,463,0,0.0,0.0,0.0,0.0,0.0,0.0
0,20,463,0,0.0,0.0,0.0,0.0,0.0,0.0
0,27,123,0,0.0,0.0,0.0,0.0,0.0,0.0
0,383,6,0,0.0,0.0,0.0,0.0,0.0,0.0
0,247,464,0,0.0,0.0,0.0,0.0,0.0,0.0
0,330,482,0,0.0,0.0,0.0,0.0,0.0,0.0
0,458,157,0,2.9137189e-24,0.0,0.0,0.0,0.0,0.0
0,258,44,0,6.1658915e-26,0.0,0.0,0.0,0.0,0.0
0,3,36,0,0.0,0.0,0.0,0.0,0.0,0.0
0,368,465,0,6.3101962e-30,0.0,0.0,0.0,0.0,0.0
0,483,8,0,0.0,0.0,0.0,0.0,0.0,0.0
0,494,98,0,0.0,0.0,0.0,0.0,0.0,0.0
0,480,217,0,1.1930862e-24,0.0,0.0,0.0,0.0,0.0
0,480,380,0,0.0,0.0,0.0,0.0,0.0,0.0
0,473,30,0,0.0,0.0,0.0,0.0,0.0,0.0
0,496,94,0,0.0,0.0,0.0,0.0,0.0,0.0
0,492,436,0,0.0,0.0,0.0,0.0,0.0,0.0
0,45,41,0,0.0,0.0,0.0,0.0,0.0,0.0
0,20,114,0,0.0,0.0,0.0,0.0,0.0,0.0
0,28,461,0,0.0,0.0,0.0,0.0,0.0,0.0
0,11,495,0,0.0,0.0,0.0,0.0,0.0,0.0
0,287,12,0,0.0,0.0,0.0,0.0,0.0,0.0
0,203,9,0,0.0,0.0,0.0,0.0,0.0,0.0
0,457,337,0,0.0,0.0,0.0,0.0,0.0,0.0
0,459,272,0,0.0,0.0,0.0,0.0,0.0,0.0
0,486,136,0,0.0,0.0,0.0,0.0,0.0,0.0
0,418,474,0,0.0,0.0,0.0,0.0,0.0,0.0
0,420,492,0,0.0,0.0,0.0,0.0,0.0,0.0
0,279,459,0,0.0,0.0,0.0,0.0,0.0,0.0
0,12,360,0,0.0,0.0,0.0,0.0,0.0,0.0
0,459,229,0,2.0934017e-16,0.0,0.0,0.0,0.0,0.0
0,71,460,0,0.0,0.0,0.0,0.0,0.0,0.0
0,161,14,0,0.0,0.0,0.0,0.0,0.0,0.0
0,486,491,0,0.0,0.0,0.0,0.0,0.0,0.0
0,176,24,0,0.0,0.0,0.0,0.0,0.0,0.0
0,38,447,0,0.0,0.0,0.0,0.0,0.0,0.0
0,65,12,0,0.0,0.0,0.0,0.0,0.0,0.0
0,18,434,0,0.0,0.0,0.0,0.0,0.0,0.0
0,465,42,0,0.0,0.0,0.0,0.0,0.0,0.0
0,202,27,0,0.0,0.0,0.0,0.0,0.0,0.0
0,6,225,0,0.0,0.0,0.0,0.0,0.0,0.0
0,487,124,0,0.0,0.0,0.0,0.0,0.0,0.0
0,459,467,0,0.0,0.0,0.0,0.0,0.0,0.0
0,26,422,0,0.0,0.0,0.0,0.0,0.0,0.0
0,485,14,0,0.0,0.0,0.0,0.0,0.0,0.0
0,377,8,0,0.0,0.0,0.0,0.0,0.0,0.0
0,22,472,0,0.0,0.0,0.0,0.0,0.0,0.0
0,46,183,0,0.0,0.0,0.0,0.0,0.0,0.0
0,113,46,0,0.0,0.0,0.0,0.0,0.0,0.0
0,231,494,0,0.0,0.0,0.0,0.0,0.0,0.0
0,385,39,0,0.0,0.0,0.0,0.0,0.0,0.0
0,81,456,0,0.0,0.0,0.0,0.0,0.0,0.0
0,75,46,0,0.0,0.0,0.0,0.0,0.0,0.0
0,246,463,0,0.0,0.0,0.0,0.0,0.0,0.0
0,490,203,0,0.0,0.0,0.0,0.0,0.0,0.0
0,272,42,0,2.7244662e-23,0.0,0.0,0.0,0.0,0.0
0,39,406,0,0.0,0.0,0.0,0.0,0.0,0.0
0,466,454,0,0.0,0.0,0.0,0.0,0.0,0.0
0,492,300,0,0.0,0.0,0.0,0.0,0.0,0.0
0,14,180,0,0.0,0.0,0.0,0.0,0.0,0.0
0,110,483,0,0.0,0.0,0.0,0.0,0.0,0.0
0,341,9,0,0.0,0.0,0.0,0.0,0.0,0.0
0,486,146,0,0.0,0.0,0.0,0.0,0.0,0.0
0,459,29,0,0.0,0.0,0.0,0.0,0.0,0.0
0,496,59,0,0.0,0.0,0.0,0.0,0.0,0.0
0,11,468,0,0.0,0.0,0.0,0.0,0.0,0.0
0,389,18,0,0.0,0.0,0.0,0.0,0.0,0.0
0,481,334,0,0.0,0.0,0.0,0.0,0.0,0.0
0,25,299,0,0.0,0.0,0.0,0.0,0.0,0.0
0,281,37,0,4.8750243e-24,0.0,0.0,0.0,0.0,0.0
0,459,73,0,0.0,0.0,0.0,0.0,0.0,0.0
0,457,492,0,0.0,0.0,0.0,0.0,0.0,0.0
0,495,61,0,0.0,0.0,0.0,0.0,0.0,0.0
0,489,8,0,0.0,0.0,0.0,0.0,0.0,0.0
0,349,31,0,0.0,0.0,0.0,0.0,0.0,0.0
0,491,285,0,0.0,0.0,0.0,0.0,0.0,0.0
0,39,285,0,0.0,0.0,0.0,0.0,0.0,0.0
0,15,18,0,0.0,0.0,0.0,0.0,0.0,0.0
0,3,45,0,0.0,0.0,0.0,0.0,0.0,0.0
0,171,454,0,0.0,0.0,0.0,0.0,0.0,0.0
0,314,483,0,0.0,0.0,0.0,0.0,0.0,0.0
0,16,480,0,0.0,0.0,0.0,0.0,0.0,0.0
0,197,488,0,0.0,0.0,0.0,0.0,0.0,0.0
0,5,205,0,0.0,0.0,0.0,0.0,0.0,0.0
0,381,20,0,0.0,0.0,0.0,0.0,0.0,0.0
0,55,32,0,0.0,0.0,0.0,0.0,0.0,0.0
0,165,470,0,0.0,0.0,0.0,0.0,0.0,0.0
0,11,377,0,0.0,0.0,0.0,0.0,0.0,0.0
0,41,100,0,0.0,0.0,0.0,0.0,0.0,0.0
0,16,220,0,0.0,0.0,0.0,0.0,0.0,0.0
0,456,8,0,0.0,0.0,0.0,0.0,0.0,0.0
0,51,27,0,0.0,0.0,0.0,0.0,0.0,0.0
0,34,489,0,0.0,0.0,0.0,0.0,0.0,0.0
0,10,73,0,0.0,0.0,0.0,0.0,0.0,0.0
0,2,349,0,0.0,0.0,0.0,0.0,0.0,0.0
0,315,467,0,0.0,0.0,0.0,0.0,0.0,0.0
0,58,465,0,0.0,0.0,0.0,0.0,0.0,0.0
0,245,11,0,0.0,0.0,0.0,0.0,0.0,0.0
0,460,424,0,0.0,0.0,0.0,0.0,0.0,0.0
0,383,494,0,0.0,0.0,0.0,0.0,0.0,0.0
0,112,34,0,0.0,0.0,0.0,0.0,0.0,0.0
0,474,78,0,0.0,0.0,0.0,0.0,0.0,0.0
0,373,28,0,0.0,0.0,0.0,0.0,0.0,0.0
0,97,24,0,0.0,0.0,0.0,0.0,0.0,0.0
0,452,268,0,6.999038e-28,0.0,0.0,0.0,0.0,0.0
0,315,18,0,0.0,0.0,0.0,0.0,0.0,0.0
0,46,137,0,0.0,0.0,0.0,0.0,0.0,0.0
0,474,267,0,0.0,0.0,0.0,0.0,0.0,0.0
0,154,477,0,0.0,0.0,0.0,0.0,0.0,0.0
0,237,479,0,0.0,0.0,0.0,0.0,0.0,0.0
0,72,477,0,0.0,0.0,0.0,0.0,0.0,0.0
0,277,453,0,0.0,0.0,0.0,0.0,0.0,0.0
0,159,35,0,0.0,0.0,0.0,0.0,0.0,0.0
0,492,263,0,0.0,0.0,0.0,0.0,0.0,0.0
0,211,459,0,0.0,0.0,0.0,0.0,0.0,0.0
0,454,224,0,3.2037097e-14,0.0,0.0,0.0,0.0,0.0
0,39,396,0,0.0,0.0,0.0,0.0,0.0,0.0
0,11,13,0,0.0,0.0,0.0,0.0,0.0,0.0
0,10,309,0,0.0,0.0,0.0,0.0,0.0,0.0
0,4,470,0,0.0,0.0,0.0,0.0,0.0,0.0
0,21,102,0,0.0,0.0,0.0,0.0,0.0,0.0
0,292,6,0,0.0,0.0,0.0,0.0,0.0,0.0
0,476,37,0,0.0,0.0,0.0,0.0,0.0,0.0
0,32,132,0,0.0,0.0,0.0,0.0,0.0,0.0
0,488,368,0,0.0,0.0,0.0,0.0,0.0,0.0
0,494,95,0,0.0,0.0,0.0,0.0,0.0,0.0
0,491,457,0,0.0,0.0,0.0,0.0,0.0,0.0
0,190,41,0,0.0,0.0,0.0,0.0,0.0,0.0
0,17,202,0,0.0,0.0,0.0,0.0,0.0,0.0
0,463,317,0,0.0,0.0,0.0,0.0,0.0,0.0
0,476,444,0,0.0,0.0,0.0,0.0,0.0,0.0
0,243,6,0,0.0,0.0,0.0,0.0,0.0,0.0
0,465,27,0,0.0,0.0,0.0,0.0,0.0,0.0
0,361,453,0,4.6540954e-25,0.0,0.0,0.0,0.0,0.0
0,470,473,0,0.0,0.0,0.0,0.0,0.0,0.0
0,61,458,0,0.0,0.0,0.0,0.0,0.0,0.0
0,35,194,0,0.0,0.0,0.0,0.0,0.0,0.0
0,30,171,0,0.0,0.0,0.0,0.0,0.0,0.0
0,468,203,0,3.660269e-23,0.0,0.0,0.0,0.0,0.0
0,76,30,0,0.0,0.0,0.0,0.0,0.0,0.0
0,41,475,0,0.0,0.0,0.0,0.0,0.0,0.0
0,371,34,0,0.0,0.0,0.0,0.0,0.0,0.0
0,486,460,0,0.0,0.0,0.0,0.0,0.0,0.0
0,113,22,0,0.0,0.0,0.0,0.0,0.0,0.0
0,346,16,0,0.0,0.0,0.0,0.0,0.0,0.0
0,241,472,0,0.0,0.0,0.0,0.0,0.0,0.0
0,25,465,0,0.0,0.0,0.0,0.0,0.0,0.0
0,67,20,0,0.0,0.0,0.0,0.0,0.0,0.0
0,284,12,0,0.0,0.0,0.0,0.0,0.0,0.0
0,190,11,0,0.0,0.0,0.0,0.0,0.0,0.0
0,7,125,0,0.0,0.0,0.0,0.0,0.0,0.0
0,28,251,0,0.0,0.0,0.0,0.0,0.0,0.0
0,272,453,0,0.0,0.0,0.0,0.0,0.0,0.0
0,4,492,0,0.0,0.0,0.0,0.0,0.0,0.0
0,486,207,0,0.0,0.0,0.0,0.0,0.0,0.0
0,303,7,0,0.0,0.0,0.0,0.0,0.0,0.0
0,487,346,0,0.0,0.0,0.0,0.0,0.0,0.0
0,218,470,0,0.0,0.0,0.0,0.0,0.0,0.0
0,6,464,0,0.0,0.0,0.0,0.0,0.0,0.0
0,483,222,0,1.7453551e-25,0.0,0.0,0.0,0.0,0.0
0,344,469,0,0.0,0.0,0.0,0.0,0.0,0.0
0,12,411,0,0.0,0.0,0.0,0.0,0.0,0.0
0,92,452,0,0.0,0.0,0.0,0.0,0.0,0.0
0,30,330,0,0.0,0.0,0.0,0.0,0.0,0.0
0,261,478,0,0.0,0.0,0.0,0.0,0.0,0.0
0,287,477,0,0.0,0.0,0.0,0.0,0.0,0.0
0,5,198,0,0.0,0.0,0.0,0.0,0.0,0.0
0,462,72,0,0.0,0.0,0.0,0.0,0.0,0.0
0,497,128,0,0.0,0.0,0.0,0.0,0.0,0.0
0,60,18,0,0.0,0.0,0.0,0.0,0.0,0.0
0,316,464,0,0.0,0.0,0.0,0.0,0.0,0.0
0,37,419,0,0.0,0.0,0.0,0.0,0.0,0.0
0,258,459,0,0.0,0.0,0.0,0.0,0.0,0.0
0,63,497,0,0.0,0.0,0.0,0.0,0.0,0.0
0,206,488,0,0.0,0.0,0.0,0.0,0.0,0.0
0,75,460,0,0.0,0.0,0.0,0.0,0.0,0.0
0,481,60,0,0.0,0.0,0.0,0.0,0.0,0.0
0,34,461,0,0.0,0.0,0.0,0.0,0.0,0.0
0,462,109,0,7.2915936e-37,0.0,0.0,0.0,0.0,0.0
0,11,27,0,0.0,0.0,0.0,0.0,0.0,0.0
0,401,481,0,0.0,0.0,0.0,0.0,0.0,0.0
0,46,463,0,0.0,0.0,0.0,0.0,0.0,0.0
0,141,15,0,0.0,0.0,0.0,0.0,0.0,0.0
0,115,25,0,0.0,0.0,0.0,0.0,0.0,0.0
0,476,61,0,0.0,0.0,0.0,0.0,0.0,0.0
0,363,482,0,0.0,0.0,0.0,0.0,0.0,0.0
0,10,127,0,0.0,0.0,0.0,0.0,0.0,0.0
0,325,472,0,0.0,0.0,0.0,0.0,0.0,0.0
0,453,261,0,9.483392e-25,0.0,0.0,0.0,0.0,0.0
0,249,491,0,0.0,0.0,0.0,0.0,0.0,0.0
0,11,29,0,0.0,0.0,0.0,0.0,0.0,0.0
0,342,24,0,0.0,0.0,0.0,0.0,0.0,0.0
0,497,117,0,0.0,0.0,0.0,0.0,0.0,0.0
0,399,31,0,0.0,0.0,0.0,0.0,0.0,0.0
0,5,220,0,0.0,0.0,0.0,0.0,0.0,0.0
0,20,424,0,0.0,0.0,0.0,0.0,0.0,0.0
0,63,37,0,0.0,0.0,0.0,0.0,0.0,0.0
0,38,477,0,0.0,0.0,0.0,0.0,0.0,0.0
0,10,174,0,0.0,0.0,0.0,0.0,0.0,0.0
0,488,479,0,0.0,0.0,0.0,0.0,0.0,0.0
0,130,460,0,0.0,0.0,0.0,0.0,0.0,0.0
0,459,393,0,0.0,0.0,0.0,0.0,0.0,0.0
0,36,266,0,0.0,0.0,0.0,0.0,0.0,0.0
0,458,291,0,0.0,0.0,0.0,0.0,0.0,0.0
0,480,332,0,0.0,0.0,0.0,0.0,0.0,0.0
0,23,170,0,0.0,0.0,0.0,0.0,0.0,0.0
0,238,38,0,0.0,0.0,0.0,0.0,0.0,0.0
0,306,41,0,8.1394466e-25,0.0,0.0,0.0,0.0,0.0
0,247,36,0,0.0,0.0,0.0,0.0,0.0,0.0
0,475,420,0,0.0,0.0,0.0,0.0,0.0,0.0
0,13,29,0,0.0,0.0,0.0,0.0,0.0,0.0
0,28,203,0,0.0,0.0,0.0,0.0,0.0,0.0
0,14,267,0,0.0,0.0,0.0,0.0,0.0,0.0
0,43,8,0,0.0,0.0,0.0,0.0,0.0,0.0
0,229,465,0,0.0,0.0,0.0,0.0,0.0,0.0
0,470,403,0,0.0,0.0,0.0,0.0,0.0,0.0
0,465,262,0,9.609557e-28,0.0,0.0,0.0,0.0,0.0
0,404,12,0,0.0,0.0,0.0,0.0,0.0,0.0
0,30,119,0,0.0,0.0,0.0,0.0,0.0,0.0
0,176,39,0,0.0,0.0,0.0,0.0,0.0,0.0
0,480,457,0,0.0,0.0,0.0,0.0,0.0,0.0
0,32,330,0,0.0,0.0,0.0,0.0,0.0,0.0
0,388,492,0,0.0,0.0,0.0,0.0,0.0,0.0
0,33,97,0,0.0,0.0,0.0,0.0,0.0,0.0
0,35,59,0,0.0,0.0,0.0,0.0,0.0,0.0
0,13,102,0,0.0,0.0,0.0,0.0,0.0,0.0
0,329,489,0,0.0,0.0,0.0,0.0,0.0,0.0
0,334,468,0,0.0,0.0,0.0,0.0,0.0,0.0
0,286,8,0,0.0,0.0,0.0,0.0,0.0,0.0
0,108,485,0,0.0,0.0,0.0,0.0,0.0,0.0
0,35,15,0,0.0,0.0,0.0,0.0,0.0,0.0
0,466,372,0,0.0,0.0,0.0,0.0,0.0,0.0
0,472,169,0,8.483658e-27,0.0,0.0,0.0,0.0,0.0
0,7,261,0,0.0,0.0,0.0,0.0,0.0,0.0
0,40,122,0,0.0,0.0,0.0,0.0,0.0,0.0
0,469,293,0,0.0,0.0,0.0,0.0,0.0,0.0
0,187,493,0,0.0,0.0,0.0,0.0,0.0,0.0
0,487,61,0,0.0,0.0,0.0,0.0,0.0,0.0
0,157,39,0,0.0,0.0,0.0,0.0,0.0,0.0
0,454,250,0,7.058721e-21,0.0,0.0,0.0,0.0,0.0
0,393,3,0,0.0,0.0,0.0,0.0,0.0,0.0
0,485,179,0,2.5109884e-36,0.0,0.0,0.0,0.0,0.0
0,459,70,0,0.0,0.0,0.0,0.0,0.0,0.0
0,217,492,0,0.0,0.0,0.0,0.0,0.0,0.0
0,480,39,0,0.0,0.0,0.0,0.0,0.0,0.0
0,28,27,0,0.0,0.0,0.0,0.0,0.0,0.0
0,30,274,0,0.0,0.0,0.0,0.0,0.0,0.0
0,10,26,0,0.0,0.0,0.0,0.0,0.0,0.0
0,26,257,0,0.0,0.0,0.0,0.0,0.0,0.0
0,381,36,0,0.0,0.0,0.0,0.0,0.0,0.0
0,135,494,0,0.0,0.0,0.0,0.0,0.0,0.0
0,450,466,0,0.0,0.0,0.0,0.0,0.0,0.0
0,455,23,0,0.0,0.0,0.0,0.0,0.0,0.0
0,30,63,0,0.0,0.0,0.0,0.0,0.0,0.0
0,17,80,0,0.0,0.0,0.0,0.0,0.0,0.0
0,4,25,0,0.0,0.0,0.0,0.0,0.0,0.0
0,146,476,0,0.0,0.0,0.0,0.0,0.0,0.0
0,464,402,0,0.0,0.0,0.0,0.0,0.0,0.0
0,41,335,0,0.0,0.0,0.0,0.0,0.0,0.0
0,351,486,0,0.0,0.0,0.0,0.0,0.0,0.0
0,455,464,0,0.0,0.0,0.0,0.0,0.0,0.0
0,293,464,0,0.0,0.0,0.0,0.0,0.0,0.0
0,428,466,0,0.0,0.0,0.0,0.0,0.0,0.0
0,433,489,0,0.0,0.0,0.0,0.0,0.0,0.0
0,230,21,0,0.0,0.0,0.0,0.0,0.0,0.0
0,432,464,0,0.0,0.0,0.0,0.0,0.0,0.0
0,14,4,0,0.0,0.0,0.0,0.0,0.0,0.0
0,466,194,0,1.849044e-24,0.0,0.0,0.0,0.0,0.0
0,10,292,0,0.0,0.0,0.0,0.0,0.0,0.0
0,367,8,0,0.0,0.0,0.0,0.0,0.0,0.0
0,455,195,0,6.277664e-21,0.0,0.0,0.0,0.0,0.0
0,33,70,0,0.0,0.0,0.0,0.0,0.0,0.0
0,429,460,0,0.0,0.0,0.0,0.0,0.0,0.0
0,467,480,0,0.0,0.0,0.0,0.0,0.0,0.0
0,132,46,0,0.0,0.0,0.0,0.0,0.0,0.0
0,276,18,0,0.0,0.0,0.0,0.0,0.0,0.0
0,348,457,0,0.0,0.0,0.0,0.0,0.0,0.0
0,236,19,0,0.0,0.0,0.0,0.0,0.0,0.0
0,478,296,0,0.0,0.0,0.0,0.0,0.0,0.0
0,147,490,0,0.0,0.0,0.0,0.0,0.0,0.0
0,388,487,0,0.0,0.0,0.0,0.0,0.0,0.0
0,483,477,0,0.0,0.0,0.0,0.0,0.0,0.0
0,474,26,0,0.0,0.0,0.0,0.0,0.0,0.0
0,12,165,0,0.0,0.0,0.0,0.0,0.0,0.0
0,390,19,0,0.0,0.0,0.0,0.0,0.0,0.0
0,470,368,0,0.0,0.0,0.0,0.0,0.0,0.0
0,484,439,0,0.0,0.0,0.0,0.0,0.0,0.0
0,183,496,0,0.0,0.0,0.0,0.0,0.0,0.0
0,12,401,0,0.0,0.0,0.0,0.0,0.0,0.0
0,17,186,0,0.0,0.0,0.0,0.0,0.0,0.0
0,489,282,0,0.0,0.0,0.0,0.0,0.0,0.0
0,303,465,0,0.0,0.0,0.0,0.0,0.0,0.0
0,489,432,0,0.0,0.0,0.0,0.0,0.0,0.0
0,34,183,0,0.0,0.0,0.0,0.0,0.0,0.0
0,206,23,0,0.0,0.0,0.0,0.0,0.0,0.0
0,197,454,0,0.0,0.0,0.0,0.0,0.0,0.0
0,337,462,0,0.0,0.0,0.0,0.0,0.0,0.0
0,380,464,0,6.479275e-28,0.0,0.0,0.0,0.0,0.0
0,326,3,0,0.0,0.0,0.0,0.0,0.0,0.0
0,124,15,0,0.0,0.0,0.0,0.0,0.0,0.0
0,285,22,0,9.065656e-33,0.0,0.0,0.0,0.0,0.0
0,108,477,0,0.0,0.0,0.0,0.0,0.0,0.0
0,311,32,0,0.0,0.0,0.0,0.0,0.0,0.0
0,382,29,0,0.0,0.0,0.0,0.0,0.0,0.0
0,478,25,0,0.0,0.0,0.0,0.0,0.0,0.0
0,470,375,0,0.0,0.0,0.0,0.0,0.0,0.0
0,147,458,0,0.0,0.0,0.0,0.0,0.0,0.0
0,184,31,0,0.0,0.0,0.0,0.0,0.0,0.0
0,36,99,0,0.0,0.0,0.0,0.0,0.0,0.0
0,107,42,0,0.0,0.0,0.0,0.0,0.0,0.0
0,9,238,0,0.0,0.0,0.0,0.0,0.0,0.0
0,453,233,0,4.1428017e-15,0.0,0.0,0.0,0.0,0.0
0,47,77,0,0.0,0.0,0.0,0.0,0.0,0.0
0,33,287,0,0.0,0.0,0.0,0.0,0.0,0.0
0,213,15,0,0.0,0.0,0.0,0.0,0.0,0.0
0,350,20,0,0.0,0.0,0.0,0.0,0.0,0.0
0,32,300,0,0.0,0.0,0.0,0.0,0.0,0.0
0,23,169,0,0.0,0.0,0.0,0.0,0.0,0.0
0,256,483,0,0.0,0.0,0.0,0.0,0.0,0.0
0,283,463,0,0.0,0.0,0.0,0.0,0.0,0.0
0,473,315,0,0.0,0.0,0.0,0.0,0.0,0.0
0,140,29,0,0.0,0.0,0.0,0.0,0.0,0.0
0,121,47,0,0.0,0.0,0.0,0.0,0.0,0.0
0,9,45,0,0.0,0.0,0.0,0.0,0.0,0.0
0,309,468,0,0.0,0.0,0.0,0.0,0.0,0.0
0,63,19,0,0.0,0.0,0.0,0.0,0.0,0.0
0,262,152,0,0.0,0.0,0.0,0.0,0.0,0.0
0,106,72,0,0.0,0.0,0.0,0.0,0.0,0.0
0,181,328,0,0.0,0.0,0.0,0.0,0.0,0.0
0,343,272,0,0.0,0.0,0.0,0.0,0.0,0.0
0,371,67,0,0.0,0.0,0.0,0.0,0.0,0.0
0,367,219,0,0.0,0.0,0.0,0.0,0.0,0.0
0,56,349,0,1.1983821e-25,0.0,0.0,0.0,0.0,0.0
0,139,89,0,0.0,0.0,0.0,0.0,0.0,0.0
0,221,180,0,0.0,0.0,0.0,0.0,0.0,0.0
0,94,308,0,0.0,0.0,0.0,0.0,0.0,0.0
0,66,287,0,0.0,0.0,0.0,0.0,0.0,0.0
0,259,295,0,0.0,0.0,0.0,0.0,0.0,0.0
0,93,117,0,0.0,0.0,0.0,0.0,0.0,0.0
0,304,359,0,0.0,0.0,0.0,0.0,0.0,0.0
0,283,403,0,9.483392e-25,0.0,0.0,0.0,0.0,0.0
0,425,392,0,0.0,0.0,0.0,0.0,0.0,0.0
0,189,264,0,0.0,0.0,0.0,0.0,0.0,0.0
0,381,265,0,0.0,0.0,0.0,0.0,0.0,0.0
0,447,204,0,1.3728471e-18,0.0,0.0,0.0,0.0,0.0
0,227,385,0,5.9441897e-19,0.0,0.0,0.0,0.0,0.0
0,425,82,0,2.2441418e-21,0.0,0.0,0.0,0.0,0.0
0,297,149,0,0.0,0.0,0.0,0.0,0.0,0.0
0,329,61,0,2.214263e-28,0.0,0.0,0.0,0.0,0.0
0,39,22,0,0.0,0.0,0.0,0.0,0.0,0.0
0,5,470,0,0.0,0.0,0.0,0.0,0.0,0.0
0,387,477,0,0.0,0.0,0.0,0.0,0.0,0.0
0,100,470,0,0.0,0.0,0.0,0.0,0.0,0.0
0,219,494,0,0.0,0.0,0.0,0.0,0.0,0.0
0,483,9,0,0.0,0.0,0.0,0.0,0.0,0.0
0,33,32,0,0.0,0.0,0.0,0.0,0.0,0.0
0,50,468,0,0.0,0.0,0.0,0.0,0.0,0.0
0,458,472,0,0.0,0.0,0.0,0.0,0.0,0.0
0,40,191,0,0.0,0.0,0.0,0.0,0.0,0.0
0,374,12,0,0.0,0.0,0.0,0.0,0.0,0.0
0,65,456,0,0.0,0.0,0.0,0.0,0.0,0.0
0,19,417,0,0.0,0.0,0.0,0.0,0.0,0.0
0,47,314,0,0.0,0.0,0.0,0.0,0.0,0.0
0,37,370,0,1.4635406e-30,0.0,0.0,0.0,0.0,0.0
0,106,26,0,0.0,0.0,0.0,0.0,0.0,0.0
0,21,453,0,0.0,0.0,0.0,0.0,0.0,0.0
0,482,324,0,0.0,0.0,0.0,0.0,0.0,0.0
0,483,481,0,0.0,0.0,0.0,0.0,0.0,0.0
0,417,35,0,0.0,0.0,0.0,0.0,0.0,0.0
0,301,484,0,0.0,0.0,0.0,0.0,0.0,0.0
0,495,40,0,0.0,0.0,0.0,0.0,0.0,0.0
0,22,97,0,0.0,0.0,0.0,0.0,0.0,0.0
0,65,4,0,0.0,0.0,0.0,0.0,0.0,0.0
0,129,26,0,0.0,0.0,0.0,0.0,0.0,0.0
0,107,4,0,0.0,0.0,0.0,0.0,0.0,0.0
0,143,477,0,0.0,0.0,0.0,0.0,0.0,0.0
0,478,433,0,0.0,0.0,0.0,0.0,0.0,0.0
0,98,489,0,0.0,0.0,0.0,0.0,0.0,0.0
0,241,43,0,0.0,0.0,0.0,0.0,0.0,0.0
0,329,483,0,0.0,0.0,0.0,0.0,0.0,0.0
0,46,43,0,0.0,0.0,0.0,0.0,0.0,0.0
0,486,197,0,0.0,0.0,0.0,0.0,0.0,0.0
0,18,426,0,0.0,0.0,0.0,0.0,0.0,0.0
0,452,108,0,2.35253e-27,0.0,0.0,0.0,0.0,0.0
0,495,330,0,0.0,0.0,0.0,0.0,0.0,0.0
0,459,372,0,0.0,0.0,0.0,0.0,0.0,0.0
0,182,11,0,0.0,0.0,0.0,0.0,0.0,0.0
0,459,468,0,0.0,0.0,0.0,0.0,0.0,0.0
0,5,91,0,0.0,0.0,0.0,0.0,0.0,0.0
0,453,18,0,0.0,0.0,0.0,0.0,0.0,0.0
0,7,136,0,0.0,0.0,0.0,0.0,0.0,0.0
0,28,299,0,0.0,0.0,0.0,0.0,0.0,0.0
0,12,3,0,0.0,0.0,0.0,0.0,0.0,0.0
0,477,20,0,0.0,0.0,0.0,0.0,0.0,0.0
0,492,11,0,0.0,0.0,0.0,0.0,0.0,0.0
0,17,190,0,0.0,0.0,0.0,0.0,0.0,0.0
0,29,490,0,0.0,0.0,0.0,0.0,0.0,0.0
0,235,14,0,0.0,0.0,0.0,0.0,0.0,0.0
0,22,79,0,0.0,0.0,0.0,0.0,0.0,0.0
0,30,210,0,0.0,0.0,0.0,0.0,0.0,0.0
0,181,465,0,0.0,0.0,0.0,0.0,0.0,0.0
0,159,47,0,0.0,0.0,0.0,0.0,0.0,0.0
0,472,114,0,0.0,0.0,0.0,0.0,0.0,0.0
0,484,26,0,0.0,0.0,0.0,0.0,0.0,0.0
0,30,204,0,0.0,0.0,0.0,0.0,0.0,0.0
0,34,14,0,0.0,0.0,0.0,0.0,0.0,0.0
0,318,466,0,0.0,0.0,0.0,0.0,0.0,0.0
0,466,88,0,0.0,0.0,0.0,0.0,0.0,0.0
0,274,43,0,1.3158695e-22,0.0,0.0,0.0,0.0,0.0
0,19,456,0,0.0,0.0,0.0,0.0,0.0,0.0
0,195,45,0,0.0,0.0,0.0,0.0,0.0,0.0
0,272,476,0,0.0,0.0,0.0,0.0,0.0,0.0
0,475,57,0,0.0,0.0,0.0,0.0,0.0,0.0
0,491,308,0,0.0,0.0,0.0,0.0,0.0,0.0
0,465,20,0,0.0,0.0,0.0,0.0,0.0,0.0
0,485,34,0,0.0,0.0,0.0,0.0,0.0,0.0
0,17,475,0,0.0,0.0,0.0,0.0,0.0,0.0
0,330,24,0,0.0,0.0,0.0,0.0,0.0,0.0
0,45,492,0,0.0,0.0,0.0,0.0,0.0,0.0
0,13,275,0,0.0,0.0,0.0,0.0,0.0,0.0
0,472,474,0,0.0,0.0,0.0,0.0,0.0,0.0
0,408,16,0,0.0,0.0,0.0,0.0,0.0,0.0
0,445,44,0,0.0,0.0,0.0,0.0,0.0,0.0
0,480,47,0,0.0,0.0,0.0,0.0,0.0,0.0
0,388,29,0,0.0,0.0,0.0,0.0,0.0,0.0
0,495,218,0,8.643877e-35,0.0,0.0,0.0,0.0,0.0
0,269,494,0,0.0,0.0,0.0,0.0,0.0,0.0
0,480,295,0,0.0,0.0,0.0,0.0,0.0,0.0
0,186,465,0,0.0,0.0,0.0,0.0,0.0,0.0
0,470,206,0,5.2300358e-23,0.0,0.0,0.0,0.0,0.0
0,10,236,0,0.0,0.0,0.0,0.0,0.0,0.0
0,418,12,0,0.0,0.0,0.0,0.0,0.0,0.0
0,44,347,0,0.0,0.0,0.0,0.0,0.0,0.0
0,170,3,0,0.0,0.0,0.0,0.0,0.0,0.0
0,36,223,0,0.0,0.0,0.0,0.0,0.0,0.0
0,35,477,0,0.0,0.0,0.0,0.0,0.0,0.0
0,439,29,0,0.0,0.0,0.0,0.0,0.0,0.0
0,343,473,0,0.0,0.0,0.0,0.0,0.0,0.0
0,440,41,0,0.0,0.0,0.0,0.0,0.0,0.0
0,370,24,0,0.0,0.0,0.0,0.0,0.0,0.0
0,180,461,0,0.0,0.0,0.0,0.0,0.0,0.0
0,47,248,0,0.0,0.0,0.0,0.0,0.0,0.0
0,33,166,0,0.0,0.0,0.0,0.0,0.0,0.0
0,472,2,0,0.0,0.0,0.0,0.0,0.0,0.0
0,206,460,0,0.0,0.0,0.0,0.0,0.0,0.0
0,44,406,0,0.0,0.0,0.0,0.0,0.0,0.0
0,162,37,0,0.0,0.0,0.0,0.0,0.0,0.0
0,290,26,0,2.4453232e-29,0.0,0.0,0.0,0.0,0.0
0,475,386,0,0.0,0.0,0.0,0.0,0.0,0.0
