mcsteps,xCOM,yCOM,zCOM,il8,il1,il6,il10,tnf,tgf
930000,84,376,0,2.1063487e-09,4.413401e-11,1.6135115e-14,4.3098674e-23,3.0885587e-16,2.0580365e-10
930000,432,181,0,2.1088027e-09,2.9970082e-11,2.2064666e-12,6.473441e-16,3.3743272e-13,1.080655e-10
930000,409,105,0,2.106425e-09,2.4289216e-11,1.8450841e-17,6.049764e-29,3.3841405e-10,1.0818556e-10
930000,247,394,0,2.1066433e-09,5.2394505e-11,8.058216e-14,1.0189542e-20,2.332581e-10,1.4283946e-10
930000,132,141,0,2.1067503e-09,2.4879567e-11,1.3104661e-21,1.1869006e-36,1.7322453e-15,2.6222408e-10
930000,286,72,0,2.1065856e-09,2.6753827e-11,3.8458112e-13,1.9203125e-19,4.5323547e-14,1.8291038e-10
930000,365,385,0,2.1093043e-09,9.790348e-12,3.668851e-13,5.355708e-18,3.8708765e-18,1.4338217e-10
930000,379,420,0,2.1092326e-09,2.4332524e-11,6.358878e-13,1.6382115e-18,4.0751192e-14,1.46624e-10
930000,426,219,0,2.1759143e-09,7.2264013e-12,4.161964e-12,8.3945126e-16,2.489693e-18,1.75204e-10
930000,444,225,0,2.1741835e-09,1.969885e-11,4.438803e-12,3.7681963e-15,3.9803067e-17,1.94009e-10
930000,132,491,0,-7.591077e-13,1.922173e-11,1.2718001e-11,1.2734667e-13,1.3102739e-15,3.2115996e-10
930000,415,137,0,6.331951e-12,4.469449e-11,6.398579e-13,6.354229e-18,3.3414585e-10,3.5025383e-10
930000,200,205,0,-6.139166e-14,3.250927e-13,2.4391395e-28,0.0,2.3793488e-32,1.6627224e-11
930000,407,35,0,-7.0712685e-13,4.6960463e-11,8.424579e-12,3.1679042e-14,3.4345374e-10,1.4949762e-10
930000,471,279,0,-5.88018e-13,3.173677e-11,3.8812417e-12,1.2688289e-15,1.0601118e-13,2.3129965e-10
930000,312,301,0,-1.9465926e-13,1.4894067e-11,1.3479651e-24,1e-45,1.2657147e-12,3.9322772e-12
930000,490,11,0,-1.1031204e-12,2.9187847e-11,1.5718439e-11,3.748394e-14,3.460923e-16,3.787238e-10
930000,460,334,0,-5.799958e-13,1.5333767e-11,5.995713e-20,5.281143e-34,3.0264931e-21,3.4665046e-10
930000,224,22,0,-7.342014e-13,3.6667204e-11,4.7038946e-13,1.4245943e-17,1.6467639e-16,1.829421e-10
930000,308,169,0,-2.0150992e-13,2.768894e-12,5.5139967e-28,0.0,3.9887093e-25,2.0553902e-10
930000,454,495,0,-3.114233e-13,1.848379e-11,3.3859745e-11,8.2780755e-13,3.0087677e-12,4.2646053e-10
930000,300,383,0,-9.1513575e-14,7.751072e-12,1.6901789e-11,5.24363e-13,3.7712895e-14,2.4132793e-10
930000,89,450,0,-1.151902e-12,6.264584e-11,2.8154547e-15,7.84603e-25,1.9377822e-12,3.9685913e-10
930000,216,237,0,-1.8503215e-14,7.5442324e-16,9.13023e-27,0.0,0.0,1.5308818e-11
930000,195,233,0,-8.318953e-14,2.29434e-11,5.6355957e-12,2.751214e-15,3.1244556e-11,1.7016774e-10
930000,9,271,0,-4.7148776e-13,2.4972713e-11,8.303568e-13,1.2443935e-17,3.1208527e-16,3.7111203e-10
930000,111,324,0,-3.9730063e-13,3.48665e-11,1.1342394e-11,9.736191e-14,1.2794155e-11,1.8296184e-10
930000,301,19,0,-5.901938e-13,2.9224293e-11,9.8282375e-11,1.1148602e-10,6.4392525e-10,2.6390612e-10
930000,250,30,0,-5.551846e-13,2.814636e-11,1.137207e-13,7.056172e-21,5.2463728e-12,2.1071173e-10
930000,305,348,0,-1.00743856e-13,5.393234e-13,5.8549114e-17,8.447497e-28,5.527506e-31,1.2870562e-10
930000,164,147,0,6.568054e-12,1.3496937e-11,5.4995207e-14,4.5736036e-21,2.3068514e-16,2.39763e-10
930000,253,134,0,-2.5067145e-13,1.4563257e-11,2.960511e-26,0.0,5.7902405e-17,1.6683026e-11
930000,48,238,0,-2.7879692e-13,5.4837593e-12,4.4779789e-13,1.4053177e-18,4.3011827e-22,1.9787876e-10
930000,234,380,0,6.55586e-11,1.3975342e-13,3.835571e-15,1.2296718e-23,5.2325434e-31,2.1138435e-10
930000,339,11,0,-5.9560473e-13,1.05339105e-11,1.4467504e-13,3.156764e-20,3.5847506e-23,2.8271643e-10
930000,466,170,0,3.0792157e-12,3.2638368e-11,5.2150775e-13,1.2236193e-18,4.66913e-15,1.9436716e-10
930000,221,474,0,-5.4174867e-13,2.8855033e-11,5.702484e-13,1.8302423e-17,7.287531e-11,4.728786e-10
930000,261,183,0,-1.5254332e-14,4.417336e-16,4.6213115e-13,2.2156637e-18,3.6443853e-23,3.4834042e-11
930000,37,86,0,-7.6576126e-13,2.0524608e-11,3.2862974e-12,6.0880345e-16,2.1974351e-16,3.805146e-10
930000,299,267,0,-2.2711946e-13,1.0104392e-11,9.368681e-14,1.8306649e-20,2.7392539e-14,6.4969505e-12
930000,414,422,0,3.0836033e-12,5.6829416e-11,9.067636e-12,2.1709061e-14,8.308753e-12,3.2507078e-10
930000,319,273,0,-4.06055e-13,1.1879036e-11,5.2288604e-13,2.496359e-18,5.1071486e-22,7.136376e-11
930000,59,478,0,-1.5682242e-12,6.61671e-11,1.0116645e-12,2.0706298e-17,6.667365e-11,3.355908e-10
930000,479,318,0,-8.1068783e-13,4.1141802e-11,9.798888e-15,9.8294065e-24,2.4423397e-11,2.94494e-10
930000,140,383,0,-2.4281112e-13,2.5424378e-12,3.7132394e-11,9.57367e-13,4.4953177e-14,1.199605e-10
930000,279,440,0,-1.7525949e-13,2.2304162e-12,1.0514115e-12,1.2392924e-17,2.5943255e-22,1.9441089e-10
930000,385,18,0,-6.850247e-13,3.6842477e-11,3.0879167e-11,2.1089386e-13,4.8543396e-13,2.882619e-10
930000,461,430,0,-1.3090247e-12,5.890667e-11,2.6573767e-12,1.904311e-16,1.1895915e-12,2.884891e-10
930000,261,182,0,-1.47934e-14,4.677323e-16,1.7859169e-13,1.803632e-19,8.600406e-25,2.5855392e-11
930000,11,355,0,-9.780028e-13,2.946087e-11,1.5333438e-11,8.024315e-14,7.501201e-14,4.2603518e-10
930000,160,137,0,1.4500634e-11,2.7114363e-11,9.406102e-13,6.884039e-17,9.0709165e-15,1.6925446e-10
930000,84,391,0,1.2064492e-10,8.256194e-11,1.9301512e-13,3.7689638e-20,1.6975273e-09,2.384388e-10
930000,107,418,0,-5.146955e-13,4.780545e-11,1.8737603e-11,4.1639134e-13,6.3745775e-12,2.623766e-10
930000,247,110,0,-5.7218694e-13,3.365783e-11,8.469232e-17,5.9005414e-29,2.7708424e-12,2.2936225e-10
930000,377,353,0,4.6299293e-12,1.6589634e-11,4.9942526e-13,2.5506176e-18,1.977163e-15,2.0690052e-10
930000,103,44,0,-1.9798705e-12,2.8325756e-10,3.2470083e-14,1.2526352e-21,1.0332154e-11,2.512278e-10
930000,223,111,0,-7.324968e-13,4.4086578e-11,4.619477e-23,1.05554e-40,4.9402565e-11,9.988894e-11
930000,345,25,0,-7.0711454e-13,2.7991701e-11,2.6355745e-10,5.909873e-11,5.1998145e-11,1.33255e-10
930000,412,170,0,3.6069137e-11,4.508981e-11,2.698996e-17,1.3581414e-29,1.720706e-12,2.5657568e-10
930000,78,38,0,-9.693866e-13,4.5092294e-11,3.8867393e-13,5.3558985e-18,2.6939307e-11,2.0337498e-10
930000,324,237,0,-1.1826075e-13,5.664537e-12,2.4377049e-11,1.996529e-12,2.0634877e-13,1.6188953e-10
930000,46,308,0,-5.58953e-13,1.3724e-11,1.4894557e-13,2.7197615e-20,1.9766735e-21,2.8615468e-10
930000,239,34,0,-6.2203443e-13,2.6785721e-11,7.3277024e-13,1.7943686e-18,3.285913e-14,3.183223e-10
930000,408,208,0,5.3065656e-11,6.5726e-12,1.1155552e-17,1.0619075e-28,2.258043e-24,1.06579974e-10
930000,103,4,0,-1.310174e-12,7.470201e-11,2.2685952e-11,1.3125011e-13,1.7354444e-12,5.025633e-10
930000,230,33,0,-6.9021313e-13,1.927084e-11,5.474025e-12,2.9195214e-15,2.2615319e-14,3.2967495e-10
930000,238,118,0,-7.178125e-13,2.9680355e-11,8.0290337e-26,0.0,7.680149e-17,1.02944965e-10
930000,25,306,0,-5.3910343e-13,4.0403295e-11,3.72498e-11,5.856408e-12,1.8400721e-12,2.9813002e-10
930000,329,347,0,-7.5736706e-14,4.1223137e-13,1.0658751e-25,0.0,1.09446755e-36,1.1617825e-10
930000,43,138,0,-9.378035e-13,6.176789e-11,4.4978393e-11,1.0375756e-11,2.4558976e-11,2.1029722e-10
930000,213,62,0,-7.2052276e-13,3.3546454e-11,1.5821104e-13,1.528266e-19,6.8260073e-15,5.015644e-10
930000,287,128,0,-2.8089757e-13,1.0855839e-11,1.8912651e-12,1.0597156e-16,6.847982e-13,7.957962e-11
930000,477,326,0,-6.915447e-13,3.1796985e-11,6.4135175e-15,9.7645594e-23,3.4752177e-11,1.705287e-10
930000,179,473,0,-6.2367255e-13,2.6602217e-11,1.1525772e-13,9.3113734e-21,2.1075567e-16,2.6219313e-10
930000,422,327,0,-3.4491932e-13,1.8003217e-11,6.745061e-12,1.0542478e-14,9.2776326e-17,1.1758494e-10
930000,227,497,0,-4.8620044e-13,1.6423909e-11,1.15709e-19,2.239417e-31,2.817335e-16,3.0399275e-10
930000,190,25,0,-7.7583426e-13,4.6164114e-11,1.8548453e-11,4.0900887e-13,5.3296685e-13,4.9567533e-10
930000,354,287,0,-2.2395454e-13,9.824636e-12,2.9171772e-35,0.0,3.4988326e-15,8.2835586e-11
930000,354,406,0,4.5453964e-11,8.511146e-12,1.9918805e-13,9.192788e-20,6.3453802e-18,1.3761367e-10
930000,324,280,0,-4.719374e-13,4.6361193e-11,4.192242e-20,9.731358e-34,3.8258757e-14,2.3739436e-11
930000,255,142,0,-1.4751641e-13,1.2073972e-12,1.6881165e-28,0.0,4.4756255e-27,3.3913342e-10
930000,289,413,0,3.194687e-13,3.8923934e-12,1.7862654e-12,3.4091634e-17,7.6708004e-21,1.7273637e-10
930000,289,485,0,-4.2340298e-13,1.984993e-11,8.0045546e-13,6.0834738e-18,3.2022382e-17,1.2934091e-10
930000,117,319,0,-3.490181e-13,2.4416146e-11,1.7864356e-13,1.0854145e-19,3.4044526e-10,9.521538e-11
930000,33,363,0,-5.981015e-13,3.1234695e-11,2.2988668e-11,1.2890138e-12,2.2865345e-12,3.171399e-10
930000,265,182,0,-2.1041212e-14,9.113372e-15,1.6055033e-14,6.580924e-23,2.3197521e-30,3.203264e-11
930000,114,43,0,-1.0667402e-12,3.9710922e-11,1.7761073e-14,8.0499497e-22,1.6645756e-16,3.7708464e-10
930000,373,328,0,-3.9617701e-13,1.5474236e-11,8.434774e-12,2.4356343e-14,7.497537e-17,2.1160139e-10
930000,326,287,0,-4.2485994e-13,3.9586164e-11,6.2043363e-27,0.0,5.6806553e-14,1.583374e-11
930000,102,457,0,-1.0480848e-12,2.5768498e-11,1.6195496e-11,1.0544963e-13,6.663477e-15,1.4053086e-10
930000,340,204,0,-1.7176553e-13,1.3566744e-12,3.4031973e-13,6.0233255e-19,3.262469e-24,6.313056e-11
930000,307,376,0,-1.7126799e-13,1.2550998e-11,6.9418985e-14,1.9482848e-21,3.1449196e-18,7.581813e-11
930000,134,61,0,-7.3765625e-13,3.8517876e-11,4.8991874e-12,1.925539e-15,7.156447e-14,3.471779e-10
930000,430,276,0,-2.5352582e-13,1.5633503e-11,2.249861e-12,1.786693e-16,2.260799e-14,2.9023758e-10
930000,2,329,0,-8.01171e-13,3.980275e-11,2.0887103e-11,1.9880031e-14,3.398639e-10,1.6538577e-10
930000,201,33,0,-7.9099954e-13,4.615722e-11,3.8338495e-12,2.1802433e-15,6.3798185e-12,2.5591182e-10
930000,26,348,0,-9.11608e-13,1.4575653e-10,3.0021843e-11,9.894966e-14,1.3353096e-10,3.6753176e-10
930000,150,117,0,1.0720223e-11,1.6665418e-13,2.9343555e-25,0.0,1.3002839e-33,1.0241995e-10
930000,155,70,0,-5.344338e-13,3.101093e-11,1.2516548e-12,3.6851932e-17,4.91965e-15,1.7730085e-10
930000,481,84,0,-1.2008514e-12,4.946335e-11,1.00049075e-11,7.413413e-14,7.659468e-11,5.8615574e-10
930000,473,497,0,-1.7089928e-13,2.7013019e-11,7.566142e-12,1.6641956e-14,3.3896044e-10,1.9237288e-10
930000,77,117,0,-7.107577e-13,2.4414607e-11,7.669915e-12,1.28917805e-14,1.8508632e-14,4.0709675e-10
930000,238,86,0,-3.2572816e-13,1.0937878e-11,3.8979493e-11,1.6271343e-12,1.3511941e-13,3.9232975e-10
930000,195,320,0,-1.7438134e-13,1.7292662e-11,7.600293e-24,4e-45,3.3694017e-10,3.6021464e-11
930000,204,455,0,-5.416378e-13,1.35628574e-11,2.1139238e-11,1.4221824e-12,1.4815677e-13,2.3976748e-10
930000,435,115,0,1.4766062e-11,5.00081e-11,3.50093e-12,1.3532981e-15,5.008577e-14,2.5428368e-10
930000,364,328,0,-4.403697e-13,5.987758e-11,5.0545514e-12,3.8007906e-15,4.3198386e-11,2.0465152e-11
930000,331,314,0,-1.60944e-13,8.228453e-12,8.423569e-34,0.0,5.746371e-17,2.3810832e-11
930000,290,275,0,-2.1870937e-13,2.3135957e-11,2.8264997e-23,1.0782e-41,5.817143e-16,8.555332e-11
930000,39,161,0,-7.1837507e-13,2.273308e-11,4.518767e-12,6.3690424e-16,2.1516775e-14,3.0010433e-10
930000,284,147,0,-3.2130787e-13,2.015687e-11,5.5384783e-21,1.8018557e-36,2.3376895e-12,2.423242e-10
930000,302,308,0,-1.6846938e-13,6.1843117e-12,2.2517763e-15,7.3900283e-25,6.500739e-20,1.9495202e-12
930000,119,119,0,2.318478e-11,3.4933744e-12,1.4787726e-17,1.002399e-26,1.6328877e-24,1.1074139e-10
930000,247,142,0,-1.2926066e-13,1.7389798e-13,1.9876504e-24,2.318e-42,7.30567e-39,3.0538308e-11
930000,5,85,0,-1.1076338e-12,4.2511245e-11,1.780429e-11,1.069818e-14,3.6293445e-13,2.491887e-10
930000,48,228,0,-2.0329809e-13,5.961016e-13,1.1250134e-11,1.0343332e-13,1.0927462e-15,9.509034e-11
930000,348,155,0,-3.5574652e-13,1.8293643e-11,8.8289933e-13,4.1183543e-17,4.2809865e-14,2.7019224e-11
930000,178,57,0,-5.1806714e-13,2.6066102e-11,1.40408405e-11,2.4643705e-14,2.2188843e-13,5.6964638e-11
930000,231,314,0,-1.0758556e-13,3.1579277e-12,1.4940896e-32,0.0,8.2288425e-20,1.825453e-12
930000,94,319,0,-2.7372817e-13,5.9914886e-12,4.8280335e-17,8.812634e-29,1.1349364e-21,4.2241707e-10
930000,99,437,0,-9.401386e-13,3.1155238e-11,2.7133296e-11,1.2690681e-12,6.494346e-11,3.6959596e-10
930000,290,444,0,-2.2387533e-13,1.5088816e-11,3.653509e-14,3.213966e-20,7.0252026e-11,1.04392085e-10
930000,173,51,0,-5.50474e-13,2.3379442e-11,4.25537e-12,8.839859e-16,3.4210296e-10,1.5904013e-10
930000,469,150,0,-4.1691309e-13,2.5763225e-11,2.8809856e-11,7.3250684e-14,1.5147358e-15,1.7709746e-10
930000,283,97,0,2.4558012e-11,3.441105e-11,1.1808244e-13,3.658019e-20,3.8782467e-12,2.9941796e-11
930000,346,317,0,-2.5543082e-13,3.4673802e-12,1.4239177e-24,0.0,5.2355404e-28,1.0747205e-11
930000,485,29,0,-1.3195039e-12,5.4403832e-11,2.2722492e-12,7.542057e-16,8.786085e-17,6.208743e-10
930000,69,448,0,-1.2212979e-12,3.1735326e-11,2.9633195e-11,5.945573e-12,2.0265788e-12,5.1097715e-10
930000,287,23,0,-4.0147833e-13,4.1178887e-11,2.9813796e-15,1.6032061e-23,1.3225855e-15,3.2769923e-10
930000,184,79,0,-3.951201e-13,7.433944e-12,1.3074268e-18,5.0067325e-32,1.0187704e-21,1.3356123e-10
930000,446,371,0,-7.6283386e-13,4.486842e-11,3.115394e-14,6.8090036e-22,3.4383624e-10,2.2433876e-10
930000,266,342,0,-9.4283807e-14,5.1692465e-12,2.7434188e-15,1.1854363e-22,2.4681365e-20,9.186209e-11
930000,467,272,0,-5.203088e-13,2.930934e-11,1.2640941e-11,5.3843465e-14,2.8398175e-15,1.5582596e-10
930000,445,125,0,1.0086257e-13,6.697342e-11,4.8737517e-13,1.1611852e-18,3.390375e-13,1.6719136e-10
930000,384,84,0,6.2476066e-12,1.7681294e-11,2.3736176e-12,1.089094e-15,1.3885473e-13,2.0494824e-10
930000,164,483,0,-6.100006e-13,2.955677e-11,4.0665075e-11,5.216085e-11,4.7472004e-10,3.0353092e-10
930000,253,352,0,8.075369e-13,3.5534355e-12,1.6271166e-20,6.775404e-36,3.4398214e-23,9.028753e-12
930000,92,373,0,3.0908123e-10,2.7877561e-11,2.4259645e-14,4.513977e-21,3.278573e-11,1.376203e-10
930000,312,200,0,-7.523603e-14,1.4901209e-12,4.0580522e-13,2.7135153e-18,1.0596631e-22,1.984904e-13
930000,440,459,0,-1.1595885e-12,4.2047126e-11,9.120218e-12,6.3435016e-14,5.223733e-13,3.4824557e-10
930000,414,408,0,1.9900112e-12,3.2678783e-11,1.1537747e-11,1.535252e-14,2.639436e-14,2.9102154e-10
930000,16,313,0,-6.5027584e-13,4.52754e-11,1.9222183e-11,1.1185149e-13,1.3337779e-13,2.0361525e-10
930000,42,323,0,-5.864366e-13,2.482678e-11,1.6530438e-12,1.2023962e-16,2.6874794e-12,1.6230366e-10
930000,452,145,0,4.0176076e-13,2.4021854e-11,3.7501134e-11,5.6731737e-12,1.97197e-12,1.8957241e-10
930000,395,407,0,5.4108315e-11,3.5046698e-11,7.0836214e-12,1.10570775e-14,1.2409255e-15,1.7736787e-10
930000,230,126,0,-5.976639e-13,2.2713768e-11,9.895255e-20,1.6495403e-35,2.0926455e-17,9.4384854e-11
930000,316,13,0,-5.874775e-13,2.7170781e-11,2.1134173e-12,1.2951234e-16,4.7870514e-12,3.0711048e-10
930000,363,473,0,-4.1784236e-13,1.0946956e-11,3.773598e-11,5.5099783e-12,1.3403751e-12,2.2131331e-10
930000,389,219,0,2.7763933e-12,3.5863452e-12,8.2423597e-13,3.322533e-17,6.174996e-21,1.6580927e-10
930000,75,173,0,-3.520489e-13,6.940105e-12,2.0991679e-16,3.1365177e-27,6.762991e-20,2.3661273e-10
930000,362,266,0,-1.6125362e-13,5.8907317e-13,1.21016636e-29,0.0,3.4616662e-36,6.828725e-11
930000,159,88,0,-4.1584835e-13,1.34675274e-11,1.4857923e-13,2.8932157e-20,7.411736e-12,2.4218172e-10
930000,491,391,0,-1.1282195e-12,4.8053242e-11,3.3173999e-15,3.06231e-23,3.4301292e-10,2.5625882e-10
930000,61,330,0,-3.3316587e-13,1.45157645e-11,2.2284232e-11,1.4899077e-12,1.6969705e-13,2.3175376e-10
930000,209,308,0,-2.4176182e-13,1.7655717e-11,6.8103693e-29,0.0,5.663829e-13,3.9321662e-12
930000,129,194,0,-4.6610004e-14,2.183859e-12,1.2683097e-11,1.2037363e-14,3.9078854e-17,4.5824536e-10
930000,415,158,0,1.3206065e-11,1.3030086e-11,2.395094e-11,7.522239e-14,1.5590392e-15,1.5958579e-10
930000,238,319,0,-6.201685e-14,3.4990307e-12,9.8499484e-33,0.0,4.4320535e-21,4.452388e-12
930000,218,422,0,1.1983896e-12,9.368293e-13,5.08889e-12,4.1993945e-15,3.9316796e-18,1.3101784e-10
930000,231,163,0,-9.6265444e-14,7.602206e-12,4.933211e-22,1.41013e-40,1.2098395e-16,6.1070186e-13
930000,446,385,0,-9.492485e-13,3.4903618e-11,1.1613469e-11,2.492553e-14,7.942579e-17,3.4791311e-10
930000,481,245,0,5.753453e-13,2.9481174e-11,2.7976991e-13,2.822085e-18,1.8162992e-12,2.5308822e-10
930000,400,312,0,-2.3230734e-13,7.942625e-12,3.6306666e-11,5.596116e-12,1.4255946e-12,1.5400413e-10
930000,187,68,0,-4.913774e-13,8.538399e-12,3.6146924e-14,6.951078e-22,1.8826095e-18,2.1989736e-10
930000,346,41,0,-7.5881223e-13,1.6619173e-11,5.7947197e-12,1.4554133e-15,4.850241e-18,2.336285e-10
930000,452,351,0,-6.304177e-13,2.0289386e-11,8.0601195e-14,7.909385e-21,6.1124044e-13,6.200519e-11
930000,134,40,0,-1.0544943e-12,7.020471e-11,1.8549428e-11,3.428974e-14,2.1262796e-12,6.041168e-10
930000,439,182,0,3.8857892e-10,6.046588e-11,1.2043249e-12,4.1544497e-18,2.695291e-15,3.3342032e-10
930000,110,492,0,-1.1293614e-12,8.2892304e-11,3.2802365e-11,1.709456e-11,8.9245875e-11,5.154299e-10
930000,349,203,0,-2.5663589e-13,6.593812e-12,8.0339916e-14,7.9807226e-21,1.065811e-21,1.2853184e-10
930000,487,133,0,-8.5406617e-13,3.7381803e-11,1.937786e-11,2.3514735e-13,3.3356623e-11,3.2000963e-10
930000,316,240,0,-9.7705244e-14,3.758002e-12,4.3255083e-12,4.5606854e-15,1.1370563e-17,5.377908e-11
930000,207,111,0,-4.1482093e-13,1.1122627e-11,1.0822861e-13,4.9366704e-20,1.7071281e-18,1.6110023e-10
930000,118,129,0,7.22912e-11,9.163251e-12,3.7742413e-11,8.7539237e-13,8.599207e-14,1.0024767e-10
930000,281,48,0,2.7363754e-11,2.251248e-11,1.00141374e-10,4.3367753e-12,9.469036e-13,1.2881772e-10
930000,268,187,0,-3.0039454e-14,3.5642882e-14,4.1238738e-14,2.4503804e-21,1.0013673e-27,3.0944965e-11
930000,402,243,0,5.4284906e-12,2.033487e-11,2.1057641e-12,1.4486222e-16,5.900487e-15,1.0420178e-10
930000,463,55,0,-1.0524675e-12,3.4735177e-11,4.468717e-11,1.0711101e-11,7.683875e-12,4.0792275e-10
930000,93,310,0,-2.2620393e-13,6.05293e-12,9.580095e-13,8.75083e-18,1.091009e-21,7.744013e-10
930000,149,77,0,-4.7705785e-13,2.438546e-11,8.91108e-12,1.5555135e-14,1.5704378e-15,2.2029437e-10
930000,95,46,0,-8.942886e-13,2.2186539e-11,3.4842294e-15,3.6489115e-23,4.8479846e-15,1.6417781e-10
930000,211,167,0,-1.6176829e-13,1.7864212e-12,5.8992304e-24,5.2e-44,3.3027912e-28,3.106869e-11
930000,407,203,0,3.2833198e-11,1.2032021e-11,1.7405752e-18,3.0298902e-32,2.5554502e-18,2.8662883e-11
930000,39,43,0,-1.3515894e-12,8.33505e-11,4.475866e-11,1.2501045e-12,6.862403e-11,3.5399397e-10
930000,444,164,0,4.956375e-11,3.589678e-11,4.462995e-14,2.099078e-21,9.0183374e-14,1.1524432e-10
930000,374,359,0,1.644102e-11,1.3301268e-11,3.859774e-15,7.94613e-24,7.7258435e-21,2.8086089e-11
930000,175,119,0,-1.6126036e-13,5.100477e-11,1.0563244e-15,1.3849909e-24,2.9894767e-11,1.4330238e-10
930000,373,171,0,-4.634813e-13,2.3603994e-11,5.487394e-23,4.184053e-39,4.0707167e-14,3.0667489e-09
930000,275,237,0,-5.4126574e-15,5.2742907e-19,1.0921871e-30,0.0,0.0,4.532933e-11
930000,283,344,0,-7.361019e-14,7.899814e-13,8.7686716e-13,1.019935e-17,8.57507e-22,2.0461902e-10
930000,145,66,0,-5.9738575e-13,1.5948834e-11,8.2618096e-14,6.320276e-21,9.443074e-18,5.4563976e-10
930000,421,494,0,-7.995943e-13,3.5790586e-11,3.640092e-12,1.2886699e-15,2.9946538e-14,3.983689e-10
930000,259,231,0,-3.3679243e-15,1.1794523e-19,8.422798e-35,0.0,0.0,2.2529294e-11
930000,379,61,0,-6.897026e-13,4.0237133e-11,7.0089205e-11,4.5342938e-11,4.2136084e-10,2.5636887e-10
930000,405,322,0,-2.28361e-13,2.733361e-12,1.4396176e-13,1.0288254e-19,1.23659745e-24,8.688902e-11
930000,277,114,0,4.830686e-13,1.3693351e-11,2.5551427e-12,2.716385e-16,7.775688e-17,1.3806425e-10
930000,298,435,0,-1.7454376e-13,1.8128082e-11,3.8351635e-13,4.5663753e-18,2.6337272e-12,9.410054e-11
930000,409,41,0,-7.200031e-13,3.6338616e-11,1.9287284e-12,2.1073178e-16,8.9514897e-13,4.4147572e-10
930000,86,61,0,-5.7403854e-13,2.1847236e-11,3.1265306e-11,1.3953764e-12,1.391812e-13,1.3893008e-10
930000,218,423,0,9.923821e-13,9.194912e-13,3.4253076e-12,8.3457955e-16,2.3196453e-19,1.2034208e-10
930000,5,469,0,-1.9144874e-12,1.282827e-10,1.3971057e-11,8.370468e-14,3.8713682e-10,5.722996e-10
930000,21,235,0,-2.863704e-13,5.6031325e-12,2.2934855e-11,1.3674337e-12,1.3310014e-13,6.8391487e-10
930000,170,11,0,-6.462667e-13,1.4008166e-11,2.3008926e-11,8.6551067e-14,2.0257532e-15,3.1962788e-09
930000,101,243,0,-3.000819e-13,2.1889695e-11,5.1927164e-20,1.7608163e-36,4.2554786e-17,3.1843626e-09
930000,119,207,0,-4.7138495e-14,1.8225572e-14,1.7755309e-15,7.1643046e-25,6.257222e-33,1.5772515e-10
930000,383,209,0,4.220167e-13,6.9284734e-12,2.461153e-12,1.4913881e-16,3.9318505e-20,2.2789769e-10
930000,106,170,0,1.4564331e-12,4.6138135e-11,8.760878e-12,5.8267695e-14,6.616171e-12,3.010222e-10
930000,129,311,0,-2.3473083e-13,4.1610573e-12,1.826481e-13,7.115769e-19,2.0257792e-20,1.3393633e-10
930000,358,432,0,2.9422725e-11,1.0657131e-11,3.033999e-13,1.3532365e-19,4.088633e-13,2.5872748e-10
930000,2,278,0,-3.900292e-13,8.970098e-12,5.1162963e-12,5.9243877e-15,2.353017e-16,5.308328e-10
930000,294,319,0,-1.8721594e-13,1.1003323e-11,5.144573e-11,1.9577026e-11,2.1978454e-11,3.152795e-11
930000,259,254,0,-3.5363556e-15,6.966806e-19,4.33881e-40,0.0,0.0,2.957939e-12
930000,281,443,0,-2.1921728e-13,4.5932286e-12,4.490049e-14,3.1541966e-22,3.1430151e-24,1.4940535e-10
930000,467,187,0,3.8441837e-12,3.370603e-11,2.4080918e-11,1.2890273e-12,1.1574002e-13,3.1146505e-10
930000,349,337,0,-2.1146802e-13,2.0776166e-11,1.1481038e-19,1.1701821e-34,3.005496e-14,6.10696e-11
930000,278,335,0,-9.833554e-14,3.4780794e-13,2.129095e-12,3.208201e-16,3.0965392e-19,8.5865544e-11
930000,190,104,0,-3.0967286e-13,8.969651e-12,1.3040076e-14,3.0215752e-23,5.0891556e-15,2.8360742e-10
930000,271,347,0,-3.3546523e-14,8.908028e-12,6.709621e-14,8.518991e-21,7.1131726e-11,3.144104e-09
930000,373,420,0,4.6078028e-10,1.2660137e-11,4.625529e-12,7.922241e-15,1.9725112e-16,3.094395e-09
930000,460,413,0,-1.1667181e-12,5.238814e-11,6.7280556e-11,1.2044152e-11,1.6266355e-11,3.742057e-09
930000,347,210,0,-2.3809448e-13,2.366869e-12,1.8369696e-11,4.3820885e-13,1.25967005e-14,3.0020462e-09
930000,363,13,0,-6.4728366e-13,3.2507826e-11,7.5402636e-11,1.3535684e-12,3.3825084e-10,3.270314e-09
930000,412,432,0,3.1666154e-12,4.6700258e-11,1.5333554e-11,4.0843246e-13,6.09199e-14,3.5026206e-09
930000,40,186,0,-4.8294235e-13,2.3508244e-11,2.3482818e-11,2.0914024e-12,2.9527753e-13,3.6204013e-09
930000,161,2,0,-6.294488e-13,1.9032496e-11,8.1190463e-13,1.0471223e-16,1.0501583e-18,3.4914696e-09
930000,337,71,0,-5.354587e-13,3.0567836e-11,2.7515127e-19,3.0850008e-31,1.2748437e-12,3.129068e-09
930000,391,236,0,1.8463534e-12,1.2322603e-12,2.8960136e-19,3.5951984e-35,4.7964783e-26,3.4594585e-09
930000,194,11,0,-1.0886102e-12,4.0820403e-11,5.646901e-11,1.2761856e-11,1.0081591e-11,3.4612802e-09
930000,480,127,0,-8.87325e-13,1.8225477e-11,1.7278385e-12,3.4718567e-17,5.596674e-18,3.6313546e-09
930000,73,319,0,-3.374173e-13,1.02005045e-11,8.365516e-12,3.796575e-14,3.329977e-16,3.1041674e-09
930000,243,464,0,-1.1401898e-11,2.2952422e-09,4.625191e-11,6.133862e-11,4.969623e-09,1.7752556e-10
930000,292,145,0,-3.2051247e-13,3.3342433e-11,6.8253467e-22,1.06056e-40,3.3097586e-10,3.135548e-11
930000,52,386,0,4.989571e-12,2.8269168e-11,1.4548298e-11,1.0476188e-13,5.301207e-13,2.2255749e-10
930000,353,383,0,1.8334861e-10,7.728433e-12,4.991789e-14,7.203848e-21,4.082213e-18,3.7745154e-11
930000,207,142,0,-4.7898274e-13,1.13871395e-11,3.805119e-15,5.1849833e-23,5.4524652e-21,2.1505766e-11
930000,84,48,0,-7.236326e-13,3.3084365e-11,5.5438002e-12,4.1004878e-15,7.959307e-11,1.990878e-10
930000,309,337,0,-1.267148e-13,1.1077786e-11,4.0873073e-24,1.4e-44,6.246439e-14,6.222753e-11
930000,182,409,0,-6.485117e-13,4.0922807e-11,4.0532383e-14,2.0855417e-20,1.1470079e-15,3.820549e-11
930000,178,183,0,-1.1886787e-13,9.229801e-12,4.703078e-13,2.1342745e-18,5.838954e-19,7.6704004e-11
930000,168,185,0,-9.5181485e-14,6.467087e-12,8.931428e-20,2.1053014e-33,7.2645906e-17,1.1488944e-10
930000,95,49,0,-8.0655984e-13,1.8906529e-11,1.4956703e-13,1.4297215e-18,2.0219431e-17,1.9178677e-10
930000,380,98,0,1.0927889e-11,1.0735309e-11,1.277734e-14,2.4773273e-23,6.358304e-20,4.4216308e-10
930000,345,499,0,-2.6716633e-13,2.2415915e-12,1.0250083e-14,8.034004e-24,6.042019e-27,3.2381609e-10
930000,390,52,0,-7.425385e-13,3.868194e-11,1.104331e-12,2.611392e-17,3.7607038e-13,1.8727261e-10
930000,147,183,0,4.1423378e-13,1.2052608e-11,2.9760722e-16,1.02967895e-26,6.589791e-17,3.2723004e-09
930000,481,422,0,-1.2314325e-12,6.9787294e-11,6.0963855e-12,2.1474295e-15,1.2326919e-14,3.4050034e-09
930000,334,15,0,-6.348275e-13,1.9182236e-11,3.6538762e-14,1.9217716e-20,8.318363e-18,3.3143956e-09
930000,1,179,0,-6.3351397e-13,3.430602e-11,1.7492347e-16,1.7900493e-26,1.2289615e-12,3.2442573e-09
930000,448,117,0,2.1382059e-13,5.3688512e-11,8.172711e-12,1.4555699e-14,3.6569525e-11,3.1294902e-09
930000,164,412,0,-4.481189e-13,1.1055093e-11,4.509623e-12,1.379892e-15,1.440933e-18,3.086818e-09
930000,30,375,0,-7.708222e-13,5.159147e-11,1.3248729e-11,1.08372526e-13,4.876846e-14,3.245155e-09
930000,345,5,0,-5.767197e-13,2.2046838e-11,2.1869495e-14,2.0385422e-21,3.9042956e-19,3.5699637e-09
930000,115,437,0,-6.8743074e-13,2.5234436e-11,4.3720435e-12,4.991451e-15,3.4851252e-14,3.169075e-09
930000,67,13,0,-1.087644e-12,4.8761627e-11,6.7828373e-12,1.5680074e-14,2.3754095e-15,3.6168268e-09
930000,362,179,0,-3.5576018e-13,9.683022e-12,9.1397036e-21,4.468208e-35,3.0915105e-19,3.0166651e-09
930000,373,436,0,8.884347e-11,1.2908794e-11,8.775848e-11,8.34777e-12,2.7571916e-12,3.1641225e-09
930000,281,449,0,-2.774112e-13,1.3433139e-11,1.7079905e-12,6.839626e-17,2.1213675e-15,3.2568024e-09
930000,454,426,0,-1.22905e-12,3.731829e-11,7.089834e-14,4.8667874e-21,7.357464e-15,3.4688266e-09
930000,392,146,0,1.4960225e-13,2.3378487e-11,4.977027e-17,2.4937732e-29,1.1188724e-16,3.0474008e-09
930000,124,2,0,-8.2063897e-13,2.1499089e-11,6.327869e-11,8.126783e-12,2.8897342e-12,3.267336e-09
930000,407,94,0,2.1049265e-10,2.6922985e-11,1.8888493e-12,1.737395e-16,1.9363187e-12,3.1047436e-09
930000,311,86,0,1.3179467e-11,1.964696e-11,3.7704483e-13,1.6702153e-18,1.5161274e-17,3.1949354e-09
930000,181,167,0,-1.5428407e-13,9.144199e-12,2.090406e-15,5.5573294e-24,1.6933335e-16,2.994587e-09
930000,117,306,0,-2.1393835e-13,3.3903514e-12,8.4459344e-13,4.960792e-17,2.5234838e-20,3.1926302e-09
930000,488,369,0,-1.0697886e-12,4.367499e-11,1.1832111e-11,1.003854e-13,2.5235836e-12,3.2134013e-09
930000,32,377,0,-7.1813773e-13,4.8712288e-11,8.457667e-12,3.539353e-14,2.91251e-14,3.258974e-09
930000,273,76,0,1.4801585e-10,1.1328676e-11,1.1790117e-11,9.04182e-15,1.5313762e-17,3.1290648e-09
930000,429,375,0,-7.7597884e-13,2.7751164e-11,5.1430947e-12,4.734656e-15,3.1334317e-11,3.3068557e-09
930000,271,495,0,-5.4420655e-13,2.6475539e-11,8.2020585e-11,1.664508e-12,1.342028e-13,3.2505088e-09
930000,105,427,0,-8.102372e-13,3.366528e-11,8.655921e-12,2.6375823e-14,2.257068e-16,3.2301828e-09
930000,385,381,0,5.5125786e-11,2.8091853e-11,2.0216156e-13,4.6171774e-19,2.644084e-14,3.1043585e-09
930000,189,40,0,-6.4484995e-13,1.9544151e-11,8.2706575e-15,2.5528332e-23,1.2603449e-15,3.3215255e-09
930000,334,67,0,-4.2092165e-13,2.0380087e-11,6.0535725e-15,4.769458e-22,4.163737e-15,3.2344112e-09
930000,40,430,0,-9.945853e-13,5.0608413e-11,4.365993e-11,1.7637357e-11,3.615953e-10,3.281956e-09
930000,75,267,0,-2.5634695e-13,4.3093057e-11,3.113897e-11,1.0136412e-11,3.1189253e-11,3.0453438e-09
930000,146,243,0,-1.0138564e-13,1.0803857e-11,5.9908597e-16,1.0314516e-24,6.614795e-15,3.108516e-09
930000,95,166,0,1.3680108e-13,9.25978e-12,1.6883557e-12,6.3312695e-17,2.755424e-19,3.3844565e-09
930000,417,88,0,6.820611e-11,4.7251324e-11,8.0949275e-12,9.856243e-15,6.013464e-12,3.3849317e-09
930000,29,393,0,-9.958273e-13,5.809453e-11,3.9580453e-12,2.0445835e-16,3.4364125e-10,3.5976153e-09
930000,483,87,0,-1.1589797e-12,4.0983817e-11,2.253163e-11,2.1331969e-13,2.2876384e-12,3.2887124e-09
930000,237,78,0,-3.243558e-13,1.38734e-11,9.054611e-12,4.5159453e-14,9.591563e-16,3.1598524e-09
930000,119,11,0,-9.972256e-13,3.4878298e-11,1.8657773e-12,6.9624136e-17,3.1853775e-10,3.7548227e-09
930000,315,118,0,-3.2751414e-13,1.8872634e-11,2.4261107e-15,2.4931093e-25,1.577152e-14,3.1007397e-09
930000,213,80,0,-4.810106e-13,2.1001461e-11,1.4389742e-12,6.0804015e-17,4.7535863e-13,3.1701226e-09
930000,251,404,0,2.2339462e-10,9.636146e-12,3.6732395e-11,4.770598e-11,4.5672738e-10,3.0844953e-09
930000,118,50,0,-1.3094523e-12,4.7705326e-11,1.1016534e-11,1.8945867e-14,8.927032e-12,3.142823e-09
930000,211,266,0,-1.2771319e-13,1.7170291e-11,5.98502e-40,0.0,2.2521883e-17,3.0363068e-09
930000,118,8,0,-9.948988e-13,3.2640324e-11,2.5540679e-11,3.3188682e-14,1.3043248e-14,3.5063639e-09
930000,77,422,0,-5.0535455e-13,3.7753623e-11,4.083202e-12,8.381555e-16,1.3589906e-12,3.3650998e-09
930000,406,21,0,-6.392808e-13,1.1805394e-11,1.1271769e-12,3.861328e-18,2.076318e-19,3.3256689e-09
930000,305,354,0,-9.4864295e-14,1.3740671e-13,1.0567263e-13,2.1322482e-20,5.0841463e-26,3.79121e-09
930000,464,302,0,-5.2131026e-13,1.11206565e-11,8.3502926e-13,3.8454808e-18,5.599432e-15,3.2050467e-09
930000,158,113,0,2.1023302e-12,1.6776347e-13,4.7232147e-24,2.934e-42,1.1091766e-38,3.2668959e-09
930000,284,137,0,-4.050167e-13,8.321597e-12,4.624545e-15,1.822426e-23,5.5319577e-18,3.1648628e-09
930000,430,119,0,2.3631935e-11,5.5848496e-11,7.180688e-11,4.5948106e-11,8.4886445e-11,3.2529166e-09
930000,466,427,0,-1.3238038e-12,7.51698e-11,6.741361e-11,1.1654591e-11,3.9704778e-11,3.3007996e-09
930000,483,158,0,-4.734336e-13,1.8272014e-11,4.1112412e-13,7.167159e-18,4.5817793e-13,3.152924e-09
930000,300,151,0,-3.0839868e-13,2.4622296e-11,1.2342373e-29,0.0,6.757215e-11,3.0216791e-09
930000,464,417,0,-1.2252163e-12,5.7983084e-11,1.1032343e-11,1.8025842e-14,4.2041582e-13,3.5639207e-09
930000,349,146,0,-3.6543484e-13,2.6892053e-11,5.3667e-14,1.5199334e-21,7.962695e-15,3.0126706e-09
930000,200,326,0,-2.5031938e-13,1.2516256e-11,1.0545194e-30,0.0,7.838752e-17,3.0011253e-09
930000,87,192,0,-2.1516747e-13,5.3799634e-12,1.8014895e-16,1.3933156e-26,2.7212242e-20,3.4243988e-09
930000,16,11,0,-7.8956394e-13,7.108548e-11,4.5705616e-13,2.6699997e-19,5.6601113e-15,3.5551704e-09
930000,62,71,0,-5.418904e-13,9.045376e-12,3.7358175e-14,8.982909e-22,2.2400956e-19,3.3039644e-09
930000,358,412,0,5.447962e-11,1.551094e-11,4.2813032e-16,1.3669959e-25,4.249319e-13,3.0552099e-09
930000,281,390,0,4.6630087e-12,4.78139e-11,8.186552e-12,4.609527e-14,9.180779e-13,3.091268e-09
930000,483,338,0,-5.583896e-13,8.674259e-12,3.9141893e-12,7.322212e-16,1.6126651e-18,3.3305554e-09
930000,280,20,0,-4.3483807e-13,2.9160077e-11,2.5289043e-14,4.2074334e-22,1.9779548e-11,3.4640089e-09
930000,433,390,0,-8.989259e-13,4.6458955e-11,1.9762902e-12,8.861838e-17,3.4692196e-10,3.212746e-09
930000,349,200,0,-2.5891856e-13,1.369897e-11,3.463307e-15,3.0879394e-24,4.724976e-17,3.1521956e-09
930000,472,354,0,-6.9913704e-13,2.463873e-11,2.647009e-13,8.444927e-19,2.6185404e-14,3.3924414e-09
930000,139,366,0,-3.4538068e-13,1.1174106e-11,3.5249546e-13,2.0479429e-18,1.5965788e-16,3.0925114e-09
930000,41,214,0,-3.7630077e-13,1.4690303e-11,2.2088616e-11,5.1700967e-13,1.749361e-14,3.271109e-09
930000,118,369,0,4.0205075e-12,2.5572799e-11,2.0868202e-14,2.3685499e-21,6.047652e-12,3.0440241e-09
930000,29,221,0,-3.4923857e-13,1.651452e-11,6.293507e-14,1.0418255e-20,3.4044512e-10,3.2806577e-09
930000,253,311,0,-2.2388838e-14,3.900997e-16,1.1998773e-22,5.013888e-39,0.0,2.9889151e-09
930000,406,393,0,2.677669e-12,4.614747e-11,3.829456e-11,1.7894346e-11,2.1056278e-11,3.2406835e-09
930000,464,482,0,-9.103302e-13,4.8734513e-11,3.0549964e-12,5.837501e-16,9.873883e-14,3.234549e-09
930000,128,74,0,-5.7510236e-13,1.606884e-11,2.8511766e-14,1.7071455e-21,1.5005025e-13,3.126798e-09
930000,432,251,0,2.0300763e-11,1.8309848e-11,2.4300998e-15,7.575203e-24,1.00067294e-16,3.1618401e-09
930000,9,0,0,-2.5598505e-14,6.1434625e-12,1.203931e-11,1.0550866e-12,6.0038204e-11,2.7223717e-09
930000,194,1,0,-1.2870067e-12,1.383594e-10,6.192021e-11,1.286367e-12,7.801955e-10,3.5528567e-09
930000,419,312,0,-2.8021408e-13,5.003558e-12,3.8058643e-11,1.8144878e-11,1.8410726e-11,3.3869667e-09
930000,292,465,0,-6.1287656e-13,6.9419557e-12,5.7654353e-13,6.6769097e-18,2.1213562e-20,3.1348006e-09
930000,302,26,0,-4.9164215e-13,4.2935405e-11,3.1334419e-12,1.6176577e-16,3.549068e-12,3.2951575e-09
930000,160,450,0,-4.0331337e-13,1.5760546e-11,3.465367e-11,2.7654073e-11,9.6256766e-11,3.1982974e-09
930000,341,409,0,6.749405e-12,8.442052e-12,1.2524697e-15,7.24166e-26,7.745206e-21,3.21938e-09
930000,465,255,0,2.6724894e-12,2.0104618e-11,8.448726e-12,4.0610307e-14,4.5294083e-15,2.5561012e-10
930000,221,430,0,2.921652e-13,6.752295e-12,9.2674965e-12,2.0871403e-14,2.8019193e-16,1.741203e-10
930000,377,227,0,-1.1786337e-13,1.7570691e-11,5.4404365e-16,4.139083e-25,2.7393193e-14,1.273576e-10
930000,132,409,0,-3.9506302e-13,5.655219e-12,2.7167766e-11,1.0218757e-12,6.840078e-14,2.0185789e-10
930000,217,469,0,-5.348072e-13,2.2287665e-11,2.4711667e-12,1.2078969e-16,4.304083e-18,1.7965138e-10
930000,300,322,0,-1.5824545e-13,3.1763073e-12,2.4812823e-12,1.4523739e-16,2.1356025e-20,4.2426805e-11
930000,1,104,0,-1.1587873e-12,6.449441e-11,7.302062e-11,2.8907316e-11,1.2415972e-10,6.174162e-10
930000,0,337,0,-8.94807e-13,4.0571074e-11,6.7261266e-11,4.5590053e-11,1.1645455e-10,3.5331021e-10
930000,147,329,0,-3.9902966e-13,1.2997671e-11,1.0487171e-22,1.6391e-41,9.094394e-17,1.4158949e-10
930000,420,126,0,3.0926466e-11,4.361455e-11,5.4709334e-11,1.4832278e-12,3.310923e-10,4.1223254e-11
930000,438,455,0,-1.1796616e-12,3.065387e-11,3.4033682e-11,5.9464157e-12,2.026236e-12,3.4700953e-10
930000,494,434,0,-1.0358071e-12,3.879887e-11,6.560818e-11,1.702442e-11,2.1182587e-11,5.908409e-10
930000,144,318,0,-2.641144e-13,1.5637292e-11,1.8332402e-23,2.79e-43,2.325945e-15,7.668984e-12
930000,479,411,0,-1.113876e-12,5.126919e-11,2.2344815e-12,2.0573009e-16,1.4320852e-14,3.5756578e-09
930000,9,440,0,-1.2125044e-12,4.161164e-11,6.8833106e-11,1.121199e-11,1.046703e-11,4.0629997e-09
930000,120,179,0,1.254733e-12,3.7799153e-11,3.3249532e-12,9.895413e-16,1.6058697e-13,3.1404677e-09
930000,384,221,0,7.971431e-13,1.32564515e-11,1.4215773e-14,6.2333637e-23,2.734453e-17,3.050319e-09
930000,477,379,0,-1.1824839e-12,6.519858e-11,8.948226e-17,2.3944436e-27,1.2231183e-11,3.7028753e-09
930000,285,378,0,1.0231728e-12,5.483245e-13,2.449517e-16,5.512736e-27,4.8487837e-32,3.0607916e-09
930000,341,147,0,-3.3144516e-13,1.2812047e-11,2.6940975e-17,1.2957779e-29,2.4370675e-17,3.011576e-09
930000,47,190,0,-4.4218402e-13,1.5691977e-11,2.0386687e-11,1.489606e-12,1.7095579e-13,2.3013792e-10
930000,26,449,0,-1.3984367e-12,6.916954e-11,6.266587e-13,1.6038764e-18,1.9229813e-12,3.5972092e-09
930000,245,140,0,-1.5223329e-13,2.0460136e-13,4.078148e-23,2.265e-40,6.088982e-39,2.9961522e-09
930000,219,1,0,-7.4480255e-13,1.9378473e-11,5.1453355e-14,1.7161443e-21,1.814764e-15,3.3214511e-09
930000,108,231,0,-8.193872e-14,4.7204286e-14,8.4480853e-16,1.1838717e-25,3.5603297e-34,3.2786882e-09
930000,108,286,0,-1.3529915e-13,1.3014995e-12,1.8369709e-11,4.3820885e-13,1.25967005e-14,3.206859e-09
930000,221,350,0,-3.495371e-14,1.6719732e-11,4.6617337e-12,8.541986e-15,2.7793374e-16,3.087699e-09
930000,175,348,0,-2.7872016e-13,3.5009402e-12,4.0838655e-18,2.9529214e-32,4.240319e-25,3.0988236e-09
930000,304,70,0,7.5887865e-11,2.532381e-11,1.3131755e-13,4.626714e-20,2.007911e-17,3.2016878e-09
930000,11,401,0,-8.3881513e-13,2.378209e-11,2.2627022e-11,4.387421e-13,4.650323e-12,3.7435974e-09
930000,455,230,0,1.938519e-10,2.7930668e-11,1.2820763e-12,6.63836e-17,4.0527848e-10,3.1384946e-09
930000,81,61,0,-5.7225394e-13,1.8732285e-11,1.0403209e-11,2.0611559e-14,3.0094603e-14,4.6118003e-09
930000,188,497,0,-6.9572207e-13,5.2537773e-11,1.921271e-13,7.9188414e-19,3.3928588e-10,3.3151604e-09
930000,66,446,0,-1.2150528e-12,4.210788e-11,6.5868157e-12,4.031345e-15,5.8067646e-14,3.3853822e-09
930000,345,103,0,-3.5520575e-13,2.242038e-11,3.2512944e-13,3.9242655e-19,5.8839092e-12,3.0506695e-09
930000,52,12,0,-8.5069365e-13,3.3153515e-11,1.21613926e-11,5.3842767e-14,5.1202613e-13,3.3895082e-09
930000,461,462,0,-1.1895775e-12,4.8685358e-11,1.4742551e-11,2.2201343e-14,5.8632607e-13,3.6469519e-09
930000,16,190,0,-5.572968e-13,1.6500568e-11,4.1831864e-11,1.724903e-11,2.0213288e-11,3.284972e-09
930000,81,183,0,-2.8678636e-13,2.177528e-11,3.8401133e-14,7.9704057e-22,2.3624042e-13,3.2469583e-09
930000,184,31,0,-7.0769215e-13,3.422107e-11,3.5743535e-12,1.4227031e-15,3.1078284e-13,3.7884145e-09
930000,122,434,0,-5.250441e-13,7.2420798e-12,6.0246815e-15,4.8868728e-23,1.549357e-23,3.3214673e-09
930000,54,78,0,-6.1324367e-13,5.0813236e-11,6.167437e-11,4.2351758e-11,9.420641e-11,3.1769263e-09
930000,306,423,0,-1.2136009e-13,3.1581516e-13,5.777251e-14,2.2235586e-21,3.5459014e-28,3.1946432e-09
930000,132,400,0,-2.768255e-13,1.2298723e-11,4.5339427e-12,1.8147342e-15,6.889217e-12,3.1338843e-09
930000,166,373,0,-3.242179e-13,7.1705172e-12,1.2836879e-14,2.1617576e-22,1.8741188e-22,3.0288119e-09
930000,369,491,0,-5.218046e-13,2.6079036e-11,8.468728e-14,4.0643907e-21,2.0288125e-14,3.527118e-09
930000,187,458,0,-6.7234646e-13,4.0878613e-11,8.554485e-13,2.8654297e-17,5.237159e-13,3.1377387e-09
930000,184,434,0,-5.329817e-13,2.8179358e-11,1.0923104e-14,4.5519515e-23,3.921041e-12,3.2113674e-09
930000,475,435,0,-1.3155295e-12,7.3195165e-11,4.9268666e-12,6.6177895e-16,1.4209163e-12,3.509115e-09
930000,167,158,0,1.7116908e-12,1.8623492e-11,3.642468e-12,2.6842244e-16,2.2557229e-15,3.1383858e-09
930000,355,202,0,-3.120873e-13,1.469601e-11,2.0239961e-16,5.601105e-28,2.0704434e-18,3.094122e-09
930000,132,67,0,-6.506186e-13,3.4037943e-11,1.5014946e-14,5.6545114e-23,2.3566103e-14,2.8682207e-10
930000,342,101,0,-4.0343044e-13,2.4663348e-11,1.3664057e-11,2.6407648e-14,3.7833842e-13,3.0295257e-09
930000,0,222,0,-3.1899697e-13,1.3621852e-11,2.0462583e-12,7.5893186e-17,5.4777204e-14,3.6324481e-09
930000,138,28,0,-9.407541e-13,5.9499225e-11,6.618967e-11,6.4790556e-12,3.3207675e-10,3.561292e-09
930000,74,377,0,2.4806432e-10,4.2100223e-11,5.989223e-16,2.640465e-26,1.6837704e-15,3.2419316e-09
930000,377,348,0,1.5932704e-12,1.753889e-11,1.645246e-11,2.137934e-13,5.889346e-12,3.0887732e-09
930000,162,5,0,-6.290276e-13,1.8266775e-11,1.3231544e-12,9.0837004e-17,4.281026e-14,3.245312e-09
930000,38,128,0,-9.141319e-13,5.364642e-11,4.560186e-11,4.4930184e-12,1.0175255e-12,3.8105545e-09
930000,409,429,0,7.620745e-12,2.9334014e-11,5.4234204e-12,4.3243522e-15,1.1805813e-16,3.2750103e-09
930000,355,413,0,3.702227e-11,1.3642553e-11,5.6569353e-17,1.3399774e-28,1.2073905e-16,3.043811e-09
930000,69,83,0,-5.442986e-13,2.9690365e-11,3.9710686e-11,2.4238684e-13,1.5100149e-13,3.2333665e-09
930000,397,395,0,1.4562246e-11,3.1113903e-11,1.1583228e-12,4.4417514e-17,7.666486e-12,3.3497727e-09
930000,41,386,0,-1.7230945e-13,6.49706e-11,6.411564e-13,3.5543848e-18,3.2466205e-10,3.2828305e-09
930000,127,391,0,1.3738376e-13,5.4344606e-12,1.0724198e-15,8.383741e-26,5.288685e-22,3.3311431e-09
930000,167,51,0,-5.712579e-13,2.2658587e-11,2.7095317e-11,9.736582e-13,6.2310366e-14,3.401496e-09
930000,157,75,0,-4.8827956e-13,3.2411723e-11,3.1405392e-11,5.8951286e-12,3.4156467e-10,3.1292444e-09
930000,482,75,0,-1.2569707e-12,4.491456e-11,4.5701534e-13,3.3818145e-19,3.6213438e-16,3.2954002e-09
930000,129,246,0,-1.5597622e-13,1.4962675e-11,1.5252519e-17,1.3687964e-30,4.8854303e-17,3.1401906e-09
930000,28,210,0,-4.940062e-13,4.1344952e-11,1.7935488e-11,4.708087e-13,2.4038252e-12,3.3358918e-09
930000,146,286,0,-2.4043988e-13,8.593188e-12,9.793645e-25,0.0,3.484493e-20,1.1738987e-11
930000,100,470,0,-1.1075169e-12,6.09753e-11,1.0541594e-11,1.487159e-14,3.2521755e-10,3.2836094e-09
930000,462,12,0,-1.1015509e-12,4.5800058e-11,3.379135e-14,1.98143e-21,2.631993e-14,3.8595593e-09
930000,196,396,0,-5.304527e-13,1.4450779e-11,1.9139764e-13,8.2191406e-20,2.6295704e-17,3.1115124e-09
930000,148,429,0,-2.3293566e-13,2.1753307e-12,8.386952e-12,2.5906069e-14,1.7922144e-16,3.4459942e-09
930000,445,26,0,-9.375895e-13,5.892572e-11,8.389131e-12,1.3284189e-14,1.1814176e-11,3.6062935e-09
930000,340,447,0,-1.7604145e-13,2.4543699e-11,5.0393565e-12,3.6110535e-15,2.874021e-17,3.2311815e-09
930000,24,179,0,-5.303879e-13,1.3147502e-11,1.04397685e-13,8.174218e-21,6.400984e-16,3.1699727e-09
930000,5,204,0,-4.8861804e-13,1.589258e-11,2.536267e-11,1.2264483e-12,5.59779e-13,3.1549463e-09
930000,85,56,0,-6.1001784e-13,2.14456e-11,6.39657e-11,1.981038e-11,1.1862649e-11,3.1541432e-09
930000,80,491,0,-1.1420087e-12,6.5941516e-11,1.4525906e-13,4.0658e-20,5.7306655e-13,3.2746261e-09
930000,448,374,0,-8.3499456e-13,4.5175984e-11,2.1911685e-12,9.029259e-17,3.522827e-11,3.2188723e-09
930000,99,53,0,-7.993779e-13,1.868589e-11,3.37804e-10,4.6088168e-11,2.9458488e-11,3.483148e-09
930000,69,488,0,-1.3638428e-12,4.8064303e-11,1.9360347e-14,3.302024e-23,1.5152276e-12,3.4691552e-09
930000,469,86,0,-1.2567806e-12,8.616751e-11,4.5322742e-11,1.7922414e-11,2.683795e-11,3.8118393e-09
930000,411,466,0,-7.5022204e-13,2.7426774e-11,8.859184e-12,3.3425955e-15,4.9781473e-17,3.318146e-09
930000,490,381,0,-1.2252695e-12,5.9262636e-11,1.8255742e-12,6.091463e-17,2.4662038e-15,3.2339187e-09
930000,367,72,0,-5.3413914e-13,3.096202e-11,6.624298e-12,5.153634e-15,2.5020477e-14,3.2560006e-09
930000,4,433,0,-1.1000606e-12,8.016314e-11,2.847201e-11,5.264233e-13,2.9892972e-12,3.641044e-09
930000,265,375,0,2.0939559e-11,6.2547537e-12,1.4130304e-11,2.4359873e-13,6.9775025e-15,4.262111e-10
930000,362,481,0,-4.3290344e-13,1.9064946e-11,3.599176e-11,5.795938e-13,3.3510586e-10,3.1209513e-09
930000,475,34,0,-1.2624539e-12,6.093018e-11,4.0327807e-11,6.0645044e-12,2.8931866e-12,3.9318357e-09
930000,289,336,0,-1.1315763e-13,6.015705e-12,6.0870574e-17,2.4082146e-27,5.0891556e-15,3.061107e-09
930000,20,269,0,-3.878272e-13,2.1560429e-11,1.7595448e-11,1.9281664e-13,3.471213e-14,3.303426e-09
930000,156,190,0,-6.4541105e-14,2.0854403e-12,2.3749908e-15,1.4537079e-19,4.72708e-22,3.0947123e-09
930000,484,384,0,-1.1750108e-12,6.877568e-11,1.7985017e-15,5.370961e-26,7.855235e-11,3.5576735e-09
930000,37,225,0,-2.5623004e-13,3.3749032e-12,1.2904858e-12,2.9880225e-17,1.2480516e-20,3.271282e-09
930000,182,430,0,-4.791697e-13,2.3126605e-11,1.2467604e-13,3.1045252e-19,3.9210414e-12,3.3423762e-09
930000,75,402,0,1.6186375e-11,2.098763e-11,5.8577074e-13,4.5708607e-18,1.570465e-14,3.4242227e-09
930000,359,85,0,-2.9915718e-13,4.218299e-12,4.831386e-14,1.7771717e-21,4.7676784e-20,9.860437e-11
930000,104,78,0,-1.1535085e-11,2.3019937e-09,6.7906713e-12,1.21279685e-14,4.12618e-09,1.6572452e-10
930000,333,37,0,-1.1757913e-11,2.324707e-09,1.7229611e-13,7.182002e-20,4.11885e-09,3.1422087e-10
930000,123,50,0,-1.2182125e-11,2.3127678e-09,1.2859672e-12,5.3548075e-18,4.118809e-09,2.7223016e-10
930000,308,280,0,-4.1129475e-13,3.084649e-11,6.510915e-19,3.4822128e-31,2.1601094e-15,4.2511394e-11
930000,26,499,0,-1.8056152e-12,6.6971366e-11,1.0518264e-13,4.738654e-21,6.9259906e-15,3.4598863e-10
930000,414,264,0,1.8064364e-13,2.6281461e-11,4.8777336e-12,2.45561e-15,3.3684017e-10,1.861046e-10
930000,458,23,0,-1.102207e-12,5.1708516e-11,1.0033686e-12,1.0581633e-17,1.804407e-09,1.5711182e-10
930000,63,351,0,6.1985746e-12,1.998374e-11,1.0782314e-12,1.0670284e-16,2.2795837e-14,3.045072e-10
930000,456,0,0,-1.0055405e-12,5.7927992e-11,6.10178e-11,1.6116875e-11,1.9923972e-11,3.4600534e-10
930000,139,426,0,-2.6584588e-13,1.0918457e-12,2.3916962e-12,1.1759683e-16,7.308313e-20,1.9670293e-10
930000,112,13,0,-1.1487131e-12,3.7320508e-11,1.6332168e-10,9.177045e-12,2.0788256e-12,3.3241485e-10
930000,211,62,0,-7.10696e-13,3.4255283e-11,1.8472062e-14,7.469839e-22,5.326381e-13,3.7460102e-10
930000,315,462,0,-3.0974716e-13,6.6140656e-12,2.2685812e-12,1.6634196e-16,1.5882653e-18,2.7536262e-10
930000,195,171,0,-1.4892921e-13,1.5566974e-12,6.1662927e-17,2.8498575e-28,1.0569289e-24,7.20651e-11
930000,461,44,0,-1.0567825e-12,4.5291187e-11,1.9139107e-13,3.3392278e-19,3.3878967e-14,5.2656624e-10
930000,459,298,0,-4.658817e-13,2.0301288e-11,2.2410838e-14,1.147958e-20,6.1226746e-11,1.4204352e-10
930000,224,439,0,-2.2077723e-13,2.6390458e-11,8.325024e-12,3.8693537e-15,7.04089e-12,1.3973447e-10
930000,294,431,0,-1.3168821e-13,9.615333e-12,9.1467415e-12,4.3236234e-15,3.0038008e-14,3.0300336e-09
930000,298,88,0,5.6704058e-11,3.6153646e-11,5.4096143e-13,5.5308187e-18,3.0945527e-10,3.106008e-09
930000,21,64,0,-1.181519e-12,6.15935e-11,7.712889e-13,5.252985e-18,3.657801e-11,3.2457406e-09
930000,437,46,0,-8.0651826e-13,2.5993757e-11,1.26781675e-11,1.4355223e-14,7.611259e-16,3.3350167e-09
930000,447,396,0,-1.061469e-12,5.0126e-11,7.8196607e-13,5.9096132e-18,2.2235096e-13,3.5939218e-09
930000,61,154,0,-6.5889774e-13,2.4808561e-11,4.403084e-13,7.7680485e-19,7.200449e-11,3.9721275e-09
930000,187,474,0,-7.07e-13,5.1995273e-11,7.84598e-13,2.861731e-17,3.232129e-10,3.3018688e-09
930000,100,279,0,-2.9234923e-13,1.120932e-11,1.1655657e-13,8.4480845e-21,7.372861e-11,3.1633622e-09
930000,45,91,0,-6.218672e-13,1.360214e-11,3.4525976e-13,1.885596e-18,3.902666e-15,3.3964092e-09
930000,146,339,0,-4.946892e-13,1.7849656e-11,1.1092164e-19,1.6572075e-32,1.814654e-15,1.06337794e-11
930000,477,498,0,-9.807953e-14,1.5321492e-11,6.066604e-13,2.823567e-18,4.7356704e-13,3.1119245e-09
930000,495,496,0,-5.85911e-14,7.138281e-12,2.1146546e-11,1.3674071e-12,1.9078913e-13,3.0633764e-09
930000,397,455,0,1.1501675e-12,2.9097804e-11,6.143869e-14,1.5961642e-21,2.5420532e-11,3.175161e-09
930000,1,278,0,-3.9065493e-13,9.029904e-12,4.9385704e-12,2.1986995e-15,1.9463811e-17,3.2098728e-09
930000,490,187,0,-2.8578238e-13,1.4525572e-11,6.4730117e-13,1.5370382e-17,3.7839332e-12,9.331313e-11
930000,424,273,0,-2.0219292e-13,2.203217e-11,3.473819e-14,2.127899e-20,3.7796234e-13,3.929432e-10
930000,133,467,0,-6.317436e-13,1.8419512e-11,9.70712e-13,3.840578e-17,1.2161374e-18,3.3646363e-09
930000,62,378,0,4.0741084e-11,5.529051e-11,3.1751858e-12,4.721591e-16,5.9426045e-12,3.126741e-09
930000,66,138,0,-7.851605e-13,4.262308e-11,2.7533142e-11,5.9877958e-12,2.2503583e-12,3.3478074e-09
930000,469,106,0,-1.0097213e-12,4.2638358e-11,3.5943904e-12,1.5920074e-15,1.4005148e-13,3.2712661e-09
930000,484,229,0,1.1888516e-12,4.427508e-12,2.9500735e-11,1.971901e-12,3.8324733e-13,3.5022387e-09
930000,312,403,0,-1.4626211e-13,8.785342e-12,4.0656428e-10,3.433191e-11,1.8366045e-11,5.737967e-10
930000,128,38,0,-1.4993676e-12,8.829565e-11,5.7525696e-13,3.221348e-18,4.46029e-12,3.2246843e-09
930000,209,452,0,-4.7322655e-13,9.29169e-12,7.0556386e-13,1.9996667e-18,1.4989063e-13,3.102032e-09
930000,199,14,0,-9.952381e-13,1.997988e-11,1.6924613e-11,9.6859823e-14,3.7387327e-15,3.2258545e-09
930000,396,236,0,4.739094e-12,5.1736666e-12,7.278588e-17,2.264233e-29,4.426422e-18,3.0488618e-09
930000,245,40,0,-5.3536814e-13,1.6843991e-11,6.147203e-11,4.2351758e-11,8.822967e-11,3.207383e-09
930000,263,156,0,-4.822759e-14,1.014133e-15,1.4033357e-31,0.0,0.0,2.9917622e-09
930000,253,150,0,-6.551823e-14,8.871095e-15,3.3688404e-30,0.0,1.7e-44,6.1873874e-11
930000,33,88,0,-8.489077e-13,2.714394e-11,5.056494e-12,3.6110535e-15,3.1932691e-18,3.321109e-09
930000,482,139,0,-7.844899e-13,4.2063672e-11,8.317741e-12,3.2897198e-14,5.246451e-13,3.4372087e-09
930000,54,126,0,-8.9189116e-13,4.0736546e-11,1.5292559e-11,1.0519386e-13,4.9392183e-12,3.3546625e-09
930000,427,85,0,1.7810916e-11,3.625369e-11,2.9994847e-11,1.0032703e-11,1.8068664e-09,3.2742264e-09
930000,449,152,0,4.7622436e-12,2.1410988e-11,4.156668e-12,2.749366e-15,2.5066053e-16,3.1688563e-09
930000,415,135,0,9.18093e-12,4.1034044e-11,2.7864104e-12,5.333789e-16,3.3413053e-10,2.2450394e-10
930000,50,264,0,-1.01712265e-13,1.4895798e-12,1.5364511e-13,3.310201e-20,1.9979879e-26,3.078423e-09
930000,490,205,0,-1.4836458e-13,1.4341278e-12,3.0658215e-13,3.2199665e-19,1.4746676e-24,6.0775546e-10
930000,32,415,0,-8.9810884e-13,3.1937817e-11,2.0699909e-12,5.5158134e-16,4.4990426e-14,3.453799e-09
930000,79,269,0,-2.7160102e-13,1.7733525e-11,1.5932191e-11,4.3007395e-13,2.5363755e-13,3.106044e-11
930000,61,182,0,-3.9331402e-13,3.762074e-12,1.621789e-11,8.1433e-14,6.6328434e-16,3.3673164e-09
930000,252,46,0,2.1329629e-13,2.8642427e-11,3.7558573e-14,9.186194e-22,2.9929607e-11,3.227314e-09
930000,60,122,0,-8.25026e-13,3.452259e-11,2.1699123e-11,1.3860617e-12,1.3881919e-13,3.5106467e-09
930000,380,495,0,-7.339926e-13,4.4753763e-11,1.5312996e-11,1.3575175e-13,1.12356305e-11,3.3143148e-09
930000,57,430,0,-1.0411601e-12,3.8784535e-11,1.5703659e-11,3.2872417e-14,2.313863e-14,3.6836694e-09
930000,51,340,0,-2.383317e-13,1.9909845e-11,2.5233813e-14,8.0316683e-22,3.096018e-18,3.3904046e-09
930000,114,109,0,2.5580764e-12,1.4125174e-11,7.915808e-17,5.294602e-28,2.233322e-19,3.2132088e-09
930000,55,400,0,1.7332101e-12,3.5805768e-11,3.015444e-13,1.8917071e-19,6.047534e-12,4.67658e-10
930000,443,187,0,1.7823086e-10,7.568948e-11,2.1677567e-13,5.012624e-19,1.6168056e-11,3.3419845e-09
930000,445,0,0,-8.362215e-13,3.0147645e-11,7.9544856e-13,1.07488e-17,4.0036134e-14,3.8152876e-09
930000,348,180,0,-2.691246e-13,1.3484812e-11,6.7785805e-13,1.1269831e-17,1.6164532e-12,3.2697933e-09
930000,27,221,0,-3.5810618e-13,1.847605e-11,2.1938152e-13,8.329994e-20,2.3972794e-12,3.2852054e-09
930000,30,448,0,-1.3783832e-12,6.56188e-11,5.8598086e-13,5.9158526e-18,2.8940959e-11,3.4917391e-09
930000,44,381,0,7.738022e-13,2.9636852e-11,3.2738382e-12,6.590031e-16,5.108339e-13,3.295555e-09
930000,418,258,0,2.2578512e-12,2.4498613e-11,3.8628815e-11,1.8266432e-11,2.387528e-11,3.0910072e-09
930000,301,51,0,2.171704e-11,2.9492096e-11,2.9231523e-11,1.1619755e-12,4.5370405e-13,3.6238619e-09
930000,411,33,0,-6.9373836e-13,4.693333e-11,1.7678522e-11,1.01455316e-13,3.377047e-10,3.0752327e-09
930000,371,453,0,4.805317e-12,2.308011e-11,4.8238735e-13,1.0533795e-18,2.9409092e-16,3.3747707e-09
930000,100,427,0,-8.3057774e-13,4.609371e-11,1.6080332e-11,1.05357475e-13,1.7349351e-12,3.1409322e-09
930000,336,20,0,-6.812799e-13,1.4768402e-11,3.904075e-12,4.106155e-16,1.08724666e-16,3.5055403e-09
930000,472,2,0,-1.1209887e-12,6.044275e-11,1.3553317e-10,1.754254e-11,1.3564563e-11,3.5500687e-09
930000,84,394,0,7.707051e-11,6.066155e-11,2.0853478e-13,1.1436573e-18,2.4604227e-12,2.0548821e-10
930000,37,483,0,-1.6117694e-12,5.7151592e-11,2.6834012e-12,3.4180334e-16,4.795707e-13,3.2606031e-09
930000,482,79,0,-1.2334591e-12,4.5491177e-11,3.6144297e-12,8.84557e-16,8.425853e-12,3.3729242e-09
930000,443,273,0,-1.5950635e-13,1.9796878e-11,6.566092e-14,2.5196907e-21,2.3154016e-16,3.2127965e-09
930000,486,481,0,-6.554121e-13,4.2325726e-11,9.399984e-11,1.0958135e-11,6.7383243e-12,3.4327095e-09
930000,461,85,0,-1.2198097e-12,7.952393e-11,4.1966455e-11,1.0671586e-11,8.03482e-12,3.3486098e-09
930000,81,465,0,-1.3550156e-12,7.458182e-11,1.6054885e-13,7.976551e-20,3.9703115e-15,3.5110728e-09
930000,222,474,0,-5.3674236e-13,2.757784e-11,1.9118732e-13,1.2280525e-18,3.430809e-10,3.1705625e-09
930000,33,344,0,-6.375343e-13,3.190977e-11,2.8356331e-11,9.247197e-13,5.8805554e-14,2.641964e-10
930000,310,444,0,-2.5488788e-13,1.08842275e-11,9.976855e-12,4.0733052e-14,3.8701663e-16,3.2874365e-09
930000,82,278,0,-2.2088714e-13,5.0946487e-12,1.3116835e-12,4.7049166e-17,8.2030435e-21,3.3338945e-09
930000,155,186,0,1.6873604e-15,1.0415898e-11,3.4622591e-09,7.191878e-10,1.1532664e-09,2.4049268e-10
930000,370,112,0,1.4873547e-12,6.1868522e-12,3.2091302e-11,5.827363e-12,1.7395763e-12,7.146597e-11
930000,457,463,0,-1.1988566e-12,5.6358796e-11,1.2557025e-10,1.5493818e-11,5.176259e-12,3.5973111e-09
930000,381,478,0,-6.096645e-13,2.1049116e-11,5.890932e-13,1.2884639e-18,5.6736484e-19,3.3366674e-09
930000,25,452,0,-1.4768681e-12,8.252441e-11,4.6395587e-12,1.7768737e-15,5.694221e-13,3.4017769e-09
930000,31,197,0,-5.2388595e-13,2.4813856e-11,6.6768583e-12,6.55808e-15,2.5196108e-14,3.1541385e-09
930000,392,75,0,4.1808484e-12,1.0712779e-11,6.2756293e-12,1.1807758e-15,4.798738e-19,1.8059998e-10
930000,481,445,0,-1.1520996e-12,4.864001e-11,3.454179e-11,1.2467245e-12,3.721585e-13,3.5318184e-09
930000,294,364,0,-8.3694336e-14,9.641376e-13,1.5731254e-12,2.954204e-17,2.871629e-21,3.326241e-09
930000,310,402,0,-1.4817305e-13,6.8565535e-12,1.1749629e-11,2.9700024e-14,1.2032925e-16,3.1426135e-09
930000,18,464,0,-1.6292104e-12,7.713056e-11,1.6423887e-11,1.1439494e-13,1.542322e-12,3.5727976e-09
930000,154,366,0,-3.1759933e-13,1.0391596e-11,3.2240047e-11,4.1063775e-13,1.4657338e-14,3.1126315e-09
930000,86,149,0,-2.3340813e-13,2.4308194e-11,3.9161214e-19,1.11032105e-32,1.930535e-17,3.479464e-09
930000,78,63,0,-5.614962e-13,1.91389e-11,2.1973235e-12,4.930613e-16,3.3096364e-15,3.4610208e-09
930000,338,268,0,-2.6723274e-13,5.8587193e-12,6.3568824e-11,6.3218246e-13,3.9264134e-14,3.0167502e-09
930000,70,17,0,-1.1608978e-12,5.4211143e-11,4.226779e-13,2.0442165e-19,3.193373e-15,3.5391705e-09
930000,220,418,0,3.171331e-12,2.3643303e-12,2.4560581e-12,6.818385e-16,5.6826734e-19,3.2126188e-09
930000,288,173,0,-7.736174e-14,3.2180248e-12,7.791376e-30,0.0,6.939498e-23,1.326515e-12
930000,122,212,0,-2.9181725e-14,5.7281265e-16,1.6283375e-15,2.5228064e-24,2.6335324e-31,9.8919574e-11
930000,372,92,0,1.5728932e-12,1.7287557e-12,2.6297764e-15,2.6579062e-23,5.146878e-29,2.5207147e-10
930000,301,194,0,-5.8534774e-14,3.2567868e-14,8.0828426e-12,6.9443306e-15,1.1294181e-17,2.670711e-11
930000,473,168,0,2.9507313e-13,1.085021e-11,1.06987e-12,4.1533377e-17,2.4565164e-20,1.5141295e-10
930000,306,71,0,5.6498813e-11,3.4273324e-11,1.0994109e-14,3.9772404e-23,8.496127e-14,1.7670097e-10
930000,402,415,0,3.2112823e-11,8.540739e-11,4.9671317e-12,2.6026839e-15,6.391791e-11,2.6415747e-10
930000,465,247,0,-1.0806021e-12,2.2937503e-09,2.2593573e-11,1.4397267e-12,4.184719e-09,4.0473833e-10
930000,342,381,0,3.3552265e-11,2.7599098e-11,1.2260765e-14,3.381723e-23,6.666555e-11,1.632054e-10
930000,452,94,0,-5.4106215e-13,5.90103e-11,3.187226e-13,1.7651614e-18,1.746962e-13,2.761848e-10
930000,68,337,0,5.435021e-13,2.6275393e-11,1.9121581e-12,1.135401e-16,1.7204347e-12,1.6811608e-10
930000,431,411,0,-1.0581183e-12,5.712043e-11,5.3649817e-11,5.868345e-12,3.2495576e-10,2.7795577e-10
930000,237,286,0,-2.2360211e-14,1.7294688e-16,1.7582281e-21,3.1010632e-35,0.0,3.8031498e-11
930000,130,212,0,-3.288548e-14,1.6879154e-15,8.4918685e-14,9.913964e-20,1.2968322e-24,1.5480862e-10
930000,91,226,0,-1.10851154e-13,8.602773e-13,2.4725036e-11,1.9712613e-12,1.9891644e-13,1.5204206e-10
930000,451,449,0,-1.3408114e-12,9.486606e-11,1.1326651e-11,2.186448e-14,6.518357e-10,5.110529e-10
930000,210,194,0,-9.876065e-14,1.94736e-12,2.9583576e-30,0.0,6.2104866e-27,5.7341506e-12
930000,273,442,0,-1.9335068e-13,6.781114e-12,1.080313e-12,5.053857e-17,5.1610847e-18,4.1376705e-10
930000,262,118,0,-3.2406982e-13,1.721065e-11,8.572236e-15,3.2618086e-23,6.614795e-15,2.6021996e-10
930000,414,255,0,2.9434014e-12,2.5130318e-11,8.800357e-12,1.7134313e-14,1.2375947e-16,1.5284717e-10
930000,373,415,0,3.5349154e-10,1.8322455e-11,3.7383905e-11,3.0255274e-11,9.5523964e-11,2.1913074e-10
930000,188,150,0,-2.7726725e-13,1.5027134e-11,5.0834746e-20,2.2284122e-36,4.787051e-12,3.441847e-11
930000,122,121,0,3.928309e-11,2.9971633e-12,8.539431e-17,2.5423796e-26,2.335272e-24,4.9898394e-11
930000,180,49,0,-5.513591e-13,2.8479882e-11,1.1971803e-11,6.6306925e-14,2.3977944e-12,4.7194287e-11
930000,434,88,0,9.463818e-12,3.3768547e-11,2.2831861e-11,4.667253e-13,1.40536335e-14,2.1625861e-10
930000,11,243,0,-4.0931242e-13,2.7705548e-11,5.619026e-11,3.119307e-11,1.2774874e-10,3.3271896e-09
930000,75,122,0,-7.2347786e-13,3.7706362e-11,7.9929867e-13,1.7468996e-18,3.9300334e-13,3.3765764e-09
930000,139,480,0,-6.420105e-13,2.6371122e-11,1.0082466e-11,7.633105e-15,6.8472464e-11,3.5023182e-09
930000,429,304,0,-3.4458184e-13,2.0145621e-11,6.2116057e-13,3.8492507e-18,7.025202e-11,2.1500664e-10
930000,427,24,0,-7.2269014e-13,3.5052617e-11,1.6813634e-11,4.8196185e-14,3.4962455e-10,3.6738212e-10
930000,480,339,0,-5.5532033e-13,9.8739185e-12,8.003185e-12,6.897017e-15,1.529672e-17,2.0952082e-10
930000,433,236,0,1.844628e-10,2.1846823e-11,9.030106e-13,1.07005184e-17,7.489981e-18,1.9698457e-10
930000,379,35,0,-8.3814406e-13,3.9777355e-11,4.2405152e-11,1.0334988e-11,3.497962e-10,4.890814e-10
930000,492,302,0,-7.6596986e-13,3.5023606e-11,3.4622611e-09,7.191878e-10,1.15327e-09,2.73561e-10
930000,3,24,0,-3.1168812e-13,2.2060336e-11,3.6410293e-12,2.0734865e-15,4.060282e-12,1.7753668e-10
930000,461,60,0,-1.0532622e-12,3.92051e-11,2.6808123e-11,1.4813977e-12,1.9731325e-13,3.3354114e-10
930000,443,323,0,-4.562346e-13,2.3861907e-11,5.5255034e-15,1.6835985e-23,3.6818756e-11,3.1466587e-09
930000,480,180,0,-1.6930001e-13,1.2114833e-11,4.2586105e-11,1.2595229e-12,7.4185056e-14,2.0196415e-10
930000,97,7,0,-1.3479348e-12,9.017503e-11,1.5184211e-12,5.7812414e-17,4.1451098e-10,6.524023e-10
930000,491,445,0,-8.9790637e-13,3.438105e-11,4.7818125e-12,3.138112e-16,6.3994104e-18,6.1948824e-10
930000,55,339,0,-1.1657803e-13,2.3083724e-11,1.1940674e-13,1.5026201e-19,1.5183309e-12,2.916543e-10
930000,427,75,0,3.4899514e-12,3.6850384e-11,1.8892958e-12,1.8554986e-16,7.483755e-15,8.672977e-10
930000,67,429,0,-9.576732e-13,3.2494587e-11,7.8014385e-13,1.4371116e-18,2.398726e-14,3.1044325e-10
930000,415,443,0,-1.5048545e-13,7.8503065e-11,1.2289248e-12,3.6850893e-17,6.914217e-11,4.2541196e-10
930000,270,438,0,-4.2839833e-14,7.1524215e-12,5.5933045e-12,4.0239677e-15,3.3708272e-18,1.4903549e-10
930000,472,16,0,-1.1501707e-12,5.6720916e-11,1.5878965e-11,1.0137509e-13,2.825228e-12,3.9311304e-10
930000,19,150,0,-7.4803873e-13,3.150524e-11,4.761879e-12,1.0747579e-15,4.9292086e-13,3.1974415e-10
930000,428,241,0,7.882621e-11,1.851519e-11,3.1491824e-14,5.3804575e-22,2.5605424e-13,7.612555e-10
930000,60,351,0,4.0964038e-12,2.086401e-11,8.244445e-14,2.7311145e-20,2.3347572e-15,3.2116667e-09
930000,470,43,0,-1.1834352e-12,6.0737464e-11,1.4873183e-11,7.496507e-15,2.1245676e-15,3.3823244e-10
930000,100,440,0,-9.481614e-13,3.62702e-11,9.339183e-12,3.4441001e-15,3.2839426e-11,1.9844118e-10
930000,127,462,0,-6.7038194e-13,2.5595545e-11,9.039686e-13,1.3587078e-17,4.590446e-17,2.869537e-10
930000,449,261,0,3.0855045e-12,3.0709435e-11,1.3308157e-12,2.2445437e-17,3.42588e-11,2.0509106e-10
930000,496,401,0,-9.353972e-13,2.743293e-11,1.1872717e-12,3.2479177e-17,3.1510533e-10,6.3738154e-10
930000,21,281,0,-2.956861e-13,4.969838e-12,6.330431e-13,8.792987e-19,4.3193716e-21,2.411467e-10
930000,452,446,0,-1.3525846e-12,8.406446e-11,3.4871859e-09,7.2156625e-10,1.1603608e-09,4.032723e-10
930000,442,332,0,-4.4870813e-13,2.8009093e-11,7.661461e-18,4.2600147e-29,3.3636213e-10,7.388718e-11
930000,357,409,0,5.1867566e-11,1.2377369e-11,1.3077452e-15,7.2515225e-26,3.2839422e-11,8.3271945e-11
930000,73,400,0,1.970871e-11,1.7044768e-11,4.5755582e-12,4.773471e-15,3.1486673e-17,8.1892165e-10
930000,464,42,0,-1.1069501e-12,5.554654e-11,3.132974e-13,1.4831629e-19,4.3268975e-13,5.8295524e-10
930000,48,44,0,-1.1836658e-12,6.296968e-11,3.2470485e-10,4.800408e-11,6.536758e-11,1.9136882e-10
930000,458,364,0,-1.0892108e-12,5.1009183e-11,7.730037e-12,1.36574305e-14,9.678665e-13,3.3218905e-09
930000,395,440,0,2.264703e-11,2.1375013e-11,1.8935261e-12,2.6850066e-16,3.434115e-10,3.4972902e-10
930000,369,497,0,-5.256291e-13,1.2377974e-11,1.4721467e-12,7.094609e-17,2.4345686e-19,8.7430685e-10
930000,33,333,0,-5.384089e-13,8.855843e-12,7.277622e-12,1.2136512e-14,3.1588807e-17,3.7019304e-10
930000,479,472,0,-1.0184867e-12,7.0490246e-11,3.8709473e-11,1.814488e-11,1.9015942e-11,8.197084e-10
930000,471,307,0,-8.435024e-13,1.4173395e-11,2.1274122e-12,1.4486247e-16,6.147201e-17,6.46311e-10
930000,439,458,0,-1.1563829e-12,3.6112714e-11,1.4333518e-11,2.556648e-13,9.7970075e-15,3.2781486e-10
930000,457,483,0,-8.528532e-13,5.0272096e-11,1.4181919e-11,1.761398e-14,3.1581748e-11,3.3756087e-10
930000,471,15,0,-1.1448209e-12,5.9090614e-11,3.4634433e-09,7.191879e-10,1.1891217e-09,3.8417128e-10
930000,426,42,0,-7.3282336e-13,1.0640081e-11,1.7933231e-12,8.558824e-17,8.877418e-21,4.782257e-10
930000,31,233,0,-3.606206e-13,1.4956633e-12,2.8007773e-11,1.2302899e-12,1.01621e-13,3.2778955e-09
930000,352,100,0,-2.552983e-13,1.34917424e-11,5.646247e-16,3.4353867e-25,6.757209e-11,4.7063603e-11
930000,444,236,0,2.431736e-10,3.3880378e-11,4.8000878e-11,3.165246e-11,1.5510825e-10,3.146877e-10
930000,42,433,0,-1.036557e-12,3.328794e-11,1.4825316e-11,2.556699e-13,1.3696037e-14,3.3243022e-09
930000,267,489,0,-5.008217e-13,2.3426431e-11,7.8065464e-11,5.0427787e-11,4.657234e-10,3.7881243e-10
930000,288,35,0,2.2210775e-12,3.795962e-11,9.259229e-13,2.1651342e-17,1.1370746e-15,2.7490335e-10
930000,482,302,0,-8.9375604e-13,6.610948e-11,1.1849925e-12,2.2969098e-17,3.1885566e-10,9.284603e-10
930000,88,445,0,-1.0964776e-12,5.1716135e-11,7.78462e-15,7.491173e-24,1.4707421e-10,2.9048966e-10
930000,324,426,0,-1.4300079e-13,5.124928e-12,2.4004992e-15,1.1989336e-23,3.7336135e-22,1.3617157e-10
930000,414,381,0,-3.9117036e-13,1.9455125e-11,3.5942047e-13,1.00765985e-19,2.4919579e-14,2.845029e-10
930000,80,499,0,-1.1283567e-12,4.9085264e-11,5.271126e-14,2.5956312e-21,2.5203622e-16,2.32832e-10
930000,446,461,0,-1.2092091e-12,6.216643e-11,9.8244165e-12,3.7047074e-15,5.881173e-13,2.4996893e-10
930000,10,34,0,-8.6758985e-13,5.7425398e-11,8.129441e-13,4.7958034e-18,4.0362985e-10,5.610606e-10
930000,409,335,0,-2.8660752e-13,1.0223739e-11,3.462259e-09,7.191878e-10,1.1532664e-09,2.2767604e-10
930000,456,71,0,-1.1140571e-12,5.186936e-11,1.9881822e-12,9.48713e-17,3.406803e-10,8.613962e-10
930000,14,219,0,-3.7823594e-13,1.700296e-11,7.680267e-12,2.6566329e-15,5.862774e-13,3.3572956e-10
930000,249,93,0,2.630447e-13,5.3498868e-12,3.4626528e-09,7.191878e-10,1.1532664e-09,7.487061e-11
930000,139,451,0,-4.0754162e-13,2.0952533e-11,2.723354e-13,9.4857945e-20,3.5190784e-11,1.7505687e-10
930000,292,2,0,-4.0012446e-13,5.686341e-12,4.5866012e-11,5.776944e-12,1.602738e-12,3.3350875e-10
930000,393,487,0,-8.2976e-13,3.9531677e-11,5.0054103e-11,5.938391e-12,2.2785066e-12,3.1260072e-10
930000,494,300,0,-7.5444804e-13,2.3480893e-11,6.6865926e-14,2.0902338e-17,1.5028278e-16,2.344942e-10
930000,493,53,0,-1.4822326e-12,6.9676556e-11,2.6980526e-15,2.457725e-24,7.261745e-11,6.3440747e-10
930000,284,22,0,-4.143998e-13,3.9967193e-11,1.1923224e-14,7.77273e-22,1.8185286e-13,3.2071307e-10
930000,41,416,0,-9.529892e-13,7.121354e-11,3.363281e-11,4.1072915e-13,3.4161476e-10,4.1112594e-10
930000,459,168,0,1.02047554e-11,3.0950582e-11,2.2394426e-16,4.6136403e-28,5.101674e-15,3.2245628e-09
930000,491,53,0,-1.4598596e-12,6.199989e-11,2.398835e-14,6.4358867e-22,4.354564e-11,5.3338894e-10
930000,462,384,0,-1.1438077e-12,4.5291104e-11,1.1870217e-13,9.424984e-21,6.8955096e-14,3.2909786e-10
930000,470,415,0,-1.2267228e-12,6.1179894e-11,6.2453216e-11,1.4825305e-12,4.66232e-12,4.07039e-09
930000,230,486,0,-5.024014e-13,2.8763353e-11,1.4685978e-21,8.6098255e-38,2.681674e-13,2.6879207e-10
930000,372,67,0,-6.2129707e-13,4.062125e-11,4.0612527e-13,6.8630757e-19,6.936548e-11,2.4704594e-10
930000,438,281,0,-3.4693345e-13,9.551927e-12,3.462279e-09,7.191878e-10,1.1532664e-09,2.5566452e-10
930000,422,443,0,-9.265381e-13,7.1225685e-11,5.6746257e-14,1.1788107e-21,6.0431417e-14,3.208228e-09
930000,69,76,0,-5.294092e-13,2.3186258e-11,6.722157e-13,6.910285e-18,2.707744e-15,3.186287e-10
930000,27,92,0,-9.654817e-13,6.797497e-11,4.381007e-13,5.1334705e-18,3.2643047e-10,3.0514113e-10
930000,313,115,0,-2.323716e-13,9.891626e-12,3.1149183e-15,1.1205928e-22,6.1671723e-21,3.7463317e-11
930000,270,417,0,6.690654e-12,2.4073937e-12,1.9719074e-12,3.896841e-16,2.562235e-19,8.819664e-11
930000,226,19,0,-7.0144086e-13,2.6612774e-11,4.241085e-12,8.115897e-16,2.579377e-12,3.222279e-09
930000,0,117,0,-9.654617e-13,6.1640304e-11,3.074418e-14,7.931828e-22,2.9943832e-15,2.5185984e-10
930000,304,470,0,-2.7326416e-13,5.5462787e-12,8.362654e-12,5.1983712e-15,3.2981104e-17,2.778122e-10
930000,36,499,0,-1.7161179e-12,9.656713e-11,3.243149e-12,2.0657837e-16,4.7604504e-10,3.7611483e-09
930000,451,73,0,-1.0237047e-12,4.6662302e-11,1.5821823e-14,1.3813894e-22,4.109615e-14,3.2713114e-09
930000,435,297,0,-3.6024035e-13,2.5329572e-11,2.1894885e-11,1.3674113e-12,2.5908425e-12,1.6978569e-10
930000,299,433,0,-1.633687e-13,1.3598795e-11,1.2245566e-13,2.7985485e-19,4.4984327e-15,1.2766385e-10
930000,493,249,0,-5.598672e-13,3.8244796e-11,3.1736173e-14,5.530887e-22,3.7119652e-10,2.690539e-10
930000,34,296,0,-3.4729923e-13,2.2198072e-11,6.748723e-11,6.224582e-12,1.0977808e-12,2.5972283e-10
930000,442,52,0,-8.424147e-13,3.3366195e-11,3.6096095e-11,5.955612e-12,2.0481646e-12,4.877413e-10
930000,72,372,0,1.6998057e-10,1.701218e-11,3.4331164e-13,6.0233876e-19,4.7867933e-22,1.5339827e-10
930000,18,281,0,-3.1199544e-13,6.7260004e-12,4.0605653e-12,3.2647956e-16,1.5185721e-17,2.2419529e-10
