mcsteps,xCOM,yCOM,zCOM,il8,il1,il6,il10,tnf,tgf
600000,84,376,0,2.022441e-09,4.6134943e-11,9.860153e-16,1.4398183e-25,1.2698958e-17,1.0036823e-10
600000,432,181,0,2.0225717e-09,4.136747e-11,1.081689e-12,6.1092986e-17,4.851983e-14,5.101405e-11
600000,409,105,0,2.022541e-09,3.771363e-11,9.295396e-20,5.8868857e-32,2.8295616e-10,5.63057e-11
600000,247,394,0,2.019828e-09,2.5840735e-10,8.6529074e-15,9.502171e-23,9.942661e-12,3.297008e-11
600000,132,141,0,2.0227924e-09,3.1718805e-11,9.8036075e-33,0.0,7.457959e-17,4.4799983e-11
600000,286,72,0,2.0227218e-09,4.2283947e-11,4.576687e-14,1.9339735e-21,5.1717515e-15,5.465733e-10
600000,365,385,0,2.0233222e-09,1.2004905e-11,6.6904165e-14,1.8618493e-19,5.6170055e-20,6.903793e-12
600000,379,420,0,2.023176e-09,3.4714707e-11,1.2157816e-13,2.5333747e-20,4.2872933e-15,9.216478e-11
600000,426,219,0,2.0584017e-09,3.8901226e-12,4.721252e-13,3.64904e-18,3.735996e-21,7.7599406e-11
600000,444,225,0,2.0580266e-09,2.0991998e-11,2.2276866e-12,3.5603688e-16,1.3865174e-18,2.2774645e-10
600000,326,278,0,-1.1254094e-11,2.2854887e-09,1.0544776e-31,0.0,4.118811e-09,4.177282e-14
600000,210,215,0,-5.5546124e-14,1.6916132e-13,5.139788e-34,0.0,2.800271e-35,2.1878612e-11
600000,267,86,0,1.2996515e-11,4.1520894e-11,2.1614494e-12,6.8921324e-17,3.142804e-12,3.1785553e-11
600000,216,463,0,-5.036353e-13,1.4448488e-11,4.4825596e-13,1.8982245e-17,6.967251e-18,1.7404712e-10
600000,490,61,0,-1.6551568e-12,1.0432826e-10,2.8718891e-15,4.1973465e-23,9.556399e-12,1.8455457e-10
600000,280,207,0,-7.781249e-14,1.2178078e-11,3.080467e-11,2.1089383e-13,5.7622195e-15,6.211174e-28
600000,446,177,0,8.0860645e-11,1.2651394e-10,6.90494e-11,1.9683293e-11,2.9156184e-11,1.3840953e-10
600000,430,207,0,1.396278e-10,1.7062296e-11,1.6589561e-11,1.6697054e-14,1.2608914e-16,1.3229687e-10
600000,179,90,0,-4.8939807e-13,6.55617e-11,1.7552958e-24,8.1436e-41,8.523608e-12,7.298997e-11
600000,87,35,0,-1.0386566e-12,6.954667e-11,6.940311e-14,1.9988492e-20,2.9620184e-10,1.0498407e-10
600000,232,421,0,2.1847294e-12,1.0526858e-11,2.7072955e-10,5.5766912e-11,4.3103014e-11,6.614348e-11
600000,73,443,0,-1.1556644e-12,3.593043e-11,7.0252354e-13,6.1511326e-18,8.8524964e-16,3.07199e-10
600000,272,157,0,-4.0235925e-14,4.930939e-15,2.879916e-34,0.0,0.0,5.3175643e-16
600000,53,92,0,-5.013217e-13,1.3072892e-11,4.4147084e-18,3.074875e-29,4.877133e-19,1.2483978e-10
600000,289,348,0,-5.3114834e-14,1.9632447e-13,1.0191567e-15,6.875169e-24,2.9697168e-30,9.2860074e-11
600000,67,468,0,-1.6654425e-12,1.1761106e-10,3.233782e-13,3.2369298e-18,2.4582874e-11,1.05439026e-10
600000,247,236,0,-3.0881352e-16,2.5309514e-23,0.0,0.0,0.0,1.3784692e-11
600000,218,276,0,-7.6915394e-15,2.0699497e-17,0.0,0.0,0.0,9.50429e-12
600000,342,283,0,-1.2919984e-12,3.577265e-11,0.0,0.0,3.1963093e-17,4.2939825e-11
600000,195,268,0,-1.6717622e-14,7.897321e-15,2.4123546e-34,0.0,1.33359e-40,1.1748236e-12
600000,326,355,0,-1.4466236e-13,1.1444901e-12,1.1710832e-22,4.917034e-39,2.5595335e-29,2.806858e-12
600000,222,69,0,-8.1411776e-13,2.997972e-11,2.8766403e-21,6.922477e-36,1.2745405e-17,2.142596e-10
600000,308,289,0,-3.2172466e-13,9.628289e-12,4.3520176e-35,0.0,1.7415053e-20,2.6071001e-11
600000,309,231,0,-2.5111723e-14,4.858418e-16,1.7397265e-18,2.2921999e-31,7.868e-42,1.4497793e-13
600000,336,140,0,-3.7348445e-13,1.871223e-11,9.541014e-20,1.5557246e-34,1.0153446e-18,2.6794705e-11
600000,5,317,0,-8.065119e-13,4.0010682e-11,1.778014e-11,1.9281729e-13,9.656144e-14,4.4399266e-11
600000,365,389,0,5.627217e-10,1.6810548e-11,4.196287e-16,6.4815465e-25,1.0215962e-14,1.7828433e-12
600000,179,67,0,-4.376798e-13,2.4573586e-11,2.0607687e-15,8.070429e-23,3.0316522e-10,5.7814053e-12
600000,482,264,0,-7.191865e-13,1.6580591e-11,3.9376818e-10,3.2836275e-11,1.819064e-11,1.870086e-10
600000,288,103,0,1.9396297e-12,4.620131e-11,1.394533e-19,2.7890176e-31,7.6079585e-12,8.225831e-11
600000,7,182,0,-7.539716e-13,3.7213406e-11,7.1237154e-16,7.567071e-26,1.8834856e-17,3.448012e-10
600000,52,141,0,-1.0289207e-12,4.9880256e-11,4.7848028e-11,6.126909e-13,1.7349045e-12,2.4698726e-10
600000,240,415,0,1.8184922e-11,2.31212e-11,8.760549e-15,5.0339847e-22,6.1177806e-15,1.161041e-10
600000,454,1,0,-1.0551407e-12,8.271391e-11,1.3953264e-10,5.936114e-11,1.15885156e-10,3.1732356e-10
600000,326,159,0,-3.8498694e-13,3.9942872e-11,7.539796e-27,0.0,1.4464483e-12,7.2703124e-12
600000,400,84,0,1.5219116e-11,5.8425924e-11,3.908949e-12,4.556406e-16,2.4508564e-11,1.1387047e-10
600000,249,275,0,-1.1621339e-17,1.7273145e-31,2.173734e-30,1e-45,0.0,1.9238908e-14
600000,163,273,0,-2.3259916e-15,1.930161e-20,8.781161e-29,0.0,0.0,2.5500727e-11
600000,116,16,0,-1.2555998e-12,5.231545e-11,7.099192e-17,1.0984519e-27,1.7067822e-18,5.3503514e-11
600000,55,181,0,-4.2284993e-13,4.222515e-12,6.3136102e-12,1.8928122e-15,1.9973992e-18,1.6206071e-10
600000,157,271,0,-9.1372e-15,2.9333816e-17,1.1601707e-30,0.0,0.0,4.825359e-11
600000,343,127,0,-3.8763277e-13,1.3463557e-11,4.538694e-18,1.980797e-30,4.2092297e-18,3.1144306e-11
600000,243,343,0,-8.3839247e-14,2.5149176e-14,4.5731783e-21,7.608981e-37,8.486116e-31,9.986436e-11
600000,38,157,0,-8.49079e-13,4.6946676e-11,2.1625356e-12,9.88463e-17,1.6712996e-11,1.7011385e-10
600000,458,449,0,-1.4663944e-12,6.401041e-11,1.3859228e-11,2.2957984e-14,2.9393368e-10,2.1708191e-10
600000,456,441,0,-1.6020699e-12,1.0696785e-10,7.4584186e-11,4.474653e-11,8.61367e-11,2.5580282e-10
600000,225,412,0,4.2782596e-12,1.8085663e-11,1.1580928e-11,1.9969642e-14,9.418654e-14,1.8941171e-10
600000,470,299,0,-5.6212766e-13,4.1161003e-12,2.3341917e-12,1.2020087e-16,3.3901054e-20,2.486006e-10
600000,66,452,0,-1.3097994e-12,4.3255045e-11,2.8579339e-11,1.8077892e-13,1.9988644e-13,1.9040354e-10
600000,158,195,0,-5.1248844e-14,4.879228e-15,1.0691772e-26,0.0,1e-45,4.116007e-12
600000,249,457,0,-3.3296524e-13,3.7372965e-12,1.573231e-10,1.0317997e-11,2.4708675e-12,8.242281e-11
600000,459,222,0,7.2785424e-11,3.969893e-12,1.8595304e-11,2.6741352e-14,1.1699386e-16,2.5738844e-10
600000,395,392,0,3.7192706e-12,4.2896298e-11,1.3604727e-14,1.3261981e-21,1.569341e-11,2.6269076e-10
600000,337,63,0,-6.533895e-13,1.4909162e-11,5.191638e-21,8.9605105e-35,2.6083755e-18,2.4675734e-10
600000,377,363,0,9.2369905e-12,1.7403507e-11,1.142108e-20,1.454235e-34,1.3699773e-20,3.1958453e-11
600000,148,256,0,-1.1465475e-13,9.44102e-13,7.844883e-28,0.0,5.228825e-26,1.7560276e-11
600000,456,15,0,-1.2925529e-12,1.0622527e-10,6.6255985e-13,3.2379642e-18,2.0532578e-10,1.6062279e-10
600000,463,125,0,-1.0774529e-12,8.27593e-11,8.634618e-11,2.964867e-12,2.9651645e-10,2.2039959e-10
600000,250,96,0,-2.3742512e-13,7.228495e-13,6.1008056e-13,7.60474e-18,7.043e-22,5.449499e-11
600000,276,260,0,-2.4680348e-15,3.4758664e-19,1.6796454e-38,0.0,0.0,1.3114722e-13
600000,377,152,0,-3.593333e-13,7.9642846e-13,9.686484e-23,1.1204263e-37,7.779362e-29,1.5518167e-11
600000,246,230,0,-2.0506594e-15,6.8939255e-20,5.3e-44,0.0,0.0,2.935227e-14
600000,37,465,0,-1.8917957e-12,1.08083716e-10,4.314278e-12,9.530455e-16,3.575511e-15,1.2973864e-10
600000,139,119,0,1.4990249e-11,6.7135403e-13,1.0090325e-27,5.2e-44,4.724728e-31,1.8451555e-11
600000,285,118,0,-2.4386046e-13,4.5773476e-12,7.722352e-13,4.7938235e-18,1.5886255e-22,4.208155e-11
600000,458,163,0,1.2792611e-12,2.7525851e-11,7.0730355e-17,8.896168e-26,2.3541887e-15,2.1254905e-10
600000,202,452,0,-5.4730515e-13,1.2751115e-11,2.7222669e-12,6.3032227e-16,7.304503e-19,1.1650045e-10
600000,3,141,0,-5.9145007e-13,2.13441e-11,7.4128884e-11,3.5910335e-12,4.565349e-13,1.6423173e-10
600000,382,105,0,5.989609e-12,1.5775698e-11,2.018746e-12,1.5198492e-16,2.912826e-17,2.0112413e-11
600000,333,22,0,-8.308864e-13,3.3687435e-11,8.774959e-14,1.2661953e-19,2.9008428e-15,9.4901344e-11
600000,388,251,0,-1.762666e-13,3.967188e-13,2.0175208e-20,4.1331607e-34,9.703469e-35,8.493765e-12
600000,340,326,0,-2.5365894e-13,4.5020368e-12,1.80855e-29,0.0,2.221089e-24,3.297548e-11
600000,496,396,0,-1.0770205e-12,2.2581555e-11,4.6945044e-16,4.637443e-25,8.204114e-19,8.093521e-11
600000,156,299,0,-2.7806293e-14,7.666257e-17,1.549328e-23,1.024564e-39,0.0,2.0061918e-13
600000,202,150,0,-3.5790655e-13,4.1997978e-11,3.5603837e-22,3.8014442e-38,2.5335228e-10,4.3409585e-11
600000,196,411,0,-2.8487277e-13,1.6784159e-11,1.6765224e-16,1.8667015e-25,7.256183e-17,1.07479435e-10
600000,33,164,0,-7.3582427e-13,2.363716e-11,8.19041e-11,4.657313e-12,7.7601684e-13,1.2805823e-10
600000,332,303,0,-2.2335817e-13,2.993333e-12,0.0,0.0,1.0568968e-27,1.4922039e-12
600000,151,49,0,-7.23019e-13,2.8429705e-11,1.1203084e-11,1.5813348e-14,2.8995737e-14,1.0588147e-10
600000,35,97,0,-9.0132914e-13,5.4278648e-11,1.5651782e-11,8.408272e-14,1.1222186e-14,4.228586e-11
600000,330,147,0,-2.7652107e-13,1.3679618e-12,1.2401198e-21,2.7012205e-37,1.0779874e-27,7.1011235e-12
600000,282,405,0,4.1432312e-13,1.2300977e-11,2.7568202e-12,1.9410001e-16,3.0616965e-17,2.6907294e-11
600000,42,327,0,-4.4370448e-13,2.2371667e-11,8.3280404e-13,3.2551195e-17,8.233188e-18,1.8905977e-10
600000,304,256,0,-9.9172786e-14,5.483975e-13,6.956181e-14,2.545033e-19,3.311947e-23,7.0074757e-13
600000,362,84,0,-3.1285296e-13,1.00612305e-11,8.741188e-14,7.040454e-20,4.745489e-16,3.603066e-11
600000,498,440,0,-1.0004225e-12,1.11902466e-10,9.882139e-12,2.6995211e-15,3.410935e-11,2.120454e-10
600000,429,339,0,-4.0633369e-13,2.3590834e-11,2.1628736e-19,9.030505e-33,5.671508e-16,3.448466e-11
600000,461,249,0,3.1012768e-12,3.6156366e-11,3.957996e-11,7.0480297e-13,1.1629535e-13,2.3085395e-11
600000,187,67,0,-4.2562782e-13,9.653072e-12,4.1693244e-15,1.9161157e-23,5.2548587e-19,1.2482253e-10
600000,306,348,0,-7.2495056e-14,1.4322345e-13,6.613381e-22,4.87992e-35,1.0488142e-32,4.1045435e-12
600000,349,333,0,-3.8418932e-13,3.6512095e-11,2.6751288e-21,2.6642183e-35,1.5326151e-12,1.3693631e-11
600000,32,316,0,-5.9848226e-13,1.7928395e-11,1.2789392e-15,6.8883704e-25,2.5757694e-15,8.237801e-11
600000,105,406,0,-1.6579842e-13,2.019689e-11,1.21803965e-14,2.7352e-21,4.3551276e-20,4.926832e-11
600000,499,144,0,-7.9862516e-13,4.5930402e-11,1.1209311e-10,2.443077e-11,1.2384462e-11,1.1721889e-10
600000,180,136,0,-2.6064112e-13,5.939008e-12,1.2907144e-11,1.6926464e-14,6.132815e-17,7.1156353e-12
600000,89,134,0,-6.376331e-13,3.9363464e-11,6.2934463e-15,5.355435e-23,1.2038313e-12,1.796393e-10
600000,294,301,0,-1.2947892e-13,1.0785222e-11,3.5189035e-21,2.5517894e-33,3.7248264e-17,5.1334305e-15
600000,317,61,0,6.893515e-13,5.9682016e-11,8.642724e-11,1.8869325e-11,8.9544795e-12,1.07016444e-10
600000,336,121,0,-4.698976e-13,4.0284377e-11,4.5185518e-12,1.0383163e-15,1.5067992e-13,6.585511e-11
600000,386,433,0,7.851179e-11,1.0179995e-11,7.913177e-12,1.9729242e-14,2.605977e-16,2.6868962e-11
600000,138,322,0,-3.3679578e-13,6.401944e-12,7.8265277e-25,8.8e-44,6.802781e-20,9.7656674e-12
600000,211,261,0,-1.4255791e-15,9.640509e-21,1.5e-44,0.0,0.0,3.4923048e-12
600000,415,127,0,1.5163013e-11,2.7936684e-11,3.1456025e-11,2.0308214e-13,3.945864e-15,5.2009525e-12
600000,361,18,0,-7.78429e-13,4.2301624e-11,5.2005496e-12,5.4875275e-15,1.133562e-14,1.401018e-10
600000,264,233,0,-2.9618696e-16,1.2187715e-23,1.45291e-40,0.0,0.0,7.0057626e-11
600000,214,225,0,-2.473554e-14,1.6674221e-14,3.8702804e-31,0.0,5.46708e-40,8.551129e-15
600000,342,307,0,-1.9891123e-13,1.6440049e-11,2.158307e-38,0.0,3.5430486e-15,1.3150378e-10
600000,443,160,0,1.2101309e-11,3.465682e-11,1.2367426e-13,8.994465e-20,2.7430467e-18,1.2965579e-10
600000,280,175,0,-7.165408e-14,6.1064417e-12,6.1681856e-31,0.0,4.4123664e-22,4.226587e-19
600000,206,35,0,-9.834966e-13,1.00037756e-10,1.35598345e-14,6.475976e-22,1.3710902e-11,2.1998775e-10
600000,143,125,0,3.2093446e-11,4.8020673e-14,5.6107722e-30,0.0,4.78465e-40,1.1924571e-10
600000,278,264,0,-4.4100055e-15,7.455029e-18,3.2079645e-36,0.0,0.0,1.909768e-13
600000,464,103,0,-1.0931708e-12,3.1909028e-11,4.58113e-14,5.318307e-21,1.6447395e-18,1.4844895e-10
600000,377,328,0,-4.2227547e-13,1.8717826e-11,1.6423203e-13,1.6473692e-19,1.08317776e-19,4.3338638e-10
600000,246,33,0,-6.576548e-13,3.3933318e-11,7.159976e-13,3.0903107e-17,1.0963447e-16,1.2492125e-10
600000,497,202,0,-2.0245014e-13,2.6379235e-14,6.184346e-13,1.2037679e-17,3.0120114e-21,3.500438e-10
600000,281,74,0,4.258872e-10,1.4626295e-11,4.7116026e-12,6.893815e-16,6.4900875e-19,6.597162e-11
600000,421,60,0,-8.9012825e-13,1.0090677e-10,2.308814e-16,1.29241324e-26,3.811881e-11,1.9245762e-10
600000,410,353,0,-3.5399255e-13,1.0855914e-11,8.326996e-24,1.321e-42,7.506222e-20,6.354079e-11
600000,215,175,0,-1.6305383e-13,3.090104e-12,8.7698105e-34,0.0,2.906183e-25,8.8028494e-13
600000,445,332,0,-4.9767184e-13,3.7900034e-11,2.6209506e-21,1.5816678e-35,1.6636605e-14,6.3182924e-11
600000,266,270,0,-2.9974588e-16,1.9614506e-23,6.84e-43,0.0,0.0,2.7663817e-12
600000,261,150,0,-3.8047744e-14,2.6263035e-16,1.5645699e-34,0.0,0.0,1.335646e-11
600000,402,267,0,-3.9035005e-13,6.2088962e-12,3.6102165e-20,1.08313e-34,1.1654157e-24,5.8913416e-11
600000,400,145,0,-5.616896e-13,5.5362673e-11,1.3787326e-15,1.5386995e-24,4.3877185e-16,3.4003345e-11
600000,360,342,0,-3.855923e-13,2.4437962e-11,6.578816e-16,4.3322673e-25,2.1837305e-11,3.417075e-11
600000,263,388,0,5.0842858e-11,7.003896e-12,3.555742e-16,1.1922914e-25,3.9604527e-21,5.4123737e-11
600000,291,203,0,-2.5667658e-14,7.375751e-15,1.490742e-14,1.953325e-21,9.259409e-27,2.4035274e-22
600000,15,320,0,-8.127366e-13,6.176368e-11,3.836207e-14,1.1240422e-20,1.5227226e-11,3.168797e-09
600000,247,264,0,-1.7242401e-18,3.2920247e-34,0.0,0.0,0.0,2.9938878e-09
600000,189,415,0,-3.4523358e-13,2.5186644e-11,5.350926e-14,6.0077025e-21,5.94383e-16,3.02139e-09
600000,69,384,0,5.1248217e-11,2.7888714e-11,5.1243365e-16,4.5015035e-26,2.9010072e-15,3.2314658e-11
600000,104,370,0,2.3307509e-11,5.073824e-11,1.6482167e-20,4.8032765e-34,4.4071992e-16,5.88586e-12
600000,130,428,0,-3.5150032e-13,4.4507813e-12,1.4370853e-12,6.0804015e-17,1.6966974e-20,2.0614577e-10
600000,246,221,0,-1.554634e-14,8.497816e-16,2.1222272e-35,0.0,0.0,2.0880964e-17
600000,369,384,0,5.4635996e-10,2.0187286e-11,4.974373e-14,6.7127258e-21,2.2004542e-16,1.544223e-11
600000,421,442,0,-1.392588e-12,1.06915816e-10,2.9972958e-15,4.0941546e-24,1.4421312e-13,2.2371885e-10
600000,105,145,0,5.215895e-12,7.7846146e-11,2.506701e-26,1.45518e-38,3.0334535e-10,5.662101e-11
600000,18,242,0,-3.786905e-13,1.1500102e-11,1.1197894e-11,3.107145e-15,3.413307e-18,4.4170632e-11
600000,324,313,0,-1.2408556e-13,6.1679356e-13,1.0730324e-33,0.0,8.531775e-32,3.31584e-12
600000,321,338,0,-6.39907e-14,9.426563e-14,9.394807e-35,0.0,2.1811725e-36,1.3264387e-10
600000,311,53,0,1.4605637e-12,4.6037143e-11,1.0788855e-12,1.9444662e-16,2.2986002e-13,6.560671e-11
600000,309,81,0,9.776127e-12,6.155327e-11,9.5846796e-23,5.698039e-33,1.6932856e-11,1.9410943e-11
600000,405,14,0,-6.269533e-13,2.294148e-11,4.7448994e-15,8.044548e-23,4.8421634e-16,1.8241951e-09
600000,490,145,0,-8.05259e-13,5.4490714e-11,4.752051e-13,8.714749e-18,2.6062671e-10,1.5839137e-10
600000,487,12,0,-1.1627186e-12,3.3423847e-11,3.9849703e-12,1.372808e-16,2.4294997e-13,2.055926e-10
600000,471,302,0,-5.9145863e-13,4.032287e-12,4.039014e-13,9.87721e-19,2.3550729e-23,2.5625285e-10
600000,421,404,0,-1.1244803e-12,1.00115576e-10,2.7100528e-11,1.0821149e-13,2.9052982e-10,9.639978e-11
600000,68,270,0,-1.1276287e-13,3.7015792e-13,1.3531364e-12,4.11533e-17,1.3255611e-20,1.0275679e-10
600000,448,369,0,-8.6756703e-13,7.455441e-11,9.1701607e-17,6.6279687e-26,2.963162e-10,1.8385007e-10
600000,237,343,0,-4.2426254e-14,1.5102688e-13,3.654615e-18,6.805354e-30,2.287247e-33,1.0778571e-10
600000,28,211,0,-6.4036444e-13,6.538392e-11,1.124492e-11,1.6122615e-14,1.7699759e-12,5.3430406e-11
600000,373,225,0,-4.7416877e-13,3.844005e-11,6.752438e-15,2.2347445e-21,9.411088e-14,1.1133627e-11
600000,1,154,0,-6.957044e-13,1.5853364e-11,1.7340618e-14,5.543362e-22,5.0117432e-20,4.572931e-11
600000,350,329,0,-3.8983706e-13,2.8503647e-11,1.5994261e-20,8.381258e-34,8.494345e-14,4.8830345e-12
600000,373,26,0,-9.112676e-13,6.149656e-11,2.777908e-14,8.880555e-22,1.5695006e-11,1.9470223e-10
600000,62,366,0,1.1506272e-11,1.9821228e-11,1.6873968e-12,8.761687e-17,1.7744971e-15,4.738412e-11
600000,337,94,0,-5.621773e-13,2.0399777e-11,2.8554268e-12,3.693492e-16,5.7401373e-15,3.828726e-11
600000,382,267,0,-2.3348665e-13,1.7727644e-11,1.0548093e-32,0.0,6.511407e-17,9.762707e-11
600000,337,330,0,-2.2591292e-13,9.499919e-12,1.7230535e-31,0.0,2.2640717e-21,1.1066429e-11
600000,340,170,0,-2.8065717e-13,1.036001e-11,2.1579902e-13,2.7819031e-18,2.89746e-18,1.2852887e-10
600000,471,159,0,-5.26315e-13,1.1727355e-11,3.0640043e-11,6.4963215e-13,3.0015097e-14,4.1993686e-11
600000,407,279,0,-3.4518596e-13,2.3509453e-11,4.2759727e-25,1.8e-44,2.3505958e-15,7.533038e-11
600000,171,321,0,-2.3742371e-13,2.5031569e-11,9.343343e-22,4.5786613e-37,7.2265266e-14,2.0522707e-12
600000,470,253,0,-1.878183e-13,3.5016254e-11,1.3863781e-12,2.85717e-17,1.05549826e-13,1.5729143e-10
600000,66,405,0,3.616274e-13,7.3402937e-11,2.6411922e-12,5.7647824e-16,3.2060216e-11,2.456839e-10
600000,1,273,0,-5.4214136e-13,9.92618e-12,3.1518252e-12,3.6957032e-16,6.4120156e-19,4.2051477e-11
600000,173,167,0,-2.5647816e-13,3.4070278e-11,4.118144e-14,1.0501435e-18,1.6717207e-11,8.755378e-12
600000,348,226,0,-3.4778923e-13,3.0133136e-11,8.9055464e-18,1.0318939e-28,1.4095759e-13,2.1002555e-12
600000,281,85,0,9.167901e-11,6.2700366e-12,7.895955e-11,9.022367e-12,3.2861756e-12,3.4680772e-12
600000,14,284,0,-2.7407658e-13,2.5882465e-12,4.2783468e-11,1.4892468e-13,3.2916674e-15,1.3397056e-10
600000,360,360,0,8.419679e-12,1.7937296e-11,1.50301e-19,9.046456e-33,1.8726215e-23,3.0096354e-09
600000,104,423,0,-1.0516763e-12,5.0642775e-11,1.0451392e-12,5.1301295e-17,6.8082536e-17,3.043983e-09
600000,222,104,0,-7.225585e-13,4.6977693e-11,1.2876939e-25,0.0,7.308706e-13,4.0190015e-11
600000,338,414,0,1.4041014e-13,6.4935375e-12,1.8159568e-22,1.23408e-39,6.8574005e-22,1.8012593e-10
600000,178,198,0,-4.7124753e-14,2.5301132e-13,8.579061e-27,5e-44,1.6017765e-33,7.8074006e-11
600000,413,459,0,-8.928976e-13,5.475563e-11,1.2904888e-11,9.445282e-15,1.721435e-13,2.3075604e-10
600000,406,101,0,4.566404e-10,1.8830664e-11,2.3993303e-17,1.011125e-27,1.9619235e-19,4.265943e-11
600000,497,178,0,-2.3972382e-13,1.4347192e-12,6.4248724e-15,1.8130357e-21,2.6687137e-26,9.78315e-12
600000,332,117,0,-4.755186e-13,1.8835319e-11,1.3563056e-10,5.4418783e-12,8.157136e-13,1.977425e-11
600000,58,89,0,-5.00361e-13,1.12236834e-11,1.8833291e-13,4.6829714e-19,4.538041e-21,1.4248824e-10
600000,479,113,0,-1.0792791e-12,5.4520173e-11,5.1879762e-14,1.0089793e-20,9.321738e-16,2.8868163e-10
600000,400,298,0,-3.472075e-13,1.35816445e-11,3.7960493e-17,1.330215e-28,2.91699e-20,2.0517685e-10
600000,102,199,0,-9.162064e-14,6.6265813e-13,5.4605213e-28,0.0,1.0676987e-31,6.847069e-11
600000,315,290,0,-2.5529817e-13,5.1085056e-12,1.9741046e-38,0.0,7.632236e-24,3.710625e-12
600000,215,222,0,-3.1901023e-14,1.1490041e-14,8.650408e-34,0.0,3.8738075e-38,2.797009e-15
600000,201,499,0,-7.663391e-13,5.545203e-11,1.1618505e-17,3.1171826e-26,2.8472606e-15,1.383657e-10
600000,65,155,0,-6.063522e-13,1.7650305e-11,1.9240862e-13,1.1436142e-18,9.271853e-16,3.0981318e-09
600000,243,59,0,-6.763156e-13,2.989349e-11,1.0707804e-10,2.271345e-12,1.8970468e-13,3.0921288e-09
600000,401,219,0,9.852956e-12,1.4250578e-12,1.2271746e-17,2.3875827e-29,8.398092e-28,3.5553078e-11
600000,18,155,0,-8.063354e-13,5.6351687e-11,1.8555955e-10,5.86733e-11,5.5403057e-11,3.1949532e-09
600000,499,236,0,-5.4632996e-13,3.890503e-11,5.3820975e-11,6.3623824e-13,2.398432e-14,3.3238492e-09
600000,413,487,0,-9.899051e-13,3.877829e-11,2.1632302e-14,3.0921918e-21,3.3158566e-16,3.0372969e-09
600000,495,422,0,-1.0152724e-12,7.0228594e-11,2.221367e-12,6.699893e-16,3.10907e-09,3.1407212e-09
600000,203,63,0,-6.891305e-13,6.2129364e-11,6.3421544e-13,1.7879049e-17,3.327604e-11,3.0898024e-09
600000,119,103,0,-3.4421083e-13,3.3451446e-11,1.7846068e-17,3.9565375e-29,7.9046546e-13,3.0280587e-09
600000,313,458,0,-2.8228472e-13,5.7895013e-12,1.360763e-13,3.406647e-20,2.4817012e-23,3.1020406e-09
600000,238,184,0,-1.369376e-14,5.540159e-18,4.5898582e-24,1.4955e-41,0.0,2.1525365e-10
600000,266,153,0,-3.2392197e-14,6.713459e-16,8.49682e-34,0.0,0.0,3.8242125e-13
600000,247,393,0,1.236502e-09,2.276667e-09,2.3140464e-15,5.0441944e-24,4.1188084e-09,4.2920816e-11
600000,223,238,0,-1.2894199e-15,4.5451022e-21,4.3945e-41,0.0,0.0,6.2125137e-13
600000,225,272,0,-1.1020037e-11,2.2719089e-09,0.0,0.0,4.1188084e-09,4.5386184e-11
600000,327,136,0,-3.591775e-13,1.3450593e-11,1.5354654e-13,1.422922e-19,1.7138566e-13,8.612172e-11
600000,79,418,0,-8.036359e-13,3.3833426e-11,4.759955e-11,4.7153223e-12,8.475049e-13,5.753271e-11
600000,448,86,0,-1.2767773e-12,7.4723554e-11,1.1268221e-15,1.437709e-24,2.2351534e-11,8.7472724e-11
600000,180,481,0,-6.804646e-13,4.2839232e-11,3.1964713e-15,5.1248787e-24,1.2835674e-11,8.098069e-11
600000,238,177,0,-2.115868e-14,3.3195936e-16,5.566585e-28,0.0,0.0,4.0880336e-13
600000,268,260,0,-3.9282167e-16,6.023045e-23,0.0,0.0,0.0,3.065767e-11
600000,19,41,0,-1.4988129e-12,8.565162e-11,2.1067711e-12,2.300076e-16,6.699339e-15,7.759138e-11
600000,142,68,0,-6.1913473e-13,1.4264663e-11,3.5999777e-15,5.1603803e-23,1.905634e-18,1.7166504e-10
600000,457,148,0,-5.9990413e-13,2.1819425e-11,4.2891506e-11,6.418142e-13,2.3786691e-14,9.811647e-11
600000,278,196,0,-7.2895e-14,2.0126032e-12,8.5978655e-17,2.0418383e-26,1.2709202e-24,2.2640775e-22
600000,221,116,0,-7.8917217e-13,5.29392e-11,1.9835341e-24,2.755e-41,4.4379122e-11,2.4845867e-11
600000,419,92,0,5.7125443e-11,7.7564795e-11,5.180946e-14,2.7721355e-21,2.80594e-10,3.8741402e-10
600000,175,79,0,-3.9096607e-13,5.1356844e-12,1.5894937e-19,1.4106059e-31,8.709856e-23,5.892384e-11
600000,215,446,0,-4.4618364e-13,2.4196664e-11,3.4411436e-12,1.6503393e-15,6.9998555e-18,3.2372183e-09
600000,250,20,0,-6.100431e-13,1.3892351e-11,3.753031e-11,1.5554988e-12,2.2799107e-13,3.2451766e-09
600000,202,461,0,-6.9248616e-13,3.29861e-11,3.066528e-11,6.745951e-13,3.6335884e-14,3.0079201e-09
600000,94,88,0,-4.8690067e-13,1.1199707e-11,2.74767e-13,7.149322e-19,1.0783564e-15,3.094162e-09
600000,452,373,0,-9.985075e-13,5.972136e-11,7.8609325e-13,9.408021e-17,1.6199478e-11,3.0779632e-09
600000,459,352,0,-7.006819e-13,3.30878e-11,9.313405e-14,2.0204732e-19,4.5905654e-15,3.0320786e-09
600000,312,0,0,-3.046067e-13,8.1764803e-13,1.7456269e-13,4.780192e-18,5.4527e-21,3.469478e-09
600000,15,329,0,-7.956846e-13,4.088614e-11,4.1007035e-16,5.7793906e-24,2.486811e-12,3.1982879e-09
600000,376,66,0,-8.433074e-13,5.6769176e-11,2.987033e-12,1.1484283e-16,9.8001585e-15,3.0701168e-09
600000,102,401,0,1.8819447e-12,2.2908063e-11,3.427351e-18,5.537709e-29,6.1848853e-16,3.0716176e-09
600000,432,20,0,-8.055421e-13,4.716833e-11,5.481202e-13,7.191568e-18,8.2257856e-14,3.1164402e-09
600000,498,79,0,-1.4278443e-12,9.0289644e-11,8.0298586e-16,5.9287347e-26,1.7145641e-14,3.2650083e-09
600000,193,62,0,-5.46443e-13,3.699522e-11,3.6307856e-11,1.2874492e-12,1.9336911e-13,3.029533e-09
600000,132,95,0,-4.3462112e-13,5.0849474e-11,5.8077187e-15,1.04268766e-20,2.3752347e-10,3.0043392e-09
600000,297,220,0,-2.0283847e-15,6.468181e-21,1.3566827e-25,2.8e-44,0.0,2.9887863e-09
600000,482,31,0,-1.5244887e-12,7.5893215e-11,2.0844255e-12,7.36063e-17,1.49661e-15,3.220138e-09
600000,79,456,0,-1.588473e-12,1.1980085e-10,5.717155e-11,1.0444956e-11,2.2486603e-11,3.0778378e-09
600000,51,27,0,-1.426617e-12,9.407169e-11,9.54367e-14,1.8936255e-19,2.0816482e-11,3.2775525e-09
600000,2,323,0,-8.817361e-13,7.7894836e-11,1.3533986e-10,5.2784242e-11,7.675135e-11,2.990515e-09
600000,140,0,0,-6.6554894e-13,2.8262661e-11,6.946556e-19,2.4856096e-31,8.30309e-16,3.3287963e-09
600000,272,480,0,-5.188549e-13,2.3604495e-11,3.453595e-14,3.4850472e-21,1.1604464e-15,2.181986e-10
600000,98,127,0,-3.8552037e-14,5.6889438e-11,5.1423142e-17,2.1903963e-25,3.136989e-11,3.0815464e-09
600000,288,3,0,-3.8094213e-13,9.41126e-12,7.041894e-11,9.689656e-12,3.972583e-12,3.1634102e-09
600000,369,274,0,-1.1993514e-13,6.47432e-14,0.0,0.0,1.554707e-39,3.0599703e-09
600000,78,320,0,-4.0515977e-13,3.2620705e-11,3.5556406e-12,3.3570669e-16,2.5377493e-14,3.1007037e-09
600000,318,282,0,-8.594805e-13,1.0292093e-11,1.0408014e-28,2.243e-42,4.147759e-18,3.0077916e-09
600000,22,8,0,-1.2024578e-12,1.6739793e-10,1.755453e-11,2.0034229e-13,2.8943493e-11,3.1355154e-09
600000,320,326,0,-7.6358496e-14,7.665966e-14,4.436778e-31,0.0,1.41238e-40,2.9896012e-09
600000,35,12,0,-1.1760767e-12,8.381238e-11,9.8844447e-11,1.8875432e-11,1.3629702e-11,3.1692142e-09
600000,151,372,0,-2.467199e-13,1.03473514e-11,1.833021e-15,9.462974e-21,1.3842845e-20,2.9890843e-09
600000,4,52,0,-9.312565e-13,5.9376504e-11,5.6381475e-12,6.5656573e-15,7.89638e-15,3.2432588e-09
600000,50,448,0,-1.600799e-12,1.4224034e-10,5.9416464e-15,4.6966416e-22,5.7911315e-12,3.1493117e-09
600000,232,480,0,-6.152464e-13,3.5870928e-11,8.043553e-23,4.84517e-40,1.0610742e-14,3.2207428e-09
600000,491,459,0,-8.2011893e-13,4.44046e-11,6.673045e-11,3.6428326e-12,4.801542e-13,3.328711e-09
600000,289,35,0,-3.1693745e-13,4.2391767e-11,2.8526346e-13,2.368358e-18,6.7270663e-16,3.1845153e-09
600000,376,56,0,-9.750397e-13,2.93371e-11,9.763603e-13,3.3814005e-17,4.8153568e-17,3.1821055e-09
600000,163,308,0,-1.04581023e-13,1.5188155e-13,2.4383922e-18,3.715814e-30,1.5435518e-35,2.9922933e-09
600000,65,248,0,-5.345497e-14,2.8370763e-13,5.613003e-16,3.4878704e-24,3.9364413e-30,3.052177e-09
600000,384,341,0,-3.3106487e-13,9.627886e-12,1.3363423e-12,1.3937303e-17,1.4277132e-21,7.089208e-11
600000,434,7,0,-7.6537913e-13,3.8148176e-11,3.0251957e-13,7.8161573e-19,2.5324815e-11,3.173121e-09
600000,396,19,0,-7.3589756e-13,4.7295286e-11,6.9411046e-11,8.0169676e-13,2.358395e-13,3.4345782e-09
600000,129,140,0,6.679151e-10,4.833149e-11,1.6173222e-29,0.0,1.0218829e-14,3.0929297e-09
600000,216,317,0,-3.2037258e-13,3.0680788e-12,6.53002e-39,0.0,6.7302155e-26,3.1393224e-09
600000,471,32,0,-1.3766091e-12,4.50396e-11,2.4364804e-11,1.6377471e-13,2.3778923e-15,3.1949567e-09
600000,78,424,0,-1.0164376e-12,5.7368325e-11,5.528366e-13,3.1360357e-18,3.094561e-10,3.0812728e-09
600000,76,448,0,-1.2473766e-12,2.8529226e-11,2.2346417e-12,1.39394e-16,1.2931784e-19,3.2728542e-09
600000,173,4,0,-7.2344767e-13,4.8787613e-11,2.7349447e-15,3.255929e-20,1.9090675e-12,3.1949101e-09
600000,476,378,0,-1.2738127e-12,9.1897864e-11,3.457557e-19,3.5161305e-31,1.7272504e-12,3.051783e-09
600000,270,241,0,-9.029565e-17,8.487794e-27,3.9e-44,0.0,0.0,2.9889589e-09
600000,375,15,0,-7.1958905e-13,3.516491e-11,1.317131e-12,2.0034194e-17,2.2086493e-12,3.210362e-09
600000,84,475,0,-1.3454229e-12,5.932425e-11,3.0486207e-13,3.3805145e-19,8.733468e-15,3.056541e-09
600000,163,459,0,-4.1991494e-13,1.528667e-11,6.617191e-11,2.9764427e-12,3.4623555e-13,3.0679348e-09
600000,26,330,0,-6.3074865e-13,4.3153574e-11,1.496458e-13,3.171032e-18,9.77357e-13,3.068718e-09
600000,248,441,0,-3.252645e-13,1.3791438e-12,3.053362e-11,1.9412346e-13,5.160821e-15,3.124919e-09
600000,40,455,0,-1.7821664e-12,1.2498917e-10,2.325875e-11,3.6138352e-14,3.0119504e-10,3.1336505e-09
600000,133,374,0,-3.853742e-13,1.5527161e-11,1.3614243e-12,3.196534e-17,8.4202834e-21,2.9938e-09
600000,448,84,0,-1.2866551e-12,6.559969e-11,2.2262964e-16,1.4618107e-26,2.4295255e-13,3.0660197e-09
600000,103,232,0,-6.529687e-14,1.9874346e-14,3.0316754e-19,7.1098086e-33,9.2e-44,3.1435758e-09
600000,497,154,0,-5.5921516e-13,1.7617125e-11,1.392198e-13,2.4799565e-19,4.3252856e-16,3.1898026e-09
600000,432,62,0,-8.9031517e-13,4.0716756e-11,1.8116292e-14,4.417481e-22,5.234194e-14,3.3775711e-09
600000,104,183,0,-3.8175005e-13,4.6871312e-11,8.673371e-17,1.5627294e-26,2.7672358e-13,5.4658174e-11
600000,224,216,0,-1.1448688e-13,4.9176586e-13,0.0,0.0,3.244961e-27,2.0996807e-17
600000,364,171,0,-4.8219295e-13,1.2093927e-11,1.6811528e-21,2.7134185e-37,1.1054471e-19,2.7828772e-11
600000,92,270,0,-1.1253176e-11,2.2797224e-09,3.4697958e-13,1.3743078e-18,4.1188084e-09,6.457926e-11
600000,177,388,0,-3.1935205e-13,7.965932e-12,3.4638986e-23,7.2839824e-34,4.5308176e-23,6.807882e-11
600000,342,278,0,-7.677012e-13,5.092746e-12,0.0,0.0,6.928951e-20,5.4005474e-11
600000,145,158,0,2.1246881e-11,2.6437623e-11,1.7293862e-18,8.5339683e-29,2.5620563e-09,3.8527518e-11
600000,124,313,0,-2.3645262e-13,3.5637905e-12,4.288307e-17,9.318491e-27,1.8188084e-25,4.9285062e-11
600000,243,310,0,-1.8559813e-14,3.8622814e-15,1.8605981e-36,0.0,0.0,3.2804197e-15
600000,63,70,0,-4.6495327e-13,1.0289343e-11,1.9454995e-17,8.384438e-28,6.97573e-20,2.2443244e-10
600000,277,205,0,-9.0650686e-14,3.5088425e-11,9.257218e-13,5.1614823e-17,1.8728623e-11,1.015757e-25
600000,305,454,0,-2.512987e-13,9.5214826e-12,3.4648416e-15,6.2476244e-23,3.9017722e-20,1.9573403e-10
600000,287,264,0,-1.9038285e-14,1.8488586e-14,2.6869746e-26,4.7938e-41,1.13167e-40,6.6708325e-15
600000,277,222,0,-1.18043714e-14,3.4740183e-16,4.597956e-22,1.2868603e-36,4.9e-44,2.6655622e-17
600000,475,81,0,-1.5272644e-12,9.0143205e-11,2.0503442e-13,1.5254701e-19,4.762922e-16,1.9068343e-10
600000,278,172,0,-5.278727e-14,5.7535254e-13,1.6442116e-31,0.0,6.592499e-31,8.684845e-19
600000,304,365,0,-1.2572009e-13,6.511053e-13,8.9764435e-15,1.2463392e-21,1.3512791e-26,1.8350729e-11
600000,293,34,0,-5.414906e-13,3.6799837e-11,1.4548719e-11,1.49774e-14,1.0166375e-16,3.1528387e-09
600000,128,278,0,-6.211783e-14,1.2013026e-13,3.171491e-27,7e-45,4.9044503e-34,3.053327e-09
600000,371,436,0,4.3251257e-11,1.5145695e-11,3.4841374e-09,7.19254e-10,1.1532671e-09,1.3527346e-10
600000,129,4,0,-6.3417793e-13,5.3733246e-12,1.6605425e-12,9.5319324e-17,1.1513911e-19,3.4053016e-09
600000,466,58,0,-1.1702475e-12,6.4236234e-11,1.7761594e-12,3.710273e-17,1.1698456e-13,3.2688867e-09
600000,438,310,0,-5.8450705e-13,5.1687436e-11,1.3851387e-10,2.267088e-11,9.492672e-12,5.2748573e-11
600000,225,32,0,-8.2448864e-13,2.778215e-11,1.7226928e-11,1.6343082e-13,6.638657e-15,3.1754295e-09
600000,447,31,0,-1.1051246e-12,4.7183077e-11,1.8324795e-11,1.7801761e-13,7.5738645e-15,3.1818308e-09
600000,286,366,0,-8.1562505e-15,5.696201e-17,8.063626e-14,5.4520824e-19,1.0716136e-22,2.9950193e-09
600000,32,145,0,-1.0462812e-12,5.5773403e-11,2.9993054e-12,4.8076187e-16,3.7205976e-14,3.067388e-09
600000,51,287,0,-1.9842877e-13,1.1698872e-12,4.858746e-11,4.556253e-12,7.748317e-13,3.0455805e-09
600000,414,256,0,-1.4642268e-13,3.1098835e-11,1.2746133e-11,1.559929e-14,5.5221552e-17,3.0278455e-09
600000,63,29,0,-1.4734633e-12,8.1986425e-11,2.3282492e-11,3.393576e-14,1.0312309e-11,3.483747e-09
600000,489,423,0,-1.2511497e-12,9.350503e-11,9.897622e-11,5.304967e-11,1.071679e-10,2.0721287e-10
600000,125,113,0,3.783084e-12,3.8016347e-11,3.7013628e-23,1.4372474e-36,3.8513077e-14,2.6391203e-11
600000,268,123,0,-5.785481e-13,5.035766e-11,4.8290524e-16,1.5387665e-24,1.8281073e-16,3.0724139e-09
600000,386,27,0,-8.0637125e-13,2.561487e-11,6.062077e-14,1.1919576e-20,6.11778e-15,1.0051913e-10
600000,255,490,0,-4.9418965e-13,3.264491e-11,2.7140783e-12,4.791655e-16,1.2143856e-13,1.2277922e-10
600000,474,72,0,-1.4139957e-12,7.13752e-11,5.3890732e-11,1.0587418e-11,5.6826362e-12,3.2347827e-09
600000,459,115,0,-1.1395995e-12,5.1383942e-11,1.2830297e-12,3.096545e-17,8.794988e-16,3.2119707e-09
600000,392,284,0,-3.0965166e-13,7.883486e-12,7.3190845e-32,0.0,5.9743883e-21,5.843618e-13
600000,0,20,0,-6.7233254e-14,1.24118e-11,3.2145447e-12,2.143869e-15,2.9982046e-14,2.7534077e-09
600000,189,54,0,-5.9121897e-13,3.193937e-11,2.2283802e-12,1.05771135e-16,1.574693e-16,3.0290532e-09
600000,497,215,0,-4.387254e-13,3.6306087e-11,4.253685e-12,3.9199613e-16,1.7385752e-16,3.030969e-09
600000,381,97,0,3.457235e-12,1.1399904e-11,4.814054e-16,4.5707125e-26,7.7447346e-21,3.1117282e-09
600000,205,469,0,-7.29805e-13,2.7051873e-11,3.500893e-13,3.470463e-19,3.2360407e-16,3.0647322e-09
600000,70,395,0,1.2866632e-11,3.1197948e-12,4.4634785e-11,4.4509025e-13,6.492887e-14,3.044965e-09
600000,443,483,0,-1.0005856e-12,5.5227035e-11,1.06688845e-10,1.6837715e-11,7.827648e-12,2.6209562e-10
600000,133,1,0,-5.8241584e-13,2.0021454e-12,1.8345958e-14,1.96362e-21,1.533092e-26,3.1455525e-09
600000,426,414,0,-1.3589745e-12,6.508607e-11,7.522466e-11,1.9554863e-11,5.4538086e-11,9.44365e-11
600000,3,431,0,-1.3123441e-12,1.4560649e-10,1.01717385e-11,8.036819e-15,9.384618e-12,3.3641891e-09
600000,413,86,0,3.1525716e-11,9.086884e-11,6.073436e-11,3.0880918e-13,2.2067913e-10,3.1999814e-09
600000,454,297,0,-4.704629e-13,2.9848807e-11,7.112324e-15,8.489164e-22,1.4280994e-14,3.1450054e-09
600000,217,73,0,-6.5780806e-13,3.3045556e-11,2.8501033e-23,6.966423e-37,1.806842e-12,3.0732201e-09
600000,452,416,0,-1.1506427e-12,4.5175128e-11,3.26374e-11,4.5621335e-13,9.479963e-13,3.2984482e-09
600000,423,280,0,-3.166461e-13,4.26608e-12,3.8530905e-21,7.410667e-37,4.5937176e-26,1.6268278e-10
600000,271,67,0,6.4548575e-11,5.0569115e-12,6.180197e-14,3.5751615e-20,3.058778e-25,1.3835588e-10
600000,258,46,0,-4.948196e-13,7.443001e-11,3.2909195e-14,3.0835326e-21,1.4596252e-12,3.2162009e-09
600000,187,19,0,-8.575749e-13,6.6243726e-11,9.61569e-11,1.9621253e-11,4.5610828e-11,3.1250031e-09
600000,420,20,0,-6.937653e-13,2.7446604e-11,2.0517312e-11,1.9311567e-13,2.8948384e-12,3.1487153e-09
600000,2,174,0,-7.255956e-13,4.147924e-11,4.0686363e-22,4.908542e-37,2.4414735e-16,3.3072005e-09
600000,460,71,0,-1.3217114e-12,8.7688745e-11,6.8250228e-12,7.154188e-15,7.133836e-14,3.301e-10
600000,493,181,0,-2.6429567e-13,4.6400414e-12,2.4504168e-14,2.8069092e-21,1.0539716e-21,3.025279e-09
600000,66,268,0,-9.0936915e-14,8.9325655e-14,1.7198559e-11,1.0150758e-14,2.8187417e-17,3.0969414e-09
600000,71,400,0,5.2368552e-12,1.6453705e-11,1.554172e-11,7.5426746e-14,1.013875e-15,3.1253942e-09
600000,90,71,0,-6.380547e-13,2.7554091e-11,3.488717e-09,7.1932765e-10,1.1532683e-09,2.8466754e-10
600000,120,112,0,1.8625028e-12,2.9272754e-11,4.3673986e-24,1.575e-42,2.5377393e-14,3.0757012e-09
600000,471,85,0,-1.6203519e-12,1.3220806e-10,3.67962e-11,1.4815266e-12,1.9086597e-11,1.5902663e-10
600000,75,105,0,-6.8194566e-13,4.5725902e-11,1.0301872e-12,3.3356138e-17,1.0533886e-12,2.1685567e-10
600000,415,318,0,-2.336409e-13,9.375621e-12,1.3224068e-12,1.7499563e-17,6.2516706e-18,3.2467105e-09
600000,75,130,0,-8.6802814e-13,2.5220468e-11,1.7361342e-11,1.853561e-13,8.061389e-15,3.1136473e-09
600000,271,465,0,-4.471908e-13,1.7347556e-11,2.5966465e-16,6.3909424e-26,5.0096667e-21,3.0307736e-09
600000,63,458,0,-1.4614639e-12,4.072947e-11,2.2953882e-11,1.3126677e-13,3.1246266e-11,1.4421764e-10
600000,35,343,0,-6.247643e-13,3.613901e-11,7.020183e-11,1.946265e-12,2.0743417e-13,3.0359988e-09
600000,371,324,0,-4.7806203e-13,2.1295785e-11,7.827964e-13,1.3954726e-17,3.6858007e-17,3.028544e-09
600000,100,368,0,4.2941525e-11,5.744182e-11,1.243423e-18,4.603101e-31,4.3232528e-15,2.9888472e-09
600000,483,101,0,-1.1025419e-12,4.4091373e-11,9.970151e-11,5.3049672e-11,7.598749e-11,3.2311271e-09
600000,341,470,0,-7.373083e-13,4.8506258e-11,1.8663356e-11,2.6872205e-14,1.3305673e-14,3.0656813e-09
600000,445,361,0,-6.8930083e-13,5.3714734e-11,1.1186056e-14,1.1792527e-20,2.2006726e-11,3.3762202e-09
600000,340,429,0,-1.0774666e-13,2.5400222e-11,2.2582037e-18,1.48038815e-30,2.857752e-10,3.0214706e-09
600000,99,431,0,-1.0633449e-12,3.435091e-11,4.916606e-11,1.7715005e-12,2.8367198e-13,3.0552278e-09
600000,202,51,0,-7.7787245e-13,4.2300545e-11,9.1620947e-17,3.6217775e-27,2.8262398e-11,2.0804332e-11
600000,44,174,0,-6.5033737e-13,4.2316473e-11,5.2986544e-15,1.2155337e-23,1.4187807e-11,3.1523024e-09
600000,111,474,0,-1.2164997e-12,1.0533893e-10,8.041253e-11,5.22948e-12,1.4345443e-12,3.1934322e-09
600000,25,22,0,-1.8270773e-12,1.3087942e-10,2.526611e-11,1.554025e-13,2.0058451e-12,3.2233576e-09
600000,22,26,0,-1.8717482e-12,1.5331386e-10,8.3853514e-11,6.1114312e-12,2.959226e-10,3.4399283e-09
600000,111,73,0,-5.657898e-13,2.5449363e-11,3.4626064e-09,7.191878e-10,1.1534074e-09,4.92587e-11
600000,408,303,0,-2.5491683e-13,1.816468e-11,6.7029017e-12,6.642213e-15,2.8220908e-17,1.9471069e-11
600000,194,422,0,-5.043173e-13,5.5031483e-11,4.5849266e-12,4.0928336e-15,1.3558718e-11,2.8301254e-11
600000,36,41,0,-1.4143102e-12,6.528784e-11,1.7425458e-10,7.394684e-12,1.6371221e-12,3.1871348e-09
600000,118,61,0,-8.8462863e-13,1.0155985e-10,9.066344e-12,6.7569046e-15,2.8482277e-09,3.0252456e-09
600000,481,81,0,-1.3195209e-12,7.0262865e-11,3.682005e-12,4.870432e-16,5.602862e-12,3.1747984e-09
600000,32,158,0,-8.151676e-13,5.4985464e-11,6.7261294e-11,9.189458e-13,9.871422e-14,1.340434e-10
600000,183,32,0,-6.9245597e-13,4.1835573e-11,3.4800925e-13,1.0590483e-18,6.0939006e-14,3.0885297e-09
600000,475,280,0,-6.7267123e-13,5.4037105e-11,2.805987e-13,1.339883e-19,2.4570762e-10,3.2406895e-09
600000,278,401,0,1.8524299e-12,1.2183445e-12,7.691868e-11,1.9378554e-11,9.5922124e-12,3.0019742e-09
600000,475,471,0,-1.4627629e-12,7.784193e-11,2.3426344e-11,1.1637663e-13,1.4639115e-15,3.3933614e-09
600000,349,490,0,-2.615366e-13,8.503302e-12,1.6760949e-11,1.2878647e-13,4.657265e-15,3.1797052e-09
600000,11,340,0,-9.912708e-13,7.7897085e-11,1.1079512e-12,1.1020913e-16,8.994285e-12,1.1659501e-10
600000,65,255,0,-5.044204e-14,6.4761645e-14,4.4168743e-14,2.9916457e-20,5.749777e-25,3.0805283e-09
600000,295,86,0,5.4851908e-11,3.737287e-11,5.425457e-12,6.0114585e-15,6.126086e-17,3.1042544e-09
600000,214,400,0,1.1240621e-12,3.1703692e-11,5.467825e-13,5.843772e-18,2.7304974e-09,3.0468126e-09
600000,458,57,0,-1.0103376e-12,3.120545e-11,5.3601342e-11,1.0624342e-11,5.826408e-12,3.1479712e-09
600000,369,462,0,-4.135964e-13,3.0925137e-11,3.1896562e-11,4.795141e-13,3.514271e-14,3.032012e-09
600000,103,68,0,-6.2278584e-13,3.3093014e-11,1.3739422e-14,1.5420773e-22,4.249483e-15,3.2164877e-09
600000,461,292,0,-5.012038e-13,1.9774498e-11,2.6106134e-15,3.2781993e-24,1.1942612e-18,3.1568264e-09
600000,496,455,0,-3.9925244e-13,3.9200546e-11,1.1636149e-10,5.981269e-12,2.9765373e-10,3.143538e-09
600000,46,21,0,-1.1169996e-12,1.31016665e-11,2.4616126e-14,5.9949577e-22,3.309403e-22,3.0777265e-09
600000,225,450,0,-4.609984e-13,1.7900998e-11,1.1895243e-12,1.3127579e-16,6.7282146e-16,3.0657146e-09
600000,242,66,0,-6.2776504e-13,2.0819582e-11,1.052225e-11,8.731032e-15,4.615701e-16,9.418536e-11
600000,368,304,0,-2.2092282e-13,2.3437169e-13,5.1457385e-27,1e-45,3.014293e-37,4.659912e-13
600000,57,375,0,5.8897613e-12,2.2145166e-11,8.825403e-11,5.0761763e-11,1.2259621e-10,4.2357815e-11
600000,416,133,0,3.098833e-12,5.2885845e-11,1.1759466e-11,2.2821099e-14,5.856658e-14,1.4365897e-10
600000,163,321,0,-3.5798382e-13,5.974935e-11,4.3539347e-26,0.0,1.2673832e-11,9.1240446e-11
600000,213,265,0,-2.193357e-15,6.822793e-20,0.0,0.0,0.0,7.933403e-13
600000,170,283,0,-6.4151247e-15,3.448715e-17,8.788914e-24,3.5617e-41,0.0,2.194761e-11
600000,96,246,0,-1.1741554e-12,1.6741003e-10,4.0000208e-22,4.370179e-39,2.1786663e-11,8.7854245e-11
600000,194,121,0,-3.248008e-13,1.565901e-11,5.228019e-13,2.7660252e-18,2.4290767e-18,4.340924e-11
600000,395,352,0,-4.1496754e-13,1.566362e-11,1.2274171e-14,3.041188e-22,1.15283645e-20,1.455883e-10
600000,376,226,0,-3.9382538e-13,3.0125954e-11,4.1061345e-17,4.1277997e-26,7.2259246e-15,1.6894142e-10
600000,152,395,0,-3.109351e-13,6.702803e-12,3.657329e-12,6.014982e-16,5.3367444e-19,1.0111146e-10
600000,417,242,0,1.2078502e-11,6.85115e-12,4.1334696e-11,1.563971e-12,2.2802815e-13,9.293358e-11
600000,442,77,0,-1.0918666e-12,1.06645116e-10,2.5951558e-17,3.0019078e-28,1.9822147e-12,3.0451258e-10
600000,149,382,0,-2.4954995e-13,2.9840308e-12,1.1559324e-15,1.1402237e-23,6.569058e-27,9.743843e-12
600000,331,416,0,-1.6330471e-13,6.66974e-12,1.4195709e-20,4.009358e-30,1.292674e-20,6.362039e-11
600000,109,61,0,-7.6022023e-13,2.4081634e-11,6.528005e-13,2.2043805e-18,3.0159757e-16,6.845293e-11
600000,53,329,0,-4.730454e-13,1.6728199e-11,1.0198118e-10,5.3595448e-11,7.4896936e-11,9.3716306e-11
600000,238,111,0,-9.143002e-13,6.9843076e-11,2.0668564e-25,1.4e-44,2.4565291e-10,5.767814e-12
600000,109,396,0,1.2902914e-12,2.743657e-11,3.7744012e-14,3.538328e-20,8.797373e-14,6.681197e-11
600000,285,107,0,4.6782326e-13,1.160507e-11,2.5147027e-19,3.1509517e-32,1.8159077e-19,2.7001346e-11
600000,402,196,0,2.238276e-12,2.7178744e-11,9.6678435e-15,1.3842872e-21,5.0887083e-14,7.853911e-11
600000,351,137,0,-3.7755319e-13,1.8055913e-11,2.8075796e-20,4.273976e-34,1.5349557e-13,1.0093362e-10
600000,6,426,0,-1.1347646e-12,6.0547525e-11,1.5808857e-12,4.0367585e-17,1.2958582e-13,2.1687278e-10
600000,496,294,0,-6.0163354e-13,1.1733193e-11,5.207951e-15,1.626848e-23,2.2762133e-20,8.415176e-11
600000,43,367,0,-4.828736e-13,1.0598532e-11,2.0346317e-11,4.898908e-14,9.324466e-16,1.04966036e-10
600000,161,475,0,-5.45442e-13,2.0683339e-11,1.5028284e-13,1.0703577e-19,1.3039873e-17,4.7967663e-10
600000,127,471,0,-8.255433e-13,6.579546e-11,1.3171562e-12,2.0034194e-17,1.935965e-11,5.8331034e-10
600000,19,133,0,-8.760117e-13,3.2016705e-11,9.9181033e-17,1.1484142e-27,9.01156e-18,1.8975155e-10
600000,38,212,0,-5.2253135e-13,1.786038e-11,6.589039e-11,1.9767365e-11,1.129253e-11,2.8414443e-10
600000,182,478,0,-7.472375e-13,4.5896523e-11,1.137459e-16,1.3853649e-26,3.0092015e-10,3.2989825e-10
600000,472,142,0,-8.768602e-13,1.0196482e-10,2.515408e-15,5.8035956e-24,2.883005e-09,2.8654742e-10
600000,2,216,0,-3.151043e-13,5.0246153e-12,3.6929543e-11,6.2938955e-13,5.313464e-14,3.4973213e-10
600000,129,492,0,-8.449952e-13,2.1878076e-11,1.7412717e-11,2.0034205e-13,9.121947e-15,2.2443919e-10
600000,18,438,0,-1.3544218e-12,7.276153e-11,6.9661145e-11,1.00029976e-11,5.522459e-12,2.1237509e-10
600000,75,496,0,-1.4013591e-12,8.2156414e-11,3.4619436e-18,5.8526513e-29,6.651117e-16,1.3123662e-10
600000,88,25,0,-1.2761784e-12,5.32999e-11,1.3527922e-11,5.1249292e-15,2.8801207e-14,2.5366034e-11
600000,41,107,0,-8.279399e-13,4.3808318e-11,1.04061406e-16,1.4638027e-26,5.4696112e-14,1.0274383e-10
600000,426,479,0,-8.4127095e-13,3.5036907e-11,1.7026047e-11,8.4335405e-14,6.804345e-15,1.2483055e-10
600000,345,458,0,-6.756745e-13,1.9593103e-11,1.5751701e-13,5.665238e-20,1.2107397e-19,5.568165e-10
600000,287,488,0,-5.303635e-13,2.3483531e-11,3.8225618e-17,7.7525384e-25,3.978964e-16,2.6881136e-11
600000,28,461,0,-2.0552485e-12,1.1043853e-10,6.6088506e-14,1.03768475e-20,2.606324e-10,1.851326e-10
600000,452,45,0,-1.0252915e-12,5.583219e-11,2.8872642e-12,7.1468426e-16,5.8579164e-15,1.0182986e-10
600000,74,477,0,-1.5743214e-12,1.7404123e-10,7.0271827e-12,3.00593e-15,4.5462033e-11,3.4986208e-10
600000,45,465,0,-2.1372006e-12,1.9790788e-10,2.107025e-11,1.5361649e-14,2.3171929e-12,2.1720886e-10
600000,320,6,0,-4.758041e-13,1.7023183e-11,1.4038623e-12,3.3023826e-17,7.2569065e-17,1.7352987e-10
600000,476,22,0,-1.3067064e-12,4.489416e-11,6.312961e-11,1.0090949e-11,5.465893e-12,1.3869066e-10
600000,197,6,0,-1.505788e-12,8.5284856e-11,3.0033833e-11,1.2168048e-13,3.886201e-15,1.3790695e-10
600000,6,257,0,-7.841687e-13,4.0229958e-11,1.8033719e-11,1.5279124e-14,1.01339234e-16,1.4775901e-10
600000,3,366,0,-1.1291888e-12,8.015537e-11,3.3653705e-11,1.6614201e-12,7.1812806e-11,1.13964616e-10
600000,422,19,0,-7.0409607e-13,2.7743242e-11,4.9683178e-11,4.4731124e-12,7.425492e-13,5.334654e-10
600000,455,8,0,-1.1765474e-12,5.0951722e-11,3.5039608e-12,3.017266e-16,3.0945443e-10,2.5626623e-10
600000,197,481,0,-8.421429e-13,3.413597e-11,6.6536624e-16,3.5525168e-23,3.6361666e-16,1.01133775e-10
600000,195,480,0,-8.7478906e-13,4.7808174e-11,7.9042563e-16,1.1007582e-24,2.747753e-16,1.284173e-10
600000,413,15,0,-6.202557e-13,8.143092e-12,2.342695e-13,7.1348727e-19,4.1368535e-23,3.6113545e-10
600000,8,379,0,-1.2795323e-12,7.891358e-11,3.78024e-15,8.9898226e-24,1.8490182e-14,2.0996976e-10
600000,253,39,0,-7.517974e-13,2.5766247e-11,3.863456e-14,1.7372804e-19,1.0642517e-14,1.3088328e-10
600000,137,483,0,-6.807888e-13,3.040806e-11,6.504053e-14,3.1518237e-21,4.3368496e-11,2.3800973e-11
600000,385,484,0,-8.588013e-13,4.8446493e-11,3.2113216e-12,1.3714766e-16,1.3257499e-14,1.03396784e-10
600000,17,409,0,-6.995358e-13,2.3941009e-11,1.40111455e-11,2.2956023e-14,3.7085974e-16,3.792039e-10
600000,16,496,0,-2.4786015e-12,1.6649113e-10,3.2231634e-11,5.512042e-13,6.381907e-12,2.1348046e-10
600000,469,146,0,-7.867698e-13,4.8109707e-11,2.3780628e-14,2.0652592e-21,1.4464458e-12,1.5391174e-10
600000,471,396,0,-1.1836576e-12,4.8786856e-11,8.20618e-12,2.3092012e-14,4.614806e-15,2.1181307e-10
600000,38,254,0,-1.4150726e-13,5.9893746e-13,2.226008e-16,2.0916751e-23,2.1243855e-28,3.3578557e-10
600000,96,45,0,-8.1083735e-13,3.0613602e-11,4.0566507e-16,7.8327015e-25,2.8126087e-15,4.9335724e-10
600000,492,158,0,-4.829912e-13,2.3032206e-11,3.181348e-17,1.4191374e-28,2.355811e-15,1.06276474e-10
600000,115,9,0,-1.1805834e-12,3.3836198e-11,1.1145379e-13,2.1769865e-20,1.601587e-16,3.3557512e-10
600000,11,474,0,-2.1228802e-12,7.9187934e-11,2.6865347e-11,8.4611144e-14,4.128528e-15,2.5795283e-10
600000,60,47,0,-1.0652077e-12,7.4437546e-11,1.6625275e-14,4.7016877e-22,2.8334501e-10,1.2303836e-10
600000,382,39,0,-9.43353e-13,3.322852e-11,9.6299975e-11,1.812809e-11,7.363492e-12,1.6463855e-10
600000,454,151,0,-2.8641648e-13,2.220391e-11,6.403081e-12,3.392182e-15,5.318463e-17,1.5280414e-10
600000,344,484,0,-3.8286233e-13,4.2459708e-12,2.7374976e-15,2.0099012e-24,8.179244e-25,9.322031e-11
600000,262,12,0,-4.4734689e-13,9.3937e-12,1.5423472e-12,1.4195962e-16,1.1629742e-19,1.552091e-10
600000,9,288,0,-2.5374294e-13,5.0293203e-12,1.4847918e-12,2.7346862e-17,1.3744761e-20,1.199665e-10
600000,137,13,0,-8.1016416e-13,3.1025866e-11,1.6188353e-17,1.5975575e-27,2.0293899e-11,1.5746629e-10
600000,6,161,0,-6.3931564e-13,2.6740237e-11,1.2037072e-14,4.6142453e-21,7.832685e-15,1.7120341e-10
600000,477,9,0,-1.2476127e-12,7.187844e-11,6.5283647e-12,4.4419805e-15,3.0247076e-14,2.690949e-10
600000,481,49,0,-1.4578588e-12,8.678438e-11,2.2132268e-11,1.8822819e-14,1.5196202e-11,2.915545e-10
600000,351,457,0,-5.784014e-13,3.080163e-11,9.6282903e-17,6.457317e-28,1.893129e-15,3.9845027e-10
600000,437,492,0,-6.7988405e-13,2.3947498e-11,1.1009052e-12,1.1405242e-17,1.6268019e-17,1.4660989e-10
600000,376,461,0,-4.0401517e-13,3.6697177e-11,3.9887657e-13,9.87705e-19,1.0253477e-16,9.900633e-11
600000,22,432,0,-8.9065533e-13,2.2600779e-11,2.9191283e-12,6.8772034e-16,1.5977897e-17,2.059231e-10
600000,46,125,0,-1.0832172e-12,6.2242954e-11,1.824003e-12,3.3441992e-17,4.2463897e-11,5.0881604e-10
600000,355,39,0,-9.561602e-13,4.1632895e-11,3.4986872e-12,3.6627317e-16,4.118926e-17,8.916853e-11
600000,496,173,0,-2.5858268e-13,8.859349e-12,1.29611964e-17,1.7918031e-28,4.1188647e-19,3.1186828e-10
600000,33,494,0,-1.8288294e-12,7.953063e-11,6.5902323e-12,5.690619e-15,7.3398785e-15,2.4172117e-10
600000,483,210,0,-2.4555268e-13,3.1299024e-12,1.0208651e-12,9.176761e-17,9.390733e-20,2.3037575e-10
600000,229,33,0,-7.3626164e-13,2.397884e-11,6.696812e-12,2.2943008e-15,2.0681048e-14,3.1717867e-10
600000,383,21,0,-7.8394203e-13,3.3985394e-11,3.0931923e-16,9.826279e-26,9.41021e-14,4.1023174e-11
600000,367,43,0,-1.1468313e-12,9.72393e-11,1.5936345e-12,2.9566555e-17,4.032426e-11,1.5365315e-10
600000,15,344,0,-9.734838e-13,7.506386e-11,1.0053643e-10,1.2754152e-12,9.929044e-13,1.7305471e-10
600000,315,497,0,-2.889211e-13,5.850552e-12,7.4993666e-16,5.728864e-25,2.338352e-22,1.313525e-10
600000,47,358,0,-3.5203483e-13,1.9534773e-11,9.0786496e-14,2.6141481e-20,2.812583e-15,1.7151014e-10
600000,69,6,0,-1.0945881e-12,3.4461965e-11,1.1759442e-11,2.2821099e-14,2.6507455e-12,3.384227e-11
600000,434,477,0,-9.785859e-13,3.660945e-11,4.167036e-11,3.9407052e-13,1.2337509e-14,1.8312661e-10
600000,485,24,0,-1.3947489e-12,6.911625e-11,4.9726767e-15,8.863271e-23,4.2043158e-14,4.2818563e-10
600000,348,6,0,-6.477183e-13,3.3792812e-11,5.1993216e-15,6.977617e-22,3.468774e-17,1.7987793e-10
600000,163,25,0,-5.098548e-13,2.7414675e-11,1.9035493e-14,2.8767309e-22,2.0338668e-16,1.3502809e-10
600000,452,476,0,-1.2086636e-12,7.3521765e-11,5.2361285e-11,9.553962e-13,5.1134383e-14,3.8677814e-10
600000,43,432,0,-9.789298e-13,4.150116e-11,2.2709078e-11,1.4702557e-13,9.039665e-14,3.86901e-10
600000,4,290,0,-2.5680705e-13,5.7599906e-12,3.0540286e-12,8.8233945e-16,1.9300423e-18,2.6119004e-10
600000,165,474,0,-4.8184465e-13,7.67228e-12,7.6495516e-13,6.063544e-18,9.932904e-22,2.7869784e-10
600000,11,70,0,-1.2434132e-12,6.633478e-11,2.2442924e-12,3.2101093e-16,1.3675183e-13,1.7014191e-10
600000,461,112,0,-1.1113869e-12,6.850705e-11,7.689132e-12,2.0055112e-15,6.0408556e-10,8.6956026e-11
600000,458,496,0,-2.9634487e-13,3.4411307e-11,1.0673943e-10,4.7594036e-11,1.2908392e-10,2.1731453e-10
600000,46,429,0,-1.0028084e-12,6.5394044e-11,1.715808e-11,2.1685299e-14,1.7317486e-11,1.561709e-10
600000,149,477,0,-6.7562996e-13,5.137581e-11,4.0304206e-18,7.4901033e-28,3.0316927e-10,2.549962e-10
600000,45,466,0,-2.148835e-12,2.02176e-10,3.904353e-11,1.6173781e-13,1.853202e-11,2.2060638e-10
600000,100,452,0,-1.1619733e-12,2.3891028e-11,4.909916e-12,1.2658554e-15,4.3332892e-17,1.6213596e-11
600000,391,29,0,-8.1148944e-13,3.7894465e-11,2.742509e-12,1.4976023e-16,1.1807628e-15,1.3295032e-10
600000,169,468,0,-4.2643235e-13,2.591872e-12,9.445014e-11,6.582115e-12,1.7771311e-12,2.1975174e-10
600000,264,27,0,-5.421989e-13,2.790014e-11,4.3848147e-11,4.5606205e-13,2.5524264e-12,1.0062152e-10
600000,454,290,0,-5.038207e-13,1.9749589e-11,2.290509e-14,9.730048e-22,6.322065e-16,8.193459e-11
600000,271,30,0,-5.177675e-13,9.828162e-12,1.1370698e-13,2.4636194e-19,2.6083346e-18,2.2247187e-11
600000,491,315,0,-7.36533e-13,4.3093435e-11,1.06382405e-13,2.745872e-19,2.6527508e-12,1.4465501e-10
600000,496,114,0,-1.1608223e-12,7.103663e-11,1.0017211e-11,2.9713723e-15,3.9430147e-11,3.3756645e-10
600000,20,248,0,-4.4087512e-13,1.4841217e-11,1.2209124e-12,2.2432409e-17,5.5510697e-21,2.236411e-10
600000,58,22,0,-1.2974189e-12,5.8931644e-11,1.1587803e-11,1.9969767e-14,2.3064426e-14,3.35703e-10
600000,26,182,0,-4.920841e-13,1.3584743e-11,4.188689e-13,4.5801855e-18,3.1746117e-18,7.786071e-11
600000,29,23,0,-1.7322091e-12,1.0937002e-10,1.3289906e-12,8.764566e-18,3.167883e-14,1.3700485e-10
600000,156,32,0,-6.1084693e-13,2.2853252e-11,1.1922476e-10,5.607763e-11,7.0020746e-11,2.130913e-09
600000,64,471,0,-1.6088782e-12,7.389354e-11,5.2338607e-12,1.9901096e-15,2.83337e-12,9.082786e-11
600000,270,37,0,-4.0725485e-13,2.6823356e-11,1.0706015e-12,1.1390306e-17,5.5337254e-18,1.8276383e-10
