mcsteps,xCOM,yCOM,zCOM,il8,il1,il6,il10,tnf,tgf
730000,84,376,0,2.0609927e-09,4.5247337e-11,3.908448e-15,1.9313007e-24,5.5270332e-17,1.2922995e-10
730000,432,181,0,2.0618243e-09,3.5869537e-11,1.6039608e-12,1.855774e-16,1.2237191e-13,6.931848e-11
730000,409,105,0,2.0611712e-09,3.1274486e-11,1.1415208e-18,1.381137e-30,3.1329003e-10,8.412447e-11
730000,247,394,0,2.0611992e-09,1.1431858e-10,2.5868505e-14,8.126936e-22,1.1999529e-10,5.472534e-11
730000,132,141,0,2.0614737e-09,2.9978204e-11,3.964899e-26,2.933e-42,3.312578e-16,1.1220226e-10
730000,286,72,0,2.0613493e-09,3.538145e-11,1.3336683e-13,1.627122e-20,1.4215339e-14,2.6625788e-10
730000,365,385,0,2.0625412e-09,1.1524038e-11,1.609828e-13,9.016744e-19,4.1199778e-19,2.7570916e-11
730000,379,420,0,2.0624393e-09,3.083162e-11,2.872195e-13,1.7650676e-19,1.2301659e-14,1.1189691e-10
730000,426,219,0,2.1105186e-09,5.5804944e-12,1.5035092e-12,7.2302044e-17,1.2700509e-19,1.0762564e-10
730000,444,225,0,2.1097681e-09,2.14774e-11,3.2998142e-12,1.1131435e-15,6.5818323e-18,1.9821111e-10
730000,191,473,0,-8.4315237e-13,7.222189e-11,1.4735478e-13,4.8682817e-20,3.2687611e-12,2.8182828e-10
730000,451,141,0,-7.3205054e-13,3.19853e-11,1.6962742e-11,1.4984514e-14,2.4247594e-12,1.8772417e-10
730000,193,291,0,-3.1669283e-13,1.2012567e-10,9.283881e-22,4.260815e-39,1.12692e-10,6.492283e-12
730000,399,146,0,-3.0491202e-13,5.317489e-11,9.433759e-15,3.9318484e-23,5.0904224e-16,3.196009e-11
730000,358,95,0,-1.9968379e-13,2.2724134e-12,4.988909e-21,5.7901448e-36,4.1621482e-26,4.9790533e-11
730000,343,119,0,-3.9286714e-13,4.0433892e-11,7.586614e-14,2.1586391e-20,7.308704e-13,9.275724e-11
730000,483,416,0,-1.2226635e-12,6.534064e-11,3.3707702e-13,9.163008e-19,2.4403589e-11,7.7878465e-10
730000,196,392,0,-1.2966184e-13,1.477574e-11,4.3596265e-13,6.30655e-18,3.1313441e-12,7.654001e-11
730000,222,23,0,-8.3446206e-13,6.0577855e-11,5.4080216e-16,3.6292295e-25,3.497633e-14,1.1855013e-10
730000,334,175,0,-2.657248e-13,5.193116e-12,1.5767321e-12,4.948231e-17,6.529758e-21,1.01236144e-10
730000,36,46,0,-1.5070714e-12,6.697817e-11,6.495576e-11,1.0556516e-11,3.318573e-10,6.738387e-10
730000,352,385,0,1.3236051e-10,1.2509274e-11,1.3886377e-15,4.353276e-24,1.6417728e-15,7.041983e-12
730000,137,499,0,-6.9922524e-13,4.0195833e-11,4.508032e-16,6.5534936e-27,1.7645998e-12,5.807605e-11
730000,331,197,0,-1.37556e-13,1.3047506e-12,2.039188e-21,1.1422525e-38,1.9343148e-26,5.346614e-13
730000,229,253,0,-2.5851325e-15,5.71803e-20,0.0,0.0,0.0,1.4847774e-11
730000,489,269,0,-6.29904e-13,4.5634545e-11,7.726689e-12,2.7310053e-15,2.8441837e-12,3.2743522e-10
730000,132,359,0,-5.318831e-13,1.8762913e-11,3.055924e-13,1.3715538e-18,1.4491112e-19,1.2993924e-10
730000,320,240,0,-1.2116755e-13,3.3020654e-12,4.15238e-11,5.1946494e-12,1.0978915e-12,5.151728e-11
730000,209,60,0,-7.663413e-13,4.534673e-11,5.0798525e-16,8.367075e-25,1.329659e-15,1.8542977e-10
730000,286,315,0,-3.1691417e-13,2.6595183e-11,2.174572e-14,2.0592607e-21,1.2115982e-18,5.686712e-13
730000,223,271,0,-2.39942e-13,6.288348e-11,0.0,0.0,8.385261e-14,2.2907518e-11
730000,339,147,0,-3.353578e-13,1.0886505e-11,8.29932e-20,2.3870284e-34,4.0462938e-18,1.7845178e-11
730000,41,270,0,-1.5363172e-13,1.657717e-11,5.116703e-11,3.7783415e-11,1.370449e-10,2.0353894e-11
730000,241,312,0,-2.9595968e-14,1.2021525e-13,5.330177e-36,0.0,1.4662133e-38,9.058388e-14
730000,172,120,0,-3.802397e-13,4.3408385e-11,1.3526427e-16,4.398853e-27,1.1473698e-13,7.207938e-12
730000,495,294,0,-6.128352e-13,1.4966346e-11,2.8811805e-14,1.0851491e-21,7.2934014e-19,1.5315954e-10
730000,244,38,0,-6.4123755e-13,2.0065326e-11,9.091188e-11,1.83364e-11,7.705701e-12,1.2439108e-10
730000,413,75,0,4.7191023e-12,1.4856139e-11,1.15532e-12,3.9197955e-17,1.2098509e-16,3.1152572e-10
730000,46,40,0,-1.3480583e-12,7.5360114e-11,1.2207473e-11,4.4763374e-14,1.8258867e-15,1.3583339e-10
730000,139,358,0,-4.801153e-13,1.0590263e-11,4.0925117e-16,7.612252e-27,1.6502198e-19,1.11977726e-10
730000,1,407,0,-8.036774e-13,6.375377e-11,7.390214e-11,4.8216322e-12,3.301423e-11,4.7577475e-10
730000,407,120,0,9.2603876e-11,3.8844823e-11,1.65141e-16,7.2904927e-28,2.8862726e-12,1.4917924e-10
730000,447,42,0,-9.843462e-13,7.894761e-11,7.888664e-11,1.9850566e-11,1.27787095e-11,1.910965e-10
730000,102,304,0,-1.7881095e-13,1.0171885e-11,8.543215e-13,1.7464799e-17,5.614476e-14,7.100565e-11
730000,150,327,0,-3.980552e-13,2.267819e-11,2.5655411e-28,0.0,2.28649e-11,1.1574588e-11
730000,164,51,0,-6.454961e-13,3.4273643e-11,5.7922426e-12,1.3903852e-15,1.368742e-12,4.548285e-10
730000,74,24,0,-1.3105926e-12,7.472603e-11,5.098141e-11,1.9515155e-11,1.514389e-11,3.561846e-10
730000,84,328,0,-3.2795736e-13,1.53342e-11,1.8782346e-14,4.4208366e-22,1.1115163e-14,1.5823719e-10
730000,399,109,0,1.8924098e-10,2.300377e-11,1.446603e-14,8.998397e-22,2.3083258e-09,2.6619762e-10
730000,93,438,0,-1.0561218e-12,5.0847822e-11,2.2225503e-11,1.9903107e-13,2.3020268e-11,2.997669e-10
730000,58,38,0,-1.3160482e-12,6.777839e-11,1.6306257e-11,1.0941848e-13,1.9432646e-13,7.767769e-11
730000,34,400,0,-8.3277515e-13,2.4238013e-11,6.6691604e-12,1.1960103e-15,5.66567e-19,1.6761063e-10
730000,431,349,0,-3.8821013e-13,1.0476578e-11,9.803554e-14,3.597629e-19,1.0668818e-17,1.1551814e-10
730000,299,38,0,5.5609125e-13,5.184951e-11,1.3634792e-11,3.0887023e-14,3.124489e-11,2.5885583e-10
730000,458,237,0,5.3755746e-11,3.0514764e-11,9.419056e-15,3.6360172e-22,3.1313441e-12,3.3295927e-10
730000,473,30,0,-1.3273939e-12,4.959402e-11,9.731429e-12,3.474851e-14,1.1169782e-15,2.4651547e-10
730000,176,225,0,-1.494331e-14,9.58632e-17,1.3741126e-19,1.9703748e-32,1.583e-42,6.2852425e-11
730000,371,443,0,1.7512361e-11,4.6202233e-11,1.719333e-12,1.0428453e-17,2.5395987e-11,2.1255947e-10
730000,458,272,0,-6.009291e-13,3.1582834e-11,1.8930567e-11,2.4676628e-13,7.783867e-14,7.626529e-11
730000,93,424,0,-9.716341e-13,1.0806291e-10,2.2398123e-12,2.0520345e-16,1.5996303e-12,4.000924e-11
730000,383,208,0,-8.045649e-14,5.5529813e-12,1.9166582e-12,6.506818e-17,9.839572e-21,1.6536605e-10
730000,450,282,0,-5.057409e-13,2.4438078e-11,5.597943e-11,4.0026663e-11,9.026206e-11,9.632854e-11
730000,135,139,0,6.4105615e-10,2.47684e-11,2.5231292e-27,1.7e-44,2.1043677e-12,5.68777e-11
730000,433,172,0,2.4969385e-10,3.3654756e-11,4.1521023e-12,8.839254e-16,1.3377751e-16,1.05044334e-10
730000,18,161,0,-6.9095814e-13,3.819076e-11,8.777073e-11,1.0748032e-11,5.9724495e-12,2.4731733e-10
730000,266,75,0,3.8115754e-11,4.998629e-12,3.2537837e-12,3.3148282e-16,1.2093468e-19,1.8267557e-10
730000,200,253,0,-9.541674e-15,4.5272724e-18,4.956379e-28,0.0,0.0,4.4057324e-11
730000,462,271,0,-6.3177333e-13,2.6548189e-11,1.01562465e-11,5.8076344e-15,8.541826e-18,7.7282174e-11
730000,227,282,0,-5.8165055e-14,2.4051856e-14,1.3194682e-38,0.0,4.6768718e-32,2.384809e-12
730000,147,76,0,-5.333537e-13,2.3538144e-11,9.731262e-13,7.350131e-18,2.9299403e-18,3.3959915e-11
730000,189,148,0,-3.088707e-13,1.8613494e-11,6.4952782e-21,1.8531584e-37,2.3708127e-14,9.671859e-12
730000,298,170,0,-1.0292175e-13,9.694841e-15,9.97245e-31,0.0,1e-45,1.2118044e-11
730000,465,206,0,8.290105e-12,4.0620753e-11,2.2612079e-11,2.3708861e-13,1.7427655e-14,1.7956502e-10
730000,213,418,0,1.4367076e-13,2.7205315e-12,5.324742e-11,3.77835e-11,9.165685e-11,1.2538892e-10
730000,34,302,0,-4.742859e-13,5.748689e-11,1.38841065e-11,3.3551222e-14,5.7208294e-11,5.095859e-10
730000,239,41,0,-6.629233e-13,2.7855902e-11,1.2227561e-12,4.0938224e-17,2.7880888e-13,2.3312327e-10
730000,228,31,0,-7.482919e-13,2.4033288e-11,4.030022e-12,7.523375e-16,5.8977386e-14,4.468227e-10
730000,497,265,0,-6.1394683e-13,1.6484194e-11,2.8010661e-11,1.0693486e-12,7.508661e-14,1.0446124e-10
730000,363,266,0,-1.4746194e-13,2.1197445e-13,2.0312e-40,0.0,5.28343e-40,1.6313789e-10
730000,468,381,0,-1.1648413e-12,5.109896e-11,4.6359445e-18,6.37648e-30,2.286491e-11,4.0351913e-10
730000,234,178,0,-4.4503873e-14,5.129628e-15,2.1024653e-28,0.0,0.0,7.073122e-12
730000,85,456,0,-1.4194088e-12,1.2878322e-10,5.8187943e-13,1.993395e-17,4.7765424e-12,6.137624e-10
730000,387,479,0,-7.556157e-13,4.2351272e-11,2.8572342e-11,1.3531534e-13,2.7955995e-11,1.3894344e-10
730000,34,249,0,-1.7428974e-13,9.73268e-13,2.7913487e-18,1.6130416e-30,5.0214468e-29,2.1896623e-10
730000,208,231,0,-4.8577712e-14,1.9240944e-13,2.3696226e-21,1.0350548e-33,8.119684e-37,1.2989324e-11
730000,196,63,0,-7.700763e-13,3.5892747e-11,6.776077e-11,4.4739375e-11,8.726444e-11,1.6083761e-10
730000,71,87,0,-6.227959e-13,6.279525e-11,7.994096e-11,1.6251375e-12,2.721702e-11,1.8805184e-10
730000,439,323,0,-4.829709e-13,1.9687828e-11,3.2362217e-15,1.245911e-22,4.2426186e-17,2.0655705e-10
730000,337,324,0,-2.070245e-13,7.1666427e-12,8.817207e-31,0.0,1.5999293e-20,4.2814044e-11
730000,13,380,0,-1.1428922e-12,8.262563e-11,9.0426815e-15,3.733583e-23,3.473155e-10,1.1192111e-10
730000,338,238,0,-2.3296938e-13,1.1005231e-11,1.32845546e-17,5.096165e-28,1.3818003e-18,1.6567442e-11
730000,367,2,0,-5.833466e-13,1.5790364e-11,4.882687e-13,5.74457e-18,4.0337618e-17,3.4468337e-10
730000,26,464,0,-1.7364429e-12,5.7677346e-11,1.3499983e-13,1.7931185e-20,1.2201519e-13,2.9768413e-10
730000,397,343,0,-3.246495e-13,1.4104362e-11,3.5506687e-12,2.3075045e-15,3.2861017e-10,1.6951167e-10
730000,487,284,0,-6.0291485e-13,1.5492992e-11,2.8875041e-11,3.5959118e-13,2.1031349e-14,1.3272758e-10
730000,243,74,0,-2.8362444e-13,3.3166418e-11,3.857235e-14,1.0882233e-21,1.0015145e-16,1.2018801e-10
730000,403,349,0,-3.6029464e-13,1.9698387e-11,2.4797673e-16,3.8468454e-25,4.5904184e-15,2.4100322e-10
730000,237,494,0,-4.6473605e-13,2.8487747e-11,5.3123377e-21,1.7244262e-37,7.32031e-14,1.770973e-10
730000,96,397,0,1.7828839e-11,3.422112e-11,4.6022656e-12,9.670482e-16,1.3847352e-14,4.71513e-11
730000,486,432,0,-1.3339653e-12,9.7477165e-11,1.1134899e-11,1.6557402e-15,1.2159632e-13,3.894548e-10
730000,436,79,0,3.7691818e-14,4.6380177e-11,1.6319813e-14,1.9616627e-21,2.3377838e-11,6.9861555e-10
730000,151,92,0,-2.959259e-13,8.975356e-12,9.6373266e-15,9.457864e-22,3.0473505e-20,7.1542154e-11
730000,190,121,0,-3.0864157e-13,1.1073556e-11,6.064099e-14,2.731852e-21,6.0078673e-21,5.1141806e-11
730000,301,259,0,-8.6635465e-14,2.1324234e-12,9.010215e-13,1.3587072e-17,2.5910292e-21,1.8423522e-12
730000,310,12,0,-5.618575e-13,3.1033093e-11,5.9378365e-13,1.7804676e-18,2.8344043e-13,2.0191125e-10
730000,371,204,0,-3.7900114e-13,9.277552e-12,4.3380162e-14,5.5437754e-21,1.0409651e-20,2.6084513e-11
730000,320,329,0,-8.737503e-14,2.5702726e-13,5.718221e-30,0.0,1.5334782e-34,5.8366756e-11
730000,139,375,0,-2.9095425e-13,2.4388959e-12,9.338578e-13,5.161484e-17,3.41825e-20,2.105204e-11
730000,164,335,0,-3.9093647e-13,2.4643966e-11,4.262355e-25,9.4e-43,3.0533487e-10,1.0366744e-12
730000,394,133,0,3.4538065e-12,4.8678603e-11,8.104388e-18,1.2713301e-29,2.7895888e-09,4.312142e-11
730000,342,13,0,-6.2661573e-13,1.1742767e-11,3.1224157e-12,2.6976215e-16,1.01536814e-19,7.753338e-11
730000,324,281,0,-6.5486456e-13,5.38115e-11,3.5279879e-25,1.34722e-40,7.1523393e-16,1.1323572e-11
730000,238,188,0,-2.5216364e-14,1.0856996e-15,2.842803e-21,1.0236796e-35,4.5e-44,7.35565e-11
730000,315,295,0,-2.4782682e-13,8.235017e-12,3.4972888e-34,0.0,5.997343e-20,1.052528e-11
730000,11,115,0,-1.0640982e-12,5.3772004e-11,1.1423719e-14,5.2496068e-23,1.0084203e-15,1.1246775e-10
730000,153,154,0,1.645291e-11,3.023592e-11,3.7327856e-11,7.1009854e-13,6.4471005e-14,1.536437e-11
730000,239,114,0,-7.954949e-13,5.024192e-11,5.773151e-25,0.0,2.2122005e-12,3.313188e-11
730000,138,62,0,-7.294323e-13,3.3169894e-11,1.5725947e-11,9.316823e-14,6.3750224e-15,1.8181087e-10
730000,260,297,0,-1.9616908e-15,3.1324768e-22,2.3897804e-17,2.3531448e-26,5.7766503e-33,3.965067e-12
730000,456,215,0,9.098031e-11,5.967361e-12,7.0063525e-12,9.368569e-16,4.2105882e-19,2.041162e-10
730000,81,373,0,5.654888e-10,4.7746924e-11,9.6502555e-18,5.407857e-31,3.9210666e-12,9.443186e-11
730000,219,43,0,-8.348027e-13,1.9928923e-11,1.1586533e-12,9.8327265e-18,2.35161e-14,1.790732e-10
730000,81,109,0,-9.146301e-13,5.839135e-11,3.2915738e-14,2.4788288e-20,3.8536008e-11,4.3938797e-10
730000,400,100,0,2.0405609e-10,2.5840061e-11,2.0465993e-16,2.7102014e-27,1.2899622e-13,2.9204156e-10
730000,407,136,0,3.917167e-12,1.609203e-11,9.503302e-16,8.419019e-26,1.544157e-20,6.122362e-11
730000,340,391,0,1.34638715e-11,2.3505774e-11,4.24595e-15,4.2567475e-24,1.488843e-17,1.4207796e-10
730000,130,174,0,2.6453885e-12,1.7518927e-11,2.8688242e-13,3.7603874e-19,2.337783e-11,1.2628329e-10
730000,24,318,0,-6.813682e-13,2.957053e-11,2.533678e-13,1.0100208e-18,2.844323e-11,2.4141752e-10
730000,170,221,0,-1.3226596e-14,5.964659e-17,8.140714e-20,1.3754527e-32,7.194e-42,1.6308552e-10
730000,351,134,0,-3.6218424e-13,1.1374741e-11,3.8785817e-20,9.530294e-34,1.5068357e-17,1.3901512e-10
730000,322,224,0,-6.065229e-14,5.600547e-14,6.53041e-17,2.215937e-26,1.3901951e-33,1.3701026e-12
730000,374,325,0,-4.493129e-13,1.3216237e-11,6.4576567e-13,2.3740419e-18,7.368751e-20,1.10687695e-10
730000,456,231,0,1.2658337e-10,3.9287337e-11,8.06751e-14,7.566855e-21,3.187955e-10,1.0246806e-10
730000,318,267,0,-3.2522414e-13,7.0590417e-12,1.471939e-11,2.4047697e-14,4.083174e-16,9.2111106e-14
730000,390,94,0,2.7641759e-11,5.9961876e-11,1.1003983e-15,2.5450311e-24,2.9859915e-10,3.516943e-10
730000,153,324,0,-3.6333932e-13,2.6349546e-11,2.1165704e-32,0.0,1.7138569e-13,2.990463e-09
730000,141,328,0,-4.3219483e-13,1.8508412e-11,4.531434e-21,2.9300563e-37,1.141708e-13,2.990618e-09
730000,169,423,0,-3.3030154e-13,1.35176835e-11,2.999884e-13,5.0720684e-18,3.9789786e-16,3.2305724e-11
730000,136,373,0,-3.306971e-13,9.791364e-12,6.758699e-13,2.390909e-18,7.0378626e-22,9.667072e-11
730000,124,380,0,1.5309584e-13,1.7467684e-11,5.632567e-16,4.0750702e-26,4.5904163e-15,5.5273196e-11
730000,245,238,0,-7.1113413e-16,7.1506316e-22,0.0,0.0,0.0,5.267892e-12
730000,323,470,0,-4.2227728e-13,1.9722647e-11,7.8880533e-13,3.2824016e-18,5.3061598e-17,9.1834075e-11
730000,454,418,0,-1.1813213e-12,5.0301225e-11,9.032904e-12,1.0132336e-14,2.0978623e-14,3.8866996e-10
730000,175,162,0,-1.8843043e-13,2.483544e-11,3.0760554e-11,3.0204075e-13,2.8954245e-13,1.0494497e-12
730000,9,344,0,-9.724118e-13,6.0881515e-11,2.2272153e-11,2.877888e-13,2.4996197e-13,2.22129e-10
730000,364,290,0,-1.4734915e-13,1.8619702e-12,3.2077608e-38,0.0,8.5886184e-29,2.624394e-11
730000,262,357,0,2.908573e-13,2.543384e-11,4.0592564e-21,4.959854e-37,9.300467e-13,1.2523059e-11
730000,282,123,0,-3.2791922e-13,1.5485902e-11,8.536068e-11,2.0043264e-11,1.5276131e-11,2.7846359e-11
730000,476,7,0,-1.2034571e-12,7.008281e-11,4.002243e-12,1.0428339e-15,1.9412333e-14,5.561139e-10
730000,352,461,0,-5.3113644e-13,1.9677782e-11,2.7063831e-15,4.1779896e-24,7.766331e-20,3.0978778e-10
730000,479,143,0,-8.175101e-13,5.0916323e-11,4.4688083e-14,3.7327967e-21,1.5351419e-13,1.4682618e-10
730000,492,127,0,-1.0064861e-12,5.969769e-11,2.2866103e-13,1.6448559e-18,7.991903e-13,3.6126657e-10
730000,464,252,0,2.1270735e-12,2.7839212e-11,4.356685e-11,1.0737864e-11,7.740809e-12,1.6130003e-10
730000,499,478,0,-3.442761e-14,4.3320833e-12,4.2247286e-12,2.02583e-14,8.188959e-16,2.896436e-11
730000,473,253,0,-1.8415741e-14,3.0673738e-11,4.1520295e-13,2.9273074e-18,1.6161963e-14,1.2829286e-10
730000,71,299,0,-2.4504568e-13,1.5333663e-11,1.967423e-13,1.2280946e-18,2.0455564e-15,1.233002e-10
730000,156,402,0,-2.3085483e-13,1.4996997e-11,1.393229e-13,2.8116657e-20,1.07196756e-13,4.2063363e-11
730000,142,203,0,-9.158373e-14,1.8651688e-12,5.430534e-15,3.5736336e-22,2.759103e-26,7.306548e-11
730000,289,205,0,-3.3722015e-14,1.5479074e-13,2.0409223e-12,2.8826522e-16,2.7098238e-19,1.2521371e-10
730000,59,265,0,-7.669835e-14,3.8267502e-14,1.3382888e-11,1.33812435e-14,5.129713e-17,1.2964722e-10
730000,243,240,0,-4.775262e-16,1.2841961e-22,0.0,0.0,0.0,4.7240244e-13
730000,245,184,0,-1.00553975e-14,4.480098e-18,1.4393795e-17,1.6434318e-29,2.312644e-39,2.1213909e-11
730000,454,388,0,-1.1629115e-12,9.6818414e-11,2.8758588e-11,3.2901478e-13,2.4618394e-09,1.688411e-10
730000,338,296,0,-2.739459e-13,2.0379991e-11,0.0,0.0,2.767256e-12,4.7327697e-12
730000,352,397,0,6.163636e-11,1.4022058e-11,2.8266799e-11,8.75178e-13,5.0627068e-14,7.4323554e-11
730000,246,84,0,-7.89398e-14,1.9403682e-11,2.5190709e-11,5.955203e-14,3.2490106e-16,1.2403896e-10
730000,426,140,0,-9.891463e-14,8.161533e-11,3.9293345e-16,7.598443e-27,1.629341e-12,7.1689835e-11
730000,437,377,0,-7.426161e-13,2.8010535e-11,8.6418545e-15,1.5173835e-22,5.2997514e-19,1.11412934e-10
730000,184,410,0,-2.3839825e-13,4.094338e-12,2.7670271e-14,4.9371123e-21,4.327145e-22,1.2177465e-11
730000,444,144,0,-2.718938e-13,2.6556094e-11,4.361557e-11,5.1948177e-12,1.0979042e-12,1.7842257e-10
730000,122,349,0,-6.670531e-13,4.9174238e-11,8.363791e-15,8.8398876e-23,9.4102914e-14,1.3225102e-10
730000,102,175,0,-3.216845e-13,1.8610127e-11,7.730766e-12,1.36574305e-14,1.0202447e-16,8.924256e-11
730000,138,182,0,2.1288063e-13,7.0001006e-12,1.973463e-15,3.2837648e-23,9.481689e-19,2.5872958e-11
730000,361,145,0,-4.2417442e-13,2.7149415e-11,2.4689313e-14,5.3921397e-22,3.2430924e-15,2.2623625e-11
730000,272,46,0,5.6435924e-12,1.8064526e-11,8.0803354e-13,5.4334773e-18,7.7278615e-19,9.353432e-11
730000,156,287,0,-3.545324e-14,2.1901573e-16,1.3490336e-27,0.0,4.90544e-40,1.2543568e-11
730000,67,431,0,-1.0885723e-12,4.233677e-11,1.1162572e-12,1.0943729e-17,4.8243524e-14,3.2016834e-09
730000,232,119,0,-1.1766956e-11,2.3326863e-09,1.4220356e-27,0.0,4.1188364e-09,6.5566615e-11
730000,321,54,0,-5.1262546e-14,4.3535668e-11,3.7647933e-11,5.509978e-12,1.5222323e-12,1.9819232e-10
730000,179,233,0,-2.7329388e-14,2.0216212e-15,6.072735e-16,4.2549138e-24,1.9769464e-30,9.690332e-11
730000,356,408,0,2.971508e-11,1.4336094e-11,1.324323e-15,2.7297018e-25,1.7138566e-13,1.0434306e-10
730000,379,143,0,-2.5412566e-13,9.33342e-12,2.7128432e-21,2.071392e-35,1.0874108e-17,6.406814e-11
730000,46,252,0,-9.206049e-14,4.477695e-12,5.532492e-19,4.4679147e-32,4.5810623e-21,5.586498e-11
730000,239,81,0,-4.1572374e-13,9.289539e-12,4.0623362e-11,1.0308478e-12,5.091921e-14,9.120273e-11
730000,176,157,0,-1.698587e-13,2.0211728e-11,5.606524e-14,5.5998376e-20,3.0945416e-10,6.8928565e-12
730000,142,178,0,6.41589e-13,5.1376898e-12,7.6663744e-18,2.809005e-29,3.1777713e-24,9.201768e-11
730000,425,98,0,6.175495e-11,5.992463e-11,7.943643e-14,1.9426023e-20,3.4058803e-10,1.9539481e-10
730000,101,194,0,-1.5112056e-13,3.3789912e-13,6.9290346e-22,4.036202e-39,2.9178399e-36,6.9664954e-11
730000,395,283,0,-3.0374138e-13,1.658627e-11,1.0404395e-28,0.0,1.4892932e-17,7.2619835e-12
730000,293,294,0,-2.1559337e-13,9.916835e-13,3.0591679e-24,8.07e-43,2.3927621e-29,2.0947221e-13
730000,133,472,0,-6.9029943e-13,2.7395072e-11,2.9116536e-11,8.7522177e-13,6.902937e-14,2.7709549e-10
730000,238,92,0,-5.3583434e-13,1.6959354e-11,1.2759164e-12,1.6868322e-17,5.301151e-16,3.1289416e-09
730000,176,34,0,-7.25577e-13,1.930947e-11,1.9748409e-16,2.0342714e-27,1.297115e-19,3.2022953e-09
730000,357,174,0,-3.5216524e-13,2.8468007e-12,4.3674185e-19,6.928011e-32,6.2475007e-27,2.9912568e-09
730000,331,326,0,-1.5177649e-13,4.757583e-12,1.7169546e-35,0.0,4.5810623e-21,2.9989475e-09
730000,33,19,0,-1.3728747e-12,5.6188266e-11,1.7140924e-11,3.563981e-14,9.84585e-14,3.3675118e-09
730000,249,225,0,-7.965919e-15,5.758396e-17,5.460414e-35,0.0,0.0,2.2537942e-12
730000,226,223,0,-3.519543e-14,2.9685182e-15,1.0957e-40,0.0,1.576e-42,8.8488275e-18
730000,218,202,0,-1.1507658e-13,2.2742264e-12,2.2097e-41,0.0,6.262359e-25,3.0835022e-11
730000,196,488,0,-7.779236e-13,3.0442506e-11,7.564674e-13,5.009983e-17,1.4837126e-18,2.0290775e-10
730000,414,22,0,-6.662387e-13,2.1687286e-11,5.7419226e-11,1.9580466e-11,1.4401659e-11,5.267334e-10
730000,250,358,0,1.393291e-12,3.1213308e-13,3.4483562e-19,3.8821465e-31,1.3328509e-32,2.4748608e-12
730000,390,145,0,-3.462607e-13,1.7380427e-11,5.808598e-20,3.4681615e-35,2.7136917e-20,2.4549291e-11
730000,235,369,0,9.1601735e-12,1.3423148e-14,2.1999963e-15,4.918397e-24,3.5884986e-31,2.8462465e-11
730000,435,75,0,-3.6187896e-13,5.010478e-11,2.2207788e-16,8.17623e-27,7.155336e-15,2.3265151e-10
730000,188,34,0,-7.0449825e-13,3.2740845e-11,1.2246935e-13,1.4514048e-19,1.6228257e-13,3.5784842e-10
730000,9,58,0,-1.1781549e-12,5.49203e-11,1.4219095e-11,1.3460931e-14,4.2307585e-14,5.6338295e-10
730000,195,239,0,-1.0911235e-13,1.1686702e-11,6.0075892e-15,6.8450035e-23,2.7062335e-18,1.7018528e-10
730000,186,12,0,-1.0544935e-12,4.300158e-11,1.705764e-11,7.9727566e-14,1.8089805e-15,1.7335917e-10
730000,367,15,0,-7.037846e-13,4.914391e-11,7.875859e-12,5.6440922e-15,6.522816e-11,1.07231626e-10
730000,161,113,0,3.6086054e-13,1.4971629e-13,5.660043e-25,1.7e-44,3.75893e-36,8.76264e-11
730000,248,24,0,-6.11693e-13,2.7657309e-11,3.0368737e-12,1.0521517e-16,1.3564045e-17,3.2749372e-09
730000,173,383,0,-3.5035278e-13,4.8695364e-11,9.292063e-13,2.478411e-16,3.0050204e-10,3.1878205e-09
730000,180,144,0,-2.0925708e-13,3.296198e-12,6.6830345e-15,8.512487e-23,8.348977e-26,3.0517637e-09
730000,384,203,0,-7.795759e-14,4.1977415e-12,2.0341914e-11,3.1906108e-13,6.9839264e-15,3.0120573e-09
730000,422,272,0,-3.716431e-13,2.9035772e-11,1.2473749e-16,9.315804e-26,1.6382014e-14,3.303077e-09
730000,208,417,0,-1.2145618e-13,1.3414695e-11,9.005036e-12,6.278469e-15,6.189744e-14,3.0572136e-09
730000,197,457,0,-6.946181e-13,5.97086e-11,3.6230027e-12,1.6949808e-15,1.7475316e-12,3.0730145e-09
730000,71,124,0,-8.3854787e-13,7.730042e-11,1.1798956e-13,1.3570963e-19,2.6870067e-10,3.1878256e-09
730000,317,287,0,-4.928546e-13,9.787812e-12,3.3525198e-27,4.291e-42,3.6319182e-21,3.043903e-09
730000,375,128,0,1.9020377e-13,2.8560574e-12,6.750675e-14,2.7110092e-20,4.3087134e-25,2.9926943e-09
730000,51,171,0,-6.4475275e-13,4.038343e-11,8.377728e-12,6.4912052e-15,2.5425067e-11,3.3125864e-09
730000,326,32,0,-8.879721e-13,8.532022e-11,1.386971e-13,1.8611173e-19,2.7396072e-10,3.2363885e-09
730000,29,303,0,-5.454258e-13,5.7854166e-11,2.4315526e-12,2.787148e-17,7.994887e-13,3.1537233e-09
730000,122,357,0,-4.008455e-13,4.2628363e-11,2.8872913e-11,1.479228e-13,3.506486e-13,3.0609677e-09
730000,149,147,0,5.6656343e-11,4.5845836e-12,1.0829853e-12,1.6953355e-17,3.227418e-21,8.54191e-11
730000,165,255,0,-1.2964136e-14,1.879455e-16,5.3791617e-14,3.3001344e-21,2.5574674e-27,2.6800551e-11
730000,302,211,0,-1.1347619e-14,9.506228e-18,6.0828056e-17,2.6518897e-26,1.2150605e-33,2.0683906e-11
730000,79,158,0,-4.1841975e-13,1.0302345e-11,2.524997e-19,6.9873547e-34,6.708002e-18,2.8470015e-10
730000,191,267,0,-1.519596e-14,1.1802522e-14,4.5197676e-28,0.0,6.3214e-41,2.6761898e-12
730000,324,370,0,-8.9840766e-14,1.1434074e-11,1.2253283e-14,1.1072237e-21,3.127993e-20,6.031377e-13
730000,78,62,0,-5.75487e-13,1.826131e-11,1.13875e-12,3.568181e-17,5.301873e-17,5.011e-10
730000,229,280,0,-7.141008e-14,9.40874e-14,9.510979e-38,0.0,3.5060734e-31,5.4006157e-12
730000,283,389,0,9.0184105e-13,3.833981e-11,1.3502618e-12,6.6400766e-17,1.4580047e-15,7.161016e-11
730000,225,273,0,-2.418903e-13,1.0466057e-10,0.0,0.0,1.1999529e-10,8.606227e-11
730000,335,255,0,-1.7920909e-13,2.6652667e-12,8.3404443e-22,1.356617e-39,3.6053234e-23,2.0821152e-11
730000,495,23,0,-1.3703937e-12,9.204979e-11,6.8352854e-13,2.0280917e-17,2.890862e-10,3.8467224e-10
730000,194,119,0,-3.0698542e-13,8.390658e-12,4.3998884e-12,1.1966729e-15,6.523572e-19,3.582542e-11
730000,346,449,0,-3.630405e-13,2.5345009e-11,3.597653e-15,4.9951576e-24,8.577964e-16,1.0573404e-10
730000,230,488,0,-5.5090557e-13,3.4063113e-11,5.5266404e-24,1.186e-41,2.5653677e-16,3.1086924e-09
730000,189,96,0,-3.949234e-13,2.3507874e-11,3.5605007e-17,9.310697e-29,9.294432e-17,3.1300966e-09
730000,461,398,0,-1.2216048e-12,7.144859e-11,2.2593429e-11,1.0233515e-13,3.2542113e-10,3.2828584e-09
730000,367,68,0,-7.6120273e-13,4.941345e-11,4.0476767e-14,1.5740937e-20,3.1685418e-10,3.0478422e-09
730000,7,184,0,-6.929913e-13,3.165834e-11,1.929284e-14,1.1188341e-22,3.0343867e-17,3.3602077e-09
730000,251,43,0,-5.7022464e-13,2.6380315e-11,3.140466e-13,5.940108e-19,4.0184267e-16,3.100663e-09
730000,376,427,0,3.1618458e-10,8.103169e-12,6.950496e-14,6.3573897e-20,2.5826255e-21,3.0969187e-09
730000,305,347,0,-1.0133913e-13,4.493407e-13,1.0184355e-19,3.4200755e-32,1.1106869e-30,3.0036809e-09
730000,1,62,0,-1.1527325e-12,7.5737035e-11,9.71419e-11,4.5539517e-11,8.759006e-11,3.7748986e-09
730000,100,188,0,-2.2301663e-13,2.0612754e-12,1.2371161e-17,4.394301e-30,3.9237402e-27,3.0214757e-09
730000,332,201,0,-1.197679e-13,3.7870548e-13,1.397465e-18,2.3575303e-32,5.3745337e-34,2.99283e-09
730000,136,53,0,-9.464285e-13,5.1160125e-11,1.1629538e-10,5.2837235e-12,2.2915157e-12,3.1137752e-09
730000,451,42,0,-1.017392e-12,5.2210708e-11,1.7542809e-10,8.0069475e-12,1.8493358e-12,4.548358e-09
730000,71,477,0,-1.5154234e-12,1.2329457e-10,8.0047877e-13,8.712754e-18,5.576064e-12,3.3969196e-09
730000,314,65,0,6.5115404e-12,5.3562963e-11,2.1957113e-11,1.9903002e-13,1.7160287e-12,3.1316074e-09
730000,356,475,0,-4.793558e-13,2.3620614e-11,2.4586787e-11,2.6817928e-13,2.8914156e-12,3.0919765e-09
730000,356,421,0,2.4078638e-11,1.6458609e-11,1.7864263e-19,5.63076e-34,8.8257334e-16,3.0597866e-09
730000,101,50,0,-8.067393e-13,4.3340113e-11,1.6660472e-16,3.838576e-27,1.7224323e-11,3.2461007e-09
730000,354,131,0,-3.482363e-13,1.7655415e-11,9.464647e-18,5.091814e-28,9.8284765e-15,3.0973872e-09
730000,361,210,0,-4.1026018e-13,2.5199145e-11,1.1526811e-17,3.429942e-28,9.1855065e-15,1.0045684e-11
730000,485,306,0,-7.45924e-13,6.075888e-11,6.554688e-11,7.147268e-13,1.2778591e-12,3.2708316e-09
730000,155,280,0,-2.0430353e-14,8.654648e-16,4.3117566e-33,0.0,0.0,3.044603e-09
730000,11,214,0,-4.2878434e-13,1.3302127e-11,8.2666495e-12,5.870645e-15,1.0595914e-15,3.1552332e-09
730000,382,498,0,-8.7450473e-13,6.4098955e-11,1.3215578e-11,4.0344555e-14,4.0603517e-11,3.261331e-09
730000,226,469,0,-5.309533e-13,2.5186074e-11,8.683954e-18,5.350036e-29,4.1982092e-13,3.5062224e-09
730000,70,17,0,-1.2755336e-12,5.9830384e-11,1.5679347e-13,1.8275714e-20,7.6176315e-16,3.3004446e-09
730000,12,394,0,-8.946164e-13,4.3800782e-11,8.948633e-11,4.897837e-11,8.152309e-11,3.487973e-09
730000,486,28,0,-1.4264014e-12,6.2755724e-11,7.3335126e-13,3.4735154e-17,6.664377e-16,3.381987e-09
730000,423,358,0,-3.294826e-13,9.485223e-13,6.75194e-16,1.5787234e-25,2.3988804e-29,3.08588e-09
730000,45,299,0,-3.2496635e-13,4.6268844e-12,4.624395e-13,3.7238054e-18,1.6105801e-22,3.134075e-09
730000,15,411,0,-7.344342e-13,3.097862e-11,9.349377e-12,2.0718234e-14,3.0085992e-12,3.4541008e-09
730000,108,3,0,-1.355855e-12,9.051177e-11,7.0652754e-11,1.9462706e-12,2.8969097e-12,3.2619987e-09
730000,383,348,0,3.0471783e-14,1.7337558e-11,2.0561456e-12,6.624281e-17,5.287165e-17,3.1051353e-09
730000,2,335,0,-9.304351e-13,4.272544e-11,6.5059194e-11,6.5326494e-12,1.3746658e-12,3.0177028e-09
730000,292,490,0,-4.3838975e-13,8.653902e-12,4.8181808e-17,1.236056e-26,1.2424482e-21,3.1152372e-09
730000,212,391,0,1.7507997e-12,1.9324054e-12,4.757526e-13,1.2784864e-17,4.5150725e-21,3.0601428e-09
730000,313,38,0,-5.6488316e-13,1.6028642e-11,1.4888767e-13,2.8256415e-20,7.662055e-22,3.0841338e-09
730000,19,218,0,-4.494557e-13,3.222465e-11,4.987976e-11,1.07058615e-11,3.218762e-11,3.1638856e-09
730000,57,43,0,-1.1973945e-12,6.351573e-11,3.638507e-13,7.115263e-19,6.186729e-14,3.1074485e-09
730000,30,72,0,-1.1355877e-12,7.735667e-11,1.5744141e-15,2.6690803e-24,2.949756e-12,3.0947644e-09
730000,42,281,0,-1.6914652e-13,4.9769416e-12,2.6621219e-14,8.785449e-21,8.716461e-22,3.0312666e-09
730000,33,60,0,-1.2639902e-12,1.114195e-10,3.05186e-16,3.284744e-25,2.2224876e-11,3.2297098e-09
730000,104,51,0,-8.440349e-13,4.714382e-11,1.921856e-15,2.1082341e-24,2.6545758e-16,3.2585203e-09
730000,95,148,0,3.5826702e-13,4.7546057e-11,4.4663743e-23,3.26795e-40,1.1471719e-12,3.1401843e-09
730000,384,482,0,-7.638538e-13,3.802022e-11,2.9083643e-12,4.7976375e-16,2.8092996e-13,3.2419187e-09
730000,111,155,0,1.4439128e-11,4.0495458e-11,3.2981154e-13,4.6203588e-18,5.729449e-14,3.2007097e-09
730000,483,302,0,-7.3655773e-13,9.4561976e-11,1.8034295e-13,2.4559158e-18,3.021055e-11,3.313805e-09
730000,158,139,0,1.2527923e-11,3.227906e-11,3.7267295e-14,8.844265e-21,4.538809e-11,3.0097371e-09
730000,409,19,0,-6.386668e-13,8.861163e-12,1.3904557e-12,1.54288e-17,8.788503e-22,3.3088365e-09
730000,139,491,0,-6.8322247e-13,2.1979933e-11,4.5238618e-13,6.5099114e-18,4.4981106e-17,3.0258696e-09
730000,486,337,0,-4.9125374e-13,1.4365676e-11,2.7350008e-13,1.1154705e-19,5.0754807e-14,3.0912461e-09
730000,373,451,0,3.5943618e-12,2.2445332e-11,8.2211466e-14,2.867411e-20,2.6595761e-17,3.1634488e-09
730000,67,406,0,1.4232927e-12,6.1752485e-11,1.5786311e-12,2.6431806e-16,3.097025e-10,3.241441e-09
730000,394,461,0,-4.556893e-13,3.2779397e-11,1.1208907e-11,1.582182e-14,2.443671e-13,3.0503782e-09
730000,399,363,0,-1.2171762e-13,3.914879e-11,5.748618e-14,5.0347686e-20,1.5674469e-17,3.0359615e-09
730000,62,437,0,-1.2244776e-12,7.309277e-11,6.9329285e-11,1.0863414e-11,6.9038213e-12,3.1450198e-09
730000,392,400,0,2.3988598e-11,2.4874392e-11,8.93578e-15,1.0881047e-21,2.911536e-10,3.1445235e-09
730000,31,0,0,-5.688445e-14,4.852989e-12,5.9422016e-12,1.1275799e-13,2.8572666e-15,2.7128355e-09
730000,277,11,0,-4.447787e-13,1.8797216e-11,4.0025454e-13,5.0986966e-18,2.2178598e-13,3.2528609e-09
730000,62,154,0,-6.780086e-13,2.6419603e-11,3.4113988e-13,5.678098e-19,4.4903504e-12,3.281937e-09
730000,198,416,0,-3.2567346e-13,3.805389e-11,2.2170022e-12,3.5603646e-16,4.2695276e-15,3.1645595e-09
730000,116,12,0,-1.1389504e-12,3.8093428e-11,4.457679e-14,1.3064088e-21,5.434203e-13,3.419993e-09
730000,458,488,0,-7.65378e-13,5.6861408e-11,1.2344664e-11,1.2037468e-14,4.5976304e-12,3.1495089e-09
730000,145,35,0,-9.0819176e-13,3.4047865e-11,3.7181187e-12,3.0097076e-16,1.9890716e-15,3.2622145e-09
730000,335,263,0,-1.8257137e-13,2.3514604e-12,2.08484e-27,0.0,1.3639437e-25,2.9891594e-09
730000,210,443,0,-4.406538e-13,3.8603513e-11,7.339083e-11,1.9684405e-11,1.1301036e-11,3.1223326e-09
730000,140,143,0,2.8538436e-10,5.492105e-12,7.619678e-21,1.079251e-34,1.751576e-22,3.0230767e-09
730000,214,492,0,-5.6814986e-13,1.0388831e-11,6.2059553e-13,5.8838924e-18,2.8131542e-21,3.143803e-09
730000,460,159,0,9.329732e-13,4.43303e-11,1.09535035e-13,2.4634452e-19,3.1140807e-10,3.398681e-09
730000,28,144,0,-9.540797e-13,5.950074e-11,4.6194618e-11,1.07526115e-11,6.839253e-12,3.0947394e-09
730000,140,420,0,-2.3365714e-13,5.579048e-12,4.4426e-11,5.5166214e-12,1.3403996e-12,3.1659182e-09
730000,66,239,0,-7.0104594e-14,2.881742e-13,1.5369934e-11,1.6654346e-13,3.5054353e-15,3.2374254e-09
730000,253,396,0,3.9230136e-10,2.5157145e-11,4.9542494e-13,4.5544656e-18,5.0887083e-14,3.0123788e-09
730000,458,413,0,-1.2104261e-12,6.9072706e-11,1.5308374e-10,5.7395564e-11,7.039071e-11,3.5398258e-09
730000,361,455,0,1.6335938e-13,2.128394e-11,6.877108e-13,5.6585077e-18,5.1700387e-16,3.080478e-09
730000,122,430,0,-5.5754636e-13,1.8783097e-11,6.7145583e-16,9.790469e-26,4.854402e-18,3.1095642e-09
730000,110,113,0,1.2204333e-12,1.4947049e-11,5.683264e-20,1.145279e-32,1.5681934e-16,3.5678833e-09
730000,254,143,0,-1.151014e-13,2.9743523e-13,3.2151666e-32,0.0,5.612659e-32,3.04214e-09
730000,302,357,0,-7.494615e-14,2.2470227e-14,7.958137e-12,2.788768e-15,6.3061276e-18,3.0068623e-09
730000,481,151,0,-6.776859e-13,5.424782e-11,4.63875e-14,1.4891175e-21,2.1657483e-11,3.0684464e-09
730000,430,447,0,-1.2717352e-12,7.276145e-11,3.28253e-11,1.8254656e-12,2.4509578e-12,3.2967926e-09
730000,30,66,0,-1.2406364e-12,7.782976e-11,1.0446816e-16,2.8066007e-27,3.279972e-13,3.17091e-09
730000,427,236,0,1.0567776e-10,3.2417423e-11,2.1177489e-14,3.8186405e-21,2.0393285e-13,3.1259053e-09
730000,369,357,0,7.773279e-12,1.7223604e-11,2.8352412e-14,1.1754429e-20,5.043457e-19,2.9958291e-09
730000,76,11,0,-1.3055554e-12,8.6556526e-11,1.5040442e-14,3.0205189e-22,4.7958994e-12,3.2515888e-09
730000,211,433,0,-3.6593553e-13,1.1916542e-11,5.86004e-13,1.7488325e-18,5.180674e-20,3.1372795e-09
730000,22,398,0,-1.17838786e-11,2.302481e-09,3.5550644e-12,4.0704044e-16,4.1188084e-09,2.941348e-10
730000,397,44,0,-8.175842e-13,2.5666098e-11,4.1811468e-16,1.5494265e-24,1.4346942e-18,9.2200005e-11
730000,242,408,0,8.604057e-11,2.282944e-09,9.995388e-14,1.2707037e-20,4.1188084e-09,9.476926e-11
730000,236,198,0,-5.760201e-14,1.8219506e-12,5.4358756e-24,2.67e-42,4.0212875e-24,5.5643046e-11
730000,180,321,0,-1.3103836e-13,8.826591e-13,1.3408655e-19,1.5581611e-32,3.3977641e-28,2.70307e-13
730000,204,215,0,-5.777207e-14,3.5977404e-12,5.9093546e-26,1e-45,1.7676921e-23,1.2465083e-10
730000,114,436,0,-7.5056454e-13,3.473031e-11,8.629699e-12,3.332043e-14,1.0542495e-14,1.7405793e-10
730000,271,247,0,-3.4411059e-15,3.9382214e-19,1e-45,0.0,0.0,5.602114e-11
730000,317,96,0,1.0554479e-13,1.8950492e-11,3.8675088e-17,1.9580514e-23,3.5043307e-22,7.4637796e-11
730000,105,379,0,3.1812435e-11,1.4782774e-11,1.7545637e-13,1.9014447e-19,1.5121662e-14,1.8458936e-10
730000,328,406,0,2.7051305e-14,1.213148e-11,1.664014e-16,8.022231e-26,7.605136e-21,3.9403574e-11
730000,168,65,0,-5.6066707e-13,2.6690605e-11,1.35600395e-14,5.9679425e-22,5.6629346e-16,4.6600446e-11
730000,66,320,0,-4.2406532e-13,1.7101442e-11,1.6323169e-11,1.03236653e-13,3.3954408e-15,3.9042016e-11
730000,121,50,0,-1.0787237e-12,4.9034988e-11,2.5257064e-12,4.236804e-17,1.0301774e-15,9.785211e-11
730000,145,0,0,-7.1256824e-13,4.8078985e-11,9.197041e-16,1.2031784e-25,2.383724e-09,1.2254855e-10
730000,304,173,0,-1.3459927e-13,7.864772e-14,9.2468534e-27,4.6e-44,6.56456e-40,3.6327406e-11
730000,359,236,0,-3.885534e-13,2.8597175e-11,1.6098746e-15,2.721288e-24,2.7067522e-13,5.6663693e-12
730000,340,96,0,-4.7629544e-13,2.2169728e-11,6.7522564e-11,2.4052674e-12,6.7771185e-13,4.5962352e-11
730000,128,218,0,-1.1322093e-14,6.6220823e-19,9.514067e-15,3.4585975e-23,2.4582071e-30,3.0372278e-09
730000,31,379,0,-9.118422e-13,4.8218728e-11,1.6896177e-11,1.2799989e-13,2.2728585e-15,3.1448892e-09
730000,60,138,0,-9.290587e-13,5.52854e-11,3.5109485e-12,7.636654e-16,2.0844657e-09,3.2905423e-09
730000,209,15,0,-9.454493e-13,2.6520229e-11,2.3743588e-13,1.9815145e-18,2.3455186e-17,2.365969e-10
730000,374,208,0,-3.737276e-13,1.5096488e-11,6.514893e-14,3.81191e-21,8.384554e-16,3.0755067e-09
730000,497,61,0,-1.6571921e-12,1.094484e-10,3.420318e-19,1.2143638e-31,6.489867e-10,3.3471133e-09
730000,243,483,0,-4.3705512e-13,2.978043e-11,1.452648e-14,1.9610891e-21,3.785061e-12,3.1799994e-09
730000,492,365,0,-9.607962e-13,4.446686e-11,5.281555e-12,3.8823247e-15,8.6296055e-15,3.0215666e-09
730000,194,10,0,-1.2381816e-12,4.9985363e-11,4.8468955e-11,2.1111995e-12,3.5786725e-13,3.2557903e-09
730000,74,421,0,-8.1400566e-13,4.394358e-11,3.4379318e-12,7.5088936e-16,2.183731e-11,3.451139e-10
730000,443,32,0,-9.936219e-13,5.9693354e-11,6.0951154e-11,4.060106e-11,1.15840504e-10,3.402575e-09
730000,458,87,0,-1.3547013e-12,9.466299e-11,3.455611e-11,1.5184876e-12,2.4073632e-09,3.1183265e-09
730000,377,479,0,-6.295862e-13,2.1995128e-11,4.0767677e-16,1.5558527e-25,2.2122891e-17,3.0445828e-09
730000,257,20,0,-5.149192e-13,7.585554e-12,1.6335339e-12,1.27836e-17,6.4901336e-22,2.8267266e-10
730000,5,436,0,-1.24126e-12,7.8167424e-11,4.7899986e-11,2.0204747e-12,4.706728e-13,3.309359e-09
730000,311,80,0,1.15892e-11,5.3039125e-11,6.736118e-20,9.402762e-31,5.43426e-13,3.0362126e-09
730000,493,431,0,-1.1357064e-12,4.1998682e-11,1.8862464e-11,5.454045e-14,2.91536e-14,3.2078868e-09
730000,268,6,0,-4.2790278e-13,2.6356617e-11,5.5888297e-12,1.9498504e-15,1.0533263e-12,3.0492502e-09
730000,360,131,0,-3.4681234e-13,2.7133459e-11,7.56108e-19,4.4015237e-32,2.1257875e-13,3.0649607e-09
730000,201,79,0,-4.7650463e-13,4.997825e-11,3.2166739e-12,1.5355437e-15,2.0782858e-11,3.035546e-09
730000,80,204,0,-2.106797e-13,4.878694e-12,3.2062037e-13,1.534384e-18,5.4814726e-23,3.7650934e-11
730000,1,345,0,-1.0358311e-12,8.9017745e-11,4.842002e-13,1.430406e-18,3.241927e-10,9.486151e-11
730000,473,19,0,-1.2370687e-12,6.056969e-11,2.855303e-11,8.502425e-13,5.2273805e-14,3.183195e-09
730000,465,43,0,-1.1820004e-12,7.534212e-11,1.3040144e-13,1.7468177e-20,2.3018601e-11,3.25499e-09
730000,332,434,0,-2.8792244e-13,1.768994e-11,5.737728e-14,3.895193e-21,2.7943738e-11,3.294344e-09
730000,201,464,0,-7.147115e-13,3.281533e-11,3.1221822e-12,4.9079964e-16,1.7295605e-17,1.0205541e-10
730000,355,483,0,-3.9305552e-13,1.8242576e-11,1.1280075e-11,1.6280075e-14,1.3278617e-14,3.097587e-09
730000,11,350,0,-9.512557e-13,4.1647998e-11,7.18207e-11,7.0954666e-12,1.4576119e-12,3.3150391e-09
730000,266,493,0,-5.9668324e-13,4.9686626e-11,2.0637715e-11,1.5026211e-13,2.5809777e-10,3.3842777e-09
730000,75,461,0,-1.5484972e-12,1.1986143e-10,6.2094973e-12,4.530044e-15,1.5142625e-11,3.0908291e-09
730000,319,30,0,-8.587808e-13,5.0780883e-11,2.3381155e-14,1.5165949e-22,1.9033815e-12,3.085531e-09
730000,15,394,0,-8.8547035e-13,6.394926e-11,5.0874107e-11,1.4530873e-12,1.368967e-12,3.5453367e-09
730000,83,426,0,-9.89064e-13,6.8224856e-11,1.8571788e-13,3.7230267e-19,4.337016e-11,3.1528276e-09
730000,81,237,0,-1.3713267e-13,1.0833259e-11,1.7745342e-11,1.611025e-13,3.099131e-13,3.2102838e-09
730000,43,204,0,-5.3467896e-13,3.9775565e-11,9.5159635e-12,7.924151e-15,6.1464485e-14,2.1844097e-10
730000,75,58,0,-6.023949e-13,1.1189717e-11,3.701956e-12,1.4823509e-15,2.2735516e-18,3.0537248e-09
730000,16,171,0,-6.056787e-13,2.6156691e-11,1.0084809e-11,9.075965e-15,6.714367e-17,1.8723045e-10
730000,437,6,0,-7.6694884e-13,3.1301864e-11,1.2706207e-14,1.9418115e-22,1.9265551e-11,3.3026342e-09
730000,498,152,0,-5.940945e-13,2.4362873e-11,2.6156913e-12,3.5877422e-16,1.6230748e-13,3.3005059e-09
730000,346,68,0,-6.9330587e-13,3.844742e-11,1.4000265e-23,1.0462e-41,3.3027942e-14,3.009766e-09
730000,490,8,0,-1.1256689e-12,4.119494e-11,1.5446177e-11,5.981548e-15,2.6486952e-14,3.4324163e-10
730000,390,60,0,-7.27531e-13,5.7813903e-11,4.2838535e-11,1.0692134e-11,1.458096e-11,3.0773841e-09
730000,256,446,0,-3.248339e-13,2.3790867e-11,2.1961006e-11,1.9903002e-13,8.174587e-13,3.049817e-09
730000,427,190,0,2.1170071e-10,1.7664906e-11,3.010648e-12,6.1279694e-16,3.4814962e-19,3.047669e-09
730000,122,492,0,-1.0842005e-12,6.2225586e-11,2.16542e-11,2.875817e-13,1.5384468e-12,3.164327e-09
730000,478,219,0,1.8138263e-12,1.7657995e-11,1.4593424e-13,2.1001848e-19,2.6631427e-17,3.1260532e-09
730000,484,44,0,-1.5051595e-12,8.091544e-11,4.519073e-11,1.0711354e-11,2.9178784e-11,3.426933e-09
730000,94,301,0,-1.7193336e-13,1.0076471e-11,1.6821202e-12,6.0729476e-17,4.42577e-17,3.0254863e-09
730000,407,338,0,-3.158964e-13,9.7936026e-12,1.3255607e-18,3.0025923e-31,2.3468253e-20,3.0701235e-09
730000,369,387,0,5.4573845e-10,2.1533046e-11,2.0210957e-14,1.1610727e-22,1.875207e-11,3.0016256e-09
730000,470,414,0,-1.3324915e-12,6.787472e-11,4.879592e-11,9.241678e-13,1.34229e-13,3.3083596e-09
730000,23,130,0,-8.7209786e-13,1.7169915e-11,1.9167235e-13,8.776578e-20,3.8378033e-20,3.717512e-09
730000,298,108,0,6.4527615e-13,1.0658416e-11,7.7578545e-15,1.2372846e-21,8.082106e-18,3.0402132e-09
730000,6,145,0,-6.802966e-13,2.6218687e-11,3.2002883e-11,9.496024e-13,5.923866e-14,3.1586231e-09
730000,57,15,0,-1.0392568e-12,3.978891e-11,4.9984766e-14,6.0737857e-22,2.5698709e-13,3.4237717e-09
730000,35,253,0,-1.7926459e-13,8.277895e-13,6.103794e-16,9.6849155e-24,1.2074762e-29,3.093811e-09
730000,335,171,0,-2.8277676e-13,3.1202972e-12,1.6802541e-13,6.573491e-20,7.879694e-25,3.1227751e-09
730000,465,432,0,-1.4689216e-12,7.597106e-11,1.0221697e-11,7.479209e-15,4.1569583e-13,3.5174272e-09
730000,352,499,0,-2.429669e-13,5.144417e-13,1.598396e-13,3.3508453e-19,1.02606475e-23,3.5591974e-09
730000,106,487,0,-1.1945236e-12,5.217603e-11,1.0130085e-11,9.5992245e-15,3.0168097e-12,3.168685e-09
730000,149,395,0,-2.961998e-13,2.5136476e-11,3.608787e-11,1.0661066e-12,5.411965e-14,3.5640908e-09
730000,42,445,0,-1.3462193e-12,4.8816153e-11,1.4122706e-11,4.3232995e-14,1.4660266e-12,3.10627e-09
730000,172,39,0,-5.47822e-13,2.0637691e-11,9.751144e-19,9.145635e-31,4.788106e-13,3.1281462e-09
730000,432,444,0,-1.3615745e-12,8.0262796e-11,4.4784636e-12,3.08364e-16,1.742788e-11,3.2624086e-09
730000,36,399,0,-9.612789e-13,3.0042864e-11,2.127427e-11,2.6703986e-13,5.1521956e-15,3.1424694e-09
730000,3,361,0,-1.035331e-12,7.017286e-11,6.9973405e-13,2.551588e-17,3.55408e-13,3.0462366e-09
730000,280,33,0,1.0960497e-14,2.5748752e-11,1.5899787e-18,9.043292e-31,7.3069027e-16,3.138471e-09
730000,447,7,0,-9.216806e-13,2.3540449e-11,8.260936e-12,7.913243e-15,1.5312943e-17,5.2840843e-09
730000,428,140,0,-2.6269096e-13,7.9434355e-11,1.07071966e-16,1.7133446e-28,2.0395042e-13,3.0502096e-09
730000,430,417,0,-1.2825196e-12,7.055278e-11,3.1810485e-11,2.945714e-13,8.2798716e-15,3.248893e-09
730000,496,435,0,-1.0622869e-12,5.4371868e-11,6.9175984e-11,3.6756573e-11,1.4309723e-10,3.2111538e-09
730000,46,293,0,-2.5238858e-13,1.2279166e-12,1.238584e-12,1.8444e-17,8.318473e-22,3.1120722e-09
730000,26,405,0,-7.221074e-13,2.4513624e-11,3.4860993e-11,1.4587846e-12,1.7314311e-11,3.4073195e-09
730000,32,360,0,-6.944069e-13,1.938641e-11,3.462446e-11,1.2108313e-12,6.8031626e-14,3.2238727e-09
730000,479,166,0,-4.0129776e-13,4.2773745e-12,1.5275175e-13,3.7291393e-20,1.1552009e-25,3.089211e-09
730000,255,377,0,4.968556e-11,1.3293982e-11,1.19666855e-11,2.7532938e-14,8.5048185e-16,3.0037304e-09
730000,369,21,0,-7.9152884e-13,3.4424744e-11,2.3109325e-13,4.948494e-19,4.989405e-17,3.072357e-09
730000,466,124,0,-9.994799e-13,5.7783e-11,8.1714094e-11,4.420926e-11,1.3848755e-10,3.225655e-09
730000,217,133,0,-4.6439187e-13,3.713257e-11,1.9826883e-14,1.1036723e-21,2.9859815e-10,3.0434315e-09
730000,468,310,0,-5.7478696e-13,2.041067e-11,2.944132e-11,1.6232252e-12,1.2310347e-13,3.222676e-09
730000,80,120,0,-7.216042e-13,3.1541332e-11,4.0608975e-11,5.758872e-13,3.027877e-12,3.1670682e-09
730000,188,70,0,-4.2274281e-13,4.8423904e-12,3.3953218e-15,2.6243211e-24,4.5944805e-23,3.0532803e-09
730000,446,144,0,-3.4125483e-13,2.4298997e-11,5.3110114e-11,5.214619e-12,1.1015969e-12,3.1320322e-09
730000,442,444,0,-1.5030892e-12,1.06730756e-10,6.411695e-12,6.8740054e-16,1.2034622e-12,3.2739385e-09
730000,170,473,0,-4.973978e-13,3.0174676e-12,3.2173948e-11,3.4530885e-13,1.1385507e-14,1.5987223e-10
730000,86,7,0,-1.4291041e-12,7.032463e-11,2.6804357e-11,9.978664e-13,2.7009377e-11,3.2018026e-09
730000,272,22,0,-4.632952e-13,4.2967e-12,8.376585e-14,6.480979e-20,5.9342293e-25,3.10673e-09
730000,442,431,0,-1.367588e-12,9.4731716e-11,1.3688458e-13,4.7889896e-20,3.1540812e-10,4.373601e-10
730000,154,71,0,-5.553976e-13,4.1198534e-11,1.0224666e-12,9.794199e-18,3.185806e-13,2.4678087e-10
730000,51,359,0,6.767642e-13,2.4453993e-11,8.6405086e-13,1.1010752e-16,2.1270439e-09,2.813428e-10
730000,183,421,0,-3.9363952e-13,1.3230654e-11,6.1433796e-11,1.9817347e-11,1.214421e-11,1.22256e-10
730000,418,421,0,-1.150667e-11,2.3627273e-09,8.24653e-12,2.169512e-14,4.1190877e-09,1.6823523e-10
730000,189,180,0,-1.2088271e-13,3.3263653e-13,1.42680425e-11,6.440036e-14,1.7833087e-15,7.676418e-12
730000,483,96,0,-1.1240342e-12,3.0454025e-11,4.4152255e-11,1.1489141e-12,6.08431e-14,4.3787698e-10
730000,468,326,0,-1.16349395e-11,2.3033713e-09,4.445315e-16,2.934145e-25,4.1221946e-09,2.4445207e-10
730000,363,460,0,-2.340421e-13,1.44334406e-11,1.6108827e-13,5.6740305e-20,3.7538984e-19,5.316157e-10
730000,388,91,0,1.4577903e-11,3.7715022e-11,5.46328e-16,1.7645538e-26,1.2143628e-13,1.9679272e-10
730000,299,384,0,-1.2441759e-13,8.955975e-12,2.047931e-11,3.0848634e-13,7.744941e-15,7.201417e-11
730000,370,261,0,-1.574269e-13,5.8337918e-12,1.3692872e-36,0.0,3.1008436e-22,3.3342395e-11
730000,205,358,0,-2.2264814e-13,6.482174e-12,1.591417e-17,2.9908652e-28,1.4467358e-20,3.2036502e-12
730000,221,78,0,-5.4388986e-13,3.104947e-11,4.619486e-19,6.829376e-32,2.1194135e-13,7.641321e-11
730000,382,356,0,2.1136057e-12,2.0171283e-11,7.3549194e-16,3.7894354e-25,3.1329003e-10,3.1965336e-10
730000,470,68,0,-1.2929435e-12,5.2112963e-11,1.2338459e-11,4.4763414e-14,4.5993052e-14,1.3899659e-10
730000,39,358,0,-5.4350047e-13,1.9164064e-11,2.3125601e-13,9.849669e-20,5.9097026e-17,6.6534667e-10
730000,205,295,0,-1.3783995e-13,1.7994809e-12,5.164088e-29,0.0,1.00594765e-26,3.443042e-11
730000,305,134,0,-4.1831962e-13,2.3028556e-11,1.9334405e-20,1.5072812e-35,2.7824337e-18,1.2477891e-10
730000,396,166,0,-4.7624173e-14,5.1870248e-11,4.4000387e-17,7.635674e-29,7.450992e-16,4.8424417e-11
730000,159,356,0,-4.3778563e-13,1.7162124e-11,2.3657244e-12,1.2078561e-16,3.0161025e-16,6.6696794e-11
730000,457,309,0,-4.7950435e-13,2.8543577e-11,2.7445785e-11,3.3277146e-13,1.0792395e-14,2.5372396e-10
730000,475,312,0,-6.7319853e-13,3.150335e-11,2.5802787e-13,2.3719096e-18,2.5930546e-11,2.6194005e-10
730000,374,84,0,7.402089e-14,1.0939493e-11,7.0518183e-12,8.25199e-15,9.081307e-17,2.2919529e-10
730000,91,131,0,-3.7036216e-13,2.7114538e-11,5.0465516e-15,1.6020248e-22,1.5263825e-16,3.1287117e-09
730000,86,110,0,-1.0317763e-12,7.548535e-11,2.9470347e-13,3.4544024e-18,3.9212422e-12,3.4693663e-09
730000,32,476,0,-1.5344409e-12,5.8982194e-11,9.0032174e-12,1.3674965e-14,2.2351431e-11,3.7730347e-10
730000,298,477,0,-3.4362397e-13,3.699588e-11,2.6728947e-13,7.005622e-19,2.641078e-10,2.6660493e-10
730000,113,135,0,4.033652e-11,2.134856e-11,6.120541e-14,1.6958093e-19,9.41021e-14,1.7552233e-10
730000,493,256,0,-6.411533e-13,4.6915225e-11,2.5670264e-14,3.5554054e-22,3.2465158e-10,1.8165693e-10
730000,484,39,0,-1.518334e-12,7.609841e-11,2.670418e-11,3.4623755e-13,4.3752214e-13,3.3823902e-10
730000,376,72,0,-5.575894e-13,3.8292508e-11,3.937193e-12,3.6833956e-16,1.5166426e-14,1.13121866e-10
730000,278,30,0,-3.2956515e-13,2.5328888e-11,2.6753536e-17,1.3391387e-27,1.6054707e-13,1.3548328e-10
730000,95,70,0,-5.9053733e-13,4.370121e-11,4.3511056e-11,1.9097416e-13,3.2255823e-11,2.3968516e-10
730000,69,232,0,-8.6840874e-14,2.0130048e-12,3.4794905e-09,7.1920153e-10,1.1532664e-09,1.724467e-10
730000,236,481,0,-5.172512e-13,4.1067146e-11,3.0823257e-19,4.4020718e-32,2.284921e-09,1.8104843e-10
730000,273,461,0,-4.0962345e-13,2.0595548e-11,3.8839757e-13,2.431861e-18,3.6489796e-12,2.352477e-10
730000,332,76,0,-6.82345e-13,3.432784e-11,5.224057e-23,4.3926374e-38,2.3286676e-13,3.323266e-11
730000,2,27,0,-2.9101916e-13,1.521227e-11,1.1951815e-13,7.1775883e-20,3.935623e-16,1.4067661e-10
730000,387,272,0,-2.6561902e-13,1.595464e-11,1.5233564e-30,0.0,1.6840175e-19,5.5979246e-11
730000,26,34,0,-1.5608577e-12,8.908937e-11,4.287059e-11,3.6658036e-13,3.2660276e-14,3.2541867e-09
730000,309,468,0,-2.6084815e-13,1.3234257e-11,2.1371302e-11,2.4694125e-13,3.1547637e-14,1.188942e-10
730000,51,442,0,-1.3335631e-12,1.0655761e-10,1.3744722e-13,7.6096235e-20,3.1441605e-10,3.345743e-09
730000,311,463,0,-2.6949057e-13,1.7494811e-11,1.2139831e-11,3.4625274e-14,2.4248893e-12,3.5601436e-10
730000,64,37,0,-1.263032e-12,6.227091e-11,6.044596e-11,3.3061201e-12,4.5973874e-11,7.1399844e-11
730000,14,17,0,-1.2515595e-12,8.576272e-11,4.043968e-13,1.3162855e-18,5.4458044e-13,3.8278025e-10
730000,440,43,0,-9.007347e-13,6.5316266e-11,7.485251e-11,4.5950268e-11,8.494113e-11,2.616381e-10
730000,491,185,0,-2.973337e-13,1.9302338e-11,4.042547e-13,2.4429702e-18,5.6690343e-14,7.6797055e-11
730000,2,467,0,-2.1212426e-12,1.9316358e-10,3.7583567e-13,5.2428196e-19,4.906429e-12,3.7859977e-09
730000,180,3,0,-1.0160136e-12,4.9645475e-11,5.845344e-13,4.1405568e-18,3.2861774e-10,8.112037e-10
730000,192,70,0,-5.011671e-13,4.8557994e-12,1.11522906e-13,3.5643096e-20,1.0556979e-25,6.633969e-11
730000,128,458,0,-6.3734716e-13,3.0564818e-11,4.379287e-11,2.3748614e-13,1.4142877e-13,6.0250555e-10
730000,475,4,0,-1.2123329e-12,7.930095e-11,9.105634e-12,3.0934907e-15,8.9261904e-13,5.1902194e-10
730000,222,402,0,1.2235096e-11,5.925988e-12,6.2964946e-11,4.2943742e-11,8.7721205e-11,7.807888e-11
730000,276,431,0,-4.2609582e-14,4.4204535e-14,2.1103673e-11,2.6703975e-13,5.1499938e-15,2.9884786e-11
730000,34,421,0,-8.687942e-13,3.042858e-11,6.192025e-12,2.17551e-15,1.1838434e-12,5.616099e-10
730000,433,445,0,-1.356855e-12,7.3697264e-11,1.2276203e-11,1.6762287e-15,3.449156e-11,3.526257e-10
730000,69,488,0,-1.4445823e-12,5.014117e-11,3.8403724e-15,1.1841736e-24,6.718267e-13,1.803723e-10
730000,75,148,0,-6.080448e-13,2.8714564e-11,1.3270675e-13,3.5833516e-19,2.3889987e-11,2.063351e-10
730000,93,494,0,-9.770148e-13,2.742502e-11,2.4101926e-10,5.936161e-11,4.9984142e-11,1.6266123e-10
730000,497,385,0,-1.4723139e-12,1.6896001e-10,1.4061843e-15,3.6185527e-24,2.603509e-10,2.5403998e-10
730000,33,329,0,-5.254382e-13,1.0147758e-11,4.2273164e-11,5.133584e-12,1.0595012e-12,9.925149e-11
730000,461,128,0,-1.0060324e-12,8.221668e-11,9.763245e-12,6.7484402e-15,4.9455835e-11,2.688511e-10
730000,454,329,0,-5.362772e-13,2.3021885e-11,1.5976712e-18,1.9208906e-31,7.0613226e-13,1.4456704e-10
730000,497,55,0,-1.6697485e-12,9.9403506e-11,9.403325e-19,1.7625406e-30,3.270496e-13,1.9620322e-10
730000,379,16,0,-7.165845e-13,3.005462e-11,2.761903e-13,1.1473498e-17,2.0063515e-13,9.318609e-10
730000,478,272,0,-7.0621514e-13,5.6450553e-11,3.31658e-11,3.6826995e-13,2.3405668e-11,3.7245437e-10
730000,104,492,0,-1.1928805e-12,6.748351e-11,2.0200935e-11,5.435872e-14,1.4748371e-13,3.1710985e-09
730000,81,482,0,-1.2314285e-12,4.5710536e-11,3.1537422e-11,2.840734e-13,3.7393417e-13,2.5578506e-10
730000,482,315,0,-7.1995827e-13,4.1955765e-11,1.3060839e-14,7.891182e-21,5.6690756e-14,4.775371e-10
730000,172,463,0,-5.0209554e-13,9.840062e-12,2.986225e-13,4.0686747e-19,2.3644565e-18,1.4071569e-10
730000,6,210,0,-4.258878e-13,6.210753e-12,8.82922e-12,2.7399597e-15,3.3162936e-18,2.542881e-10
730000,456,19,0,-1.1869235e-12,6.142663e-11,6.062863e-14,2.56228e-21,1.3499215e-15,9.910695e-11
730000,440,497,0,-5.861252e-13,1.2040916e-11,2.0370916e-10,1.6650173e-11,3.9442776e-12,3.310187e-10
730000,488,100,0,-1.079203e-12,4.1494284e-11,3.2040277e-11,3.3295014e-13,5.337572e-11,3.2872977e-10
730000,40,109,0,-8.2325374e-13,3.695569e-11,4.6185254e-14,3.7715126e-21,3.0092015e-10,8.616792e-11
730000,18,52,0,-1.3134664e-12,8.035778e-11,3.644843e-11,2.125068e-12,7.0188755e-13,3.2195722e-09
730000,494,403,0,-8.8833026e-13,3.7001013e-11,6.9746236e-12,9.1105475e-15,1.4465357e-12,3.2851502e-09
730000,12,309,0,-6.6421304e-13,2.8847733e-11,5.884903e-11,1.9758506e-11,1.33254284e-11,1.9897747e-10
730000,176,498,0,-5.9319644e-13,2.6260499e-11,2.4947841e-15,2.4100507e-24,6.348134e-11,9.652538e-11
730000,179,77,0,-3.888944e-13,4.7001127e-12,3.2676155e-21,4.3419475e-35,3.0934163e-24,7.609177e-11
730000,495,143,0,-7.8793314e-13,4.4587598e-11,2.4318804e-11,3.0910878e-13,5.999343e-14,1.6347942e-10
730000,12,137,0,-7.407141e-13,3.399393e-11,1.4961939e-12,1.5777487e-17,1.0563698e-15,3.2175775e-09
730000,464,154,0,-3.1696192e-13,4.6141372e-11,1.8819434e-12,5.326674e-17,4.2297728e-11,1.9786955e-10
730000,206,409,0,1.7257729e-14,3.882163e-12,8.2018385e-12,4.6820284e-15,7.498609e-18,7.413181e-11
730000,88,480,0,-1.1329307e-12,3.258283e-11,3.5576587e-13,1.7065995e-18,1.2110616e-15,1.5441545e-10
730000,498,423,0,-9.932506e-13,3.574603e-11,1.2588983e-13,2.7990285e-19,4.066293e-14,2.6131708e-10
730000,274,474,0,-4.659248e-13,4.0092967e-11,1.4066134e-16,6.201848e-26,4.9395926e-12,3.1027336e-09
730000,98,429,0,-1.0134252e-12,5.1624503e-11,4.2713954e-11,7.9909283e-13,1.9421582e-12,1.786983e-10
730000,478,44,0,-1.4004067e-12,8.176671e-11,1.3170284e-10,4.53005e-11,1.3110711e-10,3.5197072e-09
730000,224,6,0,-6.5573084e-13,7.749613e-12,1.1600591e-16,5.257759e-26,1.5006273e-24,4.6078828e-11
730000,44,194,0,-5.0365506e-13,2.7048957e-11,1.64426e-11,1.6655241e-13,3.926138e-15,1.3537324e-10
730000,485,202,0,-2.8394138e-13,3.754882e-12,4.2226837e-15,1.4290501e-24,1.2741449e-26,2.2424779e-10
730000,273,31,0,-3.3070627e-13,9.418403e-12,2.4879982e-14,7.823173e-21,6.6111315e-22,3.8084185e-11
730000,499,3,0,-1.0948271e-12,7.370267e-11,2.764058e-12,6.329054e-17,1.7185358e-12,4.0941445e-10
730000,382,6,0,-6.4492964e-13,3.2959493e-11,6.4150157e-16,3.3212683e-25,2.3889989e-11,5.941878e-11
730000,494,428,0,-1.1037177e-12,3.9121404e-11,3.464562e-09,7.191881e-10,1.1532664e-09,3.4472064e-10
730000,121,4,0,-8.935848e-13,3.842126e-11,8.6653705e-11,4.1718774e-11,3.667782e-10,2.2572708e-10
730000,24,411,0,-9.329087e-13,2.1513728e-11,2.6049618e-12,1.3267966e-16,2.9838158e-17,4.764201e-10
730000,43,182,0,-5.1133723e-13,3.202905e-11,6.515936e-13,2.3740615e-18,2.7704933e-10,1.3388354e-10
730000,491,35,0,-1.5874271e-12,8.097592e-11,8.494383e-12,2.2713438e-14,4.0037464e-13,3.0118052e-10
730000,334,67,0,-6.4098797e-13,2.2827245e-11,2.0758492e-18,1.5504619e-26,1.1168549e-15,2.6818053e-10
730000,419,31,0,-7.45818e-13,4.994561e-11,1.3204819e-12,1.32743215e-17,2.4887791e-11,9.164696e-11
730000,499,420,0,-9.411458e-13,2.961111e-11,6.5922826e-14,4.7357613e-21,5.7147725e-17,3.9221046e-10
730000,323,21,0,-8.255969e-13,4.7490914e-11,1.8125983e-14,2.9455306e-21,4.549191e-16,1.5802087e-10
730000,482,361,0,-7.954636e-13,2.5456645e-11,3.4351893e-11,1.4861985e-13,7.324844e-15,2.437153e-10
730000,59,486,0,-1.672814e-12,9.248444e-11,4.987746e-13,8.544135e-18,2.4403021e-11,2.4213423e-10
730000,227,456,0,-4.4279484e-13,2.4434592e-11,6.701933e-13,2.6531152e-18,3.92105e-12,5.0023585e-10
730000,42,233,0,-1.1927875e-13,4.3834017e-13,2.7534546e-11,3.328988e-13,7.142699e-15,1.633413e-10
730000,34,277,0,-1.9665928e-13,1.6828009e-12,2.5941965e-14,2.7555328e-22,5.587652e-28,1.0583936e-10
730000,60,210,0,-2.797142e-13,3.075224e-12,7.4821777e-16,1.1428992e-25,2.3045566e-24,1.8523719e-10
730000,15,221,0,-3.8633568e-13,2.1650426e-11,3.3923303e-12,1.7952453e-16,2.3963631e-15,1.3410377e-10
730000,7,426,0,-1.0364358e-12,5.2899678e-11,3.703768e-12,6.82434e-16,4.4906006e-12,2.2240759e-10
730000,488,169,0,-3.3758066e-13,1.695652e-11,6.459211e-14,3.1594541e-21,5.614476e-14,3.2002623e-09
