mcsteps,xCOM,yCOM,zCOM,il8,il1,il6,il10,tnf,tgf
750000,84,376,0,2.0661999e-09,4.543402e-11,4.6518664e-15,2.7483338e-24,6.731484e-17,1.3296757e-10
750000,432,181,0,2.0671471e-09,3.516601e-11,1.6773606e-12,2.1485279e-16,1.3794592e-13,7.26347e-11
750000,409,105,0,2.0663646e-09,3.044359e-11,1.5860986e-18,2.119803e-30,3.1685413e-10,9.280551e-11
750000,247,394,0,2.0664153e-09,1.0019206e-10,2.9714146e-14,1.0854995e-21,1.340763e-10,6.142126e-11
750000,132,141,0,2.0666715e-09,2.9541248e-11,1.7468218e-25,1.7055e-41,4.0220227e-16,1.1859062e-10
750000,286,72,0,2.0665414e-09,3.4402196e-11,1.5228636e-13,2.1630201e-20,1.6256873e-14,2.491283e-10
750000,365,385,0,2.0678526e-09,1.13735904e-11,1.7898954e-13,1.110019e-18,5.349232e-19,3.0345258e-11
750000,379,420,0,2.0677557e-09,3.0163556e-11,3.1839348e-13,2.2852894e-19,1.4138655e-14,1.1418303e-10
750000,426,219,0,2.1177726e-09,5.798804e-12,1.7310063e-12,1.0029837e-16,1.867948e-19,1.14676026e-10
750000,444,225,0,2.1169444e-09,2.1398463e-11,3.4441094e-12,1.2885946e-15,8.098003e-18,1.9536803e-10
750000,131,475,0,-7.3377947e-13,3.526045e-11,6.007188e-11,4.1763728e-11,2.111252e-09,3.3554404e-10
750000,465,123,0,-1.0065882e-12,6.0562756e-11,9.6886096e-11,4.4534924e-11,1.1899182e-10,3.6434067e-10
750000,184,285,0,-8.570275e-14,2.3159623e-12,1.3758876e-20,7.0267944e-36,4.306032e-22,7.22881e-12
750000,345,148,0,-3.722899e-13,2.0708001e-11,1.2851692e-15,3.204191e-25,1.5355671e-15,7.9394035e-12
750000,363,107,0,-5.9274e-14,9.252838e-13,4.802461e-13,1.0265575e-18,1.1149978e-23,1.1366301e-10
750000,398,159,0,-2.4433404e-13,9.048239e-11,3.9681135e-13,8.370676e-19,6.9425164e-12,9.5361594e-11
750000,472,420,0,-1.4282453e-12,9.364446e-11,3.2704367e-10,4.8004233e-11,1.0624577e-10,4.097826e-10
750000,169,339,0,-3.2454635e-13,8.779883e-12,1.070426e-22,5.57927e-40,8.958759e-22,1.399711e-11
750000,215,54,0,-8.5378986e-13,5.4612752e-11,4.170502e-11,7.578621e-14,6.175253e-11,1.4536347e-10
750000,359,201,0,-3.800224e-13,1.6459903e-11,3.6524186e-20,1.9964896e-35,1.5782159e-20,8.674693e-11
750000,40,37,0,-1.5333358e-12,6.1769284e-11,3.761181e-11,5.5099783e-12,1.4877023e-12,2.2464049e-10
750000,343,365,0,6.117128e-12,2.7002716e-11,6.2269593e-15,1.5575374e-23,2.1713543e-13,3.9463533e-11
750000,92,34,0,-1.0024721e-12,3.8062213e-11,1.107066e-12,1.10208694e-16,6.9552455e-15,1.0510036e-10
750000,314,218,0,-2.4718124e-14,2.9344882e-16,1.1928205e-22,1.69071e-40,0.0,2.4075417e-14
750000,231,243,0,-5.853932e-16,1.1255816e-23,0.0,0.0,0.0,6.3690607e-12
750000,462,314,0,-5.3838406e-13,3.3214924e-11,3.1930892e-11,4.0740764e-13,1.7526436e-12,3.0995442e-10
750000,147,340,0,-5.440303e-13,2.1057055e-11,6.844999e-22,3.653226e-36,6.4195907e-16,6.651988e-12
750000,310,176,0,-1.9283678e-13,2.6096595e-12,4.7743405e-25,3.31e-43,7.9671936e-29,7.055872e-11
750000,231,64,0,-8.13153e-13,6.8919266e-11,5.4739314e-16,4.803524e-25,5.5830254e-12,1.3055822e-10
750000,336,314,0,-1.8639796e-13,1.4181578e-11,8.420383e-36,0.0,1.3393625e-18,4.2836883e-11
750000,233,293,0,-1.8286203e-14,5.3380893e-17,9.2588926e-29,1e-45,5.6e-44,1.8642033e-14
750000,312,157,0,-3.2224855e-13,5.4348926e-12,3.8875885e-30,0.0,6.0372002e-24,2.2491363e-11
750000,41,237,0,-1.103127e-13,2.6806775e-12,4.413656e-12,3.1740492e-16,1.01608385e-19,3.3740785e-10
750000,258,340,0,-2.2678953e-13,4.7354686e-11,7.617155e-24,1.2995325e-37,7.6079585e-12,1.06777295e-10
750000,174,84,0,-4.004219e-13,5.868518e-12,5.5555327e-19,9.8839334e-33,4.608087e-27,1.5003022e-10
750000,493,266,0,-6.1434153e-13,2.936177e-11,2.2661992e-11,3.299765e-13,2.2474352e-13,2.0603291e-10
750000,252,37,0,-6.3077327e-13,2.4010035e-11,4.2693632e-13,3.313304e-18,3.066084e-13,1.638899e-10
750000,361,67,0,-7.6240327e-13,4.3638548e-11,3.9754945e-15,2.3568296e-23,1.9087015e-13,4.9932537e-11
750000,36,52,0,-1.272372e-12,6.9152996e-11,2.2301523e-12,2.0520353e-16,2.8030736e-11,4.309378e-10
750000,158,353,0,-4.773309e-13,3.316908e-11,9.5290136e-14,1.3993125e-20,4.1343855e-11,2.8972774e-11
750000,24,395,0,-1.321649e-12,4.4063565e-11,1.6731723e-10,4.975252e-12,9.345558e-13,4.882897e-10
750000,420,128,0,1.4210243e-11,5.8597176e-11,4.5661256e-11,5.5588815e-12,3.0230293e-10,3.83235e-11
750000,485,68,0,-1.3864361e-12,5.1202202e-11,3.201782e-14,1.6337613e-21,1.1956927e-12,4.1083817e-10
750000,84,289,0,-1.7490095e-13,3.7430918e-12,2.9154934e-12,5.808696e-17,4.5475365e-21,2.9982315e-11
750000,147,335,0,-4.985198e-13,1.0353594e-11,2.2702738e-22,3.8815342e-38,1.3011171e-23,1.0112769e-11
750000,184,33,0,-6.833564e-13,3.5730516e-11,4.0686573e-13,2.713518e-18,4.2006114e-16,2.9520633e-10
750000,84,481,0,-1.1794362e-12,3.4086987e-11,3.7285234e-11,4.0449943e-13,2.949428e-14,1.4133984e-10
750000,110,342,0,-3.7945377e-13,3.5128168e-11,2.869792e-16,5.708407e-26,1.6631518e-15,6.735731e-11
750000,377,64,0,-7.800698e-13,5.3149648e-11,3.407768e-11,3.4536832e-13,2.3058916e-11,2.169212e-10
750000,129,439,0,-3.5271476e-13,4.721703e-13,9.053015e-15,5.545198e-23,1.12937916e-29,1.6626153e-10
750000,84,39,0,-9.381633e-13,4.6669866e-11,4.2886898e-14,1.4490373e-21,2.4914506e-11,2.9331357e-10
750000,104,398,0,5.9207183e-12,1.8080658e-11,2.8474632e-15,7.466396e-24,5.8981698e-21,2.1391897e-10
750000,473,396,0,-1.136091e-12,3.8931577e-11,2.6756541e-11,2.1684518e-12,4.965946e-13,3.1369116e-10
750000,282,91,0,4.6028636e-11,3.241024e-11,1.9509548e-11,8.0155236e-14,1.81913e-13,9.852068e-12
750000,489,268,0,-6.2764057e-13,4.2577643e-11,1.4060736e-11,2.7927545e-14,2.149704e-11,2.886181e-10
750000,11,85,0,-1.1712962e-12,5.519386e-11,1.0121696e-11,5.2222986e-15,1.6229082e-13,2.8770072e-10
750000,175,250,0,-4.2010263e-15,4.304094e-20,2.9385473e-11,7.75015e-13,4.0606106e-14,5.3294667e-11
750000,390,452,0,2.1277817e-12,4.0131704e-11,5.4060394e-14,3.947705e-20,1.2003292e-14,4.525117e-11
750000,426,223,0,6.6186545e-10,9.457397e-12,8.734318e-14,2.8681463e-20,2.044015e-21,1.4918417e-10
750000,93,406,0,3.992948e-12,2.4589749e-11,1.4876699e-16,1.3058233e-24,1.7088352e-15,2.2887403e-10
750000,333,188,0,-1.9313584e-13,6.152871e-12,1.3238243e-15,2.7297016e-25,5.562496e-19,2.6070633e-11
750000,472,327,0,-8.8941495e-13,3.3873997e-11,1.9768086e-17,1.7726721e-29,3.1853775e-10,2.6088054e-10
750000,156,146,0,1.8128018e-11,2.4553031e-11,1.0829611e-12,1.9728575e-17,9.823512e-16,5.577177e-11
750000,414,180,0,5.886166e-11,7.472727e-11,8.815915e-19,9.635415e-32,1.7207174e-12,1.3696241e-10
750000,498,133,0,-9.486319e-13,5.1410508e-11,2.210913e-12,1.2743018e-16,7.827003e-16,1.468986e-10
750000,253,72,0,2.719359e-12,3.0760297e-11,1.7032145e-14,5.542712e-22,4.573625e-14,1.0976675e-10
750000,206,230,0,-6.3072194e-14,7.1191696e-13,1.756966e-19,1.1973683e-30,1.718522e-31,5.1305456e-11
750000,476,268,0,-6.950794e-13,7.733335e-11,5.455739e-11,3.6698547e-11,1.1484027e-10,2.0140238e-10
750000,231,386,0,6.0381505e-11,1.9010188e-12,1.6922938e-12,3.2480177e-16,4.735986e-19,4.43607e-11
750000,105,89,0,-4.9135544e-13,1.7925278e-11,4.1305718e-12,1.8894323e-16,9.0462014e-17,9.281766e-10
750000,236,157,0,-7.4539076e-14,4.512221e-12,1.0872543e-22,2.5944e-41,2.4550235e-19,1.6256288e-12
750000,322,144,0,-3.5340147e-13,1.222277e-11,2.0474495e-17,4.450712e-28,8.484286e-14,2.5687564e-12
750000,440,170,0,1.2177886e-10,6.4232945e-11,6.818684e-13,2.377722e-18,3.287043e-10,9.35912e-11
750000,233,406,0,5.4718216e-11,2.4896175e-11,8.0475394e-13,2.614668e-18,5.23832e-11,1.1948963e-10
750000,12,322,0,-7.716865e-13,4.52619e-11,1.6195041e-12,1.8557879e-16,3.3914974e-12,2.3853053e-10
750000,245,67,0,-1.4173213e-13,1.9147045e-11,5.519226e-12,8.321334e-16,1.9405767e-18,1.0821256e-10
750000,197,1,0,-1.4312991e-12,1.7020342e-10,1.7418715e-10,6.9641244e-11,1.4231744e-10,3.6808895e-10
750000,479,240,0,6.3342967e-13,1.1387138e-11,1.4919538e-13,3.6156252e-20,7.710395e-20,6.42268e-11
750000,383,295,0,-2.7893104e-13,1.7366898e-11,4.267846e-28,0.0,2.967588e-18,1.6218117e-12
750000,461,397,0,-1.2101085e-12,7.164155e-11,3.2550677e-11,5.511646e-13,4.6217512e-11,7.571291e-10
750000,198,148,0,-3.473021e-13,3.5090503e-11,6.734037e-23,8.94083e-40,2.8577946e-10,5.3011175e-11
750000,106,453,0,-1.0397226e-12,5.1258022e-11,7.4565895e-11,1.9732717e-11,1.42624e-11,9.549136e-10
750000,346,467,0,-6.241759e-13,7.282122e-11,3.2336826e-12,8.122456e-16,6.066125e-10,1.028723e-10
750000,33,262,0,-2.322708e-13,7.566259e-12,1.0804048e-11,1.4153697e-14,1.09268924e-16,1.9799569e-10
750000,190,246,0,-3.6770205e-14,3.0951245e-14,1.3615265e-18,9.797984e-29,5.4833425e-36,1.2896881e-11
750000,245,132,0,-2.4568227e-13,1.4279913e-12,1.3952239e-27,0.0,2.429357e-29,9.360894e-12
750000,73,68,0,-5.531569e-13,4.2864618e-11,1.6842713e-11,7.964312e-14,3.2016356e-10,1.6735502e-10
750000,432,405,0,-1.1772257e-12,9.667914e-11,3.9787326e-11,2.173962e-12,1.3477036e-10,2.0069221e-10
750000,321,324,0,-9.566417e-14,2.961373e-13,3.2222248e-28,0.0,5.907782e-34,9.723565e-11
750000,32,342,0,-6.170607e-13,3.8021093e-11,5.7634633e-11,3.6241186e-12,5.937612e-13,1.4065268e-10
750000,334,201,0,-1.2819424e-13,2.762639e-13,2.2330162e-17,1.09470415e-29,2.9744154e-36,5.0614807e-10
750000,356,22,0,-7.6707423e-13,3.4963216e-11,6.8295937e-12,7.154188e-15,3.0085888e-12,2.8021063e-10
750000,76,446,0,-1.2052188e-12,3.3312828e-11,1.2546273e-12,1.6735737e-17,2.0937091e-17,3.653675e-10
750000,418,289,0,-2.4124477e-13,1.0212706e-11,1.1931995e-17,5.9508975e-30,5.6239187e-16,1.8914505e-10
750000,484,235,0,9.1062886e-14,7.742977e-12,3.575931e-11,1.3664087e-12,1.7875453e-13,9.7311194e-11
750000,257,78,0,5.961327e-12,3.225364e-11,3.1344705e-13,2.9572782e-19,1.6839743e-16,1.9254079e-10
750000,417,342,0,-3.370353e-13,3.3661414e-11,1.9294224e-20,5.8151177e-32,4.865856e-14,7.9867765e-11
750000,253,464,0,-3.310966e-13,3.857254e-12,5.80245e-14,4.6979054e-20,4.462605e-24,2.1585067e-10
750000,45,416,0,-1.2317108e-12,9.750069e-11,1.4011829e-13,4.256833e-19,2.661883e-12,1.7117675e-10
750000,431,447,0,-1.276856e-12,6.8898935e-11,3.289153e-11,9.005892e-13,3.6333783e-11,7.454062e-10
750000,436,56,0,-8.3929657e-13,3.9687552e-11,5.2061286e-11,5.012477e-12,9.845831e-13,3.7961015e-10
750000,136,112,0,7.0371096e-12,7.4379105e-12,2.338361e-16,7.786519e-25,6.7079955e-18,4.4687986e-11
750000,172,114,0,-2.3920248e-13,1.3040689e-11,1.8042022e-20,3.9816206e-35,7.1760615e-16,3.544241e-10
750000,265,261,0,-4.3487277e-15,2.2856115e-18,7.255e-42,0.0,0.0,1.1800047e-11
750000,303,39,0,4.840431e-13,5.596552e-11,1.0297654e-12,1.4409005e-17,1.09740105e-13,1.4237074e-10
750000,337,208,0,-1.3528001e-13,3.3933678e-12,4.1621323e-13,9.479764e-19,1.8088269e-20,4.7936665e-11
750000,377,336,0,-3.4978577e-13,9.128854e-12,5.560194e-13,6.3307627e-18,5.604938e-21,8.299742e-11
750000,120,379,0,1.1917803e-12,3.1170625e-11,8.3847566e-17,9.179078e-29,2.2382216e-09,1.0792165e-10
750000,186,337,0,-1.2132342e-13,5.775419e-14,2.9627606e-29,4e-45,1.0172e-41,8.581488e-11
750000,359,178,0,-3.4015854e-13,3.507623e-12,6.895533e-20,2.4730453e-32,1.7386828e-25,6.8750895e-12
750000,385,28,0,-7.970801e-13,2.187467e-11,5.472852e-13,1.3206972e-18,9.227372e-15,1.397012e-10
750000,339,259,0,-1.9491207e-13,9.7999855e-12,1.4621286e-26,0.0,1.640362e-21,5.963524e-12
750000,188,174,0,-1.4509308e-13,8.530907e-13,4.1425714e-13,2.017813e-18,1.2804461e-22,5.2986664e-11
750000,342,259,0,-2.0897727e-13,1.9056303e-11,1.7093323e-28,0.0,6.14012e-17,4.215114e-12
750000,20,118,0,-9.164186e-13,4.5502747e-11,8.206773e-12,7.913241e-15,3.0945418e-10,1.13216596e-10
750000,112,183,0,-3.055098e-13,3.4015256e-11,1.0204277e-16,2.6167906e-26,6.894149e-16,1.3458533e-10
750000,240,101,0,-7.2206667e-13,4.9957063e-11,8.9953106e-17,9.903499e-27,3.0246416e-11,5.55821e-11
750000,134,57,0,-8.754322e-13,5.0116647e-11,1.7073381e-11,3.261718e-14,6.389226e-12,3.5856892e-10
750000,308,264,0,-1.9249356e-13,5.7413566e-12,4.062958e-11,3.3974866e-13,9.607251e-15,2.3587547e-13
750000,481,163,0,-4.3351217e-13,8.733067e-12,2.649793e-13,1.9618462e-19,5.996522e-20,1.0722775e-10
750000,107,357,0,5.678866e-12,2.8219796e-11,4.827472e-16,2.6324362e-25,2.8252965e-20,2.1445027e-12
750000,290,45,0,1.0074223e-11,5.54255e-11,5.236276e-14,2.6269101e-21,3.5808856e-13,1.7054809e-10
750000,56,74,0,-6.3310295e-13,1.11565245e-11,2.1912737e-11,8.9261525e-14,1.7214266e-12,1.7239345e-10
750000,409,93,0,1.5863644e-10,3.5259948e-11,4.4467446e-12,3.298233e-15,2.2982682e-13,1.7144985e-10
750000,443,149,0,1.7203096e-12,3.0714802e-11,1.7056517e-12,4.5746784e-17,1.7744814e-15,5.4031246e-10
750000,342,345,0,-2.0050462e-13,9.8791565e-12,1.0661946e-27,0.0,4.9015166e-19,1.2196453e-11
750000,130,137,0,5.48469e-10,3.0347298e-11,7.6315635e-21,1.22650456e-32,2.891965e-16,1.8377197e-10
750000,33,371,0,-7.929432e-13,7.9818985e-11,1.8789253e-13,4.1014303e-20,3.1779734e-10,2.0166552e-10
750000,187,246,0,-2.9031397e-14,7.552838e-15,1.3114065e-17,1.7421741e-28,2.8110787e-37,2.3988355e-11
750000,322,120,0,-4.4458493e-13,4.015936e-11,5.992549e-13,4.6842345e-18,2.197417e-11,1.3496326e-10
750000,364,245,0,-2.7201638e-13,8.004932e-12,3.3829936e-21,8.9262105e-35,8.995438e-22,1.1778663e-10
750000,353,342,0,-2.298281e-13,1.849815e-11,1.8504026e-19,5.12922e-33,2.6816635e-13,2.2923431e-10
750000,406,254,0,2.7227444e-13,3.61948e-11,3.973156e-12,2.598958e-15,8.960117e-15,2.0514196e-10
750000,319,327,0,-9.009265e-14,2.8224767e-13,9.746098e-28,0.0,1.5694177e-35,1.3050117e-10
750000,405,73,0,3.2086417e-12,2.3557978e-11,2.2572896e-12,9.968765e-17,4.344959e-12,1.5564788e-10
750000,98,298,0,-1.4747238e-13,6.244565e-12,5.7196387e-15,4.7983447e-24,6.145911e-17,3.0203888e-09
750000,177,333,0,-1.7180144e-13,5.482468e-13,8.438848e-29,0.0,3.809188e-33,3.0198994e-09
750000,137,430,0,-2.3635849e-13,5.8029444e-13,7.560276e-14,5.926838e-21,5.184404e-27,2.0362512e-10
750000,143,374,0,-2.7552152e-13,3.967044e-12,1.29959935e-14,4.8109726e-22,7.9883103e-23,1.2395149e-10
750000,148,389,0,-2.8805948e-13,1.838027e-11,1.574984e-11,9.786452e-14,1.4953663e-15,1.5124124e-10
750000,253,218,0,-1.4313268e-14,7.233249e-16,3.5177365e-27,0.0,0.0,2.3364735e-12
750000,358,484,0,-3.969374e-13,1.808232e-11,1.2455943e-11,1.4171279e-14,1.3002689e-16,1.204296e-10
750000,483,396,0,-1.0705535e-12,2.4348799e-11,1.8978627e-12,4.464388e-16,2.9851383e-17,8.51939e-11
750000,133,150,0,2.544794e-10,1.2963638e-11,6.2996286e-24,3.071513e-38,1.3683262e-17,1.791517e-10
750000,9,359,0,-9.655962e-13,3.7072533e-11,7.542628e-12,3.4894704e-15,2.2198153e-13,4.061544e-11
750000,383,264,0,-2.1837206e-13,2.2161733e-11,6.984546e-28,0.0,1.9265544e-11,4.150599e-11
750000,308,419,0,-1.0403978e-13,1.00342525e-13,1.844351e-14,1.3683832e-21,1.4761669e-27,1.5585519e-10
750000,313,139,0,-4.4135e-13,5.8147837e-11,1.6769801e-17,3.1108788e-30,7.758579e-11,6.32663e-12
750000,453,15,0,-1.1127325e-12,8.706655e-11,8.300193e-12,8.966476e-15,1.6109983e-11,2.0198314e-10
750000,348,450,0,-2.684247e-13,2.8461667e-11,1.8799143e-16,2.9179071e-27,1.368568e-13,8.73805e-11
750000,459,74,0,-1.3040432e-12,6.977249e-11,4.5972167e-13,3.7238033e-18,2.1929203e-09,2.89259e-10
750000,2,101,0,-1.2867896e-12,7.338612e-11,9.4560054e-11,8.750413e-12,5.985773e-12,2.2398407e-10
750000,478,253,0,-3.337385e-13,3.6490172e-11,1.8573918e-14,2.3351293e-22,1.3710249e-13,6.2891185e-11
750000,0,491,0,-2.5588615e-12,1.6771781e-10,6.540576e-12,2.183544e-15,3.283422e-10,1.02824235e-10
750000,480,283,0,-6.203292e-13,1.2749787e-11,1.4687343e-11,5.0776393e-14,2.8950355e-16,1.6221109e-10
750000,25,301,0,-5.243844e-13,3.7618506e-11,1.676899e-11,1.6096055e-13,4.8405828e-11,1.9190455e-10
750000,73,429,0,-1.0227415e-12,5.100983e-11,3.8713967e-12,3.1137312e-15,3.1586997e-13,2.2336051e-10
750000,114,214,0,-2.7473178e-14,6.5071866e-15,9.108855e-17,6.995868e-28,3.7080413e-37,1.4469874e-10
750000,281,188,0,-6.062916e-14,2.5256429e-12,1.668274e-20,2.3837725e-33,1.7829122e-24,1.9596868e-18
750000,34,210,0,-5.341544e-13,3.571817e-11,8.40217e-12,2.0702712e-14,3.1549871e-12,4.0402245e-10
750000,215,271,0,-1.5190555e-13,3.230193e-13,0.0,0.0,2.635123e-26,3.850147e-11
750000,194,145,0,-4.624209e-13,2.0128281e-11,5.231235e-22,7.40875e-40,2.436495e-16,3.471298e-11
750000,478,356,0,-7.3095414e-13,3.736103e-11,8.245642e-12,5.2694733e-15,5.438486e-11,1.9730828e-10
750000,299,320,0,-1.6654145e-13,5.075776e-12,1.0791961e-11,1.27805515e-14,4.6094223e-17,5.5131892e-11
750000,368,467,0,-4.0805746e-13,1.9039036e-11,3.383727e-11,1.2467194e-12,8.343916e-14,1.6681811e-10
750000,277,89,0,4.742341e-11,3.3517113e-11,1.1557239e-11,1.863036e-14,1.1396438e-16,5.333838e-11
750000,398,121,0,4.596769e-11,2.9890392e-11,2.0005332e-18,1.256332e-30,1.6055486e-13,2.1774361e-10
750000,433,349,0,-4.083182e-13,1.6680893e-11,1.1459222e-12,1.2040065e-16,1.1802354e-14,1.4433266e-10
750000,181,417,0,-3.1743678e-13,1.0780173e-11,2.8554046e-11,8.502425e-13,4.835132e-14,4.7255828e-11
750000,420,126,0,2.0384559e-11,5.0340357e-11,4.9822056e-11,6.007352e-13,3.0094519e-10,1.9471645e-11
750000,125,383,0,8.024771e-14,1.0277614e-11,3.372607e-17,1.5144659e-27,2.4379985e-20,5.369364e-11
750000,144,185,0,-1.7136513e-14,4.195092e-12,7.932678e-20,1.9456948e-33,4.5962864e-23,6.2179976e-11
750000,108,182,0,-3.2708813e-13,3.5474103e-11,1.5537447e-16,1.7510694e-27,1.1257137e-11,1.1148531e-10
750000,416,194,0,4.890886e-11,5.573942e-11,8.6691666e-19,2.468701e-32,3.9535458e-11,1.906209e-10
750000,226,78,0,-5.514098e-13,1.576139e-11,1.1325246e-15,5.9184245e-25,5.292662e-20,9.966089e-11
750000,163,278,0,-8.817742e-15,1.3956276e-18,3.9611588e-29,0.0,0.0,7.066676e-11
750000,220,142,0,-1.2284144e-11,2.433003e-09,6.296361e-11,4.2943742e-11,4.2077843e-09,3.0599788e-13
750000,346,72,0,-6.653824e-13,5.102217e-11,7.785317e-22,4.453694e-37,3.0746197e-10,1.2245955e-11
750000,181,216,0,-2.0955234e-14,5.7682965e-15,1.1976637e-21,3.8124784e-37,3e-45,2.1902209e-10
750000,353,415,0,1.6219363e-11,1.5715842e-11,8.682179e-19,1.9538954e-31,1.3687405e-12,7.118517e-11
750000,388,148,0,-4.5154996e-13,3.461274e-11,8.299192e-20,2.3870284e-34,1.0553873e-12,4.8447746e-11
750000,37,240,0,-1.2769581e-13,2.592675e-12,9.753026e-13,8.346549e-17,8.3469555e-20,1.6482941e-10
750000,220,50,0,-8.6245334e-13,4.4911328e-11,6.900097e-11,6.3310457e-13,6.617939e-13,2.7192004e-10
750000,165,160,0,7.2226453e-13,2.5984477e-11,2.220381e-11,1.7219112e-13,8.6821334e-15,7.099589e-11
750000,142,187,0,-4.2017286e-14,5.930222e-12,4.4365667e-19,1.9172335e-32,1.2713327e-17,5.679922e-11
750000,403,116,0,1.4550426e-10,3.4386237e-11,8.809895e-19,6.757752e-32,1.17790875e-14,5.4635293e-11
750000,45,182,0,-4.999119e-13,2.6916499e-11,1.6241447e-13,3.259556e-20,2.0026311e-12,1.0040814e-10
750000,344,275,0,-3.869117e-13,9.14708e-12,8.39247e-40,0.0,6.8089534e-20,9.520724e-11
750000,332,346,0,-1.5324467e-13,8.8960946e-13,5.7312774e-31,0.0,1.0684658e-31,2.2217593e-10
750000,112,448,0,-8.8486114e-13,7.9860785e-11,5.158481e-13,1.128391e-18,3.24098e-10,9.2425706e-11
750000,248,103,0,-4.1831466e-13,1.02341816e-11,3.1069985e-14,8.749532e-22,5.692072e-22,3.006016e-09
750000,199,66,0,-1.249125e-12,7.822318e-11,7.781264e-12,5.2502e-15,1.2781358e-12,3.1277716e-09
750000,362,168,0,-4.788801e-13,2.9097492e-11,2.3455264e-17,4.7189713e-29,1.2078446e-17,3.0096006e-09
750000,339,402,0,4.861934e-12,2.389553e-11,1.6046499e-14,3.2090554e-22,4.389563e-13,3.0879788e-09
750000,4,470,0,-2.1631939e-12,1.710776e-10,1.1945125e-11,2.5904277e-14,2.2666953e-09,3.3417236e-09
750000,226,223,0,-3.6476576e-14,4.4396258e-15,3.70387e-40,0.0,4.435e-42,3.2642873e-17
750000,244,263,0,-1.006094e-15,5.920398e-21,4.955785e-39,0.0,0.0,5.875245e-11
750000,277,192,0,-5.6693602e-14,4.351028e-13,1.2760467e-18,4.685537e-31,1.5362009e-29,2.593608e-18
750000,154,490,0,-6.5475576e-13,5.2988863e-11,3.3010736e-13,1.6527017e-17,2.0844861e-09,8.79031e-11
750000,414,27,0,-7.020252e-13,4.2174965e-11,6.335047e-11,1.0907898e-11,8.0648205e-12,1.3050487e-10
750000,322,393,0,-1.1527172e-13,2.6916917e-11,2.1492657e-17,5.555976e-30,5.5252737e-17,6.1230146e-11
750000,352,120,0,-3.1591957e-13,6.4857126e-12,6.044458e-12,3.9599786e-15,6.178181e-18,7.282616e-11
750000,286,336,0,-9.218455e-14,3.3439469e-12,1.7041695e-16,1.3215825e-25,2.804867e-20,7.019954e-11
750000,403,89,0,6.862295e-11,4.2488634e-11,2.8949182e-12,4.885613e-16,3.3860991e-12,3.9415998e-11
750000,159,39,0,-5.831256e-13,1.5428193e-11,2.3719928e-13,2.4253437e-19,2.6905846e-17,1.8211703e-10
750000,21,55,0,-1.3334259e-12,6.0951445e-11,4.0280214e-12,3.8231446e-16,2.329452e-13,2.9683278e-10
750000,185,211,0,-2.8151106e-14,1.5987737e-14,7.680778e-24,3.36265e-40,1e-45,1.3855499e-10
750000,103,4,0,-1.4524454e-12,8.883141e-11,1.8312395e-11,3.127363e-14,8.9553457e-13,2.6693175e-10
750000,386,491,0,-8.817995e-13,4.2113348e-11,5.40153e-12,1.0637938e-15,6.902398e-16,1.9060349e-10
750000,137,99,0,4.152492e-14,9.668036e-12,2.277942e-12,1.2640195e-16,7.6322165e-20,1.82348e-10
750000,250,53,0,-1.3003487e-13,2.6016946e-11,1.6522534e-13,1.9283133e-18,2.937017e-16,3.1255085e-09
750000,143,397,0,-3.0023594e-13,3.8228285e-11,3.1757163e-11,2.100758e-12,1.3046756e-12,3.0532619e-09
750000,162,127,0,2.8704617e-12,4.061118e-11,4.3180228e-15,5.287149e-24,1.772795e-11,3.026688e-09
750000,370,187,0,-3.736262e-13,1.412774e-11,6.578447e-19,1.420021e-33,4.0017958e-20,3.0235778e-09
750000,411,306,0,-2.0723165e-13,1.9466017e-12,3.132448e-11,1.4571984e-12,9.7569746e-14,3.0109504e-09
750000,233,478,0,-5.3723015e-13,3.032523e-11,2.492767e-19,7.428222e-34,2.7944267e-11,3.2617407e-09
750000,247,435,0,1.749331e-13,1.3069391e-11,2.5783547e-11,1.1155809e-12,8.2163585e-14,3.1055183e-09
750000,62,126,0,-9.378212e-13,6.703575e-11,5.1456978e-11,1.9577026e-11,5.881225e-11,3.1968075e-09
750000,354,145,0,-4.2352393e-13,4.1940375e-11,1.3687092e-13,1.8610507e-19,3.2321265e-10,2.9913e-09
750000,40,151,0,-9.0248604e-13,3.5694236e-11,4.73564e-12,1.0141962e-15,1.0425446e-15,3.1794616e-09
750000,300,478,0,-3.2576809e-13,2.8557306e-11,4.0579448e-14,9.352606e-22,1.4687262e-11,3.1824827e-09
750000,70,333,0,-3.366371e-13,5.7684833e-11,3.2294506e-12,7.58565e-16,2.5514272e-14,3.1187855e-09
750000,117,308,0,-2.095828e-13,5.738129e-12,3.2075037e-13,1.534384e-18,3.6163197e-21,3.1430736e-09
750000,152,173,0,8.552288e-13,1.3501192e-11,6.138263e-11,3.1970598e-12,3.817077e-13,4.6463344e-11
750000,137,294,0,-2.0751966e-13,3.3015468e-12,2.3167188e-16,1.23327055e-26,1.3930481e-21,1.9612735e-11
750000,350,231,0,-3.4916758e-13,2.6092881e-11,2.580192e-17,1.0966615e-28,6.0078346e-17,1.3577446e-11
750000,94,161,0,-1.9224337e-13,8.24445e-12,5.6982227e-15,7.523603e-24,1.0756368e-20,2.1711188e-10
750000,256,293,0,-8.256922e-16,8.6538404e-24,8.016469e-12,3.8114484e-15,2.0482329e-17,8.010938e-12
750000,277,368,0,5.5995643e-13,7.4797414e-14,6.8818124e-15,1.0155471e-23,3.0003395e-31,7.0057766e-12
750000,100,51,0,-7.693441e-13,3.2616496e-11,1.6451429e-15,1.1040519e-24,1.0226213e-13,4.3486972e-10
750000,223,303,0,-1.6992187e-13,1.2267614e-12,1.06e-43,0.0,1.2946733e-29,9.948939e-12
750000,300,412,0,-6.73637e-14,2.864363e-14,4.4001664e-12,1.1966729e-15,6.4830136e-19,8.180261e-11
750000,277,329,0,-1.2350758e-13,6.1683834e-13,2.1611442e-17,1.148538e-25,4.143885e-30,8.472487e-11
750000,371,273,0,-1.4485967e-13,1.3329789e-13,1.263e-42,0.0,8.29885e-40,4.812205e-10
750000,441,498,0,-5.6385907e-13,1.03928845e-11,3.321064e-10,2.810449e-10,8.714917e-10,3.0463498e-10
750000,221,186,0,-1.0615455e-13,9.654452e-12,4.4919023e-36,0.0,4.2839374e-18,1.665405e-11
750000,338,473,0,-5.8557575e-13,4.4162132e-11,5.4008343e-11,1.9577099e-11,1.6705751e-11,1.0817859e-10
750000,246,407,0,1.343405e-10,7.801648e-12,4.5103565e-12,1.379892e-15,8.2487004e-19,3.0564606e-09
750000,197,85,0,-4.152961e-13,1.5311502e-11,1.8030315e-11,2.0792982e-13,9.6782366e-15,3.0612015e-09
750000,452,407,0,-1.1681655e-12,6.285919e-11,2.7729062e-11,9.492669e-13,1.0763573e-13,3.1911704e-09
750000,366,71,0,-6.7126426e-13,3.5945216e-11,2.3972773e-12,4.34961e-16,1.368741e-12,3.114605e-09
750000,492,138,0,-8.669789e-13,4.955881e-11,4.145644e-11,1.0710315e-11,8.282268e-12,3.3507987e-09
750000,274,66,0,1.2617435e-10,1.30050805e-11,3.6791425e-12,1.8086915e-15,3.0527049e-18,3.160774e-09
750000,378,404,0,1.0681822e-10,6.5737385e-12,2.521597e-13,3.4502187e-19,2.0373374e-22,3.1408878e-09
750000,274,366,0,7.14549e-13,6.130809e-14,9.980217e-15,5.7583135e-23,4.9479235e-30,3.0069536e-09
750000,4,106,0,-1.273419e-12,7.23136e-11,3.2246435e-11,1.6552266e-12,2.5557332e-12,3.1560183e-09
750000,73,166,0,-3.9707368e-13,1.5529439e-12,5.6708734e-16,8.781908e-25,1.8191283e-29,3.1213527e-09
750000,329,198,0,-1.3062996e-13,2.7244901e-12,7.554864e-22,1.105368e-39,5.328015e-24,2.9898282e-09
750000,17,32,0,-1.4502743e-12,8.367339e-11,4.6114982e-12,5.644842e-16,5.1392335e-11,3.7001504e-09
750000,66,494,0,-1.4709296e-12,5.0234022e-11,7.882354e-13,2.0014757e-17,1.6174258e-14,3.414708e-09
750000,309,39,0,-1.8349458e-13,3.078887e-11,9.406769e-13,1.4300538e-17,1.3188564e-16,3.039421e-09
750000,365,489,0,-4.6527674e-13,2.1164409e-11,3.1705566e-15,6.411094e-23,3.4846336e-13,3.54909e-09
750000,366,381,0,5.8802974e-10,1.4348233e-11,7.7908496e-12,1.4448859e-14,7.6322994e-16,3.0889546e-09
750000,97,34,0,-1.0230475e-12,2.2038987e-11,5.5021047e-11,1.0545334e-11,5.538275e-12,3.0836174e-09
750000,358,106,0,-1.7887482e-13,5.750969e-12,5.2790112e-14,5.0660717e-21,8.2249894e-22,3.0641207e-09
750000,406,198,0,1.22092544e-11,3.0210175e-11,2.1149809e-16,1.3884346e-26,1.8752075e-11,2.235318e-11
750000,451,280,0,-5.2098717e-13,2.3915257e-11,4.9296008e-11,1.9447291e-11,1.5913458e-11,3.0899427e-09
750000,93,324,0,-3.1346743e-13,2.4505766e-12,2.1457979e-19,9.826405e-32,3.801131e-29,2.9998004e-09
750000,342,477,0,-5.216193e-13,2.3815555e-11,1.4361803e-12,1.8646765e-17,1.5966378e-16,3.1045184e-09
750000,224,483,0,-5.996111e-13,4.390569e-11,4.837043e-18,1.5118797e-30,1.4760679e-14,3.1389327e-09
750000,35,396,0,-8.385467e-13,3.0905997e-11,2.8823298e-11,2.0254141e-12,4.1039326e-13,3.2187404e-09
750000,481,16,0,-1.2011842e-12,3.261486e-11,6.201179e-13,7.0244864e-18,1.4906225e-15,3.25949e-09
750000,435,383,0,-8.315877e-13,2.9670624e-11,1.4684621e-12,2.603478e-17,1.8713482e-15,3.8416066e-09
750000,69,315,0,-3.6114696e-13,5.7160192e-12,6.293403e-13,2.1336764e-18,5.52369e-22,3.023436e-09
750000,11,418,0,-8.372771e-13,4.128944e-11,4.139555e-12,2.4541941e-15,4.2015944e-12,3.4930738e-09
750000,150,15,0,-7.525292e-13,4.317087e-11,1.5730667e-11,1.1759648e-13,2.7444404e-11,3.178627e-09
750000,14,341,0,-8.800872e-13,5.7667114e-11,3.2137615e-11,8.5321575e-14,2.08087e-12,3.1253904e-09
750000,263,435,0,-2.0029812e-14,1.4294116e-11,1.9835685e-14,3.3575655e-21,6.1817555e-16,3.1478564e-09
750000,269,425,0,8.927808e-13,7.227679e-14,4.78364e-14,8.3792047e-19,2.8034924e-21,3.1214937e-09
750000,303,29,0,-6.950868e-13,5.825633e-11,1.3922261e-11,6.775689e-14,6.471402e-12,3.2339207e-09
750000,60,170,0,-5.78075e-13,6.138316e-11,5.5986493e-11,1.0728397e-11,9.551255e-12,3.1852712e-09
750000,121,8,0,-9.370267e-13,3.5927965e-11,1.7339127e-11,1.4988878e-13,5.6360268e-15,3.191381e-09
750000,32,22,0,-1.4488189e-12,7.750029e-11,2.1922156e-12,2.4989058e-17,1.5064222e-13,3.2553304e-09
750000,74,39,0,-1.0670114e-12,5.597948e-11,1.5625458e-13,7.2997746e-20,3.546447e-15,3.1114866e-09
750000,139,31,0,-1.0432654e-12,6.325493e-11,1.6921703e-10,1.5288167e-10,7.132214e-10,3.1585556e-09
750000,93,186,0,-2.2866274e-13,9.032718e-13,7.694786e-14,2.4905006e-20,7.712044e-26,3.025058e-09
750000,343,496,0,-2.5757136e-13,3.5355308e-12,2.8875004e-15,2.456649e-24,8.751682e-22,3.2481513e-09
750000,134,211,0,-3.4947316e-14,3.4704954e-15,4.5930528e-14,8.569873e-21,2.1851834e-26,3.06844e-09
750000,456,275,0,-5.815711e-13,2.71207e-11,1.4306539e-12,3.2687207e-17,2.494384e-14,3.0700293e-09
750000,169,119,0,-8.1473504e-14,1.643218e-11,4.079054e-18,1.0936999e-30,2.446254e-19,2.996959e-09
750000,383,449,0,6.70459e-12,2.9733844e-11,9.443863e-17,9.4842295e-28,2.5370756e-13,3.151982e-09
750000,139,459,0,-5.3527294e-13,3.2165444e-11,1.1458294e-11,2.4629516e-14,4.466589e-14,3.25072e-09
750000,496,367,0,-1.0550111e-12,7.184817e-11,4.6089427e-11,1.2607863e-12,2.4734612e-09,3.0529215e-09
750000,66,388,0,3.078643e-11,1.6875773e-11,1.3619944e-12,1.9951722e-17,3.3345237e-15,3.0353824e-09
750000,438,489,0,-7.3637136e-13,2.935184e-11,4.994707e-13,1.0862274e-18,1.3707092e-16,3.2656753e-09
750000,463,351,0,-6.7076927e-13,3.0413012e-11,5.102055e-15,2.2626836e-23,6.387873e-14,3.1007628e-09
750000,52,436,0,-1.1908439e-12,5.2568526e-11,4.5018995e-11,1.1688056e-12,1.3663448e-13,3.4096068e-09
750000,395,416,0,7.62311e-11,2.8413554e-11,1.2132e-11,3.462527e-14,2.075596e-16,3.1800491e-09
750000,317,473,0,-3.1816214e-13,1.5932785e-11,7.827486e-12,1.215231e-14,9.703743e-13,3.1787613e-09
750000,104,182,0,-3.2152666e-13,3.0294538e-11,2.3631641e-15,7.575039e-24,1.1257137e-11,3.071074e-09
750000,205,444,0,-4.817656e-13,1.6574155e-11,1.1700182e-11,2.1366486e-14,9.630681e-17,3.0719958e-09
750000,110,34,0,-1.188808e-12,9.58447e-11,7.603513e-12,4.519481e-15,2.2613972e-12,3.1430971e-09
750000,427,30,0,-7.8972094e-13,5.0134317e-11,6.4635304e-11,1.9793774e-11,1.668371e-11,3.1806515e-09
750000,135,49,0,-1.0335195e-12,8.009492e-11,2.4437235e-11,1.7147507e-13,4.548362e-11,3.0976504e-09
750000,308,232,0,-3.499971e-14,7.309872e-15,1.3777023e-17,7.5654275e-30,3.98829e-40,2.9936043e-09
750000,195,444,0,-6.145948e-13,2.0625576e-11,2.55863e-12,5.260534e-16,3.2082603e-18,3.176874e-09
750000,120,169,0,5.1178727e-12,3.719789e-11,1.6763041e-16,4.7930723e-27,7.694124e-15,3.1382255e-09
750000,470,171,0,1.4632035e-13,2.65777e-11,6.1320528e-12,4.238604e-15,5.615155e-14,3.1286451e-09
750000,9,93,0,-1.2237514e-12,7.919571e-11,3.1181678e-14,8.795027e-22,1.2573033e-12,3.3232574e-09
750000,148,403,0,-2.5841002e-13,1.1960241e-11,8.2204755e-12,2.16951e-14,9.940264e-16,3.0492464e-09
750000,73,211,0,-1.92176e-13,4.5963272e-12,7.661636e-12,1.28917805e-14,6.3210244e-17,3.1314618e-09
750000,274,385,0,7.973171e-12,1.922793e-11,3.2328226e-12,8.122455e-16,2.44289e-13,3.0193346e-09
750000,485,406,0,-1.004235e-12,5.778431e-11,1.5815741e-11,2.6112515e-14,1.908954e-12,3.4123118e-09
750000,387,496,0,-9.218689e-13,4.8689233e-11,5.3888413e-12,8.858826e-16,3.203615e-14,3.342543e-09
750000,94,383,0,1.5301604e-10,2.2532417e-11,2.8847766e-11,1.6551292e-12,1.2841305e-13,3.1886662e-09
750000,117,140,0,9.7108654e-11,2.0276855e-11,2.4782579e-15,1.3531435e-21,2.33503e-18,3.1828817e-09
750000,214,131,0,-6.4575314e-13,3.6636243e-11,2.486876e-16,9.454974e-27,1.3687635e-13,3.0653518e-09
750000,285,333,0,-9.750442e-14,1.9149114e-12,1.35788025e-17,4.433616e-28,5.3093746e-25,3.0439429e-09
750000,15,148,0,-7.867188e-13,2.1999626e-11,1.5034831e-11,8.182046e-15,1.6184225e-17,3.16564e-09
750000,429,480,0,-8.3917487e-13,3.4921375e-11,3.759767e-11,6.0589283e-13,1.5012345e-12,3.1777425e-09
750000,26,89,0,-1.0786607e-12,8.032293e-11,2.564954e-14,8.1417256e-22,4.643235e-11,3.3287795e-09
750000,407,229,0,3.3232132e-11,2.6560637e-11,3.9089647e-15,1.9313011e-24,2.14722e-15,3.3171448e-09
750000,122,29,0,-1.2191009e-12,5.0658013e-11,3.7968053e-17,1.3201161e-27,1.9582179e-17,3.268471e-09
750000,202,398,0,3.3949917e-14,1.462379e-12,1.0336403e-12,2.9397695e-17,3.7591162e-21,3.0569467e-09
750000,374,66,0,-7.64368e-13,4.7211554e-11,1.2906504e-12,8.279176e-18,4.3449875e-12,3.7340797e-10
750000,196,387,0,-1.1178685e-11,2.2863227e-09,1.4399662e-13,6.3575745e-20,4.11898e-09,3.433491e-11
750000,285,161,0,-1.3228656e-13,2.987673e-13,5.9817588e-34,0.0,1.5455891e-31,9.274725e-16
750000,148,335,0,-4.9534617e-13,1.08380015e-11,3.6376926e-23,1.194028e-39,8.5342684e-23,1.9234827e-11
750000,217,218,0,-7.37831e-14,4.5513425e-13,3.6951787e-34,0.0,3.549359e-30,2.1834757e-13
750000,121,413,0,-6.091598e-13,4.7834216e-11,1.4056225e-11,5.3428765e-14,1.403113e-14,2.474324e-10
750000,263,300,0,-6.657695e-15,1.0604928e-19,5.009922e-18,3.1064844e-30,3.67462e-40,7.063378e-13
750000,302,142,0,-4.1670964e-13,3.1922347e-11,7.878751e-26,0.0,1.3268137e-14,9.141187e-11
750000,129,401,0,-3.3332386e-13,1.16726065e-11,4.648882e-12,1.2655296e-15,1.8394193e-14,8.352792e-11
750000,338,425,0,2.8455363e-13,1.20476806e-11,1.4524772e-19,7.3283176e-33,8.653443e-15,2.1004258e-10
750000,195,55,0,-6.2008943e-13,3.3759683e-11,1.2510775e-12,8.88622e-17,3.8133982e-14,3.337817e-11
750000,82,314,0,-2.9003487e-13,1.9741278e-11,4.9078415e-15,4.464664e-24,1.1072101e-15,5.3326246e-11
750000,147,125,0,2.9507553e-11,7.632021e-13,1.1442333e-24,3e-45,3.0192846e-32,1.5309477e-10
750000,165,476,0,-5.216541e-13,1.1119096e-11,1.8327325e-12,1.5986082e-16,8.5025294e-20,3.4151956e-10
750000,329,169,0,-3.1567598e-13,1.5519955e-11,5.097182e-17,9.780106e-29,1.29882824e-17,1.1831901e-10
750000,325,223,0,-7.7483775e-14,2.2687741e-13,9.884084e-18,5.495928e-29,1.760531e-36,4.473761e-12
750000,310,51,0,3.4399213e-12,4.067999e-11,1.1705587e-10,1.7110747e-12,3.3124473e-10,1.0019114e-10
750000,154,200,0,-8.9894895e-14,1.3513827e-12,6.221449e-20,2.1082355e-33,1.0000014e-27,3.0161937e-09
750000,28,414,0,-1.2229176e-12,4.553612e-11,3.0996412e-14,6.979569e-21,1.1416069e-15,3.6992447e-09
750000,87,126,0,-5.6035433e-13,1.8818787e-11,2.1239618e-13,1.4045164e-19,2.2578606e-16,3.332126e-09
750000,183,49,0,-5.802246e-13,3.1006912e-11,4.531225e-11,4.8646152e-12,2.0438353e-09,7.061709e-11
750000,385,244,0,-8.516019e-14,1.9903595e-13,1.3970055e-21,2.0684816e-37,3.895369e-39,3.1544976e-09
750000,1,95,0,-1.2427206e-12,6.558532e-11,1.5455923e-11,2.6893515e-14,4.115294e-12,3.2009824e-09
750000,237,461,0,-4.1708135e-13,2.431932e-11,1.6348028e-12,5.487731e-17,3.831087e-13,3.039833e-09
750000,8,395,0,-8.8269783e-13,2.7219456e-11,6.113592e-11,9.597374e-13,4.6271997e-14,3.3703462e-09
750000,215,63,0,-7.9721884e-13,3.58274e-11,8.4076406e-15,5.372589e-21,1.8427785e-14,3.2301508e-09
750000,134,472,0,-6.7505664e-13,2.4568778e-11,2.5024795e-11,2.4805654e-13,5.7327e-15,2.5844255e-10
750000,13,66,0,-1.2336063e-12,7.131088e-11,2.1948853e-12,9.029201e-17,3.105975e-10,3.1932235e-09
750000,4,99,0,-1.2728909e-12,6.897982e-11,3.0296012e-11,1.9418982e-13,1.6570861e-12,3.2302034e-09
750000,373,497,0,-6.6280136e-13,2.3186378e-11,2.031995e-11,1.7990079e-13,5.0947177e-15,3.1650604e-09
750000,217,25,0,-9.003694e-13,1.02777294e-10,2.527123e-16,3.5269128e-27,3.0196762e-11,9.652412e-11
750000,8,439,0,-1.2644937e-12,4.2692173e-11,7.1453427e-11,1.9434782e-11,1.5775421e-11,3.4093968e-09
750000,305,99,0,2.8070068e-12,2.1600551e-11,2.8757345e-15,3.8731074e-22,1.141708e-13,3.1797611e-09
750000,477,437,0,-1.418436e-12,9.4017384e-11,9.283511e-12,1.8830554e-14,2.0048687e-12,3.143141e-09
750000,275,497,0,-6.193143e-13,3.5661238e-11,4.921594e-13,1.1803764e-18,1.0506013e-14,3.313786e-09
750000,357,125,0,-3.2224164e-13,2.780702e-11,2.7110206e-14,2.0595935e-21,5.9415174e-13,3.0400524e-09
750000,229,129,0,-4.487828e-13,1.5158987e-11,9.067904e-19,1.4293997e-32,4.7789775e-20,3.3985765e-09
750000,126,182,0,1.3071754e-13,1.3141692e-11,6.776077e-11,4.4739375e-11,8.6080594e-11,7.14267e-11
750000,488,314,0,-7.0774945e-13,3.8352616e-11,3.4623466e-09,7.191878e-10,1.1541805e-09,3.488385e-10
750000,463,491,0,-6.354187e-13,3.9906876e-11,6.680062e-12,1.6839966e-15,5.3593765e-16,3.2709577e-09
750000,414,55,0,-7.708052e-13,5.8043032e-11,2.3641067e-11,2.4697592e-13,4.540585e-11,3.06015e-09
750000,333,398,0,1.9892076e-12,2.45018e-11,1.2500588e-17,7.5784867e-28,1.1668212e-14,3.1294742e-09
750000,167,456,0,-4.693047e-13,1.979648e-11,3.4694507e-09,7.191961e-10,1.1812101e-09,1.768997e-10
750000,325,27,0,-8.740595e-13,7.707582e-11,6.4159765e-16,4.0880577e-25,9.578781e-13,3.3835605e-09
750000,499,364,0,-9.398713e-13,6.2617175e-11,3.1954956e-11,4.8369956e-13,4.815475e-14,3.3239425e-09
750000,247,40,0,-6.2804357e-13,1.5795809e-11,5.853776e-11,3.5197665e-12,4.5399375e-13,3.0984795e-09
750000,126,9,0,-8.2680894e-13,1.824175e-11,2.7992057e-12,1.590839e-16,3.126373e-20,3.236051e-09
750000,287,25,0,-5.9939483e-13,5.4861032e-11,3.0003022e-17,1.666048e-27,1.967986e-13,3.1293177e-09
750000,78,393,0,5.8156098e-11,8.3239256e-11,1.8053273e-15,7.9518155e-25,2.511557e-15,3.1921275e-09
750000,106,475,0,-1.1545142e-12,7.7110554e-11,4.4105826e-12,2.6008886e-15,5.2560723e-11,3.194225e-09
750000,41,219,0,-3.155868e-13,5.2724626e-12,6.8289276e-12,5.157174e-15,8.920948e-18,3.1355263e-09
750000,34,233,0,-1.6990257e-13,5.08949e-13,3.766962e-11,1.5194427e-12,2.176597e-13,1.1354082e-10
750000,85,79,0,-5.947915e-13,3.069199e-11,2.829288e-11,2.1889078e-13,5.1396044e-11,3.264403e-09
750000,12,193,0,-6.1487534e-13,2.7994171e-11,4.2680746e-12,2.29078e-16,5.139233e-11,3.1603953e-09
750000,400,19,0,-6.7363286e-13,2.4214198e-11,1.6038025e-12,7.148565e-17,4.0120294e-13,3.3528846e-09
750000,16,141,0,-8.07655e-13,4.6807603e-11,2.4014953e-13,7.9476216e-19,5.2605493e-14,3.175584e-09
750000,334,102,0,-5.050201e-13,4.389845e-11,5.760288e-13,3.0154236e-18,2.4442974e-12,3.020679e-09
750000,20,57,0,-1.3255944e-12,5.805325e-11,5.9359874e-12,3.082529e-15,9.844153e-15,2.577995e-10
750000,428,4,0,-7.351876e-13,5.2888135e-11,3.5063918e-12,1.2886876e-15,2.944873e-11,3.267091e-09
750000,244,493,0,-4.2366168e-13,1.2388853e-11,2.8757901e-16,3.9785433e-27,1.4047141e-14,3.1310325e-09
750000,418,193,0,6.57121e-11,4.9067406e-11,2.8757973e-17,8.957373e-29,3.1350494e-10,3.1610716e-09
750000,157,2,0,-6.795612e-13,4.0264774e-11,1.1525492e-14,4.7499303e-23,1.1546897e-13,3.397925e-09
750000,461,231,0,6.008263e-11,1.5752502e-11,7.618313e-14,5.2196735e-20,5.69534e-17,3.2074914e-09
750000,468,32,0,-1.2798184e-12,5.283354e-11,8.407228e-12,3.0950514e-15,3.2077295e-13,3.3203742e-09
750000,92,328,0,-2.9531146e-13,1.7503101e-12,3.3881297e-19,2.1095879e-32,1.0393209e-27,3.0122322e-09
750000,413,355,0,-3.4173453e-13,4.674324e-12,3.965313e-12,1.0967844e-15,5.0961146e-18,3.177463e-09
750000,372,317,0,-3.9953257e-13,1.8712113e-11,2.8481393e-16,5.707882e-26,6.511407e-17,3.0053144e-09
750000,460,392,0,-1.2032726e-12,7.3879285e-11,2.803414e-11,2.5931611e-13,6.4002846e-14,3.4134278e-09
750000,59,122,0,-9.077108e-13,3.767571e-11,2.0963635e-11,2.7725733e-13,5.864901e-15,3.6563614e-09
750000,344,133,0,-3.6504843e-13,9.457021e-12,1.6071077e-20,8.078963e-36,3.5064784e-22,3.0746683e-09
750000,464,162,0,5.8897104e-13,3.2917294e-11,2.2175231e-14,6.024606e-22,1.7518632e-14,3.043677e-09
750000,94,1,0,-1.5015173e-12,7.290492e-11,1.4755186e-12,2.206293e-17,9.339883e-15,3.137836e-09
750000,29,268,0,-2.845658e-13,1.04898555e-11,3.5599147e-15,1.6040325e-23,1.8926079e-18,3.1315095e-09
750000,283,136,0,-3.3084776e-13,7.3606754e-12,6.038381e-15,1.0459077e-22,4.8690953e-21,3.045473e-09
750000,419,423,0,-1.426788e-12,1.4762651e-10,8.49729e-12,1.1979799e-14,1.6592013e-13,3.2148468e-09
750000,364,19,0,-7.565235e-13,3.8205217e-11,6.9308287e-12,2.7532632e-15,7.0491114e-16,3.601782e-09
750000,76,427,0,-9.831049e-13,5.603734e-11,3.0623036e-13,6.1258913e-19,3.2192557e-15,3.2470004e-09
750000,167,388,0,-2.984947e-13,1.6161987e-11,8.731086e-13,7.350883e-17,1.2803432e-19,3.0803617e-09
750000,25,462,0,-1.7638687e-12,7.2071356e-11,1.3182924e-12,1.7239063e-17,2.8862952e-12,3.4661984e-09
750000,183,479,0,-7.162938e-13,3.8337743e-11,2.8309372e-15,3.382806e-24,4.787061e-12,3.202785e-09
750000,426,462,0,-9.13694e-13,2.228766e-11,8.869065e-11,9.8902535e-12,1.946426e-12,3.2414904e-09
750000,62,411,0,-3.647149e-13,4.5951878e-11,5.8997056e-15,2.4896559e-23,2.1110927e-14,3.0874074e-09
750000,491,377,0,-1.3506375e-12,4.7108102e-11,4.400296e-11,6.4399045e-13,2.380444e-14,3.0759324e-09
750000,307,18,0,-6.945696e-13,5.6400582e-11,1.6099084e-11,4.94812e-14,1.5492292e-13,3.2507177e-09
750000,386,61,0,-7.336772e-13,5.5929747e-11,4.2081937e-12,2.4551174e-15,4.677473e-11,3.126624e-09
750000,447,143,0,-4.4147967e-13,2.6015181e-11,5.401256e-11,5.3395825e-12,2.067188e-12,3.291245e-09
750000,474,448,0,-1.2556899e-12,2.90054e-11,3.6303997e-13,7.1152417e-19,1.0984692e-21,3.3938345e-09
750000,40,447,0,-1.4210844e-12,5.446352e-11,5.3803174e-11,1.9681557e-11,1.3832719e-11,3.1507703e-09
750000,13,261,0,-6.21839e-13,6.610757e-11,1.3313217e-11,7.251759e-15,2.7793375e-11,3.042855e-09
750000,37,380,0,-7.2947155e-13,5.0460296e-11,6.074835e-14,1.3452433e-20,8.495156e-14,3.1315759e-09
750000,56,326,0,-4.5188264e-13,1.1805814e-11,2.2081711e-11,1.9903006e-13,3.2053639e-15,3.0678802e-09
750000,36,165,0,-7.091212e-13,1.9459297e-11,3.6003e-11,1.0793794e-12,7.5105896e-14,3.144679e-09
750000,226,380,0,1.5976484e-11,1.1396114e-13,3.3867146e-16,2.0232088e-26,1.8865899e-34,3.1523333e-09
750000,320,26,0,-8.556774e-13,5.383676e-11,1.998477e-13,1.4022215e-19,1.9856065e-11,3.2881926e-09
750000,442,73,0,-9.370059e-13,6.203307e-11,1.1211143e-17,4.7124083e-30,1.7575807e-14,3.4710932e-09
750000,228,94,0,-6.25591e-13,4.963091e-11,3.2248907e-17,2.858637e-29,2.2197348e-11,3.1520448e-09
750000,476,263,0,-6.2941617e-13,4.746142e-11,4.41436e-12,4.5057744e-15,5.139319e-11,3.1885528e-09
750000,125,59,0,-8.861536e-13,5.308876e-11,5.4640385e-13,2.1461662e-18,2.6816779e-13,3.0874434e-09
750000,191,50,0,-6.150377e-13,1.4816471e-11,1.2070589e-12,8.1162273e-17,1.6533152e-19,3.0745295e-09
750000,412,233,0,4.6290836e-11,4.453851e-11,5.0521887e-12,1.5963512e-15,9.770246e-13,3.1529104e-09
750000,458,488,0,-7.5485495e-13,5.5371787e-11,1.5035728e-11,1.6056916e-14,4.908622e-12,4.547245e-09
750000,147,464,0,-5.4663376e-13,2.978345e-11,9.600827e-12,2.51832e-15,3.3026316e-14,3.1070264e-09
750000,112,0,0,-1.2103881e-12,6.7871854e-11,1.0378838e-12,9.32742e-18,3.786871e-12,3.4603562e-09
750000,217,18,0,-8.5278724e-13,4.6942204e-11,1.4756145e-16,7.107853e-28,1.7156884e-13,3.0578977e-09
750000,80,376,0,6.0270167e-10,1.1391535e-10,6.5155846e-17,7.431847e-29,2.8745866e-12,1.520457e-10
750000,141,411,0,-1.1267949e-11,2.283425e-09,2.0121084e-12,7.402866e-17,4.1188226e-09,7.091048e-11
750000,233,183,0,-4.2810424e-14,8.813604e-15,1.5797559e-26,0.0,1.681127e-39,6.165259e-11
750000,464,376,0,-1.2098897e-11,2.329763e-09,3.0068553e-13,7.164235e-18,4.1223487e-09,5.0043236e-10
750000,435,441,0,-1.4228578e-12,6.806487e-11,2.227366e-11,2.3708138e-13,6.1601814e-15,2.7629354e-10
750000,453,148,0,-7.299817e-15,2.2042307e-11,2.4708107e-11,1.8120925e-13,2.7669238e-15,1.3910614e-10
750000,277,385,0,4.073566e-12,7.854566e-11,3.9738065e-12,2.598958e-15,2.6175332e-14,3.533526e-11
750000,355,241,0,-3.3644886e-13,2.9036409e-11,3.790496e-20,5.9104516e-35,2.2351341e-11,9.151237e-11
750000,204,372,0,-1.2774773e-13,4.6559826e-12,8.305348e-20,3.1402826e-32,4.103315e-24,3.9264494e-11
750000,234,54,0,-8.168233e-13,7.088975e-11,6.9349545e-13,5.658515e-18,4.099823e-11,1.3521494e-10
750000,388,363,0,3.579455e-12,4.56154e-11,3.090332e-19,9.493735e-33,1.6059662e-13,7.9027514e-11
750000,434,57,0,-8.2844793e-13,3.3516263e-11,1.5294016e-11,4.0883932e-14,2.1408113e-16,4.5310622e-10
750000,52,397,0,-3.8503461e-13,4.0365036e-10,3.4175402e-13,5.5211095e-19,3.8889976e-09,1.7438531e-10
750000,246,271,0,-1.0671516e-15,1.5803856e-20,2.4657151e-29,0.0,0.0,3.2651598e-12
750000,341,160,0,-3.1082857e-13,9.976481e-12,5.8802756e-18,2.5794395e-30,1.13376e-19,8.447487e-11
750000,417,130,0,1.2262883e-11,4.3420777e-11,5.3346192e-11,1.92232e-11,1.5765259e-11,6.172683e-11
750000,77,379,0,3.1986014e-10,8.038731e-11,1.7143095e-17,1.3957703e-29,9.92045e-13,2.6598643e-10
750000,477,297,0,-6.51757e-13,5.5838743e-11,4.533678e-11,4.9355737e-12,1.0563978e-12,3.9183926e-10
750000,493,326,0,-7.311867e-13,3.916788e-11,4.0258446e-11,1.0208193e-12,2.951741e-13,1.6356119e-10
750000,382,141,0,-1.5428461e-13,8.630053e-12,6.692804e-19,7.2090334e-30,7.01244e-19,1.1262018e-10
750000,70,139,0,-8.0193583e-13,5.6174076e-11,2.9384144e-11,1.6232249e-12,3.4474787e-10,3.2015592e-09
750000,86,112,0,-9.906208e-13,1.3697235e-10,6.6859956e-13,5.558596e-18,3.2253886e-10,3.4488923e-09
750000,83,451,0,-1.3145856e-12,6.560112e-11,6.2284927e-13,2.1200168e-18,1.6950856e-16,2.5918812e-10
750000,347,416,0,5.3579103e-12,6.0956873e-12,3.8461864e-19,1.9733579e-31,7.6998883e-19,8.271012e-11
750000,144,142,0,1.5801976e-10,2.189478e-12,2.7706016e-18,6.462271e-30,2.9589152e-27,7.241518e-11
750000,32,243,0,-1.7430443e-13,4.5435837e-13,1.5168476e-14,6.890469e-23,1.2767617e-29,3.3733463e-10
750000,470,43,0,-1.2591445e-12,7.302921e-11,8.811122e-12,1.8198376e-15,5.3640887e-16,1.688201e-10
750000,361,40,0,-9.861361e-13,7.780644e-11,8.249872e-12,1.3660802e-14,3.3259e-11,2.2689214e-10
750000,232,499,0,-4.8310986e-13,2.8942047e-11,1.337678e-26,3.2e-44,7.978656e-16,7.260487e-11
750000,94,117,0,-3.778931e-13,3.2617565e-11,8.877106e-11,7.530058e-12,2.2538182e-12,3.3185978e-09
750000,106,261,0,-7.8068726e-13,2.6199647e-11,6.3482057e-15,2.3727571e-23,1.2487048e-17,2.9997438e-09
750000,233,422,0,4.3299114e-12,1.0952709e-11,3.641863e-09,7.8188533e-10,1.2196004e-09,9.6868284e-11
750000,234,402,0,9.347615e-11,1.3496897e-11,2.2433916e-11,1.3902886e-13,3.9845302e-15,2.238997e-10
750000,261,63,0,1.1803432e-11,6.709715e-11,1.0960963e-18,1.3315086e-28,3.0657768e-10,3.6699668e-11
750000,36,495,0,-1.8176935e-12,9.9379636e-11,3.8870187e-12,4.2445567e-16,1.9997343e-13,6.8314365e-10
750000,347,292,0,-2.6997995e-13,1.169142e-11,8.7e-44,0.0,1.02950535e-17,6.4333226e-11
750000,76,20,0,-1.3209833e-12,7.804284e-11,9.328067e-12,1.9759361e-14,1.982495e-09,3.1955967e-09
750000,298,1,0,-3.59112e-13,3.493933e-12,4.5109045e-13,1.3785532e-18,5.3217804e-22,1.707075e-10
750000,84,473,0,-1.350001e-12,5.4409532e-11,1.3166675e-13,2.4548152e-20,1.1878346e-13,3.1666285e-09
750000,74,32,0,-1.2133724e-12,7.0092904e-11,1.7763471e-12,1.8562724e-16,2.8606922e-10,1.2139682e-10
750000,495,15,0,-1.1822172e-12,3.516878e-11,9.343126e-11,1.9310947e-11,3.4222222e-11,6.0873395e-10
750000,393,23,0,-7.3342634e-13,4.7266892e-11,6.524778e-11,1.4930951e-12,3.1532116e-10,3.2482546e-09
750000,25,473,0,-1.5332917e-12,4.853187e-11,3.241766e-11,1.3881638e-12,1.1559457e-13,3.1733367e-09
750000,180,46,0,-5.8204743e-13,3.7797473e-11,2.0566244e-12,7.360514e-17,1.2488588e-15,5.3809682e-11
750000,192,56,0,-5.819334e-13,3.632798e-11,9.791741e-13,7.796086e-18,3.1619382e-10,7.117366e-11
750000,135,456,0,-5.209281e-13,3.1780696e-11,3.4626624e-09,7.191879e-10,1.1532676e-09,1.267492e-10
750000,457,1,0,-1.0839072e-12,7.858191e-11,4.7763436e-11,1.2751237e-12,6.03596e-12,2.9726815e-10
750000,230,415,0,1.0181611e-11,1.7280583e-10,4.8487343e-11,1.9373744e-11,1.6013767e-11,3.094329e-09
750000,260,395,0,1.344171e-10,3.6691428e-11,1.9433297e-15,5.1787934e-25,6.7304454e-16,3.0730545e-09
750000,31,460,0,-1.8526031e-12,1.2232569e-10,1.7313623e-12,2.3070165e-16,8.5469106e-15,3.2024572e-10
750000,473,11,0,-1.2024919e-12,6.776017e-11,1.1737184e-13,2.7083793e-20,3.3692105e-11,4.0654285e-10
750000,96,492,0,-1.0060588e-12,2.1035475e-11,4.137389e-11,1.4686593e-13,2.6848389e-15,2.2681465e-10
750000,113,14,0,-1.2213197e-12,3.760959e-11,3.4622594e-09,7.191878e-10,1.1532664e-09,1.5328569e-10
750000,4,409,0,-7.894043e-13,4.3257363e-11,7.385939e-11,1.981245e-11,3.352223e-11,7.78176e-10
750000,35,315,0,-5.3011924e-13,1.7731754e-11,1.7295409e-15,1.2790176e-23,1.6160542e-14,3.2544234e-09
750000,475,187,0,-3.3104715e-13,5.2781352e-11,6.6700755e-12,5.4842813e-15,3.1374653e-10,1.6217093e-10
750000,488,49,0,-1.5382527e-12,6.8505604e-11,7.582247e-13,3.294696e-18,3.286102e-10,1.9141179e-10
750000,338,498,0,-2.774584e-13,1.5347211e-11,2.322427e-16,1.2796294e-27,1.0490602e-15,2.1746953e-10
750000,464,281,0,-6.0305184e-13,5.2720182e-11,2.2460794e-12,9.968763e-17,2.191675e-11,9.5189336e-11
750000,111,31,0,-1.2234779e-12,9.2237204e-11,8.165261e-12,2.309197e-14,2.4828266e-09,3.042262e-09
750000,74,477,0,-1.4589977e-12,1.2451086e-10,8.2999935e-12,8.966476e-15,6.8659994e-11,5.572531e-10
750000,2,308,0,-6.109936e-13,2.8283927e-11,1.8801527e-12,2.9980423e-17,1.4256223e-14,2.7497102e-10
750000,159,445,0,-3.792128e-13,1.3999036e-11,1.518744e-11,1.8389157e-13,4.1606267e-15,1.3737122e-11
750000,30,184,0,-5.080541e-13,1.7085618e-11,6.753897e-11,9.800525e-12,4.1124526e-12,3.1803062e-09
750000,435,486,0,-7.9136665e-13,3.2451476e-11,1.8067492e-12,3.7011015e-17,5.435052e-11,2.2994762e-09
750000,447,9,0,-9.361987e-13,2.0587695e-11,2.0648453e-11,2.979887e-13,6.20188e-15,5.4001076e-10
750000,73,135,0,-8.1317456e-13,3.945732e-11,7.1413197e-12,6.5603977e-15,1.6568208e-14,2.0326867e-10
750000,476,66,0,-1.291842e-12,5.5111277e-11,1.408746e-11,4.9336705e-14,2.7991518e-14,3.3159602e-09
750000,487,417,0,-1.1224702e-12,5.9885215e-11,6.147544e-12,2.9697178e-15,2.4986493e-13,3.421049e-09
750000,486,292,0,-6.444253e-13,3.2150747e-11,9.371461e-12,1.01762725e-14,2.7069807e-13,3.3941459e-09
750000,102,2,0,-1.4722321e-12,7.851715e-11,1.39394945e-11,5.4888446e-14,2.2469199e-15,2.0495497e-10
750000,205,103,0,-3.2928033e-13,1.858858e-11,1.8877165e-15,4.178485e-24,5.6138553e-15,1.5415884e-10
750000,471,152,0,-6.0266023e-13,2.2716835e-11,3.4642431e-09,7.1918793e-10,1.1532664e-09,1.1864325e-10
750000,49,173,0,-6.101954e-13,3.202172e-11,5.910123e-13,1.6799676e-18,2.6434676e-11,3.3011462e-09
750000,484,163,0,-4.2456875e-13,1.6033825e-11,1.3064817e-14,8.1951926e-23,7.177655e-16,1.8733873e-10
750000,182,376,0,-3.8862517e-13,3.6996215e-11,1.09263e-23,2.7439767e-38,3.2581476e-11,1.07414105e-10
750000,66,488,0,-1.4944869e-12,5.481322e-11,4.216578e-14,1.3052277e-21,2.405994e-09,1.5531518e-10
750000,0,440,0,-1.3630237e-12,6.747782e-11,3.0221842e-11,5.4503514e-14,3.4297906e-14,2.8101352e-10
750000,297,477,0,-3.5067755e-13,3.7217406e-11,9.015823e-13,1.3587072e-17,2.9252187e-11,3.3004002e-09
750000,86,488,0,-1.0563137e-12,3.4711706e-11,3.7965013e-12,5.721737e-16,1.1654589e-14,1.10574314e-10
750000,477,32,0,-1.3729791e-12,7.6837696e-11,9.741819e-12,9.5457e-15,4.0219217e-13,3.3298564e-09
750000,212,42,0,-8.556898e-13,2.7058591e-11,3.1212992e-16,9.927292e-26,8.8336636e-17,3.3590086e-09
750000,57,165,0,-6.815982e-13,8.760403e-11,8.122205e-11,5.0968106e-12,2.4323874e-09,2.7363803e-10
750000,472,214,0,5.8325315e-12,2.7993602e-11,4.8992845e-12,1.2813727e-15,4.5146384e-13,1.717689e-10
750000,210,493,0,-5.942956e-13,1.1994049e-11,3.6447435e-11,5.897843e-13,4.8528774e-14,2.524692e-10
750000,467,6,0,-1.1989311e-12,5.2525997e-11,1.5880103e-11,1.1759693e-13,2.0977984e-14,3.4296423e-09
750000,2,482,0,-2.4479758e-12,1.366626e-10,1.2736451e-10,1.5871875e-11,6.8802145e-11,3.1311502e-09
750000,115,496,0,-1.2976202e-12,1.0193203e-10,1.0086427e-12,3.5458015e-18,7.0798194e-11,1.7260754e-10
750000,20,402,0,-9.417902e-13,1.5098183e-11,3.4797034e-09,7.194815e-10,1.1532837e-09,3.8098988e-10
750000,35,138,0,-1.0192127e-12,7.772099e-11,1.5058713e-11,4.8201545e-14,5.8124408e-11,1.1132702e-10
750000,492,475,0,-5.1858816e-13,3.015745e-11,3.4911174e-09,7.2090534e-10,1.1534064e-09,2.7724067e-10
750000,361,22,0,-7.922386e-13,3.3979798e-11,7.90703e-11,4.8371904e-11,2.3669056e-09,3.2918563e-09
750000,366,48,0,-1.0119066e-12,6.267727e-11,2.9132596e-11,1.9990225e-12,2.4446433e-11,3.0486588e-10
750000,479,379,0,-1.210947e-12,8.1087755e-11,5.079744e-17,6.601711e-29,1.8375711e-12,1.8878119e-10
750000,326,43,0,-7.2289673e-13,2.5335222e-11,5.939527e-11,3.1746827e-12,2.374671e-13,2.6767247e-10
750000,485,376,0,-1.239938e-12,4.8965478e-11,4.6731325e-13,1.0528784e-18,1.2520633e-14,1.2847715e-10
750000,3,10,0,-2.506162e-13,3.3145157e-11,2.2613193e-11,1.809668e-13,2.1768715e-14,3.3347022e-10
750000,172,481,0,-7.4791253e-13,1.5110763e-11,4.0248915e-12,1.5899282e-15,2.48849e-17,7.149246e-11
750000,8,233,0,-3.3204814e-13,8.931476e-12,5.127285e-11,3.7783415e-11,9.165689e-11,3.1586154e-09
750000,71,266,0,-3.7425933e-13,2.784697e-11,9.6803615e-12,8.451782e-15,2.1346246e-17,1.1726536e-10
750000,2,251,0,-6.1660735e-13,1.4579888e-11,5.75e-13,3.89139e-18,4.6050654e-20,3.24893e-09
750000,54,225,0,-1.4326939e-13,1.270889e-12,2.5356226e-14,1.9130735e-22,1.0597996e-28,1.1593997e-10
750000,14,430,0,-1.0145947e-12,5.479153e-11,4.3688664e-11,4.768602e-13,3.5857878e-13,3.0270764e-10
750000,4,227,0,-3.048652e-13,1.4325821e-11,2.925432e-12,1.229142e-16,2.3286676e-13,3.179441e-09
