mcsteps,xCOM,yCOM,zCOM,il8,il1,il6,il10,tnf,tgf
820000,84,376,0,2.0831432e-09,4.576572e-11,8.037549e-15,8.718168e-24,1.2787073e-16,1.48357e-10
820000,432,181,0,2.0845756e-09,3.2931966e-11,1.912785e-12,3.4424022e-16,2.0240783e-13,8.6642485e-11
820000,409,105,0,2.0832647e-09,2.779152e-11,4.5515795e-18,8.621188e-30,3.273459e-10,1.0699885e-10
820000,247,394,0,2.083405e-09,7.184991e-11,4.597849e-14,2.788061e-21,1.7819038e-10,8.661196e-11
820000,132,141,0,2.0835829e-09,2.7831619e-11,1.1920468e-23,2.869261e-39,7.500773e-16,1.4436448e-10
820000,286,72,0,2.0834363e-09,3.117988e-11,2.2999766e-13,5.448703e-20,2.5102513e-14,2.100859e-10
820000,365,385,0,2.0852242e-09,1.0783113e-11,2.4765842e-13,2.1696292e-18,1.240911e-18,6.866248e-11
820000,379,420,0,2.0851416e-09,2.7825818e-11,4.359726e-13,5.2724885e-19,2.216386e-14,1.2124439e-10
820000,426,219,0,2.1418154e-09,6.467701e-12,2.626162e-12,2.6561278e-16,5.987578e-19,1.3798432e-10
820000,444,225,0,2.1406779e-09,2.0909809e-11,3.896445e-12,2.0512766e-15,1.5867457e-17,1.9132354e-10
820000,62,6,0,-9.428659e-13,2.569508e-11,1.8920308e-11,4.0547839e-13,1.0830049e-14,4.6548262e-10
820000,492,126,0,-9.756526e-13,5.2954533e-11,1.5534564e-13,2.6093017e-19,3.6531173e-12,2.3615637e-10
820000,164,216,0,-3.2801202e-14,3.2200445e-15,1.7358625e-15,1.7468343e-24,5.831249e-32,2.6200817e-10
820000,437,66,0,-7.8614453e-13,4.376855e-11,8.281483e-15,3.8669515e-22,1.7277453e-14,3.7929823e-10
820000,392,165,0,-2.4699811e-13,4.4679534e-11,4.4599023e-18,1.6640806e-31,9.226813e-14,9.144052e-11
820000,353,279,0,-2.5529635e-13,1.9671776e-11,4.2734057e-32,0.0,5.3368487e-11,3.5448634e-11
820000,58,483,0,-1.6463009e-12,1.02882425e-10,3.165862e-13,3.8705854e-19,5.1351756e-10,2.343888e-10
820000,291,401,0,2.032512e-13,2.0067593e-13,7.4426236e-15,3.2099619e-22,3.4127341e-28,3.7603975e-11
820000,236,13,0,-6.3158354e-13,3.2758365e-11,1.1554902e-13,3.269483e-20,6.7715193e-15,4.8067217e-10
820000,364,191,0,-3.6049053e-13,2.1841591e-11,9.8952554e-20,1.649544e-35,3.1313441e-12,1.1121158e-10
820000,34,55,0,-1.2374997e-12,7.4947035e-11,5.180551e-14,5.06583e-21,5.1735505e-11,4.831378e-10
820000,343,478,0,-4.8070353e-13,1.9863885e-11,4.7258193e-13,5.2838814e-19,7.1760594e-16,3.7519737e-10
820000,119,491,0,-1.1063413e-12,7.0978494e-11,3.439015e-11,5.741237e-12,1.7712678e-12,2.1905469e-10
820000,265,163,0,-2.1395054e-14,3.3475176e-17,1.0265646e-27,0.0,0.0,1.1207845e-13
820000,223,197,0,-9.183475e-14,2.2628052e-13,2.2512032e-33,0.0,3.867573e-32,1.4973127e-11
820000,54,342,0,-2.0228105e-13,2.3498653e-11,2.5117388e-15,1.3737285e-23,7.117531e-14,2.1454e-10
820000,131,394,0,-2.421677e-13,1.3516954e-11,1.8076766e-13,1.8042979e-19,7.782047e-14,9.636679e-11
820000,232,196,0,-6.259399e-14,4.168431e-13,1.6233081e-25,4e-45,2.4936485e-32,1.8859915e-11
820000,179,0,0,-9.839733e-13,4.8506033e-11,5.487688e-13,3.049801e-18,2.2984206e-12,6.8342804e-10
820000,320,388,0,-6.485698e-14,2.0361284e-11,3.573981e-18,4.9325466e-30,5.8970976e-14,1.02385836e-10
820000,235,333,0,-8.5383015e-14,7.5997547e-13,3.8578138e-23,5.46626e-40,8.039996e-30,4.1878594e-11
820000,268,120,0,-3.7070152e-13,3.1901582e-11,9.903241e-14,5.5094824e-20,2.1043677e-12,1.1150022e-10
820000,3,178,0,-6.666568e-13,4.1900525e-11,1.4047249e-17,1.4857277e-28,3.6278126e-11,2.970712e-10
820000,188,342,0,-1.4976239e-13,1.1959277e-13,1.1777827e-22,1.1962505e-35,3.0970405e-37,8.4855026e-11
820000,294,57,0,7.773472e-11,2.3135468e-11,6.170831e-13,1.9160028e-18,4.864929e-15,8.7526875e-11
820000,453,237,0,1.1174877e-10,3.5851034e-11,2.7185933e-13,2.372212e-18,6.832439e-13,1.9607853e-10
820000,225,29,0,-7.6985423e-13,3.6630008e-11,1.8437595e-12,4.1991452e-16,3.3029328e-14,3.1890393e-10
820000,275,74,0,1.9332366e-10,5.046455e-12,8.158956e-12,5.6442303e-15,8.473541e-18,6.872187e-11
820000,104,98,0,-5.2343313e-13,1.2592309e-11,2.6448485e-12,1.8896511e-16,4.252274e-19,2.1796141e-10
820000,234,269,0,-6.0959396e-14,3.2359334e-13,2.766414e-38,0.0,1.5068894e-29,1.8801516e-11
820000,425,20,0,-7.105912e-13,3.022447e-11,4.5209697e-11,3.459752e-11,9.804677e-11,2.7940006e-10
820000,351,200,0,-2.9294313e-13,1.9305765e-11,3.1516373e-16,6.2336713e-27,2.6613455e-16,1.0365965e-10
820000,15,3,0,-3.0698835e-13,4.721912e-11,1.6716448e-11,6.7543376e-14,1.0857676e-13,2.0264773e-10
820000,89,234,0,-1.7885698e-13,4.9423846e-12,9.620305e-14,1.7601756e-19,3.7001735e-19,6.343103e-11
820000,159,345,0,-4.836781e-13,4.8597633e-11,1.5500339e-17,4.3131848e-29,2.5127688e-14,2.3561877e-10
820000,250,410,0,8.763975e-11,9.347056e-12,4.159841e-12,3.4059915e-15,1.7504017e-14,7.483076e-11
820000,30,463,0,-1.7124959e-12,7.7960596e-11,3.5107453e-13,4.9118564e-19,2.690849e-14,2.6563804e-10
820000,68,355,0,1.5017461e-11,3.240523e-11,1.555922e-11,1.6654561e-13,5.7274407e-11,2.421366e-10
820000,289,98,0,1.5944517e-11,2.8724807e-11,1.0259087e-14,1.647699e-22,1.0050883e-13,6.820389e-11
820000,121,392,0,4.907163e-13,9.866273e-12,2.2097483e-16,1.0337327e-26,1.69455e-22,2.0161847e-10
820000,91,58,0,-6.0284e-13,2.0985581e-11,7.552451e-12,1.2629507e-15,2.943634e-11,1.24375e-10
820000,60,373,0,2.2792514e-11,3.495359e-11,2.560881e-11,1.0925301e-12,7.875194e-14,1.2573295e-10
820000,36,391,0,-8.530688e-13,4.6541354e-11,6.6421877e-12,7.758129e-15,1.9265563e-11,3.4021921e-10
820000,209,158,0,-2.2209636e-13,1.5162554e-11,8.713646e-20,2.521078e-35,1.053316e-12,2.179156e-12
820000,368,287,0,-1.5786896e-13,2.8215295e-12,5.299841e-39,0.0,4.162259e-26,1.3997663e-10
820000,490,499,0,-2.0334066e-14,2.8014314e-12,2.0251596e-13,3.7718081e-19,2.901535e-12,1.22905375e-11
820000,180,216,0,-2.2114058e-14,5.0843055e-15,2.6285589e-21,3.7980803e-37,0.0,2.5088057e-10
820000,346,23,0,-7.1133057e-13,2.7234576e-11,4.228383e-11,4.5251303e-13,4.983641e-14,1.4719438e-10
820000,345,138,0,-3.6351155e-13,1.7253003e-11,3.7335747e-20,2.9470613e-36,2.3680857e-16,2.709816e-10
820000,143,453,0,-4.2734357e-13,2.6446777e-11,6.1231025e-12,1.910335e-15,4.9973475e-13,1.1932451e-10
820000,349,169,0,-3.197104e-13,1.9913187e-11,1.2052539e-15,1.0537044e-25,1.1168176e-14,1.5655835e-10
820000,497,284,0,-5.6409125e-13,3.053125e-11,4.9030524e-12,6.4814364e-15,1.5153246e-12,2.2974105e-10
820000,150,57,0,-6.7402366e-13,2.6368612e-11,1.1596135e-11,1.9969645e-14,5.773951e-16,1.9593696e-10
820000,351,132,0,-3.4864757e-13,1.0651441e-11,3.7541224e-18,5.559122e-30,2.289392e-19,1.7790198e-10
820000,13,47,0,-1.1080934e-12,9.394125e-11,8.4054944e-11,6.0080213e-12,7.682005e-12,3.4761785e-10
820000,286,52,0,4.7551203e-11,2.2337496e-11,2.0974179e-14,9.473254e-20,7.733604e-18,9.3535485e-11
820000,273,141,0,-2.9138955e-13,4.1367673e-12,5.0664104e-19,1.5572235e-33,3.4639518e-22,6.4591553e-12
820000,67,295,0,-2.4015436e-13,2.1200864e-11,2.915788e-12,2.623874e-16,1.8072236e-14,1.270239e-10
820000,310,425,0,-1.4246927e-13,6.0013046e-13,7.8690744e-17,1.2043744e-28,9.777295e-34,1.2991512e-10
820000,98,107,0,-4.0247203e-13,2.3507212e-11,9.859715e-13,9.7984565e-18,1.0863947e-18,4.6467297e-10
820000,267,86,0,2.5392554e-11,3.1439996e-11,5.234243e-12,6.48879e-16,6.422495e-12,5.6620913e-11
820000,269,92,0,1.563136e-11,3.941486e-11,1.7588279e-13,1.2977447e-19,3.3684044e-10,4.5702834e-11
820000,468,270,0,-6.049157e-13,3.7260552e-11,3.1931686e-11,1.8561955e-12,1.9995965e-12,1.9203493e-10
820000,245,450,0,-3.3199867e-13,5.041854e-12,3.4704167e-12,1.1706912e-15,7.16247e-18,1.6132182e-10
820000,6,297,0,-3.9340747e-13,1.0597935e-11,7.457457e-12,4.188728e-15,1.4938276e-17,2.22024e-10
820000,230,78,0,-5.346464e-13,1.421205e-11,2.1339813e-13,1.1588367e-19,4.865365e-16,9.647222e-11
820000,117,480,0,-1.0418948e-12,5.8189634e-11,6.130158e-11,1.04983695e-11,6.767847e-11,1.1957794e-10
820000,401,299,0,-2.7651373e-13,2.0027873e-11,5.246065e-15,3.4260044e-24,1.6074954e-15,1.9527711e-10
820000,317,361,0,-1.4927812e-13,1.3358328e-11,5.767311e-13,3.5462503e-18,4.49035e-12,3.2246157e-11
820000,393,328,0,-2.731903e-13,5.83101e-12,8.8250497e-17,9.901667e-27,9.118145e-26,1.9332444e-10
820000,226,138,0,-6.1780415e-13,8.758788e-12,6.4576567e-13,2.3740419e-18,8.638768e-22,7.4184224e-13
820000,240,419,0,1.6672903e-11,1.5969002e-11,7.272209e-13,2.6683256e-18,2.7980566e-14,2.5504104e-10
820000,380,464,0,-1.8365442e-13,2.1764882e-11,2.5865795e-13,4.716049e-19,1.800774e-17,1.552308e-10
820000,10,346,0,-9.783671e-13,4.9636628e-11,5.008072e-11,1.8744728e-11,1.7504564e-11,3.2070901e-10
820000,77,357,0,4.547743e-11,5.801314e-11,5.2324654e-13,5.023188e-18,2.2651585e-13,2.6747604e-10
820000,340,186,0,-2.192043e-13,6.4174282e-12,6.466863e-13,2.5512669e-17,1.0752158e-20,2.9951888e-11
820000,110,42,0,-1.0525908e-12,5.2948763e-11,6.094962e-15,2.6486715e-23,6.203954e-11,2.7924768e-10
820000,383,409,0,1.8622742e-10,1.730732e-11,1.993455e-14,2.3820646e-22,3.3684014e-10,2.5991986e-10
820000,387,268,0,-2.4732904e-13,1.5851619e-11,9.431688e-27,0.0,5.170029e-16,1.3089775e-10
820000,464,392,0,-1.1624477e-12,6.3950914e-11,1.3870757e-12,2.973068e-17,3.3251926e-11,4.2167497e-10
820000,352,230,0,-3.49785e-13,2.2428844e-11,2.2158026e-15,1.992734e-24,6.4364075e-16,6.0986216e-12
820000,435,456,0,-1.1491541e-12,2.2204296e-11,1.0396571e-11,7.8889625e-15,1.6317387e-17,2.862259e-10
820000,64,13,0,-1.0846928e-12,5.072535e-11,8.224232e-12,2.930477e-14,7.953591e-12,1.5486329e-10
820000,435,247,0,3.3645364e-11,1.3029203e-11,8.947278e-14,1.6531901e-19,2.4379927e-20,1.8985435e-10
820000,61,265,0,-1.0608725e-13,4.2163637e-14,5.7090607e-11,1.7001461e-12,9.6335124e-14,1.546669e-10
820000,251,36,0,-5.851018e-13,2.2452835e-11,1.1517373e-12,1.9822963e-17,1.0406896e-13,1.7144482e-10
820000,477,269,0,-6.526454e-13,6.111331e-11,4.731686e-11,3.3092203e-11,1.10606524e-10,2.9023212e-10
820000,215,110,0,-5.353797e-13,1.0534568e-11,1.6033307e-18,2.5623924e-31,1.607855e-20,9.78743e-11
820000,86,491,0,-1.0494641e-12,3.8733156e-11,1.822649e-12,3.613898e-17,3.8683517e-14,2.1039957e-10
820000,475,25,0,-1.2599612e-12,5.003998e-11,2.5988092e-11,1.0692213e-12,7.5644636e-14,2.4333416e-10
820000,405,32,0,-7.2487106e-13,4.1432417e-11,2.0784596e-11,3.084866e-13,6.1795854e-13,1.6554924e-10
820000,100,113,0,2.7845771e-14,2.186233e-11,4.1296233e-13,2.8496713e-18,3.3897399e-15,3.118827e-10
820000,236,107,0,-9.523021e-13,1.1272037e-10,4.1725684e-21,2.7410427e-37,1.4027494e-13,1.4604958e-11
820000,244,326,0,-5.77935e-14,2.5826178e-13,1.3053112e-31,0.0,1.9458821e-33,5.661317e-11
820000,201,0,0,-1.2747252e-12,1.3128873e-10,5.4125877e-11,3.8545935e-13,4.6526047e-11,6.204633e-10
820000,392,184,0,5.5337245e-13,2.1243446e-11,1.8662723e-13,2.1882818e-19,6.3689597e-15,1.8051415e-10
820000,408,272,0,-3.429536e-13,7.549815e-12,1.2550615e-17,2.1996153e-30,7.914654e-24,1.02674994e-10
820000,202,327,0,-2.993726e-13,1.1340876e-11,7.454986e-33,0.0,1.5562903e-21,2.2180085e-12
820000,235,330,0,-8.4078306e-14,2.3547967e-12,1.7597651e-25,1.7e-44,1.1929854e-24,1.938911e-11
820000,216,174,0,-1.4081767e-13,3.3603016e-12,3.582952e-29,0.0,2.3050847e-24,6.0655318e-12
820000,333,84,0,-5.8626427e-13,3.526108e-11,4.984453e-19,1.2245631e-31,4.4763273e-15,3.827364e-11
820000,257,279,0,-2.8652917e-16,7.100465e-26,1.5936842e-17,7.503284e-27,6.9910593e-34,5.7749686e-12
820000,220,239,0,-6.74437e-15,4.5055846e-18,8.5457374e-33,0.0,0.0,4.6971926e-11
820000,305,218,0,-1.1924217e-14,2.4022702e-18,2.1702774e-21,4.9541433e-35,1e-45,1.3068155e-12
820000,18,97,0,-1.1455199e-12,6.147445e-11,3.8260804e-11,7.9229434e-13,9.4478875e-14,2.934441e-10
820000,8,214,0,-3.9764166e-13,7.1322965e-12,2.497955e-11,1.3911715e-13,1.863396e-15,2.5630012e-10
820000,258,136,0,-2.5563137e-13,1.3872307e-11,1.3821761e-24,0.0,1.5965634e-16,1.0194418e-11
820000,134,87,0,-4.8634566e-13,2.4390599e-11,1.9346167e-13,4.1499212e-19,1.450218e-13,1.3300344e-10
820000,345,318,0,-2.5905198e-13,2.6215599e-12,7.384811e-26,0.0,3.5463665e-28,1.1606755e-11
820000,14,206,0,-5.3120697e-13,2.5189321e-11,5.3719137e-11,2.5615514e-12,4.9274116e-13,1.3806194e-10
820000,124,437,0,-4.728269e-13,2.1798605e-12,1.5580968e-14,7.3635134e-22,7.291611e-28,1.519198e-10
820000,277,419,0,1.0601321e-12,9.352459e-13,2.0300691e-14,1.8374374e-22,3.7032253e-29,6.361658e-11
820000,93,68,0,-5.7588537e-13,3.2830766e-11,3.524074e-11,1.3640136e-13,1.4074112e-13,2.0992917e-10
820000,464,94,0,-1.2091143e-12,4.3836462e-11,4.2991556e-12,1.938332e-16,8.161282e-18,9.3384286e-11
820000,419,135,0,4.886559e-12,6.93499e-11,4.16175e-12,3.4059917e-15,5.1401595e-11,3.9562356e-10
820000,326,353,0,-9.7857384e-14,9.0857855e-13,3.2824552e-21,6.756094e-38,1.5045681e-30,7.396099e-11
820000,112,97,0,-5.187392e-13,4.109139e-11,1.3984397e-11,6.1821926e-14,1.747482e-14,2.2693687e-10
820000,60,403,0,1.5218744e-12,3.068367e-11,7.3355097e-13,3.3574308e-18,4.552959e-16,1.3933904e-10
820000,198,91,0,-3.7106586e-13,1.5231245e-11,9.997176e-12,2.7090592e-14,1.9761891e-16,2.13209e-10
820000,347,89,0,-4.2413282e-13,5.597111e-12,1.137426e-16,3.971025e-27,1.0347825e-25,2.1732638e-11
820000,421,232,0,1.5060579e-10,3.468795e-11,1.7025425e-12,5.0362147e-17,3.0666927e-13,1.2386275e-10
820000,339,353,0,3.819145e-13,2.2221882e-11,8.7331265e-24,3.71e-43,3.0427286e-17,9.423077e-11
820000,436,224,0,5.0668403e-10,1.975128e-11,2.1181009e-13,1.8232073e-19,3.313728e-16,2.0564933e-10
820000,423,220,0,7.647287e-10,6.846064e-12,3.1749575e-11,2.650425e-13,7.852899e-15,2.1810777e-10
820000,368,171,0,-4.6348754e-13,2.0476013e-11,2.915823e-21,9.731212e-39,5.614476e-14,3.686601e-11
820000,132,302,0,-2.2353723e-13,1.1174541e-11,1.7356167e-11,1.928163e-13,3.4259046e-13,3.0010536e-09
820000,63,427,0,-1.0070029e-12,3.004695e-11,8.266529e-12,8.4291925e-15,5.3159702e-17,3.0897727e-09
820000,56,474,0,-1.6838348e-12,6.968741e-11,5.6421343e-12,1.9298663e-15,3.9498935e-13,4.848493e-10
820000,182,424,0,-4.2093103e-13,1.2801791e-11,1.6815301e-11,2.9362615e-13,1.7328046e-14,2.536038e-10
820000,145,370,0,-2.9991968e-13,1.1481751e-11,3.0881042e-14,4.174973e-21,3.3021627e-14,1.8893333e-10
820000,262,223,0,-8.191657e-15,4.5520503e-17,5.4695303e-29,0.0,0.0,6.1203156e-12
820000,375,43,0,-9.465211e-13,5.8331825e-11,4.051158e-11,5.596433e-12,2.3152218e-09,3.1776376e-10
820000,427,398,0,-1.0180192e-12,6.4155244e-11,4.748391e-12,2.8348017e-16,4.5962913e-13,2.076027e-10
820000,71,148,0,-6.2804227e-13,1.9390059e-11,8.055785e-12,1.8789615e-14,1.9207675e-16,2.9399877e-10
820000,465,432,0,-1.4054057e-12,7.2168264e-11,1.1548366e-11,1.28214e-14,6.310792e-13,6.396616e-10
820000,407,220,0,5.820585e-11,9.230014e-12,1.5012316e-17,1.00239816e-26,1.84324e-21,1.5011362e-10
820000,391,471,0,-6.491256e-13,3.194947e-11,2.2213956e-11,3.537456e-14,3.4452184e-14,2.302611e-10
820000,257,119,0,-3.8925972e-13,2.111242e-11,5.839811e-19,5.126206e-32,4.249305e-15,4.1896486e-11
820000,421,16,0,-6.703273e-13,1.6612803e-11,9.050328e-12,1.405457e-14,3.6669065e-17,4.5115695e-10
820000,288,406,0,3.8501648e-13,4.5554034e-12,2.34255e-14,2.5105802e-22,1.2226635e-22,4.0958712e-11
820000,381,135,0,4.5894153e-13,8.356539e-12,1.8092207e-14,2.2274122e-21,4.4249838e-17,5.9329444e-11
820000,22,98,0,-1.0904138e-12,7.096321e-11,1.4288726e-12,2.4633361e-17,7.683424e-11,3.3640182e-10
820000,381,226,0,-1.919894e-14,1.541171e-11,1.1498827e-18,5.2013147e-31,1.982903e-15,1.8328171e-10
820000,98,50,0,-7.5003925e-13,2.7682228e-11,2.6969063e-13,4.1784503e-16,1.2674666e-14,2.6489544e-10
820000,429,310,0,-4.1147419e-13,3.01387e-11,3.5150667e-13,1.2782066e-18,7.496915e-16,1.9973433e-10
820000,13,258,0,-5.8013403e-13,5.918297e-11,3.4933573e-11,7.5146394e-13,1.886681e-09,2.1620129e-10
820000,219,377,0,4.5098487e-12,4.3882802e-14,3.153405e-15,9.0340935e-24,6.4984704e-31,3.8401105e-10
820000,197,258,0,-1.4556515e-14,2.8259865e-17,2.6854193e-26,0.0,0.0,6.6811695e-11
820000,365,189,0,-3.5925923e-13,1.9174468e-11,4.9253093e-20,1.8661267e-36,1.5349557e-13,1.2557093e-10
820000,125,202,0,-5.827578e-14,6.0503076e-14,7.2720827e-12,3.571853e-15,1.32927734e-17,1.0968766e-11
820000,252,330,0,-1.0450942e-13,5.2727094e-13,3.4705757e-32,0.0,9.081665e-31,1.15981384e-10
820000,225,162,0,-1.3674999e-13,1.8523991e-11,4.4901487e-20,1.5733788e-34,9.884016e-15,1.239845e-10
820000,446,383,0,-9.607686e-13,3.7921645e-11,4.3839676e-12,3.6326747e-16,1.3282883e-16,1.4893768e-10
820000,389,331,0,-2.9550405e-13,1.5433679e-11,5.169306e-15,7.810602e-23,8.667866e-16,5.895408e-11
820000,355,356,0,6.4974857e-12,3.793689e-11,6.9185624e-19,1.7267255e-32,4.9821702e-11,5.103863e-11
820000,277,22,0,-4.7041445e-13,1.8990337e-11,3.2990906e-16,1.02868356e-25,2.225846e-18,8.5151924e-10
820000,393,90,0,3.407657e-11,3.9911234e-11,6.412004e-14,1.33764055e-20,3.3190703e-13,2.377522e-10
820000,475,363,0,-9.271523e-13,3.3278973e-11,1.3168305e-13,5.075345e-19,2.3078834e-15,1.6019971e-10
820000,216,435,0,-3.113693e-13,2.220364e-11,1.4896858e-11,3.8696012e-14,8.7956505e-16,2.3493832e-10
820000,399,169,0,2.0868034e-12,3.8519042e-11,4.5673744e-17,1.4466981e-28,1.320065e-14,2.6847266e-11
820000,142,421,0,-2.5559036e-13,4.6672896e-12,1.4467595e-11,9.399395e-14,7.684018e-16,2.7806407e-10
820000,259,283,0,-4.9380126e-16,4.7967516e-25,2.1307116e-15,3.0152687e-23,3.3901365e-29,6.165381e-11
820000,105,105,0,-3.3789098e-13,4.8664735e-11,7.8074415e-15,5.110982e-23,2.2652007e-15,1.1708105e-10
820000,364,219,0,-4.3383434e-13,3.2476636e-11,3.3821472e-12,1.2885861e-15,3.3097491e-10,3.228124e-11
820000,224,144,0,-7.796842e-13,4.438493e-11,1.544266e-11,1.5521925e-13,4.2592726e-15,1.1883016e-13
820000,169,195,0,-6.478201e-14,2.3420484e-12,8.8444034e-26,0.0,1.3973604e-24,6.076085e-11
820000,329,10,0,-5.9735094e-13,3.6401465e-11,7.93428e-15,2.6970984e-23,3.6529057e-12,2.0892152e-10
820000,231,175,0,-6.950635e-14,1.7202903e-13,4.684623e-31,0.0,1.1916264e-37,9.699131e-13
820000,393,324,0,-2.641183e-13,4.1622977e-12,5.117057e-17,9.783154e-29,1.9707928e-22,4.0228966e-11
820000,374,125,0,6.324413e-13,4.823112e-12,9.8546835e-14,3.5976292e-19,1.6388469e-20,5.963642e-11
820000,90,153,0,-1.5622516e-13,2.1248234e-11,8.982386e-21,1.5289359e-37,2.2192985e-17,3.494038e-10
820000,166,71,0,-4.885297e-13,2.7825292e-11,6.2269024e-14,3.1959874e-21,2.794377e-11,3.730261e-11
820000,197,144,0,-5.0003296e-13,2.3856514e-11,3.1969513e-22,1.0656093e-37,3.4541173e-14,4.121587e-11
820000,171,153,0,5.152264e-13,9.76257e-12,6.3924454e-15,1.8103425e-21,2.6172373e-18,1.3324426e-11
820000,431,226,0,4.327222e-10,1.473691e-11,3.2275194e-14,3.803189e-21,3.689586e-21,3.7332304e-10
820000,37,191,0,-5.0471227e-13,2.6376974e-11,2.4111184e-11,1.247636e-12,6.708175e-13,2.1153722e-10
820000,400,206,0,1.0203381e-11,9.692548e-12,1.2720936e-14,9.461166e-23,6.8786063e-17,1.6592189e-10
820000,324,341,0,-1.008663e-13,9.812304e-14,3.6278447e-29,0.0,3.7054048e-38,9.5653735e-11
820000,83,59,0,-5.871908e-13,2.1158606e-11,2.175331e-11,5.9588544e-14,6.9164465e-16,1.6052815e-10
820000,374,176,0,-4.7361485e-13,2.81149e-11,5.2200673e-24,1.65e-43,4.6181695e-17,3.128348e-09
820000,298,379,0,-9.461714e-14,3.678849e-12,7.2194106e-13,4.7824584e-18,1.7933318e-22,3.0695642e-09
820000,168,201,0,-4.270756e-14,1.286712e-13,1.1574893e-24,0.0,1.4068073e-36,1.4895676e-10
820000,230,288,0,-4.4397222e-14,9.941439e-16,1.0783894e-29,0.0,1.902e-42,2.4308745e-12
820000,136,14,0,-8.11395e-13,2.6818861e-11,6.6449285e-17,2.0950058e-27,3.778365e-13,5.045655e-10
820000,362,452,0,1.7159371e-12,2.2564903e-11,1.2155457e-11,5.149544e-14,3.793489e-16,2.0899457e-10
820000,261,288,0,-1.2042799e-15,6.639624e-23,4.9881465e-14,7.34793e-20,3.3848396e-24,9.723544e-11
820000,343,121,0,-3.7103746e-13,3.4071957e-11,4.3434576e-14,1.6073235e-21,1.3629698e-12,1.6742285e-10
820000,307,271,0,-3.473616e-13,5.460769e-11,3.0514335e-14,2.0778278e-20,2.449884e-13,4.854377e-10
820000,297,75,0,1.8666742e-10,3.4359217e-11,1.7685364e-13,3.3336674e-19,1.2310176e-13,4.6224022e-10
820000,143,24,0,-8.7895115e-13,7.361174e-11,6.114216e-13,7.650582e-19,2.06857e-09,2.060942e-10
820000,441,81,0,-1.3657761e-13,5.5525664e-11,8.928421e-14,1.7648974e-20,1.607541e-12,3.9972048e-10
820000,496,224,0,-3.7984533e-13,4.0535728e-11,3.9978155e-13,6.2914375e-19,5.5328846e-11,1.2501444e-10
820000,172,59,0,-5.5619517e-13,2.4946606e-11,3.3873678e-11,4.1068014e-13,3.333e-11,1.2221382e-10
820000,319,477,0,-3.25719e-13,1.6282913e-11,5.8799646e-11,1.9517747e-11,1.8450956e-11,1.7830916e-10
820000,161,111,0,4.6169904e-13,1.5414307e-13,1.6829942e-25,2.56537e-40,6.62575e-38,6.8282116e-11
820000,104,133,0,8.8952205e-12,2.309837e-11,8.826025e-20,4.4123277e-30,6.203933e-11,3.1060987e-09
820000,126,11,0,-8.663929e-13,2.3508022e-11,6.899819e-13,3.2385624e-18,5.036688e-18,3.4309628e-09
820000,260,489,0,-4.841801e-13,3.0830012e-11,2.5982638e-11,3.7393035e-13,5.519247e-13,3.3122527e-09
820000,491,122,0,-1.0006854e-12,5.0381265e-11,2.4455331e-12,2.402866e-16,5.247119e-12,3.1012077e-09
820000,352,220,0,-3.2913738e-13,2.055291e-11,1.2707665e-14,2.630406e-23,1.6177517e-12,3.015938e-09
820000,63,292,0,-2.3626207e-13,1.8652828e-11,1.3873268e-12,1.1099869e-17,3.553556e-19,3.0655574e-09
820000,101,210,0,-7.8390656e-14,5.150958e-12,2.1202535e-19,9.555244e-35,2.678796e-18,7.512012e-11
820000,114,239,0,-1.07849995e-13,7.7944536e-13,7.4408145e-17,2.1295864e-28,3.1673332e-30,5.05252e-11
820000,342,202,0,-1.876014e-13,2.2483287e-12,6.167775e-14,2.5164083e-20,1.0302752e-25,5.962711e-11
820000,35,137,0,-9.793118e-13,7.1307286e-11,1.086961e-11,1.1006685e-14,3.6494113e-11,1.4623132e-10
820000,183,323,0,-1.2867516e-13,1.1057397e-12,4.6204673e-21,7.721775e-37,6.3563324e-28,7.015573e-13
820000,302,305,0,-1.7170208e-13,7.344954e-12,1.03054206e-17,9.622572e-30,2.2102452e-19,4.7962773e-13
820000,97,136,0,1.995031e-12,3.6032583e-11,3.472411e-19,3.2669398e-33,2.852288e-13,9.5357576e-11
820000,217,289,0,-2.2691303e-13,2.1393338e-11,1.41088e-40,0.0,8.33746e-16,1.4679895e-12
820000,270,444,0,-2.6769385e-13,1.3279959e-11,2.6279382e-12,1.5883294e-16,2.841936e-18,1.8782474e-10
820000,319,434,0,-2.465509e-13,2.1446279e-11,2.17602e-12,5.3974696e-17,5.4353896e-11,1.7459371e-10
820000,426,215,0,6.660781e-10,1.0070845e-11,2.2743819e-11,1.3007314e-13,2.2724234e-15,1.212069e-10
820000,420,378,0,-5.8200504e-13,2.03373e-11,1.3704626e-11,2.3494322e-14,4.5874936e-13,9.471583e-11
820000,273,227,0,-6.9478826e-15,9.406391e-17,6.716168e-25,1.3e-44,0.0,1.4534537e-12
820000,310,493,0,-2.8444638e-13,2.012734e-11,2.3406895e-12,3.962198e-16,4.0330468e-11,1.4955459e-10
820000,239,86,0,-3.7912086e-13,1.2522663e-11,4.6966618e-11,2.4771738e-12,5.662832e-13,3.1353509e-09
820000,14,442,0,-1.2590078e-12,7.5948484e-11,4.0259164e-11,3.0347448e-13,3.9325564e-11,3.404561e-09
820000,330,147,0,-3.1285274e-13,2.48419e-12,8.8852646e-20,1.5979183e-34,2.783953e-26,3.0059741e-09
820000,458,115,0,-9.962515e-13,4.4991597e-11,4.1135e-12,1.2907585e-15,1.4385435e-14,3.3674916e-09
820000,464,447,0,-1.2953739e-12,4.2763317e-11,5.090574e-13,1.8535527e-18,1.5106785e-15,3.4426255e-09
820000,152,450,0,-3.792963e-13,2.1900147e-11,9.93536e-13,3.613805e-17,4.967886e-12,3.1200844e-09
820000,341,491,0,-3.032393e-13,4.721341e-12,7.80157e-15,1.8955063e-22,9.720408e-24,3.4344134e-09
820000,296,454,0,-2.5971068e-13,3.31956e-12,2.5150972e-17,6.2632965e-30,1.963798e-26,3.1169252e-09
820000,436,114,0,9.47961e-12,5.1202032e-11,2.596483e-12,7.312901e-16,4.453182e-14,3.0489202e-09
820000,400,171,0,3.2170813e-12,3.1693405e-11,1.0496524e-17,2.2327448e-28,4.331654e-14,3.846559e-11
820000,489,273,0,-6.0461233e-13,3.734655e-11,1.1010843e-11,1.23471815e-14,4.0330517e-11,3.310318e-09
820000,33,458,0,-1.742978e-12,1.2003226e-10,8.45374e-12,3.048241e-14,2.832914e-10,3.155931e-09
820000,459,387,0,-1.1437161e-12,6.889698e-11,4.749068e-12,1.1144652e-15,3.4065387e-10,3.17579e-09
820000,59,341,0,-1.7170528e-15,2.424651e-11,2.2457809e-13,9.60947e-19,5.5328468e-11,3.169308e-09
820000,498,350,0,-1.3889406e-12,8.2602175e-11,2.3288615e-17,3.6448185e-29,5.8212136e-15,3.1687606e-09
820000,154,485,0,-6.2716846e-13,4.819378e-11,7.6560936e-14,4.031738e-20,9.730168e-13,3.1229024e-09
820000,496,344,0,-5.376422e-13,1.8860987e-11,9.325555e-16,1.4944391e-24,7.225754e-15,3.5506023e-09
820000,266,21,0,-4.5166732e-13,4.759039e-12,1.4111101e-11,5.077136e-14,2.895059e-16,3.3968983e-09
820000,247,61,0,2.1392253e-13,1.5590938e-11,5.0364414e-11,1.5445656e-12,2.0891333e-13,3.147022e-09
820000,64,74,0,-5.1558123e-13,1.2945752e-11,4.541618e-14,5.4403738e-21,1.7912674e-19,3.1784733e-09
820000,110,253,0,-4.8273055e-13,6.337176e-11,1.982174e-12,1.06989764e-16,3.8184023e-13,3.0182492e-09
820000,368,498,0,-5.192932e-13,8.567814e-12,5.380221e-13,4.820908e-18,7.753179e-22,3.6251102e-09
820000,65,202,0,-2.9159458e-13,1.9051863e-11,2.3357356e-12,1.2392042e-15,6.351526e-16,3.287435e-09
820000,138,10,0,-7.413288e-13,2.402472e-11,1.5932953e-15,1.1109307e-23,3.7787335e-13,3.2152672e-09
820000,411,68,0,1.125796e-12,2.8302397e-11,8.039421e-14,1.2971584e-19,3.7839332e-12,3.115052e-09
820000,281,77,0,3.6432238e-10,1.2271104e-11,2.8331322e-11,8.751781e-13,5.063947e-14,3.1108662e-09
820000,240,441,0,-2.0854084e-13,1.5616812e-11,6.9560096e-12,7.690689e-15,3.0797678e-17,3.200123e-09
820000,131,495,0,-8.0013497e-13,2.6575037e-11,1.5397143e-12,1.06373375e-16,3.486736e-14,3.2086482e-09
820000,125,10,0,-8.690208e-13,2.4022775e-11,2.5010317e-12,1.9170924e-16,2.4524894e-19,3.4896697e-09
820000,334,231,0,-1.7486515e-13,4.02476e-12,1.8509552e-16,1.0749677e-27,2.0967802e-25,2.992804e-09
820000,235,462,0,-4.2374836e-13,1.9843589e-11,4.6642833e-13,3.7238695e-18,1.0348044e-16,3.151826e-09
820000,460,171,0,7.534104e-12,4.9664026e-11,1.7211773e-15,6.000238e-25,5.6927397e-12,3.1522343e-09
820000,17,58,0,-1.2465316e-12,5.1111098e-11,3.863032e-11,8.4962565e-13,3.6992883e-14,3.1943292e-09
820000,248,363,0,6.451572e-12,5.522987e-14,1.6008041e-17,8.453351e-29,5.323692e-38,3.0167753e-09
820000,126,290,0,-1.9783955e-13,3.9900535e-13,1.2130361e-15,6.1458666e-24,1.9526158e-26,3.0068754e-09
820000,172,67,0,-4.8726957e-13,2.5850594e-11,2.030325e-13,3.4151038e-19,1.5153885e-12,3.0676623e-09
820000,192,255,0,-1.08638565e-14,2.0545107e-17,2.085891e-21,2.376753e-37,0.0,3.0162137e-09
820000,189,376,0,-3.5030092e-13,2.0723746e-11,7.981175e-22,1.448799e-36,6.8383686e-16,3.126154e-09
820000,132,472,0,-6.946875e-13,2.8718949e-11,2.813976e-11,2.100215e-12,7.8726094e-13,3.307836e-09
820000,368,90,0,1.3159118e-13,1.7377293e-12,2.6861253e-15,2.4875743e-24,6.592048e-27,1.1110497e-10
820000,209,367,0,3.725001e-14,1.451444e-12,1.6029836e-16,1.1022937e-25,3.2892538e-26,3.1446182e-11
820000,287,179,0,-6.546504e-14,1.3547169e-11,2.3768812e-27,0.0,1.3685677e-13,2.9578702e-13
820000,75,403,0,9.980619e-12,2.5539446e-11,2.6574522e-13,2.857444e-19,2.0063507e-13,3.5369213e-10
820000,382,364,0,1.342564e-11,3.6824835e-11,2.2563545e-20,3.0858248e-35,3.655145e-12,6.645621e-11
820000,273,162,0,-5.1682928e-14,3.8106085e-15,4.2329358e-32,0.0,0.0,7.761367e-12
820000,121,421,0,-6.169623e-13,6.279549e-11,4.627575e-12,1.5823427e-15,3.3316075e-10,1.2383397e-10
820000,367,397,0,1.8351085e-10,3.450735e-12,2.8633463e-12,1.7349039e-16,5.3276018e-20,1.1848683e-10
820000,51,75,0,-7.1893804e-13,4.7882042e-11,2.2321872e-11,1.3902879e-13,6.2157822e-12,2.1739209e-10
820000,93,291,0,-1.5570058e-13,1.9538134e-12,2.4495625e-12,2.5847287e-16,5.173606e-20,4.781294e-11
820000,173,186,0,-1.1426354e-13,1.41884065e-11,1.3323344e-17,8.464436e-29,3.2171502e-10,9.427333e-11
820000,139,459,0,-5.2134376e-13,2.8818411e-11,1.3108085e-11,3.4425533e-14,7.705467e-14,6.505466e-10
820000,369,80,0,-2.808776e-13,1.9840097e-11,2.3066398e-11,1.3184358e-13,6.907602e-15,1.12981506e-10
820000,409,119,0,1.2508597e-10,2.7690924e-11,2.466695e-15,1.6077581e-24,2.2179573e-13,1.0956984e-10
820000,392,83,0,1.1512758e-11,2.5588335e-11,8.623232e-12,1.479057e-14,2.3291837e-13,1.7433002e-10
820000,65,155,0,-6.0805175e-13,1.6571869e-11,5.9950656e-13,1.3643661e-17,3.7568647e-15,3.411107e-09
820000,81,398,0,3.2384248e-11,2.8490214e-11,9.081581e-16,1.6493732e-24,3.3312897e-10,3.2223724e-09
820000,134,142,0,8.884377e-10,2.0567275e-11,8.143912e-25,4.4e-43,3.1613804e-17,3.0746075e-09
820000,202,45,0,-7.5155794e-13,3.063884e-11,8.014119e-19,4.6103984e-31,1.8925961e-16,1.771419e-10
820000,465,186,0,3.557859e-12,2.8960797e-11,3.901887e-11,5.414478e-12,1.257298e-12,3.1936243e-09
820000,483,97,0,-1.0925808e-12,3.1346457e-11,3.8651384e-11,4.2201236e-13,8.241761e-15,3.4374799e-09
820000,156,389,0,-2.692124e-13,1.0825941e-11,5.5109207e-14,5.8771756e-21,6.108577e-16,3.0925542e-09
820000,498,350,0,-1.3889406e-12,8.2602175e-11,2.3288615e-17,3.6448185e-29,5.8212136e-15,3.1687606e-09
820000,256,81,0,5.4508013e-12,5.3548426e-11,3.8623688e-12,2.6393224e-16,2.756159e-15,3.1871745e-09
820000,82,406,0,7.132532e-12,1.510191e-11,4.059349e-14,1.3796778e-20,6.122958e-19,3.3694116e-09
820000,58,52,0,-8.8304846e-13,3.2864135e-11,1.7250205e-11,1.6300851e-14,3.5776896e-14,3.2238634e-09
820000,348,185,0,-2.6678963e-13,1.0806278e-11,2.242744e-14,2.0066892e-22,7.905481e-19,3.0078917e-09
820000,366,429,0,9.4559166e-11,8.2286886e-12,1.3962148e-12,5.3649978e-17,3.481835e-17,3.1944358e-09
820000,151,490,0,-6.4333743e-13,5.4096824e-11,5.6872835e-14,5.60068e-20,3.0623723e-10,3.229486e-09
820000,32,405,0,-9.585949e-13,2.2403999e-11,1.2084948e-11,6.11803e-14,3.921162e-14,3.572031e-09
820000,285,148,0,-2.6973755e-13,2.8705859e-11,1.2511388e-22,1.043064e-39,1.7257007e-14,3.114339e-09
820000,3,384,0,-1.1362585e-12,4.2304774e-11,8.787525e-16,2.3409336e-25,4.287015e-15,3.3190926e-09
820000,415,4,0,-6.5434344e-13,3.559276e-11,3.9082612e-11,1.3663476e-12,3.462257e-11,3.293295e-09
820000,327,28,0,-8.2864873e-13,7.9708275e-11,1.5136635e-15,1.8250064e-24,5.0653346e-11,3.523992e-09
820000,205,118,0,-4.505524e-13,1.869345e-11,3.063539e-13,4.420338e-19,2.767256e-12,3.0553184e-09
820000,111,140,0,4.0033737e-11,2.1519916e-11,1.7889022e-17,1.8268786e-27,4.6770215e-18,3.2041856e-09
820000,433,319,0,-4.7299176e-13,3.481087e-11,5.76134e-14,2.396322e-21,9.1810606e-14,3.2533745e-09
820000,434,432,0,-1.3582654e-12,5.980181e-11,6.627211e-13,2.1099444e-18,2.344352e-13,3.4759886e-09
820000,353,23,0,-7.413197e-13,3.4209295e-11,6.490261e-13,1.166364e-17,3.921041e-12,3.2069503e-09
820000,384,338,0,-2.7351689e-13,1.4870513e-11,5.811101e-13,4.7994405e-19,3.6507832e-16,3.1177556e-09
820000,223,456,0,-4.3782355e-13,2.2259052e-11,3.613421e-14,6.951078e-22,5.2464274e-12,3.3967564e-09
820000,228,495,0,-5.0060623e-13,2.2564783e-11,8.497268e-22,1.3767629e-34,3.9364933e-13,3.1416028e-09
820000,495,337,0,-4.979052e-13,1.2247591e-11,1.9243047e-15,8.466956e-25,2.8550165e-15,3.204793e-09
820000,137,14,0,-8.056889e-13,2.9491302e-11,2.3973822e-16,3.9982885e-26,5.88395e-12,3.1917338e-09
820000,82,28,0,-1.169629e-12,5.088453e-11,6.910371e-11,4.2945154e-11,8.77218e-11,3.241607e-09
820000,262,42,0,6.371e-13,6.93917e-11,1.6936091e-11,2.8576433e-13,1.5220332e-11,3.2617784e-09
820000,122,21,0,-1.102591e-12,6.380007e-11,3.602751e-17,1.7826606e-23,7.7144427e-13,3.2492813e-09
820000,140,471,0,-6.0889114e-13,2.928194e-11,6.2520766e-11,3.0866796e-12,3.5959134e-13,3.1641705e-09
820000,107,287,0,-1.10038646e-13,1.0082976e-12,3.7418794e-11,5.509978e-12,1.3403743e-12,3.028087e-09
820000,91,229,0,-1.21405e-13,1.0403012e-12,6.535669e-12,6.9439985e-15,1.3681629e-17,3.0103393e-09
820000,75,157,0,-4.603881e-13,4.6696982e-12,4.0893882e-16,7.5394996e-27,4.127188e-23,3.3860548e-09
820000,23,111,0,-9.644362e-13,4.3750472e-11,2.8970574e-11,2.2597007e-13,6.110169e-11,3.202555e-09
820000,475,472,0,-1.1777492e-12,7.4984595e-11,2.9166617e-11,1.0939133e-12,8.416579e-14,3.4898842e-09
820000,21,117,0,-9.111812e-13,4.390482e-11,1.9833293e-11,3.5116755e-13,4.209998e-12,3.1413938e-09
820000,237,114,0,-9.126045e-13,4.5314183e-11,3.486862e-25,0.0,3.2573718e-12,3.0322331e-09
820000,73,46,0,-8.6636113e-13,4.1797055e-11,1.6470865e-11,2.4497653e-14,5.919537e-11,3.2929515e-09
820000,420,5,0,-6.784982e-13,5.1173933e-11,4.822223e-11,1.0471055e-11,4.2941487e-11,3.3395426e-09
820000,278,38,0,2.2832005e-12,1.4310243e-11,1.7186757e-15,1.7644087e-24,1.5523374e-18,3.1585659e-09
820000,416,294,0,-2.2893455e-13,4.544696e-12,6.643487e-17,8.280181e-28,2.7502705e-20,3.0797458e-09
820000,152,2,0,-6.8885853e-13,5.3014187e-11,2.1102166e-13,9.750447e-19,3.418789e-12,3.450478e-09
820000,10,127,0,-7.805241e-13,2.7132852e-11,2.880573e-13,2.5403306e-18,3.4877822e-13,3.1740748e-09
820000,405,89,0,8.4374945e-11,3.9774108e-11,1.2787094e-11,5.6244126e-14,4.6772525e-12,3.0497411e-09
820000,30,391,0,-9.878497e-13,4.7202898e-11,2.5899111e-12,2.4031804e-16,6.644685e-11,3.2671983e-09
820000,392,399,0,2.8168315e-11,2.189817e-11,1.6304295e-14,1.1242593e-21,4.5388058e-11,3.6469872e-09
820000,340,273,0,-3.368683e-13,5.6263223e-12,4.548018e-15,9.164761e-20,1.5957249e-22,3.0209626e-09
820000,434,377,0,-6.902808e-13,2.4292365e-11,7.783455e-14,7.772171e-21,1.8703273e-15,3.3119585e-09
820000,101,170,0,4.3297563e-14,2.7874246e-11,5.4086922e-11,7.271254e-11,5.4418364e-10,3.0547798e-09
820000,315,145,0,-3.8070933e-13,2.3145846e-11,1.5731342e-19,8.9149945e-35,4.4219855e-13,3.4202803e-09
820000,411,169,0,2.2610813e-11,4.2377348e-11,4.5921163e-17,1.4461656e-28,7.9169315e-15,3.0886713e-09
820000,48,443,0,-1.2922321e-12,8.145402e-11,5.627342e-14,2.1924903e-21,1.0728033e-11,3.3306924e-09
820000,24,215,0,-4.7818303e-13,3.619224e-11,8.613066e-12,1.8796283e-14,2.1902234e-14,3.1367213e-09
820000,201,180,0,-1.2568593e-13,2.8309972e-12,3.9134517e-19,6.854235e-30,4.066738e-24,3.0229772e-09
820000,438,420,0,-1.2054384e-12,3.028239e-11,2.362004e-11,4.2183536e-13,2.6950695e-11,3.311073e-09
820000,306,43,0,1.9830385e-12,4.5252458e-11,5.940364e-14,2.2215687e-20,2.283035e-11,3.1589216e-09
820000,123,353,0,-4.2239609e-13,4.038784e-11,2.8804634e-12,3.1989237e-16,5.8452856e-12,3.0661718e-09
820000,200,321,0,-2.4724233e-13,1.620582e-11,5.290927e-29,0.0,1.1117055e-14,3.0058962e-09
820000,486,31,0,-1.4183252e-12,5.6465277e-11,8.778799e-12,5.6572416e-14,1.8929325e-14,3.565994e-09
820000,132,61,0,-7.836299e-13,4.8909314e-11,7.9644597e-13,7.8562405e-18,1.3689124e-12,3.1910563e-09
820000,378,415,0,5.1180193e-10,2.9847007e-11,8.188743e-12,2.4818152e-14,4.4914e-12,3.158219e-09
820000,153,442,0,-3.1193852e-13,8.351029e-12,7.6782795e-11,5.239676e-12,9.57493e-13,3.1140925e-09
820000,493,352,0,-9.619508e-13,2.8680789e-11,8.0276565e-15,3.369983e-22,3.878704e-14,3.1728158e-09
820000,302,14,0,-5.717824e-13,2.5146392e-11,3.8898874e-11,5.7757635e-12,1.6475178e-12,3.2364846e-09
820000,387,480,0,-7.408459e-13,3.8189087e-11,3.2966723e-11,8.259345e-13,3.368873e-10,3.1984149e-09
820000,377,160,0,-4.936814e-13,1.3760104e-11,1.5989781e-21,6.9631586e-38,6.1885853e-14,3.0925125e-09
820000,484,404,0,-1.0086665e-12,4.714873e-11,7.718871e-12,7.19796e-15,1.3650806e-13,3.2835403e-09
820000,495,379,0,-1.3542583e-12,9.387064e-11,1.1596244e-11,1.4955724e-14,7.939319e-13,3.1113898e-09
820000,68,277,0,-1.635898e-13,1.8673023e-12,4.7481524e-12,1.4580775e-15,6.975851e-18,3.0492424e-09
820000,83,472,0,-1.3478757e-12,5.1081403e-11,1.5404349e-13,4.571689e-20,3.9331038e-13,3.3417646e-09
820000,61,280,0,-1.6312361e-13,9.13843e-12,2.5362004e-12,7.312831e-16,1.0442137e-17,3.0319598e-09
820000,65,251,0,-7.483835e-14,3.7147783e-13,1.5478929e-15,6.3680923e-24,1.5452625e-30,3.208759e-09
820000,206,434,0,-4.1337368e-13,9.842235e-12,5.301709e-13,8.4885916e-19,4.1522793e-22,3.1680238e-09
820000,370,414,0,2.1297382e-10,1.4501608e-11,2.627789e-11,2.189758e-12,5.11606e-13,3.0198297e-09
820000,475,145,0,-7.3820334e-13,5.0683166e-11,3.1913302e-15,2.6673344e-23,7.6635544e-16,3.133916e-09
820000,190,107,0,-2.9759197e-13,1.1689944e-11,1.00248965e-13,9.3286126e-21,2.894076e-11,3.1310254e-09
820000,460,263,0,1.2794518e-13,2.5909379e-11,3.749634e-11,5.8806983e-12,1.834084e-12,3.1936498e-09
820000,64,489,0,-1.5005906e-12,5.422564e-11,7.4984875e-13,3.660183e-18,3.0082508e-12,3.7793844e-09
820000,197,25,0,-8.4615995e-13,2.4603255e-11,5.7813207e-12,2.9692026e-15,2.894421e-17,3.212224e-09
820000,363,217,0,-4.2609975e-13,3.1618926e-11,5.177906e-13,1.5350932e-17,5.823497e-11,3.0175842e-09
820000,443,438,0,-1.4180744e-12,1.112304e-10,8.081341e-12,1.9733445e-14,3.4649758e-10,3.2634186e-09
820000,203,469,0,-6.926889e-13,2.6754054e-11,3.6197404e-13,1.2519828e-19,2.1020444e-18,3.1771223e-09
820000,144,21,0,-8.4088487e-13,6.681523e-11,3.1065814e-14,2.4107e-21,5.6585765e-12,3.2097944e-09
820000,248,456,0,-3.3644352e-13,5.72255e-12,1.175901e-10,1.5782166e-10,7.2498757e-10,3.0962226e-09
820000,50,311,0,-1.1415927e-11,2.292079e-09,1.7610331e-13,1.395823e-19,4.1188475e-09,1.1256577e-10
820000,422,210,0,2.587636e-10,2.2295572e-11,6.6118666e-11,1.040075e-11,3.2975478e-10,1.0056995e-10
820000,234,379,0,4.914136e-11,5.938173e-14,4.7061913e-16,1.3612276e-25,1.2472442e-33,1.6867319e-10
820000,367,208,0,-3.973346e-13,1.9634709e-11,7.1027193e-17,1.7402217e-28,2.3516096e-14,1.716643e-11
820000,205,297,0,-1.6815622e-13,3.8376208e-12,3.6299523e-27,0.0,9.1764213e-23,2.2484842e-11
820000,159,445,0,-3.7754177e-13,1.3640499e-11,1.4640705e-11,2.2551501e-13,6.0231336e-15,1.9010493e-11
820000,317,352,0,-1.05461626e-13,1.4536935e-12,3.0149526e-18,8.67739e-30,2.5491555e-25,3.718471e-11
820000,0,185,0,-6.8917295e-13,4.1814954e-11,1.1251642e-13,8.075195e-21,8.7685046e-15,3.1153025e-10
820000,87,417,0,-1.1880205e-13,3.7420275e-11,4.482636e-12,6.211642e-15,5.63423e-16,1.2532497e-10
820000,192,307,0,-1.01387906e-13,3.56058e-13,3.5061992e-17,3.2845144e-28,3.7416705e-33,2.272023e-11
820000,376,97,0,3.2950144e-12,3.906832e-12,3.4943636e-17,1.1278078e-29,7.375274e-23,9.793318e-11
820000,393,33,0,-7.7257563e-13,4.552206e-11,4.599929e-13,3.723804e-18,3.1511244e-10,1.6857267e-10
820000,26,380,0,-9.448155e-13,4.536859e-11,4.471725e-11,5.624266e-12,2.2748746e-11,1.9351756e-10
820000,68,272,0,-1.8002078e-13,1.0670282e-12,1.2792789e-12,1.8951879e-17,9.867882e-22,1.1799725e-10
820000,469,380,0,-1.2471481e-12,5.0323218e-11,1.3190833e-17,2.2907348e-28,5.435053e-11,3.2906036e-09
820000,451,60,0,-9.771668e-13,2.1447283e-11,1.0775208e-10,2.5237841e-11,1.2107645e-11,3.0130676e-10
820000,103,180,0,-2.6412732e-13,2.0848859e-11,6.610643e-14,2.8395175e-20,3.5430486e-15,3.1815828e-09
820000,36,163,0,-7.1620964e-13,2.1794393e-11,2.6999045e-11,2.3516044e-13,5.365944e-15,3.4352676e-09
820000,20,333,0,-7.1568413e-13,2.7203583e-11,2.5698164e-16,7.6666026e-26,4.9819056e-14,3.2530716e-09
820000,323,438,0,-3.0202127e-13,2.1614138e-11,3.5757085e-11,1.0412301e-11,9.077608e-12,1.8538078e-10
820000,165,103,0,-1.568211e-13,4.556069e-12,1.4884647e-14,2.6972566e-19,1.0106735e-21,1.5344662e-10
820000,59,288,0,-2.146053e-13,1.3266553e-11,1.9830225e-12,3.2319005e-16,1.1774484e-17,9.787081e-11
820000,489,427,0,-1.1812005e-12,7.727526e-11,9.145659e-12,3.3326054e-14,5.962552e-11,3.4073588e-09
820000,346,117,0,-3.4883327e-13,1.29380005e-11,5.200527e-13,5.0234108e-18,6.37527e-20,3.1637328e-09
820000,303,479,0,-3.0055483e-13,1.22503205e-11,9.329058e-13,1.0685348e-17,9.013533e-17,3.6453307e-09
820000,132,122,0,5.6596266e-11,2.4525746e-12,1.5458285e-23,7.5473274e-38,1.5356536e-23,3.021725e-09
820000,106,181,0,-2.482067e-13,3.021657e-11,5.0847e-15,9.887236e-24,2.707717e-10,3.1908107e-09
820000,205,380,0,1.844919e-13,2.22685e-12,2.2247305e-14,4.3336424e-21,1.5100889e-24,3.0592984e-09
820000,237,391,0,2.1662483e-10,2.056361e-12,3.4204725e-12,9.283232e-16,5.743854e-19,7.739219e-11
820000,359,19,0,-7.2826315e-13,3.2970255e-11,1.1968638e-11,2.7532938e-14,1.5278882e-14,3.4355505e-09
820000,39,457,0,-1.7035721e-12,9.87572e-11,5.3628255e-11,6.135858e-12,7.941496e-12,3.3138912e-09
820000,441,261,0,2.091577e-12,1.587065e-11,1.1308863e-13,4.210777e-20,1.411804e-18,3.2457925e-09
820000,74,489,0,-1.3060872e-12,7.684715e-11,1.04106095e-13,2.5700542e-20,1.0492947e-12,3.2156895e-09
820000,220,22,0,-8.1672185e-13,6.175196e-11,1.3809412e-16,1.6119999e-25,5.5259512e-12,3.0753657e-09
820000,72,383,0,1.2683193e-10,3.191183e-11,1.0769724e-16,1.7151034e-28,4.255055e-12,3.0926834e-09
820000,463,79,0,-1.352944e-12,9.2511845e-11,1.0834294e-12,5.387745e-18,5.783695e-11,3.3116867e-09
820000,36,88,0,-7.951032e-13,2.0023132e-11,8.877859e-12,4.8331727e-14,9.982282e-16,3.186081e-09
820000,404,493,0,-9.655499e-13,5.1942162e-11,4.1534055e-12,2.2261431e-16,2.111574e-14,3.518323e-09
820000,476,59,0,-1.253148e-12,5.1180615e-11,1.02135606e-10,9.138189e-11,5.9005073e-10,3.3697052e-09
820000,127,127,0,1.0950414e-10,4.1796007e-12,5.470747e-17,2.69534e-26,2.612092e-21,3.0858598e-09
820000,180,28,0,-8.1871814e-13,4.2254356e-11,2.2356017e-12,1.5061445e-16,3.5162188e-12,3.3010732e-09
820000,150,444,0,-3.143742e-13,1.16142426e-11,2.9263127e-11,8.502462e-13,4.798812e-14,3.1528384e-09
820000,14,63,0,-1.2133369e-12,6.174057e-11,1.1260661e-12,2.9913217e-17,3.5989145e-10,3.4204377e-09
820000,285,346,0,-6.8100283e-14,4.888854e-13,5.8586465e-15,6.961996e-23,4.2459286e-29,3.2113965e-09
820000,212,383,0,1.9108903e-12,6.098662e-14,9.677657e-15,2.0531891e-23,5.7878135e-31,3.034173e-09
820000,96,375,0,1.6929684e-10,2.148886e-11,4.5983867e-14,3.1624096e-21,8.398382e-16,3.0571863e-09
820000,40,451,0,-1.5366175e-12,8.189813e-11,2.6479999e-11,1.1155923e-12,2.022906e-11,3.3060064e-09
820000,130,27,0,-1.0907174e-12,6.6741015e-11,7.1117374e-13,4.5044133e-18,6.05585e-12,3.1005374e-09
820000,141,22,0,-8.8814947e-13,7.0766705e-11,1.9056015e-13,8.3624774e-20,3.2808914e-10,3.1575502e-09
820000,451,457,0,-1.3487223e-12,8.140973e-11,2.1809308e-11,3.407137e-13,2.0635782e-09,3.3111072e-09
820000,490,287,0,-5.891354e-13,1.8849616e-11,2.4513969e-11,1.3094012e-12,1.1898284e-13,3.2236624e-09
820000,407,210,0,4.2541866e-11,5.817805e-12,5.2377846e-18,4.8366017e-29,2.7625186e-23,8.391181e-11
820000,492,47,0,-1.5623197e-12,8.0968954e-11,9.3843004e-14,1.6367056e-20,4.4092713e-14,1.8401307e-10
820000,352,90,0,-3.3779492e-13,2.1000022e-12,2.9743755e-19,1.5990596e-32,8.438029e-26,5.5693537e-11
820000,472,182,0,3.3192123e-13,3.019024e-11,5.307895e-11,3.511758e-11,9.3276685e-11,3.2902001e-09
820000,91,29,0,-1.098975e-12,4.3661935e-11,6.8893193e-13,7.012948e-18,2.6507616e-12,3.0229184e-09
820000,35,486,0,-1.6543769e-12,6.793055e-11,2.6479418e-11,1.1156156e-12,8.4034606e-14,3.1688565e-09
820000,443,328,0,-4.6496194e-13,3.329662e-11,2.0991282e-18,8.114922e-31,3.0753503e-13,1.05430796e-10
820000,151,448,0,-3.574383e-13,1.844854e-11,1.705425e-12,1.8509458e-16,2.9344468e-13,3.1454084e-09
820000,66,215,0,-1.8726414e-13,3.9019742e-12,3.3593214e-15,1.4814055e-23,8.2288425e-20,3.3032148e-09
820000,415,476,0,-8.395165e-13,5.4841836e-11,1.0652845e-14,6.097953e-22,7.660435e-15,3.2836016e-09
820000,347,450,0,-1.6088008e-13,2.5777462e-11,1.2547887e-15,1.789477e-25,8.1059545e-15,3.0957465e-09
820000,97,83,0,-5.0677756e-13,1.3450682e-11,8.963985e-12,4.2066624e-14,7.9999445e-16,3.137518e-09
820000,466,463,0,-1.2083818e-12,4.8172993e-11,3.1511172e-11,5.127905e-13,2.7198412e-13,3.235313e-09
820000,64,413,0,-2.4533554e-13,4.283161e-11,1.591034e-13,1.867076e-19,3.493797e-14,3.1302263e-09
820000,95,333,0,-8.0501246e-14,8.864429e-12,8.5226967e-19,3.3673202e-32,6.7637395e-20,3.070527e-09
820000,172,33,0,-6.8391815e-13,2.1714467e-11,2.2341768e-17,3.6393555e-27,2.4762206e-15,3.16434e-09
820000,148,49,0,-7.5348994e-13,2.3852875e-11,1.5757782e-11,1.5918219e-14,2.5177776e-16,2.7874314e-10
820000,495,120,0,-1.0284662e-12,4.8880407e-11,8.67253e-13,4.4057286e-18,3.113606e-16,3.188809e-09
820000,46,207,0,-4.4689775e-13,4.0131162e-11,4.8658503e-12,2.909705e-15,3.9436545e-13,3.2282392e-09
820000,494,164,0,-3.7510064e-13,1.8439535e-11,2.5436383e-18,2.0672302e-32,2.3573559e-14,5.884219e-10
820000,113,312,0,-2.651909e-13,1.69472e-11,1.1438097e-12,1.5054054e-17,6.0147894e-11,1.1426164e-10
820000,98,465,0,-1.182613e-12,5.150722e-11,2.9746533e-12,4.8887645e-16,3.1140684e-10,2.524677e-10
820000,18,6,0,-6.074523e-13,7.912876e-11,1.2269494e-11,6.630716e-14,1.8753703e-11,3.2807217e-09
820000,298,395,0,-6.411185e-14,7.442115e-13,1.1992049e-13,3.6772495e-20,5.327878e-26,3.0289204e-09
820000,127,465,0,-7.234636e-13,3.192828e-11,1.5907977e-14,1.7043464e-22,3.079997e-13,2.6533115e-10
820000,393,122,0,2.6711766e-11,1.1805321e-11,1.1564448e-14,3.9405084e-22,1.1761415e-18,3.1230527e-09
820000,308,32,0,-5.537787e-13,3.5856224e-11,3.503324e-11,1.0452227e-11,1.1933901e-11,3.140613e-09
820000,400,187,0,4.9649542e-12,1.3147984e-11,7.6804604e-11,1.0496683e-10,6.2670186e-10,3.0650957e-09
820000,488,164,0,-3.940147e-13,2.1588474e-11,8.5578666e-16,3.4617256e-26,2.3561255e-14,3.1758747e-09
820000,165,14,0,-6.2945813e-13,9.3696535e-12,5.597354e-11,5.937282e-12,1.3523738e-12,3.4668883e-09
820000,474,44,0,-1.2867869e-12,6.65686e-11,1.3011442e-10,2.8341112e-12,4.837047e-13,3.4926368e-09
820000,465,419,0,-1.31056e-12,7.400612e-11,6.1412776e-12,1.0764385e-15,4.7188056e-13,3.8072274e-09
820000,100,17,0,-1.315903e-12,7.722332e-11,3.1859047e-12,7.5856946e-16,3.9743867e-14,3.1886576e-09
820000,490,445,0,-9.863427e-13,3.0852387e-11,4.0914646e-12,1.4663942e-16,2.1212978e-19,3.1608995e-09
820000,18,76,0,-1.1575667e-12,4.0449318e-11,8.147327e-12,1.8789632e-14,2.0950821e-14,3.4313965e-09
820000,466,455,0,-1.2220561e-12,3.214001e-11,1.5249026e-11,1.7228183e-13,7.586083e-14,3.5023486e-09
820000,407,13,0,-6.2267384e-13,1.7158665e-11,7.714355e-15,5.816721e-23,7.8386454e-17,3.4062944e-09
820000,356,31,0,-8.374454e-13,4.04607e-11,1.8104008e-12,3.4384343e-17,6.283468e-12,3.2062382e-09
820000,480,440,0,-1.2907603e-12,8.561795e-11,4.3984306e-11,6.3672526e-13,4.482467e-10,3.2199647e-09
820000,269,411,0,1.18272414e-11,1.0046774e-11,3.8070762e-11,5.463411e-12,1.2985633e-12,1.6563584e-10
820000,456,455,0,-1.3308879e-12,6.847142e-11,1.1867131e-12,3.7316384e-17,8.102483e-13,2.7998728e-10
820000,46,23,0,-1.1709381e-12,2.4409441e-11,3.2131348e-14,3.0538868e-22,3.4966156e-20,3.3076142e-09
820000,216,490,0,-5.6695913e-13,2.0594746e-11,1.7147201e-14,7.2868564e-22,1.7293439e-15,3.186583e-09
820000,1,235,0,-3.48278e-13,2.7356676e-12,1.9923427e-12,3.2316655e-16,1.9754257e-19,3.2522605e-09
820000,137,215,0,-4.3458005e-14,2.183597e-14,2.6394965e-16,1.2716948e-26,3.0013743e-35,3.220384e-09
820000,415,350,0,-3.265147e-13,1.3070758e-11,2.5319115e-12,2.9577678e-16,1.0494407e-15,3.2439857e-09
820000,127,256,0,-1.9422131e-13,7.519131e-12,2.0956635e-14,6.167031e-21,5.505838e-19,3.0043548e-09
820000,73,436,0,-1.0826863e-12,5.9904776e-11,4.8966695e-11,3.6696556e-11,1.2732147e-10,3.3743375e-09
820000,41,250,0,-1.2024622e-13,6.630326e-12,6.0240925e-18,8.2024785e-29,1.2398864e-18,3.0801532e-09
820000,97,286,0,-1.6524416e-13,4.29348e-12,2.4254765e-12,3.4926337e-16,2.1824393e-19,9.11016e-11
820000,447,131,0,-8.825807e-13,6.014336e-11,2.6542555e-12,2.3720305e-16,6.3463744e-12,1.215847e-10
820000,405,403,0,6.038663e-12,2.6414454e-11,2.1138946e-11,4.2979563e-14,1.0613528e-15,1.8178577e-10
820000,131,77,0,-5.548683e-13,1.5569783e-11,6.22663e-14,3.1959874e-21,1.4390225e-20,9.11122e-11
820000,211,133,0,-7.0538307e-13,9.115641e-11,4.0885166e-16,7.5394996e-27,1.9042487e-12,1.5152918e-10
820000,310,239,0,-7.504707e-14,1.4615313e-12,9.180577e-15,7.2372503e-22,5.4242993e-27,2.2173862e-11
820000,157,116,0,2.4864624e-12,3.46848e-13,1.9820722e-23,4.86e-43,1.4320269e-35,2.998882e-10
820000,278,141,0,-1.1289128e-11,2.278135e-09,1.0244976e-17,2.8107458e-29,4.1188084e-09,8.35634e-12
820000,117,55,0,-9.0878265e-13,6.1075985e-11,1.02346645e-10,5.4382922e-11,1.067691e-10,2.2894302e-10
820000,342,406,0,7.090215e-12,1.4619727e-11,2.5935271e-14,2.7555308e-22,8.865343e-19,1.2234713e-10
820000,78,27,0,-1.2115199e-12,5.705905e-11,2.836309e-11,3.9658134e-13,2.2106696e-12,3.9472187e-10
820000,320,334,0,-9.381026e-14,4.7773477e-13,2.7166471e-31,0.0,2.3877465e-28,2.123858e-11
820000,76,426,0,-9.058625e-13,4.9787e-11,2.2434015e-13,1.0925626e-19,6.5904e-14,6.929081e-10
820000,85,322,0,-3.115765e-13,2.0641737e-11,2.4749835e-14,2.6311062e-21,2.8731292e-15,5.121999e-10
820000,401,37,0,-7.6136054e-13,5.082733e-11,6.132416e-14,2.7318855e-21,3.069143e-11,2.682977e-10
820000,138,407,0,-4.8590656e-13,7.304074e-12,7.6683895e-11,9.021955e-12,3.2861752e-12,5.3558054e-11
820000,110,405,0,5.53532e-13,3.0150202e-11,1.929141e-15,6.8842264e-25,1.1922828e-14,1.8204384e-10
820000,210,440,0,-4.1713502e-13,3.58035e-11,5.180836e-11,5.119998e-12,2.3114535e-09,3.118253e-10
820000,322,422,0,-1.5666575e-13,1.3611986e-12,5.765199e-15,1.8103118e-21,3.1891952e-26,3.161336e-10
820000,349,175,0,-2.8981117e-13,1.5270472e-11,1.1674764e-13,6.33949e-20,5.3045766e-17,1.4719758e-11
820000,423,435,0,-1.1303962e-12,7.820267e-11,2.5677614e-14,5.5468502e-21,4.6973853e-12,2.6243416e-10
820000,128,206,0,-3.9500375e-14,1.0947561e-14,7.872149e-12,5.644093e-15,8.4735365e-18,8.327089e-11
820000,178,456,0,-6.245901e-13,2.6943368e-11,9.04881e-16,6.4180404e-26,5.4425967e-14,1.6158963e-10
820000,277,476,0,-4.6226656e-13,3.1677654e-11,3.4902475e-15,7.166708e-23,4.667439e-15,1.3388415e-10
820000,353,90,0,-3.2361242e-13,1.824871e-12,9.28327e-20,6.2498725e-34,8.499473e-27,6.391065e-11
820000,28,57,0,-1.2814856e-12,7.445083e-11,3.462929e-15,1.1770825e-24,3.799051e-12,4.6645665e-10
820000,449,492,0,-5.5742693e-13,2.4830632e-11,1.1906831e-12,1.18790556e-17,5.2079155e-18,4.6668064e-10
820000,482,287,0,-6.074609e-13,1.2498134e-11,6.120251e-11,1.9255137e-11,1.6038273e-11,2.3242784e-10
820000,21,160,0,-6.962143e-13,4.6599734e-11,1.4823043e-10,1.4310821e-11,3.3693635e-11,2.6932656e-10
820000,144,436,0,-2.3363286e-13,7.2053648e-12,6.2943947e-12,4.23868e-15,4.933231e-16,1.9840511e-10
820000,41,322,0,-4.7463287e-13,2.5740974e-11,5.954754e-13,8.263901e-18,5.0031815e-12,1.6206313e-10
820000,0,462,0,-1.8695353e-12,1.07924926e-10,6.537231e-14,2.2963316e-20,4.0296818e-11,4.9228077e-10
820000,168,449,0,-4.947528e-13,2.6392768e-11,9.33481e-13,6.0580584e-17,5.7270896e-11,5.007682e-10
820000,471,480,0,-1.0690136e-12,5.894407e-11,2.7404037e-11,2.2302763e-12,2.6028693e-12,3.388875e-10
820000,94,34,0,-9.974411e-13,2.6101838e-11,8.379944e-12,2.6719878e-14,4.1921717e-16,1.45874e-10
820000,164,41,0,-5.594743e-13,2.116014e-11,1.5151048e-13,1.552126e-17,3.921041e-12,3.0266065e-10
820000,409,33,0,-7.2131705e-13,5.3355032e-11,2.8032852e-11,1.0693599e-12,1.09360455e-11,9.87433e-11
820000,426,244,0,3.617064e-11,1.592794e-11,2.7618302e-13,1.7442933e-18,1.21020296e-17,1.8959663e-10
820000,11,120,0,-9.111338e-13,4.0810272e-11,1.0733362e-15,9.376384e-26,1.5727989e-15,1.3673622e-10
820000,490,296,0,-6.3980397e-13,3.671536e-11,4.6317334e-14,1.732966e-21,3.841578e-13,1.8806295e-10
820000,164,23,0,-6.986819e-13,1.9855362e-11,8.3941133e-13,5.839461e-18,3.8495543e-17,1.780919e-10
820000,149,447,0,-3.4332826e-13,1.5329025e-11,2.5365972e-12,2.969978e-16,4.5099482e-17,1.8620022e-10
820000,483,15,0,-1.1733576e-12,3.165158e-11,2.1787064e-12,1.8456946e-16,6.5479974e-12,3.7121706e-10
820000,438,13,0,-7.9852244e-13,1.6717764e-11,2.2835819e-14,5.168452e-22,8.0651254e-20,3.9037945e-10
820000,12,153,0,-7.0884233e-13,3.8321898e-11,9.3686135e-11,9.652684e-12,3.577512e-12,2.3187345e-10
820000,305,456,0,-2.5290368e-13,6.9197144e-12,2.0284572e-13,4.617178e-19,8.786146e-22,4.7410204e-10
820000,130,470,0,-7.1341435e-13,3.315821e-11,6.46241e-12,6.185976e-15,4.028671e-15,4.620583e-10
820000,357,4,0,-6.0846066e-13,2.8996932e-11,1.3424376e-11,1.4352062e-14,1.3226656e-15,5.356161e-10
820000,2,342,0,-9.944568e-13,6.259722e-11,5.9182594e-12,1.3803711e-15,3.2319515e-11,1.3333823e-10
820000,241,9,0,-6.2170896e-13,4.187885e-11,3.0071128e-13,3.9739587e-19,6.2988004e-11,6.839654e-10
820000,492,333,0,-6.3059437e-13,2.1827588e-11,5.985207e-13,6.6755485e-18,3.8020378e-14,2.2998586e-10
820000,112,27,0,-1.2060426e-12,8.456476e-11,1.1073283e-12,1.35611265e-17,3.3391584e-10,4.6628004e-11
820000,337,43,0,-7.429741e-13,4.6238926e-11,6.564899e-15,3.2201697e-23,2.0471483e-12,2.8311914e-10
820000,453,297,0,-4.5240875e-13,2.1474883e-11,2.5750208e-13,9.310278e-19,4.201298e-15,2.4600366e-10
820000,15,23,0,-1.2832179e-12,1.296939e-10,8.9543295e-12,1.2649243e-14,2.9860922e-10,3.501124e-09
820000,491,125,0,-9.790341e-13,4.9063014e-11,2.1721177e-13,1.9030208e-19,1.1855955e-12,1.8363676e-10
820000,24,150,0,-8.2701695e-13,4.4395612e-11,3.4233326e-12,7.5874866e-16,5.2501935e-12,1.3439043e-10
820000,462,87,0,-1.3168482e-12,8.523688e-11,6.784433e-11,4.3540054e-11,1.3060394e-10,3.3303793e-10
820000,475,166,0,-2.5521198e-13,5.8185384e-12,7.8340275e-13,2.265692e-17,3.8888002e-21,1.5469674e-10
820000,4,121,0,-9.031941e-13,5.25997e-11,6.9268853e-13,9.7766065e-18,2.8981505e-11,2.9060732e-10
820000,56,228,0,-1.1582197e-13,1.1137947e-12,2.8909936e-14,3.9670495e-22,2.6065346e-28,5.6740203e-11
820000,2,171,0,-6.331449e-13,2.9865457e-11,7.9978413e-19,1.8622731e-32,1.6681176e-12,4.6295226e-10
820000,486,318,0,-7.011052e-13,4.7875284e-11,2.831217e-12,8.1197624e-17,3.5368355e-12,2.1350932e-10
820000,47,249,0,-8.6861724e-14,8.139196e-12,6.3915057e-19,6.8751215e-32,3.6711738e-17,9.607882e-11
820000,491,75,0,-1.3381265e-12,6.3709524e-11,8.481975e-14,7.1476265e-21,3.4752955e-14,2.9958086e-10
820000,194,37,0,-7.2706007e-13,2.1382578e-11,5.3532683e-16,1.483187e-26,3.1290142e-20,1.408287e-10
820000,98,53,0,-7.0614955e-13,1.7189807e-11,3.4623682e-09,7.191878e-10,1.1532664e-09,3.8524306e-10
820000,48,469,0,-1.7785109e-12,1.2841993e-10,8.8000045e-11,1.915717e-11,2.9021912e-11,3.2053832e-10
820000,1,422,0,-9.424057e-13,3.4741942e-11,1.5201027e-13,1.1736376e-19,2.7983668e-14,7.584374e-10
820000,488,408,0,-9.611963e-13,4.7492975e-11,2.9421597e-11,3.76174e-14,3.9438515e-11,3.1391353e-10
820000,114,497,0,-1.2377161e-12,9.580123e-11,9.796381e-13,6.6458346e-18,6.704384e-13,2.1674247e-10
820000,52,400,0,1.2034375e-14,5.966469e-11,2.800633e-14,4.4451456e-22,3.8851593e-13,4.42599e-10
820000,11,313,0,-6.829959e-13,3.3227632e-11,2.0426792e-11,3.297051e-13,7.8980766e-15,3.1110617e-10
820000,462,395,0,-1.1690646e-12,6.9338466e-11,1.7723345e-11,8.869008e-14,5.278789e-12,5.8865945e-10
820000,151,2,0,-6.923553e-13,5.306244e-11,2.276236e-13,1.8068168e-18,1.7509965e-13,6.301535e-10
820000,363,69,0,-6.923988e-13,3.558938e-11,3.4625318e-09,7.191878e-10,1.1535735e-09,1.1718221e-10
820000,33,224,0,-2.8757823e-13,9.058811e-12,1.3044928e-13,1.444152e-20,1.8527315e-15,3.1173621e-09
820000,443,484,0,-8.4916205e-13,4.534968e-11,4.6119192e-11,4.791195e-12,5.4245185e-11,2.2997344e-10
820000,25,10,0,-9.77488e-13,1.0541836e-10,7.727241e-12,6.015308e-16,1.1671977e-11,8.2298973e-10
820000,17,168,0,-6.117209e-13,1.9531203e-11,3.190143e-11,6.747412e-13,3.1967898e-14,1.9426633e-10
820000,485,464,0,-9.932727e-13,6.2546586e-11,2.0781009e-13,1.2367164e-19,5.8235375e-11,3.3002465e-10
820000,328,461,0,-5.00333e-13,3.1662416e-11,1.1661517e-11,1.6111466e-14,3.3857615e-12,1.5793267e-10
820000,37,38,0,-1.5665801e-12,9.135358e-11,1.7889416e-11,5.494618e-14,5.385424e-11,2.3283978e-10
820000,244,487,0,-4.242445e-13,1.8612256e-11,4.8852845e-14,7.2037956e-21,1.7296577e-15,2.0490058e-10
820000,473,436,0,-1.3950684e-12,7.0216034e-11,2.4428248e-12,1.4023402e-16,1.9395473e-12,3.7510564e-10
820000,24,419,0,-8.174027e-13,5.062974e-11,1.7174505e-11,2.496911e-14,5.6908204e-11,4.504109e-10
820000,304,429,0,-1.5306621e-13,3.0829174e-12,5.95218e-16,1.9992965e-26,1.0564076e-25,1.2599201e-10
820000,454,491,0,-5.661603e-13,3.45621e-11,2.7359752e-11,2.6967366e-13,6.6310186e-15,1.5805583e-10
820000,427,381,0,-7.019984e-13,2.2039287e-11,9.093987e-12,1.0709699e-14,7.974745e-16,1.6109328e-10
820000,472,424,0,-1.4164016e-12,8.777091e-11,2.339794e-11,2.2482851e-14,2.3181515e-12,4.1376436e-10
820000,51,11,0,-8.3354433e-13,4.1168288e-11,2.830072e-11,8.75178e-13,5.5113737e-13,3.167272e-10
820000,325,38,0,-7.52092e-13,3.9619266e-11,2.6710223e-11,1.1612417e-12,4.244628e-11,6.0934496e-10
820000,433,476,0,-9.016506e-13,3.4199667e-11,3.3477294e-11,7.780815e-13,5.3880223e-14,2.3120955e-10
820000,24,281,0,-2.7302634e-13,2.6118452e-12,1.1366432e-14,6.047363e-23,2.4130115e-26,1.8439097e-10
820000,429,426,0,-1.2878867e-12,8.7832915e-11,4.4492535e-12,2.7388826e-16,3.0293819e-12,4.1882525e-10
820000,7,475,0,-2.1137575e-12,1.06422246e-10,2.7300424e-11,9.736583e-13,1.9243e-09,5.65274e-10
820000,42,472,0,-1.7488107e-12,7.7274874e-11,4.2179892e-12,8.310869e-16,1.1924507e-14,4.7894194e-10
820000,319,57,0,1.487145e-12,4.9350118e-11,3.8661224e-11,1.0413314e-11,9.085375e-12,2.373936e-10
820000,465,442,0,-1.3404703e-12,6.778042e-11,8.7917157e-13,3.5735093e-17,7.977113e-11,2.4136626e-10
820000,406,471,0,-7.92852e-13,3.2065933e-11,2.9289225e-12,3.1989385e-16,2.4428883e-13,1.6926699e-10
820000,33,292,0,-3.0812858e-13,1.1209886e-11,5.6160635e-11,3.8894936e-11,9.0901356e-11,1.8383184e-10
820000,67,493,0,-1.4277887e-12,4.523229e-11,3.0101984e-13,1.4482687e-18,2.2844982e-16,5.314971e-10
820000,107,484,0,-1.1394022e-12,4.9345427e-11,1.9203968e-12,1.1463547e-16,3.1853778e-10,3.1359212e-10
820000,324,5,0,-5.1507263e-13,1.6298875e-11,1.6914649e-11,1.02732865e-13,1.6291801e-15,1.1961937e-10
820000,3,485,0,-2.3738708e-12,1.3615042e-10,1.4358637e-11,8.0905775e-15,3.1342425e-11,1.8319196e-10
820000,21,421,0,-8.068704e-13,6.0795764e-11,1.2648563e-10,1.4707494e-11,6.22662e-12,5.020225e-10
820000,492,7,0,-1.0979155e-12,4.2980636e-11,2.1577708e-11,7.61511e-14,6.5333745e-11,3.779741e-10
820000,470,211,0,8.634658e-12,2.2958373e-11,4.434493e-12,2.7505216e-15,2.2652487e-17,2.1683824e-10
820000,396,472,0,-7.194391e-13,3.2478763e-11,8.495757e-12,5.5732494e-15,1.9961032e-15,5.48791e-10
820000,79,499,0,-1.184941e-12,4.9875045e-11,8.224015e-15,3.8081127e-23,6.878375e-16,1.5603145e-10
820000,299,447,0,-2.434274e-13,1.2328102e-11,2.3393113e-17,7.8925993e-29,4.8969283e-18,2.8993202e-11
820000,361,61,0,-8.3229577e-13,6.689214e-11,1.9862721e-15,7.761291e-24,3.0739753e-13,1.9010671e-10
820000,490,465,0,-7.012881e-13,3.95453e-11,4.7145348e-12,1.0323486e-15,2.9436356e-11,2.1314214e-10
820000,52,449,0,-1.4421392e-12,1.11703403e-10,1.9323509e-13,1.2364352e-19,2.4991887e-11,3.5438839e-09
820000,3,171,0,-6.319553e-13,3.23769e-11,3.1624356e-18,5.114739e-31,2.8443652e-11,4.239651e-10
820000,3,17,0,-3.1778296e-13,3.349287e-11,3.2412913e-11,5.800743e-12,7.1480516e-11,2.6875804e-10
820000,452,287,0,-4.785709e-13,1.7653457e-11,3.2849585e-12,9.276732e-16,3.3408627e-17,1.8562733e-10
820000,47,6,0,-5.546689e-13,7.3349854e-11,2.2956564e-11,2.2736258e-13,1.8336858e-09,4.594499e-10
820000,247,24,0,-5.997639e-13,2.8562194e-11,6.0636587e-12,1.6075003e-15,4.7932248e-17,8.930904e-10
