mcsteps,xCOM,yCOM,zCOM,il8,il1,il6,il10,tnf,tgf
490000,84,376,0,1.9809077e-09,4.557646e-11,1.955165e-16,9.375617e-27,2.5768916e-18,6.265579e-11
490000,432,181,0,1.9808684e-09,4.741517e-11,6.3422715e-13,1.7879049e-17,1.6526104e-14,3.6889006e-11
490000,409,105,0,1.9810955e-09,4.5436807e-11,5.7493015e-21,2.0810522e-33,2.4565094e-10,4.9974906e-11
490000,247,394,0,1.9815087e-09,3.377591e-12,2.3645683e-15,9.637521e-24,3.64437e-23,2.8572405e-11
490000,132,141,0,1.981261e-09,3.0203097e-11,2.9214335e-38,0.0,1.3253457e-17,3.4229234e-11
490000,286,72,0,1.9812618e-09,4.8262807e-11,1.2459914e-14,1.9175779e-22,1.6900874e-15,1.2870821e-10
490000,365,385,0,1.9815953e-09,1.0819972e-11,2.1997745e-14,3.194734e-20,5.742432e-21,1.0081654e-12
490000,379,420,0,1.9813846e-09,3.5661956e-11,4.048258e-14,3.0377493e-21,1.3185657e-15,6.257986e-11
490000,426,219,0,2.0057498e-09,2.2227005e-12,1.525474e-13,1.2010153e-19,5.1024036e-24,6.126303e-11
490000,444,225,0,2.005508e-09,1.8584995e-11,1.2517095e-12,9.4566444e-17,2.4819076e-19,2.526607e-10
490000,234,371,0,3.905141e-12,8.8470866e-16,5.2245956e-18,1.7968752e-28,1.7777449e-36,5.675586e-12
490000,50,290,0,-1.937731e-13,4.8995736e-13,5.853854e-11,3.5197665e-12,4.539937e-13,6.766966e-11
490000,273,209,0,-1.0161745e-13,6.4312214e-12,3.138391e-17,4.921578e-26,8.969323e-22,1.9925278e-28
490000,177,257,0,-3.2713095e-16,1.4588394e-23,1.7162061e-15,9.3596934e-24,3.633599e-30,8.170043e-11
490000,271,322,0,-1.1030384e-11,2.2719089e-09,6.348578e-22,1.9481098e-35,4.1188084e-09,4.0999434e-10
490000,247,374,0,1.9201099e-11,1.3788304e-12,5.22886e-13,2.496359e-18,1.5448292e-22,8.658061e-11
490000,446,39,0,-1.2043073e-12,1.1778638e-10,1.4915336e-11,6.943606e-14,1.7488956e-13,1.9387073e-10
490000,423,262,0,-5.415557e-13,2.6406788e-11,4.1425714e-13,2.017813e-18,1.9939032e-17,3.08491e-12
490000,417,109,0,1.9275041e-10,4.994256e-11,2.6516346e-14,1.6606383e-21,2.7657723e-14,3.035507e-12
490000,489,245,0,-6.3928723e-13,4.49654e-11,3.3055612e-16,1.2698409e-25,3.2134486e-15,1.6627265e-10
490000,179,196,0,-5.473904e-14,2.7875505e-13,6.9434334e-28,1.14e-43,5.9009196e-33,4.062679e-11
490000,145,134,0,6.029874e-11,5.71338e-13,3.069083e-26,1.36e-43,3.3765994e-29,1.9877064e-10
490000,34,392,0,-8.542124e-13,5.879739e-11,2.2558678e-12,8.7902816e-17,2.0146846e-15,1.3765403e-10
490000,130,479,0,-7.6105046e-13,3.1167957e-11,8.344584e-12,4.465941e-15,1.3212252e-15,1.5465111e-10
490000,188,229,0,-3.7742297e-14,1.9811814e-14,1.8907506e-11,2.91502e-14,4.8166333e-16,1.5269219e-10
490000,489,119,0,-1.1645375e-12,9.503103e-11,3.2081785e-11,4.5620956e-13,1.2737582e-11,6.1039444e-11
490000,174,383,0,-4.5950147e-13,7.763097e-11,1.6237399e-28,0.0,8.049542e-12,9.282904e-12
490000,107,419,0,-1.1251788e-12,1.0294468e-10,9.501049e-12,4.6927095e-15,7.4386435e-12,2.3747638e-11
490000,162,276,0,-6.5920186e-16,2.3906355e-22,1.2694102e-34,0.0,0.0,3.6318514e-11
490000,231,355,0,-2.544956e-14,3.970413e-13,6.502946e-11,2.7490772e-12,2.9550846e-13,5.308575e-13
490000,466,286,0,-6.0826447e-13,3.058882e-11,3.1840534e-11,2.842948e-13,8.65571e-15,1.9659131e-10
490000,257,324,0,-4.0263012e-15,9.155598e-20,6.0114386e-34,0.0,0.0,3.8030547e-12
490000,332,314,0,-1.7626451e-13,1.336168e-11,7e-45,0.0,5.7021646e-18,1.1063434e-11
490000,118,58,0,-1.0650594e-12,1.5857017e-10,1.12231426e-10,7.1555865e-12,1.9158246e-10,2.4699354e-11
490000,257,329,0,-1.0489308e-14,1.4278496e-17,2.522822e-38,0.0,3.9972524e-38,2.6574461e-11
490000,295,96,0,4.320858e-12,2.009791e-11,2.3555124e-17,3.1018248e-27,3.3744906e-16,1.0366708e-11
490000,428,116,0,1.0779822e-11,1.1331955e-10,2.3292139e-12,4.3156035e-16,1.219753e-11,4.4795565e-12
490000,100,366,0,2.4017517e-11,8.0880774e-11,2.6211763e-18,7.8479245e-30,7.247152e-14,9.571232e-16
490000,386,380,0,1.2628981e-11,3.9985903e-11,2.6810532e-14,4.0368375e-20,2.193877e-16,6.078277e-11
490000,223,36,0,-8.196399e-13,1.3159639e-11,7.402664e-11,9.1710545e-12,3.421493e-12,9.938334e-11
490000,58,219,0,-1.7735477e-13,2.183333e-12,1.9222914e-16,3.3724238e-25,1.6925894e-26,3.7807954e-10
490000,346,164,0,-3.2753376e-13,2.182975e-11,6.1875116e-19,9.921989e-32,6.599928e-16,3.029844e-11
490000,466,168,0,-4.776555e-13,4.1907647e-11,2.0400928e-15,4.840327e-24,3.2962928e-13,1.13319076e-10
490000,73,3,0,-1.0442688e-12,4.4401895e-11,1.5614615e-14,3.5666252e-22,5.67177e-14,8.268495e-11
490000,414,403,0,-9.390812e-13,6.389036e-11,2.65466e-12,1.318252e-16,1.2129403e-15,1.0982434e-10
490000,496,3,0,-1.1813502e-12,9.9117416e-11,1.071844e-12,2.4739356e-17,7.258714e-14,2.608127e-10
490000,262,198,0,-1.6125583e-14,3.9742214e-16,3.1306937e-14,5.0187528e-21,2.4595853e-26,7.764306e-19
490000,358,282,0,-1.7151013e-13,3.047729e-11,0.0,0.0,1.621406e-12,3.1227673e-11
490000,252,298,0,-2.3044447e-16,1.7194795e-24,8.707411e-33,0.0,0.0,2.700313e-16
490000,224,290,0,-1.5417365e-14,5.660936e-17,0.0,0.0,0.0,1.7444783e-16
490000,80,437,0,-1.1521491e-12,5.5853162e-11,2.8285444e-13,1.4913972e-18,7.373555e-15,2.0467286e-10
490000,463,85,0,-1.7641441e-12,1.3506288e-10,4.350818e-11,2.0634868e-13,2.9210838e-13,1.5592974e-10
490000,15,230,0,-3.383608e-13,2.521957e-11,1.1730426e-13,5.3807792e-20,2.8046069e-14,2.2119781e-10
490000,328,174,0,-3.0899228e-13,2.6574066e-12,1.5217379e-17,8.842135e-28,1.0082534e-25,1.4569996e-11
490000,281,355,0,-4.349155e-14,1.1320403e-13,3.877715e-13,2.9028998e-18,4.5116583e-22,4.0468735e-12
490000,116,101,0,-4.2808592e-13,7.6022235e-12,1.5908098e-15,3.1305105e-24,1.1210641e-21,1.767849e-11
490000,445,494,0,-5.672088e-13,2.2234322e-11,1.873651e-11,3.477164e-14,2.9783132e-16,8.980988e-11
490000,479,453,0,-1.3549474e-12,1.3425511e-10,3.4231573e-17,2.1415296e-24,8.591052e-13,2.619692e-10
490000,265,490,0,-6.9012103e-13,7.0862864e-11,7.758375e-11,3.4495243e-12,5.4936416e-13,2.4222807e-10
490000,401,325,0,-2.2229775e-13,9.809717e-13,1.8244663e-17,3.639373e-26,8.64799e-23,1.2417069e-10
490000,89,418,0,-1.0250094e-12,6.7096245e-11,1.9239142e-13,1.1436142e-18,4.0448677e-13,1.5335512e-11
490000,143,148,0,8.6004766e-11,5.3294245e-13,1.3850884e-20,3.9724464e-30,1.5569024e-28,7.446881e-12
490000,189,385,0,-2.5982848e-13,4.273358e-12,1.23516435e-20,2.7778642e-34,1.6253466e-25,1.2447532e-12
490000,487,238,0,-4.4702976e-13,2.3746026e-11,4.9027632e-14,5.2073617e-20,1.5693329e-11,4.2294026e-11
490000,3,447,0,-1.0179339e-12,3.500464e-12,6.51386e-11,3.6282275e-12,4.79603e-13,1.5602251e-10
490000,246,16,0,-7.20187e-13,5.340384e-11,1.0029941e-10,1.8742912e-11,3.6453493e-11,1.7216764e-10
490000,381,230,0,-2.2073698e-13,4.117774e-12,6.710512e-24,2.334238e-39,2.1588045e-23,1.2056047e-12
490000,174,436,0,-5.960031e-13,4.9412606e-11,7.018833e-11,1.946265e-12,1.8514651e-13,2.4874706e-11
490000,22,486,0,-1.7499195e-12,7.0807894e-11,2.99597e-12,2.1647336e-16,1.0044338e-12,9.9244064e-11
490000,341,164,0,-2.9433782e-13,3.071595e-12,2.2863196e-18,2.9349815e-28,4.6806283e-25,4.8596103e-11
490000,149,117,0,1.682068e-12,1.1872514e-15,7.664124e-33,0.0,0.0,3.4627707e-12
490000,266,318,0,-1.4155342e-14,6.240679e-16,1.103646e-21,7.858487e-36,0.0,3.7024646e-12
490000,474,130,0,-9.233817e-13,1.4599273e-11,1.0004602e-10,4.032756e-12,8.568269e-13,3.044464e-10
490000,255,366,0,1.835537e-12,3.840745e-14,2.5620178e-18,2.895727e-29,2.007931e-37,5.174572e-11
490000,5,453,0,-1.2424381e-12,3.5395253e-11,8.345959e-12,6.542755e-15,1.5259126e-16,2.3105046e-10
490000,74,15,0,-1.6179015e-12,9.455307e-11,9.8584555e-15,1.5682258e-21,2.2446673e-11,2.5473734e-10
490000,239,30,0,-6.908577e-13,7.1883e-11,1.9416957e-12,1.294238e-16,6.0932043e-13,3.328918e-10
490000,354,96,0,-2.1031817e-13,8.492085e-12,2.3276307e-22,1.844929e-35,4.4933133e-20,5.627746e-12
490000,249,54,0,-5.987186e-13,3.9502863e-11,1.8619174e-16,1.0168074e-24,1.0109374e-14,1.1738341e-10
490000,384,58,0,-9.319203e-13,4.6506077e-11,1.4306838e-13,2.563445e-19,2.2049178e-18,9.3716215e-11
490000,285,117,0,-2.3226093e-13,2.0006843e-12,1.2712144e-13,6.464084e-20,4.5138685e-25,3.1094332e-11
490000,352,471,0,-6.807332e-13,4.636989e-11,3.3446314e-13,2.0794547e-18,8.931454e-16,8.070791e-11
490000,377,312,0,-4.2080147e-13,4.3979795e-11,1.04512134e-23,3.724e-41,1.0094335e-15,1.4672123e-11
490000,404,317,0,-1.2347192e-13,1.2522185e-13,5.3206007e-12,1.3435399e-15,2.7833058e-18,3.698341e-11
490000,135,385,0,-2.1240335e-13,5.691055e-13,3.0232076e-14,1.8175169e-19,6.078727e-23,4.3791294e-11
490000,120,256,0,-6.5109295e-14,1.8820778e-13,1.42680425e-11,6.440036e-14,1.7833087e-15,1.6152574e-16
490000,262,238,0,-4.1461452e-18,4.514477e-30,0.0,0.0,0.0,1.2236014e-24
490000,199,14,0,-1.0001854e-12,1.9825074e-11,1.0394775e-11,1.0032408e-14,1.5931017e-16,5.6601977e-11
490000,50,124,0,-1.1224151e-12,4.090297e-11,4.641812e-12,2.032871e-15,6.058565e-13,5.035372e-10
490000,299,101,0,4.9441793e-13,6.190028e-12,7.50733e-24,5.00877e-40,4.234151e-23,1.260478e-10
490000,97,50,0,-7.1840754e-13,2.9356538e-11,3.999802e-17,3.4140834e-26,7.242404e-18,6.578794e-11
490000,481,91,0,-1.4797593e-12,6.823258e-11,3.565062e-12,2.9620687e-16,4.0397225e-15,1.4718951e-10
490000,300,293,0,-1.0647022e-13,2.775387e-13,1.3450956e-32,0.0,8.331697e-34,6.720381e-12
490000,426,473,0,-8.3417496e-13,2.3450106e-11,5.950828e-11,3.4137296e-12,4.2913256e-13,2.2789953e-10
490000,465,306,0,-4.6297444e-13,6.4235652e-12,2.2906629e-12,3.5604678e-16,3.5284945e-19,1.3080162e-10
490000,277,211,0,-8.6789476e-14,2.5991754e-12,3.724606e-15,1.6794074e-22,1.2827835e-22,3.1004966e-31
490000,271,494,0,-7.2604764e-13,2.538729e-11,1.5882223e-11,7.465923e-14,2.1730008e-15,1.2321784e-10
490000,74,40,0,-1.2149652e-12,4.964666e-11,5.450378e-14,1.2946313e-20,3.08357e-18,4.5954723e-11
490000,434,307,0,-6.466693e-13,4.9473002e-11,4.227958e-12,1.1182924e-15,1.9396294e-14,1.2309245e-10
490000,296,239,0,-4.8979307e-15,3.3735576e-19,2.388061e-28,0.0,0.0,3.7656303e-14
490000,270,34,0,-6.43402e-13,9.57863e-12,8.1565336e-14,3.2807715e-20,5.6587877e-23,1.4187115e-10
490000,276,474,0,-5.585596e-13,5.933401e-11,1.2955374e-19,4.8096997e-31,6.375192e-14,5.3752967e-11
490000,346,395,0,1.3194823e-11,4.625696e-11,1.0191884e-11,5.9288266e-15,5.838409e-14,6.412414e-11
490000,25,272,0,-3.3327128e-13,4.5125422e-12,1.7212799e-18,3.6323193e-27,1.8137531e-24,3.5392453e-11
490000,16,424,0,-1.0186381e-12,9.837161e-11,5.952683e-11,3.4137296e-12,7.566494e-12,2.1669537e-10
490000,19,117,0,-9.879929e-13,6.617002e-11,3.350589e-12,4.726128e-16,7.9140866e-13,1.3283527e-10
490000,239,111,0,-9.281428e-13,1.0698625e-10,1.5135464e-26,1e-45,1.2698394e-11,1.0427371e-12
490000,178,485,0,-6.231653e-13,3.5262272e-11,2.8286653e-13,1.4913972e-18,3.6673795e-15,1.0987465e-10
490000,367,357,0,2.0456265e-12,2.2366688e-11,4.629742e-16,2.0979937e-24,1.2093389e-17,3.505178e-12
490000,321,139,0,-4.2607825e-13,1.6233936e-11,7.822123e-16,2.1931349e-24,2.0956758e-19,2.881827e-12
490000,344,498,0,-1.9465992e-13,1.3292646e-12,1.578847e-17,2.030402e-28,2.2614314e-27,1.2704172e-10
490000,453,427,0,-1.2347228e-12,3.8712082e-11,3.0677985e-16,3.687535e-25,1.3190754e-15,2.6180066e-10
490000,123,293,0,-3.6490552e-14,1.0277115e-14,1.9988333e-17,6.9433264e-27,5.782269e-34,2.3011896e-13
490000,162,272,0,-5.706559e-16,3.109769e-22,8.597466e-31,0.0,0.0,2.8541256e-11
490000,492,53,0,-1.7567585e-12,1.0227826e-10,4.803639e-17,1.1944683e-26,1.7469713e-11,1.8207291e-10
490000,328,139,0,-2.7466256e-13,1.2476061e-11,3.891328e-16,2.5828613e-25,1.8284625e-16,1.9859114e-11
490000,235,136,0,-1.3903691e-13,2.3916942e-13,2.8506233e-21,1.2030169e-35,1.5207913e-29,1.2739557e-12
490000,247,200,0,-3.3067018e-14,1.019201e-14,1.1675715e-19,1.0830164e-32,3.17086e-39,1.11315186e-13
490000,293,318,0,-1.2907218e-13,2.5623642e-11,9.793615e-11,5.5095325e-12,2.688285e-10,1.2407084e-11
490000,454,207,0,1.7697262e-11,3.9738927e-11,2.3778297e-11,4.9653644e-14,1.0628195e-15,1.4709904e-10
490000,264,222,0,-2.0782263e-15,4.804528e-20,1.897384e-34,0.0,0.0,1.726066e-33
490000,284,475,0,-5.3656943e-13,2.8846573e-11,1.7032994e-21,3.4851849e-31,2.5999282e-19,2.1664275e-11
490000,158,125,0,9.343397e-13,1.595501e-11,2.5341943e-20,1.6812695e-34,2.8036635e-21,2.5654657e-11
490000,230,294,0,-1.0117278e-14,7.62569e-18,0.0,0.0,0.0,4.901834e-18
490000,488,73,0,-1.4550385e-12,5.6640966e-11,2.3125967e-15,3.417745e-23,1.1849658e-15,2.935951e-10
490000,396,296,0,-3.466019e-13,1.2618172e-11,4.9116323e-22,3.626784e-38,3.6963147e-21,2.2003253e-11
490000,282,21,0,-9.049281e-13,1.6066137e-10,1.551885e-16,1.8464865e-25,8.9688215e-11,2.0484947e-10
490000,459,249,0,1.8641542e-12,3.3049962e-11,4.92767e-11,2.986552e-13,1.7241349e-14,9.9111405e-12
490000,269,30,0,-5.381914e-13,1.7135978e-11,6.44696e-13,1.7879373e-17,1.4526469e-15,2.2415216e-11
490000,405,133,0,1.8149071e-12,4.9551413e-12,2.285412e-17,7.0503904e-28,1.6978553e-25,8.3348405e-11
490000,379,24,0,-8.103528e-13,1.9756145e-11,2.1997595e-14,3.194734e-20,2.1212659e-16,3.5604228e-11
490000,210,150,0,-3.126351e-13,2.1865728e-11,1.6442365e-17,2.3412962e-28,2.383506e-18,2.827164e-13
490000,270,277,0,-2.9027758e-16,1.1053245e-23,2.1158008e-37,0.0,0.0,2.6061604e-11
490000,269,191,0,-2.4019879e-14,6.4962647e-16,4.2178548e-16,1.681632e-23,7.518543e-29,4.051083e-18
490000,249,49,0,-6.447048e-13,3.2928774e-11,3.2216859e-18,7.488859e-28,1.0473457e-16,7.822137e-11
490000,71,44,0,-1.0684986e-12,4.404406e-11,4.95512e-13,4.9969944e-18,4.822846e-14,1.1025901e-10
490000,470,107,0,-1.1075024e-12,6.496386e-11,1.795542e-12,6.1128025e-17,5.686655e-14,1.6084074e-10
490000,367,365,0,1.8295544e-11,9.416238e-11,5.105914e-16,3.2748342e-24,2.775225e-10,3.793578e-12
490000,164,478,0,-5.49818e-13,1.9300284e-11,5.96379e-12,7.7665645e-15,7.82138e-17,8.682101e-11
490000,278,239,0,-7.934539e-17,1.311395e-26,1.1006e-41,0.0,0.0,2.438859e-19
490000,177,463,0,-5.562044e-13,2.0011904e-11,3.6331335e-15,1.0289285e-22,1.6074954e-15,3.0586662e-09
490000,123,460,0,-8.275237e-13,3.4753294e-11,9.80232e-17,2.4898168e-25,2.1322818e-16,3.1479632e-09
490000,160,203,0,-1.2824436e-14,1.9626726e-17,1.0198878e-22,5.071767e-39,3.781e-42,3.0145664e-09
490000,168,183,0,-1.4411234e-13,6.0815498e-12,7.831291e-27,1.3374e-41,3.506614e-22,3.0803866e-09
490000,102,341,0,-6.3215346e-13,4.366348e-11,4.8181416e-20,1.0401015e-33,1.9178262e-15,3.0029135e-09
490000,215,205,0,-4.529628e-14,3.0999293e-15,0.0,0.0,1.7668551e-31,9.264493e-11
490000,177,218,0,-4.4407765e-15,2.2571916e-18,1.5374778e-28,0.0,0.0,3.2153948e-09
490000,214,295,0,-8.2935476e-14,7.0242493e-13,1.463e-42,0.0,9.221971e-31,1.2007724e-12
490000,86,371,0,3.8843886e-10,5.401401e-11,9.916662e-19,3.340045e-31,1.1221888e-14,5.829564e-11
490000,200,295,0,-8.454913e-14,2.0334377e-13,9.3887117e-29,0.0,5.5497636e-36,3.8079807e-11
490000,280,351,0,-5.87014e-14,7.4145226e-13,4.093575e-16,1.0468337e-24,1.0027354e-28,1.3218606e-11
490000,184,238,0,-4.5096974e-15,1.3972809e-18,9.232742e-18,7.090742e-27,1.6295862e-33,1.454154e-10
490000,302,436,0,-2.4823917e-13,2.8286174e-11,9.59796e-19,3.295673e-30,7.226528e-14,4.227196e-11
490000,402,439,0,6.917287e-13,4.8679935e-11,1.983819e-13,1.284604e-19,3.5968974e-16,1.5874574e-10
490000,461,118,0,-1.1694202e-12,4.354932e-11,2.6523445e-12,4.624322e-16,2.048827e-18,1.3326112e-10
490000,3,296,0,-3.4022722e-13,2.0791016e-12,3.0401354e-14,2.3153417e-20,2.653413e-24,4.8968024e-10
490000,369,221,0,-6.487537e-13,5.2328777e-11,6.967638e-14,3.698277e-20,4.2769675e-14,1.4407076e-12
490000,347,375,0,1.6311254e-11,2.270089e-11,1.5924487e-11,1.9553239e-14,6.141617e-14,9.231476e-12
490000,450,84,0,-1.4531032e-12,6.74603e-11,2.9557645e-17,1.6612887e-26,1.6707337e-11,3.8301518e-11
490000,363,96,0,-1.2007553e-13,1.077047e-13,5.295171e-22,1.8738696e-36,3.787498e-36,8.2590684e-11
490000,422,120,0,1.8657988e-11,5.0352958e-11,1.569551e-11,9.132006e-14,8.605331e-15,1.8101607e-11
490000,401,232,0,2.2136936e-12,7.59024e-12,3.2815995e-19,6.992729e-32,4.7320154e-19,3.300578e-11
490000,75,69,0,-6.453331e-13,6.334561e-11,1.5345083e-13,1.9685238e-19,4.227282e-14,1.2754561e-10
490000,455,294,0,-4.905491e-13,3.2941674e-11,9.881979e-18,3.6225209e-28,2.6023467e-15,1.4185926e-10
490000,289,368,0,-1.7518234e-14,7.670279e-18,8.066041e-17,1.7571885e-25,5.519826e-32,9.384655e-12
490000,184,288,0,-4.8395285e-14,1.0451412e-12,2.8506233e-21,1.2030169e-35,1.636721e-27,3.4031957e-13
490000,494,348,0,-5.3565854e-13,7.808912e-11,1.4464369e-16,5.405637e-26,1.5393464e-10,2.0219729e-10
490000,306,367,0,-1.7504409e-13,2.293044e-12,1.6040612e-14,1.8600962e-20,8.479891e-25,2.1405928e-12
490000,64,261,0,-3.3016108e-14,5.174796e-16,7.1753874e-11,1.1043403e-12,8.9285e-14,1.2085703e-10
490000,376,236,0,-2.423501e-13,2.1767421e-13,3.4167134e-23,3.090564e-39,7.1757587e-31,6.0884986e-12
490000,412,177,0,1.647098e-11,1.062486e-10,1.1170427e-22,1.3624405e-37,6.692296e-15,1.977651e-10
490000,394,396,0,2.9214766e-12,4.2094786e-11,7.1882535e-16,5.4911984e-24,2.1451097e-16,2.5579763e-10
490000,350,15,0,-7.570384e-13,1.1252681e-10,2.887281e-11,1.479228e-13,2.2101314e-10,4.0429247e-11
490000,48,404,0,-7.731818e-13,3.3594807e-11,1.9227029e-17,1.2676744e-28,4.913415e-17,1.5356093e-09
490000,333,108,0,-5.446178e-13,4.3999752e-11,6.5895656e-13,6.144002e-18,4.721262e-13,5.225063e-11
490000,80,361,0,5.1161086e-11,2.237191e-11,5.6214845e-16,3.2907918e-24,7.3052466e-19,3.0161451e-09
490000,309,409,0,-1.0881305e-13,3.335502e-12,6.137405e-12,1.7126252e-15,1.758204e-18,3.1800276e-09
490000,314,11,0,-5.581553e-13,2.2229198e-11,1.346187e-15,1.13938415e-23,3.3326626e-19,3.0526282e-09
490000,388,184,0,-1.1267667e-11,2.2742914e-09,1.5955514e-18,1.304446e-28,4.1188084e-09,1.23053035e-11
490000,284,249,0,-2.102132e-15,5.131132e-20,4.882e-42,0.0,0.0,9.112311e-14
490000,383,359,0,3.708104e-13,2.780891e-11,1.865576e-20,1.5560924e-33,1.6778456e-15,1.876289e-11
490000,407,212,0,1.801387e-11,2.6557662e-12,6.476931e-21,5.5878116e-33,3.2861265e-24,6.214699e-12
490000,461,41,0,-1.173574e-12,6.8529536e-11,8.282071e-15,3.0032662e-21,1.4187862e-11,1.0806983e-10
490000,420,303,0,-1.3984015e-13,2.655055e-12,9.9829324e-14,7.6225557e-19,1.6737811e-22,3.0114817e-12
490000,191,347,0,-1.0998858e-13,5.1333487e-13,4.7278424e-34,0.0,9.840879e-32,5.705263e-12
490000,51,266,0,-8.840551e-14,4.6947786e-13,1.0926271e-14,2.4672032e-22,1.4718359e-28,4.4652784e-10
490000,54,465,0,-1.8744763e-12,1.32623e-10,3.7828986e-11,6.2939915e-13,2.8637116e-13,2.5987382e-10
490000,37,253,0,-1.3324812e-13,2.648057e-13,5.6019954e-20,9.913475e-28,8.2689636e-33,3.170916e-11
490000,111,309,0,-2.4823652e-13,1.547321e-11,1.8732757e-11,3.477164e-14,1.7385391e-15,5.0748203e-12
490000,397,284,0,-3.2099014e-13,1.8449088e-11,7.3649606e-31,0.0,4.241319e-17,4.6856286e-12
490000,325,120,0,-5.106338e-13,3.2998507e-11,4.1803735e-13,4.6436443e-18,9.380388e-17,1.8095378e-10
490000,80,342,0,-4.8312103e-14,1.770984e-11,3.3310655e-22,6.1590324e-38,3.685609e-17,3.5499093e-11
490000,222,477,0,-7.316736e-13,4.4280656e-11,1.7303671e-16,1.1703479e-24,1.6633884e-14,3.013747e-09
490000,76,119,0,-7.9471564e-13,3.7114815e-11,1.233187e-13,1.8101888e-18,3.4311306e-14,3.1673835e-09
490000,8,109,0,-1.4630623e-12,5.120155e-11,1.9722856e-13,1.087884e-19,6.0426842e-18,3.1017806e-09
490000,353,23,0,-8.2691926e-13,4.195962e-11,2.7133369e-14,8.912235e-20,6.739115e-13,3.1188214e-09
490000,401,54,0,-9.122761e-13,2.9299833e-11,1.325464e-14,6.0334743e-22,3.67264e-18,3.0129685e-09
490000,473,126,0,-9.511808e-13,1.23762224e-11,4.6113694e-12,1.625881e-15,8.353933e-18,3.2982568e-09
490000,250,331,0,-1.35879e-14,8.980528e-18,1.9892725e-37,0.0,6.7e-44,3.0126084e-09
490000,244,479,0,-4.5526007e-13,3.566666e-11,3.7699539e-16,1.8796576e-25,2.7704933e-10,3.0395406e-09
490000,375,174,0,-5.878748e-13,2.624178e-11,1.8939699e-29,0.0,5.183643e-18,2.9954907e-09
490000,189,339,0,-7.000318e-14,3.670302e-15,1.280843e-39,0.0,8e-45,2.9975251e-09
490000,141,410,0,-2.1726392e-13,1.4920676e-11,2.656629e-13,4.7085654e-19,3.1820533e-17,1.3570312e-11
490000,25,160,0,-8.067034e-13,9.3509096e-11,6.8779704e-11,3.5248566e-12,1.42981686e-11,3.3801524e-09
490000,479,468,0,-1.2319158e-11,2.3474098e-09,4.448594e-12,1.8173242e-15,4.1192e-09,1.3226172e-10
490000,259,155,0,-5.6027083e-15,4.120101e-20,4.33762e-40,0.0,0.0,5.1207523e-12
490000,321,485,0,-2.922846e-13,2.0782326e-12,3.825714e-11,1.2824193e-13,2.819549e-15,4.1677266e-11
490000,142,126,0,2.9836425e-11,2.0688285e-14,1.6590619e-32,0.0,1.8600745e-38,1.4393321e-10
490000,415,426,0,-1.1477746e-12,5.3042445e-11,1.5108929e-13,2.8809222e-19,3.610937e-15,1.6627343e-10
490000,402,107,0,2.6730224e-10,2.7749464e-11,1.1657953e-17,5.477129e-27,6.7432547e-16,3.589444e-11
490000,47,228,0,-9.5141654e-14,4.9152072e-14,2.2127505e-11,1.0233437e-13,1.2002715e-15,2.1534581e-11
490000,214,136,0,-3.9621567e-13,1.45190015e-11,4.7111397e-15,4.0764166e-23,4.1231973e-19,2.5461674e-11
490000,18,21,0,-2.0480473e-12,2.0195447e-10,8.895084e-12,3.3881883e-15,2.803482e-10,4.789808e-11
490000,466,143,0,-8.2027196e-13,3.4740842e-11,1.3963948e-12,2.5269658e-16,3.8988556e-16,8.782641e-11
490000,406,254,0,-4.7262297e-13,4.3912898e-11,2.2167279e-12,3.5603646e-16,9.531048e-16,2.6808047e-11
490000,178,269,0,-5.550622e-15,6.309246e-18,8.094802e-26,2.87e-43,0.0,4.3438838e-12
490000,287,328,0,-8.578583e-14,6.705071e-13,5.003107e-20,3.14671e-32,5.897773e-32,1.479359e-10
490000,193,339,0,-8.6534885e-14,2.7778578e-14,5.9519383e-37,0.0,1.5519002e-38,8.4128204e-11
490000,155,79,0,-5.282809e-13,6.2662625e-11,3.982695e-11,9.436579e-14,3.230465e-11,2.9863393e-11
490000,70,258,0,-7.0215846e-14,1.01744087e-13,8.521863e-15,1.6854456e-22,2.0849947e-28,3.2457008e-09
490000,443,26,0,-1.1034826e-12,1.15960054e-10,7.357215e-12,7.802272e-15,2.6749464e-10,3.333559e-09
490000,116,150,0,2.7224601e-11,2.3915207e-11,7.533808e-30,0.0,4.469924e-16,2.9925815e-09
490000,38,48,0,-1.3444465e-12,1.0575195e-10,8.749869e-11,7.529963e-12,3.4516407e-11,3.21807e-09
490000,57,214,0,-2.6390698e-13,3.3855711e-12,5.696327e-16,1.3272812e-24,3.3228394e-25,1.0251619e-10
490000,392,228,0,1.9990947e-13,5.827344e-14,4.5569578e-21,1.1991078e-33,8.50716e-40,3.0182736e-09
490000,313,18,0,-8.8604173e-13,6.0308765e-11,1.4209257e-11,3.9267343e-14,5.051997e-16,3.272017e-09
490000,318,392,0,-4.57126e-13,4.6885076e-11,3.0192994e-18,5.0446135e-30,1.0381638e-13,3.0264613e-09
490000,243,487,0,-4.462672e-13,3.0458743e-11,4.0557015e-16,7.8327064e-25,2.107236e-15,3.0632805e-09
490000,497,490,0,-1.6187494e-13,1.8293205e-11,3.161265e-11,3.453054e-13,5.961429e-14,3.0282519e-09
490000,319,87,0,-6.5484776e-13,4.7400923e-11,6.908108e-29,0.0,7.227155e-14,1.5178414e-10
490000,301,185,0,-4.5197617e-14,1.8667808e-15,4.0550714e-20,4.132196e-31,6.90389e-39,1.8870792e-13
490000,434,119,0,6.5286193e-13,8.3596546e-11,1.7341903e-12,4.042078e-16,5.5470186e-12,3.0085434e-09
490000,458,69,0,-1.232001e-12,1.1934947e-10,1.1404882e-11,9.0546916e-15,2.465049e-10,3.181458e-09
490000,489,9,0,-1.1383529e-12,3.92191e-11,5.8651937e-12,4.072036e-16,6.6821205e-18,1.0015121e-10
490000,434,18,0,-8.0539514e-13,3.9767124e-11,2.2638902e-14,4.048763e-21,1.7385428e-16,7.4400174e-11
490000,470,9,0,-1.3454577e-12,6.962956e-11,1.9303436e-13,7.2221517e-19,4.5659684e-13,4.3791396e-10
490000,79,56,0,-5.961872e-13,2.7752986e-11,1.1501635e-12,2.2621936e-17,6.6437395e-14,1.9566666e-10
490000,413,322,0,-1.7365724e-13,2.750263e-11,3.8123457e-13,1.435051e-17,3.0845183e-14,3.021271e-09
490000,434,65,0,-9.343973e-13,6.130946e-11,1.9946342e-16,2.5051306e-25,6.7391275e-13,3.2416465e-09
490000,101,53,0,-7.649469e-13,2.1458068e-11,1.7381395e-16,4.7908305e-26,3.056186e-17,3.0429061e-09
490000,368,350,0,-1.6379747e-13,3.6832523e-11,1.772017e-11,2.8007602e-14,2.3660584e-16,2.9930711e-09
490000,206,55,0,-8.862454e-13,5.582809e-11,1.2767807e-17,1.6256221e-28,2.8553716e-17,2.9927079e-09
490000,413,468,0,-9.451334e-13,3.634482e-11,7.581965e-14,3.4012956e-19,1.309384e-15,3.1737384e-09
490000,417,315,0,-1.9589927e-13,1.5629669e-12,4.3203067e-12,5.2964965e-16,4.1159662e-19,3.1102008e-09
490000,181,487,0,-7.0563016e-13,3.2403778e-11,1.4715702e-14,9.609434e-21,3.0459554e-16,3.0783303e-09
490000,47,6,0,-7.560379e-13,1.6272375e-10,1.5936556e-11,1.9553244e-14,2.5621434e-09,3.0477683e-09
490000,453,486,0,-9.969236e-13,7.603243e-11,1.6740832e-13,1.4939741e-19,2.4373684e-11,3.0339808e-09
490000,267,429,0,-6.9346343e-14,5.417893e-14,3.4127188e-14,2.6055137e-21,4.665764e-27,3.0689762e-09
490000,140,279,0,-1.148318e-13,3.107784e-12,4.0263787e-35,0.0,8.13751e-23,3.0050367e-09
490000,50,252,0,-7.28837e-14,7.77308e-13,1.2486819e-22,2.808491e-39,1.22077424e-29,2.9974474e-09
490000,411,93,0,1.023098e-10,3.7652936e-11,1.0763871e-12,3.0858816e-17,4.5514846e-17,3.110798e-09
490000,239,91,0,-4.5390447e-13,2.6838901e-11,2.1407997e-12,9.275747e-17,3.431133e-14,3.0329443e-09
490000,321,10,0,-6.1226425e-13,5.5692742e-11,1.5298717e-15,8.4663903e-23,2.1506653e-10,3.0634146e-09
490000,185,476,0,-9.347192e-13,7.986638e-11,2.0716844e-15,1.734351e-22,3.1102603e-13,3.1741594e-09
490000,214,42,0,-8.9643565e-13,2.0984183e-11,9.160973e-17,6.2373167e-27,4.8294704e-18,3.2458958e-09
490000,149,107,0,6.9988117e-14,6.401978e-15,7.237054e-30,0.0,1.3e-44,3.000332e-09
490000,48,154,0,-9.752869e-13,1.05937134e-10,1.3236207e-11,2.8352512e-14,2.9441776e-09,3.0158032e-09
490000,463,153,0,-6.2349475e-13,7.615552e-11,3.127373e-12,2.5280514e-16,9.666051e-12,3.0616427e-09
490000,415,14,0,-6.097521e-13,9.815174e-12,6.1387087e-14,7.780697e-20,3.0119282e-21,3.3862328e-09
490000,278,339,0,-5.877708e-14,2.3968246e-13,2.6417267e-12,4.806808e-15,1.9243846e-16,3.0783998e-09
490000,36,372,0,-9.100202e-13,1.191763e-10,6.594386e-16,1.0854874e-24,5.060621e-10,3.0543703e-09
490000,455,414,0,-1.1954987e-12,8.125265e-11,5.7425068e-11,4.1200984e-13,1.6457995e-13,3.4701069e-09
490000,348,202,0,-2.2277835e-13,4.8874065e-12,6.5817986e-16,1.2270437e-24,1.1456273e-21,2.9984035e-09
490000,126,186,0,-2.1767923e-13,1.4946608e-12,4.1498562e-12,3.3048469e-15,2.512713e-17,2.9978824e-09
490000,139,91,0,-4.6322885e-13,1.6712702e-11,1.3865919e-19,1.9705793e-32,1.7914808e-14,2.989572e-09
490000,121,469,0,-1.0412825e-12,7.6001e-11,7.9036676e-16,3.0335165e-25,7.939549e-14,1.6309079e-10
490000,457,10,0,-1.2704096e-12,7.014693e-11,5.259561e-13,1.2000941e-17,1.5693696e-11,3.199375e-09
490000,25,164,0,-7.073507e-13,7.6219975e-11,1.9066028e-11,4.0027863e-14,2.3750657e-10,3.1364737e-09
490000,356,490,0,-2.762861e-13,1.2404265e-11,3.7708687e-11,8.3376367e-13,7.985849e-14,3.1922576e-09
490000,341,47,0,-7.878063e-13,3.2699198e-11,9.099065e-16,2.7944335e-24,1.5239458e-16,3.062487e-09
490000,219,286,0,-1.486261e-14,3.7035033e-17,0.0,0.0,0.0,3.6084601e-16
490000,453,308,0,-4.726124e-13,4.5752572e-11,4.600691e-13,1.3578867e-18,6.759495e-12,1.4033431e-10
490000,327,96,0,-7.030762e-13,4.2369087e-11,3.884125e-21,2.8886168e-31,2.6148756e-15,1.4325543e-11
490000,323,68,0,-7.219413e-13,1.904738e-11,3.974931e-15,3.0706865e-23,1.4326258e-18,5.8569254e-11
490000,185,364,0,-5.080176e-13,2.8141742e-11,5.3047597e-25,1.4903e-41,4.726758e-17,1.1534498e-13
490000,203,234,0,-3.2062325e-14,2.297588e-14,1.7203872e-21,8.7534906e-33,3.412952e-32,5.4007285e-11
490000,398,213,0,2.0353651e-12,2.1723168e-11,4.5126815e-14,3.3157134e-20,3.3953045e-14,4.0821413e-13
490000,239,198,0,-6.268984e-14,3.2986683e-13,5.1847533e-25,2.517e-42,2.4706116e-28,1.44277e-10
490000,234,296,0,-6.1786967e-15,5.1094667e-19,0.0,0.0,0.0,2.5160469e-20
490000,339,132,0,-3.8761816e-13,4.6152123e-12,5.0554286e-19,4.7970255e-31,2.7685436e-22,2.65125e-11
490000,163,376,0,-3.3151455e-13,1.0907686e-11,1.269323e-18,9.7971166e-29,4.732018e-19,7.104336e-11
490000,380,41,0,-1.0277361e-12,4.2260508e-11,1.4144225e-10,1.479881e-11,4.4977676e-12,1.8673563e-10
490000,258,390,0,1.12735266e-10,2.013328e-12,3.5789735e-18,9.258827e-30,5.924621e-27,2.3663136e-11
490000,85,258,0,-1.448866e-13,1.2067238e-12,5.7008356e-12,3.7147515e-15,1.17525706e-17,7.707239e-11
490000,260,349,0,-1.2117155e-13,1.11971725e-11,4.5517113e-32,0.0,3.01795e-19,3.876046e-11
490000,332,81,0,-9.654373e-13,5.5718624e-11,1.2054659e-29,0.0,1.1396078e-14,5.9554195e-13
490000,200,153,0,-4.001096e-13,2.5126833e-11,3.543622e-27,0.0,9.941587e-18,5.694241e-11
490000,353,233,0,-4.5117374e-13,3.3798738e-11,7.3516576e-19,1.0694742e-30,1.3691037e-11,5.6923915e-13
490000,313,168,0,-3.3857156e-13,1.6530615e-11,1.3870061e-33,0.0,3.2932943e-18,3.6597846e-11
490000,213,69,0,-7.441557e-13,2.067674e-11,4.329168e-23,6.211771e-39,3.173796e-18,5.6584157e-11
490000,415,60,0,-9.873969e-13,6.4692286e-11,5.422728e-14,1.29432505e-20,6.3799737e-15,4.441961e-10
490000,263,83,0,4.642874e-12,2.7471076e-11,8.802003e-12,2.7941546e-15,7.652451e-14,6.460617e-11
490000,454,124,0,-1.2552464e-12,4.1840836e-11,2.2960849e-14,3.148426e-20,8.494266e-14,3.0323661e-09
490000,295,49,0,5.3614778e-12,5.7038884e-11,2.9450952e-11,1.626203e-13,6.305207e-13,3.0322354e-09
490000,409,427,0,2.0210241e-13,2.4587025e-11,1.1415207e-11,3.451505e-14,9.165668e-16,3.4512697e-09
490000,124,449,0,-5.3017546e-13,1.5366665e-11,2.4646143e-10,6.080832e-11,5.6212545e-11,3.0220664e-09
490000,216,498,0,-4.281944e-13,4.633399e-13,7.649364e-18,4.0990337e-24,1.4802729e-28,1.5648169e-10
490000,18,3,0,-7.142659e-13,1.1324932e-10,1.4716499e-11,4.550106e-14,1.5485274e-10,3.246956e-09
490000,415,431,0,-1.2922377e-12,7.381582e-11,1.5837473e-12,4.5344714e-17,9.326858e-14,3.1014773e-09
490000,170,201,0,-2.6001001e-14,1.3991713e-14,2.8866243e-31,0.0,4.0374926e-38,3.01464e-09
490000,207,82,0,-5.386733e-13,8.081963e-12,3.462503e-09,7.191878e-10,1.1532664e-09,2.09704e-11
490000,46,150,0,-1.0100814e-12,8.165698e-11,4.546861e-12,4.3471695e-16,1.6053228e-11,3.0732945e-09
490000,45,90,0,-5.099672e-13,1.9236267e-11,1.5453413e-14,1.1241923e-21,4.286684e-15,3.3091618e-09
490000,438,360,0,-5.3655675e-13,2.1786087e-11,6.958264e-11,9.8606e-13,6.861214e-14,1.0661444e-10
490000,441,457,0,-1.4003963e-12,4.9674327e-11,3.246678e-11,3.8843028e-13,1.4566644e-14,1.4048047e-10
490000,438,120,0,-8.444141e-13,1.3278119e-10,7.813225e-16,8.2598967e-22,7.873784e-13,7.7026635e-11
490000,24,347,0,-8.5707174e-13,9.131369e-11,1.7046146e-11,1.007982e-13,2.3696827e-13,3.1543066e-09
490000,478,43,0,-1.5853115e-12,1.1031332e-10,1.6690593e-10,9.966703e-12,4.0157374e-12,3.1995542e-09
490000,453,396,0,-1.3391431e-12,9.066785e-11,5.841509e-12,1.2354579e-15,7.124982e-14,1.6902796e-10
490000,20,151,0,-9.007627e-13,4.6430162e-11,2.2262139e-13,2.7779448e-18,1.2706699e-11,3.0318712e-09
490000,450,9,0,-1.0739766e-12,2.111078e-11,6.9734905e-11,9.57139e-12,3.8340095e-12,3.1321694e-09
490000,50,459,0,-2.0594752e-12,1.994952e-10,1.4814208e-12,4.341526e-17,4.4262875e-12,3.1321215e-09
490000,241,488,0,-4.811123e-13,3.410177e-11,6.685842e-18,1.139361e-28,1.2363161e-14,8.054839e-11
490000,119,142,0,8.597026e-11,2.574121e-11,5.98472e-39,0.0,1.1418622e-16,3.014199e-09
490000,241,149,0,-3.265459e-14,1.5984801e-14,5.767516e-26,6.3e-44,6.7e-43,6.136538e-13
490000,497,24,0,-1.5961571e-12,1.02492154e-10,1.9331456e-15,8.810437e-23,1.6869705e-14,3.0895553e-09
490000,465,382,0,-1.2532872e-12,5.2304147e-11,1.1876436e-18,6.9720738e-31,9.422554e-16,3.1124339e-09
490000,14,327,0,-8.045405e-13,4.2179e-11,1.1628456e-15,9.386282e-25,4.434217e-14,3.0996623e-09
490000,41,81,0,-5.7565167e-13,6.2885135e-11,6.75226e-11,2.4052674e-12,1.5716485e-11,3.1737946e-09
490000,427,286,0,-2.3689533e-13,1.2157616e-13,3.7628496e-16,1.8795984e-25,1.2017178e-32,1.1650939e-10
490000,103,43,0,-1.1369609e-12,1.4631912e-10,5.401967e-16,1.9402955e-24,1.9439134e-11,3.6794855e-11
490000,400,493,0,-1.1271046e-12,4.1984183e-11,1.0373258e-11,7.551067e-15,1.7937845e-14,3.2798884e-09
490000,358,15,0,-7.898429e-13,2.7591643e-11,5.064459e-15,3.502486e-22,1.4774974e-17,3.4389672e-10
490000,54,156,0,-9.348282e-13,6.490454e-11,5.2546976e-14,1.0091456e-19,1.0228502e-13,7.0545444e-11
490000,459,309,0,-4.9436827e-13,2.7433285e-11,3.606151e-11,1.3664095e-12,1.7918418e-13,3.0281042e-09
490000,200,489,0,-7.836799e-13,4.938206e-11,2.446647e-17,1.5014645e-25,1.2938011e-14,3.0932608e-09
490000,496,157,0,-4.871971e-13,8.406148e-12,4.1702868e-16,9.036377e-25,5.4414893e-23,3.2127443e-09
490000,448,370,0,-9.295502e-13,9.304365e-11,1.6137407e-17,1.7091852e-26,2.7394243e-11,1.04629326e-10
490000,81,383,0,2.4959318e-10,1.0531855e-10,2.002446e-15,2.7685834e-23,1.6053584e-11,3.1892318e-09
490000,326,406,0,-2.9733141e-13,5.028145e-12,1.4914759e-16,5.108046e-25,1.0281838e-24,2.155159e-11
490000,459,161,0,-2.3166048e-13,4.4809764e-11,3.482802e-16,1.2972452e-23,1.0782307e-11,2.9911715e-09
490000,475,446,0,-1.240006e-12,2.1346156e-11,4.1419106e-13,6.505683e-18,3.6110594e-21,3.3151482e-09
490000,434,489,0,-7.331108e-13,3.2376327e-11,3.712443e-12,2.6240064e-15,1.4276024e-14,3.3255096e-09
490000,435,244,0,1.83779e-11,1.682534e-11,2.0063521e-16,9.2131564e-26,4.4617237e-18,3.1438285e-09
490000,22,428,0,-8.943099e-13,2.760906e-11,5.2788134e-13,2.9106651e-18,4.1050385e-21,2.447602e-10
490000,95,414,0,-8.380278e-13,5.4417446e-11,9.677879e-15,1.3842875e-21,7.6563785e-17,3.0970002e-09
490000,481,492,0,-8.187569e-13,1.0791426e-10,8.943016e-15,7.1088757e-22,1.524903e-11,3.189526e-09
490000,421,413,0,-1.2895146e-12,3.627866e-11,2.358265e-12,4.539409e-16,1.6565947e-16,3.0144713e-09
490000,11,137,0,-7.3621903e-13,3.1050967e-11,9.545068e-13,6.5689882e-18,2.6768702e-18,3.100267e-09
490000,277,12,0,-4.19785e-13,2.287319e-11,3.9663653e-14,2.6652706e-20,2.6148028e-15,3.097868e-09
490000,404,465,0,-7.9149653e-13,3.104019e-11,3.5178926e-10,2.119833e-11,1.0757973e-11,2.0879024e-10
490000,497,34,0,-1.8762505e-12,1.0226372e-10,4.3671863e-14,1.0501855e-18,2.5704328e-10,3.2393603e-09
490000,74,440,0,-1.1102985e-12,7.400545e-11,4.8293114e-12,2.2658345e-15,2.2593255e-12,3.255007e-09
490000,238,54,0,-9.143054e-13,6.698246e-11,2.8793967e-16,3.9552638e-25,3.3748256e-14,3.0659486e-09
490000,90,361,0,4.4614798e-11,3.4557787e-11,4.762911e-14,1.0319198e-20,2.4163438e-10,2.988905e-09
490000,404,81,0,5.803359e-12,2.20928e-11,3.8818417e-13,2.1930576e-18,2.3081863e-18,3.0181215e-09
490000,297,80,0,7.616167e-11,2.3270972e-11,9.06167e-16,3.2561253e-24,2.3459587e-19,2.0967142e-10
490000,123,195,0,-8.452767e-14,3.3542486e-13,6.1189925e-17,9.898394e-27,1.4848302e-33,3.8610243e-12
490000,20,210,0,-7.559969e-13,5.9292224e-11,4.8254382e-12,2.399854e-16,1.6185071e-16,3.0475358e-09
490000,377,392,0,7.468591e-11,2.3536431e-11,3.2181518e-11,3.6664297e-13,1.3191389e-14,2.8371835e-10
490000,435,414,0,-1.2993536e-12,3.093881e-11,2.300534e-11,8.3093485e-14,8.989847e-16,3.0352758e-09
490000,459,280,0,-6.600384e-13,7.667293e-11,3.4393105e-14,2.9683347e-20,2.056879e-11,3.0124097e-09
490000,490,6,0,-1.1721624e-12,6.446952e-11,1.01721635e-11,4.057168e-15,6.402288e-13,3.0781846e-09
490000,466,174,0,-4.6360897e-13,8.0683196e-11,9.439781e-13,2.2874375e-17,3.9365015e-13,2.5198915e-10
490000,211,439,0,-4.9085264e-13,9.052876e-11,3.1148733e-11,6.765334e-14,1.0632027e-11,3.0076655e-09
490000,459,117,0,-1.1840526e-12,3.4441394e-11,1.7669957e-13,2.9620937e-19,1.6882203e-19,3.1527907e-09
490000,499,420,0,-8.9470613e-13,2.1391952e-11,4.433433e-15,3.5004412e-23,4.075399e-19,3.4137855e-09
490000,418,105,0,1.9130339e-10,3.2213676e-11,1.9200887e-16,8.588905e-26,7.778439e-16,2.9926661e-09
490000,37,417,0,-8.0595464e-13,5.908451e-11,5.1514885e-13,6.8371685e-18,3.4875253e-14,6.7882776e-11
490000,216,483,0,-7.539409e-13,1.1019933e-10,1.2444782e-15,2.8805122e-24,1.8387936e-10,3.0323783e-09
490000,118,84,0,-6.12582e-13,6.77943e-11,3.8809225e-13,6.6798855e-18,4.783834e-12,3.316737e-09
490000,404,192,0,1.2876177e-12,2.753685e-11,1.242963e-13,1.9330337e-19,1.2392771e-17,3.0928755e-09
490000,300,421,0,-6.4308496e-14,3.1926576e-14,5.4238033e-12,1.1153337e-15,1.0251092e-18,3.0168141e-09
490000,23,346,0,-8.907519e-13,8.780306e-11,3.4654548e-09,7.1918826e-10,1.1537862e-09,1.4057328e-10
490000,297,346,0,-6.763492e-14,6.2246595e-13,2.058201e-23,2.4344742e-36,3.4321934e-29,2.9896619e-09
490000,481,97,0,-1.1422759e-12,2.6225458e-11,1.4985053e-11,1.7888838e-14,1.4352031e-16,1.7896806e-10
490000,160,476,0,-5.997831e-13,2.6104403e-11,8.645729e-14,3.016695e-20,1.8912537e-15,3.0313612e-09
490000,213,446,0,-4.633799e-13,2.8486625e-11,2.2465146e-12,6.484811e-17,1.265691e-16,3.0831837e-09
490000,63,111,0,-6.8229884e-13,2.8352399e-11,2.9666124e-11,1.07965665e-13,1.3513032e-15,3.0569387e-09
490000,123,3,0,-7.293867e-13,6.411878e-11,1.5534217e-10,2.1960161e-11,1.7452869e-11,1.6228952e-10
490000,489,391,0,-1.2851556e-12,4.81992e-11,1.6412143e-17,3.674617e-27,1.7133398e-12,3.0199436e-09
490000,301,21,0,-8.827594e-13,5.259999e-11,9.3323495e-11,2.2014122e-12,6.723108e-13,1.1107145e-10
490000,82,410,0,-2.719707e-13,1.5064667e-11,6.7310177e-13,2.0279823e-17,1.8204313e-19,3.042331e-09
490000,140,413,0,-2.1381792e-13,2.293043e-11,6.033966e-12,4.438139e-15,2.806087e-14,2.3804023e-11
490000,411,138,0,-1.7702146e-13,2.5544553e-11,5.3516103e-16,1.1161789e-25,1.993922e-17,3.0064018e-09
490000,48,51,0,-1.2262652e-12,5.7584566e-11,4.1364187e-14,3.6760024e-21,6.208996e-17,3.0590055e-09
490000,224,67,0,-9.921752e-13,6.534296e-11,2.5535276e-20,9.911737e-33,7.5737265e-15,3.0697813e-09
490000,63,342,0,-4.4899186e-13,2.4262255e-11,2.7434218e-15,1.1854364e-22,1.8584398e-16,3.029681e-09
490000,490,58,0,-1.7630439e-12,7.5210116e-11,1.3174726e-15,1.7757707e-23,5.2131303e-14,3.0690872e-09
490000,480,454,0,-1.4003655e-12,1.5604734e-10,3.0636264e-18,9.316642e-27,8.72916e-13,3.1910705e-09
490000,418,216,0,2.120916e-10,2.1461619e-11,2.4239772e-14,1.6726994e-18,2.243664e-18,2.99426e-09
490000,296,350,0,-4.419766e-14,3.6387695e-14,1.3105763e-19,4.0664713e-30,9.5603385e-36,1.9061172e-12
490000,103,59,0,-6.7223966e-13,3.9440625e-12,1.7741054e-14,2.5220751e-21,2.1302192e-26,3.3727399e-09
